-0.2494883 -0.9263443 1.228876 -70.9643 -35.49481 -108.1129
-0.4701914 -0.04792628 1.49914 -9.193313 -26.43374 19.3833
-0.4682383 -0.04914698 1.551874 -5.826901 -24.68565 17.29169
-0.4689707 -0.05354151 1.577753 -2.811634 -22.61695 15.13902
-0.4601817 -0.05110011 1.59411 -0.07880914 -21.65511 13.82605
-0.4452891 -0.05207667 1.609247 2.150198 -19.98336 12.98635
-0.4294199 -0.07478175 1.612177 6.112031 -18.73145 11.08559
-0.424293 -0.05256495 1.614374 7.440275 -15.94519 9.589404
-0.4281992 -0.08967432 1.629755 12.56241 -14.83832 6.566504
-0.4145274 -0.05451807 1.635614 15.24944 -14.62458 6.337496
-0.4216074 -0.08552393 1.600702 15.66928 -13.38794 5.566504
-0.4206309 -0.04182276 1.649774 14.44791 -11.09786 4.34513
-0.4308848 -0.01692042 1.640985 10.58531 -9.754351 2.894748
-0.419166 -0.07185206 1.679315 12.29524 -12.95282 3.688641
-0.3793711 -0.1201919 1.691278 16.32577 -14.49481 4.696275
-0.3127207 -0.08332666 1.705927 13.74562 -11.01389 4.329863
-0.2782969 -0.09602198 1.708368 10.58531 -7.403206 4.497802
-0.2880625 -0.02131495 1.743524 4.348672 -3.746718 5.161924
-0.229957 -0.08796534 1.701288 -0.6436948 -0.6932826 11.04742
-0.2778086 0.07609716 1.679804 -14.58263 9.848702 19.90238
-0.1286387 -0.247145 1.798944 -7.094076 17.21511 10.78788
-0.1762461 -0.06965479 1.909052 -8.391787 10.20748 12.97108
-0.1547617 -0.04597315 2.039179 -4.460489 1.138778 25.03215
-0.02927344 -0.299147 1.823603 13.29524 27.06244 19.57414
-0.0368418 -0.1328872 2.021845 26.81432 43.40596 -0.07471752
-0.1169199 0.2535874 2.304804 4.89829 35.98611 0.6657405
-0.09323828 0.015062 2.172724 6.073863 21.79527 0.5207024
-0.108375 0.08146826 2.225458 6.440275 23.68076 8.184824
0.006126955 0.1815659 2.226923 -1.384153 14.90977 25.95582
0.07350976 0.1322495 2.296259 -13.41469 18.10825 26.43673
0.3017812 -0.03986964 2.294794 4.768519 67.01664 -10.63197
0.2063223 0.01847997 2.326288 1.715084 68.47466 -10.14342
0.2068105 0.03898778 2.423212 12.59295 71.42885 -13.63197
0.3564687 -0.06062159 2.354853 20.95173 79.8487 -14.5709
0.235375 0.1298081 2.328974 6.577679 102.8487 -21.41059
0.3694082 0.03630224 2.475702 12.25707 106.5586 -20.90678
0.4897695 -0.01301417 2.382196 13.44791 120.2609 -18.37243
0.514916 0.1393296 2.43664 -5.491023 140.9556 -21.41059
0.4197011 0.1825425 2.644159 -9.246748 142.5586 -17.85334
0.7077871 0.07585302 2.6112 -8.48339 157.8945 -16.31899
0.7414785 0.1788804 2.609491 -23.69713 181.2991 -12.90678
0.8005606 0.2311265 2.680536 -33.19331 204.6426 -18.29609
0.8769766 0.2699448 2.670771 -40.98721 228.7724 -17.87625
0.8039785 0.2560288 2.711298 -43.33835 239.1006 -20.02892
0.9155508 0.2740952 2.802607 -40.28492 246.0243 -22.98311
0.9795156 0.3177964 2.848749 -40.47575 246.0243 -20.91441
1.045189 0.3444077 2.730585 -42.86507 246.0243 -20.28082
1.070092 0.3524643 2.666864 -40.26965 246.0243 -23.31136
1.192406 0.4440171 2.556269 -42.03301 246.0243 -21.72357
1.34768 0.4608628 2.392206 -43.83453 246.0243 -28.3877
1.36477 0.5145737 2.328241 -43.72766 246.0243 -33.58617
1.403588 0.555101 2.251093 -46.37652 246.0243 -37.44876
1.46975 0.5824448 2.155878 -47.91087 246.0243 -41.03655
1.511742 0.5956284 2.047235 -47.07117 246.0243 -47.44113
1.565453 0.6205307 1.93664 -45.34599 246.0243 -52.11288
1.611107 0.6268784 1.828485 -44.37652 246.0243 -59.78464
1.642357 0.6068588 1.741815 -43.49866 246.0243 -66.3877
1.604272 0.5790268 1.732782 -37.32308 246.0243 -75.04418
1.740746 0.6073471 1.59411 -34.13988 246.0243 -88.3877
1.791527 0.6156479 1.43786 -32.59026 246.0243 -106.2198
1.850854 0.6183334 1.293817 -26.20094 246.0243 -120.9297
1.911889 0.6017319 1.090448 -30.04064 246.0243 -125.2656
1.930199 0.7184311 1.103632 -34.04827 246.0243 -106.0976
1.90432 0.4796616 1.04455 -25.59789 246.0243 -114.8457
1.992943 0.4757554 0.9273623 -22.06354 246.0243 -121.5251
1.971459 0.4635483 0.8663272 -19.26965 246.0243 -126.6472
1.97683 0.4044663 0.6971377 -15.10934 246.0243 -133.09
1.921166 0.2892319 0.6890811 -0.5597252 246.0243 -141.4717
2.037133 0.2291733 0.3753604 9.112031 246.0243 -154.5709
1.784203 0.2645737 0.2469424 6.134931 246.0243 -162.9526
1.628441 0.1654526 0.07457912 10.69218 246.0243 -158.1129
1.634057 0.1945054 -0.06165135 16.41737 246.0243 -160.4793
1.672387 0.186937 -0.06165135 6.875389 246.0243 -169.7847
1.712182 0.126146 -0.06165135 -14.65133 246.0243 -173.4869
1.592553 -0.0008071363 -0.06165135 -26.97957 246.0243 -171.5022
1.540551 -0.115065 -0.06165135 -29.04827 246.0243 -173.8228
1.437768 -0.1878189 -0.06165135 -32.41468 246.0243 -172.1053
1.233422 -0.5769791 -0.06165135 -37.81163 246.0243 -154.2808
1.160668 -0.4700454 -0.06165135 -35.64369 246.0243 -149.4259
1.124535 -0.542067 -0.06165135 -41.69713 246.0243 -144.7159
1.101586 -0.6717056 -0.06165135 -34.36889 246.0243 -141.4946
1.086205 -0.6770767 -0.06165135 -34.65896 246.0243 -136.5175
0.865502 -0.729567 -0.06165135 -34.23911 246.0243 -130.8152
0.8232656 -0.7600845 -0.06165135 -37.84217 246.0243 -123.3114
0.7800527 -0.8140396 -0.06165135 -43.7811 246.0243 -115.3724
0.7341543 -1.031081 -0.06165135 -39.92614 246.0243 -108.2961
0.5869375 -0.963942 -0.06165135 -42.88034 246.0243 -99.24265
0.5163808 -0.8970474 -0.06165135 -45.14751 246.0243 -91.56326
0.5244375 -1.061598 -0.06165135 -42.72766 246.0243 -77.6396
0.400414 -0.9490494 -0.06165135 -38.46812 230.0166 -67.24265
0.7578359 -0.1839126 0.3345889 -49.8269 -152.0139 79.04742
0.6965566 -0.6138443 0.6822452 -77.20094 -200.3574 96.53597
0.6948476 -0.7205338 0.6881045 -74.63606 -204.2353 101.7039
0.7038808 -0.7681412 0.71496 -70.55972 -206.136 106.2383
0.6982656 -0.8115982 0.7332705 -67.8498 -210.1513 112.1467
0.7126699 -0.859938 0.7767276 -64.20094 -212.136 117.5512
0.7231679 -0.9011978 0.8091983 -59.92614 -212.8002 123.1619
0.7312246 -0.9331802 0.8460635 -55.24675 -213.1437 129.5436
0.749291 -0.9541763 0.8636416 -49.27728 -212.5788 135.2001
0.7341543 -0.9453873 0.8963565 -42.17804 -211.9452 140.4215
0.728539 -0.957106 0.9066104 -34.68186 -214.4032 146.0779
0.7641836 -0.9363541 0.9420108 -28.97957 -204.1742 150.5207
0.7397695 -0.9319595 1.003046 -23.42995 -210.0902 158.2612
0.7673574 -0.9351334 0.9722842 -15.9185 -209.4337 164.2688
0.7456289 -0.9158463 0.9634952 -8.48339 -207.6933 169.9482
0.735375 -0.8985123 0.930292 -1.949038 -205.365 175.8795
0.7265859 -0.8787369 0.8858584 2.966992 -203.7391 182.1237
0.7090078 -0.8484634 0.8328799 7.646381 -202.5177 188.6352
0.6865469 -0.8350357 0.7777041 12.92119 -203.1666 195.1543
0.6635976 -0.8194107 0.711542 16.85249 -203.1131 200.681
0.6352773 -0.8057388 0.6522159 20.85249 -204.6017 207.9253
0.6123281 -0.7710709 0.5853213 25.23417 -205.8383 214.2612
0.5893789 -0.7283463 0.5284366 28.01279 -209.2963 220.3451
0.589623 -0.6599869 0.4551944 30.58531 -212.8154 226.0779
0.5893789 -0.5989517 0.3944033 33.2647 -218.8307 231.4291
0.6045156 -0.509108 0.3353213 35.2189 -224.0063 235.452
0.6323476 -0.4243911 0.3145694 36.86012 -230.4643 238.0551
0.6450429 -0.3618911 0.3182315 38.88302 -237.1131 239.8184
0.6640859 -0.3011001 0.3214053 42.40211 -242.7849 240.1619
0.6872793 -0.2376235 0.3240908 47.50134 -248.3192 239.8413
0.6831289 -0.1482681 0.3465518 53.39447 -254.2429 239.1543
0.7141347 -0.09602198 0.3738955 56.70745 -254.2429 237.9405
0.7422109 -0.02766261 0.399042 58.60822 -254.2429 237.3604
0.7480703 0.02067724 0.3922061 60.82959 -254.2429 235.91
0.7507558 0.0685288 0.3812197 62.25707 -254.2429 233.1543
0.7329336 0.08390966 0.4039248 64.37157 -254.2429 230.5512
0.7903066 0.108812 0.3778018 65.68455 -254.2429 229.1848
0.8442617 0.11223 0.4669131 69.82959 -254.2429 226.0703
0.8630606 0.1674057 0.4627627 71.53188 -254.2429 224.8795
0.8816153 0.199144 0.4688663 70.95936 -254.2429 222.9558
0.8703848 0.2413804 0.4757022 72.76852 -254.2429 220.0627
0.8469473 0.2758042 0.5042666 71.40211 -254.2429 218.2764
0.8435293 0.3434311 0.5530948 62.34104 -254.2429 218.1619
0.8652578 0.3260972 0.6387881 59.21127 -254.2429 216.0474
0.865502 0.3304917 0.6717471 57.196 -254.2429 214.0474
0.8945547 0.324144 0.7396182 55.49371 -254.2429 212.2612
0.8867422 0.3412339 0.8316592 53.57768 -254.2429 210.0169
0.9424063 0.348314 0.9134463 53.2189 -254.2429 209.0703
0.9497305 0.3859116 0.9674014 49.1044 -254.2429 206.1237
0.8977285 0.3890854 1.074823 48.85249 -254.2429 202.1848
0.9118887 0.2897202 1.100458 68.46317 -254.2429 204.7115
0.960961 0.4806382 1.238642 74.86012 -254.2429 201.452
0.9253164 0.7372299 1.421503 54.97463 -254.2429 196.0016
0.8357168 0.7157455 1.53454 43.02806 -254.2429 190.7879
0.9572989 0.5919662 1.442987 38.83722 -254.2429 185.7268
0.9431387 0.6547104 1.574335 36.01279 -254.2429 179.3298
0.8606192 0.6586166 1.731317 30.61585 -254.2429 175.1161
0.9409414 0.6803452 1.69787 31.3105 -254.2429 169.0856
0.8337637 0.5873276 1.802851 39.53951 -249.8612 162.8947
0.8037344 0.8956772 2.045527 55.47844 -233.2963 150.1543
