1.336938 -1.361891 0.5679873 -46.23911 -254.2429 251.6963
1.361352 -1.321364 0.5704288 -49.19331 -254.2429 251.6963
0.8076406 -0.2595962 0.3502139 11.94409 42.01664 48.96345
1.267602 0.4003159 0.9068545 -23.42232 21.15405 32.43673
1.315941 0.4623276 0.9693545 -35.23148 19.7342 32.68101
1.325463 0.4554917 1.008905 -45.19331 21.24565 31.15429
1.364525 0.4274155 1.010126 -53.12461 24.58916 26.64284
1.349145 0.3602768 0.994501 -62.23148 26.8258 24.96345
1.327416 0.3173081 0.9713077 -70.6666 29.99374 21.16192
1.299096 0.2003647 0.9039248 -77.39178 30.07008 20.42146
1.262475 0.05388036 0.9149112 -79.39178 31.86397 19.97872
1.206566 -0.02229151 0.7637881 -83.13224 29.43649 21.29169
1.196801 -0.1299575 0.6658877 -78.92614 28.97084 16.68101
1.149926 -0.1636489 0.5955752 -78.01011 25.8945 15.23063
1.101586 -0.2512954 0.5355166 -79.72766 22.02427 16.61994
1.063988 -0.2249282 0.5294131 -85.033 16.02427 18.17719
1.033959 -0.3660415 0.4258975 -87.46049 10.23038 26.78788
1.010033 -0.4871353 0.317499 -82.804 6.657863 21.19246
0.9800039 -0.4951919 0.2408389 -77.93377 0.1998472 18.53597
0.9807364 -0.4551528 0.2034854 -73.36888 -6.571145 18.92528
0.9511953 -0.4400161 0.1949405 -72.35361 -13.42611 20.25353
0.9375235 -0.4121841 0.1885928 -75.83453 -21.63985 22.94055
0.9455801 -0.436354 0.1834658 -80.27728 -29.41084 26.25353
0.9455801 -0.4695571 0.187128 -82.58263 -36.56351 28.95582
0.9392324 -0.4683364 0.1810244 -84.57499 -43.83068 29.92528
0.9663321 -0.4741958 0.1968936 -89.10171 -49.76199 34.4291
0.9692617 -0.5003189 0.1917666 -88.8956 -57.70092 35.21536
0.9717031 -0.5093521 0.2027529 -92.68186 -65.04443 38.04742
0.9900137 -0.5620865 0.2347354 -97.12461 -73.60168 41.82605
1.015893 -0.665358 0.2247256 -99.11697 -79.0597 46.09322
1.007348 -0.7151627 0.2215518 -97.08644 -85.22 47.3604
1.016137 -0.7337173 0.2174014 -96.033 -91.72382 50.53597
1.041039 -0.776442 0.2164248 -94.94141 -98.57878 53.27643
1.045434 -0.8135513 0.230585 -92.22385 -103.6475 56.99399
1.037865 -0.837233 0.2276553 -88.04827 -110.9605 61.21536
1.027856 -0.8433365 0.2193545 -84.39942 -115.8612 64.27643
1.037133 -0.8123306 0.2364444 -81.39942 -123.5406 68.77261
1.041527 -0.813063 0.2215518 -78.04064 -130.2734 72.17719
1.051537 -0.8030533 0.2283877 -74.99484 -136.365 75.94818
1.048852 -0.7813248 0.2232608 -70.63606 -143.6169 79.23826
1.051781 -0.7371353 0.2161807 -67.52919 -150.6551 82.26116
1.068871 -0.6958755 0.2300967 -64.51392 -157.3498 85.04742
1.067406 -0.6748795 0.2564639 -61.85743 -164.0597 88.23063
1.072533 -0.6778091 0.2806338 -58.61316 -169.3421 90.45963
1.0635 -0.6848892 0.3199404 -54.50629 -174.304 92.61994
1.05642 -0.7166275 0.336542 -50.32308 -178.0444 95.16193
1.023705 -0.7569107 0.3284854 -47.88034 -182.5101 99.48254
0.9997793 -0.7810806 0.3043154 -46.20095 -185.9528 104.3909
0.9682852 -0.8311295 0.2581729 -44.43759 -191.1589 110.2001
0.9438711 -0.8726334 0.2083682 -43.23148 -196.8994 115.0169
0.9099356 -0.8750748 0.1805362 -49.91087 -206.4948 126.0245
0.8960196 -1.001051 0.1260928 -50.34599 -211.9757 130.5741
0.8686758 -1.020583 0.1153506 -47.25438 -218.075 136.139
0.8457266 -0.9905533 0.1358584 -50.16278 -227.7773 144.0245
0.8491446 -1.076491 0.1173037 -52.22385 -232.2658 151.91
0.8821035 -1.110182 0.1007022 -50.31545 -238.7696 161.0627
0.8843008 -1.131667 0.1050967 -48.64369 -244.1284 168.4673
0.8779531 -1.165602 0.1119326 -48.11698 -250.0139 176.9787
0.8781973 -1.195143 0.1129092 -49.69713 -254.2429 186.8108
0.8825918 -1.201735 0.0870303 -54.17041 -254.2429 196.91
0.8889395 -1.194411 0.08092678 -62.83453 -254.2429 209.0398
0.9079824 -1.231276 0.05700099 -70.12461 -254.2429 219.2459
0.9079824 -1.236403 0.05529201 -74.79636 -254.2429 234.0245
0.9746328 -1.226149 0.09533108 -76.88033 -254.2429 238.4367
0.987084 -1.208815 0.1158389 -84.14751 -254.2429 251.5589
1.003686 -1.182448 0.1495303 -88.07117 -254.2429 251.6963
1.058373 -1.157545 0.1737002 -89.8956 -254.2429 251.6963
1.096703 -1.091139 0.2283877 -94.39178 -254.2429 251.6963
1.144311 -1.08528 0.2632998 -96.19331 -254.2429 251.6963
1.18435 -1.030836 0.2933291 -98.32308 -254.2429 251.6963
1.224389 -0.9741959 0.3277529 -100.0559 -254.2429 251.6963
1.279076 -0.9688248 0.3912295 -97.47575 -254.2429 251.6963
1.306176 -0.9361099 0.4561709 -95.04064 -254.2429 251.6963
1.367699 -0.9080338 0.515253 -93.39942 -254.2429 251.6963
1.403344 -0.8897232 0.5599307 -92.8956 -254.2429 251.6963
1.487328 -0.894606 0.6119327 -91.18568 -254.2429 251.6963
1.551293 -0.644606 0.6260928 -114.3536 -254.2429 251.6963
1.69143 -0.4773696 1.075312 -154.6895 -254.2429 251.6963
1.557641 -0.7483658 0.9168643 -119.0712 -254.2429 251.6963
1.618432 -0.6939224 0.8333682 -115.7735 -254.2429 251.6963
1.674828 -0.870192 0.8663272 -87.47575 -254.2429 251.6963
1.729027 -0.7495865 0.9547061 -54.47575 -254.2429 251.6963
1.683373 -0.8111099 1.073847 -26.16278 -254.2429 251.6963
1.872582 -0.6887955 1.076532 -4.658962 -254.2429 251.6963
1.82058 -0.5984634 1.356806 21.05096 -254.2429 251.6963
1.870385 -0.4497818 1.38244 17.40974 -254.2429 251.6963
1.763695 -0.6968521 1.365106 42.67692 -254.2429 251.6963
1.896752 0.4408432 1.841425 44.1502 -254.2429 251.6963
1.715844 -0.2671646 1.341913 27.18837 -254.2429 251.6963
1.64724 -0.08283838 1.522577 -2.262015 -254.2429 251.6963
1.659447 -0.1531509 1.568231 21.49371 -254.2429 251.6963
1.608178 0.01945654 1.60119 19.13493 -254.2429 251.6963
1.086205 -1.175612 0.2554873 -66.49866 -153.9681 69.89475
1.28933 -1.211989 0.6658877 -73.804 -177.9452 114.7573
1.284691 -1.214674 0.7047061 -74.72766 -179.2429 120.7039
1.303734 -1.226149 0.7442569 -73.52155 -182.3269 132.1467
1.322533 -1.252272 0.7869815 -74.6666 -186.2276 133.4215
1.339135 -1.259108 0.8526553 -75.79636 -185.9757 143.3146
1.325707 -1.320143 0.9117373 -70.92614 -186.5712 152.681
1.322289 -1.329665 0.9569034 -68.70477 -186.6398 161.1543
1.350121 -1.346754 0.9915713 -67.21621 -179.678 172.2306
1.292748 -1.409743 1.059442 -61.65133 -180.7086 179.3757
1.284936 -1.421706 1.094355 -56.13988 -185.1589 183.307
1.307885 -1.457106 1.083124 -48.19331 -182.8536 192.8718
1.282006 -1.475172 1.06872 -41.01774 -179.2505 200.0245
1.22683 -1.507887 0.9998721 -34.11698 -176.3345 207.8718
1.192895 -1.535231 0.9427432 -28.60553 -174.304 216.1543
1.120873 -1.536452 0.8279971 -27.39942 -173.762 224.2993
1.062279 -1.477614 0.7142276 -40.24675 -178.7009 240.8795
0.9272696 -1.592116 0.5911807 -46.97957 -183.0673 251.6963
0.9792715 -1.517409 0.5323428 -55.07881 -187.4719 251.6963
0.8645254 -1.669264 0.4122256 -64.14751 -196.8231 251.6963
0.976586 -1.700758 0.1651553 -58.17041 -205.1437 251.6963
0.9704824 -1.604323 0.1402529 -56.46812 -210.0063 251.6963
1.031029 -1.470534 0.1715029 -57.9414 -222.1437 251.6963
1.064232 -1.490065 0.2000674 -61.19331 -232.2582 251.6963
1.122826 -1.548415 0.2777041 -59.14751 -240.9299 251.6963
1.165063 -1.566725 0.3370303 -55.804 -247.9757 251.6963
1.179223 -1.587477 0.3775576 -51.60553 -254.2429 251.6963
1.256615 -1.539137 0.4339541 -49.88034 -254.2429 251.6963
1.318383 -1.55818 0.4691104 -49.31545 -254.2429 251.6963
1.40432 -1.501295 0.5455264 -49.8269 -254.2429 251.6963
1.446068 -1.473219 0.609003 -51.804 -254.2429 251.6963
1.508813 -1.456129 0.6580752 -51.91087 -254.2429 251.6963
1.531518 -1.425124 0.7037295 -53.7811 -254.2429 251.6963
1.585229 -1.391188 0.728876 -55.8498 -254.2429 251.6963
1.677758 -1.40193 0.7488955 -58.6666 -254.2429 251.6963
1.709496 -1.403151 0.7730655 -59.05591 -254.2429 251.6963
1.814965 -1.310377 0.8341006 -60.40705 -254.2429 251.6963
1.89309 -1.226637 0.9151553 -60.86507 -254.2429 251.6963
2.043236 -1.173903 0.9698428 -60.02537 -254.2429 251.6963
2.064904 -0.9651627 1.074579 -55.48339 -254.2429 251.6963
2.064904 -0.9988541 1.240106 -55.07881 -254.2429 251.6963
2.064904 -0.8257584 1.326776 -43.59789 -254.2429 251.6963
2.064904 -0.7644791 1.506708 -32.69713 -254.2429 251.6963
2.064904 -0.6448502 1.723017 -11.41469 -254.2429 251.6963
2.064904 -0.6963638 1.879023 29.38684 -254.2429 251.6963
2.064904 -0.2075943 2.105097 50.67692 -254.2429 251.6963
2.064904 -0.4881118 2.071405 59.88302 -236.2124 251.6963
1.988061 -0.2364028 2.225946 63.60058 -231.9757 251.6963
1.98684 -0.2144302 2.249384 86.57768 -213.449 251.6963
1.85891 -0.08015284 2.401484 103.3258 -206.6398 251.6963
1.864037 0.03166357 2.384882 122.7151 -194.449 251.6963
1.773705 0.2086655 2.392939 123.0739 -175.1666 251.6963
1.750268 0.2526108 2.21081 121.2723 -165.5559 251.6963
1.675072 0.3021714 2.084101 120.9594 -149.8994 251.6963
1.579125 0.3646714 1.964716 120.8525 -134.9605 251.6963
1.489525 0.46306 1.859735 118.341 -125.7773 251.6963
1.31643 0.5555893 1.8612 110.9823 -117.6093 251.6963
1.287133 0.6080795 1.792841 113.2571 -107.533 251.6963
