0.9467315 -0.1186187 0.666414 -13.82863 -13.73973 23.44005
0.9540557 -0.1042144 0.6737382 -14.28664 -14.68629 23.96676
0.956253 -0.110562 0.6844804 -15.0271 -15.31224 24.81409
0.9591826 -0.1164214 0.7045 -15.84389 -16.11377 25.60798
0.9621123 -0.1191069 0.7274492 -16.77519 -16.19011 26.53165
0.9628448 -0.1269194 0.7391679 -17.1187 -16.56415 27.44005
0.9626006 -0.1259429 0.7533281 -17.27137 -16.50308 28.1805
0.963333 -0.129605 0.7613847 -17.65305 -16.70919 29.18814
0.9616241 -0.1235015 0.7691972 -18.24084 -17.0985 30.30264
0.9699248 -0.127896 0.7784746 -18.53855 -16.59469 31.28737
0.9604033 -0.1130034 0.7770097 -18.70649 -16.81606 32.14233
0.9665069 -0.1169097 0.7875078 -19.28664 -16.59469 32.82172
0.9682158 -0.1142241 0.7997148 -19.58435 -16.60995 33.67669
0.9779815 -0.1100737 0.801668 -19.53092 -16.67866 34.40188
0.9704131 -0.1120269 0.8128984 -19.87443 -16.74736 35.2034
0.9672393 -0.1115386 0.8214434 -19.26374 -16.68629 35.9973
0.9601592 -0.1039702 0.8204668 -18.24847 -17.08324 36.46295
0.966751 -0.1039702 0.8304766 -17.24084 -17.0298 36.94386
0.9774932 -0.09200733 0.8514727 -16.24084 -17.51072 37.47058
0.9765166 -0.08443897 0.8482988 -14.9355 -17.51835 37.62325
0.9818877 -0.07882373 0.86075 -13.52328 -17.36568 38.08127
0.9938506 -0.06856983 0.8734453 -12.26374 -17.43438 37.9973
0.9958037 -0.06100147 0.8727129 -10.41641 -17.54889 38.10417
0.9958037 -0.05294483 0.892 -8.691221 -17.12904 37.9515
1.004349 -0.03048389 0.9100664 -7.469848 -16.30461 38.16524
1.014114 -0.02242725 0.9205645 -5.897328 -15.87713 37.88279
1.021683 0.005893066 0.9361895 -4.56145 -15.0069 37.73012
1.031204 0.008822754 0.9430254 -3.301908 -13.85423 36.9744
1.040726 0.02786572 0.9620684 -1.83626 -12.41148 36.02783
1.050247 0.04715283 0.9696367 -0.6988549 -10.64049 35.19577
1.057083 0.06546338 0.9737871 0.8889308 -9.106137 33.65379
1.066849 0.08035595 0.9808672 1.400382 -7.014534 32.58508
1.072708 0.09451611 0.9837969 2.43855 -4.823695 31.24157
0.9147491 -0.1672026 0.5641191 14.57595 28.52745 20.75302
0.9203643 -0.08395069 0.7015703 -13.1874 -5.022168 31.86753
0.9264678 -0.08468311 0.6966875 -14.04237 -5.548885 32.44004
0.9257354 -0.09273975 0.7086504 -14.33244 -5.991633 32.74539
0.9267119 -0.08468311 0.7154863 -14.34771 -6.961099 33.31028
0.9325713 -0.0942046 0.7213457 -14.90496 -7.251175 33.81409
0.9357451 -0.08150928 0.7118242 -15.51565 -8.098503 34.24921
0.9425811 -0.07076709 0.7237871 -16.48512 -8.785526 34.56218
0.9503936 -0.05367725 0.7491777 -22.12634 -9.304611 35.96676
0.954544 -0.04537646 0.7643144 -23.66832 -9.510717 36.33318
0.9584502 -0.0456206 0.7728593 -25.61489 -9.235909 36.60799
0.9616241 -0.0365874 0.7770097 -27.31717 -8.869496 36.44004
0.9738311 -0.0365874 0.7953203 -28.68359 -8.258809 36.40188
0.9586944 -0.03292529 0.8131426 -29.95076 -7.213007 36.1347
0.9623565 -0.02950732 0.8180254 -30.71412 -6.480183 35.43241
0.9655303 -0.03072803 0.8380449 -30.9355 -4.800794 34.35608
0.9599151 -0.02804248 0.8412188 -30.82862 -3.067969 33.1576
0.9569854 -0.03243701 0.8519609 -29.66069 -1.861863 32.1118
0.9555205 -0.04195849 0.8448809 -28.23321 0.008366346 30.79882
0.949417 -0.05416553 0.8492754 -26.45458 1.390046 29.41714
0.9457549 -0.07101123 0.8268145 -24.86679 2.626687 28.34081
0.9401397 -0.07662647 0.8204668 -23.17977 3.565619 27.24921
0.9347686 -0.09176319 0.8036211 -22.20267 4.764091 26.68432
0.925003 -0.1044585 0.7872636 -21.50038 5.397679 26.35608
0.9225616 -0.1095855 0.7667558 -20.94313 5.367145 26.1347
0.9137725 -0.124478 0.7572343 -20.82099 5.527451 26.24157
0.9084014 -0.1403472 0.7486894 -20.79809 5.153405 26.77592
0.9001006 -0.1454741 0.7364824 -20.33244 4.344244 27.72249
0.9032744 -0.1503569 0.7176836 -20.1187 3.664855 28.27974
0.8979033 -0.1454741 0.7169511 -19.69885 3.008367 29.14997
0.9047393 -0.1496245 0.7142656 -19.60725 2.077069 29.83699
0.9096221 -0.1300933 0.7257402 -19.85153 1.328977 30.51638
0.9062041 -0.1239897 0.7145097 -20.05763 0.5656183 31.14997
0.9127959 -0.1222808 0.7308671 -20.70649 0.4205801 31.75302
0.9201201 -0.1132476 0.7384355 -21.1187 0.06943512 32.34081
0.9247588 -0.1042144 0.7545488 -21.27901 0.03126717 32.56982
0.9340362 -0.1039702 0.7713945 -20.76756 0.183939 32.75302
0.9391631 -0.0954253 0.7709062 -20.60725 0.9549313 32.84463
0.9467315 -0.08663624 0.7845781 -20.1645 1.657221 32.74539
0.9484405 -0.07662647 0.7906816 -20.19504 2.878595 32.69196
0.9606475 -0.06319873 0.7857988 -19.9813 4.092336 32.1347
0.9665069 -0.06686084 0.7950761 -19.82099 5.084702 31.78356
0.9721221 -0.06026905 0.7987382 -19.1874 6.12287 31.1347
0.9689483 -0.06002491 0.8019121 -17.97366 7.054168 30.27974
0.978958 -0.07027881 0.813875 -15.44695 7.779358 29.27211
0.9816436 -0.06466358 0.8163164 -13.74466 9.0389 28.34844
0.985794 -0.06026905 0.8214434 -10.24084 10.04653 26.80646
0.9940948 -0.06002491 0.8219316 -6.790458 11.03127 25.09653
0.9899444 -0.05611866 0.8365801 -1.622519 11.84043 22.98203
0.9999541 -0.05001514 0.8387774 4.659923 12.95493 20.55455
0.9982451 -0.04610888 0.8358477 11.49962 14.45111 17.77592
1.005569 -0.04122607 0.8341387 18.71336 15.52745 14.9515
1.007767 -0.02804248 0.8424395 24.98054 16.93203 12.53928
1.017044 -0.02389209 0.8490313 30.07977 18.77172 10.16524
1.022659 -0.01607959 0.845125 33.60649 20.76409 8.195771
1.0168 -0.007534668 0.8390215 35.27061 22.90913 6.44768
1.019974 -0.002163574 0.8265703 35.53015 25.19157 5.417145
1.012405 -0.006069824 0.8187578 34.9042 27.48165 5.111801
1.018997 -0.005581543 0.8060625 33.68282 29.45111 4.821726
1.007522 -0.006069824 0.7789629 32.38511 30.96256 4.485847
1.000198 -0.01730029 0.7533281 31.15611 32.26028 4.378977
0.9931182 -0.007046387 0.730623 29.9729 33.35951 4.027832
0.9831084 -0.002407715 0.7030351 29.12557 33.90913 3.783558
0.9655303 -0.003140137 0.6778886 27.98817 34.09997 3.68432
0.9557647 0.00320752 0.655916 26.53779 34.26028 3.378977
0.935501 0.01199658 0.6278398 24.7897 33.95493 3.478214
0.9186553 0.01199658 0.6141679 22.62939 33.59615 3.149969
0.9084014 0.02542432 0.5851152 20.41565 32.87096 2.997297
0.8952178 0.02395947 0.5738847 18.21718 31.68775 2.669054
0.8805694 0.02298291 0.5426347 15.09504 30.39768 2.249207
0.8681182 0.02688916 0.5206621 12.30115 28.86333 2.424778
0.8617705 0.02493603 0.5162675 9.171375 26.84043 2.295008
0.8524932 0.02151807 0.4850175 6.186641 24.82516 1.966763
0.8488311 0.01346143 0.4750078 2.896565 22.87096 1.890427
0.8419951 0.004916504 0.4520586 -0.05763388 20.19157 1.760656
0.84346 -0.001675293 0.4295976 -2.72939 17.39005 1.55455
0.845169 -0.01778857 0.4129961 -4.553817 13.9702 1.149969
0.8517608 -0.03121631 0.3988359 -6.683588 10.54272 1.050734
0.8510283 -0.0431792 0.388582 -8.340076 7.031268 0.9667625
0.8500518 -0.06148975 0.376375 -10.03473 3.023633 0.8293591
0.8529815 -0.07833545 0.3658769 -11.55382 -1.075603 1.043098
0.8449248 -0.1078765 0.3675859 -12.60725 -5.258809 1.378977
0.8542022 -0.1230132 0.3771074 -13.57672 -9.716825 2.157602
0.8524932 -0.1361968 0.3778398 -14.08817 -14.0298 2.76829
0.8495635 -0.1481597 0.4044511 -14.70649 -17.92293 3.149969
0.8664092 -0.1659819 0.4327714 -15.69885 -21.71683 4.36371
0.8961944 -0.1889312 0.4486406 -15.63015 -25.0527 4.943863
0.9057158 -0.2143218 0.4598711 -14.0958 -28.94583 6.226305
0.9140166 -0.2106597 0.4942949 -12.29428 -32.8924 7.333176
0.9892119 -0.02462451 0.6400468 -7.576718 -11.67866 24.27211
0.9630889 0.02249463 0.7162187 -22.27137 -10.51072 8.737756
0.9547881 0.00711377 0.6966875 -22.46221 -11.0527 7.424779
0.9445342 -0.02804248 0.6971757 -22.75229 -12.18247 6.462947
0.9447783 -0.05074756 0.6881425 -22.63015 -13.21301 5.378977
0.9367217 -0.08224171 0.6908281 -22.23321 -13.95347 4.814091
0.9433135 -0.1005522 0.6852129 -21.85153 -15.45728 4.493481
0.9340362 -0.1225249 0.687166 -21.45458 -16.8466 4.279741
0.9267119 -0.1398589 0.6957109 -21.45458 -18.25118 4.524015
0.9318389 -0.1698882 0.7096269 -21.27137 -18.96873 5.096535
0.9335479 -0.1857573 0.7176836 -21.20267 -20.48782 5.371344
0.9328155 -0.1977202 0.7355058 -20.9126 -21.28934 6.386611
0.9293975 -0.2172515 0.7499101 -20.44695 -21.59469 7.020199
0.9345244 -0.2194487 0.7748125 -19.46985 -21.93056 7.966763
0.9433135 -0.2328765 0.779207 -18.66069 -22.67866 9.157603
0.9386748 -0.2336089 0.7867754 -19.0042 -22.65576 10.08127
0.9479522 -0.2348296 0.8021563 -18.24847 -22.42675 11.0889
0.9374541 -0.2448394 0.8207109 -20.0729 -21.81606 12.85226
0.9418487 -0.2497222 0.8368242 -19.75229 -21.36568 13.9973
0.9506377 -0.2487456 0.8282793 -20.57672 -20.54889 15.57745
0.9442901 -0.2531402 0.8429277 -20.47748 -19.8466 17.0889
0.9525908 -0.2480132 0.8370684 -20.08817 -19.0069 18.36371
0.9530791 -0.2353179 0.8397539 -19.96603 -18.42675 19.63089
0.9574737 -0.2294585 0.8365801 -20.03473 -17.71682 20.57745
0.9599151 -0.2326323 0.8243731 -20.68359 -17.37331 22.07363
0.9657744 -0.2323882 0.8207109 -20.86679 -16.64049 23.09653
0.9679717 -0.2265288 0.8321856 -21.21794 -15.97637 24.70722
0.9696807 -0.2157866 0.8192461 -21.73702 -15.79316 26.03547
