-0.5846519 -1.774963 -0.2605791 197.6585 -198.7972 -49.66238
-0.3485679 -1.774963 -0.2002764 213.2616 -205.0873 -15.13566
-0.1249351 -1.774963 0.004069328 223.5287 -200.6522 18.44449
0.002262205 -1.774963 0.2648115 227.9028 -200.4232 51.17731
0.1653481 -1.774963 0.5043135 217.2616 -195.5224 77.8567
0.3714028 -1.774963 0.566081 179.315 -190.8736 111.4903
0.3445474 -1.774963 0.7613935 151.1547 -181.843 144.9483
0.5025064 -1.774963 0.8087568 125.3608 -165.2324 172.3376
0.4014321 -1.774963 0.9945478 91.14703 -163.6904 195.0704
0.4715005 -1.774963 1.050944 71.9333 -158.9423 216.5437
0.5271646 -1.722961 1.241862 37.57452 -148.5224 242.0628
0.4832192 -1.669982 1.397624 18.8646 -141.1255 251.8109
0.607731 -1.518127 1.457683 6.627954 -123.7056 251.8109
0.6436196 -1.398742 1.440837 -5.9751 -110.2095 251.8109
0.6201821 -1.29718 1.437419 -6.349146 -104.011 251.8109
0.6275064 -1.225646 1.453776 -6.456015 -95.1942 251.8109
0.6228677 -1.025695 1.421062 3.032534 -89.20947 251.8109
0.5989419 -0.9243769 1.418132 13.00963 -84.07207 251.8109
0.6431314 -0.8042597 1.395671 19.73483 -77.3087 251.8109
0.6553384 -0.7605585 1.381267 41.10123 -73.91939 251.8109
0.6904946 -0.5818476 1.338054 48.22337 -69.59114 251.8109
0.7012368 -0.6077265 1.35197 60.37605 -66.1942 251.8109
0.7346841 -0.5296015 1.355388 72.31497 -61.2858 251.8109
-0.117855 -1.774963 -0.2605791 -203.0514 27.61496 -248.4563
-0.4977378 -1.774963 -0.2605791 148.3531 -221.4308 57.39869
-0.2282065 -1.774963 -0.2605791 147.0249 -231.4614 95.20785
-0.005306154 -1.774963 -0.1465654 140.7043 -234.0721 125.3453
0.161686 -1.774963 0.01383495 133.6661 -241.5911 151.4292
0.3599282 -1.774963 0.3341475 126.5592 -236.4614 179.4063
0.4033853 -1.774963 0.520915 128.6967 -236.8354 186.5972
0.7019692 -1.774963 0.6749678 108.8646 -226.6827 241.5514
0.7207681 -1.774963 0.753581 98.35315 -229.4079 240.6353
0.8025552 -1.634094 0.90446 95.40659 -223.1789 251.8109
0.8311196 -1.508117 0.9750166 96.67375 -215.5224 251.8109
0.9221841 -1.318176 1.063884 105.0402 -208.8507 251.8109
0.9097329 -1.094787 1.212321 107.628 -200.7285 251.8109
0.9207192 -0.9783319 1.256022 110.9028 -191.7744 251.8109
0.9485513 -0.8572382 1.379313 113.3226 -181.0186 251.8109
0.9507485 -0.8240351 1.430095 119.5516 -168.3698 251.8109
0.9407388 -0.7437128 1.508708 129.8341 -155.2324 251.8109
0.9385415 -0.7039179 1.517497 135.4524 -141.698 251.8109
0.8530923 -0.6331171 1.49406 138.773 -131.9652 251.8109
0.8743325 -0.6382441 1.504558 144.2844 -119.9881 251.8109
0.838688 -0.5874628 1.47697 153.4066 -110.469 251.8109
0.8240396 -0.6045527 1.502116 157.2921 -104.5835 251.8109
0.8538247 -0.6448359 1.516765 164.3302 -91.69038 251.8109
0.8833657 -0.6318964 1.426677 169.0707 -81.44611 251.8109
0.9253579 -0.5955194 1.300212 169.5669 -76.06442 251.8109
0.998356 -0.5781855 1.25822 168.2463 -70.65221 251.8109
1.024235 -0.5984491 1.280437 165.2157 -63.31634 251.8109
1.168522 -0.5225214 1.202312 169.918 -54.96519 251.8109
1.198551 -0.3589472 1.19572 178.7425 -48.39267 251.8109
1.223454 -0.2608026 1.080974 181.8264 -38.1713 251.8109
1.148502 -0.1109003 1.131755 181.9562 -36.68275 251.8109
1.341862 0.03753723 0.7611494 192.7425 -36.43848 251.8109
1.20612 0.1442267 0.8180342 197.2463 -33.03389 251.8109
1.319157 0.2496954 0.6278486 195.2386 -34.1942 251.8109
1.275456 0.268006 0.5609541 189.147 -37.59114 251.8109
1.449284 0.3075567 0.3546553 175.6432 -37.40031 251.8109
1.320133 0.5253302 0.4803877 182.3073 -46.3087 251.8109
1.323795 0.6654669 0.3109541 176.0096 -56.3316 251.8109
1.29694 0.6998907 0.2384443 172.6203 -61.94229 251.8109
1.381657 0.7533575 0.08927441 167.3608 -70.62168 251.8109
1.476383 0.8622442 -0.001301765 174.9944 -85.09496 251.8109
1.550602 0.8859259 -0.009602547 173.1241 -95.0797 251.8109
1.616032 0.9042364 -0.03279591 192.544 -104.2018 251.8109
1.669743 1.010926 -0.006184578 214.1852 -116.5377 251.8109
1.721256 1.123475 0.07560253 237.8951 -125.6293 251.8109
1.971012 1.166199 0.2128096 269.6508 -123.782 251.8109
2.073551 1.367371 0.2738447 269.6508 -120.9805 251.8109
2.289799 1.387147 0.06974316 269.6508 -116.3774 251.8109
2.289799 1.776795 -0.0393877 269.6508 -126.7667 251.8109
2.289799 1.871033 -0.01570606 269.6508 -123.8202 251.8109
2.289799 1.645936 0.01676464 269.6508 -103.0644 251.8109
2.289799 2.224976 -0.2605791 269.6508 -92.49954 251.8109
2.289799 2.224976 -0.2605791 269.6508 -82.60641 251.8109
2.289799 2.224976 -0.2605791 269.6508 -92.63695 251.8109
2.289799 2.224976 -0.2605791 269.6508 -95.05679 251.8109
2.289799 2.224976 -0.2605791 269.6508 -98.74382 251.8109
2.289799 2.224976 -0.2605791 269.6508 -111.4003 251.8109
2.289799 2.224976 -0.2605791 213.4218 -138.5453 251.8109
2.289799 2.224976 -0.2073565 132.086 -149.24 251.8109
2.289799 2.224976 0.008219719 74.39894 -154.4843 251.8109
1.921452 2.224976 0.5648603 108.6814 -133.4156 201.017
2.013737 2.224976 0.5431318 99.35315 -135.385 139.643
1.773747 2.224976 0.9120283 113.6967 -107.7667 65.6964
1.505192 2.224976 0.9432783 148.8875 -98.72092 -14.63185
1.350651 2.224976 1.089763 126.9333 -102.5911 -87.57841
1.369694 2.224976 1.386638 98.84933 -86.78198 -167.0059
1.498112 2.224976 1.270915 42.85696 -82.98045 -244.4181
1.628239 2.224976 1.274821 -25.63922 -79.58351 -248.4563
1.745182 2.224976 1.038493 -55.41021 -72.64458 -248.4563
2.040104 2.224976 0.9523115 -82.61632 -71.09496 -248.4563
2.289799 2.224976 0.9772139 -129.4636 -68.29343 -248.4563
2.289799 2.224976 0.7985029 -133.1049 -56.24763 -248.4563
2.289799 2.224976 0.7623701 -166.1888 -59.3545 -248.4563
2.289799 2.224976 0.7528486 -174.4255 -56.62168 -248.4563
2.289799 2.224976 0.7963057 -191.7843 -45.34687 -248.4563
2.289799 2.224976 0.8426924 -200.0743 -33.90412 -248.4563
2.289799 1.942322 0.7079268 -218.0591 -25.93466 -248.4563
2.289799 1.623963 0.6444502 -230.6163 -18.20947 -248.4563
2.289799 1.43158 0.6251631 -230.6163 -10.32397 -248.4563
2.289799 1.256531 0.5807295 -230.6163 3.263817 -248.4563
2.289799 1.069275 0.5211592 -230.6163 19.6913 -248.4563
2.289799 0.9061895 0.4501143 -230.6163 37.51572 -248.4563
2.289799 0.686463 0.3463545 -230.6163 56.77526 -248.4563
2.289799 0.5170294 0.1488447 -230.6163 79.85161 -248.4563
2.289799 0.3187872 -0.05525684 -230.6163 107.2867 -248.4563
2.289799 0.06585754 -0.204915 -230.6163 132.447 -248.4563
2.289799 -0.2158807 -0.2605791 -230.6163 187.1875 -248.4563
2.289799 -1.236633 -0.2605791 -230.6163 218.5005 -248.4563
2.289799 -1.774963 -0.2605791 -230.6163 167.386 -248.4563
2.289799 -1.774963 -0.2605791 -230.6163 178.2333 -248.4563
2.289799 -1.774963 -0.2605791 -230.6163 189.0806 -248.4563
2.289799 2.224976 0.8658857 269.6508 -63.43084 251.8109
2.289799 0.7367559 0.02237988 -230.6163 107.8669 -248.4563
2.289799 0.4716192 -0.05208302 -230.6163 123.9127 -248.4563
2.289799 0.2391974 -0.2605791 -230.6163 133.3478 -248.4563
2.289799 0.04022278 -0.2605791 -230.6163 150.0348 -248.4563
2.289799 -0.8501581 -0.2605791 -230.6163 176.7066 -248.4563
2.289799 -1.192443 -0.2605791 -230.6163 159.218 -248.4563
2.289799 -1.437316 -0.2605791 -230.6163 157.6379 -248.4563
2.289799 -1.768371 -0.2605791 -230.6163 163.9279 -248.4563
2.289799 -1.774963 -0.2605791 -230.6163 195.5692 -248.4563
2.289799 -1.774963 -0.2605791 -230.6163 177.6989 -248.4563
2.289799 -1.774963 -0.2605791 -230.6163 178.531 -248.4563
2.076969 -1.774963 -0.2605791 -230.6163 169.2104 -248.4563
1.871891 -1.774963 -0.2605791 -230.6163 166.073 -248.4563
1.606999 -1.774963 -0.2605791 -230.6163 162.1799 -248.4563
1.110172 -1.774963 -0.2605791 -230.6163 133.7371 -248.4563
0.8982583 -1.774963 -0.2605791 -230.6163 85.17221 -248.4563
0.1028481 -1.774963 -0.2605791 -230.6163 17.19511 -248.4563
0.1485024 -1.774963 -0.2605791 -230.6163 -14.52244 -248.4563
0.2437173 -1.774963 -0.2605791 -217.6774 -46.85832 -241.3036
0.2029458 -1.774963 -0.2605791 -113.7995 -83.78961 -202.8837
-0.2763022 -1.774963 -0.2605791 -18.21174 -125.3316 -161.3952
-0.4855308 -1.774963 -0.2605791 15.0249 -156.7667 -104.4944
-0.5604819 -1.774963 -0.2605791 88.59741 -182.6522 -59.25017
-0.428646 -1.774963 -0.2605791 128.5287 -200.7667 -9.265435
-0.2977866 -1.774963 -0.2605791 136.1699 -221.4003 45.00174
-0.02947608 -1.774963 -0.2605791 138.4753 -229.7591 98.18494
0.06671533 -1.774963 -0.2605791 97.16994 -239.4614 147.7575
0.4519692 -1.774963 -0.2332354 82.29208 -239.5759 187.9025
0.4043618 -1.774963 0.03751659 103.5363 -239.8507 209.933
0.61652 -1.774963 0.1488447 85.91803 -230.9118 240.5056
0.7012368 -1.774963 0.2970381 74.62032 -229.8736 251.8109
0.8433267 -1.774963 0.4029951 58.71956 -226.5988 251.8109
1.148258 -1.016418 0.7020674 6.582152 -250.7438 251.8109
1.035954 -1.400207 0.9291182 54.70429 -208.2171 251.8109
1.220768 -1.110168 0.6569014 30.15467 -209.7667 251.8109
