0.734085 -0.4186675 0.669832 1.65229 64.96256 -53.57523
0.7313994 -0.4418609 0.669832 3.476717 66.16867 -53.06377
0.7318877 -0.4418609 0.6588457 5.301145 68.05417 -51.94164
0.7421416 -0.4489409 0.6451738 7.064504 69.29081 -50.63629
0.7482451 -0.4469878 0.6336992 8.919466 70.68775 -50.18591
0.7470244 -0.4464995 0.6149004 9.324047 71.80225 -48.98743
0.7455596 -0.4482085 0.5948808 9.392748 72.31371 -47.9798
0.7382354 -0.4396636 0.5816972 8.644657 73.12287 -47.23934
0.7326201 -0.4406402 0.5611894 7.484351 73.33661 -46.20118
0.71846 -0.4469878 0.5370195 5.736259 73.69539 -45.32332
0.7089385 -0.4482085 0.5179765 3.797328 73.64195 -44.43782
0.704544 -0.4545562 0.4986894 2.484351 73.42822 -43.59812
0.6864776 -0.4682281 0.4752519 0.9958014 73.1305 -42.99507
0.6845244 -0.4687163 0.445955 -0.08816814 72.27554 -41.99507
0.6735381 -0.4853179 0.4203203 -0.9660306 71.00073 -41.26225
0.6591338 -0.4928863 0.3937089 -2.675954 69.13814 -39.85003
0.6547393 -0.5002105 0.3653886 -2.271374 66.87096 -39.23171
0.6325225 -0.5204741 0.3480546 -1.034733 64.12287 -38.68209
0.6305694 -0.5163238 0.3258379 -0.5996184 61.23738 -38.10957
0.62471 -0.5304839 0.3155839 0.6064882 57.96257 -37.41492
0.6063994 -0.525357 0.3102129 -0.4927483 55.16867 -36.8653
0.5922393 -0.539273 0.2975175 -1.508016 51.73356 -36.32331
0.590042 -0.5483062 0.2735918 -3.576718 48.00073 -35.61339
0.5880889 -0.5649077 0.2750566 -5.019465 44.61906 -34.63629
0.5670928 -0.6071441 0.2738359 -7.141603 41.68776 -32.71262
0.5421905 -0.6425445 0.2228105 -8.85916 36.64959 -29.85766
0.5429229 -0.6501128 0.2208574 -10.24084 30.03127 -26.8882
0.5517119 -0.6828277 0.2503984 -12.1874 25.52745 -23.934
0.5502471 -0.6872222 0.2621171 -11.56908 22.19921 -21.71263
0.5490264 -0.7245757 0.2630937 -11.46985 18.55035 -18.9569
0.5592803 -0.7475249 0.2523515 -13.08053 13.23737 -15.09431
0.577835 -0.8549468 0.8402422 -71.17213 -13.54125 36.78356
0.7057647 -0.6449859 0.9274004 6.072137 -15.01453 56.96677
0.6938018 -0.6068999 0.928377 1.720993 -11.97637 56.1118
0.6842803 -0.5617339 0.9315508 -1.988932 -8.426748 52.85989
0.6825713 -0.5221831 0.9288652 -5.64542 -5.258809 48.9744
0.6586455 -0.4980132 0.9281328 -9.981297 -2.457283 44.45531
0.6461944 -0.485562 0.9322832 -15.0271 0.6877558 40.53165
0.6225127 -0.4738433 0.9230059 -18.58435 3.924397 35.34081
0.6166533 -0.4801909 0.9212969 -21.80573 6.977832 29.94386
0.6105498 -0.4980132 0.9120195 -24.32481 9.565619 24.9744
0.6303252 -0.5094878 0.8941973 -26.99656 12.09997 20.20341
0.6310576 -0.5368316 0.8688066 -29.13397 14.64959 16.23394
0.6320342 -0.5458648 0.8548906 -30.01183 16.45111 12.0889
0.6332549 -0.5776031 0.8583086 -28.1187 17.03127 8.081267
0.6405791 -0.5920074 0.8519609 -24.56145 19.56562 3.806458
0.6488799 -0.6098296 0.8109453 -19.19504 20.14577 -0.7813282
0.6615752 -0.6183745 0.8143633 -12.27137 20.06944 -5.079039
0.675003 -0.6217925 0.8158281 -5.599618 22.016 -9.788961
0.682083 -0.6256988 0.8058184 1.102671 24.04653 -14.72789
0.6811065 -0.627896 0.793123 5.728626 25.52745 -19.23171
0.6769561 -0.6371734 0.7738359 8.201908 27.45111 -23.45308
0.6640166 -0.650357 0.7413652 9.598856 28.32134 -27.57522
0.6566924 -0.6632964 0.7352617 8.598854 28.45875 -31.30805
0.6503448 -0.6867339 0.7176836 6.194274 28.36714 -34.88056
0.62471 -0.7184722 0.7142656 3.782061 27.93203 -38.25461
0.6110381 -0.7697417 0.7088945 2.430916 26.9702 -41.48362
0.5822295 -0.8183257 0.7135332 2.560687 26.23737 -44.90347
0.5717315 -0.8749663 0.7025468 4.24771 24.60379 -47.54469
0.56221 -0.9408843 0.7220781 5.362214 23.16867 -47.68209
0.548294 -1.038785 0.7372148 9.408016 23.0847 -47.62103
0.5443877 -1.098111 0.7389238 13.87366 21.95493 -45.42255
0.5353545 -1.167447 0.7335527 19.42328 21.32134 -41.85003
0.5126494 -1.190396 0.7367265 24.0645 20.84806 -36.71262
0.5001983 -1.216031 0.7159746 30.64466 20.80226 -32.51415
0.5033721 -1.205777 0.7040117 37.88893 19.13814 -27.68973
0.5160674 -1.196499 0.6710527 43.30878 17.74882 -22.01034
0.5177764 -1.171597 0.6483476 47.93473 15.39005 -16.25461
0.515335 -1.132535 0.6197832 48.60649 13.64195 -9.475985
0.5268096 -1.09396 0.5748613 47.70572 10.73356 -2.788961
0.5497588 -1.061001 0.5426347 45.47672 6.870962 4.19577
0.5619658 -1.013394 0.5328691 40.96527 3.474015 11.18814
0.5702666 -0.9745757 0.5226152 35.65992 -0.2359084 17.49348
0.5695342 -0.9174468 0.5201738 31.70572 -4.129038 22.0889
0.5556182 -0.8556792 0.5299394 28.11794 -8.686291 24.70722
0.5541533 -0.8100249 0.5506914 23.36221 -13.19011 27.37134
0.6076201 -0.7211577 0.6224687 6.27061 -22.36568 31.76066
0.6283721 -0.7123687 0.6434648 1.117939 -25.22064 32.60035
0.6703643 -0.6918609 0.6710527 -5.133969 -27.58705 33.46295
0.7089385 -0.6855132 0.7037675 -9.737023 -29.9611 34.08127
0.7443389 -0.6757476 0.7377031 -11.96603 -31.62522 33.56982
0.7741241 -0.6686675 0.7848222 -12.1187 -32.9382 32.73775
0.8134307 -0.6691558 0.8087481 -9.43168 -33.59469 31.22631
0.8483428 -0.659146 0.86075 -5.164504 -33.12904 29.46295
0.8957061 -0.6339995 0.893709 -0.3019085 -32.48018 28.73012
0.9149932 -0.6120269 0.9505938 5.850763 -29.78553 25.1118
0.9313506 -0.584439 0.9894121 11.91183 -26.57179 21.63852
0.9469756 -0.5339019 1.005037 18.0416 -22.38095 18.73775
0.9540557 -0.4897124 1.025301 21.53779 -17.8695 14.9286
0.9462432 -0.4430816 1.037752 12.74389 -12.36568 13.76829
0.9579619 -0.4306304 1.048494 9.133207 -7.953465 11.88279
0.9604033 -0.3844878 1.052156 8.011068 -1.976366 7.356076
0.9384307 -0.3720366 1.07242 10.38511 2.748825 1.913328
0.9115752 -0.3105132 1.06241 13.30878 6.786993 -5.766062
0.8844756 -0.3019683 1.083894 17.86603 10.32898 -15.07141
0.8969268 -0.3078277 1.092439 21.30878 14.9244 -23.80423
0.8932647 -0.3363921 1.097078 24.56832 19.60379 -32.10194
0.8966826 -0.3744781 1.090242 28.19428 24.18394 -40.62103
0.8881377 -0.4425933 1.057039 30.88893 27.16104 -47.42255
0.8795928 -0.5356109 1.03409 32.23244 29.42821 -52.52942
0.8847198 -0.6103179 1.007967 30.55305 31.48165 -55.31568
0.8957061 -0.6711089 0.997957 31.28588 32.58852 -57.65156
0.9252471 -0.7587554 0.984041 29.57596 33.80989 -57.14011
0.9579619 -0.8346831 0.9759844 26.19428 35.59615 -54.0256
0.980667 -0.8742339 0.9837969 26.67519 37.80989 -51.20118
0.9792022 -0.884732 0.9960039 29.09504 40.0618 -49.57523
0.9860381 -0.8820464 1.013338 33.61412 41.59615 -48.75079
0.9889678 -0.8732574 1.026766 37.0874 43.71829 -48.30042
0.9943389 -0.860562 1.057283 41.36221 46.72593 -48.14011
1.006546 -0.8437163 1.077303 42.87366 50.22211 -47.29278
1.005081 -0.8217437 1.093172 43.65992 54.22211 -46.81187
1.002884 -0.8151519 1.09366 44.45382 58.23738 -46.90347
0.9882354 -0.8012359 1.074373 44.02633 62.11524 -46.7966
0.9779815 -0.7990386 1.080965 43.65229 66.16867 -46.68209
0.9574737 -0.8075835 1.042391 42.33931 70.52745 -46.55996
0.9508819 -0.8227202 0.9999102 38.86603 74.30608 -45.76606
0.9418487 -0.8415191 0.9557207 32.69046 77.55798 -43.55996
0.9325713 -0.8666656 0.8927324 24.33931 79.85569 -40.46072
0.9203643 -0.9025542 0.8314531 13.89656 81.63432 -35.51415
0.9074248 -0.9335601 0.7648027 3.553053 81.97783 -30.46835
0.8957061 -0.9450347 0.7093828 -6.065268 81.1534 -24.81186
0.8830108 -0.9667632 0.6544511 -15.27901 79.89386 -18.77369
0.9538116 -0.5890777 0.7125566 -35.92786 50.93203 55.55455
0.9489287 -0.891812 0.5194414 -27.17214 10.8786 36.47058
0.9647979 -0.9079253 0.5419023 -18.26374 10.18394 36.85989
0.9811553 -0.8603179 0.5189531 -14.82099 9.39768 37.77592
0.9599151 -0.8202788 0.5003984 -17.27137 2.939664 39.10417
0.9613799 -0.8295562 0.5650957 -25.67595 -0.6328549 41.73012
0.9821319 -0.8593413 0.6315019 -33.82099 -1.319878 44.61562
0.9933623 -0.8954741 0.6625078 -40.69886 -1.075603 49.81409
1.005081 -0.9391753 0.7037675 -48.59199 -0.2206413 56.91333
1.020706 -0.9709136 0.7284257 -51.60725 0.01600003 63.0202
1.02681 -0.9589507 0.74283 -53.67596 -0.3122443 69.43241
1.045853 -0.9128081 0.7691972 -57.20267 0.6953893 76.0202
1.030228 -0.8620269 0.779207 -60.92023 1.794626 81.53165
1.031692 -0.7990386 0.8099688 -68.0958 3.306077 87.52401
1.009476 -0.754605 0.8563555 -76.40878 5.809893 91.89806
1.017776 -0.6359527 0.8773516 -94.37824 10.21447 99.12707
1.002884 -0.6349761 0.9000566 -96.94313 15.09233 102.2645
0.9960479 -0.5002105 0.9000566 -117.363 19.71829 105.6843
0.9496612 -0.5583159 0.8854082 -122.9508 23.56562 106.4248
0.9486846 -0.4526031 0.8988359 -136.2256 29.32134 106.7149
0.9210967 -0.4894683 0.8788164 -132.0271 34.77936 103.6691
0.8808135 -0.4613921 0.8473223 -126.9737 39.81753 98.24921
0.8617705 -0.4501616 0.8126543 -119.1416 43.56562 92.27974
0.8376006 -0.4816558 0.7557695 -104.6225 46.30608 85.24921
0.8256377 -0.4696929 0.7135332 -87.35534 47.80989 77.38661
0.7646026 -0.4860503 0.671541 -70.35535 48.28318 68.82936
0.7926787 -0.5019195 0.6170976 -54.89733 50.39005 60.47058
0.8229522 -0.5243804 0.5611894 -44.36298 52.12287 56.25684
