0.9237823 -0.1491362 0.9149492 2.560687 -8.70919 -26.76606
0.9318389 -0.1654937 0.9022539 3.308778 -5.938199 -26.97217
0.9340362 -0.1879546 0.8944414 3.942366 -3.113771 -26.36148
0.9269561 -0.202603 0.8924883 4.873664 -0.9534657 -26.10194
0.933792 -0.2145659 0.893709 5.659923 1.901496 -25.58285
0.9279326 -0.2179839 0.8785723 6.262977 4.397679 -24.80423
0.9267119 -0.2243315 0.8753984 6.820229 7.12287 -24.17827
0.923294 -0.2238433 0.8712481 7.262977 9.535084 -23.47598
0.9303741 -0.2262847 0.8568438 8.156107 12.46638 -23.01034
0.9286651 -0.2318999 0.8563555 9.064505 14.82516 -22.59812
0.9269561 -0.2353179 0.8385332 10.19427 17.69539 -21.85003
0.9264678 -0.2377593 0.8238848 11.53779 19.97783 -21.72026
0.9191436 -0.2382476 0.8229082 12.98817 22.53508 -21.32331
0.9152373 -0.2365386 0.8168047 14.29351 25.11524 -21.14774
0.9037627 -0.2345855 0.8021563 15.64466 27.1305 -20.88056
0.9027862 -0.2316558 0.7794511 17.39275 29.67249 -20.7508
0.8998565 -0.2255522 0.7640703 18.94237 31.67249 -20.65156
0.8961944 -0.2155425 0.7565019 20.79733 33.61142 -20.53705
0.8954619 -0.2231108 0.7423418 22.73626 35.52745 -20.52179
0.8898467 -0.2143218 0.7232988 24.71336 37.19157 -20.39965
0.8788604 -0.2021147 0.7157304 26.48435 38.66486 -20.41492
0.8647002 -0.1964995 0.7015703 28.36985 39.97783 -20.31568
0.8532256 -0.178189 0.6905839 30.64466 40.97783 -20.20881
0.8166045 -0.1686675 0.6822832 33.00343 41.9244 -19.9569
0.7987823 -0.154019 0.664705 35.75153 42.48928 -19.16301
0.7365264 -0.1554839 0.6544511 36.75916 42.55799 -17.90347
0.7458037 -0.1789214 0.6554277 40.0416 42.24501 -15.98744
0.7860869 -0.1911284 0.6319902 41.36221 42.42822 -13.27751
0.8329619 -0.1806304 0.6122148 37.71336 42.67249 -9.285145
0.8705596 -0.1569487 0.6007402 27.69046 43.09997 -3.567587
0.9015655 -0.1437651 0.5941484 14.71336 43.95493 1.959129
0.8939971 -0.1020171 0.6012285 5.835496 45.56562 4.646152
0.8585967 -0.08736866 0.6173418 3.033969 46.47402 4.997297
0.7995147 -0.05929248 0.6129472 4.812595 48.72593 2.462946
0.746292 -0.06075733 0.6044023 10.0187 50.1076 -0.7813282
0.720169 -0.06222217 0.5943925 17.98054 50.40532 -4.651558
0.720169 -0.05343311 0.5716875 24.20954 51.77173 -8.437817
0.7230987 -0.04855029 0.5558183 29.9271 52.89386 -12.52942
0.7321319 -0.03878467 0.513582 33.31641 53.04654 -15.85766
0.7521514 -0.0275542 0.4825761 33.89656 53.57325 -18.98744
0.7575225 -0.02828662 0.4444902 33.07977 53.68012 -21.51415
0.7563018 -0.03170459 0.4122636 34.0874 51.40532 -23.49888
0.7509307 -0.03829639 0.3905351 34.79733 49.60379 -25.40728
0.7655791 -0.06344287 0.3734453 37.82023 47.59615 -25.72026
0.7304229 -0.01730029 0.3565996 38.61412 44.68012 -28.934
0.721878 -0.03829639 0.345125 42.9042 41.87096 -30.96453
0.7130889 -0.02926318 0.3282793 45.17137 39.42822 -32.21645
0.7084502 -0.01632373 0.3233964 49.93473 36.41295 -34.58286
0.6950225 -0.01363818 0.3043535 52.57595 33.19157 -36.26987
0.6911162 -0.008022949 0.2850664 55.9958 29.9931 -38.10957
0.6881866 0.004184082 0.2779863 57.72863 26.48928 -40.14011
0.683792 0.006381348 0.2621171 59.33168 22.56562 -42.08667
0.685501 0.01468213 0.2555254 60.16374 18.60379 -44.27751
0.6840362 0.02322705 0.2420976 60.19427 14.72592 -46.49889
0.6789092 0.02029736 0.2433183 60.36221 10.43585 -48.51415
0.6708526 0.02615674 0.2364824 59.66755 6.107603 -50.88057
0.6610869 0.01687939 0.2523515 59.95763 1.542717 -53.25462
0.6828155 0.01761182 0.249666 59.91946 -2.220641 -55.64393
0.713333 0.002475098 0.2611406 59.26297 -6.067969 -58.10957
0.74971 -0.006069824 0.2608964 58.62939 -10.0985 -60.78133
0.8190459 -0.07760303 0.2640703 53.98053 -22.04507 -66.96454
0.8297881 -0.1027495 0.2643144 51.37748 -25.03744 -68.21645
0.8349151 -0.127896 0.2701738 48.73626 -28.37331 -68.8653
0.8376006 -0.1518218 0.2777421 45.10267 -32.28171 -69.36148
0.8395537 -0.174771 0.3004472 41.30114 -35.28171 -69.25462
0.8388213 -0.1974761 0.3199785 36.43092 -37.96873 -69.20118
0.8402862 -0.2235991 0.3297441 30.46908 -40.40385 -68.58286
0.846878 -0.259732 0.3551347 24.71336 -43.22827 -67.35385
0.8507842 -0.2963531 0.3771074 19.36985 -45.43438 -66.03324
0.8534698 -0.3127105 0.407625 14.32405 -48.34278 -64.52179
0.8412627 -0.3354156 0.4415605 8.453817 -49.44201 -62.72026
0.8459014 -0.3617827 0.4955156 2.377481 -49.62522 -60.25462
0.8495635 -0.3837554 0.5069902 -2.920229 -50.75499 -57.62103
0.859085 -0.3927886 0.5721757 -9.133969 -50.66339 -54.35385
0.8532256 -0.4277007 0.6153886 -15.55382 -49.25117 -51.10957
0.8346709 -0.4557769 0.6390703 -20.1416 -49.28171 -47.46835
0.829544 -0.4989898 0.6749589 -21.87443 -49.0298 -44.61339
0.8354033 -0.5631988 0.6886308 -24.53092 -46.24354 -40.35384
0.8351592 -0.6003081 0.6942461 -23.72176 -44.82369 -35.9111
0.8415069 -0.6667144 0.6776445 -24.97366 -45.28934 -27.31568
0.8212432 -0.6381499 0.7025468 -25.67595 -44.43438 -21.36912
0.7868194 -0.6520659 0.7145097 -25.34771 -42.8924 -15.60576
0.7860869 -0.6547515 0.7311113 -27.92023 -42.97636 -8.918734
0.8024444 -0.6606109 0.7467363 -27.92023 -40.96873 -3.781328
0.8190459 -0.6193511 0.727205 -28.59962 -41.22064 2.470581
0.7013701 -0.2145659 0.6151445 -42.99657 -95.41911 114.4019
0.6894073 -0.1669585 0.6339433 -43.14924 -97.71683 115.0813
0.6974639 -0.1532866 0.6373613 -46.23321 -96.80843 115.9973
0.7162627 -0.1391265 0.6451738 -46.43168 -98.11378 117.1271
0.7118682 -0.1293608 0.6627519 -46.57672 -98.57178 117.3026
0.7145537 -0.1210601 0.6690996 -46.12634 -98.07561 116.8294
0.7274932 -0.1152007 0.6883867 -44.05 -98.28172 114.7759
0.7226104 -0.09933155 0.7040117 -42.69122 -98.53362 114.7149
0.7260283 -0.09396046 0.7169511 -41.37825 -98.70156 113.1423
0.7372588 -0.09005421 0.7379472 -39.9126 -97.9382 111.2568
0.7304229 -0.08395069 0.7467363 -38.63779 -97.27408 109.524
0.7233428 -0.07857959 0.744539 -36.21794 -96.52599 107.2339
0.7257842 -0.0732085 0.7638261 -33.50038 -95.53362 104.9973
0.7140655 -0.05978076 0.7735918 -30.45458 -95.21301 102.5927
0.7118682 -0.04342334 0.796541 -27.68359 -93.31225 99.37134
0.7084502 -0.02828662 0.8187578 -24.69885 -91.70156 95.87516
0.7035674 -0.005337402 0.8341387 -24.08817 -88.92294 92.53928
0.6859893 0.004672363 0.8558672 -23.50038 -85.76263 89.34844
0.6757354 0.01199658 0.8775957 -21.71412 -81.96111 85.29501
0.6479033 0.01956494 0.8756426 -18.43931 -78.58706 81.53165
0.6374053 0.02322705 0.9051836 -14.9584 -74.95347 77.67669
0.6327666 0.04373487 0.9159258 -8.950764 -70.52599 72.50875
0.6234893 0.04642041 0.9159258 -3.729389 -65.78553 67.43241
0.6320342 0.03006299 0.9105547 -2.210306 -59.51835 64.03547
0.610794 0.07059033 0.9322832 2.820229 -56.56415 59.42478
0.6007842 0.06033642 0.9540117 5.072137 -50.67102 55.68432
0.595169 0.06570752 0.9427813 7.514885 -44.60995 52.09653
0.581253 0.0661958 0.9256914 10.16374 -39.25117 47.85989
0.5736846 0.06424267 0.9217852 12.12557 -34.13667 44.37897
0.5663604 0.05935986 0.9039629 15.24771 -28.31988 40.43241
0.5487823 0.05472119 0.9010332 17.46145 -22.74736 37.0202
0.5460967 0.03982861 0.8890703 18.66756 -17.75499 33.84463
0.5438994 0.03860791 0.8636797 18.9958 -12.86186 31.01257
0.550003 0.02420361 0.859041 17.8584 -8.121405 28.73012
0.5565948 0.01712353 0.8441484 15.57595 -3.228275 26.77592
0.5648955 0.005893066 0.8307207 11.95 1.390046 25.50111
0.5702666 -0.006069824 0.817293 9.087404 5.382412 24.21104
0.5790557 -0.01510303 0.8002031 6.011069 9.435848 22.86753
0.5822295 -0.02926318 0.7843339 3.018702 12.83279 21.60798
0.577835 -0.04073779 0.7753007 0.1255722 16.18394 20.76066
0.5749053 -0.05416553 0.7608964 -1.393512 19.09997 19.81409
0.5788116 -0.06637256 0.7525957 -1.675954 21.77172 18.90569
0.5849151 -0.0798003 0.7367265 -0.08816814 24.58852 17.50875
0.6002959 -0.1015288 0.6974199 9.598856 26.41295 14.66905
0.6105498 -0.09176319 0.6800859 11.34695 26.97783 13.39424
0.6100616 -0.08419483 0.6527421 15.0645 28.62669 12.28737
0.6088408 -0.08419483 0.6432207 16.27824 29.90913 11.28737
0.6042022 -0.08248585 0.6390703 15.52252 30.88623 10.59272
0.5963897 -0.06954639 0.6210039 14.24008 31.46638 10.27211
0.5829619 -0.06466358 0.6097734 11.91947 31.97783 10.11944
0.5729522 -0.05660694 0.6002519 8.385115 32.67249 9.676687
0.5519561 -0.05514209 0.5990312 6.415649 32.36715 8.920961
0.5453643 -0.05440967 0.6036699 4.95 32.016 8.340809
0.5397491 -0.05221241 0.6012285 3.308778 32.0618 7.325542
0.534378 -0.0431792 0.5978105 1.346946 32.07707 6.432412
0.5407256 -0.05196826 0.6012285 -0.9583969 31.84806 5.546916
0.5382842 -0.05660694 0.6075761 -3.393512 31.75646 4.592718
0.5480498 -0.05904834 0.6224687 -6.401145 31.96256 3.898062
0.5426787 -0.06832569 0.6129472 -9.263741 31.97783 2.798824
0.546585 -0.081021 0.6232011 -11.40878 32.11524 1.829359
0.5529326 -0.09615772 0.6227129 -13.46985 32.1534 1.043098
0.5551299 -0.1020171 0.6295488 -14.58435 32.26791 -0.2317104
0.5631866 -0.11398 0.6358964 -16.1187 32.52745 -1.170641
0.5814971 -0.1254546 0.6471269 -16.86679 33.08471 -2.094305
0.6112823 -0.1288726 0.6432207 -17.63779 33.61142 -2.712626
