0.6942901 -0.3962066 0.5860918 -71.06527 -21.73209 71.41714
0.6916045 -0.4054839 0.5985429 -71.43931 -23.22064 68.91333
0.6784209 -0.4506499 0.6305254 -79.87443 -23.42675 68.32554
0.6903838 -0.4657866 0.633455 -78.95076 -24.76263 66.32554
0.7116241 -0.5075347 0.6302812 -73.30954 -26.60232 64.17287
0.7152862 -0.5187652 0.6356523 -51.17214 -30.17484 57.76066
0.7443389 -0.4985015 0.6280839 -36.44695 -32.67866 53.34844
0.7790069 -0.5033843 0.6310136 -18.81336 -36.13667 48.00493
0.7870635 -0.4936187 0.640291 -11.9813 -38.25117 45.59272
0.7440948 -0.4884917 0.6615312 -9.126336 -39.49545 43.71486
0.7155303 -0.4657866 0.6629961 -9.584352 -41.82369 40.85226
0.7917022 -0.4801909 0.6730058 -10.78282 -44.02217 39.1805
0.841751 -0.5089995 0.7001054 -12.95076 -45.54125 37.54692
0.8808135 -0.502896 0.7110918 -14.45458 -46.39621 35.24157
0.9274444 -0.5053374 0.746248 -15.58435 -46.1214 32.72249
0.9630889 -0.5173003 0.7755449 -17.36298 -45.52598 30.26447
0.9721221 -0.5209624 0.7828691 -19.79046 -44.75499 27.87516
0.9699248 -0.5116851 0.8067949 -24.53855 -43.57178 25.47058
0.9501494 -0.5048491 0.8412188 -31.63015 -40.97636 23.86753
0.9296416 -0.5038726 0.8712481 -39.0958 -38.09087 21.79882
0.8993682 -0.5055816 0.9112871 -46.28664 -35.57178 20.9515
0.8825225 -0.5431792 0.9486406 -48.53092 -31.1214 18.08127
0.7738799 -0.4340484 0.9977129 -60.96603 -26.40385 19.62325
0.7646026 -0.6125152 0.9964922 -60.82863 -23.0527 19.89806
0.8424834 -0.5964019 1.041902 -56.06527 -19.70156 16.40951
0.9298858 -0.6442534 1.05533 -45.82863 -11.72446 14.63852
0.9704131 -0.6774566 1.023103 -40.46222 -5.991633 13.37134
0.935501 -0.6728179 1.008943 -34.15687 -1.548886 11.89043
0.9069366 -0.6891753 1.009187 -35.76756 2.168672 12.67669
0.8739776 -0.7030913 1.024324 -42.59199 5.50455 14.31027
0.8302764 -0.7587554 1.050447 -41.9813 9.161037 15.10417
0.8207549 -0.846646 1.0795 -38.03473 14.0389 16.48585
0.8166045 -0.898648 1.08951 -28.72939 18.33661 18.20341
0.8163604 -0.9076812 1.061434 -19.17977 22.03127 20.23394
0.8190459 -0.9496734 1.104891 -11.21794 25.78699 23.9744
0.7790069 -0.9433257 1.118074 -9.523283 27.1305 26.87516
0.860794 -0.9738433 1.069978 -8.15687 36.44348 32.34844
0.8664092 -0.9709136 1.056062 -5.057633 43.39005 37.45531
0.8734893 -0.956021 1.005769 -4.530916 49.17631 40.75302
0.8544463 -0.9943511 0.9432695 -3.927863 51.27554 46.00493
0.8300323 -0.9294097 0.905916 -3.737023 55.07707 50.39425
0.8017119 -0.9240386 0.857332 -2.477481 59.07707 54.85989
0.7899932 -0.8803374 0.8348711 -2.981298 61.9015 58.14233
0.7738799 -0.8400542 0.7933671 -5.698855 63.69539 62.45531
0.7624053 -0.8283355 0.7843339 -4.538549 65.36714 64.80646
0.7582549 -0.7895171 0.7626054 5.743893 67.63432 66.14233
0.7616729 -0.7184722 0.7049882 3.522519 71.83279 70.41714
0.7443389 -0.5934722 0.636873 -11.61489 77.16867 78.60035
0.7370147 -0.3319976 0.4576738 -22.17214 77.72592 77.38661
0.7204131 -0.4347808 0.3905351 -21.06527 68.1305 75.46294
0.6398467 -0.5021636 0.445955 -26.24084 68.82516 74.43241
0.7235869 -0.4865386 0.4249589 -13.87443 66.58852 72.37135
0.7426299 -0.4501616 0.3944414 -23.0271 65.84806 73.57745
0.7311553 -0.414273 0.3634355 -25.0271 64.39767 73.52402
0.7443389 -0.3937652 0.3085039 -33.16451 63.22974 74.24921
0.7274932 -0.4049956 0.2621171 -30.83626 58.37478 72.0889
0.6940459 -0.3788726 0.2486894 -33.14161 54.50455 70.63852
0.6940459 -0.3722808 0.2118242 -41.01183 52.56562 70.16524
0.6896514 -0.3615386 0.1810625 -46.43932 47.87096 69.26447
0.6764678 -0.3742339 0.1629961 -56.45458 42.31371 69.25684
0.6742705 -0.4084136 0.1466386 -61.12634 37.53508 68.19577
0.6935576 -0.3864409 0.1256425 -70.72939 33.74883 67.83699
0.6781768 -0.4345366 0.1075761 -79.47748 26.84806 67.66142
0.6776885 -0.4262359 0.09146285 -91.01183 19.24501 68.53165
0.640335 -0.4460113 0.08340621 -109.7294 12.0618 70.37897
0.6449737 -0.5058257 0.06851363 -123.2485 4.099969 71.63852
0.6569366 -0.5124175 0.07827926 -137.0195 -7.022168 72.83699
0.5451201 -0.4723784 0.1278398 -152.9889 -17.95347 77.18814
0.5336455 -0.3837554 0.2604082 -180.6149 -22.99163 78.38661
0.5399932 -0.4506499 0.3653886 -171.4164 -31.86186 75.16524
0.4938506 -0.5216949 0.4415605 -178.3935 -38.55652 70.61562
0.4796905 -0.3029449 0.43033 -175.5615 -39.83896 67.61562
0.5189971 -0.5033843 0.5416582 -175.3401 -55.64049 56.34081
0.5529326 -0.3896148 0.5975664 -181.2867 -53.41911 50.03547
0.5517119 -0.4814116 0.638582 -146.2332 -55.86186 40.40951
0.5358428 -0.5490386 0.6407793 -133.1263 -63.15194 34.0889
0.6325225 -0.3256499 0.6708086 -126.2179 -65.54889 28.98966
0.6610869 -0.3683745 0.7401445 -129.7676 -66.67103 25.1576
0.643753 -0.2599761 0.7523515 -156.8515 -67.41148 27.28737
0.6425323 -0.3117339 0.8124102 -179.508 -69.19011 29.31028
0.6413116 -0.2113921 0.8634356 -207.7065 -67.48019 27.77592
0.6581573 -0.3527495 0.8727129 -192.5844 -59.52598 20.46295
0.87471 -0.2148101 0.451082 -32.62252 4.397679 50.32554
0.9818877 -0.1816069 0.7657793 -35.92023 -29.10614 47.21867
0.982376 -0.1835601 0.7855546 -34.98893 -28.94583 47.02783
0.9594268 -0.1635405 0.8194902 -32.92786 -27.88476 46.76829
0.9489287 -0.1549956 0.8431719 -31.92023 -27.0756 47.16524
0.9484405 -0.1484038 0.8409746 -29.63015 -26.51835 47.44768
0.9542998 -0.1242339 0.8702715 -28.72939 -25.38095 48.2263
0.8473662 -0.04391162 0.8858965 -29.95076 -23.31224 49.45531
0.9274444 -0.09127491 0.8678301 -28.63015 -24.19774 49.07363
0.978958 -0.05587451 0.86075 -33.04237 -23.14431 49.76066
1.024612 -0.06710498 0.8705156 -30.95076 -22.37331 48.85226
1.069778 -0.02657764 0.878084 -34.85153 -21.44965 48.77592
1.056351 -0.02438037 0.9022539 -33.12634 -20.77789 47.1118
1.030716 -0.03023975 0.9378984 -27.60725 -19.72446 44.44768
0.996292 -0.03097217 0.9757402 -20.66832 -17.44965 41.05836
0.9799346 -0.01705615 0.9776934 -15.40878 -15.29698 38.75302
0.9601592 -0.01754443 0.9945391 -10.86679 -12.73973 36.05836
0.9525908 -0.00851123 0.997957 -7.424046 -10.54125 33.14997
0.933792 -0.006069824 1.006746 -3.950764 -8.052702 30.84463
0.8173369 0.08768017 1.009432 -5.94313 -3.671023 29.25684
0.8732451 -0.05563037 0.9920977 3.43855 -3.556519 25.77592
0.9586944 -0.01290576 0.9708574 3.690458 -0.5030839 22.78356
1.026565 -0.034146 0.9444902 11.01107 2.542717 19.47821
1.054886 -0.03634326 0.9200762 13.40038 4.412947 16.19577
1.092972 -0.04098193 0.9139727 13.44618 7.115237 14.34844
1.089554 -0.04098193 0.9147051 12.59886 9.832794 12.35608
1.058792 -0.02682178 0.9044512 10.68283 13.76409 10.05073
1.028274 -0.02438037 0.8912676 8.835497 15.71829 8.394244
1.020462 -0.01022022 0.8888262 6.331679 17.84043 6.424779
0.9975127 0.02005322 0.8880938 -2.286641 22.38241 4.775923
0.9799346 -0.03731982 0.8910234 -6.248473 23.93203 3.516382
0.9469756 -0.02560107 0.9105547 -6.004199 26.1534 -0.002702713
0.9127959 -0.05489795 0.9364336 -3.744657 30.00837 -3.163008
0.8915557 -0.0876128 0.9349688 2.560687 33.1534 -7.101938
0.8898467 -0.1161772 0.9525469 7.812595 36.88623 -10.0027
0.8915557 -0.1398589 0.940584 12.30878 40.89386 -12.32331
0.9105987 -0.1620757 0.9151934 16.26298 44.08471 -13.8424
0.9081573 -0.1791655 0.8844316 18.98817 47.14577 -14.97217
0.9154815 -0.2082183 0.8470781 20.47672 50.06944 -15.52179
0.9101104 -0.2275054 0.8204668 21.02634 52.1076 -15.26224
0.9057158 -0.242398 0.7909257 21.0874 53.76409 -14.77369
0.9010772 -0.2602202 0.7550371 21.36221 54.78699 -14.21644
0.8957061 -0.2729156 0.7330644 21.79733 55.84043 -13.71263
0.8849639 -0.2895171 0.7042558 22.38511 56.61142 -13.15537
0.8803252 -0.2904937 0.6866777 22.75916 57.12287 -12.31568
0.8627471 -0.3053863 0.6996171 21.20954 57.42058 -10.83476
0.8849639 -0.3193023 0.7079179 12.85076 61.13814 -7.498886
0.8798369 -0.3456695 0.6857011 13.8584 61.56562 -6.224077
0.8976592 -0.3544585 0.6625078 10.95 62.14577 -2.537054
0.8993682 -0.3700835 0.6446855 11.16374 62.49691 -0.04850388
0.8954619 -0.3781402 0.6376054 12.35458 62.1763 2.890427
0.9123076 -0.3896148 0.6197832 14.11031 61.74119 5.630885
0.9374541 -0.3803374 0.6080644 15.31641 61.53508 8.295008
0.9381866 -0.3825347 0.5948808 15.98817 60.71066 11.11944
0.935501 -0.3722808 0.5987871 16.15611 59.8786 14.39424
0.9291533 -0.3725249 0.5897539 14.67519 59.22211 17.85989
0.9220733 -0.3549468 0.5897539 13.27824 58.89386 20.81409
0.9159698 -0.3554351 0.5799882 12.01107 58.09234 23.92096
0.9064483 -0.348355 0.55533 11.41565 56.41295 27.10417
0.90596 -0.3395659 0.5560625 11.56069 54.64196 29.63089
0.8954619 -0.3175933 0.5524004 10.20954 53.14577 32.31791
0.8908233 -0.3009917 0.5419023 9.423283 51.71829 34.39425
0.8871612 -0.2802398 0.5494707 8.125572 50.29081 36.50111
0.8830108 -0.2633941 0.5455644 7.568321 48.8557 38.66905
0.886917 -0.2519195 0.5394609 7.812595 46.8786 40.47821
0.8878936 -0.2387358 0.543123 7.003435 45.90913 42.21867
0.876419 -0.2248198 0.5260332 7.316412 44.61142 43.56982
0.878128 -0.2050444 0.5294511 6.476717 43.50455 44.91333
