0.211624 -0.1789214 0.4933183 -56.45458 18.95493 51.89043
0.2086943 -0.2555816 0.4454668 -44.96603 25.97783 44.63089
0.16304 -0.2304351 0.3597734 -51.16451 19.33661 43.9744
0.1671904 -0.2548491 0.3666093 -48.11871 15.61142 42.54692
0.1894072 -0.2804839 0.4176347 -41.92023 15.1076 40.38661
0.182083 -0.2375151 0.4288652 -35.97366 13.84806 38.70722
0.0912627 -0.2275054 0.4593828 -30.36298 12.32134 37.33318
0.1774443 -0.2509429 0.4313066 -23.80573 11.19157 34.35608
0.2199248 -0.2299468 0.4415605 -15.22557 9.893862 30.47821
0.1867217 -0.2348296 0.4737871 -6.569084 9.626686 26.03547
0.2033232 -0.2228667 0.4901445 -8.217939 10.76409 25.94386
0.2089385 -0.2421538 0.5003984 -3.675954 10.38241 23.73775
0.215042 -0.2326323 0.5030839 -1.904962 11.47402 22.31791
0.2050322 -0.249478 0.4938066 -2.118702 12.38241 21.08127
0.1974639 -0.2629058 0.4877031 -2.515649 13.0618 20.45531
0.2018584 -0.2712066 0.4801347 -2.843893 13.93203 19.44005
0.195999 -0.2817046 0.4813554 -3.065267 14.29081 19.0889
0.1906279 -0.2907378 0.4747636 -2.622519 13.82516 18.70722
0.1728057 -0.3012359 0.4737871 -1.15687 13.9931 17.89043
0.1564482 -0.3068511 0.4711015 1.385114 13.33661 16.56982
0.133499 -0.317105 0.4564531 2.484351 12.73356 16.0431
0.123001 -0.3288238 0.4742754 5.598855 12.14577 15.066
0.1134795 -0.3368804 0.4715898 6.423282 12.25264 14.66905
0.09736622 -0.3522613 0.4728105 6.201909 12.19921 14.69195
0.1012725 -0.3571441 0.480623 4.415649 12.28318 15.10417
0.08320606 -0.3959624 0.4752519 2.774427 12.76409 15.21104
0.01533496 -0.414273 0.4877031 0.2324424 12.71829 16.40188
0.05830371 -0.4565093 0.4703691 0.896565 12.80226 16.73012
0.0690459 -0.4696929 0.4696367 0.575954 13.56562 18.9973
0.07783496 -0.4782378 0.4535234 2.499618 13.47402 18.93623
0.03486621 -0.5229156 0.4173906 5.911832 14.29844 20.74539
0.04853809 -0.516812 0.3856523 14.11794 10.35951 21.0431
0.043167 -0.5246245 0.3824785 19.19427 9.29081 21.36371
-0.01396191 -0.5404937 0.3734453 26.56832 7.084702 21.60035
0.05415332 -0.4926421 0.3668535 29.49962 5.336611 23.24157
0.0353545 -0.4235503 0.3280351 33.45382 -0.6175878 25.73775
0.04536426 -0.4277007 0.3302324 33.91183 -2.442015 25.89043
0.07148731 -0.4096343 0.341707 31.73626 -3.678657 27.22631
0.07734668 -0.4047515 0.3346269 31.14847 -4.037435 26.67669
0.04512012 -0.4179351 0.3109453 24.95 -4.678657 28.50111
0.02558887 -0.4167144 0.2972734 22.36985 -7.510717 29.30264
-0.01664746 -0.476773 0.2945879 22.89656 -9.213007 28.71486
0.01924121 -0.4609038 0.2843339 16.00344 -12.57179 32.10417
0.04975879 -0.4621245 0.2877519 11.37748 -14.27408 34.37897
-0.003952146 -0.487271 0.3002031 5.54542 -15.99163 37.07363
-0.02836621 -0.5033843 0.2994707 5.148473 -19.08324 38.39425
0.001174808 -0.5138824 0.3107011 7.499618 -23.03744 39.86753
0.006545901 -0.5136382 0.3295 6.84313 -24.42675 41.066
0.01142871 -0.4914214 0.3534257 6.980534 -27.50308 43.46294
0.0534209 -0.4640777 0.3873613 6.850763 -29.17484 44.71486
0.06416309 -0.4464995 0.4039629 -0.622519 -28.79316 47.52402
0.06562793 -0.3905913 0.4107988 -7.691222 -29.39621 49.84463
0.01216114 -0.3730132 0.4276445 -12.83626 -31.53362 50.88279
0.03266895 -0.3966949 0.4720781 -16.17977 -33.06797 50.73775
0.08247364 -0.4079253 0.5138261 -22.56908 -30.99163 51.79882
0.1117705 -0.3923003 0.5116289 -26.08817 -30.15194 52.50875
0.1593779 -0.3896148 0.5096757 -30.21794 -29.78553 52.89806
0.1618193 -0.376187 0.5082109 -32.66069 -28.66339 53.61562
0.04463184 -0.362271 0.5121171 -34.30191 -29.68629 54.53165
0.05586231 -0.3879058 0.5379961 -28.49275 -32.16721 51.89043
0.1149443 -0.4352691 0.591707 -24.29428 -31.9611 49.9973
0.09248341 0.07376416 1.619783 129.2935 85.1305 175.9286
0.08613575 -0.1916167 0.3275468 29.64466 245.6954 4.44768
0.1527861 -0.1315581 0.3194902 30.8355 244.8633 4.111801
0.1745147 -0.1598784 0.2701738 35.73626 241.4587 1.218672
0.1796416 -0.1571929 0.2311113 40.26297 237.787 0.05836678
0.1793975 -0.14523 0.214998 48.18664 234.787 -1.63629
0.1955107 -0.1603667 0.1927812 59.0416 233.1916 -4.926367
0.1947783 -0.09981983 0.1615312 66.88893 229.3977 -7.628656
0.1918486 -0.1064116 0.1061113 75.95 226.161 -11.20881
0.1938018 -0.05221241 0.03604293 79.40802 223.5275 -14.06377
0.1784209 -0.03902881 -0.006193399 85.93474 217.9702 -16.46072
0.1735381 0.08255322 -0.0608809 73.48435 214.5198 -16.39965
0.168167 0.04886182 -0.09286332 69.14848 207.9549 -18.64392
0.1708525 0.1357759 -0.1109297 57.40038 204.2984 -19.36148
0.1811065 0.1799653 -0.1434004 49.27824 200.3671 -22.54469
0.1774443 0.1992524 -0.173918 38.98053 194.8633 -24.91873
0.1852568 0.2014497 -0.1883223 30.33931 189.8786 -28.0485
0.1847686 0.2021821 -0.1914961 21.72863 185.1076 -30.63629
0.166458 0.2097505 -0.1678145 13.98054 180.4435 -33.72026
0.1627959 0.2099946 -0.1609786 6.820229 176.5275 -37.0485
0.1510772 0.2048677 -0.1377852 0.1790075 172.2755 -40.33858
0.1535186 0.1924165 -0.1338789 -4.43168 168.3442 -43.67446
0.166458 0.1963227 -0.1216719 -7.584351 164.4053 -48.0714
0.18721 0.1926606 -0.1065352 -9.15687 161.1381 -52.04851
0.1991729 0.1882661 -0.0909102 -9.927862 157.3061 -56.53706
0.2257842 0.1877778 -0.06576371 -8.622519 154.4129 -62.13248
0.2267607 0.1870454 -0.0596602 -7.56145 152.4359 -68.32332
0.2260283 0.184604 -0.04281449 -6.439313 150.1687 -74.01797
0.2262725 0.1594575 -0.05648637 -4.866794 147.8939 -79.94164
0.2252959 0.1223481 -0.04965043 -3.011832 145.5732 -85.7966
0.2318877 0.1006196 -0.06454301 -1.0271 143.1458 -91.61339
0.244583 0.06302197 -0.07601762 -0.2103057 140.9091 -96.9569
0.2423857 0.01053174 -0.1062911 0.3316793 137.7488 -102.1706
0.2392119 -0.04049365 -0.1231368 -2.011832 135.0313 -105.789
0.234085 -0.08834522 -0.1360762 -3.729389 131.5198 -109.2775
0.2279814 -0.1545073 -0.1590254 -6.15687 127.5885 -111.6668
0.2243193 -0.1940581 -0.175627 -8.126336 123.2679 -114.0332
0.230667 -0.2707183 -0.1849043 -9.958397 119.5045 -115.9264
0.2240752 -0.4313628 -0.192961 -12.92023 114.3824 -113.8729
0.2345732 -0.4504058 -0.1892989 -15.27137 109.5351 -111.2164
0.2431182 -0.4057281 -0.1614668 -16.22557 104.5885 -112.8806
0.2406768 -0.5241363 -0.1285079 -20.59962 101.2374 -110.789
0.185501 -0.6554839 -0.0752852 -27.24084 98.20684 -102.1172
0.227249 -0.5790679 -0.009123087 -26.86679 92.61142 -99.43782
0.2494658 -0.6142241 0.04605269 -23.60725 93.35188 -98.94164
0.2526397 -0.6410796 0.07461715 -21.66069 93.20684 -96.62103
0.2667998 -0.6318023 0.0719316 -16.95076 91.54272 -94.0714
0.2614287 -0.6169097 0.07388473 -13.69885 90.09997 -92.10957
0.2482451 -0.5749175 0.1026933 -13.04237 88.00836 -89.934
0.2521514 -0.5495269 0.1327226 -11.35534 87.71066 -89.14774
0.2423857 -0.5243804 0.1312578 -9.622519 88.25264 -88.33095
0.2321318 -0.4865386 0.1190507 -10.12634 88.22974 -87.96454
0.2086943 -0.4748199 0.08487105 -12.55382 87.84042 -87.43018
0.1886748 -0.4958159 0.04824996 -13.69122 85.92439 -87.17828
0.168167 -0.5126616 0.001863241 -13.12634 82.90913 -87.13248
0.1601104 -0.5234038 0.004548788 -12.0042 80.20684 -86.91873
0.1459502 -0.5360991 -0.04208207 -11.37061 76.0618 -86.01034
0.133499 -0.5644195 -0.0674727 -11.81336 71.21447 -85.23171
0.1225127 -0.5822417 -0.06112504 -12.01183 65.245 -83.9798
0.1220244 -0.6025054 -0.04476762 -13.10344 60.58852 -82.05614
0.102249 -0.6125152 -0.01132035 -15.82099 55.19157 -79.75079
0.1349639 -0.6369292 0.02554488 -17.75992 51.59615 -77.9569
0.1720732 -0.657437 0.07876754 -17.83626 48.03127 -75.73553
0.1840361 -0.6691558 0.1192949 -17.59962 45.57325 -74.05614
0.2084502 -0.6547515 0.1205156 -14.68359 43.74883 -73.72026
0.2245635 -0.6715972 0.1407793 -10.56145 39.51218 -72.7966
0.2204131 -0.6391265 0.1649492 -11.05 35.89386 -70.48362
0.2250518 -0.6232574 0.2208574 -10.75229 34.24501 -69.11721
0.2487334 -0.603482 0.2550371 -10.38588 33.57325 -68.25462
0.2572783 -0.5927398 0.277498 -9.790459 32.62669 -67.65156
0.2782744 -0.5712554 0.2940996 -10.12634 32.35188 -66.78133
0.2946318 -0.5522124 0.3141191 -10.29428 32.08471 -66.21645
0.3063506 -0.5297515 0.3295 -10.33244 32.42822 -66.10957
0.3117217 -0.5192534 0.3504961 -9.981297 32.29081 -65.8653
0.320999 -0.492398 0.3536699 -9.775191 32.58089 -66.29278
0.3200225 -0.478482 0.3661211 -7.072901 33.11524 -67.78896
0.3285674 -0.4626128 0.3639238 -4.83626 33.18394 -69.11721
0.3314971 -0.4562652 0.322664 -2.011832 32.58852 -70.8195
0.3388213 -0.4513824 0.2904375 0.3851142 31.83279 -72.16301
0.3290557 -0.4381988 0.2687089 1.65229 30.80989 -73.9111
0.3249053 -0.4294097 0.2264726 -0.24084 29.09233 -74.68209
0.3236846 -0.4511382 0.1920488 -4.378244 27.06944 -74.47599
0.3324736 -0.4928863 0.1595781 -7.614886 24.22211 -74.30042
0.3373564 -0.5055816 0.1378496 -9.843893 21.36714 -73.37675
0.3463897 -0.5265777 0.1336992 -12.40114 18.75646 -72.04087
0.3510283 -0.5431792 0.1285722 -14.85916 16.1076 -70.65919
0.3610381 -0.5295074 0.1380937 -18.28664 13.69539 -68.75843
0.371292 -0.5268218 0.1454179 -23.1187 11.88623 -66.8195
0.3827666 -0.5190093 0.1578691 -27.0729 10.32898 -65.49126
