-0.6784434 -0.09040674 1.43786 10.83722 -0.2505345 3.062687
-0.669166 -0.09602198 1.455927 10.57768 -1.120764 2.681008
-0.6642832 -0.08259424 1.465448 8.00516 -1.090229 2.64284
-0.6467051 -0.06452784 1.504511 3.432641 -1.754351 3.368031
-0.6344981 -0.07893214 1.532099 -0.452855 -2.281069 4.406199
-0.6156992 -0.08674463 1.551142 -1.903237 -3.273435 5.245893
-0.5893321 -0.1045669 1.580683 -2.132244 -3.296336 5.581771
-0.5644297 -0.1016372 1.61413 -1.987206 -1.983359 4.66574
-0.5512461 -0.09455713 1.651483 -1.971939 0.4441218 2.612305
-0.5524668 -0.09748682 1.688593 -0.5673589 1.18458 2.368031
-0.5282969 -0.09504541 1.712763 1.432641 1.657862 2.200092
-0.5036387 -0.09724268 1.72619 3.165466 2.810534 1.482534
-0.4726328 -0.08723291 1.744257 3.623481 6.436488 0.322229
-0.4550547 -0.07575831 1.750116 3.203634 10.60443 -1.593801
-0.4565196 -0.07478175 1.757929 2.264702 13.76473 -3.212122
-0.4516367 -0.07234034 1.76745 2.142565 15.00137 -3.006015
-0.443336 -0.09089502 1.77453 3.333405 16.42122 -3.235023
-0.4325938 -0.1028579 1.780634 4.821954 19.44412 -4.486931
-0.4299082 -0.1187271 1.783564 5.562412 23.08534 -5.944946
-0.4316172 -0.1223892 1.79455 5.989893 25.7342 -5.922046
-0.4201426 -0.1228775 1.787958 6.386839 27.83344 -5.27319
-0.3957285 -0.1043228 1.779413 8.348672 29.85634 -6.662504
-0.4057383 -0.10652 1.798212 8.073863 32.6884 -6.265557
-0.3884043 -0.09724268 1.796015 8.883023 35.98611 -7.883877
-0.3727793 -0.08381495 1.7987 10.0815 37.55099 -8.631969
-0.365211 0.003587395 1.760614 5.806687 39.99374 -5.089984
-0.3595957 -0.03669581 1.817499 1.905924 39.41359 2.26116
-0.2883067 -0.05451807 1.850214 2.028061 40.58916 -1.563267
-0.2521739 -0.05378565 1.868524 5.821954 46.07008 -11.75411
-0.2118906 -0.02375636 1.900263 5.722717 51.41359 -14.08235
-0.2516856 -0.01594386 1.92956 4.287603 55.07771 -15.30373
-0.2509531 -0.003980964 1.956659 4.783786 55.86397 -15.28082
-0.188209 0.006272942 1.964716 1.837221 55.79527 -11.74647
-0.1601328 -0.001295418 1.981317 -1.422321 62.33725 -13.50983
-0.103248 -0.01106104 2.005976 0.5547786 64.76473 -15.41823
-0.1164316 0.03337255 2.066523 -0.8727022 64.86397 -21.34189
0.01100977 0.09782568 2.046991 -6.407054 71.009 -8.479298
0.005150393 0.08390966 2.076777 -10.07881 81.70366 -15.3877
-0.008277342 0.1205307 2.135126 -13.42995 91.08534 -15.55563
0.04128321 0.14348 2.227655 -17.85744 91.90977 -15.03655
0.05104883 0.1620347 2.288202 -21.05591 93.55862 -9.891512
0.1611562 0.1691147 2.233271 -21.06354 102.6884 -6.647236
0.450707 0.0126206 2.261103 -17.48339 139.8411 -48.72357
0.2817617 0.1871811 2.380976 -15.17805 129.696 -40.96021
0.3772207 0.1959702 2.479853 -9.941404 145.7189 -46.05945
0.3869863 0.3070542 2.516718 -12.46812 150.4899 -47.08998
0.4267812 0.3195054 2.517694 -20.36889 162.3602 -50.63197
0.5649648 0.3265854 2.576777 -19.7353 189.8258 -61.36479
0.5744863 0.4110581 2.558954 -26.04064 204.3678 -62.71593
0.6113515 0.4047104 2.609735 -26.11698 214.6731 -67.37243
0.6999746 0.3893296 2.647089 -22.84217 223.0624 -68.43349
0.7780996 0.4596421 2.581415 -27.49866 230.78 -70.13579
0.8774649 0.5197006 2.523066 -38.31545 246.0243 -73.7541
0.8896719 0.5131088 2.5133 -47.86507 246.0243 -75.74648
0.9284903 0.4950425 2.507929 -52.65133 246.0243 -78.57853
1.052514 0.5404526 2.435907 -65.30019 246.0243 -77.69304
1.119652 0.5460678 2.32995 -79.54446 246.0243 -76.87624
1.176293 0.5636459 2.241571 -90.28491 246.0243 -75.96021
1.240258 0.570726 2.185419 -96.07117 246.0243 -78.19685
1.300316 0.6051498 2.113642 -99.85744 246.0243 -81.7312
1.34768 0.6263901 2.019403 -103.9414 246.0243 -84.90678
1.358178 0.6346909 1.887079 -104.5445 246.0243 -88.15868
1.393578 0.6403061 1.747431 -102.9185 246.0243 -93.98312
1.440697 0.6381088 1.5758 -103.2238 246.0243 -99.34953
1.515404 0.6813217 1.45495 -104.9719 246.0243 -102.4717
1.504174 0.7159897 1.380243 -105.9185 246.0243 -110.2427
1.51223 0.725267 1.222528 -105.7429 246.0243 -116.5098
1.433129 0.6703354 1.146845 -106.8651 246.0243 -122.2503
1.403344 0.6190659 0.9581241 -102.949 246.0243 -128.6702
1.385277 0.5812241 0.8236026 -100.0177 246.0243 -136.8457
1.456322 0.5035873 0.7298526 -91.033 246.0243 -141.1663
1.355736 0.4840561 0.657587 -85.55972 246.0243 -141.3572
1.447777 0.4132554 0.4122256 -85.24675 246.0243 -147.9068
1.442162 0.353685 0.3304385 -64.58263 246.0243 -150.8686
1.458031 0.3907944 0.1688174 -71.33072 246.0243 -157.7236
1.325463 0.4034897 0.1546572 -70.30019 246.0243 -159.5709
1.442406 0.3697983 0.004999042 -87.88797 246.0243 -167.4488
1.406273 0.2884995 0.0191592 -112.3155 246.0243 -169.1434
1.4385 0.1393296 0.1011904 -116.262 246.0243 -166.693
1.438256 0.1002671 0.117792 -118.9185 246.0243 -166.5098
1.41848 0.03508153 0.182001 -119.6513 246.0243 -164.6396
1.425316 -0.01765284 0.2000674 -117.5292 246.0243 -163.8381
1.402855 -0.04304347 0.2283877 -114.8422 246.0243 -161.7617
1.417992 -0.07893214 0.2076358 -111.7429 246.0243 -160.9908
0.2636953 -0.8574966 -0.06165135 -71.16278 -112.2124 100.0551
0.7868886 -0.8919205 0.3255557 -46.20858 -211.7162 149.4749
0.8061758 -0.9041275 0.4070987 -42.7811 -213.5101 154.9558
0.8247305 -0.9021744 0.4346866 -41.40705 -214.1055 161.6199
0.8232656 -0.8938736 0.4410342 -39.05591 -213.3116 167.2001
0.7873769 -0.8838638 0.3812197 -38.13988 -214.1131 173.1848
0.7605215 -0.8860611 0.3231143 -37.61316 -215.7849 179.0245
0.712914 -0.9087662 0.2112979 -38.26202 -218.3879 184.8184
0.6560293 -0.9358658 0.0804385 -36.38415 -223.7696 190.9482
0.6047597 -0.9173111 -0.0277158 -37.95667 -230.4719 198.4215
0.5881582 -0.9256119 -0.06165135 -39.17804 -238.6169 204.9176
0.5798574 -0.8870377 -0.06165135 -42.55972 -244.8231 211.5436
0.5735097 -0.9195084 -0.06165135 -48.17804 -253.8154 219.1237
0.5764394 -0.9383072 -0.06165135 -49.95667 -254.2429 225.8795
0.5974355 -0.9202408 -0.06165135 -58.60553 -254.2429 234.3451
0.6301504 -0.924147 -0.06165135 -64.72003 -254.2429 241.9253
0.671166 -0.9282974 -0.06165135 -69.01011 -254.2429 249.5589
0.7358633 -0.929274 -0.06165135 -71.75056 -254.2429 251.6963
0.778832 -0.9197525 -0.06165135 -71.64369 -254.2429 251.6963
0.8572012 -0.925856 -0.06165135 -69.57499 -254.2429 251.6963
0.922875 -0.8797134 -0.06165135 -66.07881 -254.2429 251.6963
1.041039 -0.8155045 -0.06165135 -61.65133 -254.2429 251.6963
1.157982 -0.7422623 -0.06165135 -54.51392 -254.2429 251.6963
1.244408 -0.6643814 -0.05676854 -47.67423 -254.2429 251.6963
1.313988 -0.5645279 0.04577053 -40.81927 -254.2429 251.6963
1.380395 -0.5034927 0.1031436 -35.13988 -254.2429 251.6963
1.421898 -0.4436782 0.1724795 -28.65133 -254.2429 251.6963
1.46682 -0.365065 0.2554873 -21.01011 -254.2429 251.6963
1.521752 -0.3360122 0.2984561 -8.99484 -254.2429 251.6963
1.540307 -0.2742446 0.3350772 3.654015 -254.2429 251.6963
1.561791 -0.2119888 0.3475283 16.73799 -254.2429 251.6963
1.559105 -0.1184829 0.4625186 31.31814 -254.2429 251.6963
1.630883 -0.02204737 0.4595889 43.57768 -254.2429 251.6963
1.614525 0.1593491 0.562128 51.46318 -254.2429 251.6963
1.61599 0.216478 0.5914248 56.79905 -254.2429 247.1619
1.584984 0.2906968 0.6487979 61.57768 -254.2429 240.4596
1.608666 0.3202378 0.7020205 68.27234 -254.2429 233.7421
1.58474 0.3341538 0.8050479 77.196 -254.2429 227.8031
1.670189 0.6095444 0.8113955 74.76852 -254.2429 231.681
1.571557 0.7870346 0.9859561 11.1502 -254.2429 242.8031
1.596459 0.572435 1.181269 29.37157 -254.2429 229.1543
1.567406 0.5543686 1.424433 32.71508 -254.2429 211.2459
1.710473 0.4823472 1.432489 43.44028 -254.2429 202.5131
1.619408 0.497728 1.587274 31.80669 -254.2429 195.3451
1.497094 0.4574448 1.82995 33.07386 -254.2429 195.2764
1.416283 0.6810776 1.83996 25.72272 -254.2429 191.4749
1.398217 0.5702377 2.083612 11.47844 -254.2429 184.1237
1.398949 0.471605 2.06164 17.41737 -254.2429 190.1925
1.20559 0.3629624 2.208368 30.72272 -250.3574 176.8947
1.253686 0.7084213 2.57165 16.91356 -227.6551 154.7192
0.7346426 0.7697006 2.438593 -1.544458 -213.8154 182.9405
0.6560293 0.8082748 2.460321 -31.79636 -233.4795 137.7955
0.6379629 0.7399155 2.602167 -11.36125 -212.7696 137.1543
0.5512929 0.7504135 2.385126 6.966992 -190.9834 139.8642
0.4682851 0.8639389 2.286005 6.821954 -177.2353 125.8642
0.3886953 0.8175522 2.241327 17.45554 -167.6857 118.7268
0.3293691 0.8527084 2.190546 21.69218 -156.0215 107.6963
0.2646719 0.8671127 2.077265 22.69982 -148.5177 98.39093
0.2563711 0.9098373 1.947138 18.84486 -134.846 102.3604
0.1855703 0.9750229 1.894648 9.883022 -122.2124 96.34513
0.09841211 0.9852768 1.860712 3.768519 -117.8918 89.53597
0.0544668 0.9413315 1.774042 3.127298 -116.3574 80.32986
-0.0470957 0.9469467 1.744745 -0.674229 -116.3345 74.91002
-0.06589453 0.8929916 1.652704 -0.8345343 -116.0673 70.13902
-0.09323828 0.9308334 1.586786 -1.750565 -120.7467 60.2459
-0.06638281 0.9315659 1.580927 -4.666595 -122.449 52.21536
