0.9660186 -1.009244 0.3666093 70.45382 64.03889 -228.9951
1.026077 -1.054898 0.3253496 65.78207 59.95493 -227.0409
0.932083 -1.118863 0.3395097 55.26297 61.27554 -217.308
0.9237823 -1.174283 0.3233964 51.52252 59.06944 -206.3615
0.8478545 -1.192593 0.3316972 48.36221 59.00837 -196.8806
0.7689971 -1.197232 0.3150957 47.8126 58.79463 -188.5142
0.7177276 -1.177212 0.2870195 46.07214 58.03127 -179.4684
0.666458 -1.135464 0.2384355 42.18664 56.57325 -171.6974
0.6388701 -1.101773 0.2052324 33.33168 54.67249 -162.1554
0.5873565 -1.060025 0.1566484 21.19427 53.00073 -152.3004
0.5490264 -1.02731 0.1097734 8.041603 50.41295 -142.5829
0.5084991 -0.9933745 0.08194137 -2.820992 47.42058 -133.8806
0.4899444 -0.9770171 0.03848433 -9.630153 43.45111 -126.8577
0.4862823 -0.9731109 -0.01180863 -9.202672 40.93967 -122.8958
0.4281768 -0.9679839 -0.08895707 -10.57672 31.60378 -116.7508
0.4140166 -0.9228179 -0.09921098 -15.30191 23.71066 -110.4684
0.3937529 -0.8954741 -0.114836 -15.37061 15.09997 -105.8729
0.4123076 -0.8798491 -0.1238692 -11.59962 7.939664 -102.7203
0.4289092 -0.8771636 -0.1302168 -7.072901 -0.3504122 -99.71263
0.4264678 -0.8627593 -0.1202071 -1.56145 -8.541252 -96.90347
0.4333037 -0.8461577 -0.08578324 6.079771 -16.77789 -94.7737
0.4328155 -0.8144195 -0.05355668 14.89656 -24.38858 -93.10957
0.4462432 -0.7814605 -0.00643754 24.42328 -30.39621 -91.52179
0.4594268 -0.751187 0.02530074 31.98817 -36.32751 -90.70499
0.4835967 -0.719937 0.05825973 39.59885 -41.80843 -90.12484
0.5026397 -0.6862456 0.0641191 44.87366 -46.38858 -89.52942
0.7545928 -1.40939 0.07046676 83.64466 -231.5107 116.692
0.6083526 -0.4445464 1.401033 218.5302 -133.4039 235.5164
0.5446319 -0.4130523 1.390779 220.0492 -123.9535 239.2263
0.4877471 -0.3129546 1.360018 211.8279 -114.1061 242.6309
0.4530791 -0.23898 1.35074 197.9271 -105.6405 247.8294
0.4276885 -0.1752593 1.329744 178.866 -100.0222 250.921
0.4027862 -0.1361968 1.337068 155.5378 -93.25117 253.9744
0.3888701 -0.1193511 1.352937 130.6217 -87.34278 258.0584
0.3668975 -0.126187 1.37491 105.6447 -81.27408 261.3026
0.3546904 -0.1225249 1.391023 85.50726 -76.06797 263.379
0.3212432 -0.1327788 1.416658 69.08741 -71.8695 263.2187
0.2978057 -0.1842925 1.459871 63.16374 -67.90767 259.7454
0.2848662 -0.2109038 1.492098 61.89656 -65.22827 255.4095
0.2489775 -0.2572906 1.518953 66.73626 -63.31988 250.6767
0.2182158 -0.3022124 1.546297 76.9729 -60.18247 243.5011
0.08442677 -0.2734038 1.570955 79.22481 -55.54889 239.5546
0.06440723 -0.3866851 1.539217 93.09504 -58.99163 235.066
0.2760772 -0.4760406 1.587801 114.0111 -51.71682 223.8294
0.3615264 -0.4960601 1.596834 130.9653 -47.90003 217.7607
0.4154815 -0.5424468 1.633943 152.2324 -43.44965 214.5393
0.4145049 -0.5641753 1.678133 171.3851 -37.11377 212.9286
0.3283232 -0.5204741 1.722322 178.1637 -30.20537 216.8294
0.2821807 -0.4701812 1.73282 187.8889 -24.49545 220.6614
0.2570342 -0.424771 1.76285 196.6905 -20.35041 223.15
0.2357939 -0.3290679 1.801668 201.1866 -10.24354 224.4477
0.2514189 -0.2726714 1.828768 204.9195 0.6190534 226.6843
0.2548369 -0.1879546 1.847811 198.6523 14.8786 230.9515
0.2685088 -0.06148975 1.774568 181.866 29.51218 236.3103
0.2455596 -0.1064116 1.713533 164.6905 35.09234 240.5851
0.291458 -0.05270069 1.702303 158.4004 45.06944 243.6996
0.2917022 -0.07882373 1.68741 149.2248 52.0389 248.0126
0.3166045 0.0115083 1.657869 136.2401 62.80226 251.8217
0.2370147 0.01541455 1.649324 130.263 68.05417 253.7988
0.2074736 0.090854 1.640779 124.1714 75.74883 253.6767
0.2052764 0.1365083 1.605867 110.5531 80.91676 255.1347
0.1964873 0.1557954 1.597566 101.8813 86.62669 255.2339
0.2245635 0.1885102 1.572908 94.9042 90.81753 254.9744
0.1840361 0.1911958 1.564607 97.71336 93.87859 250.9973
0.2206572 0.2031587 1.526033 99.45382 94.64195 248.4858
0.2397002 0.2600434 1.551912 109.7439 98.45111 241.2492
0.2516631 0.3198579 1.555086 117.9958 103.6954 233.8981
0.2667998 0.3293794 1.511385 126.3317 107.2297 228.1194
0.2768096 0.3862641 1.528475 138.7439 108.1992 222.6538
0.2545928 0.5012544 1.582674 143.0874 115.9015 216.1576
0.2228545 0.603061 1.594393 154.4996 120.5656 207.4858
0.2399443 0.6785005 1.560945 166.6981 122.4893 198.8294
0.2494658 0.820102 1.643953 176.7897 128.558 186.753
0.2397002 0.8974946 1.632234 189.2553 134.4587 173.0049
0.2108916 0.9900239 1.61368 200.6065 139.1381 159.295
0.2050322 1.059116 1.614656 211.8431 142.4282 145.2874
0.1833037 1.123081 1.603182 219.4691 145.6954 131.066
0.1637725 1.137973 1.603182 230.9042 148.8023 114.7759
0.043167 1.135776 1.633211 238.1561 151.1152 99.95149
0.07173145 1.091831 1.638582 242.8126 155.5122 86.95149
0.12471 1.014438 1.622957 242.9729 157.703 74.40188
0.1911162 0.97977 1.62491 242.9729 160.0618 65.67669
0.2721709 0.9617036 1.670564 242.9729 164.2603 56.51638
0.3971709 0.9739106 1.704256 242.9729 174.5961 48.49348
0.532669 1.019321 1.685945 242.9729 182.9855 37.73012
0.5910186 1.06937 1.651521 242.9729 193.8023 29.69959
0.7003936 1.151157 1.62198 242.9729 206.1152 23.47821
0.7538604 1.315952 1.575838 226.1332 218.3213 12.93623
0.815628 1.430942 1.483309 189.2248 235.8633 4.607985
0.7736358 1.381626 1.410555 153.805 247.9397 -5.109573
0.6930694 1.323276 1.390047 133.5531 247.9397 -19.25461
0.6640166 1.189243 1.384432 115.1103 247.9397 -30.14774
0.5851592 1.026645 1.300936 99.27824 247.9397 -41.03323
0.595169 0.9045747 1.260652 100.9882 247.9397 -52.45309
0.6366729 0.821811 1.173006 92.01107 247.9397 -60.81187
0.6552276 0.7449067 1.070467 82.75916 247.9397 -68.56759
0.7206573 0.6050141 0.9518145 79.0416 247.9397 -75.44545
0.7504424 0.4807466 0.907625 76.62176 247.9397 -80.29278
0.7626494 0.3938325 0.846834 77.96527 247.9397 -83.27751
0.7724151 0.3301118 0.7677324 83.50726 247.9397 -86.57523
0.7904815 0.2993501 0.6656816 94.93474 247.9397 -91.91873
0.8285674 0.307895 0.6471269 104.5531 247.9397 -98.48362
0.859085 0.2834809 0.6144121 117.1485 247.9397 -106.5218
0.8708037 0.2868989 0.5902421 128.7821 247.9397 -114.9035
0.8891143 0.2700532 0.5675371 142.2706 247.9397 -125.3004
0.9201201 0.2451509 0.5509355 155.4538 247.9397 -136.2699
0.9594268 0.1965669 0.5411699 165.6599 247.9397 -146.4913
1.048538 0.3762544 0.5126054 152.9729 247.9397 -151.2317
0.9584502 -0.01803271 0.5253007 155.4309 247.9397 -157.3539
1.006058 -0.04195849 0.4735429 166.0721 247.9397 -165.4836
1.037552 -0.1940581 0.4669511 186.2706 247.9397 -172.079
1.063187 -0.1391265 0.4112871 195.324 247.9397 -181.6745
1.139358 -0.03390186 0.3707597 185.7744 247.9397 -189.2241
1.088821 -0.2214019 0.3067949 176.0492 247.9397 -192.2928
1.027298 -0.3273589 0.1937578 164.7897 247.9397 -190.0714
1.059769 -0.3446929 0.05044723 147.2782 247.9397 -184.1859
0.9816436 -0.3561675 -0.01644731 129.4767 247.9397 -175.934
-0.02128613 -0.07638233 0.9381426 -16.74466 -29.19011 29.0889
-0.2427217 -0.570523 0.3544023 -46.79809 -20.23591 40.05836
-0.2165986 -0.5563628 0.4183671 -47.30954 -22.85423 43.56218
-0.1689912 -0.4982574 0.4847734 -49.67596 -23.47255 46.84463
-0.1123506 -0.4408843 0.5472734 -54.96603 -22.21301 50.26447
-0.1035615 -0.4069488 0.5641191 -59.59962 -21.0298 52.48585
-0.08891308 -0.3666656 0.6117265 -61.69886 -21.51835 54.17287
-0.08549511 -0.320523 0.6688554 -62.8897 -20.20537 55.00493
-0.0740205 -0.2609527 0.7088945 -62.81336 -18.31988 55.14233
-0.06816113 -0.2294585 0.7533281 -60.63015 -16.51835 53.74539
-0.06449902 -0.1991851 0.7745683 -57.30191 -13.99927 51.96676
-0.05497754 -0.1667144 0.8080156 -51.35535 -11.97637 48.93623
-0.06571972 -0.1708647 0.8404863 -46.45458 -8.991633 46.63852
-0.04057324 -0.1432769 0.8512285 -41.30954 -5.77026 44.09653
-0.05644238 -0.1049468 0.8522051 -35.01947 -2.999267 39.93623
-0.05400097 -0.09249561 0.8534258 -31.23321 -0.1366718 36.50875
-0.04643261 -0.09493702 0.8619707 -28.1187 3.748825 33.2034
-0.02665722 -0.1049468 0.8605059 -23.0729 6.565618 29.53928
-0.01884472 -0.1288726 0.8695391 -18.72939 10.52745 26.1576
-0.03715527 -0.164273 0.8580645 -13.08817 16.0618 22.60035
-0.06889355 -0.2067534 0.8343828 -7.034733 20.20684 19.60798
-0.1143037 -0.2438628 0.7845781 -0.7904582 23.62669 17.41714
-0.1313936 -0.2873199 0.7164629 5.194274 25.70302 16.18814
-0.1350557 -0.3200347 0.6586015 8.950001 27.03127 15.68432
-0.1318818 -0.3300445 0.5919511 12.66756 28.14577 15.82173
-0.1204072 -0.3317534 0.5545976 16.43855 28.0847 15.40951
-0.1172334 -0.3390777 0.4984453 19.11794 28.64195 15.11944
-0.1235811 -0.334439 0.4325273 19.65992 27.54272 15.066
-0.1262666 -0.3429839 0.3949296 16.70572 26.1076 15.89806
-0.1343232 -0.3473784 0.3551347 11.69809 24.42058 17.82936
-0.1453096 -0.3512847 0.3370683 4.751526 22.69539 20.0431
-0.1472627 -0.3581206 0.3180254 -1.317176 20.1076 22.40951
-0.1504365 -0.3503081 0.2977617 -5.920229 17.36714 24.22631
