0.922875 -0.3750747 1.11413 -35.65133 -98.80016 62.72681
0.9062735 -0.3682388 1.129267 -45.49102 -97.85359 63.2688
0.9050528 -0.3762954 1.171747 -56.44522 -96.94519 65.3604
0.9197012 -0.4361099 1.202509 -64.42232 -97.18183 70.55887
0.9492422 -0.4876235 1.24914 -68.75056 -95.26581 73.85658
0.955834 -0.4920181 1.307489 -72.97194 -92.51008 78.3375
0.9267813 -0.5010513 1.340692 -75.12461 -90.86886 83.18483
0.9206778 -0.5266861 1.399042 -73.25438 -88.95283 86.46727
0.9255606 -0.5261978 1.464716 -70.8727 -87.51772 90.98635
0.9421621 -0.5418228 1.530634 -71.04827 -82.40321 95.39093
0.9153067 -0.5344986 1.560175 -76.8727 -74.73145 96.44437
0.9809805 -0.5198502 1.467646 -80.56736 -56.67038 121.2612
0.8733145 -0.6338638 1.517694 -79.12461 -56.37267 141.2535
0.7922597 -0.9058365 1.48205 -76.39942 -51.85359 108.3833
0.8591543 -0.6992935 1.495478 -76.91087 -65.76962 109.8718
0.8442617 -0.8660416 1.388788 -78.32308 -61.1513 119.4978
0.7907949 -0.8611588 1.42663 -78.94141 -60.20473 123.4215
0.7898183 -0.9019302 1.372919 -78.46049 -59.29633 130.765
0.7578359 -0.929274 1.345575 -77.42995 -58.23527 135.223
0.7414785 -0.9702896 1.32287 -74.24675 -58.48717 140.4749
0.7165761 -1.017897 1.317743 -68.94141 -57.34214 145.2459
0.6865469 -1.040114 1.28869 -61.9185 -56.98336 150.1925
0.6594472 -1.045485 1.230097 -58.74293 -56.28107 155.1467
0.6076894 -1.081618 1.155146 -55.75056 -57.1742 162.2153
0.556664 -1.087965 1.11706 -56.17804 -58.1513 166.9634
0.5349355 -1.118483 1.035028 -60.85743 -62.94519 179.4978
0.4963613 -1.254225 0.9222354 -61.42995 -65.18947 185.2764
0.4734121 -1.308668 0.8699893 -62.19331 -66.30397 193.536
0.4267812 -1.322585 0.8079776 -65.94141 -70.80779 207.5283
0.3926015 -1.365065 0.6934756 -70.54446 -74.34978 217.9482
0.3115469 -1.415114 0.655878 -73.44522 -81.71619 229.0169
0.3581777 -1.515211 0.5172061 -68.75056 -82.26581 232.9558
0.3125234 -1.40779 0.4932803 -69.58263 -92.18183 242.9329
0.3298574 -1.386793 0.4356631 -77.04827 -107.991 251.6963
0.4336172 -1.480788 0.5689639 -83.72003 -117.3956 251.6963
0.5786367 -1.479567 0.6324405 -81.97194 -118.9605 251.6963
0.5891347 -1.51277 0.6326846 -86.033 -121.6017 251.6963
0.6040273 -1.516676 0.6065616 -83.77347 -129.0215 251.6963
0.658959 -1.483717 0.6458682 -79.804 -137.0063 251.6963
0.7031484 -1.433913 0.695917 -75.34599 -140.7773 251.6963
0.7400136 -1.32527 0.7391299 -74.56736 -144.4414 251.6963
0.8103262 -1.264967 0.7549991 -74.39178 -149.8383 251.6963
0.8708731 -1.159254 0.7923526 -72.60552 -153.5788 251.6963
0.9375235 -1.066969 0.8279971 -73.05591 -159.8612 251.6963
0.9963614 -1.005934 0.8880557 -69.8498 -160.3574 251.6963
1.017113 -0.9243912 0.9144229 -65.40705 -165.2276 251.6963
1.071801 -0.8142838 0.9642276 -64.8727 -167.136 251.6963
1.124291 -0.7759537 0.9920596 -58.84217 -168.0597 251.6963
1.177025 -0.6704849 1.04455 -55.42232 -167.2124 251.6963
1.190941 -0.5764908 1.108026 -60.36889 -167.8841 251.6963
1.263207 -0.5113052 1.143671 -58.6895 -166.533 251.6963
1.278832 -0.4107193 1.154657 -55.8956 -167.8994 251.6963
1.297631 -0.3211196 1.189081 -55.30782 -167.6551 251.6963
1.237816 -0.2779068 1.253778 -45.38415 -170.4795 251.6963
1.401879 -0.03449854 1.323114 -36.53682 -164.2811 251.6963
1.413354 0.02409521 1.344843 -29.7811 -164.7773 251.6963
1.435814 -0.001051277 1.334101 -16.38415 -160.8078 251.6963
1.389916 0.04264989 1.445185 -6.689496 -161.4643 251.6963
1.389428 0.05681005 1.493036 -5.666595 -154.0368 251.6963
1.362572 0.09440771 1.525507 -1.903237 -154.2811 251.6963
1.371361 0.08757177 1.529657 7.60058 -146.762 251.6963
1.362816 0.1769272 1.549677 12.94409 -140.5406 251.6963
1.355004 0.2057358 1.552362 16.47081 -134.2124 251.6963
1.339379 0.2086655 1.494745 24.196 -127.1895 251.6963
1.339623 0.2496811 1.452753 29.24944 -122.1437 251.6963
1.29934 0.2594468 1.393671 28.78379 -114.8154 251.6963
1.296898 0.3063218 1.415888 29.83722 -111.0597 251.6963
1.291527 0.3512436 1.348993 31.47081 -104.2811 251.6963
1.241234 0.4098374 1.321405 32.70745 -100.8765 251.6963
1.250756 0.4738022 1.262567 30.53951 -96.05206 251.6963
1.217064 0.4762436 1.242792 39.57005 -91.80779 251.6963
1.199975 0.5304428 1.202753 50.99753 -92.67802 251.6963
1.196313 0.6884018 1.201288 62.68455 -86.11314 251.6963
1.02224 0.7613998 1.254267 72.28761 -90.93756 251.6963
1.474877 0.8956772 1.019892 85.16547 -86.27344 251.6963
1.62307 2.163683 1.295038 55.79905 -102.9986 251.6963
0.9785391 1.109789 1.496942 35.60822 -83.31924 251.6963
0.7776113 1.538011 1.406366 49.99753 -32.46428 251.6963
0.6645742 1.55266 1.243769 32.00516 -19.3116 251.6963
0.6113515 1.675462 1.045038 12.79905 -17.96809 251.6963
0.5095449 1.675218 0.9974307 -0.6971298 -25.83069 251.6963
0.5874258 1.806566 0.7960147 -27.78873 -35.66275 251.6963
0.5854726 1.834154 0.5594424 -47.49102 -15.01389 250.7039
0.297875 1.891283 0.6050967 -67.75819 -29.60168 241.0932
0.5525136 -1.343336 0.5049991 -84.05591 -126.4185 212.1772
0.6887441 -1.609938 0.3792666 -85.10171 -182.0292 251.6963
0.7229238 -1.677321 0.3995303 -82.47575 -188.4795 251.6963
0.7668691 -1.662917 0.438837 -83.13988 -195.2811 251.6963
0.9455801 -1.601149 0.4141788 -89.97194 -198.8994 251.6963
0.9458242 -1.63362 0.5672549 -101.3231 -203.3116 251.6963
0.9494864 -1.681715 0.5985049 -96.36888 -206.1284 251.6963
1.046654 -1.562819 0.6607608 -106.5521 -202.6628 251.6963
0.9802481 -1.344801 0.8143252 -127.5139 -212.4872 251.6963
1.122338 -1.780592 0.7615909 -105.6513 -210.0826 251.6963
1.207543 -1.580153 0.794794 -108.4758 -218.533 251.6963
1.26101 -1.730544 0.7469424 -100.3231 -218.5253 251.6963
1.360131 -1.710524 0.7608584 -93.45285 -227.2658 251.6963
1.416527 -1.616286 0.8228702 -88.75056 -229.0063 251.6963
1.471459 -1.638014 0.8633975 -75.10934 -232.1818 251.6963
1.562523 -1.498854 0.9405459 -66.75056 -232.7315 251.6963
1.635277 -1.488844 1.096063 -50.27728 -232.6551 251.6963
1.754906 -1.353835 1.213983 -29.15514 -232.7543 251.6963
1.798852 -1.265211 1.273554 -14.63606 -229.2963 251.6963
1.861596 -1.06526 1.367548 7.249435 -226.3574 251.6963
1.942406 -0.9563736 1.415888 27.86012 -217.6246 251.6963
1.875268 -0.8435806 1.557001 50.89829 -220.7543 251.6963
1.870873 -0.7671646 1.613153 79.37157 -210.7315 251.6963
1.892846 -0.6929459 1.6112 108.3945 -190.0368 251.6963
1.81643 -0.6861099 1.576044 134.6845 -180.4566 251.6963
1.712426 -0.3782485 1.587519 157.2952 -163.3727 251.6963
1.592797 -0.1328872 1.562372 173.4403 -154.5177 251.6963
1.565697 0.02629247 1.603388 182.4861 -140.1971 251.6963
1.444359 0.2113511 1.498651 183.9899 -129.6246 251.6963
1.451439 0.3641831 1.400751 159.0968 -113.6398 251.6963
1.351586 0.3302475 1.345819 128.6235 -108.4185 251.6963
1.346459 0.186937 1.181513 119.7304 -94.45664 251.6963
1.191918 0.2645737 1.132929 107.5929 -89.18183 251.6963
1.073022 0.2711655 0.9879092 95.30287 -86.49481 251.6963
1.006371 0.3116929 0.8126163 86.66165 -90.54825 251.6963
0.9712149 0.284105 0.7152041 97.196 -89.38031 251.6963
0.8330313 0.3387925 0.5860538 113.967 -107.2658 251.6963
0.9560781 0.7816635 0.4905948 85.40211 -97.91466 251.6963
0.877709 0.9498764 0.5855655 52.86776 -102.7849 251.6963
0.8740469 0.9728256 0.5716495 25.95173 -99.99863 251.6963
0.9333731 0.9357162 0.5560245 14.66165 -110.7391 251.6963
0.9409414 0.9398666 0.584833 19.75325 -108.8078 251.6963
0.8069082 1.018236 0.687128 40.86012 -114.2429 251.6963
1.060814 1.338304 0.791376 87.39448 -122.2124 251.6963
1.118188 1.880785 0.6776065 -15.20095 -127.3421 251.6963
0.8310781 1.762865 0.9449405 -4.048275 -127.3192 251.6963
0.8044668 1.92473 0.9744815 -6.262015 -133.8231 251.6963
0.7990957 2.08098 1.086542 -10.84217 -143.1055 251.6963
0.8357168 2.040453 1.199091 -19.55972 -131.8383 251.6963
0.7920156 2.125902 1.20788 -10.74293 -131.1513 241.3833
0.7060781 2.163683 1.337763 -4.185679 -143.5024 207.3222
0.6706777 2.163683 1.544794 -5.918504 -136.7391 181.9558
0.6423574 2.163683 1.704218 -0.06354201 -121.5864 149.3528
0.5974355 2.163683 1.844843 3.478443 -106.0979 108.5818
0.6235586 2.163683 1.829706 3.379206 -89.41084 91.2459
0.6025625 2.163683 1.916864 13.74562 -61.46428 56.15429
0.4878164 1.976244 2.008417 30.36394 -63.2658 50.20773
0.3928457 2.005296 2.056025 8.959359 -45.1055 6.64284
0.2365957 1.904466 2.06286 -2.300183 -60.52534 7.55887
0.3322988 1.702318 1.869501 -10.49866 -62.36504 7.459634
0.3957754 1.538011 1.718378 -22.04827 -46.05969 -12.15105
0.3484121 1.367845 1.672968 -34.68186 -28.30397 -30.4564
0.2529531 1.269945 1.672235 -49.42995 -16.55588 -36.95258
0.1772695 1.15056 1.594599 -67.55972 -11.60168 -35.5022
0.1274648 0.9952866 1.514276 -87.13224 -9.990993 -29.05182
0.2759023 0.77556 1.37121 -100.5979 2.10061 -37.5709
