0.296585 0.03909619 0.7704179 17.59886 -8.342779 32.81409
0.324417 0.1374849 0.7069414 -3.011832 -6.953465 39.02783
0.3449248 0.2231782 0.6776445 -9.210305 -5.045069 41.66905
0.3546904 0.1709321 0.6778886 -13.69885 -3.319878 44.66905
0.3578643 0.1785005 0.6857011 -9.424046 -2.006901 43.91333
0.3446807 0.1777681 0.6930254 -4.591985 -0.167206 43.066
0.3217314 0.1897309 0.7015703 -0.5690842 1.000733 42.35608
0.310501 0.1753267 0.7235429 0.0339694 2.183939 42.31027
0.3107451 0.1526216 0.7530839 1.301145 3.947298 42.53928
0.3173369 0.1426118 0.758455 -1.279008 6.191573 43.83699
0.3314971 0.1470063 0.760164 -3.309542 7.825161 45.59272
0.3578643 0.1465181 0.7594316 -7.072901 10.22974 48.0202
0.3693389 0.1484712 0.7420976 -9.798092 11.46638 50.0431
0.3830107 0.1391938 0.7474687 -7.408779 13.55035 50.63089
0.3866729 0.141147 0.7569902 -7.256107 15.50455 52.29501
0.3837432 0.1484712 0.7484453 -5.653053 17.78699 53.0431
0.3898467 0.1257661 0.7486894 -3.019466 19.68012 53.89806
0.3813018 0.125522 0.7547929 -4.233206 21.64195 55.30264
0.3776397 0.125522 0.7381914 -4.614885 23.68776 56.92096
0.3676299 0.1443208 0.7130449 -8.996565 26.35951 59.56218
0.3637236 0.1540864 0.6842363 -14.73702 28.32898 62.09653
0.3510283 0.236606 0.6747148 -26.36298 28.43585 65.8828
0.3229522 0.1072114 0.6571367 -17.48512 33.03127 64.64616
0.3253936 0.1887544 0.6026933 -21.64542 31.91676 65.37897
0.3268584 0.1809419 0.5731523 -11.62252 31.9473 64.54691
0.3246611 0.2014497 0.5672929 -12.1187 31.93203 64.42478
0.3239287 0.2319673 0.5323808 -11.78282 31.52745 63.52402
0.322708 0.2270845 0.5316484 -10.21794 30.16104 63.1805
0.3112334 0.2256196 0.5475175 -9.0271 28.32898 62.37135
0.3109893 0.2185395 0.6004961 -9.927862 28.78699 61.49348
0.3754424 0.1570161 0.61075 -2.492748 29.28317 59.31791
0.4179229 0.1589692 0.5970781 5.583588 28.34424 58.1576
0.4459991 0.1860688 0.5926836 6.240077 27.20684 58.18814
0.4596709 0.1821626 0.6202714 4.163741 26.09233 59.066
0.4611358 0.1487153 0.6637285 1.713358 25.65722 60.01257
0.4584502 0.116977 0.714998 0.5530534 26.0618 61.42478
0.4628448 0.1059907 0.7645586 1.896565 27.12287 61.56218
0.4647979 0.09402782 0.8002031 2.308778 27.54272 62.69958
0.4833526 0.07815869 0.8353594 2.209542 29.45875 64.09653
0.5106963 0.09231884 0.8583086 -1.904962 33.77936 66.29501
0.5380401 0.09939892 0.8487871 -7.508016 36.52745 69.30264
0.5353545 0.1067231 0.8236406 -14.01947 40.06944 72.67669
0.5146026 0.1150239 0.8070391 -19.27137 42.62669 76.05836
0.4843291 0.1433442 0.7716386 -25.51565 45.09997 78.72249
0.4560088 0.1848481 0.7154863 -32.80573 48.18394 81.68432
0.4521026 0.1965669 0.6734941 -37.38588 50.24501 83.2263
0.4152373 0.2231782 0.6061113 -42.04237 51.41295 84.31027
0.5641631 0.3296235 0.5736406 -23.0271 2.61142 -10.82713
0.5851592 0.1914399 0.4864824 -8.401145 1.680122 -14.46072
0.5814971 0.1877778 0.470125 -9.843893 0.05416799 -12.87293
0.5814971 0.1787446 0.4742754 -11.38588 -1.648122 -11.65156
0.5824737 0.1855806 0.4818437 -12.0271 -2.861863 -11.07904
0.5841826 0.1709321 0.4896562 -12.27137 -4.235909 -9.819496
0.5790557 0.1616548 0.5067461 -12.17214 -5.274076 -9.06377
0.5722198 0.1465181 0.5226152 -11.77519 -6.296977 -7.964535
0.5802764 0.1277192 0.5272539 -10.75229 -6.449649 -7.040871
0.579544 0.1108735 0.5406816 -8.714123 -6.808427 -6.056137
0.5756377 0.09695751 0.5533769 -6.553817 -6.671023 -5.163008
0.5678252 0.075229 0.5690019 -4.286641 -6.518351 -3.872931
0.5673369 0.05911572 0.5807207 -2.004199 -5.732092 -3.12484
0.560501 0.05032666 0.5885332 0.7209921 -5.220641 -1.712626
0.5539092 0.03323682 0.6029375 3.54542 -4.457283 -0.3462143
0.5507354 0.02981885 0.6075761 6.186641 -3.754992 0.9896641
0.5331573 0.02395947 0.6078203 8.507252 -3.251175 2.539282
0.5280303 0.02395947 0.6153886 10.49962 -2.434382 4.241573
0.5282744 0.0259126 0.6105058 11.68283 -2.09087 6.165236
0.515335 0.03714307 0.6200273 12.31641 -1.838962 8.302641
0.5104522 0.05325634 0.6205156 12.49199 -1.464916 9.882794
0.5084991 0.06814892 0.6217363 12.64466 -1.213008 11.93623
0.5043487 0.09500439 0.6261308 12.19427 -1.327511 13.59272
0.510208 0.1155122 0.6322343 11.54542 -1.022168 15.28737
0.5072783 0.1452974 0.6190507 11.22481 -1.350412 15.9744
0.5141143 0.1667817 0.6251543 10.43092 -1.426748 16.89806
0.5180205 0.1894868 0.6251543 9.041603 -1.602321 17.32554
0.5241241 0.2117036 0.6322343 7.499618 -1.671023 18.05073
0.5241241 0.226352 0.6354082 6.308778 -1.693924 18.10417
0.5299834 0.2356294 0.6322343 4.430916 -1.770259 18.31027
0.5338897 0.2510102 0.6336992 2.84313 -1.961099 18.0889
0.5331573 0.2619966 0.6236894 1.003435 -2.17484 17.82936
0.5407256 0.2622407 0.6398027 -0.4851146 -2.243542 17.14997
0.5375518 0.2544282 0.6424882 0.1790075 -2.342779 16.1805
0.5282744 0.2556489 0.6407793 -3.53855 -1.68629 16.1805
0.5138701 0.2605317 0.638582 -4.920229 -1.442015 15.53165
0.5165557 0.2527192 0.6439531 -5.446947 -1.190107 14.82936
0.5158233 0.2441743 0.6476152 -4.500381 -0.5717863 13.62325
0.510208 0.2324556 0.6466386 -3.828626 0.1915724 12.40951
0.5182647 0.220981 0.6434648 -3.469847 0.7106564 11.65379
0.5097198 0.2090181 0.6380937 -3.492748 1.428214 10.89806
0.5165557 0.1999849 0.6427324 -3.004199 2.084702 10.28737
0.494583 0.1467622 0.6185625 0.117939 3.725924 8.394244
0.4870147 0.1301606 0.6168535 0.1942749 3.985466 8.775924
0.4865264 0.1216157 0.6190507 0.3469462 4.267909 8.966763
0.4804229 0.1094087 0.607332 0.2935114 4.733557 9.264473
0.4728545 0.10477 0.6007402 0.2019081 4.924397 9.791191
0.4647979 0.1067231 0.5943925 0.1942749 4.657221 10.74539
0.4674834 0.1020845 0.5812089 -0.462214 4.328977 11.85989
0.4618682 0.1033052 0.5821855 -1.172138 3.970199 12.59272
0.4538116 0.10477 0.5580156 -1.966031 3.42058 13.67669
0.4523467 0.1194185 0.5594804 -2.637786 2.809893 14.34844
0.4535674 0.1181978 0.5489824 -3.393512 2.283175 15.11944
0.4503936 0.1260103 0.5462968 -4.195038 1.573252 15.52402
0.4420928 0.13602 0.543123 -4.94313 0.9091299 16.26447
0.4508819 0.1399263 0.5428789 -5.828626 0.07706881 16.60035
0.4501494 0.1440767 0.5365312 -6.294275 -0.3504122 17.066
0.4462432 0.151645 0.5433671 -6.43168 -0.9763664 16.96676
0.4484405 0.1435884 0.5387285 -7.088168 -1.861863 17.32554
0.4574737 0.1357759 0.5377519 -7.05 -1.907664 17.45531
0.4479522 0.1362642 0.5399492 -7.355344 -2.655756 17.62325
0.449417 0.1301606 0.5445879 -7.019466 -2.907664 17.57745
0.4455108 0.1277192 0.5455644 -7.172138 -3.625221 17.96676
0.4428252 0.1206392 0.5506914 -7.393512 -4.38858 18.26447
0.435501 0.1181978 0.5577714 -7.889695 -4.739725 18.9744
0.4455108 0.1089204 0.5514238 -8.149237 -5.296977 19.46295
0.4411162 0.1106294 0.5524004 -8.798092 -6.472549 20.51638
0.4413604 0.1084321 0.5624101 -9.508016 -6.655756 21.20341
0.4484405 0.1096528 0.5611894 -10.53855 -7.235909 22.32554
0.4496612 0.09671337 0.5675371 -11.42405 -7.762626 23.05073
0.447708 0.09500439 0.5758379 -12.33244 -8.296977 24.20341
0.4462432 0.09231884 0.5699785 -13.17214 -8.884764 25.40951
0.4503936 0.08768017 0.5885332 -14.33244 -9.28171 26.63089
0.4445342 0.08572704 0.588289 -15.50801 -9.922932 28.50875
0.4540557 0.09158642 0.5978105 -16.97366 -10.18247 30.0431
0.4435576 0.09573681 0.5963457 -18.11107 -10.52598 31.61562
0.4430694 0.09231884 0.6009843 -19.17977 -10.65576 32.61562
0.4394073 0.1140474 0.6009843 -20.24847 -11.02217 33.98966
0.449417 0.1142915 0.6046464 -21.48512 -11.36568 35.25684
0.4325713 0.1260103 0.6134355 -22.89733 -11.18247 36.41714
0.4296416 0.148227 0.622957 -24.67595 -11.19774 37.60799
0.4230498 0.1645845 0.6310136 -25.50801 -10.58705 38.29501
0.4223174 0.1719087 0.6332109 -25.9126 -10.30461 38.56982
0.4176787 0.1924165 0.6422441 -26.13397 -9.510717 38.66905
0.4242705 0.2117036 0.6571367 -25.95076 -8.358046 38.29501
0.4240264 0.2278169 0.6676347 -25.41641 -7.09087 37.83699
0.4245147 0.2495454 0.6866777 -24.72939 -5.510717 36.79882
0.4328155 0.2683442 0.6839921 -23.51565 -3.854229 35.47821
0.4286651 0.2817719 0.6830156 -22.21031 -2.182473 34.07363
0.4379424 0.2995942 0.6844804 -21.21031 -0.8236947 32.76066
0.4513701 0.1936372 0.6324785 -0.7675576 12.83279 18.60798
0.4108428 0.3327973 0.7455156 -18.79046 5.61142 25.28737
0.4101104 0.3389009 0.7482011 -18.37061 6.359512 24.21104
0.4027862 0.3450044 0.7574785 -17.28664 6.954932 22.9973
0.4010772 0.3579438 0.7643144 -16.40115 8.168673 21.59272
0.4066924 0.3664887 0.7665117 -16.05763 9.344244 20.27974
0.4020537 0.3618501 0.7706621 -15.82863 10.38241 19.27211
0.4035186 0.3681977 0.7643144 -15.23321 11.39005 17.81409
0.404251 0.3755219 0.7633379 -14.81336 13.04653 16.27211
0.4057158 0.3691743 0.7572343 -15.30954 14.31371 15.51638
0.400833 0.3603852 0.7608964 -14.94313 14.97783 14.2034
0.3871611 0.3486665 0.7528398 -12.90496 15.97783 12.74539
0.3859404 0.3503755 0.7579668 -12.33244 16.9244 11.96676
