1.323754 1.372972 1.054804 -214.5979 -122.2582 -248.5709
1.357445 1.234789 1.093378 -226.5063 -116.6322 -248.5709
1.437035 1.11638 1.12536 -232.0865 -109.6933 -248.5709
1.500512 1.048265 1.184687 -237.9109 -102.533 -248.5709
1.544457 0.9054428 1.176386 -241.7735 -92.38031 -248.5709
1.517846 0.7562729 1.092157 -246.0712 -83.23527 -248.5709
1.584984 0.5677963 1.119501 -243.2315 -84.70092 -248.5709
1.64724 0.386644 1.181513 -246.491 -70.23527 -248.5709
1.662133 0.2428452 1.161005 -244.1857 -62.76962 -248.5709
1.619164 0.09050146 1.14953 -239.8422 -54.1513 -248.5709
1.626732 -0.02473292 1.088251 -231.6895 -51.76199 -248.5709
1.638207 -0.2078384 1.128534 -225.8956 -42.79252 -248.5709
1.575463 -0.3448013 0.9361514 -222.9491 -32.76199 -248.5709
1.479272 -0.7500748 1.03161 -223.4605 -29.73145 -248.5709
1.53933 -0.9793228 0.8887881 -199.5674 -13.62458 -248.5709
1.749291 -0.7779068 0.6009463 -241.0101 -0.2429011 -248.5709
0.9861074 -0.9373306 1.11706 -248.5139 -25.96046 -248.5709
1.261254 -1.464919 0.5784854 -248.5139 -69.96046 -248.5709
0.716332 -1.836256 0.6168155 -248.5139 -17.55588 -248.5709
0.9011465 -1.836256 0.43371 -248.5139 -25.14367 -248.5709
0.7717519 -1.836256 0.3267764 -248.5139 -29.1284 -248.5709
0.53225 -1.836256 0.3619326 -248.5139 -27.66275 -248.5709
0.5193105 -1.836256 0.4842471 -248.5139 -33.63985 -248.5709
0.448998 -1.836256 0.4393252 -248.5139 -29.18183 -248.5709
0.4968496 -1.836256 0.4725284 -248.5139 -24.95282 -248.5709
0.4939199 -1.836256 0.4271182 -239.3689 -8.555878 -238.5785
0.1838613 -1.836256 0.4937686 -142.9719 -1.151298 -195.8763
0.3860097 -1.836256 0.9110049 -155.7964 24.97084 -219.3953
0.0622793 2.040941 0.8604678 17.71508 -36.14366 -124.464
0.4946523 2.163683 0.30871 -91.9643 -58.43374 -248.5709
0.6228261 2.163683 0.1966494 -115.9719 -46.71618 -248.5709
0.6093984 2.163683 0.1832217 -139.7735 -54.04443 -248.5709
0.6687246 2.163683 0.1746768 -157.2773 -60.30397 -248.5709
0.7678457 2.054369 0.2056826 -172.9032 -61.49481 -248.5709
0.8938223 1.894701 0.2672061 -189.262 -66.14366 -248.5709
0.9692617 1.77556 0.3113955 -201.1857 -65.77725 -248.5709
1.06057 1.61931 0.3131045 -214.3536 -65.1513 -248.5709
1.198998 1.482103 0.3284854 -231.9719 -61.41084 -248.5709
1.255639 1.267259 0.3587588 -243.9414 -54.48717 -248.5709
1.272973 1.169115 0.3966006 -248.5139 -54.88412 -248.5709
1.373803 1.043138 0.4009952 -248.5139 -45.42611 -248.5709
1.31643 0.8956772 0.3919619 -248.5139 -37.3574 -248.5709
1.218529 0.5311752 0.2647647 -248.5139 -30.68565 -248.5709
1.198022 0.2594468 0.1817569 -248.5139 -34.28107 -248.5709
1.208275 -0.005689949 0.04943264 -248.5139 -36.0597 -248.5709
1.101342 -0.3172134 -0.008672833 -248.5139 -33.83069 -248.5709
0.914086 -0.604567 0.1737002 -248.5139 -34.12076 -248.5709
0.7827383 -0.5794205 -0.06165135 -248.5139 -63.07496 -248.5709
0.7900625 -0.7959732 -0.06165135 -248.5139 -75.00626 -248.5709
0.8049551 -1.390944 -0.06165135 -248.5139 -68.77725 -248.5709
0.9604727 -1.803053 -0.06165135 -248.5139 -41.22763 -248.5709
0.6345449 -1.836256 -0.06165135 -248.5139 -71.63985 -248.5709
0.4438711 -1.836256 -0.06165135 -248.5139 -97.43375 -248.5709
0.3991933 -1.836256 -0.06165135 -248.5139 -104.4872 -248.5709
0.2287832 -1.836256 -0.06165135 -248.5139 -108.5024 -248.5709
0.960961 -1.836256 -0.06165135 -248.5139 -102.4795 -208.0289
-0.009009764 -1.836256 -0.06165135 -117.0941 -67.56351 -248.5709
-0.03781836 -1.836256 0.5599307 -90.46049 -79.09023 -248.5709
-0.09665625 -1.836256 0.6627139 -98.78873 -121.0521 -248.5709
0.1533437 -1.836256 0.6910342 -100.3536 -115.7925 -211.7312
0.07375391 -1.836256 0.8214053 -85.76583 -94.83833 -194.1511
0.1079336 -1.836256 0.9136905 -58.98721 -87.1284 -166.4106
0.1352773 -1.836256 1.064325 -50.68186 -73.79252 -152.8152
0.1518789 -1.672194 1.238153 -63.14751 -47.56351 -144.5709
0.06789453 -1.599928 1.497919 -79.30782 -51.83068 -118.8762
0.08498438 -1.836256 1.474726 -52.52156 -63.18946 -113.4717
-0.1659922 -1.50569 1.691523 -45.01011 -61.96809 -125.4335
-0.0549082 -1.489821 1.865106 -44.72766 -70.61695 -127.0213
0.05202539 -1.407545 1.783808 -44.15514 -67.80779 -112.7541
0.05324609 -1.408522 1.78747 -43.56736 -54.25817 -106.0136
0.1203848 -1.388991 1.903437 -38.46812 -37.47191 -83.95258
0.01271875 -1.32942 1.992792 -34.74293 -25.96046 -77.20449
0.001976565 -1.336012 1.996698 -34.20095 -22.25053 -66.08998
-0.02341406 -1.389723 1.920771 -18.97194 -6.281069 -68.01365
-0.06369727 -1.259352 2.067255 -9.361252 -14.58641 -66.51746
-0.1127695 -1.263991 2.209101 -12.55209 -15.42611 -63.82281
-0.1281504 -1.26985 2.158319 -5.788733 -19.51008 -74.19685
0.03322656 -1.193434 2.116571 -4.368886 -20.78489 -60.71594
0.001732424 -1.199293 2.202997 -4.956672 -12.93756 -53.25029
-0.008521482 -1.192213 2.262568 -11.58263 5.78 -42.28846
0.04567774 -1.284499 2.263544 -1.72003 20.81817 -35.10525
0.02175195 -1.147047 2.309198 -5.918504 33.01664 -15.40296
-0.03415625 -1.187331 2.316767 -8.704763 45.90214 -11.6854
-0.06955664 -1.250563 2.342646 -1.086443 51.36015 -6.227389
-0.1493906 -1.114577 2.365595 2.226534 44.99374 -0.2426565
-0.1301035 -1.043288 2.265497 0.7608855 48.13878 -4.838076
-0.1874766 -0.9324478 2.132441 -3.681863 45.05481 -4.647236
-0.1559824 -0.8318619 2.00915 -5.185679 42.7113 -0.6854044
-0.160377 -0.7229752 1.934687 -9.086443 38.63496 8.574138
-0.01657812 -0.7268814 1.717401 -10.07881 63.48993 5.368031
-0.1281504 -0.5611099 1.822626 -15.40705 59.6884 23.20773
-0.1799082 -0.5557388 1.769159 -18.25438 61.08535 39.18483
-0.2128672 -0.6060318 1.721552 -19.9643 61.43649 36.62757
-0.1952891 -0.5327896 1.726679 -19.24675 61.7113 30.86421
-0.1562266 -0.4844497 1.71081 -15.19331 60.93267 31.78024
-0.1198496 -0.4029068 1.709589 -10.34598 62.41359 36.20773
-0.1503672 -0.3726333 1.704706 -5.781099 61.43649 38.10849
-0.06858008 -0.3841079 1.664911 8.127297 59.98611 35.96345
-0.1454844 -0.2512954 1.794306 8.524244 55.95557 31.3833
-0.045875 -0.3489517 1.707636 18.61585 56.05481 33.41383
-0.008033201 -0.1465591 1.923944 11.02043 56.58916 17.94055
0.07863672 -0.1328872 1.921991 10.50134 53.42886 22.5207
0.1325918 -0.1074966 1.953241 12.59295 55.69603 21.78024
0.2986074 -0.2134536 1.976923 33.21127 58.13878 23.69627
0.2368398 -0.2063735 2.123652 57.53188 58.16932 16.92528
0.251 -0.1756118 2.238642 87.62348 61.56626 4.848947
0.3088613 -0.3030532 2.170771 130.112 67.9403 -3.746473
0.1684805 -0.3496841 2.088739 170.5624 79.64259 -56.46403
0.3938222 -0.2246841 2.243525 225.3487 79.03191 -103.0136
0.6379629 0.3075425 2.411493 251.7533 81.23801 -46.67777
0.5578847 0.2533432 2.340937 251.7533 89.32961 -47.36479
0.5891347 0.4884507 2.521845 251.7533 143.6655 -103.2503
0.5952383 0.7689682 2.808954 216.8219 156.3067 -143.6702
0.6155019 0.6373764 2.931513 181.6998 157.8945 -129.2427
0.7673574 0.468187 2.855341 165.8601 156.3525 -103.2045
0.2060781 -1.72444 2.113153 -51.18568 -55.52534 -106.6396
0.0002675802 -0.5730728 1.681513 27.95936 -43.37267 -41.13578
-0.0004648417 -0.5088638 1.761591 40.95173 -42.44901 -37.56327
-0.03342383 -0.3267349 1.863642 31.04333 -39.50244 -51.21212
0.01027735 -0.16902 1.991571 9.402107 -36.54061 -51.25792
0.1172109 -0.1206802 2.015497 -13.92614 -36.66275 -36.28846
0.1338125 -0.1841568 2.055048 -31.52156 -33.75435 -29.6625
0.1460195 -0.2598403 2.098017 -40.14751 -31.59405 -34.50983
0.2439199 -0.2810806 2.118525 -42.41468 -26.41847 -41.81517
0.2282949 -0.2871841 2.195429 -38.07881 -24.51771 -35.48693
0.2580801 -0.2732681 2.289911 -38.68186 -22.60931 -37.96785
0.3008047 -0.2573989 2.33288 -36.05591 -14.51008 -40.43349
0.3889394 -0.3350357 2.357538 -19.60553 -8.685649 -25.35716
0.2600332 -0.3194107 2.449579 -14.33835 9.253283 -54.55563
0.3384023 -0.156813 2.698603 -14.30018 13.90977 -64.16632
0.4331289 -0.0655044 2.692255 -19.23911 15.26855 -51.81517
0.436791 -0.009107918 2.754023 -26.57499 22.14641 -47.5251
0.4348379 -0.02790675 2.801386 -36.31545 23.28382 -40.5938
0.360375 0.04411474 2.942011 -53.10171 42.10061 -43.99075
0.4634023 -0.1336196 2.899286 -59.20858 58.69603 -56.97548
0.4565664 -0.13069 2.903681 -58.34599 70.10824 -48.11288
0.5349355 -0.1526626 2.889277 -64.71239 88.97083 -54.548
0.589623 -0.1436294 2.878778 -67.53683 102.4747 -57.74647
0.5378652 -0.1072525 2.90539 -72.65133 113.8487 -55.38006
0.5591054 -0.2080825 3.005243 -70.65133 122.0624 -60.39533
0.5830312 -0.186354 2.94787 -57.04827 130.6121 -57.36479
0.5989004 -0.1909927 2.973505 -52.04827 135.5892 -66.85334
0.6716543 -0.2378677 2.974726 -35.26965 146.5892 -65.06709
0.6772695 -0.1912368 2.987909 -14.30018 151.6121 -68.35716
0.8059317 -0.03938136 2.863398 -8.59026 162.1082 -70.60143
0.8408438 -0.01911768 2.86413 -4.765832 171.0395 -74.62434
0.9057852 -0.001295418 2.874872 4.68455 179.4823 -83.85334
1.001 0.01042333 2.869501 11.18837 190.1617 -92.96784
1.006371 0.126146 2.942499 12.47844 199.2151 -91.27319
1.019799 -0.07160792 2.974482 24.47844 208.9785 -98.99838
