2.266178 1.278016 1.075358 269.6508 -154.1408 251.8109
2.280582 1.675477 0.9217939 269.6508 -130.8583 251.8109
2.244938 1.683777 0.6717939 269.6508 -111.7973 251.8109
2.289799 2.224976 0.3900557 269.6508 -101.1408 251.8109
2.185856 2.224976 0.4122725 269.6508 -96.3087 251.8109
2.148258 2.224976 0.2306318 269.6508 -70.72855 251.8109
2.074772 2.224976 0.09488964 269.6508 -65.38504 251.8109
2.178776 2.224976 -0.008381844 269.6508 -30.18657 251.8109
2.289799 2.224976 -0.2605791 269.6508 -19.88122 251.8109
2.289799 2.224976 -0.2605791 269.6508 -22.48428 251.8109
2.289799 2.224976 -0.04060841 269.6508 -23.08733 251.8109
2.289799 2.224976 -0.1062822 269.6508 54.29435 251.8109
2.289799 2.224976 -0.2605791 171.2921 42.28672 251.8109
2.142399 2.224976 -0.1746416 136.9638 11.36305 245.4979
1.474186 2.224976 -0.1507158 129.46 -15.80489 181.9254
1.144108 2.224976 0.4552412 89.33788 8.225649 92.24602
1.06696 2.224976 0.4352217 115.9562 7.97374 -8.601314
1.081364 2.224976 1.193767 7.131771 12.06534 -100.7922
1.492008 2.224976 0.6070967 -30.74609 63.48519 -175.9601
1.608219 2.224976 0.616374 -27.40258 64.02718 -248.4563
1.594059 2.224976 0.3500166 -75.47891 49.30198 -248.4563
2.050602 2.224976 0.177165 -98.85297 54.90504 -248.4563
2.261539 2.224976 0.005534172 -106.5171 53.86687 -248.4563
2.289799 2.224976 -0.1756182 -118.1507 50.30962 -248.4563
2.289799 2.224976 -0.2058916 -121.8224 43.84397 -248.4563
2.289799 2.224976 -0.2159014 -131.0591 40.30198 -248.4563
2.289799 2.224976 -0.1812334 -146.4331 37.99664 -248.4563
0.2349282 -1.774963 0.9142256 122.1928 -118.1179 230.2079
0.3086587 0.04266418 0.7626143 195.8722 -119.7744 251.8109
0.3831216 0.1757208 0.8321943 193.6051 -118.7209 251.8109
0.4436685 0.2162482 0.9440107 192.1852 -116.4156 251.8109
0.4566079 0.2694708 0.9484053 192.0249 -116.0644 251.8109
0.5806314 0.1657111 0.9720869 193.4295 -116.324 251.8109
0.6316567 0.4088751 0.9945478 170.2997 -109.9652 251.8109
0.6756021 0.2362677 0.963542 190.2234 -104.7514 251.8109
0.4563638 0.2821661 1.177653 174.1699 -103.8202 251.8109
0.4685708 0.3292853 1.156413 157.0554 -98.60641 251.8109
0.4954263 0.4096075 1.209392 138.0936 -94.58351 251.8109
0.4673501 0.4005743 1.251628 122.1165 -93.13313 251.8109
0.5213052 0.3978888 1.230632 108.2692 -89.20183 251.8109
0.5083657 0.2816778 1.229167 91.77299 -85.74382 251.8109
0.5501138 0.205506 1.121501 62.54398 -87.50717 251.8109
0.5720864 0.1578986 1.181804 37.29208 -94.11023 251.8109
0.632145 0.2086798 1.462565 4.658488 -106.9805 251.8109
0.9854165 0.07830872 1.316569 28.002 -92.72855 251.8109
1.035954 -0.08453308 1.35905 21.64322 -91.53008 251.8109
1.185856 -0.1406854 1.334392 22.63559 -97.07207 251.8109
1.365543 -0.1892694 1.354899 19.64322 -98.4232 251.8109
1.544254 -0.08306824 1.351481 27.99437 -96.52245 251.8109
1.670963 -0.006652221 1.300212 41.78062 -102.5911 251.8109
1.757633 0.063172 1.292399 45.39131 -106.7209 251.8109
1.920719 0.1818243 1.299968 47.97147 -111.7285 251.8109
2.070377 0.2252814 1.25529 72.51345 -121.4079 251.8109
2.178043 0.3585821 1.245524 101.1547 -124.4079 251.8109
2.203434 0.6017462 1.40861 130.3837 -127.8278 251.8109
2.289799 0.7814337 1.381022 168.7883 -134.843 251.8109
2.098454 1.02826 1.598552 235.5058 -127.0263 251.8109
2.136784 1.175721 1.531169 269.6508 -106.4156 251.8109
1.796696 1.454529 1.601481 269.6508 -125.0415 251.8109
2.213688 2.224976 1.344646 269.6508 -107.5759 251.8109
2.106022 2.112489 1.369792 269.6508 -82.48428 251.8109
1.974674 2.224976 1.257487 269.6508 -73.40031 251.8109
2.044254 2.224976 1.105632 269.6508 -52.78199 251.8109
2.026676 2.224976 0.7550459 269.6508 -39.23237 251.8109
2.145573 2.224976 0.508708 269.6508 -39.75909 251.8109
2.187565 2.224976 0.5651045 269.6508 -40.89649 251.8109
2.289799 2.224976 0.6339521 269.6508 12.18748 251.8109
2.289799 2.224976 0.0880537 269.6508 42.24092 235.2766
2.289799 2.224976 -0.08406544 269.6508 20.03481 197.559
2.289799 2.224976 -0.05867481 269.6508 44.34779 169.7804
2.175846 2.224976 -0.2605791 269.6508 16.22565 121.872
2.100163 2.224976 -0.0603838 225.1776 20.96611 82.17731
1.605045 2.224976 0.1720381 163.0173 25.74473 40.97121
1.879459 2.224976 0.2577314 181.3761 12.90504 -4.944824
0.7698403 2.224976 0.7999678 62.68902 35.26382 -230.357
1.189274 2.224976 0.4007978 12.71192 61.79817 -248.4563
1.269596 2.224976 0.3444014 -30.12014 45.08825 -248.4563
1.590885 2.224976 0.08414745 -53.16594 40.00427 -248.4563
1.791081 2.224976 0.04532909 -86.28807 34.17221 -248.4563
2.183659 2.224976 -0.08699512 -97.48656 31.57679 -248.4563
2.289799 2.224976 -0.06502247 -98.01326 26.81343 -248.4563
2.289799 2.224976 -0.01082325 -102.227 25.25618 -248.4563
2.289799 2.224976 -0.02962208 -114.5323 26.61496 -248.4563
2.289799 2.224976 -0.09383106 -121.5323 23.88977 -248.4563
2.289799 2.039735 -0.1809893 -126.5171 20.01954 -248.4563
2.289799 1.742371 -0.2215166 -137.7843 21.10351 -248.4563
2.289799 1.46869 -0.2605791 -148.8682 25.98901 -248.4563
2.289799 1.112 -0.2605791 -157.8682 22.28672 -248.4563
2.289799 0.9367071 -0.2605791 -174.7079 12.13404 -248.4563
2.289799 0.6325079 -0.2605791 -183.7537 19.25618 -248.4563
2.289799 0.4389044 -0.2605791 -194.2041 16.86687 -248.4563
2.289799 0.2296759 -0.2605791 -208.9369 13.91267 -248.4563
2.289799 -0.2388299 -0.2605791 -213.4026 31.39359 -248.4563
2.289799 -0.5376581 -0.2605791 -219.143 26.16458 -248.4563
2.289799 -0.7908319 -0.2605791 -230.6163 35.53099 -248.4563
2.289799 -1.408264 -0.2605791 -230.6163 26.17221 -248.4563
2.289799 -1.710754 -0.2605791 -230.6163 13.92794 -248.4563
2.289799 -1.774963 -0.2605791 -230.6163 16.59206 -248.4563
2.289799 -1.774963 -0.2605791 -230.6163 34.65313 -248.4563
2.289799 -1.774963 -0.2605791 -230.6163 10.70656 -248.4563
2.289799 -1.774963 -0.2605791 -230.6163 -21.56061 -248.4563
1.986393 -1.774963 -0.2605791 -230.6163 -28.32397 -248.4563
1.614811 -1.774963 -0.2605791 -230.6163 -47.1942 -248.4563
1.011051 -1.774963 -0.2605791 -230.6163 -59.01099 -248.4563
0.6470376 -1.774963 -0.2605791 -230.6163 -75.34687 -248.4563
-0.3751792 -1.774963 -0.2605791 -230.6163 -86.94992 -248.4563
0.4693032 -1.774963 -0.2605791 -230.6163 -101.6675 -248.4563
0.6550942 -1.774963 -0.2605791 -230.6163 -118.7285 -248.4563
0.6792642 -1.774963 -0.2605791 -230.6163 -127.1255 -248.4563
0.5527993 -1.774963 -0.2605791 -230.6163 -149.8583 -247.7463
0.2998696 -1.774963 -0.2605791 -230.6163 -170.3545 -217.9143
0.2363931 -1.774963 -0.2605791 -230.6163 -179.1026 -196.3876
0.024479 -1.774963 -0.2605791 -143.8453 -189.614 -159.4792
-0.01873389 -1.774963 -0.2605791 -10.24228 -201.0644 -125.5631
-0.03680029 -1.774963 -0.04085255 -36.70792 -210.095 -61.69292
-0.06682959 -1.774963 0.3219404 7.536351 -206.2018 -20.61658
0.03522119 -1.774963 0.5809736 32.06307 -202.469 17.29945
-0.05437842 -1.774963 0.6947432 -20.03617 -185.5988 61.81853
1.262272 -0.1257928 1.07487 160.628 -74.62168 251.8109
2.289799 2.224976 -0.1426592 269.6508 34.07298 251.8109
2.289799 2.224976 -0.2605791 269.6508 25.07298 251.8109
2.289799 2.224976 -0.2605791 269.6508 44.08825 251.8109
2.289799 2.224976 -0.2605791 209.3608 16.63023 251.8109
2.289799 2.224976 -0.2605791 157.9104 21.63786 251.8109
1.868717 2.224976 -0.1153154 92.83406 16.17985 240.3682
1.765446 2.224976 0.06022167 85.60506 -4.629313 207.872
1.827946 2.224976 0.09659863 68.69666 34.6455 95.13151
0.9788247 2.224976 0.7999678 93.12413 25.93557 2.49029
0.9199868 2.224976 1.008708 -31.07434 27.7142 -61.99063
1.063297 2.224976 1.310954 -47.60106 58.72183 -141.8303
1.325016 2.224976 0.9161787 -39.53235 95.56152 -229.6242
1.395084 2.224976 0.6224775 -64.15067 85.05008 -248.4563
1.590641 2.224976 0.4032393 -76.86823 79.65312 -248.4563
1.918278 2.224976 0.1781416 -94.48656 79.97374 -248.4563
2.191959 2.224976 -0.1158037 -93.50945 74.75237 -248.4563
2.289799 2.224976 -0.2605791 -95.95984 62.77526 -248.4563
2.289799 2.224976 -0.2244463 -96.38731 54.02717 -248.4563
2.289799 2.224976 -0.2605791 -111.0362 49.40122 -248.4563
2.289799 2.224976 -0.2605791 -120.1049 42.37069 -248.4563
2.289799 2.046082 -0.2605791 -127.0743 37.01954 -248.4563
2.289799 1.771912 -0.2605791 -139.8911 26.27145 -248.4563
2.289799 1.475525 -0.2605791 -159.3186 25.13404 -248.4563
2.289799 1.313416 -0.2605791 -179.227 27.94321 -248.4563
2.289799 1.075623 -0.2605791 -194.4636 32.88977 -248.4563
2.289799 0.8715216 -0.2605791 -213.3949 24.8745 -248.4563
2.289799 0.6474005 -0.2605791 -229.2575 26.95084 -248.4563
2.289799 0.3605353 -0.2605791 -230.6163 37.8287 -248.4563
2.289799 0.05218567 -0.2605791 -230.6163 41.54626 -248.4563
2.289799 -0.3057245 -0.2605791 -230.6163 44.37069 -248.4563
2.289799 -0.6631464 -0.2605791 -230.6163 44.85924 -248.4563
