0.06758106 -0.377896 0.4479082 -3.309542 2.229741 19.44768
0.07099903 -0.3625152 0.4466875 -2.271374 1.046534 18.69195
0.07734668 -0.3964507 0.4784257 -4.439313 1.458748 18.95913
0.08247364 -0.3739898 0.4881914 -8.24084 1.435847 20.20341
0.08174122 -0.3774077 0.4899004 -9.294275 1.519817 20.1347
0.0834502 -0.3735015 0.4935625 -10.67595 1.786992 20.0431
0.08467091 -0.3913238 0.4916093 -10.80573 2.023633 20.29501
0.08686817 -0.3837554 0.4847734 -10.19504 2.451115 20.12707
0.07881153 -0.3815581 0.4735429 -7.75229 1.649588 19.34844
0.08320606 -0.3827788 0.4859941 -6.271374 1.267908 19.42478
0.08027637 -0.383023 0.5050371 -5.83626 1.619053 19.18814
0.09272755 -0.3747222 0.5025957 -5.492748 2.023633 19.16524
0.08613575 -0.3881499 0.4935625 -5.828626 2.535084 18.85226
0.07832325 -0.3859527 0.4747636 -7.553817 2.321343 19.80646
0.07881153 -0.3866851 0.4681718 -8.569084 1.855695 20.10417
0.07978809 -0.3776519 0.4681718 -8.966031 1.626687 19.9744
0.08076466 -0.3769195 0.4647539 -9.195038 1.344244 19.44005
0.07856739 -0.3722808 0.4913652 -8.065268 -0.09850383 18.48585
0.06831348 -0.4203765 0.5155351 -10.80573 1.306076 20.43241
0.090042 -0.379605 0.5033281 -10.37824 2.756458 20.92096
0.1093291 -0.3485991 0.4750078 -3.500382 2.687756 18.14234
0.08589161 -0.3966949 0.4818437 -2.378244 1.993099 18.19577
0.06391895 -0.3996245 0.4764726 -5.446947 1.90913 20.0431
0.07710254 -0.3612945 0.4784257 -4.851527 1.382412 19.24157
0.08467091 -0.3859527 0.4942949 -5.263741 1.588519 18.60798
0.08540333 -0.4018218 0.4911211 -9.790459 2.481649 20.38661
0.07099903 -0.3837554 0.4652421 -11.1187 2.428214 20.42478
0.08369434 -0.3705718 0.464998 -9.744657 1.306076 19.67669
0.07856739 -0.4076812 0.4794023 -10.43168 1.046534 20.1805
0.08442677 -0.3857085 0.4923418 -10.59962 2.046535 20.66905
0.08296192 -0.3722808 0.4923418 -7.607252 2.038901 19.32554
0.08613575 -0.3888824 0.5040605 -6.34771 1.977832 18.9515
0.08637989 -0.3876616 0.5050371 -6.782825 1.588519 19.80646
0.08491505 -0.3744781 0.4903886 -6.217939 2.527451 19.50111
0.08540333 -0.381314 0.4781816 -6.263741 2.596153 19.44005
0.07978809 -0.3835113 0.4603593 -7.714122 2.12287 19.76066
0.07612598 -0.3908355 0.4664629 -9.065268 1.50455 20.41714
0.08808887 -0.3842437 0.4991777 -10.29428 2.222107 20.11943
0.08369434 -0.3774077 0.4974687 -9.011832 2.161038 19.98203
0.08760059 -0.3901031 0.4901445 -8.042367 1.786992 19.96676
0.08491505 -0.3864409 0.4891679 -7.729389 2.153405 19.72249
0.08271778 -0.3835113 0.4764726 -6.294275 1.954931 19.50875
0.08515919 -0.3859527 0.4884355 -6.248473 1.641954 19.56218
0.07832325 -0.3893706 0.4825761 -7.164504 1.90913 19.56218
0.08515919 -0.3820464 0.4999101 -8.05 1.878595 20.1118
0.08271778 -0.3874175 0.4864824 -9.065268 1.695389 19.91333
0.0810088 -0.3859527 0.4869707 -9.744657 1.878595 20.11943
0.08442677 -0.381314 0.4828203 -9.523283 1.840427 20.09653
0.08564747 -0.3808257 0.4769609 -8.317176 1.535084 19.80646
0.08857716 -0.3898589 0.4940507 -7.576718 1.443481 19.84463
0.0834502 -0.3827788 0.4940507 -7.378244 1.771725 19.55455
0.0834502 -0.3803374 0.4935625 -6.683588 1.695389 19.43241
0.08174122 -0.3864409 0.4916093 -6.813359 2.092336 19.51638
0.08198536 -0.3876616 0.4791582 -7.103435 2.038901 19.27211
0.08174122 -0.3803374 0.4781816 -7.195038 1.764091 19.31791
0.07881153 -0.3901031 0.4813554 -7.866794 1.596153 19.79882
0.08442677 -0.3793609 0.4747636 -8.591985 1.985466 19.79882
0.08271778 -0.3803374 0.4864824 -8.828626 1.916763 19.92859
0.1322783 -0.4308745 1.632723 140.3393 -41.76262 180.1729
0.1432647 -0.4274566 1.900057 129.7592 -2.38858 209.7607
0.1479033 -0.4379546 1.940828 139.3698 3.886229 211.7377
0.1623076 -0.3744781 1.952303 149.9118 9.947298 213.2492
0.228958 -0.3571441 1.961336 172.8813 17.66485 207.8065
0.3397979 -0.249478 1.939363 191.2095 29.54272 202.5011
0.296585 -0.2992827 1.885408 211.6905 32.29081 197.2416
0.3566436 -0.2245757 1.851717 227.4004 36.71066 191.0736
0.3651885 -0.1852691 1.908602 242.9729 46.17631 183.1271
0.4279326 -0.1210601 1.911531 242.9729 56.50455 175.3179
0.3402861 -0.08614796 1.910066 242.9729 67.016 166.6309
0.2658232 -0.09371632 1.868807 242.9729 80.93966 161.6309
0.1935576 -0.05514209 1.808016 242.9729 91.78699 159.211
0.1068877 0.04519971 1.798982 242.9729 100.8252 160.7225
0.1269072 0.08035595 1.78116 242.9729 115.2984 158.5546
0.1132354 0.1015962 1.743807 242.9729 127.0389 155.7683
0.1198272 0.120395 1.682527 242.9729 138.8328 154.3713
0.180374 0.1838716 1.632967 226.0263 145.0007 155.2187
0.1654814 0.1745942 1.648592 210.9882 157.8099 151.9133
0.1459502 0.1665376 1.603914 191.2553 166.642 151.295
0.182083 0.1245454 1.5795 178.7973 174.5045 150.5087
0.2204131 0.0686372 1.523103 169.408 182.5504 148.9439
0.2397002 0.03909619 1.487459 162.0034 189.5427 149.8294
0.2628936 0.001498535 1.451082 156.8431 195.4129 149.8981
0.3029326 -0.01730029 1.429842 158.8508 201.2755 148.5469
0.3329619 -0.009731934 1.402742 162.9042 206.9931 145.524
0.3393096 0.0181001 1.353182 162.1943 211.2984 143.6538
0.3668975 0.03030713 1.329744 159.2324 214.5045 143.0584
0.3998565 0.09060986 1.314363 150.8966 219.5885 144.0049
0.4330596 0.1133149 1.322664 126.4157 222.8175 148.6767
0.4523467 0.1587251 1.415926 126.7668 229.558 149.9515
0.5229033 0.1577485 1.410311 116.2019 239.9855 154.7607
0.6410674 0.2287935 1.410799 120.3775 243.6725 156.6996
0.6608428 0.3906587 1.449617 123.9882 247.9397 154.066
0.6708526 0.4741548 1.497469 127.6141 247.9397 150.5164
0.702835 0.6426118 1.494295 129.4156 247.9397 148.8981
0.5392608 0.7556489 1.556307 119.6828 247.9397 145.7988
0.6840362 0.7522309 1.476228 119.3851 247.9397 140.3103
0.826126 0.905063 1.307527 122.3011 247.9397 133.2187
0.8900908 0.8472016 1.013826 92.91183 247.9397 139.2263
0.9245147 1.230258 0.7855546 93.23244 247.9397 123.5622
1.036331 0.9492524 0.6258867 97.19427 247.9397 123.7454
0.8888701 1.081088 0.5631425 55.33168 247.9397 120.2339
0.8542022 1.550083 0.418123 67.71336 247.9397 100.0278
0.7504424 1.438266 0.2657793 55.27061 247.9397 88.0889
0.668167 1.490268 0.07388473 49.0187 247.9397 75.94386
0.6161651 1.327915 -0.06136918 55.20954 247.9397 66.38661
0.5460967 1.245883 -0.3147871 52.52252 247.9397 38.10417
0.5143584 1.202915 -0.3479903 62.03397 247.9397 25.1347
0.4579619 1.037631 -0.4270918 69.71336 247.9397 12.67669
0.4196319 1.002231 -0.4817793 72.54543 247.9397 0.3942451
0.4335479 0.9143403 -0.4927657 73.43092 247.9397 -10.14011
0.4040069 0.8371919 -0.498625 74.00344 247.9397 -19.15537
0.385208 0.7302583 -0.4671309 77.40802 247.9397 -27.934
0.4030303 0.6687348 -0.4029219 83.16374 247.9397 -36.19354
0.4113311 0.6067231 -0.3118575 88.07214 243.3213 -43.74316
0.4369658 0.5310395 -0.1905196 94.8813 232.7946 -50.67446
0.4931182 0.4826997 -0.05868363 99.57596 223.0847 -56.91873
0.5954131 0.4792817 0.09439254 107.8279 215.2221 -65.03324
0.6584014 0.4765962 0.2130449 108.9042 212.7336 -71.80423
0.7040557 0.4053071 0.3299882 116.3088 213.8557 -79.85767
0.7316436 0.4524262 0.4378984 115.2782 213.8786 -86.91873
0.7584991 0.47977 0.4786699 112.7821 220.4359 -91.70499
0.7016143 0.3535493 0.4784257 116.6065 225.9778 -96.27751
0.7226104 0.3476899 0.4454668 112.4538 232.4206 -99.61339
0.7055205 0.3533051 0.4029863 112.4844 238.0847 -105.8042
0.5980987 0.2798188 0.3565996 105.1256 247.8099 -105.6668
0.5915069 0.1904634 0.1859453 89.40802 247.9397 -100.9645
0.59346 0.186313 -0.003996134 77.45382 247.9397 -97.9569
0.5180205 0.182895 -0.09310746 62.82022 247.9397 -93.82713
0.4630889 0.2805512 -0.1314375 28.13321 247.9397 -85.37675
0.3905791 0.2390474 -0.2256758 20.82786 247.9397 -84.62103
0.4984893 0.2043794 -0.408293 3.888931 247.9397 -85.28515
0.4447783 0.1345552 -0.5752852 -0.7064886 247.9397 -85.53706
0.3603057 0.1621431 -0.5752852 -15.04237 247.9397 -81.34621
0.06147754 0.2812837 -0.5752852 -31.63015 247.5198 -78.934
0.09638966 0.2014497 -0.5752852 -51.53855 234.1763 -74.68973
0.08784473 0.1970552 -0.5752852 -65.43932 222.932 -72.40729
0.1205596 0.2217134 -0.5752852 -78.2103 204.2679 -71.59049
0.116165 0.2324556 -0.5752852 -84.99656 184.6801 -70.9111
0.08857716 0.2068208 -0.5752852 -90.92786 161.3137 -70.38438
0.0009306669 0.1990083 -0.5752852 -94.55382 135.9855 -69.75843
-0.0896455 0.2829926 -0.5752852 -106.5614 107.0007 -67.36912
-0.06742871 0.3376801 -0.5752852 -113.363 86.75645 -68.13248
0.002639651 0.3728364 -0.5752852 -117.737 71.61905 -70.05614
0.07783496 0.3940766 -0.5752852 -118.0347 55.81753 -74.0027
0.1613311 0.403354 -0.5752852 -115.5844 42.27554 -78.65919
0.2392119 0.4123872 -0.5752852 -109.1034 32.016 -85.8882
0.3180693 0.4104341 -0.377043 -103.4775 24.9702 -92.18591
0.3380889 0.3921235 -0.2227461 -96.17213 19.58852 -99.23934
-0.0247041 -0.1520659 0.5419023 -4.126336 9.328978 6.142336
0.04219043 -0.05929248 0.6444414 61.65992 29.90913 21.95913
