2.289799 0.5460821 0.1793623 -230.6163 141.8058 -248.4563
2.289799 0.3786017 0.09440136 -230.6163 149.8745 -248.4563
2.289799 0.1200568 -0.04280567 -230.6163 187.6073 -248.4563
2.289799 -0.05059753 -0.1888018 -230.6163 209.0501 -248.4563
2.289799 -0.3352655 -0.2605791 -230.6163 231.0959 -248.4563
2.289799 -0.9260859 -0.2605791 -230.6163 231.0959 -248.4563
2.289799 -1.048156 -0.2605791 -230.6163 229.3401 -248.4563
2.289799 -1.327697 -0.2605791 -230.6163 231.0959 -248.4563
2.289799 -1.65509 -0.2605791 -230.6163 231.0959 -248.4563
2.289799 -1.774963 -0.2605791 -230.6163 231.0959 -248.4563
2.289799 -1.774963 -0.2605791 -230.6163 231.0959 -248.4563
2.289799 -1.774963 -0.2605791 -230.6163 231.0959 -248.4563
2.289799 -1.774963 -0.2605791 -230.6163 231.0959 -248.4563
1.074528 -1.774963 -0.2605791 -230.6163 231.0959 -248.4563
1.235905 -1.774963 -0.2605791 -230.6163 231.0959 -248.4563
0.9629556 -1.774963 -0.2605791 -230.6163 202.1722 -248.4563
1.031071 -1.774963 -0.2605791 -230.6163 126.9661 -248.4563
0.5003091 -1.774963 -0.2605791 -190.6774 61.44703 -244.7387
-0.1845054 -1.774963 -0.2605791 -47.63159 -12.81252 -195.8074
-1.13763 -1.774963 -0.2605791 52.9104 -95.56824 -129.8456
1.591862 1.00409 0.07145214 168.8951 -28.03389 251.8109
2.289799 2.224976 0.253581 206.9409 -29.54535 251.8109
2.176579 2.224976 0.1573896 215.0249 -20.06443 251.8109
2.080631 2.224976 -0.02669239 194.5745 -20.24763 251.8109
1.95612 2.224976 -0.04793262 196.2921 -28.2858 251.8109
1.85944 2.224976 -0.1905107 155.918 -28.73618 251.8109
1.834538 2.224976 -0.1829424 140.9867 -33.55298 251.8109
1.7486 2.224976 -0.09456348 131.7577 -32.38504 251.8109
1.68317 2.224976 -0.03889942 131.1394 -27.70565 212.7193
1.558415 2.224976 -0.04402637 122.9486 -26.86596 162.9483
1.43903 2.224976 -0.06746387 102.0783 -30.37741 116.2842
1.375065 2.224976 -0.05403614 62.0478 -44.94992 64.8567
1.411198 2.224976 0.2255049 38.68139 -45.36214 -3.555512
1.311588 2.224976 0.3846846 7.841695 -33.60641 -67.50208
1.314518 2.224976 0.4464521 -29.21938 -34.96519 -132.3265
1.400944 2.224976 0.4701338 -60.94457 -31.05679 -197.3647
1.604801 2.224976 0.5145674 -94.998 -29.88122 -248.4563
1.926579 2.224976 0.5900068 -110.8759 -25.99573 -248.4563
2.162663 2.224976 0.526042 -112.3873 -15.98809 -248.4563
2.289799 2.224976 0.3695478 -129.0591 -13.18657 -248.4563
2.289799 2.224976 0.2711592 -142.3033 -13.59115 -248.4563
2.289799 2.224976 0.277751 -157.2728 -12.31634 -248.4563
2.289799 2.224976 0.2560225 -164.8224 -8.988092 -248.4563
2.289799 2.224976 0.3163252 -174.9369 -7.843054 -248.4563
2.289799 2.224976 0.3282881 -184.1354 -3.560611 -248.4563
2.289799 2.096864 0.3568525 -200.311 1.897404 -248.4563
2.289799 1.851502 0.3710127 -210.4026 7.424122 -248.4563
2.289799 1.699402 0.4037275 -228.1812 15.59969 -248.4563
2.289799 1.503602 0.4342451 -230.6163 25.15694 -248.4563
2.289799 1.325379 0.4464521 -230.6163 38.93557 -248.4563
2.289799 1.198426 0.4232588 -230.6163 52.74473 -248.4563
2.289799 1.030213 0.3756514 -230.6163 67.95847 -248.4563
2.289799 0.8417364 0.3231611 -230.6163 91.12642 -248.4563
2.289799 0.6701056 0.2218428 -230.6163 102.7371 -248.4563
2.289799 0.3795782 0.1324873 -230.6163 126.0043 -248.4563
2.289799 0.2682501 -0.007893562 -230.6163 145.7753 -248.4563
2.289799 0.06903137 -0.2393389 -230.6163 182.1875 -248.4563
2.289799 -0.2517694 -0.2605791 -230.6163 181.0195 -248.4563
2.289799 -0.7744745 -0.2605791 -230.6163 188.8745 -248.4563
2.289799 -0.9548944 -0.2605791 -230.6163 188.1111 -248.4563
2.289799 -1.413635 -0.2605791 -230.6163 205.6302 -248.4563
2.289799 -1.615539 -0.2605791 -230.6163 218.4928 -248.4563
2.289799 -1.774963 -0.2605791 -230.6163 231.0959 -248.4563
2.289799 -1.774963 -0.2605791 -230.6163 231.0959 -248.4563
2.289799 -1.774963 -0.2605791 -230.6163 231.0959 -248.4563
2.289799 -1.774963 -0.2605791 -230.6163 231.0959 -248.4563
2.289799 -1.774963 -0.2605791 -230.6163 231.0959 -248.4563
1.77277 -1.774963 -0.2605791 -230.6163 225.4547 -248.4563
1.375553 -1.774963 -0.2605791 -230.6163 231.0959 -248.4563
1.162907 -1.774963 -0.2605791 -230.6163 189.0424 -248.4563
0.776188 -1.774963 -0.2605791 -230.6163 110.6913 -248.4563
0.1275064 -1.774963 -0.2605791 -137.9598 36.61496 -232.7998
-0.7167319 -1.774963 -0.2605791 -30.78426 -56.0797 -166.9982
-1.302181 -1.774963 -0.2605791 51.67376 -125.5148 -97.77689
-1.343197 -1.774963 -0.2605791 66.85696 -181.9118 -38.0746
-1.135921 -1.774963 -0.2605791 103.5363 -220.3621 7.475023
-0.9159507 -1.774963 -0.2605791 124.3379 -245.6064 35.7193
-0.557064 -1.774963 -0.2605791 162.4982 -269.1713 60.40632
-0.1737632 -1.774963 -0.2605791 183.5745 -269.1713 92.66586
0.1416665 -1.774963 -0.2591143 221.5669 -269.1713 117.5361
0.4063149 -1.774963 0.00480175 246.4142 -269.1713 145.1773
0.6001626 -1.774963 0.4108076 269.6508 -269.1713 172.3605
0.8194009 -1.774963 0.7230635 269.6508 -269.1713 196.0628
1.007145 -1.774963 0.9598799 269.6508 -263.2782 228.101
1.041569 -1.774963 1.121257 269.6508 -250.3163 245.5361
1.0882 -1.774963 1.195476 269.6508 -230.24 251.8109
1.084538 -1.60382 1.298503 269.6508 -216.1484 251.8109
1.092838 -1.379699 1.382243 269.6508 -203.2629 251.8109
1.104557 -1.136047 1.429851 269.6508 -183.7362 251.8109
1.097721 -0.9978632 1.446696 269.6508 -164.6293 251.8109
1.115543 -0.834289 1.433269 269.6508 -144.7667 251.8109
1.082584 -0.7344355 1.375651 269.6508 -129.3545 251.8109
1.063542 -0.6314081 1.302897 269.6508 -114.1179 251.8109
1.084049 -0.5300898 1.247478 269.6508 -101.1255 251.8109
1.094547 -0.4231562 1.179851 269.6508 -89.37741 251.8109
1.134586 -0.3733515 1.027995 269.6508 -74.94229 251.8109
1.033756 -0.08868347 0.9100752 269.6508 -55.39267 251.8109
1.043766 -0.05621277 0.8444014 269.6508 -47.2171 251.8109
1.037418 -0.01299988 0.809001 269.6508 -43.42321 251.8109
1.032536 0.07489075 0.8036299 269.6508 -39.1713 251.8109
1.098942 0.2382208 0.74821 269.6508 -33.33924 251.8109
1.085758 0.200379 0.694499 269.6508 -29.01863 251.8109
1.13361 0.2348029 0.7057295 269.6508 -23.48428 251.8109
1.180241 0.3956915 0.6625166 261.7806 -18.98046 251.8109
1.214176 0.4476934 0.62321 260.9715 -18.11023 251.8109
1.259831 0.4620977 0.5592451 249.6967 -9.934657 251.8109
1.259586 0.5421759 0.5643721 250.8799 -10.24 251.8109
1.306217 0.6210333 0.4820967 247.9944 -9.064428 251.8109
1.309635 0.6937872 0.4281416 244.8188 -6.446107 251.8109
1.279606 0.6923223 0.3754072 243.1852 -5.530077 251.8109
1.265446 0.7894903 0.3121748 242.0631 -4.820153 251.8109
2.289799 0.7675177 0.7543135 -230.6163 41.38595 -248.4563
-0.819271 -1.774963 -0.2605791 20.8646 -89.01863 -92.06696
-1.128353 -1.774963 -0.2605791 93.55925 -156.0492 -27.0746
-1.101009 -1.774963 -0.2605791 114.2844 -191.3392 26.26128
-1.034847 -1.774963 -0.2605791 143.4906 -219.6751 64.71166
-0.8214683 -1.774963 -0.2605791 156.1241 -247.1179 93.14678
-0.2379722 -1.774963 -0.2605791 167.1089 -264.2705 114.7575
0.05719385 -1.774963 -0.2605791 180.7806 -269.1713 140.9941
0.4458657 -1.774963 -0.04866505 213.6661 -269.1713 159.0094
0.6065103 -1.774963 0.4520674 238.9333 -269.1713 183.1086
0.7747231 -1.774963 0.7828779 269.6508 -258.6064 202.2308
0.9815103 -1.774963 0.852458 269.6508 -250.3774 225.8491
0.9187661 -1.774963 1.077067 269.6508 -247.0797 241.6811
1.010075 -1.774963 1.192058 269.6508 -219.4843 251.8109
1.002751 -1.514465 1.298503 269.6508 -201.5301 251.8109
1.041081 -1.233703 1.274333 269.6508 -184.0415 251.8109
1.028385 -1.016662 1.274821 269.6508 -169.4995 251.8109
0.9893228 -0.938537 1.322673 269.6508 -153.7514 251.8109
1.008366 -0.7796015 1.298503 269.6508 -135.5835 251.8109
0.9622231 -0.6392206 1.268962 269.6508 -118.7514 251.8109
0.9976235 -0.5203241 1.175944 269.6508 -105.3774 251.8109
1.017643 -0.4849237 1.118815 269.6508 -91.51482 251.8109
0.9690591 -0.4067987 1.006511 269.6508 -86.31633 251.8109
0.9536782 -0.3140253 0.9803877 258.147 -77.50717 251.8109
0.982731 -0.2534784 0.9657393 249.4371 -67.54535 251.8109
0.9373208 -0.2293085 0.9142256 248.1699 -62.73618 251.8109
0.9492837 -0.1350702 0.8932295 243.3684 -53.69802 251.8109
0.9241372 -0.06207214 0.868083 244.8722 -51.94992 251.8109
0.920231 0.00555481 0.8365889 247.5592 -45.98809 251.8109
0.8657876 0.1266486 0.809001 251.7119 -45.44611 251.8109
0.9165689 0.1561896 0.8094893 250.4295 -41.15603 251.8109
0.9229165 0.1969611 0.7340498 253.9715 -37.69038 251.8109
0.8679849 0.3441778 0.7367353 253.3913 -35.99573 251.8109
0.6799966 0.514588 0.7382002 269.6508 -47.09496 251.8109
0.8672524 0.5844122 0.7301435 269.6508 -40.34687 251.8109
0.8897134 0.5143438 0.7230635 269.6508 -35.61404 251.8109
0.9173013 0.5360723 0.6659346 269.6508 -33.11023 251.8109
0.9041177 0.5873419 0.590251 269.6508 -31.69038 251.8109
0.8826333 0.6544806 0.5375166 269.6508 -28.75908 251.8109
