1.922184 2.224976 0.2477217 -130.5629 -43.38504 -248.4563
1.956608 2.224976 0.2606611 -144.0362 -44.45374 -248.4563
1.975163 2.224976 0.2433271 -155.2881 -45.01863 -248.4563
2.01276 2.224976 0.2738447 -169.769 -43.78198 -248.4563
2.047916 2.012147 0.3133955 -189.9598 -40.41557 -248.4563
2.152164 1.716981 0.2821455 -209.0056 -37.2858 -248.4563
2.262028 1.50702 0.2999678 -229.6927 -31.59878 -248.4563
2.289799 1.291443 0.293376 -230.6163 -27.11023 -248.4563
2.289799 1.202576 0.3451338 -230.6163 -21.49954 -248.4563
2.289799 0.9953009 0.4147139 -230.6163 -8.385038 -248.4563
2.289799 0.7482306 0.3422041 -230.6163 5.118778 -248.4563
2.289799 0.6310431 0.2975264 -230.6163 14.82107 -248.4563
2.289799 0.4293829 0.1588545 -230.6163 24.7829 -248.4563
2.289799 0.2370001 0.1981611 -230.6163 32.70657 -248.4563
2.289799 0.07464661 0.09537792 -230.6163 46.58443 -248.4563
2.289799 -0.1016229 0.01749706 -230.6163 59.8745 -248.4563
2.289799 -0.4155878 0.01359081 -230.6163 74.37833 -248.4563
2.289799 -0.5115351 -0.1609697 -230.6163 92.24092 -248.4563
2.289799 -0.8501581 -0.2605791 -230.6163 110.1035 -248.4563
2.289799 -1.269348 -0.2605791 -230.6163 128.7218 -248.4563
2.289799 -1.774963 -0.2605791 -230.6163 110.2028 -248.4563
2.289799 -1.774963 -0.2605791 -230.6163 100.4699 -248.4563
2.289799 -1.774963 -0.2605791 -230.6163 103.1264 -248.4563
2.067204 -1.774963 -0.2605791 -230.6163 90.27908 -248.4563
1.597477 -1.774963 -0.2605791 -230.6163 122.6913 -248.4563
1.450504 -1.774963 -0.2605791 -230.6163 128.3554 -248.4563
1.467838 -1.774963 -0.2605791 -230.6163 160.5921 -248.4563
1.017887 -1.774963 -0.2605791 -230.6163 154.4394 -248.4563
0.7708169 -1.774963 -0.2605791 -230.6163 128.5081 -248.4563
0.2739907 -1.774963 -0.2605791 -230.6163 80.25618 -248.4563
-0.06536475 -1.774963 -0.2605791 -102.4637 20.7829 -227.1891
-0.3131675 -1.774963 -0.2605791 8.986732 -22.04916 -172.4868
-0.6608237 -1.774963 -0.2605791 74.18521 -77.00336 -112.4181
-0.7055015 -1.774963 -0.2605791 127.7196 -117.5988 -48.86086
-0.7384604 -1.774963 -0.2605791 151.544 -144.843 3.154412
-0.7826499 -1.774963 -0.2605791 176.1623 -168.8049 40.52082
-0.4850425 -1.774963 -0.2605791 178.399 -170.2247 78.82616
-0.3326987 -1.774963 -0.2071123 179.4753 -203.8583 118.788
-0.1715659 -1.774963 0.2272139 159.1852 -207.9957 148.0246
0.01568994 -1.774963 0.7179365 169.0249 -203.2095 169.4903
1.810368 2.224976 -0.2234697 107.5669 -159.6446 251.8109
1.418034 2.224976 1.487956 -18.47128 -58.65221 -187.0593
1.608219 2.224976 1.732341 -73.28044 -19.86596 -248.4563
1.628727 2.224976 1.633952 -78.55525 -7.881222 -248.4563
1.687077 2.224976 1.580974 -103.2575 5.729465 -248.4563
1.769352 2.224976 1.525798 -114.0591 16.20275 -248.4563
1.89362 2.224976 1.449382 -125.4408 27.11878 -248.4563
1.973454 2.224976 1.361979 -136.4102 37.53862 -248.4563
2.06818 2.224976 1.277751 -150.8148 47.95847 -248.4563
2.128483 2.098084 1.217937 -161.5705 57.7829 -248.4563
2.216373 1.862 1.184489 -166.1354 70.01955 -248.4563
2.188053 1.611756 1.102702 -176.7384 77.37833 -248.4563
2.260807 1.327576 0.9803877 -187.0056 88.6684 -248.4563
2.289799 1.188904 0.9889326 -190.9827 96.14931 -248.4563
2.289799 1.096375 0.9103193 -207.3033 112.7295 -248.4563
2.289799 0.9328009 0.819499 -229.5094 119.2028 -248.4563
2.289799 0.8212286 0.7670088 -230.6163 151.1264 -248.4563
2.289799 0.6364141 0.6046553 -230.6163 156.9585 -248.4563
2.289799 0.5924688 0.5162764 -230.6163 181.76 -248.4563
2.289799 0.6486212 0.4447432 -230.6163 196.5463 -248.4563
2.289799 0.2931524 0.05851269 -230.6163 208.0043 -248.4563
2.289799 0.2313849 -0.1136065 -230.6163 229.844 -248.4563
2.289799 -0.06890808 -0.2605791 -230.6163 231.0959 -248.4563
2.289799 -0.4946894 -0.2605791 -230.6163 231.0959 -248.4563
2.289799 -0.6880487 -0.2605791 -230.6163 231.0959 -248.4563
2.289799 -0.9517206 -0.2605791 -230.6163 231.0959 -248.4563
2.289799 -1.226379 -0.2605791 -230.6163 231.0959 -248.4563
2.289799 -1.325256 -0.2605791 -230.6163 231.0959 -248.4563
2.289799 -1.774963 -0.2605791 -230.6163 231.0959 -248.4563
2.281559 -1.774963 -0.2605791 -230.6163 231.0959 -248.4563
2.027164 -1.774963 -0.2605791 -230.6163 231.0959 -248.4563
1.768864 -1.774963 -0.2605791 -230.6163 231.0959 -248.4563
1.652409 -1.774963 -0.2605791 -230.6163 231.0959 -248.4563
1.277653 -1.774963 -0.2605791 -230.6163 231.0959 -248.4563
0.8762856 -1.774963 -0.2605791 -230.6163 231.0959 -248.4563
0.4749185 -1.774963 -0.2605791 -230.6163 231.0959 -248.4563
-0.6307944 -1.774963 -0.2605791 -193.4865 190.8516 -248.4563
-0.5057944 -1.774963 -0.2605791 -70.99037 104.3172 -190.0746
-0.7277183 -1.774963 -0.2605791 -25.18121 47.08825 -123.9983
-0.9559897 -1.774963 -0.2605791 28.9104 -6.278169 -70.84559
-1.166927 -1.774963 -0.2605791 91.47528 -55.57588 -17.76925
-1.278988 -1.774963 -0.2605791 105.5822 -84.47664 33.00938
-1.204525 -1.774963 -0.2605791 114.1852 -125.2171 81.67349
-1.025082 -1.774963 -0.2605791 122.7501 -143.0568 114.6659
-0.9208335 -1.774963 -0.2605791 134.6127 -182.5911 146.9178
-0.4960288 -1.774963 -0.2605791 138.628 -196.0263 173.5437
-0.116146 -1.774963 -0.2605791 164.7883 -220.5606 189.2002
0.2141763 -1.774963 -0.2605791 181.7883 -228.7514 209.1163
0.3616372 -1.774963 0.02653027 194.5745 -243.5988 228.7117
0.5508462 -1.774963 0.3336592 214.6661 -224.9194 246.3147
0.6787759 -1.708801 0.5340986 226.773 -218.0492 251.8109
0.7976724 -1.43756 0.6136885 227.8341 -213.3621 251.8109
0.8667642 -1.278625 0.741374 232.4982 -212.698 251.8109
0.9727212 -1.016418 0.8846846 232.0173 -193.8049 251.8109
0.9685708 -0.7756952 0.9860029 242.4906 -178.5682 251.8109
0.9187661 -0.6436152 0.9969893 244.7959 -166.6827 251.8109
0.9075356 -0.4920038 0.9772139 239.8417 -157.8049 251.8109
0.9187661 -0.3525995 0.9777021 233.0325 -147.6751 251.8109
0.9053384 -0.244201 0.958415 224.8875 -138.7362 251.8109
0.901188 -0.1253046 0.9591475 210.6203 -130.7744 251.8109
0.8999673 -0.06378113 0.9525557 203.3684 -123.0721 251.8109
0.9090005 -0.01763855 0.9435225 193.9257 -119.2324 251.8109
0.9204751 0.02166809 0.9755049 187.6356 -113.4385 251.8109
0.9651528 0.03607239 0.9940596 182.0783 -106.6064 251.8109
1.008122 0.05584778 1.025554 180.5745 -100.0415 251.8109
1.023014 0.01654114 1.027751 183.2463 -91.32397 251.8109
1.020329 0.09173645 1.042644 181.2692 -84.41557 251.8109
1.048405 0.07440247 1.007731 186.7883 -76.65985 251.8109
1.075016 0.1259161 1.00114 189.4371 -68.73618 251.8109
1.111881 0.1366583 0.9420576 193.5669 -61.54535 251.8109
1.147526 0.2155158 0.8539228 191.7806 -55.20183 251.8109
1.128483 0.2326056 0.7819014 199.315 -49.29343 251.8109
1.119694 0.275086 0.7040205 202.9257 -46.59114 251.8109
1.146793 0.3620001 0.6276045 202.4829 -40.18657 251.8109
1.198307 0.7846075 0.3480635 200.3761 -33.93466 251.8109
1.168522 0.6312872 0.07828808 212.9715 -53.40031 251.8109
1.138004 0.8556524 0.09269238 192.1928 -53.92702 251.8109
1.155583 0.7389532 0.04679394 200.5211 -53.82015 251.8109
1.144352 0.9083868 -0.09749317 192.002 -62.94229 251.8109
1.139958 0.8800665 -0.1123857 193.0096 -67.49191 251.8109
1.17902 0.8556524 -0.2388506 185.1241 -73.59114 251.8109
1.194889 0.9501348 -0.2605791 180.5745 -83.88123 251.8109
1.209049 0.997254 -0.2605791 180.2234 -94.1942 251.8109
1.315739 0.9996954 -0.2605791 178.5364 -104.7973 251.8109
1.336002 1.12909 -0.2605791 175.2081 -115.6522 251.8109
1.370426 1.205018 -0.2605791 169.1165 -124.2858 251.8109
1.428532 1.221131 -0.2605791 177.4218 -135.0873 251.8109
1.505436 1.304383 -0.152669 174.7959 -138.8049 251.8109
1.516667 1.384461 -0.2415361 165.8799 -152.8507 251.8109
1.525211 1.570496 -0.1394854 155.9562 -163.011 251.8109
1.923161 2.224976 0.8544111 -155.143 40.79817 -248.4563
2.289799 -0.0449823 -0.2427568 -230.6163 231.0959 -248.4563
2.289799 -0.514953 -0.2605791 -230.6163 231.0959 -248.4563
2.289799 -0.3472284 -0.2605791 -230.6163 231.0959 -248.4563
2.289799 -0.6741327 -0.2605791 -230.6163 231.0959 -248.4563
2.289799 -0.8645624 -0.2605791 -230.6163 231.0959 -248.4563
2.289799 -1.157043 -0.2605791 -230.6163 231.0959 -248.4563
2.289799 -1.684387 -0.2605791 -230.6163 231.0959 -248.4563
2.289799 -1.774963 -0.2605791 -230.6163 231.0959 -248.4563
2.157047 -1.774963 -0.2605791 -230.6163 231.0959 -248.4563
1.876042 -1.774963 -0.2605791 -230.6163 231.0959 -248.4563
1.252506 -1.774963 -0.2605791 -230.6163 231.0959 -248.4563
0.9043618 -1.774963 -0.2605791 -230.6163 231.0959 -248.4563
0.9126626 -1.774963 -0.2605791 -230.6163 231.0959 -248.4563
0.3465005 -1.774963 -0.2605791 -230.6163 231.0959 -248.4563
0.1712075 -1.774963 -0.2605791 -230.6163 220.0119 -248.4563
0.03375635 -1.774963 -0.2605791 -230.6163 175.0654 -248.4563
-0.4669761 -1.774963 -0.2605791 -143.0896 94.7142 -213.3952
-0.8495444 -1.774963 -0.2605791 -80.61632 18.14931 -154.8837
-0.9520835 -1.774963 -0.2605791 -10.99037 -57.27053 -101.9601
