0.9110869 -0.08199757 0.6144121 -34.99657 22.37478 50.73775
0.9118194 -0.07906787 0.6112382 -34.98893 22.54272 48.49348
0.9044951 -0.08810108 0.6158769 -34.92786 22.91676 45.9286
0.9071807 -0.08688038 0.6029375 -35.30191 23.04653 43.76829
0.8988799 -0.08834522 0.6105058 -35.34008 22.98547 41.83699
0.8686065 -0.3095366 0.8197344 -3.966031 13.34424 5.340809
0.8676299 -0.2721831 0.7994707 -1.309542 18.51218 6.317908
0.8610381 -0.2692534 0.7850664 -0.4316797 19.80226 6.188137
0.8634795 -0.2624175 0.7770097 0.4614501 20.9702 6.25684
0.862503 -0.2516753 0.7550371 0.9270988 22.19157 6.249207
0.8629912 -0.2402007 0.7389238 1.484351 22.71066 6.119435
0.8678741 -0.221646 0.7213457 1.812595 23.48928 5.913328
0.8676299 -0.2187163 0.6971757 2.156106 23.57325 5.516381
0.8769073 -0.2152983 0.6954668 2.003435 23.64195 5.485847
0.8776397 -0.2074858 0.6764238 1.911832 23.84043 5.27974
0.8891143 -0.2040679 0.6605546 1.972901 23.89386 4.982031
0.8839873 -0.1972319 0.6505449 2.079771 23.77936 4.653786
0.8971709 -0.1855132 0.6297929 2.140839 23.44348 4.325542
0.8891143 -0.1825835 0.6324785 2.026336 22.77172 4.043098
0.8952178 -0.1715972 0.6192949 1.797328 22.24501 3.516382
0.8949737 -0.1742827 0.6170976 2.232442 21.53508 3.066
0.9013213 -0.1672026 0.6134355 2.392748 21.0847 2.455313
0.902542 -0.1581694 0.6285722 2.240077 20.21447 1.806458
0.8681182 -0.1613433 0.655916 0.2171755 18.58852 1.340809
0.9101104 -0.2172515 0.6954668 -1.698855 20.18394 3.295008
0.9247588 -0.1901519 0.7047441 -0.7293897 22.55035 1.432413
0.9152373 -0.1999175 0.6864336 1.003435 23.22974 0.6919537
0.9176787 -0.190396 0.6752031 0.5454197 23.016 0.2339382
0.9213408 -0.1891753 0.6727617 2.720993 22.60379 -0.7431602
0.9137725 -0.1830718 0.6805742 2.637022 23.57325 -1.682091
0.9096221 -0.1752593 0.6690996 2.537786 23.96256 -2.31568
0.904251 -0.1823394 0.6678789 1.881298 23.82516 -3.056137
0.90596 -0.1864898 0.6590898 1.35458 24.016 -3.781328
0.8957061 -0.1877105 0.6637285 1.011069 24.20684 -4.628656
0.9057158 -0.1918608 0.6378496 1.072137 24.07707 -5.628656
0.9057158 -0.1952788 0.6312578 1.583588 23.20684 -5.80423
0.8969268 -0.2018706 0.6363847 1.278244 22.71829 -6.239344
0.8996123 -0.2038237 0.6346757 0.8889308 22.27554 -6.582855
0.8964385 -0.2140776 0.6358964 0.8354959 22.0847 -6.80423
0.886917 -0.2160308 0.6341875 1.469084 21.33661 -7.216442
0.8820342 -0.2143218 0.6344316 1.507252 20.85569 -7.224077
0.8700713 -0.2248198 0.6266191 2.05687 20.07707 -7.468351
0.8666533 -0.2272612 0.6307695 2.224809 19.58852 -7.346214
0.8664092 -0.2265288 0.6219804 1.888931 19.0389 -7.376747
0.8656768 -0.232144 0.6310136 1.278244 18.53508 -7.384382
0.873001 -0.2370269 0.6354082 0.9041982 17.85569 -7.353848
0.8761748 -0.235562 0.624666 0.3316793 17.54272 -6.811863
0.8710479 -0.2441069 0.6329668 -0.2790079 16.88623 -6.842398
0.8778838 -0.2560699 0.6297929 -0.7522902 16.19157 -6.598122
0.8783721 -0.2626616 0.6249101 -1.477481 15.64195 -5.949266
0.8830108 -0.275357 0.6312578 -2.179771 15.27554 -5.384382
0.8817901 -0.2917144 0.6361406 -2.668321 14.69539 -5.002703
0.8876494 -0.2953765 0.6371171 -3.126336 14.0618 -3.941633
0.8935088 -0.3019683 0.636873 -3.187405 13.78699 -2.979801
0.893753 -0.3127105 0.6341875 -3.515649 13.0618 -1.865297
0.8976592 -0.3183257 0.6549394 -3.767557 12.64195 -0.8347626
0.8952178 -0.3246734 0.6573808 -4.126336 12.42821 0.5698166
0.8896026 -0.329312 0.6754472 -5.072901 12.1076 4.531649
0.8837432 -0.3305327 0.6759355 -5.317176 12.47402 5.753023
0.8817901 -0.3261382 0.6874101 -5.317176 12.67249 7.104168
0.8778838 -0.3236968 0.6920488 -5.553817 12.61905 8.524015
0.871292 -0.313687 0.6903398 -6.057634 12.89386 9.394244
0.87471 -0.3161284 0.685457 -6.508016 13.1534 10.53928
0.8617705 -0.3090484 0.6861894 -6.622519 13.58852 11.53165
0.8520049 -0.3068511 0.6783769 -7.011832 13.9931 12.56982
0.8446807 -0.2934234 0.6808183 -6.813359 14.1534 13.48585
0.8500518 -0.298062 0.6676347 -6.744657 14.05417 14.52402
0.8393096 -0.2941558 0.6666582 -6.591985 14.13814 15.08127
0.838333 -0.2817046 0.6512773 -6.698855 13.84806 15.93623
0.8251494 -0.2726714 0.6415117 -6.897328 13.33661 17.1347
0.8307647 -0.2738921 0.6227129 -7.805725 12.56562 18.27211
0.8271026 -0.2687652 0.6173418 -8.737023 11.93203 19.14234
0.8192901 -0.2621734 0.609041 -9.111069 10.72592 20.08127
0.8168487 -0.256314 0.6046464 -10.05 9.703022 20.92096
0.8180694 -0.2458159 0.5990312 -11.0958 8.580885 22.28737
0.8119658 -0.2409331 0.5895097 -11.79046 7.405313 23.26447
0.8107451 -0.2370269 0.58658 -12.82863 6.237374 24.10417
0.8109893 -0.2282378 0.5931718 -13.92023 5.069435 24.92096
0.8185576 -0.223355 0.5885332 -15.08817 3.710657 25.89043
0.8168487 -0.2135894 0.593416 -16.44695 1.993099 26.69959
0.8188018 -0.2099272 0.5985429 -17.66069 0.8098931 27.56982
0.8207549 -0.1991851 0.6014726 -18.80573 -0.8771297 28.17287
0.8231963 -0.1950347 0.6046464 -20.08053 -2.365679 29.12707
0.8376006 -0.1825835 0.6200273 -21.44695 -3.503084 29.9744
0.8410186 -0.1845366 0.6261308 -22.59962 -4.777893 30.54692
0.8424834 -0.1662261 0.6310136 -23.96603 -5.922931 31.17287
0.8493194 -0.1650054 0.6427324 -24.82862 -6.984 31.30264
0.8622588 -0.1552397 0.671541 -25.76756 -7.869496 31.50875
0.8605498 -0.1459624 0.6876543 -25.9126 -8.732092 31.57745
0.8676299 -0.1493804 0.7020586 -26.35534 -9.029801 31.67669
0.87471 -0.1376616 0.727205 -26.46985 -9.380947 31.52402
0.8849639 -0.1305815 0.7501543 -26.72176 -9.159573 31.1805
0.8917998 -0.1349761 0.7796953 -26.20267 -8.861862 30.98966
0.8959502 -0.1305815 0.8070391 -25.72939 -7.984 30.60798
0.9020537 -0.1183745 0.8019121 -25.38588 -7.533618 30.07363
0.9120635 -0.1093413 0.8146074 -25.0271 -6.869496 29.25684
0.9433135 -0.2157866 0.7682207 -13.29428 -9.861862 32.01257
0.93721 -0.1083647 0.8214434 -9.805725 -1.419115 26.37134
0.9384307 -0.1081206 0.8224199 -9.469848 -0.205374 25.21867
0.9318389 -0.1020171 0.815584 -8.546184 0.977832 23.69959
0.935501 -0.1015288 0.8099688 -7.820992 2.12287 22.16524
0.9323272 -0.09200733 0.8097246 -7.393512 3.306077 20.90569
0.9359893 -0.09029835 0.7992265 -6.744657 4.351878 19.42478
0.932083 -0.09713428 0.7997148 -6.225573 5.336611 17.94386
0.9403838 -0.09029835 0.7984941 -5.94313 6.542717 16.22631
0.9376983 -0.09615772 0.7923906 -5.599618 7.222106 14.49348
0.940628 -0.09322803 0.7796953 -5.424046 8.466381 12.96676
0.9418487 -0.1022612 0.77408 -5.309542 9.183939 11.56218
0.947708 -0.1110503 0.7579668 -5.584352 9.916763 10.39424
0.9523467 -0.1208159 0.7582109 -5.195038 10.55035 9.134703
0.9489287 -0.1242339 0.747957 -5.385878 10.9931 8.058367
0.9564971 -0.1376616 0.728914 -5.279008 11.77936 6.577451
0.9555205 -0.1474272 0.7264726 -4.622519 12.16867 5.905695
0.9481963 -0.1603667 0.7250078 -4.294275 12.73356 4.920961
0.9542998 -0.1635405 0.7189043 -4.088168 12.81753 4.043098
0.9523467 -0.1755034 0.7142656 -3.523283 12.78699 3.615618
0.9508819 -0.1750151 0.7057207 -3.279008 13.19921 2.989664
0.9462432 -0.1881987 0.7008379 -3.095802 13.44348 2.600351
0.9455108 -0.1974761 0.6915605 -2.950764 13.37478 2.149969
0.9435576 -0.1977202 0.6898515 -2.813359 13.74119 1.87516
0.9384307 -0.2065093 0.6847246 -2.416412 13.86333 1.699587
0.9350127 -0.2082183 0.6678789 -2.408779 13.81753 1.93623
0.9342803 -0.2192046 0.6703203 -2.553817 13.96256 1.867527
0.9318389 -0.2240874 0.6615312 -2.279008 13.53508 1.951496
0.9269561 -0.2362944 0.6617754 -1.882061 13.54272 1.989664
0.9264678 -0.2438628 0.6441972 -1.668321 13.32134 2.455313
0.919876 -0.2502105 0.6241777 -1.530916 13.06944 2.836992
0.9191436 -0.2555816 0.6244218 -1.118702 12.45875 3.516382
0.9127959 -0.2582671 0.619539 -0.8286262 11.70302 3.959129
0.9135283 -0.2609527 0.6004961 -0.5690842 10.9473 4.531649
0.9081573 -0.2687652 0.5985429 -0.622519 9.970198 5.378977
0.8988799 -0.2777984 0.5926836 -0.3248091 8.863329 5.943863
0.9015655 -0.2697417 0.5807207 -0.3400764 7.840428 6.714855
0.8964385 -0.2768218 0.5733964 -1.43168 6.878596 7.882794
0.902542 -0.2787749 0.560457 -1.622519 4.840427 8.821725
0.8910674 -0.2826812 0.5699785 -1.256107 3.565619 9.592717
0.8930205 -0.2814605 0.5626543 -2.75229 2.351878 10.60035
0.8898467 -0.2807281 0.5548418 -3.828626 0.2144732 11.89043
0.8896026 -0.2780425 0.5582597 -5.011832 -0.8694963 12.75302
0.892044 -0.2853667 0.5685136 -5.492748 -2.693924 13.91333
0.8849639 -0.2851226 0.5504472 -6.256107 -4.571786 14.87516
0.8900908 -0.2799956 0.5655839 -7.271374 -5.900031 15.56218
0.8930205 -0.2775542 0.5831621 -8.179771 -7.87713 16.57745
0.9027862 -0.2797515 0.5677812 -8.83626 -9.602321 17.31791
0.8964385 -0.2819488 0.5948808 -9.958397 -11.31988 18.27211
0.9020537 -0.2839019 0.6014726 -10.77519 -12.17484 19.05837
0.9096221 -0.2804839 0.6083086 -11.47748 -13.56415 19.89806
0.9169463 -0.2799956 0.6300371 -11.9813 -14.45728 20.29501
0.9193877 -0.2751128 0.6568925 -12.56145 -15.38858 20.77592
0.923294 -0.2817046 0.6642168 -13.10344 -16.0069 21.50111
