-0.6183848 0.2421128 0.9190616 31.60822 41.90214 -32.5709
-0.6491465 0.2679917 0.9652041 30.95173 34.8487 -33.40296
-0.5971446 0.2113511 0.9415225 32.80669 32.90214 -37.87624
-0.5925059 0.1815659 0.944208 32.69982 30.47466 -39.777
-0.5983653 0.1449448 0.9507998 33.37921 27.41359 -41.96785
-0.5907969 0.186937 0.9405459 29.36394 25.32198 -42.79991
-0.5851817 0.1224839 0.9429873 23.36394 25.24565 -42.26556
-0.629127 0.08610693 0.9271182 23.02806 21.68076 -43.34189
-0.6276621 0.02971044 0.9066104 21.78379 19.42886 -43.11288
-0.630836 0.01725927 0.9178409 17.38684 16.03954 -40.14342
-0.5717539 0.02311864 0.8941592 11.42501 13.18458 -37.06708
-0.5192637 0.06047216 0.8707217 2.455542 10.7342 -34.48693
-0.5951914 -0.0396255 0.9261416 3.944092 10.37542 -33.97548
-0.6279063 -0.003492683 0.9049014 1.501343 5.711297 -32.02128
-0.6313242 -0.1062759 0.9112491 3.402107 2.932672 -31.12052
-0.6012949 -0.0642837 0.9359073 -1.002473 -1.510077 -26.47166
-0.5778574 -0.0877212 0.9639834 -6.69713 -2.22 -22.90678
-0.5846934 -0.1021255 0.9862002 -10.7124 -7.273436 -16.41059
-0.5617442 -0.1822036 0.9940127 -7.559726 -8.609313 -15.28846
-0.5695567 -0.09821924 1.040155 -7.842168 -9.716184 -13.01365
-0.5693125 -0.09846338 1.082636 -8.910871 -13.03679 -9.700672
-0.5461192 -0.05232081 1.120722 -15.39179 -13.91466 -5.700672
-0.4899668 -0.02302393 1.199091 -25.67423 -12.48718 -0.7083053
-0.4633555 -0.04450831 1.23913 -26.43759 -9.502443 0.8336794
-0.4733653 -0.03132472 1.220331 -23.02537 -11.62458 0.8336794
-0.4877696 -0.04304347 1.266962 -15.14751 -11.96046 -1.471664
-0.4770274 -0.03645167 1.288935 -6.819267 -12.63221 -3.929679
-0.4501719 -0.03547511 1.31994 1.188366 -12.41084 -6.700672
-0.4443125 -0.04060206 1.315058 11.98989 -11.66275 -10.11289
-0.4394297 -0.01008448 1.315302 19.02806 -10.46428 -12.5938
-0.4462656 -0.008375496 1.30871 21.86776 -10.1742 -12.79991
-0.4506602 -0.001783699 1.311884 20.89066 -9.22 -11.80754
-0.4587168 -0.03230128 1.307245 20.69218 -7.845954 -10.35716
-0.455543 -0.02058253 1.319696 19.04333 -6.968092 -8.242657
-0.4665293 -0.05622706 1.325067 18.32577 -4.532977 -6.731205
-0.4650645 -0.03352198 1.323603 18.27234 -4.1971 -4.746473
-0.4506602 -0.0342544 1.313105 18.29524 -1.975725 -3.86861
-0.4474864 -0.02937159 1.300165 19.98226 -2.51771 -3.089984
-0.4367442 -0.01496729 1.311884 20.97463 -1.00626 -2.731206
-0.4240489 -0.02009425 1.30456 24.42501 -0.3955727 -2.922046
-0.4333262 0.008226067 1.300897 28.3105 0.3601522 -4.112885
-0.4338145 0.02385107 1.279901 30.74562 1.48229 -4.746473
-0.4491953 0.01872411 1.257196 34.3105 1.314351 -5.723572
-0.4360117 0.04802099 1.243769 35.02043 1.734198 -6.257924
-0.4330821 0.05192724 1.234247 35.90593 1.18458 -6.464031
-0.4157481 0.07389989 1.222772 35.45554 1.711298 -7.036549
-0.4247813 0.07829443 1.237177 31.44791 3.176946 -6.05945
-0.4565196 0.07121435 1.235956 27.89829 4.58916 -5.158687
-0.4657969 0.0438706 1.22204 27.02806 4.612061 -4.540366
-0.4501719 0.05021825 1.212519 23.70745 6.092977 -3.563267
-0.4548106 0.03434911 1.217401 22.34867 6.18458 -2.784641
-0.4181895 0.0384995 1.208124 21.63875 7.810534 -2.754107
-0.4330821 0.04313818 1.198114 21.54715 8.253283 -2.998382
-0.426002 0.02971044 1.182978 23.58531 8.627328 -4.082351
-0.4426035 0.03923193 1.152704 27.89829 8.215115 -6.181588
-0.4438242 0.04753271 1.135858 32.22654 8.039542 -8.196856
0.3467031 0.395189 2.37121 21.86776 182.322 -79.57853
0.4304433 0.1119858 1.171747 -41.09407 246.0243 -140.7617
0.3808828 0.09391943 1.096063 -30.81163 246.0243 -143.0747
0.4580312 0.1197983 0.9661807 -18.60553 246.0243 -148.548
0.4985586 0.2535874 0.9583682 -29.48339 246.0243 -150.5709
0.5593496 0.1927964 0.9920596 -33.68186 246.0243 -156.6549
0.5525136 0.1849839 1.063593 -36.13988 246.0243 -162.9908
0.5012441 0.1483628 1.171991 -31.06354 246.0243 -166.6014
0.5830312 0.105394 1.177606 -24.03301 246.0243 -173.3266
0.6770254 0.09318701 1.163202 -21.7353 246.0243 -177.2045
0.7390371 0.07072607 1.187372 -21.85744 246.0243 -179.9755
0.7856679 0.05681005 1.19494 -22.62079 246.0243 -182.5862
0.8269278 0.03801122 1.20373 -26.42995 246.0243 -184.693
0.8550039 0.01457372 1.219355 -32.76583 246.0243 -185.3343
0.9336172 -0.05085597 1.229364 -39.84217 246.0243 -184.6243
0.9670645 -0.1787857 1.217646 -36.62079 246.0243 -187.4259
0.974877 -0.2632583 1.183466 -33.78873 246.0243 -186.5327
1.043236 -0.3062271 1.18371 -34.97194 246.0243 -184.548
1.038598 -0.3762954 1.167597 -31.23911 246.0243 -182.5175
1.072533 -0.3577407 1.114618 -30.9414 246.0243 -179.6167
1.101586 -0.3682388 1.070673 -32.40705 246.0243 -177.6549
1.172387 -0.3872818 1.001337 -32.33072 246.0243 -175.6243
1.101586 -0.4002212 0.9315127 -34.81927 246.0243 -175.5251
1.118188 -0.3931411 0.872919 -35.65896 246.0243 -174.2503
0.9607168 -0.3281997 0.8492373 -40.33835 246.0243 -162.861
1.015893 -0.4844497 0.6097354 -29.62079 246.0243 -160.0595
1.047143 -0.4104751 0.5025577 -18.60553 246.0243 -162.4106
1.01516 -0.4021743 0.2108096 -20.57499 246.0243 -164.8152
1.014428 -0.3965591 0.2044619 -18.49102 246.0243 -170.9221
0.8791739 -0.4092544 0.3409365 -19.77346 246.0243 -167.1282
0.8784414 -0.4383071 0.2623233 -23.32308 246.0243 -164.8992
0.8850332 -0.5083755 0.2806338 -27.48339 246.0243 -162.0366
0.8657461 -0.5244888 0.2928408 -29.86507 246.0243 -157.0824
0.8501211 -0.5615982 0.261835 -37.00247 246.0243 -151.6014
0.8628164 -0.5847916 0.2608584 -44.28492 246.0243 -145.2656
0.851586 -0.6717056 0.2733096 -49.30018 246.0243 -137.5862
0.8537832 -0.6924576 0.2735537 -56.62079 246.0243 -128.1816
0.8645254 -0.7251724 0.2579287 -63.49102 246.0243 -118.1511
0.8801504 -0.7251724 0.2227725 -70.8727 246.0243 -108.4869
0.8713614 -0.7493423 0.1968936 -71.9643 246.0243 -98.5938
0.8584219 -0.7195572 0.1876162 -70.6208 246.0243 -92.12051
0.8723379 -0.6812271 0.1641787 -69.05591 246.0243 -85.22739
0.936791 -0.6155533 0.1336612 -67.21621 246.0243 -80.83807
0.9726797 -0.5401138 0.2007998 -67.43758 246.0243 -76.7999
0.9536367 -0.5164322 0.1756533 -58.7811 246.0243 -74.29609
0.9555899 -0.4622329 0.1734561 -51.34599 246.0243 -74.16632
0.954125 -0.38777 0.2056826 -44.03301 246.0243 -74.65487
0.9717031 -0.3528579 0.1778506 -40.31545 246.0243 -76.25029
0.9294668 -0.363356 0.1561221 -27.01774 246.0243 -79.12815
0.8908926 -0.3162368 0.1114444 -16.00247 246.0243 -83.02892
0.8674551 -0.2774185 0.08507717 -5.254382 246.0243 -87.94495
0.8657461 -0.2866958 0.02550685 9.134932 246.0243 -95.20449
0.6819082 -0.2481216 -0.04309666 16.58531 245.4059 -100.2503
0.7204824 -0.3052505 -0.06165135 20.48608 233.7724 -101.5556
0.5669179 -0.3006118 -0.06165135 31.43264 221.8411 -106.1129
0.547875 -0.2989028 -0.06165135 35.51661 216.1082 -109.5709
0.4385 -0.3538345 -0.06165135 39.05096 205.9937 -111.7541
0.3830801 -0.3272232 -0.06165135 37.22654 184.2304 -107.9373
0.3901601 -0.4214614 -0.06165135 25.82959 171.6579 -103.8991
0.3508535 -0.4468521 -0.06165135 15.59295 169.093 -99.08998
0.3027578 -0.4871353 -0.06165135 3.570046 155.2533 -92.46403
0.3318105 -0.5725845 -0.06165135 -6.574992 142.3449 -83.83807
0.3960195 -0.6126236 -0.06165135 -13.8956 134.3678 -75.31899
0.4267812 -0.6294693 -0.06165135 -16.7124 121.3372 -67.24265
0.4846426 -0.6013931 -0.04578221 -16.7353 114.1159 -61.45639
0.5744863 -0.5659927 0.07457912 -16.04064 107.9556 -56.53273
0.6570058 -0.5000748 0.1824893 -13.93377 101.2304 -52.95258
0.705834 -0.4651626 0.2686709 -10.97957 98.32961 -51.49456
0.8135 -0.3606704 0.3514346 -8.949039 101.2533 -50.4793
0.7912832 -0.3206314 0.4258975 -7.964306 96.21511 -49.34953
0.8420645 -0.2613052 0.3983096 -6.223847 92.009 -49.70067
0.8484121 -0.2447036 0.4085635 -5.139878 89.79527 -50.46403
0.8579336 -0.2649673 0.3148135 -6.536824 81.53572 -51.74647
0.8423086 -0.313063 0.2933291 -7.139878 77.21511 -50.79227
0.834252 -0.3340591 0.2520694 -9.368886 73.24564 -49.01365
0.8247305 -0.3692153 0.2274112 -10.49866 68.18458 -47.19685
0.8257071 -0.3787368 0.2242373 -11.8956 62.40596 -44.73884
0.8261953 -0.3958267 0.2054385 -12.7353 56.79527 -42.56327
0.8303457 -0.4090103 0.2027529 -10.9185 51.13115 -41.10525
0.8371817 -0.4146255 0.2042178 -8.116978 46.45176 -40.72357
0.8301016 -0.406813 0.1949405 -3.887969 40.26092 -40.16632
0.8388906 -0.3931411 0.1920108 -0.5673589 35.45176 -39.96785
0.843041 -0.3814224 0.1827334 3.722718 31.37542 -40.5022
0.8493887 -0.3784927 0.1292666 7.982259 26.81817 -40.99838
0.8418203 -0.3694595 0.0972842 12.48608 21.42886 -41.99838
0.7878652 -0.3787368 0.04845607 17.06623 14.24565 -42.13578
0.7868886 -0.3589614 0.006219745 17.40211 12.97847 -41.12815
0.7029043 -0.3484634 -0.06165135 13.61585 7.673129 -39.6854
0.6662832 -0.3655532 -0.06165135 10.72272 -2.761985 -37.96785
-0.349586 -0.3372329 1.637567 35.0815 -12.71618 -5.914412
-0.3293223 -0.3196548 1.674189 38.38684 -10.1513 -6.288458
-0.316627 -0.302565 1.697382 39.66165 -7.334504 -5.899145
-0.3112559 -0.3020767 1.721064 41.01279 -4.700916 -5.639603
-0.2812266 -0.3086685 1.743036 43.196 -2.105496 -4.769374
