0.2431182 -0.8837554 0.6786211 6.171374 0.4587481 16.44005
0.2555693 -0.8920562 0.6708086 5.453817 0.2602749 16.85989
0.2638701 -0.893521 0.6749589 5.858397 0.2984428 16.92096
0.2675322 -0.9020659 0.6835039 7.667557 0.183939 16.82173
0.2663115 -0.8898589 0.6710527 11.56069 -0.1214046 16.24157
0.2658232 -0.8744781 0.6739824 15.72863 -0.5336184 15.30264
0.2597197 -0.8608062 0.6586015 19.07977 -1.083237 14.44005
0.2548369 -0.844937 0.6500566 22.10267 -1.609954 13.44768
0.2514189 -0.8407866 0.6634843 24.67519 -2.930565 12.53165
0.2477568 -0.8322417 0.6625078 26.0416 -3.617588 11.82172
0.2460479 -0.8339507 0.6617754 26.24008 -4.182473 11.39424
0.246292 -0.851773 0.6754472 27.69809 -5.136672 10.34081
0.2421416 -0.8412749 0.6678789 25.57596 -3.938199 10.05837
0.2382354 -0.8620269 0.6466386 24.59886 -4.655756 9.959129
0.2384795 -0.8781402 0.6341875 23.39275 -5.77026 10.14234
0.2399443 -0.8874175 0.6407793 22.20191 -6.197741 10.28737
0.2372588 -0.9008452 0.6446855 21.15611 -6.678657 10.34844
0.2343291 -0.9113433 0.6405351 18.93473 -6.732091 11.2034
0.2399443 -0.9225738 0.6549394 18.0874 -7.671023 11.63089
0.2355498 -0.9418609 0.6705644 16.66756 -7.571786 12.51638
0.2240752 -0.9562652 0.6817949 15.56832 -7.213007 13.1347
0.2086943 -0.9755523 0.6776445 14.27061 -7.106137 14.1805
0.197708 -0.9997222 0.6644609 13.07214 -7.129038 15.63089
0.201126 -1.024136 0.6573808 12.67519 -7.487817 17.1118
0.1918486 -1.036831 0.6346757 12.65992 -8.045069 18.78356
0.1813506 -1.056363 0.6041582 15.37748 -9.380947 19.48585
0.1752471 -1.055386 0.593416 16.30115 -10.83133 21.27974
0.1867217 -1.040249 0.5924394 16.24771 -13.19774 23.61562
0.2130889 -1.000943 0.6185625 13.19427 -13.90003 26.09653
0.2182158 -0.9645659 0.6341875 10.79733 -14.67102 28.07363
0.2250518 -0.9406402 0.633455 6.614122 -14.97637 30.55455
0.2165068 -0.8991363 0.6354082 1.873664 -15.55652 31.93623
0.2372588 -0.8141753 0.6307695 -8.508016 -16.90766 35.066
0.2409209 -0.8356597 0.6366289 -9.675955 -19.03744 34.35608
0.2663115 -0.7829253 0.6417558 -16.12634 -18.72446 34.92096
0.2694854 -0.7807281 0.6422441 -17.19504 -20.86186 33.40951
0.2794951 -0.7673003 0.6459062 -19.99656 -22.20537 32.62325
0.2887725 -0.7643706 0.6944902 -19.08817 -23.06797 30.48585
0.2716826 -0.7770659 0.6822832 -20.79046 -21.80843 29.56982
0.2763213 -0.7865874 0.6720293 -18.83626 -22.74736 27.57745
0.263626 -0.820523 0.6600664 -13.56908 -25.18247 24.89043
0.2533721 -0.8315093 0.68033 -8.737023 -25.70919 22.65379
0.2460479 -0.8332183 0.6920488 -3.45458 -25.78553 20.33318
0.2357939 -0.8446929 0.7157304 0.06450367 -25.94583 18.60035
0.2382354 -0.8537261 0.7191484 3.659923 -25.9382 17.32554
0.2450713 -0.8566558 0.7413652 5.888931 -25.64812 16.76829
0.2433623 -0.8888824 0.7489336 12.21718 -24.43438 14.46295
0.2484893 -0.8879058 0.7418535 14.11031 -24.44202 13.87516
0.2492217 -0.9042632 0.7523515 17.43855 -23.01453 12.98966
0.2455596 -0.910855 0.7469804 18.59886 -21.83896 12.73012
0.2382354 -0.9357574 0.7325761 21.49962 -20.86186 12.33318
0.2250518 -0.9303863 0.7169511 21.49962 -20.72446 12.62325
0.2370147 -0.9311187 0.7279375 18.61412 -19.41912 13.9515
0.2301787 -0.9294097 0.7318437 16.79733 -18.08324 14.58508
0.2389678 -0.9213531 0.7399004 13.44618 -17.50308 15.57745
0.2450713 -0.8981597 0.7411211 8.766794 -16.20537 16.56218
0.2475127 -0.8871734 0.746248 5.408015 -15.03744 17.00493
0.2548369 -0.8903472 0.7616289 3.621755 -13.28171 17.37898
0.2580107 -0.8835113 0.7508867 2.331679 -11.67866 16.94386
0.2416533 -0.8820464 0.7359941 1.186641 -10.26644 16.56982
0.22554 -0.8837554 0.7245195 0.3851142 -9.915298 16.55455
0.213333 -0.8852202 0.7157304 0.2553434 -9.258809 15.96676
0.201126 -0.9035308 0.6937578 -2.668321 -7.472549 15.94386
0.1991729 -0.9045074 0.6717851 -3.607252 -8.716825 16.1805
0.201126 -0.9110991 0.6688554 -5.362977 -9.121405 16.59272
0.1952666 -0.9110991 0.687166 -5.958397 -9.205374 16.87516
0.2055205 -0.9186675 0.7015703 -5.332443 -9.136671 16.33318
0.2126006 -0.9223296 0.7062089 -5.095801 -8.57942 16.58508
0.2033232 -0.9223296 0.7228105 -4.301908 -8.503084 16.82173
0.2108916 -0.9313628 0.7208574 -4.523283 -8.266443 16.98966
0.2169951 -0.9511382 0.7259843 -4.362977 -7.915298 17.44768
0.2296904 -0.9709136 0.732332 -0.8057251 -7.861863 17.40951
0.2436064 -0.9682281 0.7401445 6.171374 -7.564153 16.56218
0.2409209 -0.9555327 0.7418535 13.65229 -6.861863 15.40951
0.227249 -0.9447906 0.7401445 18.96527 -6.984 14.71486
0.2194365 -0.9469878 0.7538164 22.8813 -6.457283 14.27211
0.2060088 -0.9286773 0.7677324 25.19428 -5.632855 14.25684
0.1845244 -0.9450347 0.7416093 27.98054 -3.693924 13.93623
0.1896514 -0.9533355 0.7320879 28.43092 -3.571786 14.25684
0.1940459 -0.9672515 0.7198808 29.98054 -3.052702 14.22631
0.1901397 -0.9587066 0.7147539 30.61412 -3.594687 13.88279
0.1923369 -0.9755523 0.7018144 32.51488 -3.945832 13.82173
0.2018584 -0.9587066 0.71158 29.91183 -4.17484 14.68432
0.1918486 -0.9513824 0.7186601 28.13321 -5.251176 15.1347
0.2245635 -0.8698394 0.718416 15.50725 -3.548885 19.92859
0.1898955 -1.045865 0.7162187 22.60649 -3.724458 18.53928
0.2177275 -0.9338042 0.7059648 13.54542 -3.838962 20.86753
0.1757354 -1.046109 0.7142656 19.95 -5.403847 19.89806
0.1662139 -0.8324859 0.6654375 -37.27137 3.466382 22.32554
0.2675322 -0.5951812 0.5677812 -113.5996 15.77172 9.691955
0.2633818 -0.6115386 0.5753496 -100.3172 15.22211 6.966763
0.2614287 -0.6088531 0.5721757 -88.98893 14.71829 3.920961
0.2550811 -0.6056792 0.5653398 -78.55382 14.21447 2.149969
0.2638701 -0.6093413 0.5741289 -69.32481 13.75646 0.1576023
0.2570342 -0.6176421 0.5602129 -60.79046 13.22211 -1.163008
0.2519072 -0.6269195 0.5455644 -52.81336 12.70302 -2.163008
0.2484893 -0.6354644 0.5428789 -45.04237 12.05417 -3.300413
0.2455596 -0.6454741 0.5284746 -37.92786 11.69539 -3.888199
0.2455596 -0.6471831 0.5177324 -31.56145 11.17631 -4.430183
0.2372588 -0.6567046 0.5216386 -26.39351 10.9015 -4.384382
0.2284697 -0.6618316 0.5133379 -22.75229 10.9015 -4.285145
0.2106475 -0.6545074 0.4891679 -21.05 11.56562 -3.598122
0.1869658 -0.6493804 0.4803789 -22.1187 12.16104 -2.170641
0.149124 -0.6523101 0.4505937 -25.89733 13.18394 -0.4759846
0.1049346 -0.633023 0.4227617 -35.51565 13.39005 2.905695
0.09150684 -0.610562 0.390291 -45.01947 13.22211 6.493481
0.08686817 -0.5993316 0.3697832 -56.75993 13.52745 10.05073
0.08613575 -0.5871245 0.3546464 -68.20267 12.93203 13.64615
0.1029814 -0.594937 0.3475664 -78.35534 12.35188 17.18814
0.1186064 -0.5932281 0.3526933 -87.88969 11.85569 20.59272
0.1374053 -0.5824859 0.3500078 -95.54618 11.71829 23.98203
0.1537627 -0.5771148 0.3551347 -102.6301 11.93203 26.98203
0.1679229 -0.5717437 0.3558671 -107.2027 11.37478 29.55455
0.1747588 -0.5627105 0.3785722 -110.5538 11.03127 31.89806
0.1818389 -0.5614898 0.3858964 -111.9966 10.51982 33.60035
0.1979522 -0.5624663 0.390291 -112.4164 9.588518 35.73012
0.2045439 -0.5592925 0.416414 -111.3172 9.09997 36.94386
0.2143096 -0.5592925 0.4239824 -109.05 7.93203 38.21867
0.2143096 -0.5578277 0.4374101 -106.05 7.344244 38.9515
0.2209014 -0.556607 0.4620683 -100.8439 6.489282 39.31027
0.2228545 -0.5524566 0.4654863 -94.74465 5.328977 39.20341
0.22554 -0.5580718 0.4696367 -87.1416 4.321343 38.98966
0.2348174 -0.5561187 0.4916093 -78.56908 3.008367 38.30264
0.2384795 -0.5512359 0.5060136 -68.90496 1.741191 37.75302
0.2531279 -0.5505034 0.5143144 -59.12634 0.6572213 36.48585
0.2575225 -0.5412261 0.517 -49.34771 -0.6328549 35.53165
0.2631377 -0.5321929 0.530916 -40.22557 -1.419115 34.78356
0.2626494 -0.5273101 0.5372636 -32.15687 -2.129038 33.90569
0.2677764 -0.5251128 0.546541 -25.43931 -2.785527 33.51638
0.2577666 -0.5204741 0.5560625 -19.26374 -3.045069 32.87516
0.248001 -0.5114409 0.5531328 -13.71412 -3.525985 32.25684
0.2443389 -0.5016753 0.5521562 -8.64542 -4.113771 31.44004
0.2360381 -0.4945952 0.5316484 -4.179771 -4.487817 30.76066
0.2348174 -0.4933745 0.5338457 -0.2332063 -4.984 30.12707
0.2304229 -0.4858062 0.5306718 2.736259 -5.548885 29.33318
0.2294463 -0.471646 0.5433671 4.858397 -6.457283 29.18814
0.2311553 -0.4499175 0.5455644 4.369847 -6.327511 29.14997
0.2245635 -0.4308745 0.5528886 3.285878 -5.785527 28.91333
0.2230986 -0.4189116 0.5628984 0.2477098 -5.434381 28.76066
0.2172393 -0.4081695 0.5589921 -3.653054 -4.632855 28.56982
0.2145537 -0.3954741 0.5680254 -7.798092 -4.190107 28.61562
0.2223662 -0.4001128 0.570955 -11.46221 -3.274076 27.60035
0.2206572 -0.3781402 0.5658281 -14.1874 -2.28171 26.81409
0.2179717 -0.369107 0.577791 -17.04237 -0.9458321 25.52402
0.2130889 -0.3654449 0.5765703 -20.42405 0.275542 24.60798
0.2162627 -0.3495757 0.5763261 -23.82099 1.687756 23.48585
0.2194365 -0.3485991 0.5721757 -26.9355 3.336611 22.07363
0.2155303 -0.3454253 0.5692461 -30.01183 4.985466 21.0202
0.2101592 -0.3437163 0.5609453 -33.35534 6.703022 19.77592
0.2113799 -0.3437163 0.558748 -38.53092 8.351877 19.24921
