2.122135 2.224976 0.675456 105.7806 -237.2247 251.8109
2.171207 2.224976 0.7938643 98.53635 -227.9346 251.8109
2.187077 2.224976 0.8920088 94.94093 -223.7667 251.8109
2.289799 2.224976 0.9745283 84.98674 -219.095 241.6353
2.248356 2.224976 1.103435 79.24628 -215.2934 222.8414
2.196842 2.224976 1.234294 75.84169 -216.24 213.2995
1.569889 2.224976 1.696696 38.23864 -235.4995 218.6506
2.289799 2.224976 1.871501 62.49055 -158.4919 147.9483
2.289799 2.224976 1.686687 85.0936 -136.2324 119.7651
2.189762 2.224976 1.83903 73.13177 -136.011 103.8643
2.042301 2.224976 1.868571 73.94093 -117.2553 69.45213
1.885075 2.224976 2.044353 49.03253 -88.78961 37.99411
1.831608 2.224976 2.017741 25.43711 -72.03389 3.765099
1.866764 2.224976 2.04362 -14.79953 -55.93466 -32.97536
1.880192 2.224976 2.143474 -43.21938 -34.68275 -77.1662
1.913395 2.224976 2.153972 -62.09724 -11.61405 -126.4334
1.978336 2.224976 2.106608 -85.67738 8.057709 -174.0746
2.052555 2.224976 2.006511 -112.5476 27.95847 -226.3112
2.167057 2.224976 1.940593 -128.8759 44.27145 -248.4563
2.289799 2.224976 1.609782 -153.6774 102.8592 -248.4563
2.289799 2.224976 1.44694 -162.853 117.5234 -248.4563
2.289799 2.224976 1.335856 -172.7919 131.3096 -248.4563
2.289799 2.224976 1.180583 -182.7384 142.2104 -248.4563
2.289799 2.224976 1.066081 -192.6774 151.5005 -248.4563
2.289799 2.224976 0.9733076 -201.2423 161.6913 -248.4563
2.289799 2.224976 0.9039717 -207.5629 171.4623 -248.4563
2.289799 2.224976 0.902751 -214.3491 184.5463 -248.4563
2.289799 2.070496 0.7955732 -225.7537 197.3936 -248.4563
2.289799 1.803406 0.706706 -230.6163 208.8669 -248.4563
2.289799 1.608094 0.5768232 -230.6163 220.5615 -248.4563
2.289799 1.471619 0.5001631 -230.6163 231.0959 -248.4563
2.289799 1.300965 0.3866377 -230.6163 231.0959 -248.4563
2.289799 1.098328 0.2963057 -230.6163 231.0959 -248.4563
2.289799 0.9288946 0.1669111 -230.6163 231.0959 -248.4563
2.289799 0.8043829 0.0958662 -230.6163 231.0959 -248.4563
2.289799 0.601502 -0.114583 -230.6163 231.0959 -248.4563
2.278629 -1.774963 -0.2605791 -230.6163 231.0959 -248.4563
2.289799 -1.774963 0.5221357 269.6508 -269.1713 251.8109
2.289799 -1.774963 0.6061201 269.6508 -269.1713 251.8109
2.289799 -1.774963 0.670085 269.6508 -269.1713 251.8109
2.289799 -1.774963 0.638835 269.6508 -269.1713 251.8109
2.289799 -1.774963 0.5282393 269.6508 -250.782 251.8109
2.289799 -1.774963 0.3163252 269.6508 -228.9118 251.8109
2.289799 -1.730285 0.03507519 269.6508 -215.6599 251.8109
2.289799 -1.527892 -0.1294756 269.6508 -209.7972 251.8109
2.289799 -1.383605 -0.2056475 269.6508 -198.0873 251.8109
2.289799 -1.05548 -0.2605791 269.6508 -186.3316 251.8109
2.289799 -1.06842 -0.2605791 269.6508 -177.3011 251.8109
2.289799 0.2413947 -0.2605791 269.6508 -154.3927 251.8109
2.289799 1.283875 -0.2605791 269.6508 -192.843 251.8109
2.289799 1.264344 -0.2605791 269.6508 -181.4766 251.8109
2.289799 1.674012 -0.2605791 212.2005 -223.782 251.8109
2.289799 2.005555 0.01847363 213.6356 -224.5911 251.8109
2.289799 2.224976 0.08512402 191.1547 -211.7514 251.8109
2.289799 2.224976 0.3566084 187.147 -239.2934 251.8109
2.289799 2.224976 0.6576338 191.2539 -262.1179 251.8109
2.289799 2.224976 0.809001 222.8875 -260.4232 251.8109
2.289799 2.224976 1.56779 248.7806 -229.6751 251.8109
2.289799 2.224976 1.94694 269.6508 -174.7896 251.8109
2.289799 2.224976 2.21696 269.6508 -116.8507 251.8109
2.289799 2.224976 2.2653 269.6508 -90.87358 251.8109
2.289799 2.224976 2.129802 269.6508 -11.82015 251.8109
2.289799 2.224976 1.82194 269.6508 24.95847 251.8109
2.289799 2.224976 1.387858 223.7501 62.96611 245.3987
2.289799 2.224976 0.9235029 122.4295 77.29436 128.643
2.289799 2.224976 0.5648603 36.36078 99.34015 27.15441
2.289799 2.224976 0.2184248 55.84933 112.2944 -77.62421
2.289799 2.224976 -0.1485186 -50.08197 99.6913 -192.4715
2.289799 2.224976 -0.2605791 -92.36441 80.79053 -248.4563
2.289799 2.224976 -0.2605791 -118.2117 65.99664 -248.4563
2.289799 2.224976 -0.06575489 -135.4789 60.79817 -248.4563
2.289799 2.224976 0.1273603 -131.9446 54.01954 -248.4563
2.289799 2.224976 0.2977705 -134.0591 55.7829 -248.4563
2.289799 2.224976 0.4569502 -135.3186 53.88214 -248.4563
2.289799 2.224976 0.5626631 -141.7537 52.53862 -248.4563
2.289799 2.224976 0.7237959 -141.54 59.76 -248.4563
2.289799 2.224976 0.75529 -149.7232 66.56152 -248.4563
2.289799 2.224976 0.7652998 -159.1507 71.5768 -248.4563
2.289799 2.224976 0.854167 -155.998 80.51573 -248.4563
2.289799 2.184998 0.8192549 -174.7843 89.16458 -248.4563
2.289799 1.940858 0.8058271 -177.8072 96.47755 -248.4563
2.289799 1.707459 0.7704268 -184.8606 111.9966 -248.4563
2.289799 1.424744 0.6119795 -193.9293 131.4928 -248.4563
2.289799 1.021912 0.4176435 -198.9369 146.9966 -248.4563
2.289799 0.6300665 0.163249 -215.6927 174.2638 -248.4563
2.289799 0.3720099 0.01603222 -230.6163 191.615 -248.4563
2.289799 0.1652228 -0.1079912 -230.6163 225.8134 -248.4563
2.289799 -0.006408081 -0.2605791 -230.6163 231.0959 -248.4563
2.289799 -0.4624628 -0.2605791 -230.6163 231.0959 -248.4563
2.289799 -1.429992 -0.2605791 -230.6163 231.0959 -248.4563
2.289799 -1.774963 -0.2605791 -230.6163 231.0959 -248.4563
2.289799 -1.774963 -0.2605791 -230.6163 231.0959 -248.4563
2.289799 -1.774963 -0.2605791 -230.6163 231.0959 -248.4563
2.289799 -1.774963 -0.2605791 -230.6163 231.0959 -248.4563
2.289799 -1.774963 -0.2605791 -230.6163 231.0959 -248.4563
1.928532 -1.774963 -0.2605791 -226.1888 231.0959 -248.4563
0.8430825 -1.774963 -0.2605791 -208.456 141.8974 -248.4563
-0.4210776 -1.774963 -0.2605791 -112.8911 27.05008 -248.4563
-1.298031 -1.774963 -0.2605791 -94.55525 -75.91176 -205.4868
-1.466 -1.774963 -0.2605791 -72.13541 -141.4614 -107.7234
-1.328792 -1.774963 -0.2605791 -87.53998 -187.9041 -26.97536
-1.107357 -1.774963 -0.2605791 -94.53998 -228.7591 48.44449
-0.7013511 -1.774963 -0.2605791 -69.998 -256.4843 112.872
-0.3021811 -1.774963 -0.2605791 -38.45602 -269.1713 173.8567
0.2840005 -1.774963 -0.2605791 10.34551 -269.1713 228.2002
0.6294595 -1.774963 -0.2605791 67.49818 -269.1713 251.8109
1.288151 -1.774963 -0.2605791 124.5669 -269.1713 251.8109
1.692692 -1.774963 0.2814131 156.9791 -269.1713 251.8109
1.933903 -1.774963 0.8602705 202.3302 -269.1713 251.8109
1.985417 -1.774963 1.053386 241.7043 -269.1713 251.8109
2.122135 -1.774963 1.236003 269.6508 -269.1713 251.8109
2.289799 -1.774963 1.371989 269.6508 -269.1713 251.8109
2.289799 -1.774963 1.421306 269.6508 -238.927 251.8109
2.289799 -1.774963 1.337565 269.6508 -215.1026 251.8109
2.289799 -1.774963 1.254558 269.6508 -193.6751 251.8109
2.289799 -1.774963 1.108562 269.6508 -174.1179 251.8109
2.289799 -1.555969 0.8754072 269.6508 -158.3011 251.8109
2.289799 -1.101623 0.6842451 269.6508 -146.7209 251.8109
2.289799 -0.4663691 0.5265303 269.6508 -133.1713 251.8109
2.289799 -0.3926386 0.3480635 269.6508 -128.3469 251.8109
2.289799 -0.3679804 0.215251 269.6508 -128.1637 251.8109
2.289799 -0.1812128 0.2931318 269.6508 -121.0034 251.8109
2.289799 0.09637512 0.2203779 269.6508 -113.8049 251.8109
2.289799 0.3837286 0.2010908 269.6508 -113.2934 251.8109
2.289799 0.6068731 0.06534863 269.6508 -117.3316 251.8109
2.289799 1.014832 0.02164745 224.4829 -131.9576 251.8109
2.289799 1.053895 0.03409863 195.0631 -157.7056 251.8109
2.289799 1.166199 0.2228193 168.7043 -166.4843 251.8109
1.040592 2.224976 2.454753 55.03254 -36.76672 -96.04406
2.289799 2.224976 1.643474 -135.3949 231.0959 -248.4563
2.289799 2.224976 1.476481 -164.4789 231.0959 -248.4563
2.289799 2.224976 1.361247 -183.1354 231.0959 -248.4563
2.289799 2.224976 1.16447 -197.4026 231.0959 -248.4563
2.289799 2.224976 1.003093 -209.6392 231.0959 -248.4563
2.289799 2.224976 0.9186201 -221.5934 231.0959 -248.4563
2.289799 2.224976 0.6769209 -230.6163 231.0959 -248.4563
2.289799 2.224976 0.6141768 -223.5171 231.0959 -248.4563
2.289799 2.224976 0.4110518 -230.6163 231.0959 -248.4563
2.289799 2.224976 0.1630049 -230.6163 231.0959 -248.4563
2.289799 2.224976 -0.03230762 -230.6163 231.0959 -248.4563
2.289799 2.19159 -0.2605791 -230.6163 231.0959 -248.4563
2.289799 1.934266 -0.2605791 -230.6163 231.0959 -248.4563
2.289799 1.747254 -0.2605791 -230.6163 231.0959 -248.4563
2.289799 1.674012 -0.2605791 -230.6163 231.0959 -248.4563
2.289799 1.521424 -0.2605791 -224.9675 231.0959 -248.4563
2.289799 1.34076 -0.2605791 -230.6163 231.0959 -248.4563
2.289799 0.9454962 -0.2605791 -230.6163 231.0959 -248.4563
2.289799 0.6383673 -0.2605791 -230.6163 231.0959 -248.4563
2.289799 0.3397833 -0.2605791 -230.6163 231.0959 -248.4563
2.289799 0.02166809 -0.2605791 -230.6163 231.0959 -248.4563
