0.8717803 -0.2201812 0.6835039 -8.775191 3.031267 11.71486
0.8957061 -0.2235991 0.6866777 -8.607252 2.573252 12.12707
0.8898467 -0.2226226 0.6981523 -8.294275 2.657221 12.73776
0.9020537 -0.2316558 0.6932695 -8.416412 2.321343 13.41714
0.9044951 -0.2318999 0.6878984 -8.286641 2.138137 13.89806
0.9127959 -0.2299468 0.6935136 -8.263741 2.054168 14.34844
0.9069366 -0.2331206 0.702791 -8.195038 2.115237 14.91333
0.9132842 -0.2231108 0.7001054 -8.15687 2.328977 15.43241
0.9145049 -0.2333647 0.702791 -7.599618 2.328977 15.57745
0.9171905 -0.2299468 0.7113359 -7.416412 2.397679 16.43241
0.9118194 -0.235562 0.7066972 -7.378244 2.550351 16.84463
0.9105987 -0.2336089 0.7062089 -7.45458 2.580885 17.31027
0.9069366 -0.2318999 0.6979082 -7.56145 2.817527 17.69959
0.9101104 -0.2260405 0.7076738 -7.675954 2.412947 18.42478
0.9005889 -0.2331206 0.7049882 -8.622519 3.031267 18.71486
0.9015655 -0.2265288 0.7084062 -8.866794 3.145771 19.18814
0.8966826 -0.2262847 0.7098711 -9.004198 3.138137 19.55455
0.8993682 -0.2240874 0.7030351 -8.904962 3.290809 19.64615
0.8966826 -0.2292144 0.7049882 -8.599619 3.550351 20.02783
0.9020537 -0.2297026 0.7091386 -8.370611 3.474015 20.47821
0.9037627 -0.2223784 0.6996171 -8.195038 3.886229 20.74539
0.9057158 -0.2270171 0.7066972 -7.874428 3.817527 20.75302
0.9003448 -0.2294585 0.6957109 -8.080534 3.809893 21.1347
0.8883819 -0.2253081 0.7079179 -8.897328 4.12287 21.72249
0.9018096 -0.223355 0.6944902 -9.469848 4.046535 22.27211
0.8961944 -0.2196929 0.6942461 -10.0271 3.954931 22.66905
0.904251 -0.2214019 0.6966875 -10.27901 4.115237 23.07363
0.9022979 -0.2184722 0.6896074 -10.11107 4.023633 23.53928
0.9115752 -0.2131011 0.6922929 -9.988932 3.687756 23.9744
0.9120635 -0.2069976 0.7040117 -9.591985 3.840427 24.1576
0.9154815 -0.2055327 0.7045 -9.149237 3.580885 24.62325
0.9113311 -0.2018706 0.695955 -8.721756 3.077069 25.02783
0.9186553 -0.1947905 0.6957109 -8.439313 3.229741 25.18814
0.9262237 -0.2028472 0.6991289 -7.332443 3.229741 25.03547
0.9396514 -0.1935698 0.6998613 -6.683588 3.138137 25.16524
0.9513701 -0.1833159 0.6983964 -6.141603 2.664855 25.29501
0.9572295 -0.1811187 0.7135332 -7.042367 3.054168 25.33318
0.9508819 -0.1784331 0.7098711 -7.630153 2.924397 25.63089
0.9542998 -0.1752593 0.7079179 -8.385878 3.138137 25.58508
0.9521026 -0.1737944 0.7225664 -8.538549 3.267909 25.32554
0.9398955 -0.1652495 0.7128007 -9.118702 3.130504 25.37898
0.9398955 -0.1669585 0.7181718 -10.29428 3.588519 25.29501
0.9276885 -0.1618315 0.716707 -10.32481 4.138137 25.23394
0.9208526 -0.1562163 0.7257402 -10.40114 3.840427 25.27974
0.923294 -0.1581694 0.7215898 -10.40878 4.275542 24.88279
0.9193877 -0.1542632 0.7279375 -10.05763 4.512183 24.46295
0.9132842 -0.1408355 0.7218339 -10.59198 4.878595 24.24921
0.9047393 -0.1403472 0.7262285 -11.60725 5.168672 24.18814
0.9132842 -0.1415679 0.7279375 -12.45458 5.527451 23.44005
0.9491729 -0.1405913 0.7237871 -13.86679 6.077069 22.27211
0.9555205 -0.138394 0.7279375 -14.85153 6.237374 22.07363
0.9447783 -0.1293608 0.7330644 -16.43931 6.817526 21.98966
0.9433135 -0.1366851 0.7352617 -18.87443 7.031268 22.21104
0.9440459 -0.1393706 0.7386796 -19.92786 7.458748 21.88279
0.9423369 -0.1352202 0.7472246 -18.9355 7.954932 21.42478
0.9425811 -0.1398589 0.7423418 -17.43931 8.496916 20.57745
0.9357451 -0.138394 0.728914 -15.21794 8.878595 19.70722
0.935501 -0.1332671 0.7381914 -13.64542 8.901497 19.03547
0.9386748 -0.1354644 0.7347734 -11.71412 9.817526 18.34081
0.9398955 -0.1408355 0.7269609 -10.71412 9.619053 17.9744
0.9342803 -0.141812 0.732332 -10.24847 9.855694 17.62325
0.9540557 -0.1420562 0.7362382 -9.225573 9.901497 17.1347
0.965042 -0.1396147 0.7311113 -7.233206 9.840427 16.25684
0.9738311 -0.1364409 0.7335527 -5.271374 9.748825 15.26447
0.9787139 -0.1230132 0.7325761 -4.042367 9.825161 14.24157
1.000442 -0.1225249 0.7281816 -2.653054 10.34424 13.01256
0.9933623 -0.117398 0.7245195 -2.011832 10.06944 11.71486
0.9838408 -0.1152007 0.7333086 -0.2332063 9.985466 10.24921
0.96846 -0.1513335 0.7374589 4.919466 10.37478 7.623252
0.970169 -0.1332671 0.7355058 10.34695 9.069435 4.714855
0.9826201 -0.1186187 0.7335527 10.31641 11.46638 3.287374
0.9772491 -0.1083647 0.7147539 8.377481 11.95493 2.516382
0.9821319 -0.1090972 0.7032793 3.575954 11.9015 2.714855
0.9828643 -0.1020171 0.6937578 -1.851527 12.09997 3.035465
0.9713897 -0.1108062 0.6930254 -5.714122 12.53508 2.74539
0.9413604 -0.1144683 0.702791 -6.698855 12.38241 1.424778
0.9374541 -0.1222808 0.7066972 -6.72939 12.66485 0.5011139
0.9272002 -0.129605 0.7159746 -6.94313 12.97783 -0.6057549
0.916458 -0.131314 0.6925371 -6.187405 12.95493 -1.727894
0.9716338 -0.1364409 0.8116777 -17.52328 11.11524 -3.704992
0.9542998 -0.204312 0.8011797 -11.72176 12.09997 -4.025602
0.9721221 -0.2035796 0.7921464 -9.721756 12.13814 -4.079039
1.010696 -0.2006499 0.7733476 -14.25611 11.9473 -2.697359
1.031692 -0.1950347 0.7762773 -16.40878 11.27554 -0.5981216
1.052444 -0.2172515 0.7943437 -18.15687 10.84043 0.9972973
1.050979 -0.2113921 0.7945879 -20.1187 11.85569 2.592718
1.037552 -0.2028472 0.7870195 -21.03473 11.71829 3.806458
1.003616 -0.1982085 0.7701738 -20.43931 11.74883 4.279741
0.9897002 -0.1842925 0.7806718 -17.48512 11.80226 3.607985
0.9567412 -0.1786772 0.7501543 -12.94313 11.80989 2.852259
0.9315948 -0.1742827 0.7337968 -8.546184 11.00073 1.722488
0.904251 -0.1750151 0.7203691 -4.584352 10.20684 0.4705811
0.8932647 -0.1772124 0.7225664 -1.576718 9.016001 -0.3462143
0.8820342 -0.1728179 0.7186601 0.07977104 7.832794 -0.7507935
0.8830108 -0.1755034 0.7101152 0.7667937 6.756458 -0.8958321
0.8705596 -0.1725737 0.7023027 5.324046 6.084702 -2.407282
0.8808135 -0.1440093 0.6969316 -1.187405 3.886229 -2.193542
0.8898467 -0.162564 0.7032793 -3.500382 2.619053 -1.598122
0.9027862 -0.1845366 0.7137773 -3.217939 1.542717 -2.010336
0.8952178 -0.1855132 0.716707 -4.095801 0.6037862 -2.414915
0.8844756 -0.1823394 0.7140214 -7.072901 -1.151939 -1.666824
0.8856963 -0.1950347 0.7179277 -9.782825 -2.434382 -1.537054
0.8722686 -0.1996733 0.7308671 -11.06527 -3.274076 -1.346214
0.8676299 -0.2082183 0.728914 -13.08053 -4.403847 -1.040871
0.8651885 -0.2040679 0.7352617 -15.23321 -4.900031 -0.9187336
0.8576201 -0.2138335 0.730623 -16.56145 -5.617588 -0.5141525
0.8588408 -0.2135894 0.7296464 -18.11107 -6.747359 0.02019882
0.8632354 -0.2118804 0.7386796 -19.62252 -7.732091 0.5392818
0.871292 -0.2152983 0.7394121 -20.59199 -8.38858 0.9438629
0.8793487 -0.2069976 0.7377031 -22.71412 -9.495451 1.760656
0.9115752 -0.1999175 0.7313554 -25.35534 -10.48018 2.959129
0.9293975 -0.1923491 0.7347734 -27.96603 -11.18247 3.93623
0.9403838 -0.1830718 0.7315996 -30.42405 -11.61759 4.920961
0.9499053 -0.1711089 0.7328203 -32.64542 -12.57942 5.478213
0.9584502 -0.1647612 0.7220781 -34.85153 -13.27408 6.218672
0.9696807 -0.14523 0.7250078 -37.40115 -14.06034 6.676687
0.9760283 -0.1398589 0.7274492 -39.89733 -14.51072 7.096535
0.9765166 -0.1264312 0.7152421 -43.14161 -15.60232 7.508748
0.9870147 -0.1203276 0.7274492 -46.35535 -15.94583 7.890428
0.9801787 -0.1093413 0.732332 -48.65305 -16.25881 8.157603
0.9897002 -0.1103179 0.7274492 -49.9584 -17.0298 7.814092
0.9772491 -0.1047026 0.7364824 -49.9584 -17.22064 7.211039
0.9762725 -0.1049468 0.744539 -47.27137 -17.09087 6.317908
0.9816436 -0.1098296 0.7403886 -43.12634 -17.11377 4.93623
0.9792022 -0.1029937 0.7457597 -37.96603 -17.14431 3.493481
0.9774932 -0.09469288 0.7452714 -32.14924 -16.86186 1.867527
0.9655303 -0.09273975 0.7435625 -26.0042 -16.70919 0.3408089
0.9540557 -0.09249561 0.7364824 -18.69122 -17.11377 -1.353848
0.9440459 -0.07345264 0.7237871 -12.26374 -17.38858 -2.956902
0.9423369 -0.07223194 0.7193925 -6.042367 -18.02217 -4.659191
0.935501 -0.06319873 0.7130449 -1.324809 -18.55652 -5.773695
0.9342803 -0.05123584 0.7045 1.942366 -19.73973 -6.74316
0.9311065 -0.04513232 0.7103593 2.682825 -20.19774 -7.025602
0.9230498 -0.03805225 0.7018144 1.774427 -21.38095 -7.094305
0.9286651 -0.02462451 0.6964433 -1.126336 -22.29698 -6.918734
0.9335479 -0.02218311 0.7001054 -4.141603 -23.47255 -6.643923
0.932083 -0.02218311 0.7145097 -7.034733 -24.22064 -6.44545
0.9340362 -0.03097217 0.7081621 -10.80573 -24.31988 -6.017969
0.9308623 -0.02584522 0.7262285 -13.43168 -24.96873 -6.017969
0.9435576 -0.03316943 0.7435625 -15.23321 -26.11377 -5.857664
0.9474639 -0.03243701 0.7572343 -17.11107 -25.73209 -5.697359
0.9665069 -0.03439014 0.761873 -18.54618 -25.56415 -6.132473
0.9792022 -0.03902881 0.7816484 -20.94313 -25.72446 -5.567587
0.9794463 -0.04732959 0.791414 -22.22557 -25.38858 -5.74316
0.9877471 -0.04928271 0.7767656 -24.49275 -24.45728 -5.483618
0.9909209 -0.0575835 0.7953203 -27.27137 -24.71683 -4.643923
0.9931182 -0.04781787 0.794832 -32.03473 -23.73209 -3.74316
0.9425811 -0.03805225 0.7997148 -36.31718 -23.26644 -0.3843822
0.808792 0.1072114 0.7489336 -60.9813 -23.30461 1.333176
0.8959502 0.0102876 0.7503984 -56.19504 -24.48018 3.478214
