2.289799 2.224976 0.3439131 -149.0514 48.45465 -248.4563
2.114811 2.224976 0.4371748 -158.3415 47.40886 -248.4563
2.230045 1.950623 0.2633467 -172.1812 50.29435 -248.4563
2.216618 1.649109 0.2027998 -183.8301 49.21038 -248.4563
2.255924 1.426209 0.1590986 -191.5629 50.07298 -248.4563
2.289799 1.208192 0.09708691 -206.6927 55.36306 -248.4563
2.289799 0.8991095 0.07169628 -219.9369 66.51573 -248.4563
2.289799 0.7367559 -0.07332325 -230.6163 57.9432 -248.4563
2.289799 0.5187384 -0.09065723 -230.6163 67.17221 -248.4563
2.289799 0.3424689 -0.1861162 -230.6163 81.05771 -248.4563
2.289799 0.04461731 -0.2493486 -230.6163 90.4623 -248.4563
2.250553 -0.6675409 -0.2605791 -230.6163 107.1111 -248.4563
2.289799 -0.9185175 -0.2605791 -230.6163 121.0654 -248.4563
2.127995 -1.182433 -0.2605791 -230.6163 124.2638 -248.4563
2.118961 -1.565734 -0.2605791 -230.6163 115.5386 -248.4563
2.289799 -1.774963 -0.2605791 -230.6163 144.2486 -248.4563
2.289799 -1.774963 -0.2605791 -230.6163 144.7371 -248.4563
2.289799 -1.774963 -0.2605791 -230.6163 132.5921 -248.4563
1.935856 -1.774963 -0.2605791 -230.6163 119.6455 -248.4563
2.011784 -1.774963 -0.2605791 -230.6163 135.0577 -248.4563
1.201725 -1.774963 -0.2605791 -230.6163 129.9737 -248.4563
0.3320962 -1.774963 -0.2605791 -230.6163 114.7447 -248.4563
-1.280208 -1.774963 -0.2605791 -230.6163 57.99664 -248.4563
-1.71014 -1.774963 -0.2605791 -230.6163 22.98137 -248.4563
-1.71014 -1.774963 -0.2605791 -230.6163 -3.469008 -248.4563
-1.71014 -1.774963 -0.2605791 -230.6163 -48.06443 -217.0975
-1.567806 -1.774963 -0.2605791 -218.5476 -104.7896 -140.8837
-0.8361167 -1.774963 -0.2605791 -230.6163 -126.614 -73.99062
-0.7784995 -1.774963 -0.2605791 -173.6392 -150.2629 -34.83032
-0.814144 -1.774963 -0.2605791 -107.7995 -179.6904 1.078076
-0.8839683 -1.774963 -0.2605791 26.46001 -200.3316 29.87197
-0.6105308 -1.774963 -0.2605791 76.23864 -219.4995 74.45975
-0.4232749 -1.774963 -0.02303028 110.9104 -230.6904 117.7269
-0.2372397 -1.774963 0.3602705 111.8722 -232.8201 161.246
-0.02068701 -1.774963 0.666667 149.4447 -228.7972 186.9941
0.04352197 -1.774963 0.8583174 153.1928 -227.2858 213.101
0.1834146 -1.774963 1.088054 193.0783 -223.0339 228.6506
0.4199868 -1.774963 1.3007 196.1547 -210.5988 245.5056
0.5264321 -1.768127 1.486735 203.6967 -193.614 249.414
0.74152 -1.472228 1.529948 216.773 -177.4461 251.8109
0.7464028 -1.309142 1.66154 218.3302 -157.1866 251.8109
0.8381997 -1.125549 1.601726 237.9715 -137.0034 251.8109
0.869938 -0.9197382 1.517741 250.2616 -121.6369 251.8109
0.8557778 -0.73883 1.453776 267.2692 -105.9118 251.8109
0.8660317 -0.5127558 1.324626 269.6508 -91.26289 251.8109
0.8194009 -0.3538202 1.176188 269.6508 -81.3774 251.8109
0.793522 -0.2815546 1.155192 269.6508 -73.34687 251.8109
0.7676431 -0.212951 1.189128 269.6508 -61.27053 251.8109
0.7766763 -0.1267694 1.155192 269.6508 -50.85069 251.8109
0.7424966 -0.02203308 1.090983 269.6508 -39.41557 251.8109
0.7031899 0.1110236 0.934001 269.6508 -32.00336 251.8109
0.5752603 0.1703497 0.7672529 269.6508 -29.20183 251.8109
0.5501138 0.2692267 0.7191572 266.9257 -33.82779 251.8109
0.5457192 0.3500372 0.6778975 247.8875 -33.43847 251.8109
0.5654946 0.3571173 0.7093916 246.2234 -32.58351 251.8109
0.5286294 0.4010626 0.6505537 238.9638 -33.76672 251.8109
0.5012856 0.4530645 0.7120771 225.628 -31.79725 251.8109
0.4646646 0.4752813 0.7699385 223.8951 -31.1942 251.8109
0.5083657 0.4957891 0.7137861 219.6509 -26.94229 251.8109
0.475895 0.5209356 0.7103682 207.6356 -25.11023 251.8109
0.4517251 0.5324102 0.6610518 205.3302 -20.74382 251.8109
0.3462564 0.6317755 0.6251631 188.2616 -29.87359 251.8109
0.371647 0.5990606 0.5909834 177.7883 -30.3545 251.8109
0.4114419 0.5870977 0.5536299 167.2768 -33.14076 251.8109
0.4553872 0.4301153 0.508708 150.3684 -36.93465 251.8109
0.5266763 0.2970587 0.4943037 148.2844 -38.90412 251.8109
0.5840493 0.3248907 0.368083 138.231 -45.40031 251.8109
0.6555825 0.3656622 0.3380537 113.2997 -51.1026 251.8109
0.6892739 0.2897345 0.3973799 115.773 -55.82015 251.8109
0.7805825 0.3388067 0.3861494 113.2386 -58.57588 251.8109
2.125065 -0.2412714 0.1861982 -224.9522 59.50809 -248.4563
-0.1259116 -1.774963 -0.2605791 -230.6163 32.98137 -248.4563
-0.94598 -1.774963 -0.2605791 -230.6163 -9.041527 -248.4563
-0.959896 -1.774963 -0.2605791 -230.6163 -32.15603 -248.4563
-1.068294 -1.774963 -0.2605791 -230.6163 -33.88885 -248.4563
-1.127376 -1.774963 -0.2605791 -230.6163 -56.51481 -248.4563
-1.355892 -1.774963 -0.2605791 -201.9522 -80.85069 -218.1357
-1.066585 -1.774963 -0.2605791 -168.9293 -93.3087 -148.8685
-0.8121909 -1.774963 -0.116292 -111.3873 -96.01863 -104.1051
-0.6364097 -1.774963 -0.09431934 -73.79953 -102.7438 -64.57078
-0.6085776 -1.774963 -0.00301075 17.39895 -117.6599 -29.60131
-0.4862632 -1.774963 0.1778975 47.36078 -122.3698 11.75747
-0.4679526 -1.774963 0.3461103 123.9638 -130.2018 46.11625
-0.3605308 -1.774963 0.513835 117.5822 -129.8583 91.51319
-0.3573569 -1.774963 0.6757002 160.9409 -132.6675 123.6201
-0.2113608 -1.774963 0.793376 159.5822 -129.6293 166.6659
-0.1361655 -1.774963 0.9545088 157.2005 -129.0568 201.1086
0.06280908 -1.774963 1.1403 161.3761 -128.3163 223.2231
0.2236978 -1.774963 1.228923 164.0631 -112.9652 242.101
0.3987466 -1.774963 1.286052 163.8264 -100.5072 251.8109
0.5361978 -1.774963 1.314616 165.9333 -87.92702 251.8109
0.6045571 -1.67218 1.401774 166.7348 -76.88123 251.8109
0.6836587 -1.485412 1.388835 173.4677 -65.56061 251.8109
0.7383462 -1.338928 1.351726 178.7425 -49.82015 251.8109
0.7063638 -1.042053 1.249431 188.6585 -41.23237 251.8109
0.7068521 -0.8174433 1.188884 189.2997 -32.06443 251.8109
0.7083169 -0.693664 1.119792 201.1928 -25.46901 251.8109
0.7456704 -0.5435175 1.074626 209.9333 -19.62168 251.8109
0.7486001 -0.4649042 1.092692 216.7806 -10.05679 251.8109
0.7239419 -0.2608026 1.125651 223.2386 -4.385038 251.8109
0.6394692 -0.1480096 1.074626 223.4524 3.179848 251.8109
0.6536294 -0.07012878 1.125163 228.8951 11.72947 251.8109
0.670231 -0.03179871 0.9730635 229.0249 14.60733 251.8109
0.6626626 0.07684387 0.932292 219.4677 21.01954 251.8109
0.6568032 0.03582825 0.8346357 218.8875 24.98137 251.8109
0.5943032 0.16034 0.8114424 207.0631 22.56153 251.8109
0.5752603 0.1818243 0.7792158 198.6585 26.49282 251.8109
0.5845376 0.1918341 0.7186689 191.4371 26.8974 251.8109
0.5811196 0.2880255 0.7196455 185.0096 25.88214 251.8109
0.536686 0.3292853 0.7347822 183.7348 23.58443 251.8109
0.5569497 0.3129278 0.6888838 168.7501 25.05008 251.8109
0.5781899 0.2763067 0.6744795 164.0783 22.43939 251.8109
0.6673013 0.05609192 0.4872236 140.7196 14.24092 251.8109
0.6995278 0.004578248 0.4344893 139.5363 11.74473 251.8109
0.7720376 0.0643927 0.43571 136.9715 7.866869 251.8109
0.826481 0.09027161 0.4061689 136.2157 6.301985 251.8109
0.8967935 0.1481329 0.3280439 128.5745 6.508091 251.8109
0.9251138 0.2880255 0.2054853 109.6127 -0.1560307 251.8109
0.9968911 0.4022833 0.1234541 87.57452 -7.934657 251.8109
1.039127 0.4896856 0.1027021 75.39131 -12.32397 251.8109
1.096745 0.5175177 0.02042675 68.22337 -20.01099 251.8109
1.173893 0.6010138 -0.06136036 54.29971 -29.52244 251.8109
1.239567 0.6124884 -0.06136036 46.49818 -39.46901 251.8109
1.280827 0.6242071 -0.06721973 44.78826 -48.58351 251.8109
1.397526 0.6615606 -0.1219072 36.20047 -57.39267 251.8109
1.456608 0.8158575 -0.0303545 38.10887 -75.36214 251.8109
1.621403 1.088563 0.03165722 30.92566 -69.76672 251.8109
1.743229 0.9306036 -0.04207325 38.54398 -82.47664 251.8109
1.737614 0.9574591 -0.06355762 42.85696 -95.0797 251.8109
1.882145 0.9635626 -0.04231739 55.87986 -105.3621 251.8109
1.921208 1.030945 0.07340527 67.72719 -118.7285 251.8109
2.03278 1.119813 0.1219893 92.68903 -130.5377 251.8109
2.058414 1.240418 0.2660322 105.9944 -139.3163 251.8109
2.19611 1.5766 0.28654 98.17757 -132.9881 251.8109
2.104557 1.724793 0.378581 108.9638 -135.2858 251.8109
2.08942 2.002381 0.4559736 110.2692 -136.2934 251.8109
1.979557 2.05951 0.53654 112.857 -136.2324 251.8109
1.875797 2.224976 0.6185713 123.2615 -139.2018 251.8109
1.806706 2.224976 0.6705732 143.1776 -142.0186 251.8109
1.826969 2.224976 0.6693525 158.8188 -139.095 251.8109
1.769352 2.224976 0.6893721 165.8035 -138.4385 251.8109
1.669254 2.224976 0.7887373 162.2997 -133.2324 251.8109
1.678776 2.224976 0.7665205 165.2386 -132.8202 251.8109
1.605045 2.224976 0.8895674 170.315 -137.4461 251.8109
1.76862 2.224976 1.059001 176.5364 -124.7362 231.6964
1.758854 2.224976 1.226237 202.0325 -111.9881 181.872
2.08234 2.224976 1.139812 262.8417 -89.71329 126.6735
1.852848 2.224976 0.9235029 269.6508 -94.82016 77.34525
1.740543 2.224976 0.9711103 269.6508 -78.1026 38.73457
1.979557 2.224976 0.7511396 233.8493 -90.11786 9.612428
