0.1437529 -0.2953765 0.3688066 51.0187 -36.15957 32.90569
0.1415557 -0.2807281 0.372957 47.98053 -35.32751 32.77592
0.1396025 -0.2724273 0.3670976 44.13321 -34.91529 32.63089
0.1740264 -0.1081206 0.3331621 36.20191 -36.18247 31.51638
0.1476592 -0.3090484 0.3224199 30.8584 -33.60232 32.02783
0.1496123 -0.2929351 0.3304765 23.14847 -36.19774 31.0889
0.1256865 -0.27023 0.3473222 26.14084 -38.25881 31.1805
0.1081084 -0.284146 0.376375 19.74389 -38.40385 32.59272
0.1159209 -0.259732 0.3785722 13.07977 -38.29697 32.70722
0.1122588 -0.2958648 0.3963945 6.011069 -38.77789 33.58508
0.1244658 -0.2846343 0.402498 0.5835876 -39.30461 34.00493
0.1322783 -0.3229644 0.4281328 -2.706489 -39.74736 34.92096
0.1410674 -0.3100249 0.4410722 -6.263741 -39.54889 34.83699
0.5019073 -1.521939 0.2145097 71.09504 -123.4573 -83.78133
0.4699248 -1.557095 0.1603105 72.98817 -126.1825 -75.19354
0.4440459 -1.619839 0.09024215 74.83549 -130.442 -65.14774
0.4030303 -1.665005 0.02823043 75.18665 -135.9458 -54.20118
0.3917998 -1.719205 -0.01913285 74.49962 -141.381 -43.36148
0.3905791 -1.770962 -0.05355668 70.79733 -147.3122 -31.41492
0.3803252 -1.812955 -0.05526567 65.72099 -154.1443 -18.10957
0.3908232 -1.875943 -0.05941606 62.21717 -160.9993 -5.117207
0.4032744 -1.925992 -0.02767777 59.60649 -167.6634 8.951496
0.388626 -1.967007 0.02334762 57.25534 -172.755 23.79119
0.4272002 -1.995328 0.05972457 59.64466 -176.6634 37.21104
0.4503936 -1.992398 0.09976363 61.02633 -181.7321 50.95913
0.4770049 -1.975308 0.1710527 66.02634 -184.5871 63.75302
0.4994658 -1.938687 0.2411211 69.62939 -186.0222 75.86752
0.5121612 -1.937222 0.2772539 76.52252 -186.9077 87.91333
0.5226592 -1.91232 0.3063066 83.49962 -186.6939 98.69196
0.5211944 -1.878384 0.3089921 91.31641 -186.6787 109.7072
0.5172881 -1.884488 0.2838457 100.9424 -186.7626 119.6233
0.5319366 -1.861294 0.2418535 108.9653 -187.0145 130.1347
0.5319366 -1.844693 0.1915605 115.3699 -187.839 140.6614
0.5443877 -1.834195 0.1317461 119.7439 -190.0222 152.0049
0.5397491 -1.821011 0.06363082 122.3469 -192.6939 163.211
0.5517119 -1.815396 0.02359176 124.637 -196.9 174.2721
0.5685576 -1.796841 -0.01205277 127.0492 -201.7932 185.8294
0.5890655 -1.763394 -0.03329301 128.3927 -207.1901 197.5546
0.6417998 -1.725796 -0.0452559 132.0645 -211.7016 207.1118
0.6706084 -1.70065 -0.04550004 135.5225 -216.9687 217.1423
0.7199248 -1.646206 -0.03011918 137.1332 -221.4344 227.8065
0.7577666 -1.571744 -0.008878946 135.3622 -227.0298 238.6309
0.8124541 -1.495816 0.03384566 130.2477 -230.9229 249.0813
0.8600616 -1.42355 0.09903121 123.5912 -233.4802 258.8675
0.9188994 -1.379849 0.1268632 116.6905 -235.1672 268.3026
0.9760283 -1.330289 0.1695879 112.1714 -237.068 271.2721
1.038528 -1.295621 0.2086504 113.9347 -239.526 271.2721
1.099319 -1.213589 0.2733476 120.9271 -240.0222 271.2721
1.116897 -1.137417 0.3268144 131.9882 -239.3122 271.2721
1.127396 -1.04147 0.3478105 142.8813 -237.4725 271.2721
1.11763 -0.9569976 0.3387773 149.721 -235.1825 271.2721
1.129837 -0.8478667 0.3336504 151.6981 -236.213 271.2721
1.13887 -0.7560699 0.3600175 156.0034 -236.2435 271.2721
1.169388 -0.6930816 0.3680742 151.034 -232.442 271.2721
1.170853 -0.6662261 0.3524492 155.4996 -235.3428 271.2721
1.210403 -0.5805327 0.3873613 152.3393 -233.4649 271.2721
1.227737 -0.4989898 0.4159257 144.5531 -232.3504 271.2721
1.22139 -0.4496734 0.4464433 127.866 -231.7016 271.2721
1.199417 -0.4289214 0.5040605 110.034 -227.7779 271.2721
1.154495 -0.4333159 0.5199296 97.51488 -227.0374 271.2721
1.132034 -0.4255034 0.5509355 89.08741 -226.3504 271.2721
1.103714 -0.3735015 0.5692461 80.89657 -225.5413 271.2721
1.058548 -0.3075835 0.5973222 70.05687 -223.8924 271.2721
1.000931 -0.2438628 0.6083086 56.25534 -222.4344 271.2721
0.9508819 -0.2260405 0.6288164 42.07977 -221.9458 271.2721
0.8908233 -0.1925933 0.64908 29.01107 -221.8237 271.2721
0.8786162 -0.2106597 0.6551836 19.25534 -222.2283 271.2721
0.8490752 -0.1972319 0.6918046 9.957634 -224.1367 271.2721
0.8361358 -0.221646 0.7228105 7.262977 -225.4344 271.2721
0.831253 -0.2292144 0.7413652 7.324046 -227.0069 271.2721
0.8393096 -0.2265288 0.7501543 9.65229 -231.0298 271.2721
0.8410186 -0.1957671 0.79825 13.32405 -234.0985 271.2721
0.8376006 -0.1742827 0.8541582 15.60649 -236.9153 271.2721
0.8358916 -0.1767241 0.9200762 19.9729 -239.6863 271.2721
0.8017119 -0.1598784 0.984041 23.98054 -240.0832 271.2721
0.8195342 -0.09957569 1.01285 19.23244 -241.3504 271.2721
0.8788604 -0.1767241 1.003328 20.9271 -240.7932 271.2721
0.7985381 -0.1862456 1.119295 22.74389 -245.2512 271.2721
0.7848662 -0.1274077 1.187898 24.0416 -245.7016 269.982
0.7047881 -0.2577788 1.274812 40.44618 -249.6176 262.608
0.7284698 -0.204312 1.370271 48.78206 -248.7474 257.15
0.6928252 -0.249478 1.46573 53.98053 -252.0603 255.3637
0.7206573 -0.1542632 1.580232 57.87366 -235.5641 254.6614
0.730667 -0.1520659 1.605135 52.29351 -232.358 255.6614
0.683792 -0.1293608 1.65201 52.9958 -225.4268 254.7301
0.6359405 -0.160855 1.666902 50.69809 -223.6481 255.2034
0.4882354 -0.4357574 1.720369 64.96527 -218.8542 250.8523
0.6183623 -0.2489897 1.707674 71.13321 -212.5031 255.4324
0.7084502 -0.2328765 1.689363 69.09504 -202.61 255.1423
0.7489776 -0.05465381 1.620027 49.71336 -204.2817 262.1958
0.7511748 -0.141812 1.685213 30.37748 -198.0451 267.1347
0.6803741 -0.14523 1.772859 32.85076 -190.0909 268.6996
0.6144561 -0.2323882 1.766268 33.30114 -186.5641 268.5393
0.5876006 -0.09469288 1.748934 41.37748 -181.2054 263.8981
0.6103057 -0.1073882 1.741853 41.65992 -176.9687 263.2263
0.6032256 -0.02389209 1.821688 40.30114 -163.1977 262.7454
0.5380401 -0.03902881 1.824861 36.65992 -161.5718 266.3943
0.5312041 0.01346143 1.811922 39.94236 -147.7703 263.1576
0.3888701 0.04519971 1.821932 54.51488 -145.6023 257.753
0.3488311 0.118686 1.820711 60.29351 -137.0756 252.1881
0.2414092 0.3555024 0.5235918 -88.22557 -20.71683 16.19577
0.1261748 0.01663525 0.7093828 -32.70649 -39.08324 -40.19354
0.1168975 -0.0888335 0.7259843 -22.9813 -36.04507 -47.54469
0.1273955 -0.162564 0.7494218 -4.34771 -36.8924 -55.29278
0.1374053 -0.2348296 0.77408 1.156106 -34.31224 -58.83476
0.1366729 -0.3139312 0.77408 15.8584 -33.15957 -60.59049
0.1239775 -0.5170562 0.8021563 26.43092 -30.29698 -58.47599
0.1476592 -0.4919097 0.8243731 35.0187 -28.83896 -58.23934
0.1029814 -0.5238921 0.8531816 47.44618 -25.60995 -60.68973
0.1217803 -0.6315581 0.8587969 51.54542 -22.93056 -56.14011
0.1811065 -0.6935699 0.9086016 58.26297 -17.9611 -52.80423
0.1842803 -0.7155425 0.9396074 60.9729 -10.38095 -48.19354
0.1735381 -0.7773101 0.9261797 63.77443 -3.915298 -39.94164
0.1645049 -0.7970855 0.9054277 68.75916 3.038901 -34.18591
0.1605986 -0.8207671 0.8773516 65.60649 7.046534 -24.09431
0.15596 -0.8229644 0.8568438 66.07977 13.51982 -15.98744
0.1544951 -0.7709624 0.8295 63.56832 19.24501 -7.872931
0.1337432 -0.7577788 0.7894609 58.34694 22.58088 1.325542
0.1166533 -0.7482574 0.7557695 55.9958 27.0847 9.218672
0.1000518 -0.6640288 0.695955 52.03397 30.93203 15.23394
0.07490528 -0.6161773 0.6383379 46.57595 31.16867 20.43241
0.06147754 -0.587857 0.6273515 41.36221 32.1076 26.38661
0.07295215 -0.506314 0.5821855 31.61412 34.70303 30.92096
0.07929981 -0.4652984 0.5387285 21.93473 34.49692 34.90569
0.07148731 -0.442105 0.5157793 14.10267 33.9244 38.59272
0.06831348 -0.3991363 0.4911211 7.079771 34.03127 40.98203
0.06611621 -0.3901031 0.4754961 3.339313 33.25264 42.56982
0.06562793 -0.3722808 0.4718339 0.858397 32.52745 43.74539
0.06220996 -0.3586089 0.4545 2.446183 32.35951 43.39425
0.05439746 -0.3385894 0.4466875 4.896565 31.0618 43.55455
0.05049121 -0.3239409 0.4210527 8.110306 30.46638 42.77592
0.05024707 -0.2887847 0.4139726 12.43092 29.42821 41.56218
0.06318653 -0.2602202 0.3944414 15.17901 28.1305 40.18814
0.05244434 -0.2436187 0.3736894 15.20954 26.87096 39.34081
0.05049121 -0.2262847 0.3575761 15.64466 24.89386 37.92096
0.04634082 -0.223355 0.3436601 15.24771 23.14577 37.05073
0.0534209 -0.2126128 0.3319414 15.96527 21.05417 35.44768
0.05317676 -0.2116362 0.3172929 16.49962 19.46638 33.74539
0.06050098 -0.2167632 0.3180254 17.07214 17.45111 32.45531
0.0678252 -0.2238433 0.3092363 16.33931 15.25264 31.31028
0.07197559 -0.2370269 0.3180254 18.0416 13.00073 29.66905
0.09468067 -0.2602202 0.3158281 19.11031 11.00073 28.39425
0.1029814 -0.2809722 0.3324296 20.58359 9.557985 27.68432
0.1098174 -0.3051421 0.3497636 19.72099 8.267908 27.48585
0.1088408 -0.3200347 0.3519609 21.40802 7.351878 27.14997
0.1132354 -0.3241851 0.3629472 22.26298 5.947298 26.98203
0.1020049 -0.337857 0.3702714 24.87366 5.191573 27.0202
0.1027373 -0.3302886 0.376375 24.44618 4.626687 27.39425
0.1020049 -0.3390777 0.3817461 25.82023 3.962565 27.1805
0.1147002 -0.3256499 0.3773515 23.76679 2.901496 28.44005
