0.3219756 -0.1864898 0.468416 -13.80573 -16.46492 35.47821
0.3219756 -0.1801421 0.4899004 -13.14924 -16.12904 35.27974
0.3336943 -0.1755034 0.5006425 -12.45458 -15.83896 34.69196
0.3446807 -0.1657378 0.5108964 -12.64542 -14.82369 34.41714
0.3344268 -0.1610991 0.5204179 -13.41641 -13.82369 34.1805
0.3376006 -0.1513335 0.5157793 -13.69885 -13.35805 33.63089
0.3307647 -0.1491362 0.5262773 -13.73702 -12.63285 33.09653
0.3158721 -0.1457183 0.527498 -13.1187 -12.31988 32.68432
0.3190459 -0.1474272 0.52408 -12.81336 -11.90766 32.19577
0.3107451 -0.1391265 0.5296953 -11.9355 -11.54889 31.39425
0.3102568 -0.1339995 0.5336015 -11.42405 -11.48782 31.05837
0.3136748 -0.1332671 0.5314043 -11.23321 -11.0527 30.24921
0.3041533 -0.1178862 0.5348222 -11.05763 -10.87713 30.05837
0.3126982 -0.1166655 0.5353105 -11.34771 -10.57179 29.46295
0.3075713 -0.1098296 0.5477617 -11.43168 -10.35041 28.56982
0.303665 -0.1005522 0.5533769 -11.69122 -9.846596 28.16524
0.3041533 -0.1047026 0.5560625 -11.92023 -9.365679 27.35608
0.3068389 -0.101773 0.5685136 -12.05763 -8.70919 26.66142
0.3117217 -0.09762257 0.5609453 -12.72939 -8.083237 26.00493
0.3153838 -0.1037261 0.5702226 -13.19504 -7.342779 25.31791
0.3119658 -0.1044585 0.5790117 -13.59198 -6.770259 24.56982
0.3065947 -0.1047026 0.5787675 -13.75229 -5.907664 23.9286
0.2987822 -0.1095855 0.5782793 -13.9813 -5.464916 23.54692
0.2970732 -0.1161772 0.5748613 -13.75992 -4.625221 22.95913
0.2980498 -0.1235015 0.5785234 -13.64542 -3.869496 22.24157
0.2907256 -0.127896 0.5682695 -13.57672 -3.09087 21.77592
0.2956084 -0.1288726 0.5707109 -13.31718 -2.678657 21.01257
0.291458 -0.127896 0.5499589 -13.27137 -2.396214 20.76829
0.2956084 -0.1425444 0.5504472 -12.78282 -2.098504 20.53165
0.2958525 -0.1474272 0.544832 -12.84389 -1.87713 20.31027
0.2978057 -0.1476714 0.5316484 -12.36298 -1.442015 19.77592
0.2973174 -0.1630522 0.5221269 -11.86679 -1.625221 19.52402
0.3068389 -0.1645171 0.5126054 -11.64542 -1.808427 19.71486
0.3168486 -0.1767241 0.5045488 -11.1874 -2.006901 19.81409
0.3200225 -0.1947905 0.5060136 -11.04237 -2.251176 19.89806
0.3324736 -0.2030913 0.5040605 -10.88969 -2.09087 20.12707
0.3329619 -0.1986968 0.5123613 -10.28664 -2.304611 20.43241
0.3468779 -0.206021 0.5123613 -10.17977 -2.350412 20.70722
0.3578643 -0.2069976 0.5057695 -9.492748 -2.022168 20.95913
0.3588408 -0.2035796 0.5299394 -8.721756 -1.724458 21.54692
0.3654326 -0.2084624 0.5375078 -7.813359 -0.9992672 21.73775
0.3649443 -0.2028472 0.5477617 -6.737023 -0.5259848 21.9744
0.3737334 -0.1850249 0.5558183 -5.714122 0.2984428 22.0202
0.3778838 -0.1703765 0.5445879 -5.0271 1.267908 21.87516
0.3754424 -0.1628081 0.5497148 -4.485115 2.489283 21.95913
0.3717803 -0.1459624 0.5585039 -3.721756 3.428214 21.79882
0.383499 -0.1405913 0.5619218 -3.088168 4.626687 21.05073
0.3935088 -0.1217925 0.5555742 -2.706489 5.588519 20.34844
0.3874053 -0.1064116 0.5543535 -2.798092 7.229741 19.76066
0.4010772 -0.09029835 0.5487382 -3.080534 8.603786 18.31791
0.3917998 -0.08736866 0.5489824 -3.294275 10.21447 17.27211
0.3947295 -0.08370655 0.5362871 -3.34771 11.40531 15.59272
0.3856963 -0.08858936 0.5255449 -2.691222 12.44348 14.27974
0.3881377 -0.09615772 0.5086992 -2.248474 13.97783 12.56982
0.3832549 -0.1086089 0.5001543 -1.355344 14.78699 11.1347
0.3832549 -0.117398 0.4774492 -0.5996184 16.016 9.676687
0.38179 -0.1364409 0.4596269 0.3927479 16.76409 8.218672
0.3656768 -0.1581694 0.4413164 1.262977 17.73356 6.859893
0.3151397 -0.5837066 0.1539629 -34.35534 147.9931 -154.6897
0.324417 -0.6183745 0.140291 -35.2103 137.7946 -155.5065
0.3659209 -0.6125152 0.1485918 -37.51565 137.2984 -155.7737
0.37471 -0.6154449 0.1244218 -36.90496 133.9931 -156.1554
0.3983916 -0.5939605 0.1273515 -37.75993 130.619 -156.7508
0.4057158 -0.5822417 0.1505449 -38.65305 128.7717 -157.85
0.4054717 -0.5783355 0.1610429 -38.48512 127.1458 -158.9874
0.40596 -0.5724761 0.1747148 -37.9355 125.2068 -160.8958
0.4010772 -0.5739409 0.1900957 -36.33244 123.3671 -162.9874
0.4132842 -0.5778472 0.1947343 -35.53092 121.6343 -165.0409
0.4340362 -0.5805327 0.18033 -34.48512 119.5962 -167.1019
0.4547881 -0.5851714 0.1886308 -34.1874 117.6496 -169.3309
0.4804229 -0.5968902 0.2071855 -33.79046 115.7717 -171.5065
0.515335 -0.6239898 0.2223222 -33.21794 113.3519 -173.3386
0.5470733 -0.643521 0.2435625 -30.9813 110.2755 -175.85
0.572708 -0.633023 0.2799394 -28.88969 108.8939 -179.6058
0.588333 -0.6618316 0.3192461 -28.9355 108.2908 -181.0561
0.5983428 -0.7262847 0.3353593 -31.06527 105.5275 -181.3309
0.643753 -0.7133452 0.3907793 -30.24084 104.3671 -180.6134
0.6767119 -0.7287261 0.432039 -26.95076 105.5198 -183.0409
0.7270049 -0.7187163 0.4569414 -25.85916 103.9702 -183.6821
0.7609405 -0.7262847 0.4991777 -24.31717 104.4435 -184.3309
0.7912139 -0.7209136 0.5648515 -22.60725 105.871 -184.9035
0.8209991 -0.6928374 0.6053789 -21.89733 108.9473 -186.1019
0.8341826 -0.6947906 0.6207597 -20.04237 111.6572 -187.6134
0.8483428 -0.7057769 0.6234453 -16.56145 114.7336 -189.0332
0.8654326 -0.7131011 0.6495683 -11.1874 118.9931 -191.4989
0.8568877 -0.7333648 0.6271074 -5.149237 124.4053 -194.6058
0.8305205 -0.744107 0.5868242 -1.607252 129.6649 -196.56
0.8014678 -0.7660796 0.5223711 0.07213736 135.1152 -198.8577
0.7726592 -0.7985503 0.416414 -1.355344 139.558 -199.8424
0.7455596 -0.8461577 0.3097246 -4.950764 141.5504 -199.6668
0.6984405 -0.9189116 0.1793535 -8.500381 142.161 -198.6058
0.6603545 -0.9569976 0.1471269 -15.37061 140.9931 -198.4913
0.6530303 -1.098111 -0.08578324 -24.92023 143.2908 -192.9416
0.6037139 -1.175503 -0.26425 -28.66069 132.8023 -186.2699
0.6427764 -1.16232 -0.2876875 -43.88206 123.8862 -178.5294
0.5614776 -1.257535 -0.328459 -43.36298 117.2984 -174.2164
0.6344756 -1.295376 -0.4075606 -52.46222 109.0542 -166.0332
0.6688994 -1.371304 -0.4659102 -56.21794 98.42058 -160.0485
0.6435088 -1.445279 -0.5118086 -52.69122 87.30608 -153.5981
0.5946807 -1.486539 -0.5393965 -56.77519 74.76409 -143.8882
0.5407256 -1.519253 -0.4954512 -53.56145 62.12288 -135.1096
0.5299834 -1.403042 -0.4141524 -57.88206 50.03127 -125.8882
0.5626983 -1.352749 -0.3028243 -59.42405 41.45875 -119.0561
0.5922393 -1.278531 -0.1890547 -57.67596 34.29081 -113.6745
0.612503 -1.224331 -0.1104414 -58.33244 28.80226 -108.2546
0.6337432 -1.144009 0.001619101 -57.24084 23.54272 -105.2393
0.6625518 -1.077847 0.0965898 -54.96603 20.40531 -102.3767
0.6957549 -1.03024 0.1859453 -50.9813 19.1534 -101.247
0.7211455 -1.00314 0.2369707 -45.72176 18.14577 -100.4836
0.7475127 -0.9662749 0.2950761 -39.44695 17.76409 -100.6363
0.768753 -0.9501616 0.3336504 -33.45458 18.48928 -100.9722
0.7738799 -0.9518706 0.369539 -29.1874 19.18394 -101.163
0.7812041 -0.9650542 0.3705156 -24.78282 20.70302 -100.8424
0.7943877 -0.9787261 0.3544023 -19.67595 21.43585 -100.5905
0.8214873 -1.047818 0.2247636 -8.996565 18.29844 -95.80423
0.8234405 -1.058316 0.1839921 -7.683588 15.70302 -93.30804
0.8188018 -1.062466 0.1571367 -7.569084 13.06944 -90.30042
0.8107451 -1.050992 0.135164 -8.05 9.565619 -87.23171
0.8117217 -1.040249 0.1249101 -9.630153 6.008366 -84.14011
0.8043975 -1.022915 0.1183183 -11.9813 2.649588 -81.14011
0.8058623 -1.007779 0.1253984 -13.89733 -0.7931603 -78.06377
0.807083 -0.9799468 0.1380937 -16.85153 -3.831328 -75.27751
0.8017119 -0.9528472 0.1463945 -20.06527 -6.87713 -72.62103
0.7958526 -0.9335601 0.1573808 -23.29428 -9.907664 -70.43782
0.7858428 -0.9059722 0.1835039 -27.65305 -12.40385 -68.17828
0.78096 -0.8891265 0.1947343 -32.1874 -14.93056 -65.7966
0.7726592 -0.8798491 0.2049882 -37.14161 -16.97637 -63.78133
0.7648467 -0.8908355 0.2113359 -41.83626 -18.93056 -61.80423
0.7724151 -0.9145171 0.2096269 -45.45458 -20.88476 -59.43782
0.7648467 -0.9440581 0.1954668 -47.24084 -23.94583 -57.10957
0.7738799 -0.9689605 0.1920488 -48.42405 -27.40385 -54.30042
0.767044 -0.9821441 0.1927812 -49.99657 -30.65576 -51.14774
0.7643584 -1.001431 0.2045 -52.03473 -33.99927 -47.47599
0.7697295 -1.009244 0.2123125 -54.9584 -37.31988 -43.65919
0.7736358 -1.024624 0.2225664 -56.45458 -40.67102 -39.32331
0.7904815 -1.039517 0.2494218 -56.77519 -43.60995 -35.52942
0.8163604 -1.026089 0.2696855 -56.33244 -46.25881 -31.47598
0.8356475 -1.002164 0.3004472 -55.46985 -48.67102 -28.12484
0.8461455 -0.9911773 0.3258379 -54.45458 -50.95346 -24.77369
0.8559112 -0.9579741 0.3775957 -53.1874 -52.91529 -21.73553
0.8681182 -0.9269683 0.414705 -50.87443 -54.08324 -19.17064
0.8791045 -0.8747222 0.4581621 -48.40878 -54.54125 -17.32331
0.8854522 -0.8324859 0.4830644 -46.0958 -54.56415 -16.33858
0.8776397 -0.7956206 0.5187089 -44.60725 -54.09087 -14.8195
0.8849639 -0.7609527 0.5345781 -43.08054 -53.36568 -14.20117
0.8847198 -0.7323882 0.5450761 -42.24084 -51.99927 -13.73553
0.8634795 -0.7026031 0.5643632 -39.86679 -51.21301 -14.30805
0.2921904 -0.3529937 0.4752519 16.43092 2.306077 23.25684
0.3297881 0.005893066 0.8107012 27.80496 36.37478 7.226305
0.3290557 0.02786572 0.819002 25.14084 39.41295 4.279741
