2.289799 -1.228576 -0.2605791 -230.6163 231.0959 -248.4563
2.289799 -0.9314569 -0.2605791 -230.6163 231.0959 -248.4563
2.289799 -1.372863 -0.2605791 -230.6163 231.0959 -248.4563
2.289799 -1.529601 -0.2605791 -230.6163 231.0959 -248.4563
2.289799 -1.774963 -0.2605791 -230.6163 231.0959 -248.4563
2.289799 -1.774963 -0.2605791 -230.6163 231.0959 -248.4563
2.289799 -1.774963 -0.2605791 -230.6163 231.0959 -248.4563
2.289799 -1.774963 -0.2605791 -230.6163 231.0959 -248.4563
2.129215 -1.774963 -0.2605791 -230.6163 231.0959 -248.4563
1.096989 -1.774963 -0.2605791 -230.6163 231.0959 -248.4563
1.038151 -1.774963 -0.2605791 -230.6163 231.0959 -248.4563
0.9678384 -1.774963 -0.2605791 -230.6163 154.8974 -248.4563
0.92902 -1.774963 -0.2605791 -230.6163 74.85924 -248.4563
0.2092935 -1.774963 -0.2605791 -78.78426 5.088243 -233.3799
-0.440853 -1.774963 -0.2605791 71.47528 -77.85069 -184.4181
-1.278744 -1.774963 -0.2605791 136.1318 -114.7896 -125.4639
-1.414974 -1.774963 -0.2605791 146.7425 -159.3927 -65.15093
-1.14349 -1.774963 -0.2605791 152.9333 -205.3316 -23.24253
-0.8724936 -1.774963 -0.2605791 161.8341 -236.095 4.803267
-0.5355796 -1.774963 -0.2605791 174.4218 -264.7209 34.62769
-0.1290854 -1.774963 -0.2605791 183.628 -269.1713 71.16968
0.1607095 -1.774963 -0.2605791 217.9715 -269.1713 100.3529
0.4312173 -1.774963 0.09000683 241.7425 -269.1713 134.6201
0.6406899 -1.774963 0.4049482 269.6508 -269.1713 162.872
0.8933755 -1.774963 0.7530928 269.6508 -269.1713 191.7575
1.027409 -1.774963 1.060466 269.6508 -259.2095 218.8643
1.152897 -1.774963 1.278728 269.6508 -236.2782 244.0628
1.185612 -1.774963 1.400554 269.6508 -219.8507 251.8109
1.152409 -1.774963 1.548259 269.6508 -196.1408 251.8109
1.14069 -1.616027 1.569255 269.6508 -169.8201 251.8109
1.068668 -1.337219 1.555583 269.6508 -152.2476 251.8109
1.05695 -1.133117 1.450114 269.6508 -128.9041 251.8109
1.05817 -1.01715 1.335368 269.6508 -115.0415 251.8109
1.075504 -0.9585566 1.19987 269.6508 -103.4614 251.8109
1.104313 -0.8279413 1.172282 269.6508 -90.55298 251.8109
1.094547 -0.7188105 1.072185 269.6508 -77.00336 251.8109
0.9863931 -0.6521601 1.05363 269.6508 -68.04916 251.8109
1.097721 -0.6118769 0.8522139 269.6508 -60.99573 251.8109
1.083561 -0.4756464 0.8412275 269.6508 -53.31634 251.8109
1.101627 -0.4295038 0.8175459 269.6508 -44.30107 251.8109
1.115543 -0.3804315 0.7784834 269.6508 -38.54534 251.8109
1.152897 -0.3489374 0.7018232 269.6508 -30.09496 251.8109
1.171452 -0.2752069 0.6818037 269.6508 -26.2171 251.8109
1.212223 -0.2434686 0.6705732 269.6508 -19.77435 251.8109
1.252506 -0.1797479 0.6420088 269.6508 -12.90412 251.8109
1.296208 -0.1326288 0.6395674 265.5822 -7.423206 251.8109
1.342838 -0.07818542 0.6532393 252.2386 -2.927023 251.8109
1.405583 -0.06695496 0.6359053 227.2463 4.530993 251.8109
1.422672 0.03533997 0.6178389 209.2997 6.56916 251.8109
1.485417 0.09735168 0.6517744 188.5822 13.72183 251.8109
1.589909 0.123963 0.616374 165.4677 23.82107 251.8109
1.612125 0.2067267 0.5939131 160.6051 21.37832 251.8109
1.555729 0.3121954 0.5199385 148.1547 22.8287 251.8109
1.62067 0.353211 0.5265303 141.3837 27.90504 251.8109
1.733952 0.4723516 0.4217939 151.46 29.30198 251.8109
1.748112 0.6588751 0.2391768 145.2768 31.44702 251.8109
1.741276 0.6495977 0.1764326 151.2997 25.97374 251.8109
1.738102 0.794129 0.08878613 148.4371 25.76 251.8109
1.728336 0.8449102 -0.01399708 149.8188 23.67603 251.8109
1.745426 0.9494024 -0.1678057 154.9409 19.37069 251.8109
1.736637 0.9213263 -0.2220049 167.9944 11.95847 251.8109
1.685856 1.102967 -0.2605791 168.1852 3.523357 251.8109
1.635807 1.418152 -0.2605791 147.5364 -5.262901 251.8109
1.812565 1.358338 -0.2605791 165.3455 -19.57588 251.8109
1.766422 1.44574 -0.2605791 155.7654 -29.27053 251.8109
1.804264 1.462586 -0.2605791 153.46 -41.59878 251.8109
1.879215 1.643006 -0.2605791 150.2005 -58.03389 251.8109
1.873356 1.676697 -0.2605791 152.0096 -73.24763 251.8109
1.92194 1.786316 -0.2605791 147.6585 -86.63695 251.8109
1.999333 1.872254 -0.2605791 142.6508 -102.2095 251.8109
2.104801 1.931092 -0.2605791 142.1547 -117.9194 251.8109
2.104313 2.052674 -0.2605791 143.9257 -133.8049 251.8109
2.289799 2.124207 -0.2605791 149.9867 -159.7896 251.8109
2.198551 2.224976 -0.2605791 150.4295 -174.8812 251.8109
2.233219 2.224976 -0.2410479 136.5669 -164.7667 251.8109
2.236149 2.224976 -0.01570606 147.3302 -171.3545 251.8109
2.236393 2.224976 -0.03059864 161.2005 -176.4766 251.8109
2.282291 2.224976 0.008952141 163.3379 -182.2095 251.8109
-1.175472 -1.774963 -0.2605791 158.5516 -166.8889 -76.83795
0.8413735 -0.9243769 1.097575 205.4906 -31.65985 251.8109
0.8096353 -0.5745234 0.5328779 166.8875 -20.69802 251.8109
0.7852212 -0.539123 0.480876 157.5287 -27.13313 251.8109
0.8189126 -0.4165644 0.4789228 150.3073 -28.49191 251.8109
0.8032876 -0.356994 0.5091963 159.4447 -29.78199 251.8109
0.8589517 -0.24591 0.4862471 153.7883 -34.55298 251.8109
0.8635903 -0.2105096 0.5287275 156.9104 -39.76672 251.8109
0.9473306 -0.09210144 0.6256514 154.1241 -40.72855 251.8109
0.9749185 -0.07818542 0.6644697 163.544 -43.47664 251.8109
1.037907 0.000427857 0.7296553 165.0936 -43.01099 251.8109
1.111393 -0.03619324 0.7513838 177.8951 -43.76672 251.8109
1.17194 0.08343567 0.8143721 178.46 -40.94992 251.8109
1.23859 0.01580872 0.8456221 187.0478 -37.09496 251.8109
1.354313 0.0812384 0.7716475 191.4295 -38.06443 251.8109
1.370426 0.1723029 0.862956 194.4295 -32.65221 251.8109
1.35236 0.2006232 0.8461103 198.3073 -31.14076 251.8109
1.486881 0.341004 0.7914228 192.1318 -26.06443 251.8109
1.341129 0.4071661 0.7982588 200.9867 -20.31634 251.8109
1.392155 0.4408575 0.6896162 226.0402 -17.42321 251.8109
1.389958 0.6242071 0.6014814 223.8951 -15.53008 251.8109
1.441715 0.6588751 0.5384932 227.2768 -15.09496 251.8109
1.423161 0.6615606 0.489665 225.9333 -15.65221 251.8109
1.445622 0.8024298 0.4086103 219.7577 -14.18657 251.8109
1.506413 0.8700567 0.3275557 213.6203 -12.58351 251.8109
1.609684 0.9044806 0.2494307 208.1012 -14.1255 251.8109
1.641911 0.9501348 0.1871748 201.6127 -16.16366 251.8109
1.821598 0.9367071 0.08048534 200.6432 -21.13313 251.8109
1.732975 1.160584 0.1105146 190.0249 -31.32397 251.8109
1.691959 1.255067 0.0465498 168.7501 -27.82779 251.8109
1.757877 1.284608 0.0856123 176.1394 -37.69038 251.8109
1.846745 1.28827 0.03458691 173.0173 -43.56824 251.8109
1.870182 1.287537 0.07194042 168.2616 -46.03389 251.8109
1.953922 1.44452 0.06168652 168.5364 -53.71328 251.8109
2.066715 1.493104 0.06388378 167.7196 -58.95756 251.8109
2.157291 1.592469 0.08146191 167.689 -62.92702 251.8109
2.25861 1.690858 0.1027021 176.8951 -72.95756 251.8109
2.268131 2.133973 -0.03206348 173.0402 -85.72855 251.8109
2.289799 2.224976 0.09195995 170.4066 -81.29343 251.8109
2.289799 2.224976 0.1593428 188.0249 -76.04916 251.8109
2.289799 2.224976 0.1363935 190.8951 -74.27817 251.8109
2.289799 2.224976 0.01822948 178.7883 -72.84306 251.8109
2.289799 2.224976 -0.04036427 170.7272 -74.65985 251.8109
2.289799 2.224976 -0.00716114 166.7501 -74.1026 251.8109
2.174625 2.224976 -0.06111622 157.1547 -79.65221 251.8109
2.15485 2.224976 -0.1133623 130.2692 -79.75145 251.8109
2.108219 2.224976 0.0333662 126.8722 -81.01863 248.8491
1.977848 2.224976 0.1217451 112.9028 -73.49954 202.1468
1.759831 2.224976 0.1427412 89.38368 -75.32397 157.6888
1.706364 2.224976 0.1551924 72.23864 -84.59114 103.0933
1.69318 2.224976 0.3627119 62.91803 -87.62932 45.40632
1.639958 2.224976 0.5311689 38.78826 -84.72855 -22.02879
1.620915 2.224976 0.7526045 29.1165 -75.85069 -87.37994
1.701481 2.224976 0.7677412 -1.646854 -68.79726 -147.6471
1.739811 2.224976 0.7609053 -19.74609 -66.70565 -208.983
1.871891 2.224976 0.7428389 -49.68502 -64.06442 -248.4563
2.122868 2.224976 0.7953291 -80.82243 -58.2858 -248.4563
2.289799 2.224976 0.8168135 -97.51709 -52.76672 -248.4563
2.289799 2.224976 0.8209639 -101.769 -42.81252 -248.4563
2.289799 2.224976 0.7369795 -119.2728 -35.53008 -248.4563
2.289799 2.224976 0.7289228 -134.9293 -30.20183 -248.4563
2.289799 2.224976 0.7289228 -151.1659 -23.01099 -248.4563
2.289799 2.224976 0.7775068 -166.54 -14.1942 -248.4563
2.289799 2.224976 0.7491865 -179.4102 -1.194199 -248.4563
2.289799 2.224976 0.697917 -194.914 8.469923 -248.4563
2.289799 2.224976 0.7010908 -208.1278 18.67603 -248.4563
2.289799 1.955994 0.7186689 -227.1736 30.04244 -248.4563
2.289799 1.610047 0.6603193 -230.6163 46.79053 -248.4563
2.289799 1.392029 0.6227217 -230.6163 62.11114 -248.4563
2.289799 1.325135 0.5221357 -230.6163 80.13405 -248.4563
2.289799 1.112733 0.4335127 -230.6163 94.35542 -248.4563
2.289799 0.82367 0.2970381 -230.6163 111.7753 -248.4563
