-0.3820567 -0.06501612 1.48913 6.508977 -9.105496 19.70391
-0.3752207 -0.05573878 1.501337 7.585313 -7.876489 18.68864
-0.3681406 -0.05598292 1.508417 8.264703 -6.998626 17.58941
-0.3676524 -0.0564712 1.520624 8.959359 -5.716184 16.6123
-0.3547129 -0.05818018 1.534052 9.028061 -4.487176 15.86421
-0.3591074 -0.06403956 1.556513 9.821954 -3.532977 14.85658
-0.3486094 -0.08064112 1.558222 11.3105 -2.532977 13.69627
-0.3373789 -0.08064112 1.586542 13.03569 -0.9451912 12.71154
-0.3210215 -0.08967432 1.612665 15.1731 0.1922135 11.5436
-0.3046641 -0.08503565 1.635126 16.70745 2.10061 10.67337
-0.2924571 -0.08552393 1.665399 18.36394 4.192213 10.22299
-0.2782969 -0.07673487 1.686151 19.27234 7.497557 9.803144
-0.2634043 -0.06281886 1.708124 19.40974 11.15405 9.803144
-0.2499766 -0.0552505 1.730341 18.45554 14.72657 10.07795
-0.2389902 -0.04133448 1.730341 16.91356 18.38305 10.76498
-0.2436289 -0.02570948 1.740839 13.30287 22.65786 11.93292
-0.2270273 -0.0240005 1.734247 9.79142 26.54336 12.70391
-0.2189707 -0.01496729 1.748896 6.562412 30.10825 13.74208
-0.2092051 -0.02326807 1.740106 3.333405 34.19221 14.89475
-0.2065195 -0.0264419 1.731806 0.8830229 37.46702 15.78024
-0.1996836 -0.02937159 1.702997 -1.674229 40.6655 16.58177
-0.1896738 -0.03132472 1.692743 -3.979573 42.81054 16.97108
-0.1738047 -0.02888331 1.670771 -6.491023 44.28382 17.55124
-0.1662363 -0.0186294 1.663446 -8.254382 45.32962 18.03979
-0.1318125 0.0004135668 1.679315 -9.979572 46.03954 17.69627
-0.1020273 0.01091161 1.698114 -11.16278 47.61969 16.86421
-0.06369727 0.02971044 1.71203 -11.27728 48.85634 15.69627
-0.06516211 0.05070653 1.748163 -10.63606 49.96321 13.84895
-0.03391211 0.03972021 1.761835 -5.330718 50.41359 10.67337
0.01686914 0.1107651 1.796991 -0.3917862 56.47466 4.841313
0.07643945 0.204271 1.895136 -5.674229 51.6655 7.383298
0.1340566 0.188646 1.923944 -10.61316 53.59679 8.230626
0.1645742 0.1561753 1.971308 -9.132244 62.67313 3.932916
0.1875234 0.1735093 2.043818 -6.865068 66.03954 -0.1128855
0.2343984 0.197435 2.088984 -8.376519 72.47466 -3.135786
0.2783437 0.1888901 2.139521 -5.949039 79.44412 -7.303725
0.4653554 0.1935288 2.140253 -1.712397 95.58916 -13.82281
0.3598867 0.2733628 2.211542 -2.384153 106.8487 -19.81518
0.4699941 0.3788315 2.223749 -16.37652 112.5968 -13.4335
0.5678945 0.2814194 2.361689 -15.24675 134.7571 -23.67014
0.6106191 0.2277085 2.420527 -10.02537 151.238 -25.80754
0.626 0.1896225 2.397577 -10.13988 162.8029 -22.73121
0.593041 0.110521 2.483515 13.15783 159.7037 -43.86098
0.6950918 0.1947495 2.537958 14.61585 177.5281 -50.31899
0.8584219 0.3878647 2.341181 3.768519 202.551 -42.28082
0.6963125 0.3251206 2.544794 -8.819267 206.1311 -40.4793
0.7890859 0.1659409 2.50622 -16.33835 210.4594 -39.09762
0.8554922 0.2167222 2.430292 -15.41469 225.5968 -41.81517
0.9011465 0.1866929 2.400995 -23.52919 237.3143 -40.06708
0.9231192 0.1857163 2.372919 -26.62079 246.0243 -39.93731
0.9360586 0.1979233 2.303095 -30.9185 246.0243 -39.37243
0.9529043 0.1774155 2.223749 -34.8956 246.0243 -38.67777
0.9778067 0.1642319 2.150751 -36.83453 246.0243 -38.05182
1.001977 0.1569077 2.106073 -38.12461 246.0243 -37.5251
1.013451 0.1537339 2.038446 -39.36125 246.0243 -36.5938
1.037865 0.1659409 1.958368 -40.70476 246.0243 -36.56327
1.052514 0.1803452 1.89538 -44.35362 246.0243 -35.31899
1.072533 0.1718003 1.817499 -46.22385 246.0243 -34.01365
1.109398 0.1527573 1.741571 -46.62079 246.0243 -32.83807
1.130883 0.1449448 1.660517 -46.29255 246.0243 -32.12052
1.166283 0.1388413 1.602655 -44.16278 246.0243 -32.08235
1.22268 0.1544663 1.552851 -40.60553 246.0243 -32.69304
1.290795 0.176439 1.473993 -36.44522 246.0243 -33.55563
1.295189 0.1825425 1.439569 -33.10171 246.0243 -34.49456
1.31643 0.1952378 1.362177 -27.11698 246.0243 -36.69304
1.350121 0.2208725 1.307001 -20.45285 246.0243 -39.87624
1.378441 0.259935 1.240595 -11.55209 246.0243 -44.14342
1.413842 0.2626206 1.170526 -3.147511 246.0243 -50.10525
1.480736 0.2884995 1.088251 6.463175 246.0243 -56.93731
1.518822 0.3177964 1.030146 12.73035 246.0243 -62.86098
1.521508 0.3282944 0.9776553 17.96699 246.0243 -69.31136
1.575707 0.3229233 0.9056338 24.55478 246.0243 -76.82281
1.57473 0.3754136 0.9168643 24.35631 246.0243 -81.31899
1.647484 0.4313218 0.7950381 19.54715 246.0243 -82.6625
1.735375 0.270189 0.6011905 29.2189 246.0243 -96.70067
1.627465 0.3160874 0.62121 38.98989 246.0243 -103.5633
1.635277 0.3790757 0.5057315 36.1044 246.0243 -111.0824
1.593529 0.3732163 0.4827823 33.25707 246.0243 -118.7312
1.669457 0.3539292 0.3614444 32.62348 246.0243 -125.9373
1.749291 0.3077866 0.2813662 26.23417 246.0243 -134.0976
1.636742 0.2699448 0.2796572 22.96699 246.0243 -138.6702
0.7710195 0.07219091 0.3441104 -17.6666 -55.2887 27.3604
0.5759511 0.06779638 -0.06165135 -3.491023 -151.3803 -1.105252
0.558373 0.01994482 -0.06165135 -12.46812 -159.2963 -0.4640304
0.5671621 -0.05964503 -0.06165135 -18.6895 -173.7925 2.673374
0.6133047 -0.1018814 -0.06165135 -25.76583 -182.7391 4.612306
0.6323476 -0.1819595 -0.06165135 -29.39178 -194.2887 7.352764
0.6489492 -0.2559341 -0.06165135 -30.81163 -203.4185 9.34513
0.6748281 -0.3296646 -0.06165135 -30.35362 -211.5253 10.14666
0.7153554 -0.4041275 -0.0330869 -28.72766 -219.3116 12.17719
0.7470937 -0.4488052 -0.006963849 -29.20094 -226.0826 16.45963
0.7761465 -0.510817 0.03429592 -29.27728 -232.7086 21.4749
0.7907949 -0.5315689 0.07531154 -30.15514 -239.4566 27.02452
0.8125235 -0.5628189 0.1185244 -32.34599 -244.8383 32.62757
0.8276602 -0.5760025 0.1602725 -34.72003 -251.5406 39.10086
0.8091055 -0.5965103 0.2327822 -37.90324 -254.2429 44.69628
0.858666 -0.6253189 0.2811221 -39.10171 -254.2429 50.29933
0.8974844 -0.6414322 0.3375186 -40.6666 -254.2429 55.88712
0.8969961 -0.6548599 0.379999 -41.59026 -254.2429 61.20009
0.9309317 -0.6770767 0.4359073 -44.23911 -254.2429 67.71154
0.9519278 -0.7180923 0.4940127 -45.59026 -254.2429 73.92529
0.9502188 -0.743483 0.5770205 -45.34599 -254.2429 80.48254
1.017113 -0.7737564 0.5750674 -45.04827 -254.2429 86.66574
0.9802481 -0.7776627 0.6439151 -42.30782 -254.2429 91.41383
0.9304434 -0.7615494 0.7244815 -43.97194 -254.2429 100.1696
0.9692617 -0.7923111 0.7366885 -44.8498 -254.2429 105.5894
0.9599844 -0.750563 0.7952823 -42.60553 -254.2429 110.6047
0.945336 -0.7364029 0.8460635 -44.65896 -254.2429 118.2383
0.9433828 -0.7432388 0.8734073 -45.94904 -254.2429 124.4596
0.9658438 -0.7793716 0.9212588 -44.50629 -254.2429 130.3909
0.960961 -0.7656998 0.9725284 -46.13224 -254.2429 135.4291
0.9643789 -0.8054947 1.053583 -43.77346 -254.2429 141.3375
0.9660879 -0.7674088 1.113886 -44.67423 -254.2429 143.0703
1.005883 -0.8819107 1.183222 -35.23911 -254.2429 153.994
0.9546133 -0.8601822 1.233271 -27.33835 -254.2429 158.4444
0.9287344 -0.8672623 1.25036 -21.50629 -254.2429 165.4291
0.924584 -0.8982681 1.257929 -14.44522 -252.1437 171.452
0.9028555 -0.9168228 1.27746 -6.010107 -248.762 177.8413
0.9048086 -0.9185318 1.282099 2.478443 -245.0292 184.452
0.8696524 -0.8416275 1.218866 28.65402 -236.8612 203.5512
0.8652578 -0.8184341 1.202265 34.53188 -233.7238 209.2459
0.8657461 -0.7725357 1.18371 39.63111 -231.365 215.5436
0.8833242 -0.7024673 1.17956 43.44028 -228.3956 222.4673
0.8874746 -0.6490005 1.157099 46.2418 -225.8918 229.3298
0.9341055 -0.5584244 1.157587 50.97463 -221.8231 234.826
0.9287344 -0.4551528 1.140985 56.94409 -219.3498 238.7802
0.9682852 -0.3340591 1.105829 62.14257 -216.0444 240.4291
0.945336 -0.2183364 1.069452 67.15783 -215.5177 240.1467
0.8845449 -0.1419204 0.9998721 84.99753 -222.1437 234.1543
0.9114004 -0.02961573 0.9883975 78.62348 -222.9834 236.6505
1.016381 0.06218114 0.9735049 74.57768 -223.1055 243.6047
0.9284903 0.09245459 1.110224 76.07386 -222.6169 240.9863
0.8664785 0.1718003 1.116083 95.25707 -225.4719 232.6276
0.8857656 0.2909409 1.131708 97.55478 -224.3803 228.3757
0.9060293 0.3058335 1.19494 106.9899 -224.9605 222.8718
0.9248281 0.4008042 1.223993 115.5624 -221.1513 215.3451
0.8979727 0.4655015 1.260126 117.5395 -221.1666 211.7879
0.9157949 0.5077377 1.281122 116.0891 -218.6704 208.8566
0.9135977 0.5787827 1.355585 110.0586 -216.2582 207.0169
0.924584 0.6373764 1.408319 103.9899 -210.6017 205.5131
0.9248281 0.6901108 1.446161 95.0815 -205.4108 203.8337
0.9099356 0.7528549 1.484491 83.01279 -196.1437 200.1085
0.8979727 0.761644 1.530634 76.37157 -186.0979 196.1008
0.9157949 0.8297592 1.506464 70.66165 -176.4261 190.1085
0.820336 0.8749252 1.615351 65.45554 -171.5101 185.8566
0.8098379 0.8981186 1.616327 60.1731 -161.2582 175.91
0.7524648 0.9091049 1.610712 56.1273 -153.4108 168.6199
0.6526113 0.9113022 1.599726 50.27234 -145.3956 162.2153
0.5898672 0.9132553 1.534296 43.06623 -140.9147 156.7115
0.5417715 0.8842026 1.501093 36.54715 -137.8918 153.0169
