0.7155303 -0.08126514 0.5804765 7.453817 -6.358046 -1.758427
0.7235869 -0.09103077 0.5824296 4.163741 -6.503084 -1.63629
0.7165069 -0.1029937 0.5780351 1.240077 -6.503084 -1.475985
0.7240752 -0.1068999 0.5846269 -1.767558 -6.831328 -1.300413
0.7292022 -0.1093413 0.5773027 -4.874428 -6.762626 -1.361481
0.7318877 -0.1090972 0.5863359 -7.889695 -6.800794 -1.208809
0.7338408 -0.1144683 0.5848711 -11.12634 -6.953465 -1.101938
0.7362823 -0.1134917 0.5914629 -14.0958 -7.167206 -0.7813282
0.7404326 -0.11398 0.5851152 -17.38588 -7.151939 -0.4378166
0.7404326 -0.1086089 0.58658 -20.75992 -7.037435 -0.3767471
0.7394561 -0.1093413 0.5853593 -23.17977 -6.854229 -0.01033592
0.7333526 -0.1134917 0.5819414 -25.56908 -6.693923 0.1118011
0.7240752 -0.1098296 0.5834062 -27.37061 -6.274076 0.2568398
0.7182158 -0.1369292 0.5802324 -27.80573 -5.785527 0.04309845
0.7196807 -0.1647612 0.576082 -27.42405 -6.220641 0.2034054
0.7086944 -0.1811187 0.5895097 -26.17214 -5.984 0.8064575
0.7072295 -0.1913726 0.5965898 -25.79046 -5.571786 1.44768
0.7050323 -0.2045562 0.5961015 -25.43931 -5.106137 2.569817
0.7030791 -0.2082183 0.5919511 -25.80573 -4.36568 3.775923
0.697708 -0.2001616 0.588289 -25.80573 -3.945832 5.27974
0.6938018 -0.2135894 0.5880449 -25.58435 -3.129038 6.905695
0.6996612 -0.2189605 0.5870683 -24.98893 -2.747359 8.211039
0.7050323 -0.2223784 0.5870683 -24.01946 -2.037435 9.699588
0.715042 -0.2309233 0.5795 -23.01183 -1.319878 11.42478
0.7216338 -0.2262847 0.5733964 -21.49275 -0.5641527 12.53165
0.7350616 -0.2331206 0.5714433 -19.23321 0.2068398 13.9515
0.21846 -0.3571441 0.3329179 25.85076 -4.57942 24.18814
0.6671905 -0.2775542 0.2799394 -9.401145 -26.79316 82.07363
0.6833037 -0.2758452 0.2943437 -16.71412 -27.51072 85.73775
0.6886748 -0.273648 0.3097246 -20.66832 -28.39621 87.85226
0.6923369 -0.2721831 0.3473222 -20.85153 -29.28171 88.77592
0.6991729 -0.2624175 0.4093339 -18.72939 -29.44202 89.34081
0.7108916 -0.2467925 0.4420488 -17.59199 -29.13667 89.53165
0.7230987 -0.2084624 0.4603593 -21.0958 -27.9382 90.66905
0.7343291 -0.1806304 0.4923418 -28.60725 -27.10614 92.95913
0.7394561 -0.1603667 0.5194414 -36.9126 -25.77789 94.92096
0.7416533 -0.1374175 0.560457 -44.72176 -23.39621 96.30264
0.7494658 -0.1291167 0.5751054 -50.32481 -20.97637 97.10416
0.7362823 -0.1007964 0.6158769 -53.04237 -18.62522 96.58508
0.7304229 -0.08834522 0.638582 -54.9813 -16.25881 95.67668
0.7179717 -0.04903857 0.6637285 -58.44695 -15.45728 94.81409
0.7111358 -0.02535693 0.702791 -59.59962 -11.19011 92.98203
0.683792 0.009066895 0.7123125 -67.04237 -8.648123 91.49348
0.683792 0.01614697 0.7113359 -69.86679 -5.938199 88.87516
0.6730498 -0.0004545897 0.7594316 -65.30954 -5.480183 86.36371
0.6554717 0.06595166 0.8285234 -56.14161 0.5045495 82.02783
0.6464385 0.1760591 0.8265703 -41.92786 6.183939 73.00493
0.6063994 0.1506685 0.8273027 -35.69122 9.626686 65.60035
0.5939483 0.1347993 0.8211992 -32.9126 12.62669 60.79883
0.6100616 0.1457856 0.8175371 -30.75229 16.8786 55.85226
0.5907744 0.1174653 0.8219316 -31.92023 21.83279 51.1805
0.5731963 0.1135591 0.7843339 -30.63779 25.33661 47.10417
0.5668487 0.1035493 0.7779863 -29.05763 28.77172 42.53928
0.5443877 0.1023286 0.7567461 -25.30191 31.83279 37.85989
0.5346221 0.09476025 0.7394121 -20.75992 34.93967 32.69196
0.5167998 0.09549267 0.6996171 -15.32481 37.42822 27.9744
0.5065459 0.09939892 0.6695879 -9.866795 39.12287 23.01257
0.4958037 0.0920747 0.6437089 -4.759924 40.73356 18.92096
0.4872588 0.08108837 0.6051347 -0.07290077 41.68012 14.62325
0.4733428 0.08108837 0.5702226 3.698091 42.1534 11.0202
0.4523467 0.07376416 0.5267656 6.392748 42.67249 7.546916
0.4401397 0.06448681 0.484041 8.331678 41.83279 4.775923
0.4301299 0.0481294 0.4674394 10.39275 41.02364 1.882793
0.4179229 0.03518994 0.4349687 13.04924 39.49692 -0.5599537
0.4110869 0.01834424 0.4037187 15.30878 37.89386 -3.132473
0.3966826 -0.01437061 0.3631914 17.88893 36.25264 -5.857664
0.3810576 -0.06173389 0.3197343 18.98054 34.9931 -6.941633
0.3656768 -0.08004444 0.2606523 17.03397 31.88623 -7.193542
0.3551787 -0.1152007 0.2171953 14.68283 27.74119 -7.101938
0.3642119 -0.1266753 0.1927812 11.98054 23.84043 -6.407282
0.3483428 -0.1952788 0.1786211 5.812595 19.48928 -4.704992
0.3632354 -0.2460601 0.1881425 5.553053 16.55798 -3.178274
0.3473662 -0.2651031 0.1905839 6.033969 11.48165 -2.201176
0.3444365 -0.2965972 0.201082 7.453817 8.023634 -0.8958321
0.3459014 -0.3180816 0.2262285 9.995802 4.687756 0.2034054
0.3622588 -0.3427398 0.2430742 13.0416 1.63432 1.348442
0.3686064 -0.3564116 0.2711504 15.34695 -1.045069 3.142336
0.3786162 -0.3749663 0.3114336 16.37748 -3.075603 5.27974
0.3961943 -0.3786284 0.3563554 16.69046 -4.724458 7.87516
0.407669 -0.3930327 0.3968828 16.14084 -6.037435 10.65379
0.4262237 -0.4445464 0.4933183 15.9042 -7.350412 19.56218
0.4364776 -0.4191558 0.5284746 24.82023 -9.006901 20.53165
0.4586944 -0.4196441 0.5419023 20.8813 -5.648122 24.42478
0.4618682 -0.3861968 0.4977129 20.84313 -6.396214 27.58508
0.4618682 -0.3713042 0.5047929 15.69046 -6.57942 31.36371
0.4677276 -0.3341949 0.5253007 12.11031 -4.816061 34.41714
0.4582061 -0.3227202 0.5243242 6.049237 -3.724458 37.94386
0.4589385 -0.298062 0.5182207 1.491985 -3.403847 41.1347
0.4555205 -0.2655913 0.5318925 -4.64542 -1.915298 44.01257
0.4672393 -0.2443511 0.5191972 -10.43931 -1.083237 46.70722
0.4657744 -0.2243315 0.5072343 -15.50801 -0.7855268 48.9744
0.4638213 -0.2067534 0.501375 -18.94313 -0.5717863 50.41714
0.4621123 -0.1962554 0.5057695 -21.08053 -0.4725495 51.66142
0.4584502 -0.1860015 0.5011308 -20.92786 -0.5488854 52.41714
0.4677276 -0.1772124 0.4801347 -20.81336 -0.854229 52.81409
0.4743194 -0.173062 0.4613359 -20.62252 -1.067969 53.10417
0.4760283 -0.1620757 0.4383867 -20.29428 -1.640489 53.0202
0.4867705 -0.1586577 0.4107988 -20.50038 -2.587054 53.43241
0.4928741 -0.1476714 0.4083574 -20.1187 -3.709191 53.16524
0.4862823 -0.1501128 0.3985918 -19.29428 -5.197741 52.9973
0.4899444 -0.1413237 0.4112871 -18.97366 -6.396214 52.55455
0.496292 -0.1415679 0.4195879 -17.58435 -8.480183 51.96676
0.498001 -0.1339995 0.4171464 -17.08817 -9.747358 51.41714
0.4987334 -0.1266753 0.4178789 -16.67595 -11.16721 50.53165
0.49971 -0.1254546 0.4281328 -15.81336 -12.76263 49.72249
0.5019073 -0.127896 0.432039 -15.14924 -13.77789 48.44768
0.5009307 -0.1149565 0.4325273 -14.0729 -15.19011 47.17287
0.5058135 -0.1076323 0.4349687 -13.70649 -16.18247 45.98966
0.5075225 -0.1112944 0.4483964 -12.11107 -17.18247 44.66905
0.510208 -0.1064116 0.4579179 -10.96603 -18.03744 42.76066
0.5058135 -0.1029937 0.4608476 -9.950764 -19.11377 41.46294
0.5148467 -0.09884327 0.4601152 -9.248473 -19.55652 39.83699
0.513626 -0.08981007 0.4732988 -8.011832 -20.15957 38.52402
0.5160674 -0.09322803 0.4818437 -7.187405 -20.75499 37.23394
0.5233916 -0.08810108 0.4784257 -6.798092 -20.9153 36.02783
0.5983428 -0.1672026 0.5370195 113.8966 33.75646 -34.9798
0.6779326 -0.178189 0.6700761 83.01871 40.26028 -21.29278
0.675003 -0.1999175 0.6786211 81.22481 38.20684 -19.934
0.6830596 -0.1874663 0.7267168 71.64466 40.40532 -17.43018
0.7050323 -0.1542632 0.7005937 57.46145 44.37478 -13.39202
0.6757354 -0.2116362 0.6788652 60.52252 39.1305 -12.30805
0.6598662 -0.202603 0.7045 52.179 40.43585 -10.69736
0.6574248 -0.2072417 0.6891191 51.61412 40.77173 -9.559954
0.6667022 -0.1994292 0.6847246 47.85839 40.21447 -8.178274
0.6598662 -0.1933257 0.6578691 43.31641 39.86333 -6.529419
0.6464385 -0.1884429 0.6317461 37.0187 39.74119 -4.369114
0.6442412 -0.1896636 0.6141679 29.05687 38.96257 -2.079039
0.6337432 -0.1860015 0.5956132 22.24008 38.23738 0.2797413
0.62471 -0.1840483 0.5692461 15.85076 38.03127 1.401878
0.6103057 -0.188687 0.5462968 10.8813 36.8557 2.844625
0.5946807 -0.1872222 0.5296953 6.812595 36.1305 3.432413
0.6002959 -0.1842925 0.5350664 3.537786 34.68776 4.035465
0.5998076 -0.1911284 0.517 1.05687 33.56562 4.569817
0.5880889 -0.1862456 0.5060136 -0.9583969 32.30608 4.791191
0.5932158 -0.190396 0.4989336 -2.576718 30.80226 5.104168
0.5878448 -0.1860015 0.4938066 -3.950764 29.25264 5.233939
0.5919951 -0.1894194 0.4908769 -4.843893 27.78699 5.600351
0.5910186 -0.1850249 0.4813554 -4.530916 26.02363 5.585084
0.5849151 -0.186978 0.4776933 -4.324809 24.51218 5.791191
0.5790557 -0.1818511 0.4833086 -3.378244 22.63432 6.592717
0.5880889 -0.1723296 0.4911211 -2.843893 21.20684 6.546916
0.5888213 -0.1684233 0.4903886 -2.05 19.91676 6.882794
0.5929717 -0.1576812 0.482332 -0.8286262 18.49692 7.302641
0.596878 -0.1447417 0.4830644 -0.03473282 16.78699 7.653787
0.612503 -0.1308257 0.4820879 1.514885 15.55035 7.890428
0.6232451 -0.1195952 0.4747636 1.95 14.11524 8.87516
0.6366729 -0.1193511 0.466707 2.430916 12.56562 9.378977
0.6447295 -0.1142241 0.4784257 3.133206 11.07707 10.0431
0.6774444 -0.1068999 0.4869707 5.46145 9.374779 10.24157
0.7099151 -0.1003081 0.4811113 7.453817 8.367146 10.87516
