1.26862 2.224976 1.074626 8.360779 -8.957558 177.5361
1.147526 2.224976 1.212321 -4.326244 -7.247634 150.2537
1.10651 2.224976 1.314372 -11.60105 -6.156031 112.0857
1.185124 2.224976 1.413493 -23.57052 1.370687 82.06281
1.252262 2.224976 1.414714 -26.998 9.706564 44.53609
1.308903 2.224976 1.43864 -21.87586 19.52336 -2.70055
1.321842 2.224976 1.478923 -39.19647 19.09588 -41.41811
1.242252 2.224976 1.553386 -48.08197 27.99664 -83.37994
1.318424 2.224976 1.465251 -65.23463 33.41649 -122.1128
1.48859 2.224976 1.326823 -68.89113 46.8745 -162.8685
1.416569 2.224976 1.22819 -90.91403 39.12641 -203.0822
1.516422 2.224976 1.178874 -101.2652 46.61496 -241.212
1.537907 2.224976 1.200358 -121.3644 51.14931 -248.4563
1.645329 2.224976 1.183269 -128.3339 62.63023 -248.4563
1.70319 2.224976 1.145183 -140.6621 68.27908 -248.4563
1.805241 2.224976 1.193522 -143.1736 76.40886 -248.4563
1.950993 2.224976 1.250163 -148.6698 84.5997 -248.4563
2.148014 2.224976 1.312175 -155.1507 98.06534 -248.4563
2.270084 2.224976 1.358806 -159.8682 112.6684 -248.4563
2.289799 2.224976 1.388103 -160.3491 129.4012 -248.4563
2.289799 2.224976 1.349772 -161.1125 147.7905 -248.4563
2.289799 2.151795 1.233806 -159.2957 162.76 -248.4563
2.289799 2.109559 1.362224 -167.6469 199.2867 -248.4563
2.289799 1.703797 0.9227705 -175.0972 198.0348 -248.4563
2.289799 1.592713 0.8546553 -181.5171 202.676 -248.4563
2.289799 1.541443 0.6918135 -195.998 231.0959 -248.4563
2.289799 1.464051 0.4154463 -206.5553 231.0959 -248.4563
0.8672524 0.6749884 0.4332685 251.4066 -87.62932 251.8109
2.060123 1.324158 0.2982588 269.6508 -212.8125 251.8109
2.045475 1.543152 0.3505049 269.6508 -219.2171 251.8109
2.077457 1.536316 0.4501143 269.6508 -229.5988 251.8109
2.259098 1.95575 0.4415693 269.6508 -225.4614 251.8109
2.289799 2.224976 0.3436689 269.6508 -224.3087 251.8109
2.289799 2.224976 0.4032393 269.6508 -215.156 251.8109
2.289799 2.224976 0.289958 269.6508 -214.7133 251.8109
2.289799 2.224976 0.1664228 269.6508 -197.698 251.8109
2.289799 2.224976 0.2018232 269.6508 -174.5377 251.8109
2.289799 2.224976 0.1224775 207.5592 -181.5682 251.8109
2.289799 2.224976 0.2821455 104.9104 -185.4995 251.8109
2.289799 2.224976 0.5963545 26.98673 -166.9499 242.6048
2.289799 2.224976 0.7523603 -9.967466 -154.1942 193.0323
2.289799 2.224976 1.246989 -9.532351 -123.0263 121.6124
2.289799 2.224976 1.363933 22.31498 -108.0644 51.9254
2.289799 2.224976 1.564616 71.24628 -87.95757 -40.0517
2.000553 2.224976 1.919353 88.33025 -54.3316 -116.9601
1.767643 2.224976 1.905925 194.2081 -16.2629 -217.0135
1.951725 2.224976 0.9986982 197.0936 14.12641 -248.4563
1.872379 2.224976 1.085612 149.7806 -31.40794 -248.4563
1.841374 2.224976 1.548015 -20.76136 1.385954 -248.4563
1.58112 2.224976 1.411052 -153.4942 34.13404 -248.4563
2.194157 2.224976 1.193034 -225.2499 48.57679 -248.4563
2.289799 2.224976 0.6837568 -215.9904 69.34015 -248.4563
2.289799 2.224976 0.2860518 -230.6163 85.91267 -248.4563
2.289799 2.224976 0.1207685 -230.6163 91.43939 -248.4563
2.289799 2.158875 0.166667 -230.6163 104.4928 -248.4563
2.289799 1.603211 0.1918135 -230.6163 116.4852 -248.4563
2.289799 1.125184 0.06730175 -230.6163 130.386 -248.4563
2.289799 0.8239141 -0.001057625 -230.6163 132.9203 -248.4563
2.289799 0.610047 -0.05330372 -230.6163 144.4318 -248.4563
2.289799 0.3356329 -0.1223955 -230.6163 159.5081 -248.4563
2.289799 0.1139532 -0.2449541 -230.6163 165.5081 -248.4563
2.289799 -0.08477722 -0.2605791 -230.6163 176.1417 -248.4563
2.289799 -0.9556269 -0.2605791 -230.6163 231.0959 -248.4563
2.289799 -1.2901 -0.2605791 -230.6163 222.5081 -248.4563
2.289799 -1.582824 -0.2605791 -230.6163 224.3249 -248.4563
2.289799 -1.774963 -0.2605791 -230.6163 231.0959 -248.4563
2.289799 -1.774963 -0.2605791 -230.6163 231.0959 -248.4563
2.289799 -1.774963 -0.2605791 -230.6163 231.0959 -248.4563
2.289799 -1.774963 -0.2605791 -230.6163 231.0959 -248.4563
2.289799 -1.774963 -0.2605791 -230.6163 231.0959 -248.4563
2.289799 -1.774963 -0.2605791 -230.6163 231.0959 -248.4563
2.289799 -1.774963 -0.2605791 -230.6163 231.0959 -248.4563
2.000309 -1.774963 -0.2605791 -230.6163 231.0959 -248.4563
1.60529 -1.774963 -0.2605791 -230.6163 231.0959 -248.4563
0.6851235 -1.774963 -0.2605791 -230.6163 221.8821 -248.4563
0.6035806 -1.774963 -0.2605791 -230.6163 166.2867 -248.4563
0.2061196 -1.774963 -0.2605791 -230.6163 129.0501 -248.4563
0.6201821 -1.774963 -0.2605791 -230.6163 78.08061 -248.4563
0.05304346 -1.774963 -0.2605791 -230.6163 10.66076 -248.4563
0.1709634 -1.774963 -0.2605791 -230.6163 -36.32397 -248.4563
0.1145669 -1.774963 -0.2605791 -230.6163 -78.2858 -228.8074
-0.04314795 -1.774963 -0.2605791 -230.6163 -134.8889 -201.2502
-0.3212241 -1.774963 -0.2605791 -159.456 -182.2324 -157.7769
-0.5653647 -1.774963 -0.2605791 -176.769 -227.4232 -84.69292
-0.4498862 -1.774963 -0.2605791 -116.311 -258.6522 -41.93719
-0.2982749 -1.774963 -0.2605791 -97.94456 -269.1713 6.665862
0.01861963 -1.774963 -0.2605791 -67.17357 -269.1713 61.48265
0.1738931 -1.774963 -0.22054 -57.51709 -269.1713 103.4521
0.2837564 -1.774963 0.1769209 -26.9751 -269.1713 133.2308
0.2337075 -1.774963 0.5475264 -23.55525 -269.1713 169.5819
0.4197427 -1.774963 0.7142744 35.37605 -268.3545 196.2766
0.5955239 -1.774963 0.7501631 66.73483 -266.5377 213.3758
0.4780923 -1.774963 1.004558 73.83406 -269.1713 233.7422
0.826481 -1.774963 1.046794 75.17757 -254.1102 251.8109
0.7881509 -1.556945 1.020183 91.84933 -248.6369 251.8109
0.9556314 -1.319396 0.9950361 99.59741 -242.24 251.8109
0.8753091 -1.287414 0.980876 114.5058 -241.5835 251.8109
1.022282 -0.9522089 1.021159 131.8035 -240.0034 251.8109
1.133854 -0.7254023 1.139812 135.7119 -236.4003 251.8109
1.096256 -0.7756952 1.224772 173.7119 -228.2934 251.8109
1.278874 -0.6152948 1.189616 200.0478 -217.7362 251.8109
1.245426 -0.3818964 1.072185 215.5287 -220.6751 251.8109
1.181706 -0.1016229 1.389567 259.0325 -224.5606 251.8109
1.244694 0.1769415 1.529948 269.6508 -186.8125 251.8109
1.288151 0.453797 1.413005 269.6508 -156.2095 251.8109
1.142399 0.6120001 1.309733 269.6508 -145.6369 251.8109
0.9719888 0.7094122 1.330974 246.8722 -136.156 251.8109
0.8877603 0.4152227 1.121257 258.9409 -138.0263 251.8109
0.8462564 0.308045 1.188884 269.6508 -114.6675 251.8109
0.7420083 0.3788458 1.062175 269.6508 -115.8278 251.8109
0.6624185 0.2619025 1.022136 269.6508 -109.8125 251.8109
0.7569009 0.3571173 1.033854 269.6508 -93.23236 251.8109
0.5220376 0.3690802 0.8824873 269.6508 -98.66748 251.8109
0.4724771 0.5270391 0.8829756 269.6508 -89.89648 251.8109
0.3797036 0.2868048 0.9266768 269.6508 -75.75908 251.8109
0.3535806 0.1918341 0.3407393 269.6508 -71.24763 251.8109
0.4412271 0.3678595 0.2206221 269.6508 -102.6369 251.8109
0.3106118 0.4994513 0.5560713 269.6508 -102.553 251.8109
0.1375161 0.5519415 0.5629072 263.8493 -107.324 251.8109
0.290104 0.4808966 0.394206 267.2844 -109.095 251.8109
2.144108 1.852967 0.3859053 -86.38731 35.74473 -248.4563
-0.9198569 -1.774963 -0.2605791 -230.6163 84.58443 -248.4563
-0.8671226 -1.774963 -0.2605791 -230.6163 68.65312 -248.4563
-0.7084311 -1.774963 -0.2605791 -230.6163 51.15695 -204.7082
-0.6793784 -1.774963 -0.2605791 -230.6163 27.46992 -148.4944
-0.7279624 -1.774963 -0.2605791 -230.6163 0.1340446 -96.44864
-0.9374351 -1.774963 -0.2605791 -192.6163 -43.73618 -51.59368
-0.8622397 -1.774963 -0.2605791 -122.6239 -70.1255 -2.059328
-0.8234214 -1.774963 -0.2605791 -69.52472 -108.4614 39.66586
-0.7526206 -1.774963 -0.2605791 -21.1125 -138.6446 78.6964
-0.6698569 -1.774963 -0.2605791 1.834061 -168.6293 122.9178
-0.524105 -1.774963 -0.2605791 29.19284 -190.5988 156.3071
-0.4144858 -1.774963 -0.2605791 72.32261 -207.1331 175.0475
-0.2430991 -1.774963 -0.06526661 88.68903 -205.5988 188.7117
-0.1076011 -1.774963 0.3361006 130.1852 -212.782 212.4369
0.0791665 -1.774963 0.5109053 170.2539 -212.3774 217.5895
0.1658364 -1.774963 0.6844893 200.7272 -206.0415 232.6277
0.336979 -1.623351 0.6913252 223.399 -196.7362 251.4063
0.4729653 -1.404357 0.6988935 245.2997 -187.843 251.8109
0.5252114 -1.162414 0.6273603 262.9333 -183.6827 251.8109
0.5974771 -0.9605097 0.5965986 269.6508 -182.1331 251.8109
0.6340981 -0.7879023 0.6149092 269.6508 -178.2553 251.8109
0.6880532 -0.5532831 0.5826826 269.6508 -173.8507 251.8109
0.6577798 -0.3901972 0.5633955 269.6508 -171.6675 251.8109
0.7131997 -0.3384393 0.6078291 269.6508 -171.1102 251.8109
0.7363931 -0.1892694 0.5826826 269.6508 -165.2018 251.8109
0.7305337 -0.06011902 0.6019697 269.6508 -162.9194 251.8109
0.7915689 0.1234747 0.633708 269.6508 -157.5911 251.8109
0.7725259 0.2081915 0.6495771 269.6508 -153.7972 251.8109
0.8350259 0.2792364 0.6522627 269.6508 -148.24 251.8109
