-0.2158662 -0.3881499 1.25992 3.934733 47.18394 -13.01797
-0.2163545 -0.4018218 1.257723 19.11794 52.95493 -12.9798
-0.2253877 -0.4018218 1.202059 32.45382 56.62669 -12.31568
-0.2664033 -0.4015777 1.183748 43.8126 61.1534 -12.33858
-0.2913057 -0.3603179 1.108553 55.01107 63.58089 -12.39202
-0.3069307 -0.3190581 1.075838 63.30878 64.92439 -13.94927
-0.3103486 -0.2900054 1.056062 68.34695 67.27554 -15.36912
-0.3069307 -0.3112456 1.057527 72.21718 69.74883 -16.43782
-0.3037568 -0.2887847 1.073885 73.47672 70.76409 -16.36148
-0.3113252 -0.3532378 1.099031 76.83549 73.90913 -17.30805
-0.2966768 -0.4357574 1.121248 80.59122 77.53508 -18.49125
-0.2737275 -0.4010894 1.101717 79.03397 79.30608 -17.72789
-0.2993623 -0.4052398 1.139559 67.27061 81.51218 -15.14774
-0.3408662 -0.4181792 1.118074 67.62176 84.80225 -12.22408
-0.330124 -0.3861968 1.049471 62.69809 88.22211 -10.47598
-0.3074189 -0.3249175 1.018465 61.36985 87.04653 -12.14774
-0.3105928 -0.3747222 1.050691 52.43855 86.51218 -9.80423
-0.2986299 -0.3422515 1.056795 43.09504 89.84806 -8.651558
-0.3061982 -0.3774077 1.002596 35.65992 91.56561 -8.094305
-0.3198701 -0.3368804 0.9452227 25.18664 91.86333 -6.674458
-0.3350068 -0.337857 0.9088457 19.0187 90.9473 -6.598122
-0.3401338 -0.317105 0.879793 9.400381 91.29844 -6.308046
-0.3472139 -0.30148 0.8500078 2.003435 90.06944 -6.140106
-0.3577119 -0.287564 0.8067949 -6.401145 89.41294 -5.659191
-0.3704072 -0.2697417 0.7906816 -12.49275 88.76409 -5.857664
-0.3699189 -0.2399565 0.7706621 -19.56908 88.1076 -5.460718
-0.4136201 -0.2568023 0.7313554 -25.35534 89.68012 -6.758427
-0.4060517 -0.2646148 0.6935136 -33.24084 85.58852 -4.216442
0.1544951 -0.2780425 0.4264238 14.03397 5.023633 58.70722
0.3004912 -0.1745269 0.4098222 43.05687 -10.61759 37.50875
0.2829131 -0.1874663 0.4120195 38.20191 -16.64049 36.1576
0.2714385 -0.2006499 0.4508379 32.32404 -17.67102 35.1347
0.2660674 -0.1945464 0.4562089 27.63702 -21.10614 33.9744
0.2807158 -0.1737944 0.452791 25.03397 -23.65576 31.24157
0.2863311 -0.1794097 0.4588945 23.70572 -28.73973 28.07363
0.2704619 -0.1684233 0.484041 20.14847 -32.28171 24.84463
0.2719268 -0.1808745 0.5245683 17.0416 -35.53362 21.47058
0.2870635 -0.1610991 0.5389726 11.59886 -38.0527 18.96676
0.2968291 -0.1662261 0.5489824 6.179007 -41.21301 15.84463
0.294876 -0.1757476 0.5829179 1.621755 -42.41911 12.50111
0.3029326 -0.1842925 0.6293046 -3.179771 -44.51072 9.149969
0.296585 -0.2013823 0.6471269 -8.500381 -46.16721 6.249207
0.2843779 -0.2011382 0.6703203 -10.9813 -47.62522 2.798824
0.2506865 -0.1884429 0.6793535 -16.21031 -49.15194 0.7148552
0.2084502 -0.1596343 0.7186601 -32.21794 -53.01453 -1.895832
0.2846221 -0.2924468 0.7643144 -32.30191 -46.94583 -7.758427
0.2995147 -0.1967437 0.7420976 -37.50801 -51.90003 -8.758427
0.2575225 -0.2553374 0.7567461 -28.27901 -51.0985 -13.50652
0.2794951 -0.146939 0.7301347 -29.17977 -49.0069 -14.55995
0.3129424 -0.1791655 0.6910722 -19.46985 -45.19774 -20.0027
0.3324736 -0.09176319 0.6324785 -21.35534 -45.34278 -22.8195
0.303665 -0.07223194 0.6063554 -19.08817 -46.25881 -26.89583
0.2987822 -0.108853 0.6161211 -27.75229 -45.25117 -27.8653
0.3195342 -0.1125151 0.5985429 -28.53855 -44.64812 -29.28515
0.2733916 -0.1320464 0.6041582 -38.69886 -44.51072 -28.59812
0.2790068 -0.1586577 0.6310136 -47.03473 -43.75499 -29.09431
0.2921904 -0.1989409 0.6258867 -48.85916 -41.94583 -29.56759
0.2746123 -0.1974761 0.5985429 -48.20267 -41.64812 -30.72789
0.2465361 -0.20773 0.5609453 -44.75229 -42.71682 -31.46835
0.2299346 -0.2084624 0.5316484 -41.96603 -42.70919 -32.16301
0.180374 -0.1708647 0.4828203 -38.60725 -43.85423 -32.53706
0.1530303 -0.2013823 0.4750078 -40.05764 -45.10614 -31.85766
0.1657256 -0.1930816 0.4452226 -37.82099 -45.12904 -31.73553
0.1413115 -0.1723296 0.4090898 -38.23321 -47.94583 -30.08667
0.1017607 -0.1830718 0.4276445 -43.63779 -49.26644 -27.7508
0.09761036 -0.2052886 0.4398515 -51.28664 -50.41911 -24.30805
0.08784473 -0.2211577 0.4366777 -57.60725 -51.06797 -20.8195
0.07246387 -0.2404448 0.4361894 -64.61488 -51.40385 -16.52179
0.058792 -0.2509429 0.4176347 -68.63015 -52.83896 -13.72026
0.02632129 -0.2814605 0.4298418 -70.53855 -54.9611 -11.60576
-0.008834958 -0.3102691 0.4469316 -70.95076 -55.99927 -8.934
-0.02812207 -0.329312 0.4466875 -69.84389 -58.20537 -6.895832
-0.04057324 -0.3471343 0.4715898 -69.38588 -59.78553 -3.987434
-0.07328808 -0.275357 0.5331132 -62.96603 -62.28171 0.6232529
-0.07182324 -0.2655913 0.5592363 -61.08054 -63.1214 1.76829
-0.07572949 -0.2677886 0.5939043 -58.34008 -62.71682 2.55455
-0.050583 -0.2814605 0.621248 -53.73703 -60.9382 2.691954
-0.03617871 -0.2968413 0.6349199 -44.51565 -61.9382 1.676687
-0.04008496 -0.3075835 0.6656816 -33.60725 -61.43438 0.1423359
-0.01445019 -0.2831695 0.6957109 -25.63015 -59.36568 -1.23171
0.0009306669 -0.2819488 0.7169511 -19.55382 -59.71682 -1.918734
0.0221709 -0.2782866 0.74283 -18.72939 -57.94583 -1.201176
0.03047168 -0.2521636 0.7413652 -18.80573 -56.19774 0.2034054
0.02900684 -0.2045562 0.7315996 -21.84389 -53.47255 1.821726
0.02168262 -0.1581694 0.7399004 -28.0958 -50.65575 3.669054
0.003127933 -0.1086089 0.713289 -35.0042 -48.30461 5.592717
-0.05278027 -0.07760303 0.6922929 -40.49275 -45.32751 8.050733
-0.04740918 -0.02120654 0.6376054 -47.81336 -42.87713 9.943863
-0.0781709 0.0427583 0.5807207 -52.63779 -41.0756 9.936229
-0.1230928 0.05984814 0.5631425 -56.69122 -40.28934 9.997297
-0.1587373 0.08572704 0.5594804 -58.48512 -40.01453 9.814092
-0.1951143 0.1103853 0.5419023 -57.95076 -38.55652 8.539283
-0.2314912 0.125522 0.5328691 -56.92023 -37.34278 7.44768
-0.2383271 0.1391938 0.5133379 -54.85153 -37.1214 5.371344
-0.2375947 0.1333345 0.4886796 -54.05764 -37.87713 4.356077
-0.2424775 0.1318696 0.4942949 -54.98893 -37.61759 3.600351
-0.2288057 0.09768993 0.4952714 -55.08054 -37.15957 3.035465
-0.2151338 0.04007276 0.5025957 -50.45458 -36.19774 1.730122
-0.2153779 0.05398877 0.5033281 -48.54618 -37.28934 1.485847
-0.2087861 0.0102876 0.517 -42.76756 -36.94583 -0.1248398
-0.2122041 -0.02584522 0.5172441 -38.72176 -36.28171 -0.3080463
-0.2283174 -0.02608936 0.5323808 -35.62252 -37.82369 -0.4759846
-0.2261201 -0.04293506 0.54825 -35.88969 -37.12904 -0.2622452
-0.2661592 -0.08272999 0.560457 -32.50038 -37.55652 0.2568398
-0.2651826 -0.03072803 0.5858476 -39.0042 -37.82369 2.905695
-0.2534639 -0.08126514 0.6051347 -34.71412 -36.82369 2.081266
-0.272751 -0.09908741 0.6046464 -34.30954 -36.93056 3.852259
-0.2668916 -0.0798003 0.6227129 -30.20267 -36.67102 3.844625
-0.2581025 -0.09689014 0.638582 -21.53855 -35.90766 2.57745
-0.2751924 -0.1256987 0.6336992 -12.21794 -36.01453 2.264473
-0.2639619 -0.02560107 0.6561601 -13.83626 -36.57942 3.317909
-0.2632295 -0.08053272 0.6734941 -5.721756 -34.30461 1.36371
-0.2620088 -0.110562 0.6510332 0.9500003 -33.50308 1.211039
-0.1484834 0.09646923 0.6930254 -22.40878 -13.06034 24.44005
-0.1245576 -0.006069824 0.6058671 3.659923 11.64195 15.29501
-0.1265107 -0.01583545 0.5956132 4.507252 11.55035 15.44768
-0.1267549 -0.01339404 0.5873125 4.95 11.31371 16.24921
-0.1309053 -0.02145068 0.5904863 5.499618 10.91676 16.69959
-0.1274873 -0.03341357 0.6004961 7.27061 11.20684 16.9515
-0.1206514 -0.03561084 0.5902421 9.125572 10.91676 17.20341
-0.1274873 -0.04195849 0.5895097 11.20954 10.42058 17.40951
-0.1143037 -0.04586474 0.5641191 12.53015 9.886229 17.95913
-0.1145478 -0.06612842 0.557039 15.11794 9.878595 18.27974
-0.1223603 -0.05807178 0.5333574 17.91183 9.245008 18.78356
-0.1230928 -0.04732959 0.513582 19.84313 8.298443 19.69195
-0.1277314 -0.02975146 0.5077226 20.14084 7.214473 20.53928
-0.11821 -0.01925342 0.5052812 19.24771 6.412946 21.9744
-0.1074678 -0.005337402 0.4884355 17.60649 5.817526 23.1805
-0.09379589 0.002475098 0.5033281 15.95 5.50455 24.47058
-0.0781709 0.01346143 0.5140703 14.9271 5.275542 25.40951
-0.06108105 0.01541455 0.5179765 14.63702 5.092336 25.84463
-0.05278027 0.02151807 0.517 15.53779 5.176305 26.14997
-0.04570019 0.03567822 0.5279863 16.46908 5.481649 26.30264
-0.04057324 0.05789502 0.5235918 17.02634 5.474015 26.11943
-0.04594433 0.06839306 0.52408 16.49962 5.916764 25.86753
-0.02861035 0.07815869 0.5343339 15.74389 6.458748 26.066
-0.02250683 0.07864697 0.5353105 15.7897 6.596153 25.64615
-0.02397168 0.08499462 0.5279863 15.46908 7.374778 25.21867
-0.02519238 0.07840283 0.5294511 17.02634 7.848061 24.34081
-0.03544629 0.08914501 0.5001543 19.58359 8.321344 23.33318
-0.04399121 0.1076997 0.4842851 21.36221 7.93203 22.05073
-0.04618847 0.1128267 0.4647539 22.23244 6.90913 21.11943
-0.04106152 0.108188 0.4750078 21.94237 6.191573 20.27211
-0.02445996 0.09744579 0.463289 20.54542 5.603786 19.85226
-0.009811521 0.09256298 0.478914 19.17138 5.214473 19.26447
-0.002487302 0.07742627 0.4884355 17.76679 4.428214 18.59272
0.0233916 0.06253369 0.4986894 15.85076 3.527451 18.40188
0.02143848 0.04739697 0.5140703 14.27061 3.061801 17.9515
0.02412403 0.03421338 0.5199296 12.04924 1.893863 18.09653
0.02558887 0.02810986 0.517 9.186642 1.565618 18.1347
