0.3813018 0.3437837 0.7579668 -12.11107 17.76409 11.1118
0.38179 0.3371919 0.746248 -12.43931 18.52745 10.87516
0.3896025 0.3354829 0.7450273 -12.0042 19.37478 10.41714
0.3883818 0.3352387 0.7464921 -12.36298 20.19157 9.898061
0.383499 0.3293794 0.74283 -12.54618 20.87096 9.554549
0.3874053 0.3325532 0.7416093 -12.77519 21.21447 8.920961
0.3935088 0.3293794 0.7386796 -13.1416 21.87096 8.554549
0.3896025 0.3281587 0.7215898 -13.40878 22.06944 8.440045
0.4022979 0.3315766 0.7276933 -14.03473 22.46638 8.157603
0.3932647 0.3367036 0.7193925 -14.69885 22.51982 7.85226
0.4015655 0.3406098 0.7125566 -15.63779 22.42821 7.753023
0.3937529 0.3557466 0.7025468 -16.64542 22.31371 7.737756
0.4030303 0.3552583 0.6898515 -17.82099 21.81753 7.478213
0.4020537 0.3642915 0.6866777 -19.06527 21.29081 7.394244
0.404251 0.3677094 0.6791093 -20.21794 20.9931 7.096535
0.399124 0.3823579 0.6705644 -21.54618 20.22974 7.348443
0.3930205 0.3974946 0.655916 -22.75229 19.39768 6.87516
0.3996123 0.4099458 0.6459062 -24.28664 19.016 6.653787
0.4037627 0.4089692 0.6288164 -25.63779 18.02363 5.913328
0.3996123 0.4282563 0.622957 -26.31717 17.38241 5.203404
0.4086455 0.4314301 0.6175859 -26.66832 16.65722 4.310274
0.4005889 0.4343598 0.6146562 -26.66832 16.13814 3.272106
0.4069366 0.4353364 0.6080644 -26.24847 15.51982 2.043098
0.4115752 0.4282563 0.5992754 -25.25611 14.9244 0.7224884
0.4149932 0.4248384 0.5846269 -24.10344 14.33661 -0.7965946
0.423294 0.4099458 0.5863359 -22.62252 13.59615 -1.956902
0.4186553 0.3994477 0.5878007 -21.29428 13.33661 -3.269878
0.4247588 0.3745454 0.5819414 -19.42405 13.0618 -4.407282
0.423294 0.3540376 0.5921953 -17.58435 12.46638 -5.63629
0.4281768 0.325229 0.5921953 -15.50801 12.18394 -6.330946
0.435501 0.3032563 0.5995195 -14.9813 11.9015 -6.61339
0.4235381 0.2668794 0.5936601 -11.88969 11.42821 -7.086672
0.4237823 0.2539399 0.5931718 -10.14924 10.17631 -6.788961
0.419876 0.2456392 0.5846269 -9.0271 9.016001 -6.147741
0.4147491 0.2395356 0.5895097 -8.744657 8.206841 -5.224077
0.4120635 0.2351411 0.588289 -9.530916 7.000733 -4.163008
0.4120635 0.2344087 0.5941484 -9.523283 5.626687 -2.911098
0.4145049 0.2431978 0.6017168 -9.538549 4.42058 -1.666824
0.4237823 0.2519868 0.6197832 -9.111069 3.451115 -0.8347626
0.4301299 0.2578462 0.6495683 -8.950764 3.016 -0.1935425
0.4450225 0.2700532 0.6534746 -8.614885 2.954931 0.0812664
0.4552764 0.2854341 0.6717851 -7.988932 3.145771 -0.1477413
0.4696807 0.2920259 0.6830156 -8.515649 2.939664 0.508749
0.4745635 0.29227 0.6905839 -8.653053 3.237374 -0.07140541
0.4799346 0.2969087 0.7066972 -7.660687 3.183939 -0.3385811
0.4770049 0.2854341 0.7113359 -5.958397 3.626687 -1.147741
0.4638213 0.2868989 0.7228105 -4.469848 3.428214 -1.758427
0.4772491 0.2695649 0.7372148 -3.195038 4.474015 -2.42255
0.4796905 0.2563813 0.7506425 -1.85916 5.084702 -3.170641
0.482376 0.2446626 0.7630937 0.896565 5.626687 -3.437817
0.4855498 0.228061 0.7623613 3.324046 6.489282 -3.834763
0.4982451 0.2092622 0.7577226 4.530153 7.130504 -3.895832
0.4970244 0.1992524 0.7442949 5.522519 7.71829 -3.140106
0.4855498 0.201938 0.7425859 5.430916 6.878596 -1.682091
0.4826201 0.2009614 0.7501543 3.583588 7.298442 0.02783203
0.4899444 0.1948579 0.7379472 2.369847 7.33661 1.775923
0.4901885 0.1990083 0.7294023 1.224809 6.596153 3.302641
0.5043487 0.2021821 0.728914 -0.08816814 6.237374 5.25684
0.4828643 0.1980317 0.7352617 -3.095802 6.229741 7.501115
0.4923858 0.2070649 0.713289 -7.378244 4.50455 10.45531
0.4987334 0.2104829 0.714998 -6.584352 3.786993 12.11944
0.4972686 0.2388032 0.697664 -10.9126 2.748825 15.09653
0.4877471 0.2619966 0.6925371 -15.72939 1.703023 17.47058
0.4884795 0.2698091 0.699373 -21.01947 1.077069 19.9515
0.4845733 0.2781098 0.7005937 -24.10344 0.5656183 21.87516
0.4767608 0.2991059 0.7079179 -26.1874 0.1534045 23.23394
0.4765166 0.3110688 0.7079179 -27.97366 0.5274503 24.58508
0.4691924 0.3196137 0.7162187 -29.30191 0.8480611 25.27211
0.4696807 0.342563 0.7120683 -30.32481 0.8251602 26.46295
0.4689483 0.3389009 0.7174394 -30.60725 2.069435 26.36371
0.4711455 0.3447602 0.7206132 -29.39351 3.153405 26.03547
0.4662627 0.3467134 0.7164629 -27.32481 4.596153 25.47821
0.4716338 0.3454926 0.7189043 -24.62252 6.306077 24.46295
0.4679717 0.3325532 0.7108476 -21.45458 8.061802 23.42478
0.46846 0.3186372 0.7018144 -18.24847 9.962564 22.16524
0.4604033 0.3064301 0.6859453 -14.30954 11.71066 21.28737
0.4574737 0.2912934 0.6759355 -10.57672 13.35951 20.21867
0.4506377 0.2788423 0.6468828 -7.187405 14.42821 19.83699
0.6071319 0.4299653 0.5506914 -9.248473 14.97783 7.218672
0.5487823 0.3708833 0.6774004 7.018702 11.74883 36.50875
0.5495147 0.3711274 0.6752031 5.988168 10.55799 36.29501
0.5387725 0.3755219 0.6683671 5.179007 9.680122 36.14997
0.5307158 0.3791841 0.6678789 4.102671 8.527451 35.86753
0.534378 0.3760102 0.664705 3.026336 7.290809 35.70722
0.5214385 0.3630708 0.6781328 2.125573 6.267909 35.43241
0.5297393 0.365268 0.67325 1.369847 5.367145 35.14233
0.515335 0.3576997 0.6835039 0.6141219 4.328977 35.18814
0.5224151 0.3432954 0.6913164 -0.103435 3.680122 34.88279
0.5172881 0.3376801 0.6935136 -0.7828245 2.939664 35.34081
0.5172881 0.3345063 0.6998613 -1.485115 2.687756 35.18814
0.5089873 0.3262055 0.7181718 -1.599618 2.290809 35.37897
0.5143584 0.3301118 0.7245195 -1.607252 2.359511 35.16524
0.5050811 0.3459809 0.7259843 -1.324809 1.901496 35.48585
0.503128 0.3450044 0.7147539 -1.256107 1.756458 34.89806
0.5045928 0.3667329 0.720125 -0.8744278 1.153404 34.40188
0.5033721 0.3796723 0.6942461 -0.4316797 0.6724885 33.78356
0.4992217 0.3945649 0.6961992 -0.4545803 0.08470225 33.05836
0.4923858 0.4089692 0.6883867 -0.5767179 -0.6786565 32.05836
0.496292 0.4170259 0.6798418 -0.7293897 -1.541252 30.85989
0.4950713 0.4270356 0.6705644 -1.072901 -2.464916 29.53165
0.496292 0.4380219 0.6671464 -1.43168 -3.548885 28.37134
0.4921416 0.4302094 0.6659257 -4.301908 -7.350412 24.52402
0.4872588 0.4275239 0.6842363 -5.462214 -8.648123 23.87516
0.4865264 0.4241059 0.6905839 -6.935496 -9.739725 22.82936
0.4950713 0.4126313 0.6908281 -9.187405 -10.64812 22.54692
0.501419 0.4067719 0.7079179 -10.88969 -11.54889 21.98966
0.4855498 0.382602 0.718416 -10.30954 -12.19774 21.11943
0.4897002 0.3816255 0.7430742 -10.63015 -12.56415 20.25684
0.4933623 0.3750337 0.7626054 -11.37061 -12.35041 19.93623
0.5004424 0.3613618 0.779207 -12.37061 -11.72446 19.48585
0.5050811 0.3503755 0.7862871 -12.17214 -11.03744 18.90569
0.5104522 0.3481782 0.8097246 -11.88206 -10.24354 18.56218
0.5155791 0.3381684 0.8165606 -11.55382 -9.396214 18.09653
0.5268096 0.3301118 0.8087481 -11.9813 -7.57942 17.67669
0.5163116 0.3262055 0.8185137 -12.97366 -6.373313 17.69195
0.515335 0.3186372 0.8199785 -11.0271 -5.57942 17.31791
0.5048369 0.3213227 0.8378008 -9.141603 -4.197741 16.83699
0.5224151 0.3296235 0.8402422 -8.271374 -2.945832 16.48585
0.5224151 0.3308442 0.8280352 -8.424046 -1.556519 16.50111
0.5360869 0.3330415 0.8348711 -8.133969 0.1152368 16.62325
0.5380401 0.3406098 0.8163164 -7.500382 1.466382 16.1347
0.5365752 0.3474458 0.8089922 -7.309542 2.786993 15.91333
0.5365752 0.3533051 0.7960527 -7.378244 3.588519 15.89806
0.5355987 0.3645356 0.7850664 -7.584351 4.374779 15.72249
0.5365752 0.3757661 0.7748125 -8.263741 5.046535 15.58508
0.5294951 0.3757661 0.7533281 -8.706489 5.428214 15.33318
0.5380401 0.3779634 0.7342851 -9.981297 5.947298 15.25684
0.5297393 0.3823579 0.7296464 -10.90496 6.099969 14.96676
0.5207061 0.3823579 0.7020586 -11.67595 6.183939 14.67669
0.5121612 0.3811372 0.6908281 -12.72176 5.802259 14.69959
0.5104522 0.3872407 0.6710527 -13.71412 5.550351 14.14997
0.5082549 0.3799165 0.6583574 -14.27137 4.641954 14.11944
0.4987334 0.3813813 0.6388261 -15.32481 4.405313 13.96676
0.4982451 0.370395 0.6366289 -15.70649 3.703023 13.44005
0.496292 0.3642915 0.6207597 -16.0958 2.863328 13.47058
0.5004424 0.3594087 0.6183183 -16.08053 2.489283 13.18814
0.4984893 0.3520844 0.6041582 -16.08053 1.603786 12.89806
0.4965362 0.3493989 0.5970781 -16.0271 1.046534 12.66905
0.494583 0.3432954 0.5987871 -15.67595 0.31371 12.51638
0.4892119 0.3354829 0.589998 -14.9584 -0.5870534 12.62325
0.4958037 0.3403657 0.5978105 -14.59962 -1.312244 12.63089
0.4977569 0.3367036 0.5890214 -14.17977 -1.945832 12.68432
0.4989776 0.3364594 0.5978105 -13.71412 -2.449649 12.87516
0.4967803 0.3376801 0.5953691 -12.83626 -3.106137 12.79882
0.5106963 0.3484223 0.5975664 -11.9126 -3.067969 12.91333
0.5109405 0.3486665 0.6065996 -10.98893 -3.640489 13.12707
0.5165557 0.3601411 0.6136796 -9.714123 -3.556519 13.25684
0.5197295 0.3730805 0.6141679 -8.691221 -3.442015 13.17287
0.5211944 0.3801606 0.6188066 -7.271374 -3.358046 13.16524
0.5304717 0.3882173 0.6336992 -6.095802 -3.197741 12.50875
