-0.1352998 -0.6274077 0.6109941 -3.294275 -11.02217 32.77592
-0.1328584 -0.6203277 0.6168535 -4.988932 -11.57942 33.30264
-0.1372529 -0.6232574 0.6156328 -6.279008 -11.06797 33.68432
-0.1184541 -0.6159331 0.6144121 -7.660687 -10.8466 33.85226
-0.1150361 -0.6152007 0.6078203 -7.042367 -10.14431 33.68432
-0.1201631 -0.6081206 0.5990312 -6.301908 -9.693924 33.42478
-0.1226045 -0.6073882 0.5887773 -5.744657 -9.510717 33.25684
-0.109665 -0.5964019 0.6053789 -4.004199 -9.144305 32.74539
-0.1033174 -0.598355 0.6051347 -4.0271 -8.296977 32.42478
-0.07426465 -0.5942046 0.6168535 -1.950764 -7.174839 31.61562
-0.08232128 -0.5993316 0.6217363 -0.424046 -6.854229 31.14997
-0.08012402 -0.601773 0.6236894 1.827862 -6.861863 30.24157
-0.08622753 -0.601773 0.6224687 2.362214 -6.747359 29.77592
-0.08256542 -0.6071441 0.6461504 3.408015 -6.28171 29.25684
-0.09208691 -0.6127593 0.6593339 4.140839 -5.487817 29.0431
-0.09672558 -0.6127593 0.6529863 4.217175 -5.098504 28.90569
-0.1001436 -0.6117827 0.6546953 4.507252 -4.655756 29.01257
-0.1094209 -0.6254546 0.6437089 6.575954 -3.442015 28.19577
-0.1272432 -0.629605 0.6249101 9.194275 -3.304611 27.64615
-0.1509248 -0.6200835 0.6083086 11.33168 -3.663389 26.83699
-0.1685029 -0.612271 0.5895097 12.13321 -4.113771 26.24921
-0.1819307 -0.5971343 0.5875566 10.04924 -5.213008 26.41714
-0.1875459 -0.5907866 0.6009843 6.743893 -4.823695 27.21104
-0.1914521 -0.587857 0.5912187 1.67519 -4.17484 28.34844
-0.1924287 -0.5663726 0.5831621 -4.118702 -4.296977 29.74539
-0.1973115 -0.5546538 0.5736406 -11.58435 -4.732092 30.79119
-0.2014619 -0.5556304 0.5941484 -18.98893 -5.067969 32.46295
-0.2026826 -0.5627105 0.6214921 -25.56145 -4.907664 33.93623
-0.2100068 -0.5741851 0.61783 -29.70649 -4.571786 34.75302
-0.205124 -0.5942046 0.6273515 -30.9126 -4.49545 34.9286
-0.1960908 -0.6154449 0.6207597 -29.89733 -4.289344 34.40188
-0.1968232 -0.6176421 0.6131914 -26.59962 -4.961099 33.49348
-0.1782686 -0.6007964 0.607332 -24.79046 -5.915298 33.23394
-0.1555635 -0.5780913 0.6197832 -24.56145 -6.006901 32.98966
-0.1404268 -0.5734527 0.6214921 -26.20267 -4.999267 32.90569
-0.1362764 -0.5817534 0.6141679 -25.50038 -4.113771 32.55455
-0.1316377 -0.5749175 0.591707 -24.55382 -4.442015 32.63089
-0.1289521 -0.5714995 0.5961015 -23.01183 -4.823695 32.24921
-0.1138154 -0.5675933 0.5963457 -22.57672 -4.861863 32.26447
-0.1084443 -0.5649077 0.593416 -22.35534 -4.419115 31.89806
-0.1150361 -0.5680816 0.6129472 -21.40878 -4.380947 31.44004
-0.1121064 -0.5749175 0.6163652 -19.50801 -4.335145 30.70722
-0.1204072 -0.5876128 0.6332109 -17.36298 -4.243542 30.33318
-0.1257783 -0.5893218 0.6390703 -14.44695 -4.113771 29.40951
-0.1208955 -0.5968902 0.6398027 -12.01183 -4.121405 29.10417
-0.1011201 0.1865571 0.6891191 -208.3248 3.649588 61.14997
-0.04643261 0.481479 0.7296464 5.423282 8.924397 10.76829
-0.0427705 0.4639009 0.7259843 7.575954 7.779358 9.417145
-0.04789746 0.4558442 0.7154863 9.583588 6.52745 8.615619
-0.04106152 0.4407075 0.7206132 12.72099 5.237374 7.325542
-0.0403291 0.4216645 0.7276933 15.68283 4.138137 5.989664
-0.0391084 0.4241059 0.7345293 18.76679 3.901496 5.127069
-0.04399121 0.4184907 0.7223222 20.42328 2.779359 4.592718
-0.03715527 0.4038423 0.7198808 23.09504 1.855695 3.546917
-0.02934277 0.3901704 0.7213457 28.21718 0.3518779 2.55455
-0.02812207 0.3852876 0.7291582 32.68282 -0.7626259 1.646152
-0.0337373 0.3677094 0.7257402 40.19427 -1.243542 -0.1706409
-0.04008496 0.3540376 0.7274492 47.46145 -2.266443 -1.689726
-0.03862011 0.3310884 0.7147539 56.91183 -3.464916 -3.621023
-0.05351269 0.3298676 0.6988847 65.16374 -5.037435 -5.61339
-0.05155957 0.3313325 0.7008379 73.33932 -6.243542 -7.369114
-0.05888379 0.3210786 0.6964433 78.38512 -7.693923 -7.888199
-0.05326855 0.3176606 0.6922929 80.62176 -8.472549 -7.903465
-0.05229199 0.3135102 0.6832597 79.15611 -8.411481 -7.056137
-0.05497754 0.2788423 0.6781328 77.30878 -9.823694 -5.666824
-0.04057324 0.2590669 0.6849687 77.0416 -10.42675 -4.224077
-0.03056347 0.2727387 0.699373 76.31641 -10.67102 -3.06377
-0.0234834 0.2702973 0.6969316 74.7897 -10.66339 -1.666824
-0.01420605 0.2651704 0.6966875 72.9042 -10.73973 0.2873745
-0.01518261 0.2554048 0.7005937 71.36221 -10.65576 1.55455
-0.009079099 0.2395356 0.6961992 70.98054 -10.70919 2.539282
-0.02177441 0.2226899 0.6974199 72.14084 -11.20537 3.562183
-0.02543652 0.2112153 0.6864336 73.51488 -11.0756 4.127069
-0.02519238 0.2212251 0.6747148 75.32405 -11.69392 4.638519
-0.03202832 0.220981 0.6749589 76.01107 -12.01453 5.424779
-0.02812207 0.2351411 0.6771562 75.95 -12.16721 6.249207
-0.02397168 0.248813 0.701082 74.44618 -11.04507 7.211039
-0.0259248 0.2514985 0.6752031 71.93474 -11.03744 8.203404
-0.02665722 0.2656587 0.6676347 68.86604 -11.78553 9.226305
-0.02445996 0.278354 0.6774004 65.29351 -11.37331 10.47058
-0.02494824 0.2810395 0.6734941 61.34694 -10.79316 11.50111
-0.02568066 0.2773774 0.6852129 58.14083 -10.58705 11.98966
-0.02275097 0.2764009 0.6798418 55.9729 -10.0985 12.53928
-0.01786816 0.2505219 0.6964433 56.59122 -10.60995 11.86753
-0.0259248 0.2427095 0.720125 59.46908 -9.724459 9.997297
-0.02983105 0.2554048 0.7230546 67.31641 -9.823694 6.943863
-0.0312959 0.2160981 0.7169511 77.27824 -9.373313 3.943863
-0.0403291 0.1792329 0.7047441 91.07977 -9.487817 0.7301216
-0.05229199 0.1799653 0.695955 107.3088 -11.54125 -3.369114
-0.05253613 0.1902192 0.7079179 122.637 -12.44201 -7.338581
-0.04911816 0.1975434 0.699373 135.2477 -12.42675 -10.62866
-0.04862988 0.2068208 0.6876543 146.5836 -12.41912 -13.90347
-0.04789746 0.1833833 0.6617754 156.95 -13.36568 -16.73553
-0.04960644 0.1848481 0.6405351 167.1866 -14.14431 -19.71263
-0.03862011 0.1831392 0.6454179 173.1027 -14.83133 -21.30805
-0.0337373 0.1716645 0.6300371 176.1179 -15.10614 -22.23934
-0.03446972 0.1443208 0.6405351 177.1408 -15.8466 -22.07904
-0.02030957 0.1233247 0.650789 179.8279 -17.10614 -22.46835
0.006301761 0.1174653 0.6844804 184.1027 -16.43438 -22.94163
0.01387012 0.1128267 0.6439531 180.6217 -14.95347 -22.0027
0.02363575 0.07742627 0.6141679 187.4385 -16.31988 -22.53705
0.03364551 0.08694775 0.5831621 189.0034 -15.43438 -23.23171
0.02241504 0.09036572 0.5353105 193.6523 -16.0756 -24.53705
-0.003219724 0.08279736 0.5030839 197.2935 -18.0756 -25.16301
-0.03007519 0.08182079 0.5069902 202.0263 -20.72446 -26.07904
-0.03569043 0.118686 0.5172441 202.6981 -20.66339 -27.10957
-0.04496777 0.1225923 0.5565507 201.5072 -21.8695 -28.44545
-0.06327832 0.0920747 0.5870683 195.6752 -18.38095 -27.8882
-0.109665 0.01419385 0.5653398 197.7744 -16.81606 -29.70499
-0.130417 -0.01437061 0.5162675 189.7744 -20.28934 -27.66683
-0.1357881 -0.06344287 0.5379961 194.0874 -19.77789 -26.99507
-0.1223603 -0.1010405 0.5558183 191.263 -20.70156 -24.27751
-0.1279756 -0.081021 0.5704668 187.9958 -19.48782 -22.91873
-0.1013643 -0.09249561 0.5773027 184.8508 -17.24354 -21.42255
-0.08720409 -0.08346241 0.5836504 178.4767 -17.22828 -19.20881
-0.08500683 -0.1003081 0.5711992 171.8584 -15.01453 -17.61339
-0.09062206 -0.09103077 0.5589921 162.8355 -14.01453 -15.14774
-0.08622753 -0.09347218 0.5450761 152.721 -13.35805 -12.49125
-0.09184277 -0.09566944 0.539705 140.5454 -12.31988 -9.712626
-0.09404003 -0.1056792 0.5362871 128.492 -11.56415 -6.903465
-0.1064912 -0.09762257 0.543123 115.0798 -10.71682 -4.094305
-0.1108857 -0.1056792 0.5484941 102.5989 -9.77026 -1.010336
-0.109665 -0.1039702 0.5506914 89.8813 -9.037436 1.501114
-0.1284639 -0.1300933 0.5609453 61.05687 -7.518351 7.012565
-0.12529 -0.138394 0.5492265 58.65229 -8.09087 6.989664
-0.08988964 -0.08614796 0.5348222 53.24771 -4.823695 7.485847
-0.09672558 -0.1349761 0.4894121 54.98817 -9.067969 6.493481
-0.1060029 -0.1374175 0.5030839 56.52252 -9.884764 5.87516
-0.1042939 -0.1515776 0.5294511 62.37748 -10.45728 4.798824
-0.109665 -0.1354644 0.5233476 63.98053 -11.32751 3.905695
-0.1118623 -0.1542632 0.5284746 68.26298 -12.27408 3.264473
-0.1848603 -0.3803374 0.5555742 1.362214 -1.426748 -2.949266
-0.1042939 -0.4652984 0.6285722 -14.42405 14.30608 19.16524
-0.1072236 -0.4530913 0.5904863 -12.57672 15.11524 19.78356
-0.1267549 -0.4208648 0.5692461 -12.0958 15.59615 20.82173
-0.1416475 -0.4059722 0.5616777 -12.34771 15.29081 21.56982
-0.132126 -0.3976714 0.5577714 -12.83626 15.27554 22.55455
-0.1418916 -0.3864409 0.5597246 -12.1874 15.55035 22.79119
-0.1323701 -0.3793609 0.5704668 -12.0042 15.48928 23.24157
-0.1289521 -0.3708159 0.5711992 -12.04237 14.90913 23.57745
-0.1284639 -0.3671538 0.5765703 -12.24847 15.0847 23.89043
-0.1318818 -0.3603179 0.5812089 -12.84389 14.79463 24.23394
-0.1267549 -0.351773 0.5807207 -13.88969 14.59615 24.71486
-0.1279756 -0.3495757 0.5790117 -14.12634 13.90913 24.87516
-0.1213838 -0.3485991 0.5758379 -13.63015 13.35951 24.51638
-0.1206514 -0.3366363 0.5780351 -12.69885 12.88623 23.92096
-0.1069795 -0.3407866 0.5626543 -11.43931 11.27554 23.33318
-0.08744823 -0.3112456 0.5589921 -12.71412 11.80989 22.54692
-0.08476269 -0.2970855 0.5399492 -16.17214 10.9931 22.44768
-0.09892284 -0.2785308 0.4942949 -22.27901 9.93203 22.98966
