0.3266836 -0.4307388 -0.06165135 -38.14751 8.489923 1.314595
0.3799062 -0.3850845 -0.06165135 -41.52919 4.031908 1.230626
0.4297109 -0.3631118 -0.06165135 -48.37652 -3.021527 6.177191
-0.1073984 -1.675612 1.097528 39.52425 9.581527 -30.36479
-0.1401133 -1.628249 1.077753 44.11966 9.260916 -16.56327
-0.1860117 -1.576491 1.021601 47.45554 9.58916 -7.723572
-0.2577891 -1.529372 1.002802 43.1502 9.604427 0.02451921
-0.3112559 -1.44612 0.9466495 42.0586 9.505191 5.34513
-0.3813242 -1.338454 0.8709659 41.89829 6.253283 10.32223
-0.3881602 -1.272536 0.8355655 34.66928 0.9250379 15.84131
-0.3603281 -1.250319 0.8194522 26.52424 -1.395573 26.41383
-0.4081797 -1.232008 0.8194522 21.04333 -4.586412 34.16193
-0.394752 -1.170973 0.7318057 18.82195 -7.456641 44.85658
-0.4421153 -1.107252 0.6783389 20.49371 -15.61695 49.16193
-0.4506602 -1.03279 0.6990909 21.2876 -23.02153 47.78788
-0.3571543 -0.9549088 0.7283877 24.3334 -27.61695 53.58177
-0.3796153 -0.8665298 0.775751 25.94409 -33.85359 61.60467
-0.3630137 -0.8255142 0.8255557 23.34104 -36.74672 58.77261
-0.3300547 -0.807692 0.8631534 27.74562 -41.95282 60.44437
-0.3078379 -0.7232193 0.9534854 32.78379 -46.80015 59.28406
-0.2900156 -0.6511978 1.05163 37.55478 -53.03679 61.84132
-0.2192148 -0.5708755 1.137079 32.0815 -49.61695 55.72681
-0.205543 -0.5330338 1.218866 30.57005 -52.41084 60.71918
-0.1955332 -0.4868911 1.267694 27.1502 -51.99099 63.29169
-0.1786875 -0.465895 1.321405 22.40974 -52.2658 59.68864
-0.1564707 -0.4424575 1.349481 21.48608 -53.18183 58.68864
-0.1071543 -0.436354 1.401728 19.82959 -53.09786 62.55124
-0.1127695 -0.4448989 1.454218 20.14256 -52.50244 61.93292
-0.09275 -0.4529556 1.500849 21.47844 -52.47191 60.99399
-0.07517188 -0.4732193 1.552118 23.74562 -51.61695 59.4062
-0.05441992 -0.4690689 1.619989 27.50134 -51.31924 59.2688
-0.04978125 -0.4636978 1.701532 27.1731 -50.65511 60.3375
-0.02439062 -0.4358657 1.772333 20.55478 -46.89175 54.97108
0.02394922 -0.3965591 1.838251 14.53951 -45.13603 66.23063
0.03591211 -0.4517349 1.869501 9.425008 -42.09786 71.96346
0.02761133 -0.4912857 1.906122 10.2418 -36.97572 71.71154
0.05324609 -0.490065 1.950312 11.31814 -32.14367 70.95582
0.09621485 -0.538649 1.961542 18.53951 -26.72382 73.29169
0.1084219 -0.4597915 2.027704 27.25707 -20.89939 73.2688
0.1279531 -0.3909439 2.106806 28.40974 -10.88412 64.95582
0.1618887 -0.3291763 2.107538 30.15783 -6.22 76.17719
0.2246328 -0.1624282 2.139032 24.63111 9.902137 85.03979
0.2126699 -0.1883071 2.208857 22.82195 12.68076 94.29933
0.2846914 -0.1763443 2.258173 21.82195 29.56626 90.77261
0.2890859 -0.1355728 2.263788 30.13493 40.63496 88.86421
0.2671133 -0.02595362 2.348261 41.1044 40.70367 93.84132
0.3171621 0.02995458 2.322138 46.77615 49.06244 90.18483
0.3513418 0.0973374 2.321161 55.37921 56.01664 83.65811
0.402123 0.07414403 2.239618 83.3105 71.68076 91.34513
0.4001699 0.2206284 2.284052 96.63112 79.55862 94.3146
0.5151601 0.1910874 2.269648 119.3105 105.1998 78.69627
0.3625722 0.3304917 2.271112 120.7685 97.72656 73.94818
0.3564687 0.4757554 2.401239 104.9899 123.8182 26.55887
0.4170156 0.5900131 2.678339 76.49371 154.0701 5.062687
0.2817617 1.606615 2.744257 33.05096 216.6731 -15.55563
0.5468984 0.6573959 2.619745 47.196 227.3372 -4.922046
0.2878652 0.7438217 2.814325 29.65402 202.7953 12.5665
0.2429434 0.7091537 2.660517 31.75325 161.154 -2.219756
0.3149648 0.8697983 2.889277 35.52425 118.3525 -14.98311
0.4721914 0.6859604 2.735712 79.18073 122.4212 -29.10525
0.5610586 0.7814194 2.518915 88.95173 142.5815 -51.10525
0.8332754 1.043382 2.483515 62.11966 181.7189 -41.18922
0.731957 0.8507553 2.579462 51.2647 207.5739 -41.79227
0.7741933 0.7914291 2.602655 50.73798 227.1388 -47.12815
0.8298574 0.7775131 2.588251 54.1502 233.4288 -63.6625
0.9114004 0.7777573 2.573847 52.93646 238.7342 -69.23502
0.9790274 0.7247787 2.536493 52.0815 246.0243 -78.84571
1.048852 0.7169662 2.504511 48.94409 246.0243 -84.06709
1.109398 0.6720444 2.431757 48.23417 246.0243 -89.84571
1.142602 0.6310287 2.373407 49.02043 246.0243 -97.56326
1.187035 0.586351 2.281855 49.76852 246.0243 -106.9144
1.219262 0.5267807 2.18786 53.49371 246.0243 -115.1816
1.253441 0.4813706 2.057978 56.87539 246.0243 -124.7541
1.292748 0.457689 1.967157 60.37921 246.0243 -135.4564
1.365502 0.4557358 1.860712 61.57768 246.0243 -143.5404
1.412377 0.4464585 1.79748 63.98989 246.0243 -149.2579
1.474145 0.4347397 1.675653 65.18073 246.0243 -158.0824
1.511986 0.4176499 1.598749 66.16547 246.0243 -169.3724
1.54348 0.384935 1.489618 64.98226 246.0243 -179.7312
1.569115 0.3539292 1.418329 69.53951 246.0243 -196.3648
1.576195 0.343187 1.310419 73.30287 246.0243 -210.2961
1.629662 0.4020249 1.266962 75.54715 246.0243 -218.0213
1.741479 0.3903061 1.180292 85.79142 246.0243 -237.9068
1.799096 0.4989487 1.244501 77.34104 246.0243 -206.7312
1.658959 0.3019272 0.845087 35.61585 246.0243 -227.403
1.801781 0.2142807 0.709833 36.62348 246.0243 -248.5709
1.998559 0.2235581 0.5565127 21.96699 246.0243 -248.5709
1.882104 -0.07551417 0.2781924 8.203633 246.0243 -248.5709
1.785424 -0.03791651 0.4219913 -6.170413 246.0243 -248.5709
1.706811 -0.1726821 0.3133487 -18.30018 246.0243 -248.5709
1.638207 -0.3355239 0.1773623 -32.93377 246.0243 -248.5709
1.414574 -0.4424575 0.1529483 -45.09407 246.0243 -234.2885
1.48684 -0.4927505 -0.02380955 -57.17804 246.0243 -218.2656
1.506859 -0.7898697 -0.06165135 -60.53682 246.0243 -225.6702
1.459252 -0.8191666 -0.06165135 -66.41469 246.0243 -222.3724
-0.1767344 -0.07624659 1.525995 -41.31545 -21.47191 45.30696
-0.103248 0.2819077 1.839472 -13.22385 89.48228 -5.05945
-0.1486582 0.4410874 1.975702 -8.254382 79.19221 -10.548
0.006126955 0.4723374 2.002558 -3.865069 72.58916 -6.830443
0.07595117 0.4862534 2.007196 -4.956672 84.32198 -17.22739
0.1301504 0.5057846 2.020624 -4.681863 89.56625 -22.93731
0.1643301 0.5489975 2.074335 -8.804 100.093 -30.49457
0.1989981 0.5524155 2.122187 -9.29255 108.4441 -37.34189
0.2143789 0.5919662 2.143915 -12.11698 115.2609 -42.90678
0.264916 0.5702377 2.153925 -14.30782 124.3907 -52.08998
0.2968984 0.5592514 2.170038 -13.60553 130.3602 -60.48693
0.3374258 0.5253159 2.194452 -15.42995 139.2838 -68.29609
0.3982168 0.5148178 2.267939 -17.65133 146.6197 -72.51746
0.4521719 0.4357163 2.266718 -23.76583 152.9479 -68.7999
0.5083242 0.3715073 2.280146 -24.07117 160.5052 -61.07471
0.6635976 0.3026597 2.319452 -31.25438 177.6197 -54.19685
0.9739004 -0.02912745 2.35998 -25.55209 204.5434 -99.43349
0.728539 -0.03620753 2.376581 -12.36125 219.4747 -83.95258
0.8379141 0.06364599 2.540888 -17.49102 233.9403 -94.83807
0.8559805 -0.1321548 2.494501 -18.94904 246.0243 -86.14342
0.8972403 -0.2573989 2.547235 -26.24675 246.0243 -82.00601
0.9582754 -0.3123306 2.537714 -29.63606 246.0243 -68.7999
0.9980703 -0.4348892 2.57873 -32.10171 246.0243 -61.74647
1.022973 -0.458815 2.594355 -32.79636 246.0243 -53.45639
1.13308 -0.5430435 2.470575 -23.38415 246.0243 -44.92204
1.191186 -0.5025162 2.328485 -10.46049 246.0243 -43.97548
1.235375 -0.4336685 2.196161 -0.1398779 246.0243 -44.90678
1.201928 -0.386061 2.114862 9.539512 246.0243 -44.83044
1.241723 -0.3316177 1.994989 19.27234 246.0243 -46.96021
1.283959 -0.330397 1.830439 24.66928 246.0243 -46.55563
1.319115 -0.2503189 1.678827 36.00516 246.0243 -47.85334
1.298852 -0.2752212 1.552118 50.34867 246.0243 -47.89151
1.379418 -0.2307876 1.350946 66.95936 246.0243 -50.28846
1.266869 -0.1831802 1.309687 96.14256 246.0243 -62.15105
1.245385 -0.113356 1.094599 128.4174 246.0243 -85.67777
1.139672 -0.1746353 0.9044131 153.2952 246.0243 -109.1511
0.8755117 -0.2769302 0.322626 164.0891 246.0243 -160.0518
0.7065664 -0.1538833 0.2811221 156.4479 246.0243 -159.6472
0.8647696 -0.1853775 -0.01941502 180.3105 246.0243 -134.4488
0.9590078 -0.1062759 -0.06165135 188.7074 246.0243 -138.4182
1.00808 0.2592026 -0.06165135 155.4479 246.0243 -147.3801
0.8039785 0.1595932 -0.06165135 145.1349 246.0243 -129.2503
0.8144766 0.09806982 -0.06165135 123.0281 246.0243 -119.9297
0.9038321 0.01017919 -0.06165135 111.1655 246.0243 -119.9449
0.9221426 0.02629247 0.07091701 102.4708 246.0243 -115.8533
1.027611 0.0372788 0.2278994 94.22653 246.0243 -118.7236
1.027123 0.06804052 0.3533877 86.16547 246.0243 -118.9449
1.077416 0.09465185 0.4266299 77.24181 246.0243 -120.4335
1.081322 0.1085679 0.4486026 70.73035 246.0243 -123.174
1.132104 0.1381089 0.4483584 62.66165 246.0243 -125.4793
1.107934 0.1503159 0.4224795 52.43264 246.0243 -125.8457
1.100365 0.1388413 0.3250674 39.86776 246.0243 -126.5404
1.056664 0.1007554 0.2454776 26.79142 246.0243 -126.8228
0.9885489 0.02336278 0.1439151 16.18837 246.0243 -127.7236
0.9018789 -0.05305323 0.02648342 8.944092 246.0243 -127.3724
