1.384789 0.2225815 2.785517 -23.33835 246.0243 -35.40296
1.499291 0.1241929 2.784296 -21.05591 246.0243 -40.92968
1.541527 0.1683823 2.83703 -23.81163 246.0243 -33.10525
1.617211 0.1344468 2.564569 -23.45285 246.0243 -36.5938
1.349877 -0.06574854 2.57995 -16.56736 246.0243 -37.15105
1.633568 -0.01569971 2.272821 0.2952366 246.0243 -41.44876
1.758324 0.2740952 2.034784 -31.74293 246.0243 -30.53273
1.808617 0.30681 1.87414 -48.68186 246.0243 -26.72357
1.78933 0.2335679 1.694696 -57.79636 246.0243 -26.46403
1.775658 0.1595932 1.515253 -40.65896 246.0243 -30.70067
1.756127 0.1605698 1.419062 -21.12461 246.0243 -37.41823
1.846459 0.1437241 1.213739 6.333405 246.0243 -46.4793
1.701684 0.1862046 1.08288 9.524244 246.0243 -49.79227
1.554711 0.3527085 1.008905 4.432641 246.0243 -55.41823
1.481469 0.348314 0.8404483 11.3105 246.0243 -63.78464
1.462914 0.4752671 0.7816104 28.13493 246.0243 -81.02128
1.582787 0.6197983 0.6199893 16.69218 246.0243 -87.56326
1.622582 0.6415268 0.3914737 5.814321 246.0243 -85.76937
1.608178 0.8158432 0.009637713 -3.865069 246.0243 -64.20449
1.501488 0.824144 -0.06165135 -10.64369 246.0243 -70.63197
1.371361 0.7728745 0.00426662 -5.666595 246.0243 -77.27319
1.294701 0.8343979 -0.06165135 5.699817 246.0243 -97.23502
1.345482 0.8612534 -0.06165135 2.524244 246.0243 -106.5633
1.268334 0.8199936 -0.06165135 1.249435 246.0243 -114.4411
1.120873 0.6417709 -0.06165135 12.71508 246.0243 -126.7007
1.053002 0.5992905 -0.06165135 19.07386 246.0243 -134.7847
1.067895 0.5936752 -0.06165135 17.80669 246.0243 -144.2427
0.9729239 0.4823472 -0.06165135 27.24944 246.0243 -155.548
1.048363 0.3226792 -0.06165135 34.05096 246.0243 -170.5175
0.9111563 -0.1631607 -0.06165135 25.40974 246.0243 -158.3953
0.8413321 -0.2173599 -0.06165135 21.63111 246.0243 -135.693
0.9751211 -0.120436 -0.06165135 23.34104 246.0243 -172.4259
0.7275625 -0.2237075 -0.06165135 20.01279 246.0243 -143.8075
1.024926 -0.4129165 -0.06165135 0.2494351 246.0243 -143.7083
0.6238027 -0.2473892 -0.06165135 -22.00247 246.0243 -143.7388
0.5686269 -0.3523696 -0.06165135 -56.48339 246.0243 -108.7694
0.5735097 -0.5667252 -0.06165135 -91.65896 246.0243 -129.4793
0.4980703 -0.7454361 -0.06165135 -82.98721 246.0243 -97.79227
0.2832265 -0.8892349 -0.06165135 -58.65896 240.7724 -69.95258
0.03395899 -0.9302505 -0.06165135 -43.86507 200.9785 -58.89151
0.001244143 -0.7842545 -0.06165135 -43.72003 182.864 -56.85334
-0.1156992 -0.8089127 -0.06165135 -49.45285 153.1235 -44.81517
-0.1720957 -0.8767838 -0.06165135 -51.20858 124.3449 -35.92968
-0.1872324 -0.8994888 -0.06165135 -52.42995 97.63496 -26.77701
-0.1327891 -0.9417252 -0.06165135 -51.53682 72.59679 -18.72357
-0.04318945 -0.9339127 -0.06165135 -50.8727 51.43649 -10.56327
0.2466055 -0.3374771 2.093866 27.35631 70.14641 51.39857
0.5268789 0.1200425 1.921259 121.509 150.9098 6.787878
0.4643789 1.256029 2.192255 34.77615 147.4288 103.8795
0.3371816 0.5699936 2.144159 22.79906 153.8029 70.83368
0.4043203 0.7716537 2.250116 14.55478 174.864 30.32223
0.6098867 0.58806 2.254999 30.15783 160.6273 25.09322
0.6718984 0.7245346 2.220575 27.27997 165.9479 11.08559
0.6814199 0.6356674 2.208612 33.95936 170.9937 -2.257924
0.8440176 0.794603 2.219599 23.60058 184.5586 -6.387694
0.9155508 0.8319565 2.188105 -1.50629 198.6273 -8.395329
0.8606192 0.7760483 2.258173 -10.6895 204.864 -16.34189
0.9831778 0.6652084 2.284052 -20.76583 227.9861 -23.6625
1.022729 0.5900131 2.37414 -30.804 235.2075 -22.21976
1.087914 0.4764878 2.421015 -41.81163 245.696 -21.05182
1.195092 0.4218003 2.420038 -55.8498 246.0243 -16.93731
1.318139 0.3634507 2.416132 -66.72003 246.0243 -14.77701
1.381371 0.2904526 2.419306 -72.72003 246.0243 -13.50983
1.454857 0.15056 2.418329 -74.7811 246.0243 -13.08235
1.448998 0.07145849 2.410273 -75.04827 246.0243 -7.021283
1.477807 0.05265966 2.369013 -71.9185 246.0243 -2.089985
1.49392 0.08122412 2.240839 -61.27728 246.0243 -2.95258
1.500756 0.2003647 2.133417 -56.92614 246.0243 -2.73884
1.535668 0.1945054 2.105341 -49.45285 246.0243 -4.46403
1.585961 0.2550522 2.085321 -40.48339 246.0243 -7.685404
1.648705 0.2457749 2.019648 -26.804 246.0243 -13.00602
1.865746 0.3287827 2.045527 -20.7353 246.0243 -16.30373
1.846459 0.2738511 2.009882 0.4097404 246.0243 -23.77701
1.747338 0.2579819 1.568231 11.99753 246.0243 -28.82281
1.76101 0.3688218 1.498651 32.53188 246.0243 -40.96021
1.845482 0.4501206 1.271112 46.93646 246.0243 -54.08998
1.720971 0.4076401 1.187128 60.53188 246.0243 -73.03654
1.67434 0.3253647 0.9808291 84.52425 246.0243 -104.7236
1.739037 0.4115464 0.7969913 97.64639 246.0243 -126.7159
1.903832 0.4174057 0.4620303 105.9365 246.0243 -146.235
1.815941 0.2875229 0.3946475 123.8449 246.0243 -130.7159
1.639916 0.3195054 0.1885928 107.9594 246.0243 -134.4564
1.432641 0.3405015 0.1114444 116.8067 246.0243 -152.4259
1.294457 0.1805893 0.1241397 114.0739 246.0243 -152.5022
1.379418 0.1749741 -0.06165135 103.0433 246.0243 -166.1969
1.575951 0.1080796 -0.06165135 92.75325 246.0243 -167.3343
1.379174 0.0907456 -0.06165135 80.15783 246.0243 -163.3724
1.364037 -0.06623682 -0.06165135 73.11967 246.0243 -162.0671
1.350365 -0.207106 -0.06165135 61.15783 246.0243 -157.7236
1.216332 -0.3135513 -0.06165135 46.06623 246.0243 -150.2961
1.179711 -0.3697036 -0.06165135 35.79905 246.0243 -146.3724
1.203393 -0.4182876 -0.06165135 27.14256 246.0243 -140.8304
1.220482 -0.5144791 -0.06165135 15.73035 246.0243 -137.8457
1.14309 -0.5432877 -0.06165135 1.363939 246.0243 -109.0442
0.9385 -0.6455826 -0.06165135 -20.34598 246.0243 -89.74648
0.928002 -1.00276 -0.06165135 -25.52156 246.0243 -83.5709
0.9133535 -1.023024 -0.06165135 -25.33835 246.0243 -114.5251
0.7243886 -0.9966568 -0.06165135 -23.30018 246.0243 -98.47929
0.8171621 -0.9446548 -0.06165135 -38.70476 246.0243 -92.37243
0.7986074 -1.052565 -0.06165135 -43.52156 246.0243 -65.47166
0.3969961 -1.384108 -0.06165135 -51.78873 246.0243 -59.48693
0.2275625 -1.435866 -0.06165135 -23.46812 246.0243 -27.40296
0.1638418 -1.324782 -0.06165135 -17.17041 246.0243 -23.6625
0.06935937 -1.053053 -0.06165135 -25.59789 213.0777 -6.471664
-0.1044688 -1.182692 -0.06165135 -37.07117 178.2533 -8.380061
-0.1752695 -1.391188 -0.06165135 -33.50629 153.1388 -5.364794
-0.2289805 -1.296461 -0.06165135 -6.407054 117.1464 13.4978
-0.2182383 -1.151686 -0.06165135 -1.216214 84.16167 25.34513
-0.3500742 -0.8860611 -0.06165135 -7.987206 38.74183 41.55887
-0.1056895 -0.6607193 -0.06165135 -3.964305 14.8258 42.19246
0.02394922 -0.4507583 -0.06165135 -10.49102 -9.922291 45.61231
0.2558828 -0.3728775 -0.06165135 -8.8269 -26.51008 41.25353
0.4399648 -0.41194 -0.06165135 9.57768 -43.44137 52.10086
0.5796133 -0.2073501 -0.06165135 13.29524 -48.77725 31.48253
0.6592031 -0.1087173 -0.06165135 19.50898 -64.15894 40.01689
0.8691641 0.1034409 -0.06165135 24.08913 -72.80016 49.57414
0.7888418 0.3409897 0.0294131 -1.139878 -86.53298 36.06269
0.8237539 0.2455307 0.197626 -14.97957 -96.3345 52.03215
1.003686 0.2931382 0.2742862 -16.39942 -94.47191 30.60467
1.095482 0.4327866 0.4835147 -12.78873 -95.64748 24.4749
1.136498 0.3976304 0.6138858 -7.559726 -95.83069 21.03979
1.348168 0.6881577 0.6932315 -3.071176 -93.31924 2.535969
1.292504 0.973558 0.9610538 -24.99484 -107.0979 26.20009
1.304955 0.6725327 1.046015 -77.71239 -114.7315 39.87185
1.33352 0.5026108 1.081659 -62.67422 -101.7696 14.29169
1.280541 0.4828354 1.211298 -55.74293 -97.51772 5.032153
1.397973 0.5353256 1.308466 -64.27728 -91.72382 -5.624336
1.507348 0.4801499 1.248163 -71.29255 -77.34978 -11.91441
1.45266 0.126146 1.305048 -66.81163 -41.75435 -15.83044
1.294457 0.1993882 1.286005 -79.10934 -69.02153 27.68101
1.252709 -0.4444107 1.03454 -86.24675 -60.76962 16.23826
1.200463 -0.7703384 0.9056338 -75.36888 -46.83832 -1.639603
1.171166 -0.8301529 0.8492373 -73.49866 -56.31924 -6.120519
1.123803 -0.7884048 0.7642764 -87.94141 -55.80015 15.12376
0.987084 -1.044752 0.5565127 -98.98721 -59.18946 30.42146
0.8989492 -1.256178 0.3992862 -97.21621 -61.75435 41.55887
1.16433 0.1154038 0.6885928 -11.97957 -27.30397 54.84132
1.264672 0.3351304 1.119257 -30.65896 -22.92229 28.32986
1.246361 0.2567612 1.115351 -32.59789 -20.38031 25.70391
1.247338 0.1786362 1.092157 -32.17041 -17.80779 21.55124
1.227807 0.08708349 1.018427 -32.7811 -15.75435 19.11612
1.177514 0.0126206 0.9783877 -32.31545 -16.41084 17.90238
1.102074 -0.1165298 0.9168643 -33.01011 -19.09786 24.52834
1.05227 -0.3340591 0.8160342 -40.17041 -23.02916 30.27643
1.02932 -0.486647 0.7015323 -32.8727 -21.20473 23.57414
0.9685293 -0.4585708 0.697626 -31.31545 -25.99099 24.91002
0.9621817 -0.510817 0.6358584 -36.26965 -30.59405 33.53597
0.9316641 -0.6455826 0.5928897 -32.17041 -34.99099 36.4749
0.8762442 -0.6992935 0.5367373 -31.33835 -41.83832 39.91765
0.8640371 -0.7530045 0.511835 -33.01774 -46.73145 46.25353
