0.8401114 0.9833237 0.9796084 128.3716 -204.9986 211.3909
0.8362051 0.9611069 0.9654483 73.74562 -219.0292 214.7802
0.862084 0.8837143 1.002069 70.09676 -212.8918 207.9787
0.8462149 0.9354721 1.026239 64.28761 -212.136 201.597
0.8120352 1.006761 1.09289 52.30287 -211.4872 198.0016
0.7971426 1.003832 1.169306 44.24944 -209.4108 196.0627
0.7629629 1.021165 1.25036 37.2189 -205.4795 193.8566
0.7724844 1.01848 1.276728 30.2189 -201.1971 188.7192
0.8369375 1.10515 1.33581 28.86776 -180.8689 175.0245
0.7246328 1.189134 1.515741 12.83722 -178.2429 167.2383
0.7097402 1.029466 1.481317 5.104397 -180.4414 161.9329
0.6841054 1.2343 1.562128 -4.483389 -165.6704 152.4138
0.6167226 1.110033 1.621454 -13.31545 -164.6551 143.6428
0.5632558 1.077562 1.63122 -17.94904 -157.0215 135.1314
0.5664297 1.064134 1.700067 -25.50629 -155.762 129.6886
0.5088125 1.195482 1.808466 -54.11698 -144.0368 120.5207
0.5276113 0.9679428 1.834101 -51.29255 -145.1895 116.0627
0.4953847 0.9628159 1.868036 -48.75056 -130.0521 104.0932
0.4709707 0.9330307 1.878534 -50.14751 -123.0597 97.70391
0.4458242 0.884935 1.911981 -50.13224 -113.2582 89.50544
0.4082265 0.8353745 1.934198 -48.07117 -104.7773 81.87949
0.3589101 0.7889877 1.916132 -45.86507 -93.60931 74.71154
0.3022695 0.761644 1.848505 -45.06354 -85.20473 68.52071
0.2573476 0.7487045 1.790888 -44.46812 -77.76199 62.03979
0.2136465 0.7313705 1.740595 -43.21621 -72.60931 55.29169
0.1750723 0.6959702 1.68371 -41.59789 -66.22 48.81841
0.1179434 0.6671616 1.676874 -43.84217 -60.50244 45.30696
0.08913477 0.6119858 1.624384 -43.47575 -53.89175 41.29169
-0.006324217 0.5841537 1.572626 -40.37652 -52.34977 36.69628
0.9702383 -0.1033462 -0.06165135 -60.48339 246.0243 -86.79227
0.9507071 -0.7700943 -0.06165135 -36.78873 -184.2276 187.6505
0.9909903 -0.6929459 -0.06165135 -32.61316 -188.8765 187.5589
1.001 -0.6587662 -0.06165135 -29.00247 -195.4337 191.3528
1.001977 -0.6157974 -0.00354588 -23.83453 -201.1666 193.2612
1.019311 -0.5735611 0.03673732 -17.78873 -207.0215 192.9863
1.0364 -0.5164322 0.1009463 -13.20095 -211.0521 195.8642
1.020287 -0.5137466 0.1260928 -8.269649 -217.1742 199.8337
1.03225 -0.5130142 0.1519717 -2.407053 -221.2276 198.5589
1.028344 -0.4876235 0.169794 1.40974 -224.6398 201.6199
1.028588 -0.4842056 0.1578311 4.592947 -227.8078 203.3833
1.025414 -0.4514907 0.1326846 7.119664 -234.1818 208.2841
1.031762 -0.5069107 0.07995021 11.75325 -235.6475 210.2306
1.017602 -0.3936294 0.1114444 14.73035 -243.4337 211.7802
0.9782949 -0.3987564 0.09191311 18.96699 -247.4032 209.0016
0.9846426 -0.3440689 0.05993068 24.38684 -252.9147 213.4978
0.9824453 -0.2676528 0.04625881 29.2189 -254.2429 211.91
0.9511953 -0.2481216 0.02794826 31.96699 -254.2429 210.8566
0.9150625 -0.2051528 -0.01306736 34.66928 -254.2429 211.4673
0.8896719 -0.174147 -0.06165135 37.71508 -254.2429 210.4291
0.8564688 -0.1817153 -0.06165135 39.87539 -254.2429 210.4062
0.8281485 -0.1836685 -0.06165135 42.05096 -254.2429 210.7344
0.768334 -0.2068618 -0.06165135 45.57768 -254.2429 208.0398
0.7656484 -0.1875747 -0.06165135 46.27997 -254.2429 207.452
0.7265859 -0.1905044 -0.06165135 47.66928 -254.2429 208.3604
0.6831289 -0.2046646 -0.06165135 48.78379 -254.2429 208.8718
0.6325918 -0.2007583 -0.06165135 46.34104 -254.2429 211.0932
0.5989004 -0.2403091 -0.06165135 44.63875 -254.2429 212.9787
0.5473867 -0.2537368 -0.06165135 40.94409 -254.2429 212.1543
0.530541 -0.2508071 -0.06165135 30.72272 -254.2429 209.826
0.6267324 -0.2776626 -0.06165135 18.66165 -254.2429 199.4062
0.7226797 -0.191481 -0.06165135 -0.712397 -254.2429 217.4749
0.820336 -0.2884048 -0.06165135 -16.29255 -254.2429 233.2688
0.9507071 -0.3445571 -0.06165135 -33.18568 -254.2429 239.3222
1.145531 -0.4163345 -0.06165135 -43.35362 -254.2429 245.6352
1.344994 -0.3728775 -0.06165135 -52.64369 -254.2429 250.3757
1.538354 -0.3484634 -0.06165135 -58.42232 -254.2429 251.6963
1.818139 -0.2993911 -0.06165135 -63.39178 -254.2429 251.6963
2.010277 -0.2788833 -0.06165135 -65.62843 -254.2429 251.6963
2.064904 -0.2466568 -0.06165135 -66.81927 -254.2429 248.1085
2.064904 -0.09333643 0.00817287 -71.6666 -254.2429 246.5512
2.064904 -0.1934341 0.1280459 -62.6208 -254.2429 231.5894
2.064904 0.000901848 0.7320498 -67.8269 -254.2429 229.2306
2.064904 -0.1529068 0.6529483 -51.91087 -254.2429 222.6199
2.064904 0.01457372 0.8250674 -52.36125 -254.2429 209.4673
2.064904 -0.04499659 1.514521 -39.62079 -254.2429 210.9558
2.064904 0.05436864 1.696649 -25.90324 -254.2429 217.3833
2.064904 0.3202378 2.22497 -60.22385 -254.2429 223.5512
2.064904 0.06437841 2.381708 -45.19331 -254.2429 223.4291
2.064904 -0.1529068 2.427118 -32.53682 -254.2429 198.8795
2.064904 -0.3191665 2.629511 3.760886 -254.2429 156.2612
2.064904 -0.1248306 2.73498 59.00516 -254.2429 157.3375
2.064904 0.3851792 2.849482 100.9975 -254.2429 146.5283
1.747094 0.8243881 3.078485 34.57005 -254.2429 138.2306
1.782738 0.7836166 3.258661 -2.345985 -254.2429 116.139
1.838158 0.6078354 3.206415 -35.42232 -254.2429 107.4978
1.435814 0.5809799 3.846552 -121.9643 -241.4566 107.0093
1.469018 0.3697983 3.556757 -92.75056 -236.1971 88.29169
1.149193 0.3290268 3.693232 -73.09408 -254.2429 101.139
1.161645 0.09684912 3.509882 -17.88797 -254.2429 100.4291
0.9800039 0.2064682 3.511591 29.44791 -238.9986 99.28407
0.9197012 0.2396714 3.444941 54.22654 -212.0063 96.3604
0.7717519 0.2809311 3.376825 89.38684 -199.3498 93.4291
0.6457754 0.4398667 3.214228 121.6464 -193.2811 88.4978
0.5903554 0.5770737 3.020136 131.9975 -186.3116 82.62757
0.5088125 0.647142 2.945917 133.6235 -161.0292 75.75735
0.4370351 0.6603256 2.887568 134.2876 -142.304 70.91002
0.3554922 0.6742416 2.839472 132.7761 -129.1513 67.6123
0.2895742 0.6803452 2.75915 132.6006 -116.3803 64.84132
0.2126699 0.7076889 2.708124 133.2265 -107.304 61.2688
0.1909414 0.7277084 2.67663 133.0739 -102.0521 58.76498
0.138207 0.7430893 2.603632 128.8067 -90.51772 55.64284
0.07570703 0.7914291 2.554316 124.883 -86.82306 53.20773
0.03127344 0.8199936 2.498896 113.3868 -80.55588 51.76498
0.01442774 0.7845932 2.481806 115.4555 -64.85359 48.23826
-0.05393164 0.811937 2.48205 119.9746 -56.70855 46.61231
-0.1169199 0.8099838 2.494745 117.822 -64.70855 44.66574
-0.1115488 0.8009506 2.431513 121.6769 -68.38031 42.03215
-0.09665625 0.8424545 2.408564 122.9212 -69.80779 38.41383
-0.1530527 0.7794662 2.476435 123.9212 -71.93756 38.4978
-0.1144785 0.8868881 2.368769 124.4632 -60.57114 36.18483
-0.1393809 0.8680893 2.362665 117.8372 -46.60931 33.28406
-0.05515234 0.9562241 2.349237 105.0204 -43.77725 29.95582
-0.1352305 0.9569565 2.42663 95.11203 -41.79252 33.94055
-0.1064219 1.04973 2.42248 78.0815 -26.02916 23.05505
-0.06833594 1.136644 2.388788 58.79905 -15.57115 16.51307
-0.02878515 1.097337 2.365351 29.02806 -5.41084 9.635206
-0.01950781 1.038988 2.404902 5.867755 13.03191 2.429099
-0.0602793 0.9547592 2.501337 -3.353619 26.70366 -3.76174
-0.4714121 0.2428452 1.451532 -15.30782 28.9174 -14.73121
-0.5400156 0.1801011 1.266474 0.2952366 43.29145 -31.09762
-0.533668 0.1517807 1.269892 -0.002473235 44.01664 -31.69304
-0.5531992 0.1263901 1.247675 -0.8269009 45.40596 -31.38006
-0.5500254 0.09831396 1.246698 -1.223847 46.78 -30.00602
-0.5934824 0.07145849 1.217401 -2.094076 47.22275 -28.72357
-0.6073985 0.05656591 1.191767 -2.636061 45.65786 -26.99075
-0.6088633 0.03679052 1.183466 -2.483389 45.26855 -25.70831
-0.6125254 0.0228745 1.174433 -2.239114 44.92504 -23.68541
-0.611793 0.02238622 1.172724 -0.750565 44.67313 -22.83808
-0.6137461 0.02629247 1.164423 0.6387481 44.53572 -21.97548
-0.6154551 0.02140966 1.156366 1.98226 44.23038 -20.86098
-0.6213145 0.03117528 1.148065 2.722718 44.25328 -19.62434
-0.6210703 0.04264989 1.126093 3.806687 44.32962 -18.08998
-0.6122813 0.05656591 1.124872 4.905924 44.55863 -17.41059
-0.5561289 0.03386083 1.088495 7.516611 44.28382 -16.08235
-0.6034922 0.01115575 1.161981 9.913557 42.86397 -15.69304
-0.5844492 0.06657568 1.153925 14.72272 46.13115 -15.42586
-0.6037364 0.09953466 1.153437 14.20363 44.90977 -14.08998
-0.6093516 0.09294287 1.143915 18.71508 46.14641 -15.21976
-0.6105723 0.1002671 1.155146 20.95936 45.98611 -14.51747
-0.5888438 0.1073472 1.163202 24.87539 46.55863 -15.70831
-0.5724864 0.1339585 1.156122 27.31814 47.48993 -15.70067
-0.5500254 0.1393296 1.147577 30.82195 47.8945 -17.05182
-0.5390391 0.1385972 1.146356 34.48608 48.58153 -18.73121
-0.5444102 0.1566636 1.143183 38.62348 48.52809 -21.09762
-0.5456309 0.1822983 1.133905 39.44791 49.45176 -22.12815
-0.5741953 0.2228257 1.085077 34.66928 49.9174 -21.67014
-0.5905528 0.2135483 1.072382 33.63875 49.28382 -23.08998
-0.6132578 0.2357651 1.030878 33.38684 47.22275 -25.20449
-0.6327891 0.169603 1.023554 38.24944 43.8716 -29.31136
-0.6318125 0.3065659 0.9378604 39.51661 37.83344 -29.11289
