0.1200713 0.6882661 1.215486 -7.675954 2.016 19.69195
0.1117705 0.6982759 1.210115 -7.569084 1.367145 19.63089
0.1198272 0.6946137 1.206209 -7.263741 2.115237 19.69959
0.1244658 0.7102387 1.198396 -8.072901 1.321343 19.79882
0.1125029 0.6889985 1.215242 -7.64542 2.31371 19.37898
0.1198272 0.7134126 1.204988 -7.675954 1.764091 19.49348
0.1215361 0.6953462 1.201814 -7.927863 2.046535 19.71486
0.1225127 0.6987641 1.203279 -8.164504 1.672488 19.66905
0.1156768 0.6907075 1.207918 -8.164504 1.771725 19.71486
0.1159209 0.6997407 1.192781 -8.294275 1.878595 19.92096
0.1166533 0.6948579 1.199861 -7.996565 2.016 19.56218
0.1147002 0.6880219 1.210603 -7.508016 1.855695 19.60035
0.1193389 0.6916841 1.198152 -7.866794 1.63432 19.68432
0.1112822 0.7021821 1.202303 -8.149237 1.664855 19.83699
0.1288604 0.700229 1.199861 -7.996565 1.786992 19.73012
0.116165 0.6938813 1.218416 -8.05 1.756458 19.75302
0.117874 0.6919282 1.193025 -8.15687 2.008367 19.72249
0.1183623 0.7004731 1.199861 -8.0271 1.481649 19.88279
0.12471 0.6941255 1.205721 -8.133969 1.840427 19.82936
0.123001 0.6924165 1.214998 -7.508016 2.115237 19.38661
0.1144561 0.6946137 1.208406 -7.042367 1.947298 19.49348
0.1291045 0.6997407 1.199861 -8.179771 1.893863 19.92859
0.1166533 0.6931489 1.200838 -7.851527 1.496916 19.72249
0.1200713 0.6975434 1.208894 -8.103436 1.985466 19.85989
0.117874 0.6990083 1.205232 -7.981298 2.046535 19.77592
0.1225127 0.7043794 1.202303 -8.057633 2.008367 19.57745
0.1171416 0.6963227 1.194734 -8.072901 1.710656 20.1347
0.1171416 0.6926606 1.200594 -8.416412 1.901496 19.79882
0.1203154 0.6970551 1.201082 -8.24084 1.710656 20.09653
0.1222686 0.6931489 1.212801 -8.317176 2.138137 19.75302
0.116165 0.6963227 1.202791 -7.729389 1.725924 19.92859
0.1183623 0.6965669 1.2045 -7.897328 1.687756 19.45531
0.1286162 0.6953462 1.207674 -7.94313 1.886229 19.71486
0.123001 0.7004731 1.211336 -8.15687 1.840427 19.92859
0.1198272 0.6965669 1.203035 -8.439313 1.886229 19.69195
0.1100615 0.696811 1.205721 -7.950764 1.435847 19.71486
0.1208037 0.7041352 1.201814 -7.820992 2.016 19.83699
0.1200713 0.6992524 1.203279 -8.43168 1.283175 20.1805
0.1171416 0.6958344 1.21158 -8.011832 1.817527 19.83699
0.1266631 0.6994966 1.20865 -8.248473 1.794626 19.78356
0.1181182 0.6972993 1.199861 -7.866794 2.336611 19.53928
0.1159209 0.696811 1.200594 -8.141603 1.382412 19.87516
0.1137236 0.6982759 1.205721 -8.080534 2.008367 19.71486
0.1227568 0.6948579 1.206941 -8.065268 1.794626 20.01257
0.1203154 0.7046235 1.205721 -7.958397 1.993099 19.70722
0.1188506 0.6958344 1.196932 -8.332443 1.878595 19.85226
0.1098174 0.6972993 1.204988 -8.294275 1.962565 19.82173
0.1244658 0.7053559 1.203279 -8.103436 1.840427 19.89806
0.1171416 0.7043794 1.207918 -7.798092 1.771725 19.60035
0.1264189 0.7009614 1.187898 -7.744657 1.710656 19.72249
0.1225127 0.6941255 1.201814 -8.042367 1.649588 19.85989
0.1217803 0.6990083 1.203768 -8.24084 1.771725 19.88279
0.1188506 0.6946137 1.204744 -8.477481 1.71829 19.85989
0.1200713 0.6963227 1.212312 -8.340076 2.229741 19.90569
0.1183623 0.6970551 1.202547 -8.523283 1.802259 19.96676
0.1171416 0.7021821 1.202059 -8.263741 1.848061 19.82936
0.1220244 0.7004731 1.203768 -8.591985 1.756458 20.1118
0.12471 0.6999848 1.207674 -8.385878 1.932031 19.82173
0.1171416 0.6931489 1.204988 -8.34771 2.046535 19.93623
0.1217803 0.7014497 1.202547 -8.416412 2.099969 19.90569
0.1220244 0.6965669 1.20157 -8.508016 1.863328 19.86753
0.1239775 0.6965669 1.213777 -7.820992 2.031267 19.90569
0.1115264 0.7043794 1.213777 -8.05 2.31371 19.78356
0.1137236 0.6938813 1.192781 -8.401145 2.252641 19.89043
0.1186064 0.696811 1.196687 -8.996565 1.703023 20.24157
0.1264189 0.6992524 1.201814 -8.614885 1.954931 19.94386
0.119583 0.6875337 1.213533 -7.279008 1.878595 19.72249
0.1129912 0.7007173 1.207674 -7.691222 1.962565 19.47821
0.1132354 0.6975434 1.202547 -8.355344 1.878595 19.66142
0.123001 0.6941255 1.210603 -8.149237 1.878595 19.95913
0.1217803 0.7021821 1.210115 -7.820992 1.52745 19.82936
0.1168975 0.6972993 1.206453 -7.408779 2.069435 19.59272
0.1168975 0.696811 1.202303 -8.187405 2.000733 19.80646
0.1288604 0.7007173 1.196443 -8.698855 1.741191 19.62325
0.1071318 0.6684907 1.258211 -7.988932 1.077069 19.96676
0.1049346 0.6897309 1.202791 -6.15687 3.878595 19.45531
0.1186064 0.7214692 1.138582 -10.9813 0.1152368 21.24157
0.1349639 0.6682466 1.252107 -9.385878 1.962565 19.98203
0.123001 0.7236665 1.237703 -6.462214 1.458748 19.32554
0.090042 0.7065766 1.187166 -6.179771 2.748825 19.1805
0.119583 0.681186 1.157381 -10.0729 1.176305 20.98966
0.1215361 0.6958344 1.22159 -10.17214 1.199206 20.39425
0.1359404 0.7056001 1.257723 -6.500382 2.077069 19.22631
0.105667 0.7085298 1.178133 -5.179771 2.779359 18.73012
0.1110381 0.6782563 1.150301 -9.362977 0.9091299 20.20341
0.1081084 0.6911958 1.213777 -10.26374 1.099969 20.75302
0.1393584 0.7185395 1.244295 -7.675954 2.382412 19.49348
0.1173857 0.6975434 1.209383 -5.691221 2.20684 18.9744
0.1061553 0.6789887 1.168123 -8.057633 1.649588 19.79882
0.1147002 0.6887544 1.184969 -9.668321 1.550351 20.31027
0.1259307 0.7114594 1.226961 -8.500381 1.451114 20.03547
0.1242217 0.6931489 1.222322 -6.43168 2.542717 19.23394
0.1254424 0.7058442 1.2045 -8.43168 1.855695 20.0431
0.1222686 0.6894868 1.21866 -7.691222 1.939664 19.64615
0.1205596 0.6841157 1.211336 -7.13397 1.90913 19.33318
0.1061553 0.6997407 1.194246 -7.828626 1.863328 19.82936
0.1200713 0.6970551 1.188875 -9.111069 1.397679 20.33318
0.1186064 0.6936372 1.224764 -8.83626 1.886229 19.90569
0.1305693 0.6965669 1.221102 -7.462214 1.970199 19.40951
0.1147002 0.7046235 1.202547 -7.294275 1.580885 19.66142
0.1147002 0.695102 1.191316 -7.851527 1.90913 19.83699
0.1159209 0.6911958 1.210115 -8.64542 1.489282 20.08127
0.1264189 0.6953462 1.226961 -7.584351 2.245008 19.60798
0.1220244 0.7038911 1.209383 -6.927863 2.069435 19.38661
0.1120147 0.6924165 1.183504 -7.790458 1.832794 19.50111
0.1220244 0.6872895 1.199617 -8.614885 1.710656 19.68432
0.1164092 0.696811 1.214266 -8.279008 1.680122 19.93623
0.1305693 0.696811 1.213045 -7.462214 2.115237 19.47821
0.109085 0.6958344 1.202547 -7.446947 2.12287 19.31791
0.1183623 0.6994966 1.201814 -8.439313 1.344244 20.02783
0.1251982 0.6982759 1.210115 -8.24084 1.710656 19.79882
0.1227568 0.6977876 1.210848 -7.279008 1.893863 19.50875
0.1107939 0.6892426 1.211336 -7.53855 1.71829 19.64615
0.119583 0.6919282 1.203768 -8.15687 2.023633 19.73775
0.117874 0.7014497 1.197908 -8.0271 1.435847 19.77592
0.1283721 0.6994966 1.20865 -7.523283 1.878595 19.48585
0.119583 0.7058442 1.201814 -7.584351 1.519817 19.60035
0.1210479 0.6987641 1.212557 -8.500381 1.840427 19.92096
0.1173857 0.6953462 1.209627 -8.019465 1.725924 19.67669
0.1217803 0.6990083 1.20865 -7.882061 1.573252 19.58508
0.1210479 0.701938 1.210603 -7.966031 1.725924 19.85226
0.1261748 0.6894868 1.209871 -7.714122 2.130504 19.76066
0.12471 0.6938813 1.208162 -7.897328 1.886229 19.76829
0.117874 0.6946137 1.206941 -7.874428 1.893863 19.61562
0.1139678 0.7048676 1.198885 -7.920229 1.802259 19.67669
0.1125029 0.6965669 1.198885 -7.782825 1.657221 19.80646
0.1261748 0.6936372 1.210359 -8.248473 1.741191 20.03547
0.1154326 0.6931489 1.202059 -8.072901 1.580885 19.68432
0.119583 0.696811 1.211824 -7.950764 1.664855 19.76066
0.1190947 0.6919282 1.202547 -7.813359 1.756458 19.82173
0.1225127 0.6972993 1.208406 -7.660687 1.649588 19.65379
0.1225127 0.7007173 1.200105 -8.05 1.802259 19.68432
0.1186064 0.6977876 1.200594 -7.569084 1.52745 19.64615
0.1244658 0.696811 1.201326 -7.813359 1.939664 19.60798
0.1205596 0.6977876 1.198885 -7.782825 1.741191 19.53165
0.1237334 0.7004731 1.204256 -7.759924 2.092336 19.62325
0.1171416 0.696811 1.200594 -7.866794 1.580885 19.68432
0.1147002 0.6907075 1.207918 -7.813359 1.817527 19.64615
0.1244658 0.6997407 1.199129 -8.095801 1.725924 19.66905
0.1159209 0.7007173 1.201814 -7.912596 2.016 19.71486
0.1147002 0.7009614 1.204012 -7.820992 1.817527 19.68432
0.1249541 0.695102 1.202059 -7.85916 1.741191 19.85226
0.12471 0.6953462 1.205965 -7.966031 1.848061 19.82173
0.1183623 0.6970551 1.213777 -8.0271 1.786992 19.79119
0.1210479 0.6992524 1.212801 -7.798092 1.916763 19.29501
0.1181182 0.6963227 1.210115 -8.118702 1.733557 19.98203
0.1125029 0.6963227 1.209383 -8.126336 2.176305 19.76066
0.1215361 0.6992524 1.199129 -8.508016 1.809893 19.82936
0.121292 0.6970551 1.208894 -7.882061 2.229741 19.79119
0.1205596 0.6970551 1.209627 -8.286641 1.863328 19.9973
