0.9829336 0.03312841 2.745722 48.40211 223.5892 -78.32662
1.017602 0.007493645 2.757441 41.60822 241.3754 -82.07471
1.054467 0.01725927 2.796503 42.04333 246.0243 -85.67014
1.081078 0.263353 2.706415 29.65402 244.1006 -82.44876
1.163109 0.0541245 2.517206 30.96699 246.0243 -86.24265
1.180443 0.07682958 2.38537 36.82196 246.0243 -87.6167
1.184106 0.1732651 2.311152 27.196 246.0243 -87.31136
1.239525 0.2333237 2.184931 15.2418 246.0243 -87.49456
1.241723 0.2396714 2.066523 6.554779 246.0243 -87.26556
1.259545 0.2638413 1.984247 -3.300183 246.0243 -88.29609
1.26101 0.2374741 1.912226 -8.223847 246.0243 -88.94495
1.237084 0.2291733 1.853144 -5.452855 246.0243 -92.42586
1.234398 0.2706772 1.759394 -3.139878 246.0243 -99.92968
1.30935 0.3248765 1.662958 -2.834535 246.0243 -105.2427
1.507836 0.3575913 1.618524 -13.01774 246.0243 -111.861
1.550072 0.2653061 1.413446 -12.7582 246.0243 -121.8762
1.512963 0.3043686 1.428583 -17.20094 246.0243 -128.3266
1.533471 0.3356186 1.350214 -16.21621 246.0243 -133.3801
1.597924 0.3158432 1.237421 -11.68186 246.0243 -146.9297
1.563256 0.4252182 1.251825 -8.055908 246.0243 -163.3724
1.502465 0.3375718 1.182489 -5.338351 246.0243 -185.5022
1.589867 0.4774643 1.09704 -8.445222 246.0243 -192.9755
1.659936 0.4432847 0.9078311 -11.38415 246.0243 -172.5785
1.713402 0.33098 0.7091006 0.5166107 246.0243 -186.5709
1.713158 0.388353 0.758417 -7.681863 246.0243 -191.3343
1.636498 0.3065659 0.7537784 0.5547786 246.0243 -190.0518
1.694359 0.1722886 0.5775088 7.104397 246.0243 -195.2121
1.741967 0.1356675 0.5264834 8.722717 246.0243 -204.4869
1.785912 0.1532456 0.5001163 0.5547786 246.0243 -203.3572
1.81765 0.05339208 0.4564151 3.928824 246.0243 -202.8381
1.791772 -0.0576919 0.4827823 3.30287 246.0243 -200.5022
1.852074 -0.2237075 0.4444522 1.814321 246.0243 -205.8763
1.946068 -0.2793716 0.4031924 -5.414687 246.0243 -216.9449
1.893578 -0.2312759 0.3812197 -5.033008 246.0243 -199.8686
1.849877 -0.3159927 0.2864932 -13.18568 246.0243 -196.319
1.80349 -0.4915298 0.1729678 -22.7582 246.0243 -198.4259
1.718773 -0.5867447 0.1846865 -22.01011 246.0243 -192.464
1.523705 -0.658522 0.05407131 -43.50629 246.0243 -179.4946
1.591576 -0.9319595 -0.06165135 -47.86507 246.0243 -177.1358
1.703881 -0.7512955 -0.06165135 -70.55972 246.0243 -184.1587
1.42141 -0.7620377 -0.06165135 -87.75819 246.0243 -161.9602
1.383813 -0.9148697 -0.06165135 -108.0864 246.0243 -149.7083
1.261986 -0.9199966 -0.06165135 -127.72 246.0243 -131.4106
1.053002 -0.9453873 -0.06165135 -147.7582 246.0243 -111.3343
1.402611 0.3038804 2.526239 61.27234 246.0243 -65.06709
1.533959 0.05143896 0.8375186 -4.781099 246.0243 -122.1052
1.741723 0.3607651 0.7012881 -2.391787 246.0243 -131.8915
1.800072 0.36223 0.4952334 6.508977 246.0243 -127.6396
1.781273 0.2863022 0.3467959 0.974626 246.0243 -99.5709
1.670678 0.2645737 0.2139834 12.16547 246.0243 -98.29609
1.606957 0.4000718 0.01989162 1.997527 246.0243 -99.7312
1.461205 0.2565171 0.006219745 8.440275 246.0243 -113.1663
1.402611 0.3541733 -0.0487119 14.0586 246.0243 -118.7999
1.430199 0.471605 -0.06165135 12.90592 246.0243 -133.9755
1.313988 0.3307358 -0.06165135 16.45554 246.0243 -140.4946
1.356957 0.1759507 -0.06165135 10.25707 246.0243 -140.403
1.348656 0.2103745 -0.06165135 10.75325 246.0243 -157.5098
1.338402 0.0883042 -0.06165135 6.386839 246.0243 -165.5785
1.291283 0.01213232 -0.06165135 -1.422321 246.0243 -164.9602
1.295434 -0.1045669 -0.06165135 -10.44522 246.0243 -164.7999
1.345238 -0.1316665 -0.06165135 -22.44522 246.0243 -156.403
1.349145 -0.2847427 -0.06165135 -31.51392 246.0243 -148.0976
1.179955 -0.4861587 -0.06165135 -45.59789 246.0243 -135.2274
1.208031 -0.6270279 -0.06165135 -50.49866 246.0243 -131.8075
1.074731 -0.601149 -0.06165135 -76.47575 246.0243 -141.3495
1.070092 -0.7073502 -0.06165135 -109.6895 246.0243 -119.2503
1.016625 -0.8452896 -0.06165135 -129.7887 246.0243 -115.6701
0.8454824 -0.8672623 -0.06165135 -143.6895 246.0243 -78.55563
0.6460195 -1.012282 -0.06165135 -159.4147 246.0243 -58.40296
0.6413808 -1.448317 -0.06165135 -138.5979 246.0243 -51.5022
0.3432851 -1.656325 -0.06165135 -105.659 246.0243 -48.15868
0.2566152 -1.388258 -0.06165135 -81.46812 246.0243 -32.80754
0.1782461 -1.430739 -0.06165135 -67.58263 223.2457 -23.54037
0.1518789 -1.501295 -0.06165135 -62.33835 198.2457 -9.92968
0.04763086 -1.435133 -0.06165135 -56.70476 167.3678 3.581771
0.04641016 -1.455885 -0.06165135 -49.7811 136.9556 13.84131
0.01760156 -1.387038 -0.06165135 -46.12461 108.9556 24.69627
0.02101953 -1.29695 -0.06165135 -41.63606 78.48228 38.34513
0.09133204 -1.177809 -0.06165135 -35.83453 55.03191 48.29933
0.2453848 -1.035719 -0.06165135 -30.7582 36.55099 55.62757
0.3879629 -0.9256119 -0.06165135 -23.63606 22.8258 61.29933
0.5576406 -0.7583755 -0.06165135 -19.07881 8.20748 64.4291
0.6137929 -0.6770767 -0.06165135 -11.34598 1.69603 64.91765
0.7365957 -0.5283951 -0.06165135 -1.29255 -4.907023 69.00925
0.8010489 -0.3543228 -0.02258885 4.638748 -5.357405 65.27643
0.8059317 -0.1389907 0.1253604 -1.223847 -19.2887 71.4978
0.9350821 -0.047438 0.2298526 -6.765832 -26.31924 73.32986
0.936791 0.07121435 0.324335 -14.59026 -34.89939 77.3146
0.9326406 0.08268896 0.418085 -23.45285 -41.72382 74.78024
0.9770742 0.1014878 0.4859561 -21.59789 -44.64748 73.4978
0.9604727 0.1915757 0.5753116 -17.55972 -47.83832 64.65047
0.9763418 0.2972886 0.6824893 -17.49102 -51.31924 57.55887
1.021508 0.2604233 0.7235049 -8.651328 -52.98336 49.00925
1.026635 0.3522202 0.8550967 -2.781099 -53.91466 40.36803
1.055443 0.3817612 0.9307803 1.501343 -55.79252 39.29169
1.046166 0.436937 1.064813 -5.765832 -47.21236 25.87185
1.048363 0.5062729 1.123163 -15.49866 -50.30397 30.83368
1.036156 0.4586655 1.163446 -33.90324 -47.87649 30.4749
1.045434 0.2731186 1.0758 -39.56736 -45.99099 28.43673
1.022973 0.1788804 1.039423 -38.29255 -42.97572 18.15429
0.9690176 0.05632177 1.041376 -38.94904 -43.28107 20.12375
0.9648672 -0.1192153 0.945917 -41.02537 -42.73145 22.87185
0.9074942 -0.2508071 0.867792 -36.7811 -42.14366 21.4291
0.8484121 -0.4187759 0.7181338 -38.84217 -45.86885 34.50544
0.8501211 -0.5762466 0.6431827 -35.8498 -46.76199 31.58941
0.7990957 -0.573317 0.5872745 -31.18568 -48.68565 33.4749
0.7768789 -0.564772 0.5057315 -33.13988 -54.80779 39.84132
0.7326894 -0.6258072 0.4434756 -28.23148 -60.3116 42.71154
0.6955801 -0.6507095 0.3797549 -25.31545 -66.2658 48.71918
0.6787344 -0.7107681 0.3099307 -21.8498 -72.31161 54.08559
0.6548086 -0.7461685 0.2332705 -17.27728 -77.96809 53.74971
0.6455312 -0.6712173 0.1888369 -23.64369 -85.05206 54.77261
0.6462636 -0.7613052 0.08556545 -28.81927 -96.84595 66.87185
0.6599355 -0.8379654 0.02477443 -30.19331 -104.907 69.3604
0.6743398 -0.8738541 -0.02356541 -27.68186 -113.2276 72.91002
0.681664 -0.882399 -0.04407322 -28.9185 -122.7391 79.26116
0.7153554 -0.8968033 -0.05066502 -32.85743 -132.0139 86.6123
0.7375722 -0.932692 -0.03259861 -34.13988 -139.6093 93.94055
0.7304922 -0.9365982 0.02745998 -34.28492 -147.6093 97.4978
0.7861562 -0.91194 0.04015529 -36.31545 -154.7543 104.0398
0.7385488 -0.9488052 0.05870998 -36.74293 -164.0368 110.452
0.8078848 -1.015211 0.2615908 -42.04064 -185.9376 129.597
0.891625 -0.9478287 0.2779483 -46.91087 -186.991 141.3298
0.896752 -1.033766 0.2737979 -49.7582 -196.4795 146.8337
0.9365469 -1.066969 0.336542 -52.04827 -198.6246 154.2077
0.9341055 -1.097487 0.3724307 -54.44522 -201.8841 164.9558
0.9270254 -1.128981 0.3909854 -55.9185 -203.3116 172.7802
0.9133535 -1.170485 0.3878115 -57.76583 -205.762 182.5589
0.9128653 -1.216139 0.3604678 -58.09407 -208.4948 191.7192
0.9126211 -1.208083 0.3084658 -58.51392 -210.2505 200.1848
0.8877188 -1.203688 0.2718447 -60.40705 -214.6933 209.368
0.8591543 -1.121168 0.2349795 -66.23911 -220.1208 217.8718
0.8564688 -1.185377 0.149042 -69.39942 -225.3574 229.0856
0.9768301 -0.07844386 0.4315127 -16.67423 -86.60931 55.4978
1.166039 0.1337143 1.052851 -11.20095 -86.63222 42.42147
1.118676 0.06144872 1.074335 -19.75056 -87.12077 44.3833
1.112084 -0.02546534 1.025019 -20.17041 -82.56351 40.74208
1.08352 -0.03571925 1.011103 -21.19331 -80.47191 38.39093
1.042016 -0.0955337 0.9522647 -26.62843 -81.48717 39.92529
1.002221 -0.2425064 0.8748721 -28.35362 -82.63985 40.86422
0.9590078 -0.4378189 0.7735538 -31.12461 -86.09786 52.58177
0.9831778 -0.5215591 0.7471866 -32.25438 -86.47191 51.5207
0.9272696 -0.5686783 0.7613467 -30.47575 -90.38031 54.54361
0.9238516 -0.6140884 0.7398623 -32.55209 -93.95283 61.3833
0.9199453 -0.6782974 0.747919 -28.69713 -98.31924 62.81841
0.9426504 -0.7425064 0.7398623 -23.64369 -102.2582 64.3604
0.9443594 -0.7879166 0.7437686 -18.23148 -104.8841 67.55124
0.9294668 -0.8809341 0.7518252 -10.63606 -109.594 71.29169
0.9543692 -0.9510025 0.7469424 -4.513924 -105.9223 75.00925
0.8855215 -1.01692 0.6988467 3.073863 -108.9605 81.61994
