0.6083526 0.7273286 1.690828 122.4844 13.34424 -4.178274
0.5419463 0.8613618 1.803133 113.9042 32.9702 -8.170641
0.5507354 0.8472016 1.751131 113.8737 38.90913 -11.66683
0.402542 0.493686 0.8307207 151.9042 31.31371 -15.82713
0.4027862 1.020786 1.147615 119.3317 25.29844 -10.91873
0.4149932 1.014926 1.286531 120.3393 32.02364 -17.07141
0.3793486 0.9534028 1.35782 106.3469 37.0618 -20.22408
0.419876 1.06937 1.279695 96.77443 36.68012 -22.30805
0.4376983 1.086704 1.308504 86.24008 34.71829 -23.08667
0.525833 0.9438813 1.52823 70.29351 37.42822 -20.68209
0.560501 0.9551118 1.433992 68.08741 41.05417 -23.42255
0.2631377 0.1521333 0.280916 128.3011 13.43585 -29.39965
0.4809112 1.087436 1.249422 40.73626 26.22211 -21.04087
0.4735869 0.9629243 1.251619 67.47672 38.02364 -28.9798
0.5722198 1.114292 1.202791 49.67519 22.39768 -21.17827
0.4418487 0.7949555 1.13492 47.41565 21.57325 -18.57522
0.4730987 0.9516938 1.082918 32.76679 15.98547 -17.39965
0.5026397 0.978061 1.146394 12.40802 11.8786 -9.972168
0.3219756 0.3139985 1.308992 10.0416 6.710657 -6.491251
0.4906768 0.9497407 1.201326 -22.44695 9.0389 -3.811863
0.5702666 1.22269 1.228182 -27.10344 12.62669 -7.369114
0.5163116 1.094272 1.353426 -25.17214 13.77172 -17.20881
0.3351592 0.5759614 1.367342 -0.08053446 20.70302 -31.82713
0.4218291 0.842563 1.130037 -3.187405 6.840428 -26.75843
0.3864287 0.7292817 1.272127 1.156106 5.496916 -28.8195
0.4101104 0.7529634 1.371492 -0.3248091 12.95493 -32.99507
0.35054 0.6118501 1.427889 3.163741 16.41295 -34.71262
0.3358916 0.6369966 1.349764 1.087405 13.83279 -33.9111
0.3205107 0.5442231 1.350008 2.583588 13.66485 -33.82713
0.3197783 0.4839204 1.319978 6.598855 14.09997 -33.40728
0.2667998 0.5054048 1.264314 10.21718 11.61142 -32.01034
0.2418975 0.509311 1.19742 15.27061 8.832794 -31.07904
0.241165 0.5307954 1.220125 19.8126 6.52745 -31.9798
0.3170928 0.8660005 1.225008 11.0645 6.12287 -31.23934
0.3703154 1.016147 1.247957 -0.1339698 8.115236 -29.46072
0.5255889 1.416049 1.906404 -68.65305 27.53508 -19.46072
0.510208 0.8718598 1.726473 -21.1874 34.70303 -27.56759
0.5231475 1.154331 1.50699 -31.9584 13.9473 -26.17827
0.6305694 0.4900239 1.012605 -5.248473 16.81753 77.0431
0.4811553 0.4492524 0.8209551 13.47672 -0.9916335 43.24157
0.5026397 0.4541352 0.8392656 15.48435 -3.167206 44.73012
0.5099639 0.5027192 0.8649004 12.85076 -4.411481 46.44768
0.5036162 0.5146821 0.8981035 11.77443 -6.182473 48.42478
0.5087432 0.5390962 0.9481524 11.88893 -5.648122 49.10417
0.5214385 0.5517915 0.9466875 13.17901 -5.327512 49.27211
0.5167998 0.6289399 0.9681719 15.02634 -5.434381 48.32554
0.5128936 0.6452973 0.9869707 12.36985 -5.625221 49.1805
0.5111846 0.6577485 0.9967363 7.858397 -4.067969 49.41714
0.5063018 0.6887544 1.000643 6.285878 -3.732091 49.10417
0.5055694 0.7112153 0.9991777 4.484351 -3.510717 49.066
0.5099639 0.7358735 1.000154 3.05687 -2.258809 47.9744
0.5216826 0.7532075 0.9928301 1.598855 -1.602321 46.58508
0.5209502 0.7666352 0.9671953 -2.34771 -1.28171 45.9973
0.5207061 0.7795747 0.9581621 -6.195038 -1.228275 45.08127
0.5233916 0.7849458 0.9586504 -8.683588 -1.136672 43.64615
0.5297393 0.7812837 0.9523027 -9.737023 -1.006901 41.63089
0.5370635 0.7812837 0.9549883 -9.553817 -1.274076 39.19577
0.5329131 0.7727387 0.9476641 -10.20267 -1.640489 37.0889
0.5336455 0.7566255 0.9632891 -11.39351 -1.457282 35.0431
0.5336455 0.7466157 0.966707 -12.01183 -1.525985 33.47058
0.525833 0.7256196 0.9686602 -12.1874 -1.411481 31.63089
0.5224151 0.6948579 0.984041 -11.88969 -1.365679 30.066
0.5214385 0.6772798 0.9984453 -11.25611 -1.426748 28.92096
0.5172881 0.655063 1.006502 -10.72176 -0.7549924 27.98966
0.5128936 0.6345551 1.016023 -10.58435 -0.6939237 27.43241
0.5067901 0.6133149 1.027254 -9.462214 0.03890085 27.56218
0.5143584 0.5984223 1.042146 -8.217939 1.573252 26.50111
0.5548858 0.6011079 1.012361 -6.996565 4.367145 26.70722
0.5456084 0.5229829 0.952791 -11.37824 4.199206 27.10417
0.5575713 0.5212739 0.9447344 -8.83626 2.664855 27.58508
0.5749053 0.481479 0.9569414 -5.889695 2.855695 27.98966
0.5646514 0.4751313 0.9386309 -1.630153 1.817527 27.89043
0.5702666 0.4809907 0.956209 3.980534 0.5274503 27.82936
0.5670928 0.4765962 0.9964922 7.072137 0.5045495 27.78356
0.5653838 0.4753755 1.015047 10.37748 1.550351 27.9286
0.550003 0.4863618 1.038973 15.32405 2.252641 27.71486
0.5094756 0.4929536 1.036531 18.31641 2.786993 26.48585
0.5011748 0.4863618 1.029207 26.45382 3.199206 25.41714
0.5229033 0.4419282 1.02115 32.00343 4.557985 25.11943
0.5321807 0.4643891 0.9899004 34.22481 4.657221 25.31027
0.5429229 0.5132173 0.9884356 39.48435 4.970199 25.27974
0.5285186 0.4482759 0.9938066 42.33931 4.481649 25.44005
0.5802764 0.4990571 0.952791 52.78206 4.855695 23.53928
0.5954131 0.5149262 0.9571856 49.41565 5.542717 25.36371
0.5983428 0.5420259 0.9444902 44.53015 5.703023 25.07363
0.5902862 0.5552094 0.9261797 45.96527 5.382412 25.12707
0.6129912 0.5451997 0.9325274 52.85076 4.008367 23.81409
0.590042 0.599643 0.9747637 48.8126 3.970199 23.9286
0.5866241 0.623813 0.9767168 44.27061 5.191573 23.05073
0.5749053 0.6338227 0.9928301 37.47672 4.863328 23.53928
0.5873565 0.6199067 1.001863 33.72099 6.703022 23.1805
0.5980987 0.6191743 1.007234 33.9729 7.237374 21.31791
0.6034698 0.6150239 1.005525 28.9729 8.512184 21.30264
0.6122588 0.6179536 1.015047 29.56832 9.054169 20.05073
0.6481475 0.6662934 1.017 27.12557 10.07707 19.18814
0.6703643 0.6157563 1.026277 23.79733 13.19921 19.34081
0.6916045 0.6609223 1.028963 21.38511 14.0847 18.36371
0.685501 0.648227 1.047762 15.31641 17.04653 19.14997
0.5851592 0.4648774 1.102449 16.04924 19.36714 17.58508
0.610794 0.5454438 1.088045 11.29351 22.46638 21.76066
0.6295928 0.5412934 1.062654 17.14084 25.68012 20.09653
0.6364287 0.6177094 1.050691 10.62176 25.48165 19.9973
0.6432647 0.5652192 1.090242 9.003435 29.17631 19.50875
0.6454619 0.5351899 1.100252 11.8584 32.79463 17.40188
0.6330108 0.5278657 1.071932 15.50725 34.77936 15.53165
0.619583 0.4812348 1.046053 27.85076 35.83279 12.98203
0.6291045 0.5071137 1.026277 35.20954 35.66486 10.0202
0.6186065 0.5271333 1.018953 41.39275 37.34425 8.508748
0.6176299 0.5002778 0.9964922 53.0187 38.23738 5.882794
0.6325225 0.5320161 0.9696367 59.08741 37.57325 3.814091
0.6393584 0.5571626 0.9584063 66.33168 39.31371 1.157602
0.628128 0.5530122 0.9571856 72.51488 38.86333 -0.6897259
0.609085 0.5796235 0.938875 76.47672 38.83279 -3.353848
0.5973662 0.6001313 0.9332598 78.40802 38.69539 -5.185909
0.6061553 0.5976899 0.9056719 83.70573 38.64959 -8.224077
0.6042022 0.6015962 0.9142168 85.49962 36.68012 -9.147741
0.5937041 0.6157563 0.921541 83.49962 37.60379 -10.91873
0.6449737 0.5742524 0.9161699 87.19427 37.14577 -13.62866
0.5553741 0.57352 1.012361 88.86604 41.08471 -18.68209
0.6427764 0.5957368 0.8414629 81.53779 36.1305 -15.62102
0.5985869 0.5615571 0.8854082 85.59885 38.016 -20.28515
0.5722198 0.5884126 0.9591387 73.93474 42.84806 -19.89583
0.5756377 0.5124848 0.9195879 83.24771 43.69539 -22.64392
0.5634307 0.5427583 0.8910234 70.20191 42.34425 -20.79659
0.5392608 0.4685395 0.9032305 66.59885 45.02364 -21.04087
0.56221 0.4888032 0.8978594 61.15611 46.05417 -20.08667
0.5260772 0.4453462 0.8888262 56.56068 47.81753 -18.39965
0.5158233 0.4477876 0.8436602 44.0645 47.60379 -14.48362
0.5185088 0.4299653 0.8194902 40.29351 46.9931 -12.49125
0.546585 0.4241059 0.8126543 35.56832 47.25264 -10.59049
0.5631866 0.4321626 0.8080156 39.56068 48.0618 -10.72026
0.7880401 0.1211274 0.7020586 3.27061 21.02363 -1.353848
0.7807158 0.1120942 0.6666582 0.8202291 14.0847 6.814092
0.7777862 0.1199067 0.6669023 1.316412 13.66485 6.905695
0.7748565 0.1196626 0.6671464 1.507252 13.42821 7.088901
0.7802276 0.1245454 0.6688554 2.033969 13.27554 6.753023
0.7882842 0.1264985 0.6700761 2.194274 12.54272 7.119435
0.7841338 0.1218599 0.6666582 2.339313 12.19921 7.035465
0.7873076 0.1223481 0.6625078 1.835496 11.9244 7.104168
0.7821807 0.1230806 0.6617754 1.858397 11.41295 7.134703
0.7887725 0.118686 0.6544511 1.46145 11.06944 7.066
0.7851104 0.1208833 0.6632402 1.110305 10.76409 6.913328
0.7873076 0.1150239 0.6634843 0.637023 10.18394 7.317908
0.7946319 0.1103853 0.6637285 0.3087783 9.680122 7.401877
0.798294 0.1108735 0.6607988 0.1637402 9.107603 7.493481
0.8024444 0.1089204 0.6774004 0.07977104 8.596153 7.814092
0.7980498 0.1037935 0.6710527 -0.02709961 8.313709 7.775924
0.7963408 0.09598095 0.67325 -0.4469466 8.107603 8.211039
0.7990264 0.09964306 0.6817949 -0.8744278 7.901496 8.600351
0.8004912 0.09842236 0.6788652 -1.416412 7.756458 8.760656
