0.9443594 -0.9915298 0.807001 64.27233 -254.2429 239.4978
0.9460684 -0.8977798 0.7286319 79.73035 -254.2429 243.5818
0.8906485 -0.7576431 0.5421084 88.45554 -254.2429 247.9253
0.8862539 -0.6824478 0.3870791 97.44791 -254.2429 251.6963
0.8701406 -0.5772232 0.2847842 108.6769 -254.2429 251.6963
0.8569571 -0.4470962 0.199335 114.6158 -254.2429 251.6963
0.84475 -0.3626235 0.1705264 120.7151 -254.2429 251.6963
0.8762442 -0.2371353 0.1402529 127.0128 -254.2429 251.6963
0.9160391 -0.1260513 0.1402529 131.2342 -254.2429 251.6963
0.9846426 -0.03669581 0.1812686 132.9746 -254.2429 251.6963
0.9900137 0.04948583 0.2215518 134.3181 -254.2429 251.6963
1.031029 0.07267919 0.2210635 142.1349 -254.2429 251.6963
1.102807 0.2467515 0.2520694 140.7838 -254.2429 251.6963
1.148461 0.2621323 0.3533877 142.6845 -254.2429 251.6963
1.145287 0.357103 0.3602237 142.5319 -254.2429 251.6963
1.128441 0.4110581 0.3892764 142.6922 -254.2429 251.6963
1.136498 0.497728 0.4798526 143.1884 -254.2429 251.6963
1.159447 0.5790268 0.5508975 140.1731 -254.2429 251.6963
1.185082 0.6283432 0.6133975 135.7151 -254.2429 251.2917
1.147973 0.6622787 0.6624698 133.0204 -254.2429 249.3528
1.16018 0.8480698 0.7007998 123.5853 -254.2429 250.6886
1.268334 0.8441635 0.6470889 124.7991 -254.2429 240.0016
1.310326 0.9496323 0.8131045 122.7151 -254.2429 235.7955
1.241234 1.016039 0.9395694 103.6922 -254.2429 236.6734
1.477563 -0.2771743 -0.06165135 -22.49866 246.0243 -52.79991
0.4909902 -1.49861 -0.06165135 -49.75056 -16.2658 51.91002
0.3584219 -1.225417 -0.06165135 -82.30782 -42.28107 64.49017
0.5273672 -1.31404 -0.06165135 -117.5521 -53.2658 75.25352
0.4030996 -1.374831 -0.06165135 -121.9643 -95.44901 93.82605
0.2143789 -1.430006 -0.06165135 -169.4223 -113.617 107.1696
0.4546133 -1.755934 -0.06165135 -138.5445 -127.991 100.7802
0.7290273 -1.802809 -0.06165135 -91.52155 -154.8536 123.8871
0.6313711 -1.67903 -0.06165135 -41.42232 -156.9834 118.8795
0.7749258 -1.163405 -0.06165135 -44.41468 -179.7238 132.0016
0.8049551 -1.124586 -0.06165135 -37.96431 -191.5559 136.4444
0.8906485 -1.018874 -0.06165135 -32.6895 -206.5101 141.4138
0.9087149 -0.927565 -0.06165135 -30.28492 -218.9299 141.6123
0.9729239 -0.8450455 -0.06165135 -28.79637 -231.6398 146.597
0.9795156 -0.8325943 -0.06165135 -26.7811 -244.9986 151.4215
1.016137 -0.792067 -0.06165135 -26.72003 -254.2429 155.3528
1.02517 -0.7823013 -0.06165135 -30.11698 -254.2429 161.9329
1.074975 -0.8777603 -0.06165135 -30.72003 -254.2429 166.6276
1.110131 -0.8892349 -0.06165135 -30.90324 -254.2429 171.6963
1.138695 -0.9077896 -0.06165135 -31.57499 -254.2429 178.5207
1.197045 -0.9392838 -0.06165135 -31.60553 -254.2429 185.4367
1.252953 -0.9539322 -0.06165135 -32.54446 -254.2429 192.5207
1.298363 -0.9485611 -0.06165135 -31.06354 -254.2429 199.7573
1.315453 -0.9405045 -0.06165135 -27.47576 -254.2429 204.9482
1.344262 -0.9046158 -0.06165135 -23.35362 -254.2429 209.2764
1.37893 -0.8733658 -0.06165135 -18.53682 -254.2429 213.6657
1.388207 -0.8521255 -0.06165135 -13.26202 -254.2429 217.4215
1.403344 -0.8281998 -0.06165135 -8.796367 -254.2429 220.5818
1.409691 -0.7791275 -0.06165135 -5.666595 -254.2429 224.4138
1.41018 -0.6326431 -0.06165135 -7.345984 -254.2429 225.7955
1.463402 -0.7185806 -0.06165135 -1.964305 -254.2429 227.5207
1.463647 -0.750563 -0.06165135 0.8906565 -254.2429 232.0169
1.481225 -0.7198013 -0.06165135 2.829588 -254.2429 233.9024
1.514184 -0.7229752 -0.06165135 3.035695 -254.2429 238.368
1.515893 -0.6802505 -0.06165135 1.837221 -254.2429 242.4673
1.593529 -0.5711197 -0.06165135 -1.323084 -254.2429 243.5207
1.669457 -0.7180923 -0.06165135 2.295237 -254.2429 245.1925
1.743188 -0.8069595 -0.06165135 4.08913 -254.2429 248.6123
1.770775 -0.8084244 -0.06165135 7.539511 -254.2429 251.6963
1.8489 -0.7493423 -0.06165135 8.631115 -254.2429 251.6963
1.941186 -0.7222427 -0.06165135 6.318137 -254.2429 251.6963
2.007592 -0.8045181 -0.06165135 11.34104 -254.2429 251.6963
2.064904 -0.8235611 -0.06165135 20.98226 -254.2429 251.6963
2.064904 -0.7957291 -0.06165135 28.85249 -254.2429 251.6963
2.064904 -0.6968521 -0.06165135 29.02043 -254.2429 251.6963
2.064904 -0.7027115 -0.06165135 42.30287 -254.2429 251.6963
2.064904 -0.6365494 -0.06165135 50.92883 -254.2429 251.6963
2.064904 -0.5032486 -0.06165135 58.47081 -254.2429 251.6963
2.064904 -0.434645 -0.06165135 64.73035 -254.2429 251.6963
2.064904 -0.4663833 0.006952167 72.11967 -254.2429 251.6963
2.064904 -0.3816665 0.1470889 80.14256 -254.2429 251.6963
2.064904 -0.3386978 0.2291201 87.18073 -254.2429 251.6963
2.064904 -0.2486099 0.3738955 95.24944 -254.2429 251.6963
2.064904 -0.1509536 0.4893741 107.9441 -254.2429 251.6963
2.064904 -0.1612075 0.5049991 117.6464 -254.2429 251.6963
2.064904 0.04680028 0.6856631 129.4097 -254.2429 246.1696
2.064904 0.145189 0.7557315 140.6082 -254.2429 251.6963
2.064904 0.6844955 1.10119 149.799 -254.2429 251.6963
2.064904 0.5477768 1.320429 116.5319 -254.2429 251.6963
2.064904 0.3971421 1.462763 140.3868 -254.2429 251.6963
2.064904 0.5917221 1.603876 142.4937 -254.2429 251.6963
2.064904 0.6027084 1.689569 143.8067 -254.2429 251.6963
2.064904 0.7560287 1.83581 136.9441 -254.2429 251.6963
2.064904 0.7450424 2.121698 134.2876 -254.2429 251.6963
2.064904 0.45598 1.97912 158.9364 -254.2429 251.6963
2.040551 0.6503159 2.26037 191.9594 -254.2429 237.4978
1.819359 0.6359116 2.718866 211.4632 -254.2429 227.1543
1.830102 0.917894 2.543085 184.7074 -254.2429 247.5436
1.791772 0.49431 2.44665 251.7533 -254.2429 198.7802
1.643578 0.5870834 2.396845 251.7533 -254.2429 213.1161
1.539818 0.4718491 2.353632 251.7533 -254.2429 235.6657
1.571557 1.249193 2.556757 251.7533 -248.4414 177.6199
1.241479 2.163683 2.951288 178.5242 -226.304 159.2612
1.456566 2.037523 3.013544 53.13493 -218.533 158.1696
0.9775625 1.707689 3.445429 -44.9185 -178.3803 157.9558
0.8376699 1.365648 3.252314 -46.38415 -189.8841 151.3757
0.5935293 1.022874 3.337275 -30.10171 -206.8383 139.9634
0.7014394 1.050462 3.275995 1.356305 -180.5101 130.2841
0.6609121 1.140306 3.332636 36.63875 -158.4948 125.8566
0.5720449 1.17058 3.369013 43.97463 -160.7849 125.6657
0.5315176 1.266771 3.055536 60.95173 -158.907 120.0627
0.5073476 1.293871 2.943232 46.41737 -135.6628 111.5665
0.4135976 1.282884 2.957636 38.79142 -115.6933 102.3833
0.3166738 1.303636 2.996943 35.96699 -115.2429 93.99399
0.2900625 1.303148 2.926142 29.72272 -99.18947 83.85658
0.2077871 1.270189 2.881464 21.24944 -83.60931 75.71154
0.1333242 1.216722 2.841425 19.51661 -77.95283 66.81078
0.09450586 1.184251 2.810175 14.38684 -69.8765 58.85658
0.06765039 1.129076 2.790155 9.883022 -58.54824 51.23063
0.0400625 1.090501 2.814814 6.547145 -50.16656 44.07796
-0.7231211 0.1779038 1.418573 -26.29255 5.657863 -8.013649
-0.6266856 0.3812729 1.685663 -1.033008 9.260916 -6.746473
-0.6332774 0.3937241 1.662958 -0.8116337 11.05481 -7.883877
-0.639625 0.4027573 1.646356 0.08149624 11.22275 -8.876245
-0.641334 0.4027573 1.625605 0.08149624 11.77237 -9.578535
-0.6486582 0.4098374 1.626825 -1.048275 12.51282 -9.639604
-0.6664805 0.4337632 1.589472 -2.262015 14.52046 -11.72357
-0.6645274 0.4574448 1.552851 -1.865069 14.19985 -13.56327
-0.6733164 0.4684311 1.557245 -2.338351 13.15405 -14.48693
-0.6674571 0.4586655 1.561396 -0.6055268 13.46702 -17.02892
-0.6779551 0.4615952 1.565546 -0.3383511 13.29145 -18.81518
-0.6799082 0.4457261 1.563105 0.8753893 13.85634 -21.32663
-0.6825938 0.440355 1.560419 1.417374 14.33725 -22.85334
-0.6911387 0.4313218 1.560419 1.829588 15.40595 -24.76937
-0.6872324 0.4191147 1.541132 1.631114 16.30672 -25.88388
-0.6794199 0.3973862 1.521845 0.547145 16.6884 -26.5709
-0.6684336 0.3715073 1.508905 -1.674229 17.26855 -26.6167
-0.674293 0.3402573 1.496698 -4.422321 18.03191 -25.86098
-0.6843028 0.313646 1.472284 -5.071176 18.26092 -25.99838
-0.6886973 0.291185 1.46081 -7.559726 18.81054 -25.22739
-0.6977305 0.2775132 1.451532 -11.04827 19.33725 -23.81518
-0.7175059 0.2560288 1.439814 -13.78873 19.97847 -21.89151
-0.7419199 0.2509018 1.42956 -16.27728 19.57389 -20.02128
-0.7487559 0.2318589 1.408075 -18.36889 18.9403 -18.03655
-0.7619395 0.2262436 1.393915 -18.85744 17.8716 -16.548
-0.7673106 0.2250229 1.386835 -18.22385 16.13878 -15.64724
-0.7734141 0.2274643 1.377802 -17.30782 14.54336 -15.38006
-0.7758555 0.2391831 1.372431 -16.01011 12.30672 -15.10525
-0.7685313 0.2538315 1.39123 -13.8956 10.53572 -15.18922
-0.7768321 0.2613999 1.403925 -12.07881 8.749465 -15.49457
-0.7692637 0.278978 1.428583 -10.20095 7.528091 -16.01365
-0.7499766 0.2919175 1.447138 -8.300183 6.741832 -16.6625
-0.7431406 0.3070542 1.480341 -6.475756 6.428855 -17.42586
-0.7206797 0.3290268 1.506464 -4.735298 6.573893 -18.44876
-0.7084727 0.3451401 1.519403 -3.773466 7.337252 -19.41823
-0.6860117 0.3685776 1.531122 -3.750565 8.764732 -20.31136
