0.5880889 0.2104829 0.8397539 96.58359 100.1916 -33.38438
0.5558623 0.1548188 0.8871172 108.3851 104.8023 -42.03323
0.5504912 0.1824067 0.8878496 113.3928 109.8023 -47.32332
0.5524444 0.210727 0.8900469 115.6065 114.8862 -50.71263
0.5692901 0.274936 0.8707598 121.4233 120.5045 -57.50652
0.5788116 0.339145 0.8175371 119.4615 124.5962 -63.78133
0.5888213 0.3865083 0.7872636 122.8279 129.3366 -74.08667
0.6098174 0.3972505 0.7416093 125.9271 132.6725 -83.41492
0.5944366 0.372104 0.6952226 131.6141 134.7259 -93.69736
0.6193389 0.3838227 0.6705644 137.5302 135.871 -103.8806
0.6300811 0.373813 0.6424882 143.8966 137.1076 -114.9951
0.6334991 0.3589204 0.6234453 148.3164 137.9168 -125.3539
0.6432647 0.3127778 0.5919511 153.179 138.1839 -135.3233
0.6464385 0.26102 0.5829179 156.4462 138.3061 -144.8424
0.6544951 0.2097505 0.5592363 158.6905 138.6801 -153.2012
0.6803741 0.1472505 0.527498 157.7057 138.4587 -160.5752
0.6879424 0.06985791 0.5008867 156.1103 138.5504 -166.705
0.6859893 0.02225049 0.4693925 153.9576 139.0084 -172.9874
0.6701201 -0.001675293 0.4286211 151.8966 139.7106 -179.6287
0.6452178 -0.07223194 0.3680742 147.6828 140.2374 -184.8577
0.7702178 -0.1603667 0.2565019 145.3317 141.0007 -189.018
0.5458526 -0.223355 0.1815507 140.4156 135.932 -191.5981
0.5338897 -0.3214995 0.1390703 130.2401 134.1152 -189.2164
0.5895537 -0.3092925 0.07095504 121.5989 135.7794 -188.4836
0.560501 -0.3266265 -0.05673051 112.6141 131.3442 -189.8577
0.4975127 -0.3837554 -0.1814864 102.1179 125.4664 -189.3462
0.4345244 -0.4482085 -0.2754805 94.20191 121.2297 -187.8195
0.4003448 -0.4963042 -0.4046309 87.10268 116.5045 -186.7813
0.3683623 -0.5153472 -0.515959 77.71336 106.5962 -184.4531
0.3485869 -0.5502593 -0.5752852 62.32405 96.50455 -180.1935
0.3666533 -0.619107 -0.5752852 53.30114 86.80989 -177.7584
0.3380889 -0.7345855 -0.5752852 45.95 76.02363 -173.6287
0.3632354 -0.7777984 -0.5752852 40.33931 62.016 -169.0714
0.3490752 -0.8163726 -0.5752852 27.75916 48.1076 -162.4531
0.3136748 -0.8266265 -0.5752852 13.98817 30.86333 -155.0561
0.3842315 -0.9953277 -0.5752852 16.48435 21.9244 -151.3157
0.399124 -0.9660308 -0.5752852 9.301146 7.176305 -143.3462
0.4374541 -1.09274 -0.5752852 14.64466 -2.900031 -140.537
0.4635772 -1.090542 -0.5752852 13.69046 -14.35041 -132.8119
0.4987334 -1.107632 -0.5657637 15.78206 -24.38095 -127.5142
0.5341338 -1.070767 -0.4820235 15.95763 -33.62522 -121.1172
0.5543975 -1.021206 -0.3789961 14.24771 -41.35804 -115.0561
0.6706084 -0.8234527 -0.1529219 24.11031 -56.67865 -105.2393
0.6935576 -0.7643706 -0.1311934 26.75153 -60.51072 -103.8119
0.7284698 -0.6935699 -0.1040938 29.82023 -63.8695 -102.9951
0.7633819 -0.6137359 -0.0999434 31.91183 -67.60995 -103.4454
0.7736358 -0.556607 -0.08480668 33.60649 -71.38858 -104.3767
0.7970733 -0.518521 -0.08383012 36.02633 -74.90003 -105.5676
0.8207549 -0.4460113 -0.09383988 35.33168 -78.8008 -105.8424
0.8332061 -0.456021 -0.09579301 35.36985 -81.63286 -107.308
0.8444366 -0.3923003 -0.1145918 38.83549 -86.50309 -110.0943
0.8637237 -0.3332183 -0.1289961 38.61412 -91.24355 -112.1706
0.8798369 -0.3092925 -0.1368086 39.26297 -95.50309 -115.6592
0.8942412 -0.2873199 -0.1497481 39.14084 -100.2206 -118.9035
0.90596 -0.273648 -0.1517012 39.25534 -103.8924 -122.6821
0.919876 -0.2731597 -0.1473067 36.51488 -109.5336 -125.2164
0.9352569 -0.2843902 -0.1563399 31.85076 -113.2893 -127.1019
0.9496612 -0.2948882 -0.1612227 23.9271 -117.1901 -127.476
0.9577178 -0.3051421 -0.13925 15.01107 -120.8848 -128.0943
0.9660186 -0.317105 -0.1211836 6.041603 -124.671 -127.8119
0.9567412 -0.3329741 -0.07406449 -3.805725 -127.5413 -127.8882
0.9555205 -0.3832671 -0.04623246 -12.01183 -130.1672 -128.3004
0.9396514 -0.4347808 -0.005460978 -20.36298 -131.6023 -128.308
0.9540557 -0.4953277 0.02212691 -28.32481 -132.6023 -128.56
0.9430694 -0.553189 0.03506637 -34.1874 -133.7092 -128.2775
0.9132842 -0.6274077 0.05874801 -40.75993 -133.8466 -125.4989
0.8090362 -0.8234527 0.09243941 -36.95076 -135.4344 -123.4378
0.90596 -0.7294585 0.09683394 -24.79809 -139.8313 -123.0332
0.8861846 -0.8429839 0.08145308 -44.92023 -135.442 -118.2775
0.8815459 -0.9894683 0.04092574 -41.30191 -138.7245 -117.8958
0.8637237 -1.041226 0.03384566 -41.13397 -143.671 -110.4684
0.8319854 -1.073453 0.07095504 -41.01183 -146.8848 -104.5142
0.8180694 -1.122281 0.107332 -36.10344 -148.0374 -100.621
0.7882842 -1.151089 0.1122148 -31.82862 -150.5336 -96.33095
0.7941436 -1.213345 0.1271074 -30.38588 -153.1443 -89.46072
0.7812041 -1.231167 0.155916 -22.67595 -156.61 -84.25462
0.7621612 -1.262417 0.1859453 -19.98893 -157.1596 -78.25462
0.7431182 -1.297818 0.2108476 -15.50801 -158.0832 -71.07904
0.7287139 -1.305874 0.2350175 -12.01183 -159.0909 -62.8653
0.7382354 -1.355191 0.2389238 -4.294275 -157.6023 -55.94164
0.7143096 -1.362759 0.2274492 1.35458 -158.4496 -47.49889
0.6850127 -1.370816 0.2267168 8.140839 -158.6481 -40.10194
0.6640166 -1.358853 0.1813066 14.19427 -158.8619 -32.36148
0.6381377 -1.358609 0.1544511 20.26298 -160.2817 -24.60576
0.6022491 -1.310757 0.1297929 24.8126 -161.0374 -16.16301
0.5814971 -1.282925 0.07168746 29.09504 -163.0527 -9.239344
0.5519561 -1.260464 0.04019332 33.13321 -164.8848 -1.880566
0.517044 -0.525357 0.3436601 -10.11107 -5.716825 -2.643923
0.5048369 -0.4467437 0.4159257 -19.15687 -17.39621 6.233939
0.4984893 -0.4399077 0.4418046 -20.29428 -17.67102 7.814092
0.5126494 -0.4179351 0.4640214 -19.27901 -17.61759 8.241572
0.5089873 -0.3857085 0.4791582 -18.53092 -16.96873 8.241572
0.496292 -0.346646 0.4855058 -18.79046 -16.0069 8.371344
0.4865264 -0.3232085 0.4745195 -21.21031 -14.62522 8.607985
0.4694366 -0.2961089 0.4542558 -24.1874 -13.73209 8.47058
0.4533233 -0.2809722 0.4188554 -28.9126 -12.51835 8.577451
0.4445342 -0.2775542 0.3751543 -32.1874 -12.95347 8.432412
0.4188994 -0.2638824 0.3585527 -36.95076 -13.54889 8.218672
0.4066924 -0.2572906 0.3363359 -41.70649 -15.1214 8.172871
0.4037627 -0.2599761 0.3165605 -45.9355 -16.48782 8.295008
0.392044 -0.2648589 0.3019121 -51.03473 -18.50308 8.440045
0.4027862 -0.2809722 0.3072832 -52.81336 -20.44965 7.882794
0.397415 -0.2929351 0.308748 -54.66069 -22.03744 7.501115
0.4022979 -0.313687 0.3199785 -56.34008 -23.99927 7.180504
0.3954619 -0.3197906 0.3326738 -56.85153 -26.27408 7.088901
0.40596 -0.3334624 0.33658 -55.77519 -27.97637 6.501115
0.4079131 -0.3529937 0.357332 -53.69122 -29.38858 5.730123
0.4193877 -0.3634917 0.3732011 -50.50038 -30.90767 5.233939
0.4191436 -0.3649566 0.3719804 -48.16451 -32.52599 4.898062
0.4188994 -0.3713042 0.3890703 -47.19504 -33.70919 5.27974
0.4230498 -0.3627593 0.4090898 -48.58435 -35.15194 6.356076
0.4301299 -0.3285796 0.4313066 -49.57672 -36.43438 6.966763
0.4423369 -0.3925445 0.4237382 -45.77519 -34.29697 5.348443
0.4540557 -0.3700835 0.4566972 -43.92786 -36.63285 6.440045
0.4767608 -0.3600738 0.4737871 -38.43931 -36.0298 5.898061
0.4467315 -0.3703277 0.4647539 -32.11107 -35.83896 4.38661
0.4303741 -0.36398 0.4581621 -28.82862 -36.39621 4.516382
0.4174346 -0.346646 0.46158 -25.0958 -36.75499 4.020199
0.4064483 -0.3312652 0.4620683 -22.04237 -36.86186 3.524015
0.3939971 -0.3149077 0.4513261 -19.43931 -37.17484 3.066
0.3830107 -0.3097808 0.4557207 -17.84389 -37.35804 2.546917
0.3722686 -0.3007476 0.4425371 -17.50801 -37.54889 2.027832
0.3537139 -0.2929351 0.435457 -18.94313 -38.30461 2.424778
0.3649443 -0.2970855 0.4454668 -18.37824 -38.0756 1.378977
0.3473662 -0.3156402 0.4347246 -19.88969 -38.78553 1.68432
0.3461455 -0.3088042 0.4295976 -21.20267 -40.40385 1.920961
0.3459014 -0.3163726 0.4447343 -21.13397 -40.97636 2.035465
0.3378447 -0.3256499 0.4432695 -21.51565 -41.59468 1.951496
0.327835 -0.3417632 0.4532793 -21.19504 -42.47255 2.00493
0.3285674 -0.3427398 0.4669511 -20.40878 -43.33514 2.012566
0.3234404 -0.3537261 0.4757402 -19.65305 -44.1214 2.012566
0.3236846 -0.3676421 0.477205 -19.31717 -44.40385 2.760656
0.3307647 -0.3964507 0.4940507 -19.27901 -44.78553 3.707222
0.3273467 -0.4103667 0.5035722 -19.72176 -44.48782 4.68432
0.3280791 -0.4176909 0.5194414 -19.69885 -44.53362 6.218672
0.3197783 -0.4408843 0.5099199 -19.77519 -44.22064 7.844626
0.3080596 -0.4501616 0.508455 -19.11107 -43.80079 9.386611
0.2917022 -0.4601714 0.5091875 -17.81336 -43.74736 10.69959
0.2819365 -0.4743316 0.5006425 -15.86679 -43.99163 12.62325
0.2772979 -0.4850738 0.4872148 -13.26374 -44.33514 14.25684
0.261917 -0.4945952 0.4801347 -10.49275 -45.08324 15.9515
0.2558135 -0.5038726 0.4708574 -7.607252 -45.83896 17.77592
0.234085 -0.5190093 0.4466875 -5.782825 -46.64049 20.31027
0.2370147 -0.5251128 0.4386308 -3.485115 -47.32751 22.49348
0.227249 -0.5187652 0.4105546 -1.691222 -48.73972 24.93623
0.2226104 -0.5334136 0.4046953 -0.6072521 -50.20537 27.61562
0.2282256 -0.5302398 0.3832109 -0.5690842 -52.25881 30.47821
0.2318877 -0.5194976 0.3937089 -2.897328 -54.28171 33.98203
0.2555693 -0.5290191 0.4000566 -3.0271 -56.33514 37.0202
0.2609404 -0.5234038 0.4142168 -5.477481 -56.87713 40.30264
