0.8373565 -0.3337066 0.626375 -7.622519 3.099969 19.92859
0.8339385 -0.334439 0.6273515 -7.660687 3.161038 20.24157
0.8388213 -0.3339507 0.6356523 -7.530916 3.038901 20.56982
0.8275908 -0.3302886 0.6239336 -7.53855 3.176305 20.98203
0.8307647 -0.3307769 0.6293046 -7.43168 3.176305 21.11943
0.8324737 -0.3302886 0.6371171 -7.408779 3.099969 21.45531
0.8351592 -0.3234527 0.6293046 -7.385878 3.336611 21.64615
0.8307647 -0.3278472 0.6366289 -7.515649 3.634321 21.85226
0.8280791 -0.3122222 0.633455 -7.614886 3.61142 21.9973
0.8378448 -0.3095366 0.6336992 -7.874428 3.565619 22.27974
0.8393096 -0.3129546 0.6324785 -8.340076 3.664855 22.56982
0.8288116 -0.3100249 0.6398027 -8.675955 3.779359 22.73012
0.8288116 -0.3007476 0.6390703 -8.83626 3.725924 22.87516
0.8322295 -0.3017241 0.6261308 -8.737023 3.932031 22.85226
0.8275908 -0.306607 0.633455 -8.683588 3.748825 22.82173
0.8275908 -0.2961089 0.6293046 -7.958397 3.458748 22.56218
0.8229522 -0.2946441 0.6322343 -7.94313 3.42058 22.69959
0.827835 -0.2995269 0.6210039 -7.805725 3.61142 22.75302
0.831253 -0.2931792 0.6278398 -7.828626 3.626687 22.61562
0.8288116 -0.2843902 0.6227129 -8.095801 3.603786 22.51638
0.8305205 -0.2890288 0.621248 -8.057633 3.283175 22.44005
0.8292998 -0.2799956 0.6185625 -8.111069 3.458748 22.28737
0.8329619 -0.289273 0.6202714 -8.225573 3.20684 21.91333
0.8329619 -0.2851226 0.6139238 -8.111069 3.077069 21.81409
0.8288116 -0.2773101 0.6273515 -7.790458 2.710657 21.56218
0.8310088 -0.2814605 0.61783 -7.744657 2.451115 21.56218
0.8246612 -0.282437 0.6202714 -7.591985 2.344244 21.03547
0.8231963 -0.2819488 0.6192949 -7.660687 2.183939 20.92096
0.8266143 -0.2860991 0.622957 -7.790458 2.374779 20.71486
0.8251494 -0.2821929 0.6266191 -7.469848 2.061801 20.41714
0.8332061 -0.2773101 0.6271074 -7.64542 2.099969 20.1576
0.8302764 -0.2821929 0.6295488 -7.477481 1.779359 19.87516
0.8300323 -0.2821929 0.6336992 -7.385878 1.932031 19.72249
0.824417 -0.2787749 0.6197832 -7.279008 1.932031 19.41714
0.8341826 -0.2804839 0.6190507 -7.355344 1.786992 19.31027
0.8344268 -0.2860991 0.636873 -7.401145 1.687756 18.92096
0.8341826 -0.2870757 0.6290605 -7.401145 1.672488 18.90569
0.8329619 -0.2868316 0.6251543 -7.179771 1.565618 18.63852
0.8319854 -0.2939116 0.6227129 -7.675954 1.832794 18.90569
0.8317412 -0.2924468 0.6315019 -7.683588 2.099969 18.49348
0.8273467 -0.2985503 0.6361406 -7.439313 1.901496 18.47821
0.8324737 -0.3009917 0.6295488 -7.523283 2.069435 18.40951
0.8329619 -0.3009917 0.6393144 -7.462214 1.932031 18.74539
0.8292998 -0.303189 0.638582 -7.805725 1.901496 18.56982
0.8302764 -0.3083159 0.6327226 -7.882061 2.168672 18.82173
0.8273467 -0.3073394 0.6327226 -7.935496 2.252641 18.82173
0.829544 -0.3027007 0.6280839 -7.569084 1.741191 18.96676
0.8239287 -0.3070952 0.6319902 -7.340076 2.176305 19.16524
0.8256377 -0.3070952 0.6349199 -7.279008 1.90913 19.53928
0.8344268 -0.3080718 0.6307695 -7.065267 2.031267 19.60035
0.8292998 -0.320523 0.6214921 -8.424046 -1.396214 19.12707
0.8351592 -0.3088042 0.6627519 -9.500381 0.4740152 22.10417
0.8373565 -0.3027007 0.6578691 -9.05 0.3671451 22.18814
0.8415069 -0.3005034 0.6625078 -8.912596 0.756458 22.30264
0.840042 -0.2963531 0.6615312 -8.706489 1.008366 22.43241
0.8346709 -0.2926909 0.6649492 -8.64542 1.168672 22.54692
0.8444366 -0.2863433 0.6610429 -8.45458 1.550351 22.43241
0.8397979 -0.2912261 0.6676347 -8.546184 1.993099 22.56218
0.8415069 -0.2846343 0.6551836 -8.85916 2.275542 22.34081
0.8407744 -0.2758452 0.6534746 -8.576717 2.786993 22.21104
0.8358916 -0.2712066 0.6495683 -8.263741 2.405313 22.0202
0.841751 -0.2709624 0.6556718 -8.080534 3.046535 21.52402
0.8395537 -0.2726714 0.6617754 -7.737023 3.115237 21.12707
0.8378448 -0.2697417 0.6515214 -7.446947 3.351878 21.00493
0.8390655 -0.2653472 0.6476152 -7.088168 3.252641 20.37898
0.840042 -0.2631499 0.64908 -7.103435 3.573252 19.89806
0.8378448 -0.254605 0.6473711 -6.843893 3.619053 19.47058
0.8329619 -0.2614409 0.6393144 -6.737023 3.634321 18.79119
0.8366241 -0.2526519 0.6354082 -6.485115 3.466382 18.48585
0.8361358 -0.2594878 0.6341875 -6.401145 3.786993 17.56982
0.8317412 -0.2599761 0.633455 -6.15687 3.367145 17.24157
0.8307647 -0.2594878 0.6295488 -6.424046 3.61142 16.64615
0.8319854 -0.268521 0.6312578 -6.141603 3.290809 16.1118
0.8324737 -0.2646148 0.6300371 -5.897328 3.115237 15.73776
0.8292998 -0.2724273 0.6251543 -5.966031 3.092336 15.37898
0.831253 -0.2758452 0.6224687 -6.095802 2.993099 14.78356
0.8322295 -0.2775542 0.6280839 -5.874428 2.932031 14.48585
0.8290557 -0.282437 0.6168535 -6.057634 2.893863 14.08127
0.8288116 -0.287564 0.6275957 -5.920229 2.664855 13.9744
0.8310088 -0.2895171 0.6239336 -5.820992 2.527451 13.82173
0.8258819 -0.2992827 0.6207597 -5.775191 2.283175 13.65379
0.8349151 -0.2963531 0.6207597 -5.988932 2.054168 13.73012
0.8371123 -0.3029449 0.6173418 -6.141603 2.199206 14.02783
0.8285674 -0.3100249 0.6290605 -5.966031 1.603786 14.08127
0.8356475 -0.3129546 0.6153886 -6.24084 1.519817 14.00493
0.8344268 -0.3151519 0.6202714 -6.698855 1.733557 14.44768
0.8354033 -0.3127105 0.6207597 -7.004199 1.901496 14.49348
0.8349151 -0.3180816 0.621248 -7.080534 1.695389 14.88279
0.8349151 -0.3266265 0.6336992 -7.256107 1.52745 15.41714
0.8368682 -0.3288238 0.6275957 -7.393512 1.596153 15.39424
0.8334502 -0.3232085 0.6346757 -6.966031 1.245008 15.87516
0.8319854 -0.3246734 0.6349199 -7.011832 1.321343 16.34081
0.8344268 -0.33273 0.6302812 -6.889695 1.374779 16.54692
0.8341826 -0.334439 0.6332109 -7.362977 1.390046 16.98966
0.8351592 -0.3315093 0.6373613 -7.744657 1.71829 17.53165
0.8376006 -0.3288238 0.6417558 -7.950764 1.687756 17.76066
0.8368682 -0.3317534 0.6405351 -8.24084 2.031267 18.20341
0.8322295 -0.3324859 0.6373613 -8.118702 1.756458 18.34844
0.8346709 -0.3278472 0.6319902 -8.103436 1.924397 18.70722
0.8324737 -0.3295562 0.6302812 -8.088168 2.000733 19.12707
0.8368682 -0.3234527 0.6344316 -8.05 2.069435 19.37898
0.8419951 -0.3234527 0.642 -7.775191 1.90913 19.53165
0.8415069 -0.3210113 0.6300371 -7.958397 1.901496 19.90569
0.8339385 -0.3122222 0.6422441 -8.065268 2.161038 20.03547
0.8402862 -0.3214995 0.6461504 -7.981298 1.901496 20.26447
0.8373565 -0.3114898 0.6363847 -7.904962 1.947298 20.58508
0.8354033 -0.3080718 0.6393144 -8.05 1.535084 20.75302
0.8424834 -0.2992827 0.640291 -8.172137 1.878595 20.89806
0.8402862 -0.3029449 0.6346757 -8.065268 1.802259 20.66905
0.8466338 -0.2958648 0.6388261 -7.882061 1.901496 20.82173
0.8380889 -0.2931792 0.6461504 -7.927863 1.61142 20.52402
0.8388213 -0.2887847 0.6405351 -7.950764 1.794626 20.30264
0.838333 -0.2851226 0.642 -8.126336 1.993099 20.38661
0.8437041 -0.2834136 0.6534746 -8.210305 1.672488 20.1805
0.8385772 -0.2792632 0.6429765 -8.004199 1.657221 19.94386
0.8444366 -0.2812163 0.6393144 -7.988932 1.680122 19.78356
0.8356475 -0.2782866 0.64908 -8.15687 1.710656 19.47821
0.8388213 -0.2807281 0.6417558 -8.263741 2.145771 19.29501
0.84346 -0.2712066 0.6578691 -8.256107 2.283175 18.79882
0.8422393 -0.2716949 0.642 -8.088168 2.321343 18.60035
0.8373565 -0.2782866 0.6568925 -8.15687 2.374779 18.1576
0.8454131 -0.2712066 0.6503007 -8.133969 2.145771 17.94386
0.8415069 -0.2790191 0.6498125 -8.309542 2.542717 17.66142
0.8449248 -0.2765777 0.6556718 -7.94313 2.802259 17.19577
0.8507842 -0.2802398 0.64908 -7.882061 3.077069 16.79119
0.8412627 -0.285855 0.6517656 -7.530916 3.046535 16.51638
0.8493194 -0.2848784 0.6498125 -7.210306 3.374779 16.12707
0.8544463 -0.287564 0.6539629 -6.637786 3.099969 15.92096
0.8424834 -0.284146 0.6522539 -6.744657 3.138137 15.68432
0.8466338 -0.2943999 0.6400468 -6.767557 3.20684 15.36371
0.8473662 -0.2956206 0.6456621 -6.56145 3.535084 15.34081
0.8444366 -0.2936675 0.640291 -6.530916 3.641954 14.83699
0.841751 -0.3007476 0.6383379 -6.393512 3.61142 14.85989
0.8341826 -0.30148 0.6412675 -6.019466 3.985466 14.9515
0.8305205 -0.3134429 0.6427324 -5.882061 3.771725 14.59272
0.8346709 -0.3127105 0.6346757 -5.660687 4.260275 14.73776
0.8415069 -0.3168609 0.6329668 -5.668321 3.848061 14.81409
0.826126 -0.3249175 0.6378496 -5.149237 3.848061 14.9515
0.8290557 -0.3149077 0.6329668 -4.912596 3.580885 14.9744
0.8329619 -0.3183257 0.6358964 -4.164504 3.535084 15.1347
0.8773955 -0.2160308 0.8063066 -5.065268 6.725924 23.82173
0.7824248 -0.2658355 0.5489824 5.568321 20.62669 9.264473
0.7765655 -0.2873199 0.5187089 4.713358 19.72592 8.829359
0.7682647 -0.3009917 0.4847734 3.606489 18.95493 8.493481
0.7650908 -0.3271148 0.4603593 2.598855 17.0618 8.264473
0.7533721 -0.3485991 0.4225175 1.392748 14.32134 8.745389
0.7553252 -0.3661773 0.4039629 -1.118702 11.75646 9.737756
0.7389678 -0.3832671 0.3854082 -4.141603 8.664854 10.89806
0.7360381 -0.3964507 0.3880937 -6.378244 5.580885 12.60035
0.7397002 -0.4186675 0.3961504 -8.500381 2.115237 14.50875
