0.7760772 -0.4787261 0.5963457 -16.70649 2.764091 -5.224077
0.7753448 -0.4870269 0.5887773 -17.35534 2.809893 -4.269878
0.7729033 -0.4994781 0.5943925 -17.56908 2.428214 -3.262245
0.7650908 -0.5004546 0.6026933 -18.63779 2.710657 -2.666824
0.7577666 -0.516812 0.6129472 -19.70649 3.000733 -1.483618
0.7470244 -0.5187652 0.6283281 -20.89733 3.412947 -0.330946
0.7418975 -0.5290191 0.636873 -22.29428 4.260275 1.111801
0.7418975 -0.5339019 0.6441972 -22.27137 4.626687 1.959129
0.7326201 -0.5461089 0.6463945 -21.98893 5.512183 3.287374
0.7326201 -0.5487945 0.6449296 -21.70649 6.161038 4.432413
0.7401885 -0.5541656 0.6441972 -21.36298 7.161038 5.959129
0.735794 -0.5546538 0.6478593 -21.31717 7.779358 7.004931
0.737503 -0.5622222 0.6515214 -21.17977 8.550352 8.600351
0.7377471 -0.5592925 0.6410234 -20.85153 9.199205 9.898061
0.7345733 -0.5683257 0.6390703 -19.99656 9.725924 11.34081
0.7313994 -0.5629546 0.6361406 -18.73702 9.878595 12.73776
0.7423858 -0.5646636 0.6417558 -17.1874 10.59615 13.79882
0.7416533 -0.5668609 0.6363847 -15.39351 11.35951 14.85226
0.7433623 -0.5627105 0.6241777 -13.75229 11.29081 16.31791
0.8925323 0.06839306 0.6791093 -1.0271 0.3518779 18.29501
0.8266143 -0.02047412 0.7076738 -5.782825 6.748825 -3.468351
0.8239287 -0.03243701 0.7091386 -4.828626 6.977832 -3.544687
0.8302764 -0.03854053 0.714998 -3.637786 6.970198 -4.002703
0.8195342 -0.05025928 0.7162187 -3.103435 6.878596 -4.193542
0.8161162 -0.0443999 0.7120683 -2.660687 6.863328 -3.727894
0.8163604 -0.04098193 0.7110918 -2.767558 6.680122 -3.63629
0.8222198 -0.04366748 0.7232988 -3.141603 6.764092 -3.23171
0.8256377 -0.05538623 0.7189043 -3.126336 7.809893 -2.850031
0.8271026 -0.04464404 0.7130449 -2.675954 7.596153 -2.453083
0.8300323 -0.04977099 0.7057207 -1.759924 7.970198 -2.224077
0.8422393 -0.04659717 0.697664 -0.8209925 8.695389 -2.292778
0.8532256 -0.03902881 0.6974199 0.5148854 8.855694 -2.300413
0.8739776 -0.03463428 0.6817949 1.54542 9.153404 -2.44545
0.893753 -0.03365772 0.6778886 3.240077 9.474016 -2.934
0.9110869 -0.02438037 0.6752031 5.84313 9.466381 -3.414915
0.9186553 -0.02731006 0.6754472 8.049236 9.680122 -4.25461
0.9218291 -0.03121631 0.6752031 10.09504 9.641954 -5.31568
0.9254912 -0.02413623 0.6754472 12.87366 10.19157 -6.506519
0.9313506 -0.02853076 0.6766679 15.8126 9.840427 -7.674458
0.9272002 -0.03902881 0.6695879 18.43092 9.802259 -8.643923
0.9157256 -0.04171435 0.6744707 20.74389 9.848061 -10.10194
0.9157256 -0.04147021 0.6717851 22.62176 9.680122 -11.1172
0.9084014 -0.04269092 0.6839921 23.41565 9.634321 -11.9798
0.8974151 -0.04513232 0.6805742 24.35458 9.344244 -12.76606
0.8935088 -0.04879443 0.6783769 23.11794 9.29081 -13.19354
0.8805694 -0.04513232 0.6710527 19.33931 9.809893 -12.63629
0.8632354 -0.04342334 0.6656816 13.11794 10.51218 -11.78133
0.8527373 -0.05123584 0.6595781 5.583588 10.71066 -10.48362
0.8459014 -0.06295459 0.6481035 -1.072901 10.77172 -8.781328
0.8397979 -0.07076709 0.657625 -5.851527 10.77936 -7.796595
0.8346709 -0.0954253 0.6617754 -8.569084 11.17631 -6.537054
0.829544 -0.1090972 0.6644609 -8.141603 11.36715 -5.880566
0.8231963 -0.1237456 0.6676347 -5.042367 11.20684 -5.224077
0.8190459 -0.1305815 0.6678789 -1.828626 11.25264 -4.567587
0.8048858 -0.1354644 0.668123 1.079771 10.74883 -3.651558
0.8080596 -0.1398589 0.6659257 3.163741 10.14577 -2.399649
0.8080596 -0.1410796 0.6620195 4.278244 9.863329 -1.201176
0.8126983 -0.1396147 0.6669023 4.782061 9.412947 0.1652374
0.8192901 -0.14523 0.6749589 4.835496 9.336611 1.615618
0.8263701 -0.1427886 0.6705644 4.965267 8.756458 2.867527
0.8251494 -0.1442534 0.6764238 3.988168 8.435848 4.348442
0.8290557 -0.146939 0.6759355 3.728626 8.29081 5.951496
0.8231963 -0.1535308 0.6805742 3.507252 8.0389 7.233939
0.824417 -0.1440093 0.6817949 3.285878 7.924397 8.585084
0.8185576 -0.1547515 0.6896074 3.171374 7.825161 9.829359
0.815628 -0.1498687 0.6830156 3.102671 7.680122 11.0889
0.8053741 -0.1506011 0.6830156 3.606489 7.20684 12.1347
0.8012237 -0.1506011 0.68033 4.751526 6.626687 13.1347
0.7980498 -0.1508452 0.6869218 5.659923 6.031268 14.02783
0.7853545 -0.148648 0.6878984 7.392748 5.397679 15.18814
0.7748565 -0.1520659 0.7008379 8.469084 5.016 16.31791
0.7682647 -0.1501128 0.685457 9.820229 4.267909 17.46295
0.767044 -0.1506011 0.6869218 10.70572 4.000733 18.52402
0.777542 -0.1493804 0.6830156 11.69046 3.489283 19.84463
0.7882842 -0.1425444 0.6632402 12.50725 3.12287 21.1576
0.7958526 -0.1310698 0.6527421 12.86603 2.634321 22.81409
0.7953643 -0.1215483 0.6449296 13.95763 2.183939 24.08127
0.7995147 -0.1086089 0.6417558 14.0187 1.298443 25.41714
0.7934112 -0.09249561 0.635164 13.72863 0.756458 26.50111
0.7941436 -0.07540576 0.6356523 12.8355 -0.3962138 27.58508
0.7895049 -0.06271045 0.6280839 12.0645 -1.541252 28.30264
0.7973174 -0.05660694 0.622957 11.0874 -2.289344 29.19577
0.794876 -0.04220263 0.6236894 10.24008 -3.472549 29.37898
0.7924346 -0.03780811 0.6249101 9.278244 -4.480183 29.53928
0.7978057 -0.02706592 0.6327226 8.324045 -5.464916 29.56218
0.8058623 -0.02389209 0.6344316 7.423282 -6.358046 29.02783
0.807083 -0.01119678 0.6366289 6.728626 -7.136672 28.64615
0.8161162 -0.004116699 0.6395586 5.308778 -8.342779 27.92096
0.8219756 -0.007534668 0.6366289 4.423282 -9.655756 27.38661
0.8341826 -0.002407715 0.6388261 3.736259 -9.922932 26.27211
0.841751 -0.006069824 0.6349199 3.262977 -11.47255 25.44768
0.8351592 -0.001675293 0.6307695 1.05687 -12.08324 24.85989
0.8410186 0.007602051 0.6192949 -2.217939 -12.80079 23.96676
0.840042 0.001498535 0.6358964 -4.866794 -13.71682 23.54692
0.8485869 0.001498535 0.6407793 -7.630153 -14.30461 22.95913
0.8532256 -0.007290527 0.6639726 -9.637787 -14.39621 22.37898
0.8476104 -0.01754443 0.6654375 -11.05763 -14.38095 21.85226
0.846878 -0.02926318 0.6625078 -11.32481 -14.9153 21.07363
0.8549346 -0.03829639 0.6852129 -11.35534 -15.40385 20.84463
0.8693389 -0.04171435 0.7088945 -10.79809 -14.8924 20.29501
0.8688506 -0.0443999 0.7196367 -10.1645 -14.24354 19.84463
0.8708037 -0.05465381 0.7159746 -9.355344 -13.35805 19.1118
0.8742217 -0.05392139 0.7315996 -8.515649 -12.58705 18.91333
0.8705596 -0.06002491 0.749666 -8.15687 -11.76263 18.65379
0.8710479 -0.06564014 0.7499101 -7.668321 -10.61759 18.52402
0.8639678 -0.06734912 0.7577226 -7.85916 -10.0756 18.49348
0.857376 -0.06710498 0.7499101 -8.179771 -8.693924 18.52402
0.8393096 -0.1515776 0.7030351 -10.04237 4.267909 19.10417
0.8395537 -0.08614796 0.6161211 -12.30954 5.649588 26.32554
0.8363799 -0.08663624 0.6156328 -13.80573 5.260275 26.02783
0.8317412 -0.09518116 0.6214921 -14.73702 5.099969 25.70722
0.8395537 -0.1022612 0.6173418 -14.68359 4.954931 25.07363
0.8349151 -0.1090972 0.6224687 -13.38588 4.71829 24.21104
0.8314971 -0.1235015 0.6312578 -10.0271 4.519817 22.85226
0.8317412 -0.1447417 0.6505449 -5.233206 3.977832 20.89043
0.8251494 -0.1281401 0.6315019 -1.324809 4.993099 19.38661
0.8107451 -0.1501128 0.652498 2.766794 3.535084 18.0202
0.807083 -0.148648 0.6671464 2.820229 3.550351 17.08127
0.7958526 -0.1496245 0.6598222 5.453817 3.428214 16.07363
0.7772979 -0.1603667 0.6695879 4.408015 2.725924 15.72249
0.7631377 -0.1715972 0.6795976 3.064504 2.687756 15.51638
0.7575225 -0.1742827 0.6903398 1.255343 3.237374 15.69195
0.7389678 -0.1928374 0.702791 -0.202672 3.12287 15.9744
0.7609405 -0.1816069 0.7091386 -3.263741 2.863328 17.02783
0.7541045 -0.2157866 0.7550371 -6.698855 3.825161 17.73012
0.7572783 -0.2123687 0.7501543 -5.019465 4.733557 17.27211
0.7528838 -0.2167632 0.7464921 -6.469848 5.756458 17.50111
0.7499541 -0.2204253 0.7484453 -4.851527 6.245008 16.91333
0.7753448 -0.2265288 0.7145097 -2.530916 9.848061 15.91333
0.7487334 -0.1728179 0.7008379 -4.691221 4.298443 16.88279
0.7694854 -0.1913726 0.6908281 -6.485115 9.077068 15.44768
0.7753448 -0.2018706 0.640291 -12.71412 7.298442 16.36371
0.7838897 -0.2231108 0.6515214 -16.30954 4.588519 17.50875
0.7880401 -0.2629058 0.7045 -21.50038 6.390046 19.74539
0.7799834 -0.2655913 0.720125 -24.50038 8.008366 21.34844
0.7934112 -0.2897613 0.7269609 -25.03473 9.542717 23.45531
0.8063506 -0.3000152 0.7467363 -26.31717 10.76409 25.69959
0.8234405 -0.3266265 0.7623613 -25.05 12.82516 28.36371
0.8449248 -0.3420074 0.7662675 -24.75229 14.66485 31.44768
0.8676299 -0.3437163 0.7540605 -22.81336 15.80989 35.35608
0.8908233 -0.3537261 0.760164 -22.31717 17.45111 39.17287
0.9171905 -0.3412749 0.7401445 -22.39351 18.84806 43.73775
0.9376983 -0.3319976 0.7225664 -23.1645 20.49692 48.35608
0.9621123 -0.3263824 0.7091386 -23.13397 21.62669 52.93623
0.9843291 -0.3249175 0.6844804 -21.62252 22.55035 56.92096
1.011673 -0.299771 0.6617754 -18.9355 24.04653 60.20341
1.042435 -0.2939116 0.6358964 -14.88969 24.56562 63.82936
1.063431 -0.2721831 0.6041582 -9.83626 24.73356 66.73013
1.061966 -0.2485015 0.5961015 -3.195038 24.29081 69.89806
1.079788 -0.2143218 0.5821855 2.919466 26.09997 71.23394
