1.232445 0.4752671 1.751093 71.53188 -161.7009 251.6963
1.231225 0.5341049 1.700556 66.99753 -151.6933 251.6963
1.151879 0.6254135 1.652704 59.73035 -147.6704 251.6963
1.089623 0.6788803 1.631464 57.39447 -143.7315 251.6963
1.04641 0.7340561 1.62829 54.79142 -139.8536 251.6963
1.072533 0.7203842 1.567255 65.196 -134.2963 251.6963
0.9494864 0.9279037 1.693476 52.39447 -130.7238 251.6963
0.8850332 0.9488998 1.696161 41.196 -130.9757 251.6963
0.8886953 0.9652573 1.710565 38.76852 -127.6628 251.6963
0.924584 1.072923 1.769648 35.84486 -124.5253 245.5054
0.9177481 1.12346 1.797724 35.09676 -114.2124 234.9863
0.8725821 1.219652 1.863398 31.0586 -98.62458 217.6963
0.7739492 1.315111 1.981073 27.02043 -96.49481 206.5512
0.8711172 1.197679 1.898798 38.37921 -91.66275 212.5894
0.8628164 1.243578 1.935419 52.88302 -60.61695 171.3986
0.6479726 1.375658 2.040888 45.94409 -46.58641 149.4138
0.6384511 1.360521 2.05456 65.22653 -52.66275 159.9329
0.6125722 1.457933 2.038691 65.39447 -31.18183 129.681
0.4817129 1.551927 2.11413 55.14257 -32.07496 116.4825
0.4360586 1.449876 2.024286 55.99753 -39.25053 114.2993
0.3869863 1.470384 1.975702 51.57005 -39.34214 101.2535
0.4099355 1.364427 1.830683 50.43264 -30.61695 89.32986
0.3703847 1.332933 1.756952 48.40974 -18.83832 75.60468
0.2746816 1.309251 1.718378 43.69982 -16.44901 70.20773
0.251 1.253587 1.640497 35.59295 -11.34214 65.64284
0.2517324 1.187181 1.56286 29.1273 -5.800153 57.30696
0.1921621 1.222093 1.561151 16.49371 1.268549 50.82605
0.169457 1.163499 1.500605 5.028061 2.543358 47.15429
0.145043 1.098558 1.436151 -4.628428 5.673129 45.74208
0.1169668 1.038011 1.360224 -15.41469 10.27618 41.66574
0.07888086 1.011156 1.316767 -25.13988 15.50519 37.32986
-0.01828711 0.9210678 1.248407 -30.93377 17.10825 32.64284
-0.03220312 0.8356186 1.144159 -29.30782 7.329618 33.26116
-0.004126951 0.8644272 1.049188 -32.88797 8.505191 22.16192
-0.02316992 0.8053452 1.063105 -39.65133 11.94794 16.07032
-0.09909765 0.758226 1.094599 -40.06354 6.115878 17.41383
-0.08274023 0.7001205 1.068476 -35.74293 -1.823054 16.73444
-0.02097265 0.6254135 1.050409 -28.92614 -1.441374 10.69627
-0.03464453 0.5946518 1.07287 -19.39942 1.367786 2.681008
-0.06980078 0.6117416 1.104608 -8.99484 0.1387782 -2.410595
-0.07004492 0.6456772 1.116815 1.768519 -2.342138 -7.257924
-0.07370703 0.6871811 1.098993 10.97463 -1.586412 -14.02892
-0.09470312 0.7216049 1.084345 17.90592 -1.372672 -20.04418
-0.104957 0.7516342 1.056757 22.18837 -2.639848 -23.91441
-0.09812109 0.7697006 1.028192 25.66165 -3.097863 -28.57854
-0.1149668 0.7660385 0.9874209 27.98226 -3.074962 -33.5022
-0.1276621 0.7670151 0.9620303 28.47844 -3.746718 -36.69304
-0.1393809 0.7557846 0.932001 28.66165 -4.586412 -39.08235
-0.1374277 0.7296616 0.8736514 28.11203 -3.616947 -42.60143
-0.1542734 0.7528549 0.874628 26.24944 -3.731451 -45.58617
-0.1752695 0.7482162 0.8236026 22.38684 -6.632214 -42.14342
-0.1781992 0.7430893 0.720087 20.27997 -4.800153 -46.41059
-0.198707 0.7518784 0.6832217 16.89829 -7.311604 -47.71594
-0.1960215 0.7694565 0.5982608 15.04333 -13.86886 -44.25029
-0.1857676 0.7701889 0.5472354 14.67692 -12.18947 -52.78464
-0.2226328 0.8361069 0.5201358 12.50134 -13.60168 -56.49456
-0.2514414 0.8729721 0.4776553 11.56241 -18.83832 -60.05182
-0.2668223 0.9691635 0.4693545 7.982259 -25.99863 -58.83807
-0.2426523 1.005052 0.4290713 7.615847 -34.71618 -59.6854
-0.2084727 1.072923 0.4110049 6.905923 -40.79252 -65.05182
-0.1628184 1.142992 0.3951358 8.539512 -41.21236 -75.34189
-0.1579355 1.227953 0.4268741 8.302871 -44.11313 -83.26556
-0.1513438 1.311205 0.4617862 9.98226 -49.44901 -90.48693
-0.144752 1.456468 0.4737491 8.585313 -52.54824 -97.83807
-0.1125254 1.568773 0.4600772 4.035695 -56.20473 -106.7846
-0.0759043 1.689134 0.4722842 -1.597893 -61.50244 -117.0594
0.2324453 1.185472 1.856073 23.98989 9.543359 65.97872
-0.03733008 0.8644272 1.391962 -22.56736 39.60443 44.88712
-0.08762304 0.9833237 1.258173 -11.78873 38.61206 37.17719
-0.1972422 0.9501205 1.099237 -9.07881 19.33725 22.20773
-0.1506113 0.96306 1.096308 -22.50629 12.33725 31.36803
-0.04025976 0.8680893 1.124384 -18.8269 16.87924 24.80314
-0.1017832 0.9244858 1.162958 -12.26202 20.05481 11.78024
-0.1489023 0.9606186 1.23913 -5.353619 13.91741 8.093222
-0.1125254 0.9635483 1.27331 2.890656 6.711297 4.688641
-0.05539649 0.9589096 1.299433 14.56241 9.619695 -7.616703
-0.02658789 1.003099 1.367792 25.31814 12.98611 -18.48693
-0.03513281 1.058275 1.418817 36.83722 13.09298 -27.09762
-0.03293555 1.085863 1.412226 46.16547 13.8487 -36.02892
-0.02732031 1.103929 1.393427 53.45554 18.33725 -47.31136
-0.04856054 1.093675 1.363642 57.93646 19.61206 -54.25792
-0.05466406 1.101976 1.290155 59.79905 20.00137 -59.88388
-0.05881445 1.074632 1.213495 60.60822 21.84107 -66.37243
-0.06442969 1.13054 1.177362 57.20364 24.97084 -72.5251
-0.09983007 1.108812 1.126825 51.98989 24.56626 -76.49456
-0.1288828 0.9791733 1.136591 56.48608 18.21511 -89.6396
-0.1484141 1.105394 1.099237 48.0586 20.14641 -94.58617
-0.127418 1.140306 1.036005 36.53188 24.8487 -95.05182
-0.1308359 1.041185 0.9984073 33.56241 19.90977 -91.6396
-0.125709 1.06389 0.897333 33.06623 20.11588 -99.39532
-0.1476816 1.121507 0.8616885 23.18837 24.26092 -107.3724
-0.1669688 1.111498 0.8038272 14.44027 24.48229 -104.6854
-0.183082 1.095628 0.794794 10.73798 20.81054 -109.3801
-0.1889414 1.13347 0.7020205 5.615847 19.25328 -115.4411
-0.1652598 1.158128 0.6151065 -1.971939 24.33725 -120.3495
-0.1740488 1.179124 0.5662784 -4.429955 16.46702 -126.0824
-0.1562266 1.183763 0.5242862 -7.529191 15.30672 -133.6625
-0.176002 1.209398 0.5198916 -8.99484 9.291451 -141.0137
-0.1620859 1.236742 0.5301455 -10.35362 3.413588 -148.403
-0.1232676 1.260179 0.5533389 -10.45286 0.6044273 -159.0289
-0.1244883 1.299242 0.6009463 -9.48339 -3.105496 -168.5404
-0.1027598 1.344408 0.6270694 -8.376519 -8.00626 -176.9678
-0.0524668 1.379564 0.6468448 -7.39942 -12.1513 -186.8839
0.01174219 1.432054 0.6695498 -8.033008 -14.16656 -199.403
0.05300195 1.476732 0.6937198 -11.13988 -16.73908 -209.6472
0.1057363 1.496507 0.6710147 -15.22385 -19.60168 -220.1434
0.1594473 1.507249 0.6319522 -20.58262 -21.57878 -230.464
0.2026602 1.52971 0.5904483 -29.03301 -22.46428 -241.0976
0.2307363 1.50554 0.5401553 -38.17041 -23.47191 -248.5709
0.2343984 1.466966 0.4842471 -49.27728 -25.93756 -248.5709
0.2378164 1.416429 0.4029483 -63.6208 -28.0597 -248.5709
0.2556386 1.308519 0.3421572 -75.39942 -30.44901 -248.5709
0.2290273 1.319749 0.3345889 -92.49866 -35.03679 -248.5709
0.4101797 1.17766 0.1590518 -107.1704 -40.31924 -248.5709
0.3584219 1.128343 0.1097354 -124.5674 -33.44901 -248.5709
0.3374258 1.023119 0.1097354 -139.7964 -45.76962 -248.5709
0.4797597 0.841478 0.05993068 -151.201 -52.77725 -248.5709
0.4487539 0.8195053 -0.004278302 -162.7506 -53.02916 -248.5709
0.4926992 0.5419174 -0.04065526 -172.9719 -55.15893 -248.5709
0.4814687 0.4066636 -0.03040135 -178.4147 -61.44901 -248.5709
0.533959 0.2618882 -0.02722752 -178.1933 -67.28107 -248.5709
0.5776601 0.1461655 0.02501857 -181.5063 -73.42611 -248.5709
0.5801015 0.03361669 0.01012599 -182.4452 -78.57115 -248.5709
0.6340566 -0.1131118 0.09435452 -182.7124 -83.1742 -248.5709
0.6943594 -0.392897 0.1007022 -193.1552 -80.37267 -248.5709
0.7297597 -0.552565 0.2676944 -186.7277 -102.8765 -248.5709
0.7568594 -0.8592056 0.3568057 -192.5292 -108.8383 -248.5709
0.6889883 -1.060377 0.3375186 -188.5903 -112.3574 -248.5709
0.6994863 -1.28694 0.3072451 -173.5903 -107.2734 -248.5709
0.5749746 -1.317946 0.5054873 -156.659 -112.0139 -248.5709
0.6523672 -1.414626 0.532587 -148.5216 -120.8154 -248.5709
0.6601797 -1.477858 0.6407413 -140.7429 -115.2734 -248.5709
0.6152578 -1.538893 0.7442569 -129.4834 -123.4032 -248.5709
0.6230703 -1.644362 0.791376 -116.346 -121.9757 -248.5709
0.6323476 -1.601149 0.9139346 -109.3765 -124.6093 -248.5709
0.5979238 -1.672194 1.047724 -110.6361 -124.0979 -248.5709
0.7619863 -1.743483 1.296015 -131.0636 -115.4261 -248.5709
0.8813711 -1.836256 1.444208 -151.9261 -110.0063 -217.0824
0.7143789 -1.836256 1.529169 -182.346 -85.19711 -191.8075
0.6938711 -1.836256 1.680292 -186.0254 -67.34214 -172.4946
0.7009511 -1.836256 1.702509 -171.0101 -41.67038 -127.1205
0.6426015 -1.836256 1.8258 -150.5063 -0.2429011 -132.09
0.5788808 -1.836256 1.940058 -122.5368 25.39832 -120.7923
0.4104238 -1.836256 2.081415 -87.15514 18.49756 -98.80754
0.2165762 -1.836256 2.080439 -60.47575 10.7571 -99.69304
0.06447656 -1.836256 1.91955 -41.62843 0.2227478 -103.9068
0.2729726 -1.836256 1.529901 -27.17805 7.841068 -111.1663
0.09035547 -1.836256 1.534784 -21.10934 11.42122 -82.36479
0.08132227 -1.72737 1.327753 -22.29255 15.35252 -56.70831
-0.06198828 -1.6761 1.175409 -21.85744 14.11588 -47.02128
