-1.268112 -1.010953 3.424654 46.46145 -2.709191 51.87516
-1.287644 -0.865689 3.241365 53.43855 5.038901 57.70722
-1.289108 -0.7299468 2.95865 55.72099 8.489283 59.94386
-1.290329 -0.6144683 2.719637 54.27824 8.619053 58.85989
-1.270798 -0.5697906 2.542146 51.23244 6.756458 60.0889
-1.247604 -0.5458648 2.419344 43.10267 3.878595 64.33318
-1.214401 -0.5363433 2.309725 42.0645 -0.464916 66.66905
-1.182419 -0.4526031 2.234041 36.82786 -1.900031 67.89043
-1.15654 -0.4064605 2.103426 34.47672 -6.57942 69.20341
-1.123337 -0.3266265 2.003572 32.53778 -11.0069 69.63852
-1.112839 -0.3053863 1.879305 23.91183 -18.99927 71.8828
-1.057175 -0.2040679 1.722811 21.14847 -25.79316 73.23394
-1.000046 -0.09176319 1.580477 13.11031 -35.59468 73.34844
-0.9700166 -0.07418506 1.492098 3.827862 -47.90003 74.49348
-0.9475556 -0.07394092 1.438875 -4.820992 -59.83896 76.70722
-0.8928681 -0.1029937 1.399568 -8.691221 -73.38095 79.54691
-0.8374482 -0.09103077 1.383699 -12.1874 -86.12141 82.53928
-0.7842256 -0.1152007 1.39908 -16.69885 -98.58706 87.0431
-0.7546845 -0.1630522 1.475496 -9.133969 -111.7397 85.82935
-0.7466279 -0.1615874 1.544588 -3.950764 -128.61 87.76829
-0.7163545 -0.2480132 1.741121 0.8431296 -141.1901 90.34081
-0.6331025 -0.2990386 1.982576 1.553053 -151.1901 94.66905
-0.5815888 -0.3180816 2.250154 9.873665 -158.1825 96.066
-0.5259248 -0.3359038 2.442293 14.36221 -162.358 99.95149
-0.4668427 -0.3300445 2.52701 19.44618 -164.9916 104.6309
-0.3843232 -0.304898 2.620271 26.14084 -166.5184 108.6691
-0.3325654 -0.2924468 2.694002 33.72099 -166.2741 112.753
-0.2930146 -0.2726714 2.717195 37.9729 -166.1748 116.9668
-0.2805635 -0.2880523 2.743562 40.44618 -167.1367 122.9439
-0.2581025 -0.2504546 2.842684 43.70572 -167.1748 128.7988
-0.2390596 -0.2243315 2.955965 42.0187 -165.9764 135.9668
-0.206833 -0.1962554 3.078035 43.75916 -163.4725 142.0736
-0.1660615 -0.1264312 3.167391 38.77443 -158.8008 150.3942
-0.1399385 -0.1208159 3.217684 34.84313 -153.1367 157.9744
-0.09062206 -0.04952685 3.242586 29.22481 -146.1061 166.5698
-0.05741894 0.02762158 3.252596 24.40038 -138.1061 173.8294
0.04072559 0.1277192 3.229402 14.07214 -129.6023 181.2034
-0.02445996 0.08572704 3.263338 11.9958 -121.9382 189.3179
0.043167 0.2861665 3.235506 11.14847 -109.984 192.3713
0.09370411 0.4785493 3.198641 19.7897 -101.129 190.7149
0.1156768 0.6926606 3.176424 22.42328 -92.9382 186.3179
0.1686553 0.8459809 3.167879 31.14084 -76.45728 179.0889
0.147415 0.9480317 3.145906 47.22481 -65.8466 191.1423
0.3197783 1.50687 2.917391 88.26298 -26.22064 141.15
0.2558135 1.72684 2.80826 80.95763 -8.892397 112.4858
0.1857451 1.616001 2.671297 87.03397 3.260275 92.33318
0.1830596 1.669956 2.563387 83.53779 10.82516 76.16524
0.1645049 1.720493 2.424471 82.45382 16.83279 61.18814
0.1522979 1.765354 2.31534 76.78207 23.1076 44.63089
0.1107939 1.732944 2.235262 73.35458 27.47401 28.31027
0.08442677 1.72562 2.135896 68.60649 29.86333 12.82172
0.0690459 1.654331 2.052644 61.73626 31.78699 -0.9492664
0.06050098 1.615756 1.998689 54.43092 33.12287 -13.30805
0.04707325 1.53519 1.911043 43.04924 33.19921 -23.62102
0.03730762 1.469028 1.830965 32.82786 31.8557 -32.61339
0.02705371 1.408237 1.778475 24.20954 28.64959 -41.43782
0.01216114 1.36478 1.735018 21.80496 26.45875 -50.97217
0.01020801 1.326938 1.709383 15.79733 22.58852 -59.08667
-0.001510739 1.257114 1.692293 10.11794 17.56562 -66.7737
-0.03031933 1.177524 1.734041 3.736259 12.56562 -72.81187
-0.03739941 1.120883 1.804109 0.3622136 7.870962 -79.05614
-0.0547334 1.069858 1.891023 -4.233206 3.886229 -85.29278
-0.05497754 1.046176 1.99991 -9.607252 1.382412 -90.87293
-0.04740918 1.031772 2.085115 -15.88206 0.3060763 -95.8882
-0.02738965 1.007358 2.148592 -21.74466 0.2221069 -101.5676
-0.01591504 0.9714692 2.20865 -26.76756 0.4663818 -107.3309
-0.01640332 0.9548676 2.2399 -31.68359 1.63432 -113.6287
-0.02055371 0.915561 2.278963 -35.66832 2.451115 -120.1019
-0.02543652 0.8845551 2.323885 -38.63015 3.214473 -127.0103
-0.03300488 0.8606294 2.360994 -42.21031 4.90913 -134.4454
-0.05766308 0.8257173 2.397127 -44.17977 6.038901 -142.0103
-0.06718457 0.7932466 2.425691 -48.0958 8.0389 -149.5752
-0.07646191 0.7505219 2.456209 -52.50038 9.344244 -156.5829
-0.07450879 0.7229341 2.464266 -56.0958 11.1305 -164.5676
-0.09306347 0.6489594 2.487947 -59.59199 13.00837 -171.308
-0.1006318 0.570102 2.508699 -63.85153 14.96256 -176.0714
-0.1077119 0.5102876 2.550936 -66.05 18.04653 -181.7279
-0.1013643 0.4826997 2.566316 -71.44695 21.65722 -186.2241
-0.1038057 0.4536469 2.563143 -74.78282 24.90149 -191.8195
-0.1052705 0.4470551 2.574617 -78.56145 28.70302 -197.5447
-0.08744823 0.451938 2.567537 -84.85916 32.9015 -202.8348
-0.07841504 0.443393 2.546053 -93.34771 37.76409 -208.1096
-0.05815136 0.4341157 2.544344 -99.64542 42.63432 -213.4989
0.3024443 1.015659 1.819002 -47.59962 -4.556519 -11.62102
0.05244434 0.8823579 1.981111 -4.843893 21.9244 -66.17065
0.03022754 0.9170259 1.974031 -8.004199 24.59615 -64.46835
0.02510059 0.9582856 1.949617 -7.56145 26.35188 -63.85767
0.01264942 0.9812348 1.899324 -9.439313 26.42821 -63.20881
0.008743167 1.011997 1.854158 -12.58435 26.24501 -62.92637
0.01045215 1.013706 1.854402 -13.21031 24.61142 -63.71263
0.02583301 1.048129 1.870271 -13.0958 24.68776 -65.87293
0.05317676 1.069126 1.868563 -12.45458 24.64195 -68.9111
0.07246387 1.085971 1.877352 -9.691221 24.67249 -73.03324
0.08857716 1.099399 1.868563 -9.614885 24.84043 -76.44545
0.09956348 1.086948 1.854158 -5.775191 25.18394 -82.28515
0.09858692 1.098422 1.808016 -7.706489 24.35951 -85.42255
0.09223927 1.079624 1.818514 -5.271374 23.82516 -90.27751
0.08247364 1.029086 1.846102 -4.889695 22.0847 -94.23171
0.09492481 1.012485 1.836824 -6.958397 22.71829 -97.83476
0.0912627 0.9819673 1.829988 -9.973664 21.50455 -100.4684
0.09541309 0.943393 1.81827 -13.27901 21.0618 -102.2928
0.07929981 0.9087251 1.813143 -15.40878 19.22211 -104.1859
0.08955372 0.8772309 1.82657 -17.08053 18.60379 -105.8271
0.0768584 0.8618501 1.829744 -19.90496 16.39768 -106.9798
0.0768584 0.8586762 1.859041 -21.88969 15.53508 -107.9569
0.05708301 0.8330415 1.892732 -26.19504 15.27554 -107.8806
0.07051075 0.8325532 1.921053 -28.72176 16.91676 -109.163
0.0299834 0.8142426 1.93033 -29.08053 15.42821 -109.4989
0.01460254 0.839145 1.931307 -29.77519 16.47401 -110.4836
0.003127933 0.8306001 1.951326 -31.9584 15.30608 -110.705
-0.0102998 0.8454926 1.976229 -35.40878 15.85569 -110.9798
-0.02006543 0.8508637 1.991121 -38.88206 16.14577 -111.4149
-0.02177441 0.8662446 1.994051 -45.17977 17.20684 -110.6592
-0.02983105 0.8586762 2.009187 -49.72939 17.74119 -110.7584
-0.02153027 0.8694184 2.040682 -54.29428 19.80226 -111.1096
-0.01371777 0.8708833 2.029695 -59.71412 21.65722 -111.7432
-0.01249707 0.8613618 1.993318 -67.17213 22.75646 -111.5523
-0.007614255 0.8423188 2.005525 -69.40115 23.46638 -113.5142
-0.003219724 0.8147309 2.009187 -72.98129 24.49692 -115.4913
0.009475589 0.7973969 2.005281 -76.79046 25.39005 -117.1706
0.01582325 0.7702973 2.00699 -80.69885 26.93966 -118.9951
0.02168262 0.7305024 1.980623 -84.72939 27.37478 -120.6516
0.02851856 0.7058442 1.970613 -87.98893 29.32134 -122.2775
0.03950489 0.6604341 1.95743 -89.86679 30.23738 -124.1172
0.04121387 0.6318696 1.945467 -94.41641 29.56562 -124.7432
0.0155791 0.6025727 1.939607 -98.05763 31.43585 -125.5676
0.01802051 0.5781587 1.939119 -102.0118 32.23738 -125.7508
-0.0002900362 0.5581391 1.913729 -107.3248 32.14577 -125.308
-0.00956738 0.5459321 1.902254 -111.8973 33.65722 -125.1248
-0.02104199 0.5080903 1.90323 -116.5844 32.68012 -124.163
-0.03154004 0.5137055 1.892977 -119.6607 33.68776 -123.5294
-0.03886425 0.478061 1.899813 -121.2943 33.63432 -123.2012
-0.04838574 0.4800141 1.86075 -125.3095 33.93967 -122.2623
-0.05986035 0.4768403 1.839021 -129.2637 33.66486 -120.5981
-0.07499707 0.4646333 1.802156 -133.4928 33.58852 -119.1706
-0.09257519 0.4558442 1.772615 -136.6836 33.61142 -118.5218
-0.1135713 0.4389985 1.712557 -139.3783 31.0847 -117.1477
-0.1167451 0.4243501 1.69449 -141.9813 30.09234 -116.308
-0.1106416 0.3962739 1.65616 -143.7981 28.27554 -115.4073
-0.1099092 0.387729 1.618562 -146.7218 26.54272 -114.7813
-0.1362764 0.3655122 1.603914 -148.8363 24.06944 -113.308
-0.06913769 0.4917329 1.544832 -154.5157 20.74119 -113.5447
-0.07768261 0.2156099 1.592195 -146.0424 18.73356 -115.85
-0.07524121 0.2744477 1.633455 -151.0576 18.74119 -113.0409
-0.2329561 0.09231884 1.605135 -138.966 18.64195 -111.9722
-0.2546846 0.04129346 1.489412 -150.4469 13.16867 -102.1706
-0.2734834 -0.193814 1.527742 -111.3324 1.435847 -98.19354
-0.3679658 -0.1208159 1.530672 -159.3172 5.161038 -80.19354
-0.3015596 -0.09689014 1.59659 -134.7141 2.107603 -81.98743
-0.3359834 -0.01949756 1.581453 -136.3935 -9.854229 -72.23934
