1.185745 -0.107144 1.14493 -3.080534 -20.67102 35.74539
1.18721 -0.09591358 1.115877 -6.408779 -21.48782 37.90569
1.215774 -0.08150928 1.130769 -13.34008 -20.19011 39.98203
1.130325 -0.08614796 1.086824 -13.63015 10.62669 21.09653
1.187698 -0.06368701 1.033113 2.24771 -0.5717863 25.12707
1.199905 -0.07076709 1.04117 6.705725 -1.533618 24.87516
1.198929 -0.06173389 1.054353 11.56832 -2.648122 24.12707
1.203812 -0.06515186 1.057771 15.14847 -3.625221 23.77592
1.215042 -0.0666167 1.070467 18.84313 -4.396214 23.21867
1.197708 -0.06612842 1.078523 22.19427 -4.640489 22.81409
1.189896 -0.05367725 1.093904 25.36985 -4.487817 21.75302
1.17305 -0.04000537 1.088289 29.16374 -4.358046 20.29501
1.206009 -0.02584522 1.070223 27.47672 -4.09087 19.31791
1.221146 -0.06856983 1.062654 23.74389 -4.182473 20.98966
1.19136 -0.007046387 1.034334 18.53015 -0.335145 20.85226
1.206497 -0.08126514 1.001619 14.31641 -8.006901 22.21104
1.213333 0.002963379 1.032381 3.736259 -9.098503 22.17287
1.106644 -0.01803271 1.116853 3.812595 -3.464916 22.70722
1.098587 0.03299268 1.040193 -5.011832 -4.014534 19.55455
1.123733 0.07059033 1.016512 -12.25611 -7.640489 21.00493
1.141312 0.009066895 1.043367 -20.53855 -8.350412 21.60035
1.179397 0.05350049 1.066316 -29.27137 -6.037435 20.98203
1.192337 0.03811963 1.020906 -31.84389 -6.274076 20.75302
1.216751 0.02810986 1.008211 -37.16451 -8.663389 19.27211
1.248001 0.0349458 1.035799 -38.28664 -7.991633 17.9744
1.255569 0.01199658 1.036287 -35.58435 -7.617588 16.39425
1.260452 0.001498535 1.013094 -34.01947 -8.174839 13.76066
1.258499 0.002719238 0.9964922 -28.92786 -8.777893 11.38661
1.269241 -0.02267139 1.002107 -24.53855 -8.785526 9.36371
1.266312 -0.01705615 0.9974688 -20.05763 -8.915298 7.027832
1.261673 -0.03854053 0.9918535 -14.15687 -10.18247 5.432412
1.237991 -0.03487842 1.007723 -9.340076 -10.13667 3.501114
1.196976 -0.03487842 1.024568 -6.011832 -11.0069 2.36371
1.185257 -0.04342334 1.030916 -1.530916 -11.77026 1.203405
1.16011 -0.03902881 1.04117 1.583588 -12.25881 0.3942451
1.138626 -0.04269092 1.069246 3.209542 -12.15957 -0.4607182
1.115433 -0.04928271 1.075105 4.011069 -12.31988 -0.7126255
1.110794 -0.05245655 1.089021 4.606489 -12.30461 -0.7507935
1.105911 -0.06344287 1.087312 4.766794 -12.21301 -0.4225502
1.115433 -0.06710498 1.103182 5.194274 -11.74736 -0.4683514
1.129349 -0.06905811 1.108064 6.35458 -11.32751 -0.330946
1.133743 -0.07516162 1.108309 7.568321 -11.19774 -0.3843822
1.142288 -0.07345264 1.110262 8.553053 -10.72446 -0.5599537
1.156937 -0.07564991 1.117342 9.720993 -10.0298 -0.5446873
1.157913 -0.05685108 1.118318 9.621756 -9.533619 -0.3385811
1.157669 -0.04513232 1.129793 8.148474 -8.655756 -0.08667183
1.152542 -0.04293506 1.121248 5.881298 -8.190107 0.6232529
1.142288 -0.02120654 1.119783 1.690458 -7.312244 1.68432
1.16304 -0.04220263 1.128328 1.087405 -7.457283 2.44768
1.162308 -0.02047412 1.13907 -0.5614505 -6.396214 2.74539
1.154495 -0.03609912 1.148592 0.07977104 -4.999267 3.165237
1.149612 -0.03561084 1.150789 3.324046 -4.342779 3.149969
1.13887 -0.02975146 1.161775 11.41565 -3.304611 1.592718
1.129593 0.0007661134 1.155428 16.29351 -2.609954 0.02019882
1.129593 0.008578613 1.156404 15.55305 -2.159573 -0.2469769
1.132278 0.02737744 1.158846 13.42328 -1.121405 -0.3004131
1.136917 0.01565869 1.171541 13.01107 -0.1595726 -0.9492664
1.144241 0.01614697 1.177644 13.50725 1.161038 -2.170641
1.150101 0.02859814 1.179842 12.40802 3.008367 -3.155375
1.164749 0.01590283 1.155672 7.86603 4.351878 -2.735527
1.179886 0.01224072 1.154207 3.705725 4.764091 -2.338581
1.187698 0.01199658 1.157381 -0.401145 5.962565 -2.132473
1.202103 0.01224072 1.155428 -4.874428 6.710657 -1.697359
1.209671 0.01443799 1.15909 -9.057633 7.626687 -1.605755
1.21553 0.01370557 1.14908 -13.24084 9.023634 -1.353848
1.211868 0.005160645 1.151033 -16.73702 9.626686 -1.155375
1.210647 -0.001431152 1.143953 -18.77519 10.63432 -1.537054
1.227493 -0.005581543 1.145906 -20.46985 11.69539 -2.017969
1.240677 -0.002895996 1.13785 -22.63015 12.79463 -2.163008
1.252151 -0.007534668 1.143953 -25.0271 14.05417 -2.170641
1.256546 -0.009487793 1.144686 -27.24084 15.30608 -2.559954
1.252396 -0.01461475 1.134676 -29.06527 16.64959 -2.674458
1.242142 -0.01876514 1.139803 -31.12634 17.74119 -2.575222
1.232132 -0.02779834 1.129061 -32.88206 18.1305 -2.346214
1.224075 -0.03439014 1.123689 -34.95076 17.80226 -1.857664
1.19429 -0.05294483 1.055086 -37.53855 17.32898 -0.4836178
1.184769 -0.09444874 1.042879 -36.0042 17.23737 -0.5828552
1.163528 -0.1154448 1.004793 -36.63015 17.28317 0.7453899
1.126907 -0.143521 0.9308184 -37.64542 15.17631 2.44768
1.115188 -0.155728 0.9034746 -37.65305 13.83279 3.76829
1.116653 -0.1833159 0.9017656 -35.24847 12.30608 5.157603
1.112503 -0.1964995 0.8827227 -33.59198 11.26791 7.653787
1.101517 -0.1796538 0.8912676 -30.67595 9.680122 9.081267
1.102737 -0.1659819 0.9254473 -25.58435 7.016 10.41714
1.091019 -0.1786772 0.9244707 -20.88206 3.229741 12.24157
1.079788 -0.1645171 0.9244707 -16.1645 0.8098931 13.73012
1.096634 -0.1632964 0.9149492 -11.55382 -1.480183 15.34081
1.117386 -0.1291167 0.9420488 -8.950764 -2.594687 17.08127
1.114944 -0.1054351 0.952791 -6.408779 -4.129038 18.27211
1.132034 -0.08663624 0.9813555 -4.698855 -6.052702 19.52402
1.143265 -0.05123584 1.03116 -3.94313 -7.022168 20.38661
1.159378 -0.034146 1.064852 -3.660687 -7.930565 21.48585
1.164505 -0.007290527 1.09659 -5.691221 -8.060336 22.1576
1.142288 -0.02022998 1.058504 -16.08053 -27.08324 -39.67446
1.18306 -0.1410796 1.027742 -22.57672 0.03126717 1.00493
1.169388 -0.1274077 1.02408 -21.92023 2.000733 3.348442
1.16719 -0.1293608 1.022371 -21.52328 3.145771 5.172871
1.123733 -0.1152007 1.036043 -13.39351 6.878596 9.737756
1.105911 -0.117398 1.036287 -10.66069 7.580885 11.36371
1.093704 -0.1183745 1.040682 -8.683588 8.527451 13.21104
1.073685 -0.1005522 1.048006 -7.683588 9.023634 15.066
1.043167 -0.09908741 1.054598 -7.072901 9.535084 17.49348
1.026321 -0.08907764 1.057771 -6.714122 9.634321 19.51638
0.9938506 -0.08834522 1.063143 -6.530916 9.565619 21.88279
0.9828643 -0.0798003 1.058748 -7.195038 9.466381 24.28737
0.9738311 -0.08297413 1.06534 -7.56145 9.527451 26.60035
0.9706573 -0.07516162 1.060945 -8.767557 9.580885 29.37134
0.9687041 -0.08028858 1.061678 -9.607252 9.016001 32.24157
0.9704131 -0.07760303 1.061922 -9.530916 8.535084 35.31028
0.9835967 -0.07540576 1.065828 -9.424046 8.344244 38.11943
0.996292 -0.06734912 1.061922 -9.752291 7.626687 41.10417
1.004837 -0.05392139 1.055086 -10.90496 7.374778 44.09653
1.009231 -0.0365874 1.059725 -13.05763 7.33661 47.46294
1.012649 -0.03146045 1.051668 -15.49275 6.893862 50.66142
1.030716 -0.02413623 1.053865 -17.13397 6.542717 53.69958
1.014358 -0.02413623 1.051912 -19.40115 6.80226 56.91333
1.017044 -0.01144092 1.049715 -20.21794 6.321344 59.81409
1.002396 -0.0107085 1.052889 -22.24084 5.825161 63.0431
1.004593 0.05643017 1.044344 -32.79809 4.603786 67.76829
1.004837 0.05643017 1.051668 -31.76756 4.038901 69.66905
0.9992217 0.06814892 1.056795 -31.98893 4.344244 71.27211
0.9818877 0.1147798 1.047029 -36.0958 2.451115 73.84463
0.9730987 0.1133149 1.06241 -33.57672 2.588519 74.55455
0.9489287 0.1304048 1.082186 -33.21794 3.664855 74.56218
0.9276885 0.1621431 1.056307 -33.13397 4.20684 75.20341
0.921585 0.1924165 1.0441 -35.73702 3.519817 75.66905
0.9257354 0.2060884 1.046785 -38.36298 3.092336 76.09653
0.9491729 0.2214692 1.046785 -41.17977 2.695389 76.66905
0.9447783 0.2251313 1.038973 -45.52328 3.214473 79.58508
1.01094 0.1399263 1.036287 -43.69886 2.298443 78.48585
1.110306 0.2976411 1.039217 -51.24847 2.970199 80.73775
1.146927 0.2886079 1.01285 -45.66069 1.519817 76.07363
1.179886 0.2500337 1.014559 -27.98893 -0.113771 68.77592
1.226028 0.2532075 1.003572 -19.72176 0.03890085 66.85989
1.206985 0.2619966 0.9806231 0.2095418 -2.907664 60.93623
1.19136 0.2742036 0.9933184 7.117939 -3.968733 58.95913
1.173294 0.3037446 0.970125 12.47672 -4.884763 56.57745
1.152542 0.3286469 0.9501055 14.93473 -5.304611 54.29501
1.143021 0.3528169 0.9508379 15.49199 -6.480183 52.95913
1.134964 0.3620942 0.9415606 16.52252 -7.693923 50.33318
1.116409 0.3943208 0.9430254 16.65229 -10.31224 48.66142
1.127396 0.3950532 0.9642656 21.86603 -10.984 47.21867
1.137649 0.459018 0.9776934 24.20191 -11.25881 41.95913
1.141312 0.4475434 0.9657305 29.45382 -12.23591 35.93623
1.127884 0.4421723 0.9386309 26.18664 -12.90766 34.37135
1.124466 0.4477876 0.9220293 24.80496 -14.65576 31.40951
1.12178 0.4668305 0.9261797 22.70572 -15.87713 27.92096
1.11763 0.4895356 0.9090899 18.25534 -17.06034 25.22631
1.114212 0.4878266 0.905916 13.35458 -18.03744 22.37898
1.118362 0.4975923 0.9061602 6.850763 -19.30461 19.33318
