-0.2109834 -0.4372222 0.5611894 -5.500382 -5.205374 16.86753
-0.2100068 -0.4374663 0.5733964 -6.286641 -5.525985 16.87516
-0.2090303 -0.4384429 0.5714433 -6.424046 -6.060336 16.93623
-0.2107393 -0.4413726 0.5675371 -6.332443 -6.480183 17.02783
-0.2122041 -0.4357574 0.5731523 -6.15687 -7.083237 17.14234
-0.2046357 -0.4440581 0.5873125 -5.217939 -7.709191 17.1347
-0.203415 -0.4601714 0.5719316 -4.584352 -8.09087 16.9973
-0.2041475 -0.4650542 0.5699785 -3.492748 -8.014534 16.9973
-0.2056123 -0.4760406 0.5931718 0.117939 -8.648123 17.11943
-0.1992646 -0.4828765 0.5956132 0.8125954 -8.838962 17.27211
-0.2095186 -0.476773 0.5987871 1.507252 -9.098503 17.45531
-0.2148896 -0.4726226 0.6053789 0.896565 -9.167206 17.94386
-0.2100068 -0.4643218 0.6302812 -0.1492367 -8.991633 18.24921
-0.2114717 -0.4552886 0.6383379 -2.0271 -8.625221 18.93623
-0.2134248 -0.4467437 0.6532304 -4.744657 -8.319878 19.52402
-0.2092744 -0.4340484 0.6510332 -7.889695 -7.900031 19.73012
-0.2178193 -0.4211089 0.650789 -10.87443 -7.800794 20.23394
-0.2100068 -0.409146 0.6485918 -13.63779 -7.709191 20.40188
-0.2165986 -0.4086577 0.6473711 -15.80573 -7.319878 20.40188
-0.2058564 -0.3974273 0.6620195 -16.96603 -6.976367 20.17287
-0.2112275 -0.4006011 0.6520097 -17.71412 -6.900031 19.68432
-0.2024385 -0.4008452 0.6586015 -17.72176 -6.556519 19.47821
-0.208542 -0.3974273 0.6539629 -17.58435 -6.350412 18.82936
-0.2048799 -0.4010894 0.6568925 -17.12634 -6.213007 18.41714
-0.1977998 -0.3993804 0.6590898 -16.46985 -5.900031 17.84463
-0.2026826 -0.4079253 0.6571367 -15.58435 -5.999267 17.22631
-0.2080537 -0.4113433 0.6556718 -14.60725 -5.816061 16.69959
-0.2004853 -0.4081695 0.6532304 -14.1416 -5.411481 16.49348
-0.2021943 -0.4132964 0.6444414 -14.23321 -5.052702 16.27974
-0.1995088 -0.4157378 0.6539629 -14.17214 -4.594687 15.72249
-0.1960908 -0.4237945 0.6590898 -13.96603 -4.900031 16.01257
-0.1975557 -0.4272124 0.6520097 -14.24084 -4.457283 16.2034
-0.2048799 -0.4320952 0.654207 -14.24084 -3.732091 16.11943
-0.2009736 -0.428189 0.6556718 -13.98893 -3.373313 15.85989
-0.2014619 -0.4301421 0.6532304 -13.40114 -2.87713 15.86753
-0.2002412 -0.429898 0.6446855 -12.74466 -2.442015 15.89806
-0.1960908 -0.4279449 0.6529863 -12.03473 -2.213008 15.75302
-0.1960908 -0.4277007 0.6498125 -10.88206 -2.106138 15.76829
-0.2009736 -0.4201324 0.6520097 -10.53092 -1.487817 15.59272
-0.1992646 -0.4174468 0.6512773 -9.920229 -0.9381985 15.27211
-0.2019502 -0.4118316 0.6607988 -9.172137 -0.6328549 15.08127
-0.2100068 -0.4462554 0.6063554 -8.691221 0.07706881 18.96676
-0.2107393 -0.4467437 0.605623 -9.217939 0.1305039 19.24921
-0.2043916 -0.4460113 0.6234453 -9.462214 0.03890085 19.81409
-0.2036592 -0.4296538 0.6210039 -10.05763 0.5121832 19.9744
-0.1941377 -0.4279449 0.6149004 -10.66069 0.7793589 19.98203
-0.1975557 -0.4333159 0.6261308 -10.72939 1.046534 19.81409
-0.1999971 -0.423062 0.6324785 -10.79809 1.435847 19.60035
-0.2048799 -0.4123199 0.6253984 -10.74466 1.977832 19.61562
-0.2153779 -0.4206206 0.6378496 -9.958397 1.756458 19.24157
-0.2063447 -0.4206206 0.6356523 -10.10344 1.725924 19.80646
-0.2131807 -0.4235503 0.6456621 -9.424046 2.328977 19.68432
-0.1965791 -0.3893706 0.6219804 -10.31718 2.855695 19.62325
-0.1958467 -0.3979156 0.6124589 -10.80573 2.748825 19.49348
-0.1968232 -0.3925445 0.607332 -10.75992 2.863328 18.90569
-0.1997529 -0.3881499 0.6061113 -10.85916 2.588519 18.79882
-0.2043916 -0.3844878 0.6000078 -10.87443 2.428214 17.93623
-0.205124 -0.377896 0.6131914 -11.96603 2.435847 18.066
-0.2097627 -0.3861968 0.6149004 -11.76756 2.359511 17.49348
-0.206833 -0.3949859 0.6000078 -11.76756 2.290809 17.09653
-0.2041475 -0.3957183 0.595125 -11.29428 1.863328 16.63852
-0.208542 -0.3949859 0.5978105 -10.9355 1.916763 16.18814
-0.2031709 -0.4032866 0.6000078 -10.72939 1.848061 15.86753
-0.2082978 -0.3959624 0.5926836 -10.53855 1.886229 15.47058
-0.2026826 -0.407437 0.5890214 -10.30954 1.351878 15.49348
-0.2065889 -0.4054839 0.5924394 -10.56145 1.63432 14.85226
-0.2024385 -0.4120757 0.5997636 -11.08817 1.275542 15.27974
-0.2026826 -0.412564 0.5961015 -11.30954 1.550351 15.26447
-0.2041475 -0.4279449 0.5980546 -11.9584 1.63432 15.50111
-0.1997529 -0.4308745 0.5987871 -12.17214 2.092336 15.60798
-0.1999971 -0.4313628 0.5929277 -12.53092 2.183939 15.64615
-0.1997529 -0.4342925 0.5958574 -12.69122 2.481649 15.66142
-0.1980439 -0.4345366 0.5946367 -12.31718 2.596153 15.87516
-0.2019502 -0.4467437 0.5948808 -11.9584 2.573252 16.05837
-0.1985322 -0.4599273 0.5992754 -11.40878 2.634321 16.05073
-0.2046357 -0.462857 0.6100175 -10.95076 3.000733 16.37134
-0.2041475 -0.4667632 0.6002519 -10.64542 3.31371 16.76829
-0.208542 -0.4743316 0.6000078 -10.19504 3.741191 16.86753
-0.2073213 -0.4789702 0.6031816 -9.622519 3.695389 17.37898
-0.1973115 -0.475064 0.5931718 -9.523283 3.489283 17.80646
-0.2004853 -0.4836089 0.5863359 -9.271374 3.519817 18.33318
-0.2041475 -0.4772613 0.5963457 -9.065268 3.382412 18.75302
-0.2092744 -0.492398 0.5943925 -8.996565 3.191573 19.66142
-0.2048799 -0.4892241 0.5946367 -9.042366 3.069435 20.12707
-0.2168428 -0.4955718 0.6000078 -9.286641 2.802259 21.066
-0.2039033 -0.4836089 0.5968339 -9.530916 2.870962 22.01257
-0.2117158 -0.4755523 0.5963457 -9.83626 2.664855 22.52402
-0.2014619 -0.4587066 0.5887773 -9.782825 2.412947 22.93623
-0.1941377 -0.4574859 0.5985429 -10.24847 2.458748 23.71486
-0.1992646 -0.4496734 0.6009843 -10.14924 2.222107 23.9515
-0.2043916 -0.4474761 0.6014726 -9.782825 2.12287 23.98203
-0.1997529 -0.4377105 0.6019609 -9.034733 1.993099 24.10417
-0.1997529 -0.4335601 0.6046464 -8.790459 2.344244 24.28737
-0.1892549 -0.4274566 0.6044023 -8.286641 2.474015 24.40188
-0.1887666 -0.4196441 0.6070879 -8.004199 2.695389 24.43241
-0.189499 -0.4128081 0.6058671 -7.843893 2.764091 24.31027
-0.1816865 -0.4113433 0.6092851 -7.828626 3.214473 24.39425
-0.1853486 -0.4120757 0.6044023 -7.912596 3.619053 24.23394
-0.1899873 -0.4079253 0.6078203 -8.004199 3.985466 24.12707
-0.1851045 -0.4076812 0.6136796 -7.85916 4.443481 24.17287
-0.1985322 -0.4106109 0.6144121 -7.927863 4.825161 24.16524
-0.1902314 -0.4145171 0.6232011 -7.721756 5.328977 24.01257
-0.1919404 -0.412564 0.6207597 -7.576718 5.512183 23.9515
-0.1958467 -0.4096343 0.6217363 -7.401145 5.634321 24.20341
-0.1924287 -0.4032866 0.6278398 -7.950764 6.061801 24.16524
-0.1953584 -0.4037749 0.6134355 -8.385878 6.344244 24.12707
-0.2082978 -0.4057281 0.6085527 -9.515649 6.733557 24.1805
-0.2117158 -0.4069488 0.6083086 -10.31718 6.321344 24.42478
-0.2104951 -0.412564 0.6097734 -11.42405 6.252641 24.65379
-0.2090303 -0.4030425 0.6078203 -12.25611 5.939664 24.62325
-0.220749 -0.3927886 0.6166093 -13.1416 5.733557 24.50111
-0.2173311 -0.3915679 0.6129472 -14.32481 5.588519 24.54692
-0.2234346 -0.3756988 0.6117265 -15.08053 5.367145 24.0889
-0.2239228 -0.365689 0.6170976 -15.9584 4.512183 24.14997
-0.2212373 -0.3561675 0.6217363 -16.32481 4.328977 23.40188
-0.2209932 -0.3422515 0.6205156 -17.15687 3.916763 22.70722
-0.2214814 -0.3376128 0.6266191 -16.70649 3.077069 21.95913
-0.2183076 -0.3300445 0.6180742 -16.86679 2.649588 21.44005
-0.222458 -0.3393218 0.621248 -16.43931 2.596153 20.90569
-0.2134248 -0.315396 0.6205156 -15.98893 2.107603 19.93623
-0.208542 -0.299771 0.6271074 -16.76756 1.565618 19.00493
-0.1956025 -0.303189 0.6207597 -16.99656 1.802259 18.0202
-0.2026826 -0.304898 0.6183183 -16.70649 1.794626 16.91333
-0.1960908 -0.3175933 0.6253984 -16.1645 1.779359 15.95913
-0.1660615 -0.3854644 0.5885332 21.0187 -13.57942 30.03547
-0.1785127 -0.3422515 0.593416 12.9271 -15.57942 30.21867
-0.1792451 -0.3461577 0.6241777 7.072137 -16.28934 30.01257
-0.1719209 -0.3373687 0.6607988 2.240077 -15.23591 29.69959
-0.1768037 -0.3437163 0.6737382 -2.065267 -13.59469 29.41714
-0.1638643 -0.3583648 0.6996171 -4.401145 -12.39621 28.87516
-0.1523896 -0.3661773 0.6988847 -5.133969 -10.64812 28.02783
-0.1470186 -0.3547027 0.6913164 -5.324809 -9.251175 26.39425
-0.1475068 -0.3498199 0.6813066 -4.843893 -8.701557 25.45531
-0.1436006 -0.346646 0.6810625 -4.759924 -7.961099 23.89806
-0.1497041 -0.3493316 0.6866777 -4.874428 -6.556519 22.77592
-0.1636201 -0.3505523 0.7025468 -4.889695 -4.724458 21.066
-0.1733857 -0.3473784 0.6954668 -4.691221 -3.121405 19.74539
-0.1748506 -0.3693511 0.7035234 -4.775191 -1.68629 19.1118
-0.18779 -0.3774077 0.6983964 -5.011832 0.08470225 18.53165
-0.1819307 -0.3820464 0.7079179 -5.759924 2.046535 17.82936
-0.1760713 -0.3849761 0.7035234 -7.408779 3.764091 17.88279
-0.1748506 -0.3815581 0.7130449 -9.324809 5.634321 17.54692
-0.1665498 -0.3891265 0.6966875 -10.88206 7.374778 17.46295
-0.1653291 -0.3786284 0.6925371 -12.69885 8.580885 17.11943
-0.1645967 -0.3852202 0.6788652 -14.71412 9.672489 16.69959
-0.1660615 -0.383023 0.6651933 -16.31717 10.48165 15.9973
-0.1719209 -0.3908355 0.6615312 -17.58435 11.04653 15.44005
-0.1770478 -0.3979156 0.652498 -17.97366 11.78699 14.75302
-0.1824189 -0.4047515 0.6605546 -17.85153 12.17631 13.76066
-0.1853486 -0.4123199 0.6378496 -17.84389 12.42821 13.26447
