0.2494658 -0.2306792 0.6651933 0.7744274 -4.961099 21.60798
0.2423857 -0.2370269 0.6607988 -0.2866411 -2.762626 21.83699
0.2328643 -0.2587554 0.6329668 -0.5996184 -0.5259848 22.18814
0.2213897 -0.2680327 0.6161211 -0.1645041 1.084702 22.48585
0.195999 -0.2831695 0.5887773 0.01106834 2.458748 23.02783
0.1911162 -0.2770659 0.5614336 -0.05000019 3.535084 23.62325
0.1718291 -0.2699859 0.5218828 0.0339694 4.412947 24.25684
0.1586455 -0.2624175 0.4916093 -0.4393129 4.61142 24.72249
0.1483916 -0.2614409 0.445955 -1.340076 4.481649 25.63089
0.1374053 -0.2504546 0.4227617 -2.126336 3.649588 26.21104
0.1286162 -0.2384917 0.4032304 -3.126336 2.939664 26.58508
0.1129912 -0.2275054 0.3761308 -4.83626 1.809893 27.0202
0.1071318 -0.2265288 0.3553789 -6.75229 0.1228702 27.56218
0.09492481 -0.2214019 0.3468339 -8.118702 -1.373313 27.70722
0.1032256 -0.2148101 0.3253496 -9.446947 -3.419115 27.9973
0.105667 -0.2152983 0.3312089 -10.76756 -5.403847 28.03547
0.1129912 -0.2148101 0.3268144 -12.13397 -7.129038 28.32554
0.1120147 -0.2126128 0.3326738 -13.17977 -8.632854 28.41714
0.1237334 -0.2118804 0.3439043 -14.01183 -10.60995 28.37898
0.1237334 -0.20773 0.3565996 -14.72176 -11.70919 28.40951
0.1295928 -0.206021 0.3836992 -15.25611 -12.80079 27.90569
0.1359404 -0.2033355 0.3924882 -14.84389 -13.73209 27.17287
0.1347197 -0.1952788 0.4183671 -14.31718 -14.79316 26.58508
0.1393584 -0.1908843 0.4435136 -14.87443 -15.41148 25.54692
0.1513213 -0.1908843 0.4630449 -16.21794 -15.22064 25.28737
0.1557158 -0.2033355 0.4908769 -16.75992 -15.0985 24.95913
0.1588897 -0.2038237 0.4964921 -16.85153 -14.42675 24.29501
0.1605986 -0.2035796 0.5179765 -16.70649 -14.03744 23.60035
0.166458 -0.2101714 0.5382402 -16.30954 -13.64049 23.31027
0.1779326 -0.20773 0.5504472 -16.1645 -12.9382 22.77592
0.1896514 -0.2038237 0.5687578 -16.25611 -12.1214 22.31791
0.1859893 -0.2062651 0.5751054 -15.70649 -10.8466 21.73012
0.1962432 -0.2062651 0.5943925 -14.88969 -9.571787 20.73012
0.1898955 -0.200894 0.6087968 -14.0042 -8.205374 19.87516
0.1933135 -0.1867339 0.6129472 -12.66832 -6.304611 18.52402
0.1984404 -0.1911284 0.6161211 -11.30954 -4.548885 16.9973
0.1972197 -0.1884429 0.619539 -10.36298 -2.739725 15.46295
0.1974639 -0.1820952 0.6124589 -10.14924 -0.8694963 14.31027
0.2006377 -0.1877105 0.5902421 -10.46221 0.9014961 13.24921
0.2064971 -0.2028472 0.5790117 -10.59198 2.565619 12.41714
0.1940459 -0.2148101 0.5646074 -10.30954 3.786993 11.09653
0.1903838 -0.2301909 0.5526445 -9.317176 4.90913 10.17287
0.1815947 -0.2438628 0.5362871 -7.828626 5.397679 9.531649
0.1767119 -0.2475249 0.527498 -6.294275 5.90913 8.920961
0.1745147 -0.256314 0.5077226 -5.569084 6.451114 8.516381
0.1686553 -0.2660796 0.4923418 -4.408779 6.725924 8.218672
0.1635283 -0.2655913 0.4859941 -4.164504 6.9931 8.249207
0.1496123 -0.2765777 0.4623125 -3.13397 7.077069 8.058367
0.1459502 -0.2714507 0.4530351 -2.401145 7.092336 7.898061
0.1439971 -0.2763335 0.4410722 -1.874428 6.886229 7.791191
0.1361846 -0.2780425 0.433748 -2.065267 6.283176 7.867527
0.1342314 -0.2860991 0.4244707 -3.057634 5.695389 8.394244
0.1383818 -0.298062 0.4027421 -4.004199 5.168672 9.180504
0.1320342 -0.3000152 0.3951738 -4.706489 4.512183 9.68432
0.1273955 -0.2995269 0.3788164 -5.53855 3.649588 10.63089
0.1374053 -0.2965972 0.3866289 -5.912596 2.748825 11.37134
0.1342314 -0.2941558 0.3866289 -6.088168 1.672488 11.71486
0.1388701 -0.2914702 0.3858964 -6.408779 0.6343205 12.21867
-0.1335908 0.2077974 1.304109 100.0569 122.3061 104.6996
-0.08354198 0.2607759 1.223299 81.15611 147.1458 82.01257
-0.08403027 0.2893403 1.229891 81.52252 149.9778 78.27211
-0.07743847 0.3286469 1.214266 81.10268 151.8175 74.50111
-0.0806123 0.3232759 1.222811 80.53015 154.2526 69.77592
-0.08622753 0.3362153 1.214754 79.8813 157.3595 65.18814
-0.07963574 0.3418305 1.188143 80.7668 159.329 60.47058
-0.06596386 0.3293794 1.166658 81.40038 161.2145 55.55455
-0.0481416 0.311313 1.178865 84.78207 163.9626 49.72249
-0.03446972 0.3130219 1.173982 86.02634 167.6649 44.43241
-0.02665722 0.2959321 1.147127 87.62176 170.8328 39.52402
-0.0337373 0.2851899 1.142244 87.85077 174.8023 34.76066
-0.04765332 0.2661469 1.129549 86.23244 178.7641 30.61562
-0.04374707 0.2600434 1.1149 86.36985 183.1916 26.1805
-0.03544629 0.2248872 1.118807 86.45382 187.787 22.43241
-0.04203808 0.2207368 1.108309 84.85077 193.7412 18.79119
-0.03617871 0.1836274 1.078523 81.62939 199.0465 16.62325
-0.03398144 0.1489595 1.041414 76.63702 203.329 15.1805
-0.03105175 0.1035493 1.016023 73.73626 207.8099 14.00493
-0.01982129 0.07669384 0.9737871 70.49962 212.2297 13.89043
-0.009323239 0.06912549 0.9300859 67.66756 215.8023 13.96676
-0.01078808 0.06814892 0.8934649 65.33932 219.2374 13.40188
-0.005905271 0.05862744 0.8439043 65.31641 221.7412 13.14234
-0.01640332 0.04349072 0.8072832 65.78207 223.5656 12.53165
-0.02226269 0.07034619 0.7565019 66.60649 224.6343 12.34844
-0.01542675 0.09134228 0.7103593 65.40802 225.4664 11.77592
-0.01347363 0.1057466 0.6551836 65.20954 225.0542 10.9286
0.006790042 0.1267427 0.626375 66.0416 223.7946 9.340809
0.01216114 0.153354 0.6129472 66.59122 223.703 7.333176
0.03315723 0.1875337 0.5741289 68.56069 223.0542 4.57745
0.04414356 0.2056001 0.5365312 71.64466 220.1916 -0.3462143
0.05171192 0.2248872 0.5370195 74.00344 219.2374 -4.949266
0.05122364 0.2253755 0.5233476 75.03397 218.9091 -9.796595
0.05293262 0.2268403 0.5145586 74.00344 218.5045 -14.30041
0.04585254 0.2136567 0.5357988 72.80496 219.4282 -18.79659
0.05268848 0.1858247 0.4955156 70.02634 220.7794 -22.08667
0.05976856 0.1609224 0.4630449 67.40038 219.7794 -25.06377
0.06513965 0.1467622 0.4559648 65.10268 220.4053 -27.68209
0.07099903 0.1404145 0.4256914 60.01107 220.6801 -29.37675
0.04951465 0.09305126 0.416414 55.36985 219.9702 -30.54469
0.0443877 0.05935986 0.3910234 51.93473 219.6725 -31.10194
0.06806934 0.06058056 0.3741777 50.9042 219.1992 -32.04087
0.06611621 0.05325634 0.3761308 51.33931 218.5427 -34.07904
0.0768584 0.08035595 0.3627031 52.82786 217.2679 -36.44545
0.07514942 0.05618603 0.3421953 53.80496 216.6114 -38.01797
0.090042 0.06717236 0.3163164 55.09504 214.8862 -39.85003
0.1088408 0.09134228 0.3019121 53.15611 213.6801 -40.91873
0.1220244 0.08182079 0.2787187 52.55305 211.6496 -42.70499
0.1222686 0.08206493 0.2582109 52.63702 209.3442 -44.72026
0.1349639 0.09036572 0.2472246 52.22481 206.474 -46.38438
0.1581572 0.09842236 0.2401445 53.59885 203.3595 -48.94164
0.1813506 0.1160005 0.2294023 55.86603 200.9473 -52.04851
0.2072295 0.1367524 0.2335527 60.49961 198.0694 -56.85003
0.2357939 0.07474072 0.2303789 66.88893 196.0389 -60.99507
0.2484893 0.1819184 0.2176836 70.62176 193.7641 -66.7737
0.248001 0.2087739 0.2025468 76.95763 191.6496 -76.01034
0.2238311 0.1728853 0.1937578 77.58359 192.3442 -82.34621
0.1920928 0.1450532 0.154207 77.96527 191.0236 -88.48362
0.1772002 0.1059907 0.1295488 75.42329 190.1305 -93.01797
0.1674346 0.06790478 0.08780074 70.40802 190.7183 -96.65156
0.1449736 0.03201611 0.03726363 62.93473 188.9626 -98.72026
0.1308135 -0.03634326 -0.01742387 55.74389 186.6878 -100.2851
0.1154326 -0.07760303 -0.05453324 48.52252 184.0542 -100.5829
0.08320606 -0.1396147 -0.08749223 42.72863 180.1916 -100.2622
0.0678252 -0.1601226 -0.09945512 35.11794 177.3595 -98.39965
0.05635059 -0.1940581 -0.1358321 29.39275 173.3519 -97.01034
0.04414356 -0.2297026 -0.1631758 27.60649 167.1992 -95.8882
0.05757129 -0.2402007 -0.1741621 23.36985 160.8557 -93.49889
0.06269825 -0.2318999 -0.1746504 20.8355 154.0771 -92.70499
0.09761036 -0.268521 -0.1658614 19.16374 148.0236 -91.7279
0.1120147 -0.2575347 -0.1609786 23.14084 140.1 -92.934
0.1278838 -0.2651031 -0.1224043 23.8355 132.1534 -93.75843
0.1513213 -0.2931792 -0.06796098 23.82023 125.8939 -93.78896
0.1686553 -0.3051421 -0.01620317 23.19427 119.5122 -93.74316
0.1928252 -0.331021 0.04873824 23.75153 114.0542 -93.44545
0.21846 -0.3373687 0.09951949 25.53015 109.619 -94.06377
0.2531279 -0.3542144 0.1651933 29.31641 105.7565 -95.17065
0.2877959 -0.3864409 0.216707 32.33931 103.2526 -95.61339
0.3305205 -0.3864409 0.2765214 34.26297 101.2832 -95.47599
0.3493193 -0.4062163 0.3199785 34.01107 100.1534 -95.28515
0.35054 -0.4181792 0.3568437 36.49198 99.48928 -95.90347
0.3566436 -0.4198882 0.4015214 36.78206 100.2297 -95.71263
0.4201201 -0.1659819 0.4212968 25.56069 102.161 -96.8424
0.3808135 -0.3981597 0.4386308 32.82786 102.0542 -99.8882
0.383499 -0.4660308 0.4759843 41.27824 104.5427 -94.33858
0.4157256 -0.4460113 0.4830644 53.58359 106.0618 -94.8195
0.4167022 -0.4225738 0.4686601 53.84313 108.558 -95.934
0.4066924 -0.4333159 0.4286211 52.51488 111.642 -96.38438
0.4020537 -0.4562652 0.4039629 50.50725 112.9778 -94.39201
0.3971709 -0.4572417 0.36075 50.40801 114.0313 -93.7737
0.2440947 -0.2814605 0.4779375 15.69046 25.63432 15.44768
0.6027373 0.3640473 0.7779863 51.18664 86.39005 -57.50652
