2.289799 0.4205938 -0.1941729 -230.6163 166.7218 -248.4563
2.289799 0.02215637 -0.2605791 -230.6163 185.5539 -248.4563
2.289799 -0.7971796 -0.2605791 -230.6163 228.4776 -248.4563
2.289799 -0.9802851 -0.2605791 -230.6163 177.1111 -248.4563
2.289799 -1.089416 -0.2605791 -230.6163 184.4623 -248.4563
2.289799 -1.489074 -0.2605791 -230.6163 205.6608 -248.4563
2.289799 -1.774963 -0.2605791 -230.6163 222.3631 -248.4563
2.289799 -1.774963 -0.2605791 -230.6163 231.0959 -248.4563
2.289799 -1.774963 -0.2605791 -230.6163 231.0959 -248.4563
2.289799 -1.774963 -0.2605791 -230.6163 231.0959 -248.4563
2.289799 -1.774963 -0.2605791 -230.6163 231.0959 -248.4563
1.271061 -1.774963 -0.2605791 -230.6163 231.0959 -248.4563
0.8047524 -1.774963 -0.2605791 -230.6163 231.0959 -248.4563
1.95612 1.072449 -0.258626 208.3302 -49.57588 251.8109
1.925846 2.224976 0.0958662 170.5592 -95.2858 251.8109
1.610905 2.224976 0.08243847 154.4753 -106.4385 233.3605
1.696598 2.224976 0.0477705 136.5134 -103.0568 190.6124
1.709782 2.224976 0.2989912 142.8341 -113.095 137.2918
1.631413 2.224976 0.4833174 151.8951 -108.1789 83.23838
1.520817 2.224976 0.4781904 137.773 -105.7285 39.7193
1.419499 2.224976 0.4991865 98.31497 -115.4843 0.9788397
1.452946 2.224976 0.5848799 67.75772 -121.8889 -46.17383
1.624088 2.224976 0.8214521 44.68902 -124.2324 -106.5708
1.68195 2.224976 1.068767 15.84169 -107.3621 -165.5937
1.784245 2.224976 1.115153 -15.87586 -97.69801 -220.8609
1.912418 2.224976 1.129313 -51.30334 -91.37741 -248.4563
2.109684 2.224976 1.206218 -79.99037 -81.53008 -248.4563
2.274479 2.224976 1.267253 -101.0896 -69.01863 -248.4563
2.289799 2.224976 1.260417 -116.0438 -57.68275 -248.4563
2.289799 2.224976 1.252849 -131.6927 -46.32397 -248.4563
2.289799 2.224976 1.284343 -144.6469 -33.1942 -248.4563
2.289799 2.224976 1.229899 -152.9827 -18.23237 -248.4563
2.289799 2.224976 1.168132 -164.6621 -6.201833 -248.4563
2.289799 2.224976 1.126384 -184.9446 8.050076 -248.4563
2.289799 2.224976 1.083171 -204.3568 24.48519 -248.4563
2.289799 2.151551 0.9603682 -224.7232 38.88214 -248.4563
2.289799 1.912293 0.9232588 -230.6163 55.32489 -248.4563
2.289799 1.631775 0.7433271 -230.6163 72.36305 -248.4563
2.289799 1.5224 0.6888838 -230.6163 92.19511 -248.4563
2.289799 1.358338 0.5272627 -230.6163 112.8211 -248.4563
2.289799 1.047791 0.3722334 -230.6163 131.9279 -248.4563
2.289799 0.889588 0.2418623 -230.6163 159.4547 -248.4563
2.289799 0.7760626 0.1141768 -230.6163 185.7371 -248.4563
2.289799 0.5399786 -0.07283497 -230.6163 209.218 -248.4563
2.289799 0.2841192 -0.2281084 -230.6163 231.0959 -248.4563
2.289799 0.07000793 -0.2605791 -230.6163 231.0959 -248.4563
2.289799 -0.6921991 -0.2605791 -230.6163 231.0959 -248.4563
2.289799 -0.9976191 -0.2605791 -230.6163 231.0959 -248.4563
2.289799 -1.170959 -0.2605791 -230.6163 231.0959 -248.4563
2.289799 -1.774963 -0.2605791 -230.6163 231.0959 -248.4563
2.289799 -1.774963 -0.2605791 -230.6163 231.0959 -248.4563
2.289799 -1.774963 -0.2605791 -230.6163 231.0959 -248.4563
2.289799 -1.774963 -0.2605791 -230.6163 231.0959 -248.4563
2.289799 -1.774963 -0.2605791 -230.6163 231.0959 -248.4563
2.106022 -1.774963 -0.2605791 -230.6163 231.0959 -248.4563
0.9837075 -1.774963 -0.2605791 -230.6163 231.0959 -248.4563
0.9441567 -1.774963 -0.2605791 -230.6163 231.0959 -248.4563
0.2698403 -1.774963 -0.2605791 -133.4331 61.22565 -211.6318
-0.2836265 -1.774963 -0.2605791 -25.63159 -37.78962 -150.1051
-1.064144 -1.774963 -0.2605791 42.22337 -99.15604 -79.58604
-1.316585 -1.774963 -0.2605791 40.1394 -144.3621 -21.60895
-1.328548 -1.774963 -0.2605791 64.0707 -192.3927 26.55136
-1.172542 -1.774963 -0.2605791 57.97147 -233.1408 56.03991
-0.7008628 -1.774963 -0.2605791 71.10887 -266.7362 77.81853
-0.3605308 -1.774963 -0.2605791 79.9562 -269.1713 109.0857
-0.06487647 -1.774963 -0.2605791 100.9562 -269.1713 136.0094
0.2559243 -1.774963 -0.1768389 118.4524 -269.1713 167.9865
0.5281411 -1.774963 0.1905928 145.2997 -269.1713 194.0475
0.7915689 -1.774963 0.6056318 162.1318 -269.1713 218.8033
0.9641763 -1.774963 0.9110518 184.8417 -269.1713 239.4369
1.038883 -1.774963 1.221599 204.918 -260.553 251.8109
1.087223 -1.774963 1.324626 218.7806 -248.0644 251.8109
1.052067 -1.654846 1.418376 235.7654 -233.6675 251.8109
1.032292 -1.280334 1.49406 249.0325 -207.7133 251.8109
0.9624673 -1.061584 1.430339 254.9333 -187.7438 251.8109
0.9387856 -0.9514765 1.398112 251.773 -173.9881 251.8109
0.942936 -0.8306269 1.381755 251.5058 -158.2476 251.8109
0.9090005 -0.6880487 1.316813 245.0554 -143.3316 251.8109
0.8848306 -0.580871 1.239909 238.3302 -133.2629 251.8109
0.8523599 -0.4827265 1.116862 229.5516 -124.5606 251.8109
0.882145 -0.443664 1.080485 220.1928 -117.3927 251.8109
0.902897 -0.4014277 1.023601 213.5211 -109.9194 251.8109
0.9141274 -0.3582147 0.9762373 212.4371 -105.3316 251.8109
0.9334146 -0.3599237 0.9423018 217.4677 -101.3392 251.8109
0.9715005 -0.2754511 0.8839521 224.9409 -97.85832 251.8109
1.015934 -0.2361444 0.8622236 222.2234 -94.69038 251.8109
1.075993 -0.1978143 0.8544111 232.8341 -91.33923 251.8109
1.146793 -0.1223749 0.8307295 238.2997 -88.62167 251.8109
1.23029 -0.08331238 0.7816572 248.5364 -85.82779 251.8109
1.308903 -0.05718933 0.7540693 255.4906 -82.48428 251.8109
1.357731 -0.04986511 0.7399092 262.3455 -79.95756 251.8109
1.45319 -0.0125116 0.6923018 269.6508 -74.56061 251.8109
1.521305 0.01580872 0.6188154 269.6508 -68.49954 251.8109
1.571842 0.05438293 0.5507002 269.6508 -63.42321 251.8109
1.628483 0.08709778 0.4554853 269.6508 -58.24 251.8109
1.68195 0.2067267 0.3434248 269.6508 -54.90412 251.8109
1.705387 0.2902228 0.1654463 269.6508 -53.74382 251.8109
1.764713 0.3807989 -0.01253223 269.6508 -55.27817 251.8109
1.84235 0.4284063 -0.1455889 269.6508 -65.89648 251.8109
1.748844 0.6774298 -0.2107744 265.8264 -70.92702 251.8109
1.997624 0.6090704 -0.2605791 262.1089 -71.68275 251.8109
2.027164 0.8224493 -0.2605791 244.5135 -82.79726 251.8109
2.126774 0.8102423 -0.2605791 238.8035 -91.5377 251.8109
2.20319 0.9218145 -0.2605791 224.1547 -99.11786 251.8109
2.289799 0.9540411 -0.2605791 219.2005 -106.6751 251.8109
2.289799 -0.7468866 -0.2605791 -230.6163 105.6989 -248.4563
0.6006509 -1.774963 1.732341 64.59742 -187.5301 167.4216
0.7324868 -1.774963 1.969157 64.55925 -171.1789 201.7651
0.9109536 -1.774963 2.058513 67.94856 -148.8889 233.6659
0.9434243 -1.774963 2.138347 64.83406 -127.5224 251.8109
0.9834634 -1.774963 2.166911 68.22337 -108.1637 251.8109
1.004948 -1.774963 2.139567 76.49055 -88.72855 251.8109
0.9673501 -1.774963 2.074138 82.39131 -70.53008 251.8109
0.9649087 -1.674133 1.982097 89.76537 -57.14076 251.8109
0.9507485 -1.454162 1.899821 100.0783 -43.96519 251.8109
0.8792153 -1.22882 1.772868 102.0402 -32.38504 251.8109
0.8345376 -1.039367 1.635905 106.8799 -24.99573 251.8109
0.7534829 -0.8552851 1.551433 118.7272 -17.06443 251.8109
0.8067056 -0.7380976 1.416911 120.3761 -12.72855 251.8109
0.7776528 -0.7036737 1.405437 125.8341 -8.072062 251.8109
0.7930337 -0.6140741 1.337565 138.1012 0.2256489 251.8109
0.774479 -0.4866327 1.199382 149.628 1.233282 251.8109
0.7422524 -0.429748 1.186931 167.3226 0.9203053 251.8109
0.7637368 -0.428039 1.104899 185.1241 6.599693 251.8109
0.7117349 -0.3662714 1.092692 194.6967 3.225649 251.8109
0.7376138 -0.3272089 1.027263 205.1318 5.798168 251.8109
0.7642251 -0.2925409 1.021159 212.857 10.36305 251.8109
0.7947427 -0.2837519 0.9491377 219.6051 13.20275 251.8109
0.8184243 -0.24591 0.894206 220.1394 16.09588 251.8109
0.8186685 -0.1904901 0.8292646 217.4982 18.24092 251.8109
0.8997231 -0.1438593 0.756999 213.7348 19.10351 251.8109
0.948063 -0.0984491 0.7162275 212.857 18.09588 251.8109
1.031559 -0.06768738 0.6725264 210.9104 18.60733 251.8109
1.107487 -0.05132996 0.6344404 211.46 18.7829 251.8109
1.200993 -0.04327332 0.59196 214.7119 18.31725 251.8109
1.281071 -0.01837097 0.5714521 208.2997 19.20275 251.8109
1.35236 0.01507629 0.5787764 203.4524 19.58443 251.8109
1.439762 0.08392395 0.5892744 200.3837 19.95847 251.8109
1.515934 0.1654669 0.5089521 188.399 28.31725 251.8109
1.522526 0.2877814 0.3636885 199.7806 10.50809 251.8109
1.725163 0.3505255 0.2421064 191.3913 12.10351 251.8109
1.627995 0.5582891 0.4679365 191.7196 15.44702 251.8109
1.758854 0.5670782 0.3439131 184.0478 16.09588 251.8109
1.871159 0.5260626 0.2836103 173.0325 14.17221 251.8109
1.936344 0.6488653 0.2904463 167.7119 10.76763 251.8109
2.060368 0.650086 0.2960615 159.544 11.24092 251.8109
2.179996 0.7557989 0.277751 154.6814 10.72947 251.8109
2.289799 0.8012091 0.2460127 150.1852 9.691298 251.8109
2.289799 0.860047 0.1986494 150.46 7.935572 251.8109
2.289799 1.01117 0.1644697 148.2539 9.530993 251.8109
