1.555729 2.224976 1.602702 -64.8606 71.88214 -248.4563
1.525944 2.224976 1.58488 -62.61632 85.85924 -248.4563
1.57404 2.200867 1.301677 -64.99037 85.79053 -248.4563
1.537418 2.013123 1.237712 -67.18884 93.83633 -248.4563
1.527409 1.897156 1.199138 -73.16594 96.63786 -248.4563
1.537907 1.769227 1.148356 -77.28807 101.989 -248.4563
1.540104 1.605652 1.095134 -83.89876 104.4928 -248.4563
1.538395 1.466004 1.072185 -87.69266 109.2562 -248.4563
1.505436 1.352723 1.040202 -93.38731 112.1188 -248.4563
1.495182 1.281678 1.029216 -98.68503 117.218 -248.4563
1.444889 1.193543 1.008952 -106.7156 123.4318 -248.4563
1.43317 1.063416 0.9623213 -114.8072 131.4928 -248.4563
1.404118 0.9533087 0.9418135 -125.1201 140.1035 -248.4563
1.263737 0.8378302 0.9042158 -136.8759 150.4699 -248.4563
1.409977 0.6571661 0.6898603 -159.4865 163.0043 -248.4563
1.237858 0.4752813 0.6935225 -182.4408 175.3325 -248.4563
0.8499185 0.2863165 0.6239424 -215.3186 188.8211 -248.4563
0.7215005 0.08831848 0.4110518 -230.6163 193.5768 -248.4563
0.6174966 -0.1734003 0.3824873 -230.6163 206.6608 -248.4563
0.6978189 -0.3596796 0.1744795 -230.6163 220.0959 -248.4563
0.6150552 -0.7532343 0.01188183 -230.6163 231.0959 -248.4563
0.5647622 -1.006896 -0.1487627 -230.6163 231.0959 -248.4563
0.3599282 -1.774963 -0.2605791 -230.6163 231.0959 -248.4563
0.2263833 -1.774963 -0.2605791 -230.6163 231.0959 -248.4563
0.2525064 -1.774963 -0.2605791 -230.6163 231.0959 -248.4563
1.389958 2.096375 0.7247725 153.147 -222.843 221.5437
1.390934 2.224976 1.559245 -79.82243 23.91267 -232.8914
1.493717 2.224976 1.534099 -70.73082 36.74473 -248.4563
1.521305 2.224976 1.465007 -73.16594 48.34015 -248.4563
1.744694 2.224976 1.275798 -65.47891 66.63786 -248.4563
1.60944 2.224976 1.212321 -76.47128 62.76 -248.4563
1.665348 2.224976 1.089763 -72.26518 72.32489 -248.4563
1.690739 2.191346 1.017497 -82.71556 78.5768 -248.4563
1.684635 2.07367 0.9557295 -87.72319 83.38596 -248.4563
1.706852 1.956238 0.9073896 -95.53998 87.35542 -248.4563
1.716618 1.877381 0.8790693 -103.8835 92.12642 -248.4563
1.726139 1.805359 0.8568525 -113.5553 98.25618 -248.4563
1.7486 1.743104 0.836833 -124.6698 104.8898 -248.4563
1.78278 1.65326 0.7967939 -135.6698 112.3478 -248.4563
1.829899 1.582947 0.7530928 -149.8148 120.9203 -248.4563
1.862614 1.470154 0.7079268 -163.2346 130.989 -248.4563
1.897038 1.397156 0.6273603 -175.227 141.4547 -248.4563
1.932682 1.25116 0.5443525 -188.4484 154.9203 -248.4563
1.966374 1.04535 0.3956709 -203.2957 165.2791 -248.4563
1.947575 0.8016973 0.2486982 -216.7079 179.0501 -248.4563
1.97443 0.6388556 0.1398115 -230.6163 189.0959 -248.4563
1.960026 0.3263556 -0.04939747 -230.6163 203.2486 -248.4563
1.60529 -0.2332147 -0.1363115 -230.6163 220.9737 -248.4563
1.432438 -0.06817566 -0.2605791 -230.6163 210.9585 -248.4563
1.344303 -0.4121698 -0.2605791 -230.6163 222.4623 -248.4563
1.356754 -0.6755976 -0.2605791 -230.6163 231.0959 -248.4563
1.293034 -1.058654 -0.2605791 -230.6163 231.0959 -248.4563
1.078434 -1.59259 -0.2605791 -230.6163 231.0959 -248.4563
1.043522 -1.774963 -0.2605791 -230.6163 231.0959 -248.4563
1.053043 -1.774963 -0.2605791 -230.6163 231.0959 -248.4563
1.001286 -1.774963 -0.2605791 -230.6163 231.0959 -248.4563
0.7454263 -1.774963 -0.2605791 -230.6163 231.0959 -248.4563
0.477604 -1.774963 -0.2605791 -230.6163 231.0959 -248.4563
0.4414712 -1.774963 -0.2605791 -230.6163 231.0959 -248.4563
0.1035806 -1.774963 -0.2605791 -230.6163 231.0959 -248.4563
-0.4664878 -1.774963 -0.2605791 -230.6163 231.0959 -248.4563
-1.003109 -1.774963 -0.2605791 -230.6163 167.8134 -193.4563
-1.533138 -1.774963 -0.2605791 -159.3415 102.5386 -126.2196
-1.71014 -1.774963 -0.2605791 -103.1736 21.46229 -58.51735
-1.71014 -1.774963 -0.2605791 -63.42548 -39.01099 -3.662382
-1.71014 -1.774963 -0.2605791 -70.37968 -81.00336 51.30708
-1.677425 -1.774963 -0.2605791 -68.76135 -122.9728 95.58952
-1.4035 -1.774963 -0.2605791 -69.42548 -154.2171 127.643
-1.069027 -1.774963 -0.2605791 -61.70029 -172.4995 153.4598
-0.9403647 -1.774963 -0.2605791 -44.61632 -203.8125 173.0246
-0.6823081 -1.774963 -0.2605791 -28.66212 -219.0797 194.5514
-0.4330405 -1.774963 -0.2605791 9.162305 -227.2934 206.8338
-0.1163901 -1.774963 -0.1233721 45.32261 -233.1942 215.5437
0.03033838 -1.774963 0.09733105 77.55925 -236.4461 223.7269
0.2573892 -1.774963 0.3216963 108.1165 -233.2018 236.7651
0.2700845 -1.648254 0.5050459 143.8722 -237.4919 243.5972
0.3013345 -1.379211 0.6061201 172.9638 -229.553 250.1086
0.3499185 -0.5674433 0.8531904 182.773 -234.5682 251.8109
0.5076333 0.3073126 0.6556807 184.9104 -196.4003 251.8109
0.5137368 -0.8735956 0.7975264 267.231 -202.7438 229.1163
0.4544106 -0.2754511 0.7272139 246.1165 -193.7285 245.2384
0.3999673 -0.3501581 0.6693525 269.2844 -185.7362 247.8338
0.4663735 0.02435364 0.6466475 264.605 -179.0034 249.0018
0.3489419 -0.01837097 0.6522627 258.2844 -177.3621 250.4292
0.3093911 0.1513068 0.6009932 247.4524 -172.3087 251.0704
0.2996255 0.1837775 0.600749 231.8799 -169.4766 251.8109
0.3323403 0.294129 0.6002607 223.6051 -168.0034 250.8796
0.3950845 0.332215 0.5463057 215.9638 -166.614 249.2308
0.4436685 0.3065802 0.5284834 208.9562 -167.8965 248.1926
0.4863931 0.3217169 0.5455732 197.086 -167.698 250.9178
0.5786782 0.2474982 0.5812178 191.5287 -166.7133 251.8109
0.6340981 0.2426154 0.5970869 183.0554 -164.8354 251.8109
0.6985513 0.2411505 0.7450361 169.6127 -161.9576 251.8109
0.7285806 0.2514044 0.789958 169.4982 -160.0415 251.8109
0.7542153 0.2455451 0.8199873 172.3455 -158.3927 251.8109
0.7793618 0.2704474 0.821208 175.8188 -157.011 251.8109
0.8013345 0.2780157 0.8214521 179.9333 -155.1789 251.8109
0.8181802 0.2831427 0.7972822 184.918 -153.5148 251.8109
0.8506509 0.3451544 0.7652998 189.9562 -154.9728 251.8109
0.8833657 0.3593146 0.8026533 196.7348 -152.0034 251.8109
0.8286782 0.4440313 0.7377119 198.3455 -153.1637 251.8109
0.8779946 0.601502 0.7445478 214.9638 -154.553 251.8109
0.9942056 0.5731817 0.6002607 228.6967 -152.3774 251.8109
1.031559 0.5477911 0.5863447 237.4447 -154.2018 251.8109
1.02985 0.623963 0.4576826 256.544 -154.4537 251.8109
1.02985 0.6737677 0.4195967 261.5822 -159.1255 251.8109
1.028141 0.8854376 0.4252119 266.1089 -160.9499 251.8109
1.055973 1.001404 0.347331 269.6508 -163.782 251.8109
1.073307 1.191834 0.3400068 269.6508 -165.5835 251.8109
1.16193 1.394959 0.3173018 269.6508 -169.866 251.8109
1.162663 1.570008 0.2953291 269.6508 -172.9118 251.8109
1.161686 1.665467 0.2894697 269.6508 -181.4537 251.8109
1.246647 1.778504 0.2943525 269.6508 -179.9499 251.8109
1.437321 1.802918 0.1102705 251.7806 -181.9041 251.8109
1.409977 2.08368 0.4047041 250.0554 -189.614 251.8109
1.407292 2.047303 0.3956709 232.4753 -193.1484 251.8109
1.316227 2.180115 0.4552412 216.3455 -198.2782 251.8109
1.522526 -1.184875 -0.2605791 -230.6163 231.0959 -248.4563
0.4629556 -1.744201 0.5848799 169.2081 -269.1713 239.6506
0.5820962 -1.506408 0.7540693 192.544 -262.469 251.8109
0.6399575 -1.286193 0.8527021 229.3608 -250.3316 251.8109
0.6016274 -0.5408319 0.9689131 233.3302 -249.7285 251.8109
0.7927896 0.4891973 0.8111982 263.6737 -229.2171 251.8109
0.623356 -0.6052851 1.187663 269.6508 -238.3698 251.8109
0.6731606 -0.07891785 1.217937 269.6508 -212.7209 251.8109
0.6892739 -0.2454217 1.164714 269.6508 -200.5682 251.8109
0.6648599 -0.04058777 1.113933 269.6508 -191.5453 251.8109
0.6123696 -0.02252136 1.127604 269.6508 -181.927 251.8109
0.5564614 0.07049622 1.142253 269.6508 -172.5377 251.8109
0.5098306 0.07293762 1.143962 269.6508 -162.1713 251.8109
0.4849282 0.08612122 1.144938 269.6508 -153.7744 251.8109
0.4507485 0.09930481 1.133952 269.6508 -145.1942 251.8109
0.4509927 0.1520392 1.111979 269.6508 -137.2858 251.8109
0.4570962 0.1923224 1.100261 269.6508 -129.3392 251.8109
0.4942056 0.2570196 1.086589 269.6508 -122.6675 251.8109
0.5012856 0.2824103 1.045573 269.6508 -115.3469 251.8109
0.5152017 0.300965 1.029216 269.6508 -108.4614 251.8109
0.5781899 0.3012091 0.9752607 269.6508 -104.3163 251.8109
0.6675454 0.2667853 0.9264326 269.6508 -97.94992 251.8109
0.6983071 0.2203986 0.8588057 269.4295 -92.49954 251.8109
0.7080728 0.2308966 0.8097334 264.2921 -88.63695 251.8109
0.7420083 0.2387091 0.7530928 259.9791 -85.99573 251.8109
0.762272 0.2389533 0.696208 255.3302 -83.69038 251.8109
0.7183267 0.2457892 0.670085 250.6432 -82.98045 251.8109
0.7354165 0.2875372 0.5799971 248.6127 -82.01863 251.8109
0.8440591 0.2980353 0.4332685 249.7959 -84.5377 251.8109
0.8831216 0.3490607 0.4430342 236.689 -90.08733 251.8109
0.8540689 0.3195196 0.3900557 239.2539 -91.11786 251.8109
0.9343911 0.384461 0.4313154 238.3531 -94.02626 251.8109
1.005924 0.4257208 0.3487959 246.857 -90.56061 251.8109
