-0.8559336 -0.07575831 1.213251 -16.01774 41.49756 -24.5022
-0.825416 -0.09895166 1.202753 -16.34598 39.00137 -22.04418
-0.8210215 -0.08820948 1.240595 -16.7353 36.93267 -16.53273
-0.8163828 -0.09577784 1.255976 -15.33072 35.55099 -14.548
-0.7873301 -0.05036768 1.276239 -14.54446 34.87924 -11.71594
-0.7897715 -0.05891261 1.298944 -12.24675 31.72657 -8.418229
-0.7582774 -0.02815089 1.294306 -9.185679 30.33725 -6.27319
-0.7446055 -0.004713387 1.30163 -7.231481 31.24565 -6.425862
-0.7511973 0.01921239 1.317255 -5.193313 31.05481 -5.021282
-0.7555918 0.01139989 1.320429 -1.155145 28.43649 -3.097618
-0.7394785 0.01725927 1.308466 3.539511 26.81054 -2.35716
-0.7121348 0.03190771 1.303339 7.585313 28.03954 -3.891511
-0.7289805 0.04582372 1.314081 11.06623 27.51283 -4.219756
-0.7223887 0.07414403 1.327997 13.34867 25.87924 -2.639603
-0.7157969 0.08806005 1.33288 14.62348 24.50519 -1.784641
-0.7101817 0.1320054 1.326776 13.55478 24.58916 -1.609069
-0.7050547 0.1512925 1.334833 10.96699 24.64259 -0.1052518
-0.7013926 0.1718003 1.348505 8.684549 23.28382 1.452
-0.693336 0.1813218 1.354608 7.134931 23.11588 2.864214
-0.6825938 0.2069565 1.345575 5.60058 23.59679 2.85658
-0.6764903 0.2247788 1.348505 4.539512 24.04718 2.436733
-0.6774668 0.247728 1.344599 3.631114 23.34489 3.131389
-0.6642832 0.2706772 1.343134 3.00516 23.36015 2.100855
-0.6733164 0.2848374 1.340204 2.806687 23.78 0.4825344
-0.6886973 0.2833725 1.348993 3.318137 23.16931 -3.853343
-0.643043 0.3265854 1.345819 4.68455 23.06244 -0.8533434
-0.6364512 0.3007065 1.342646 6.676916 22.36779 -3.380061
-0.6508555 0.2994858 1.350458 9.562412 22.90214 -6.16632
-0.6572031 0.2884995 1.358271 11.39447 22.34489 -8.097619
-0.6598887 0.2787339 1.345819 12.40211 22.48229 -10.53273
-0.6559824 0.26848 1.339228 12.51661 22.29908 -11.33426
-0.6618418 0.2726304 1.3258 11.62348 21.85633 -12.09762
-0.660377 0.2311265 1.32995 10.06623 21.7342 -12.70067
-0.6513438 0.2186753 1.320185 8.592947 21.07008 -12.60907
-0.6489024 0.2150132 1.330194 5.234168 20.72657 -11.72357
-0.6530528 0.1925522 1.336298 1.38684 21.02427 -10.22739
-0.6576914 0.1759507 1.342401 -1.765832 21.03191 -9.112885
-0.6506114 0.160814 1.339228 -3.20858 20.55099 -8.196856
-0.6547617 0.1415268 1.330683 -3.50629 20.09298 -7.540367
-0.6513438 0.134935 1.33703 -2.223847 18.74947 -7.35716
-0.6476817 0.1283432 1.345819 -0.2772825 18.31435 -7.509832
-0.6408457 0.1422593 1.357538 1.508977 17.44412 -7.364793
-0.6323008 0.1605698 1.377802 2.356305 17.54336 -6.838076
-0.6218028 0.1776597 1.390741 3.196 17.79527 -6.990748
-0.6156992 0.2103745 1.404413 2.913557 18.04718 -6.929679
-0.6166758 0.2472397 1.429315 1.310504 18.24565 -5.433496
-0.5885996 0.265062 1.431757 -0.3459847 18.42886 -5.46403
-0.5729746 0.2794663 1.452509 -1.483389 19.97847 -6.204488
-0.5693125 0.2892319 1.478876 -2.345985 20.58916 -6.609068
-0.5436778 0.3058335 1.491571 -3.475756 23.27618 -7.967847
-0.5236582 0.33806 1.519892 -5.040641 25.56626 -8.425863
-0.5387949 0.3070542 1.511591 -5.949039 26.06244 -9.067084
-0.5158457 0.3361069 1.521356 -7.116978 29.15405 -8.647237
-0.5029063 0.344896 1.516474 -7.559726 32.56626 -11.63197
-0.1642832 0.6918198 2.34411 -13.36125 10.54336 -13.32663
-0.1562266 0.6251694 2.368769 -27.09408 20.19221 -19.82281
-0.1718516 0.5912338 2.379755 -30.29255 21.92504 -22.84571
-0.1672129 0.5406967 2.345575 -34.95667 25.32962 -25.5251
-0.181373 0.4342515 2.356073 -32.52919 30.76473 -28.46403
-0.1857676 0.4142319 2.382196 -29.56736 31.26092 -30.48693
-0.1645273 0.3905503 2.380976 -28.62079 33.8716 -32.40296
-0.1469492 0.388353 2.403193 -25.24675 37.03191 -35.54036
-0.1098398 0.3966538 2.445429 -22.46049 40.90977 -37.99838
-0.09275 0.3544175 2.486933 -19.65896 47.87924 -40.88388
-0.0602793 0.3788315 2.522821 -13.67423 51.28382 -44.76937
-0.06418555 0.3829819 2.601191 -8.643695 53.67313 -51.76937
-0.01389258 0.3929917 2.639765 -1.971939 58.79527 -54.63197
0.0388418 0.4239975 2.681269 1.264702 66.42885 -59.79227
0.09084375 0.4120347 2.732294 3.936458 75.7571 -63.5022
0.1167227 0.4105698 2.75915 7.211267 83.92503 -68.21212
0.1159902 0.3998276 2.798944 13.50898 90.76473 -73.89915
0.1074453 0.3986069 2.792353 17.18073 98.42885 -77.05182
0.2097402 0.4696518 2.751093 15.81432 101.8945 -78.46403
0.2981191 0.4755112 2.780634 13.15783 116.6808 -83.93731
0.3359609 0.4879624 2.7987 14.2418 127.9479 -87.57853
0.3703847 0.4718491 2.800653 16.42501 138.1006 -94.41823
0.393334 0.4298569 2.823359 24.2647 143.6426 -101.6091
0.4182363 0.45598 2.784784 28.58531 151.7647 -106.4182
0.471459 0.4955307 2.774286 26.3105 163.7647 -112.8228
0.5635 0.485521 2.654902 27.1273 183.3525 -119.1052
0.5188222 0.4999253 2.732538 33.22654 186.8182 -119.1892
0.5749746 0.570726 2.688349 34.1273 192.1769 -130.4259
0.5962148 0.5834213 2.670282 33.53188 205.9098 -136.7541
0.6362539 0.6166245 2.624384 31.196 215.7953 -141.2885
0.671166 0.6107651 2.558954 26.61585 226.2075 -149.1358
0.6777578 0.6156479 2.496698 23.67692 238.3296 -154.0671
0.7104726 0.6122299 2.442255 18.02806 246.0243 -159.9984
0.7134023 0.5787827 2.383173 13.67692 246.0243 -166.6167
0.7363515 0.5787827 2.295527 5.79142 246.0243 -171.403
0.7820058 0.5250717 2.147577 -2.674229 246.0243 -176.3877
0.8332754 0.4901597 1.980829 -10.33072 246.0243 -180.2885
0.8850332 0.48723 1.892939 -24.7811 246.0243 -181.3037
0.9416739 0.4982163 1.79748 -43.55972 246.0243 -175.8152
0.9399649 0.4757554 1.644403 -58.47575 246.0243 -174.5709
0.896752 0.4181382 1.555048 -68.68186 246.0243 -173.6549
0.9350821 0.3273179 1.341181 -64.28491 246.0243 -178.3419
0.7878652 0.4137436 1.304071 -62.75819 246.0243 -179.5862
0.7077871 0.2863022 1.108026 -71.65896 246.0243 -182.5098
0.6653066 0.3016831 1.034052 -78.29255 246.0243 -177.9908
0.6801992 0.2631089 0.9053897 -91.81927 246.0243 -180.2656
0.5622793 0.0817124 0.9151553 -79.29255 246.0243 -179.3419
0.5678945 0.167894 0.8814639 -70.13988 246.0243 -167.1129
0.7968984 0.2333237 0.1778506 -82.13988 246.0243 -173.464
0.702416 0.2357651 0.2518252 -96.59789 246.0243 -180.5785
0.7695547 0.1891343 0.3131045 -113.346 246.0243 -187.0137
0.7221914 0.1742417 0.5982608 -110.1322 246.0243 -190.3266
0.8567129 0.1136948 0.6981143 -102.033 246.0243 -194.6396
0.9355703 0.1134507 0.822626 -96.26202 246.0243 -199.7007
1.054467 0.07170263 0.8992862 -86.23911 246.0243 -206.3037
1.107445 0.06901708 0.9403018 -70.56736 246.0243 -216.8992
1.19851 0.0529038 0.9639834 -53.99484 246.0243 -230.1053
1.224145 -0.00593409 0.966669 -39.04064 246.0243 -242.319
1.288109 -0.05964503 0.9783877 -31.7582 246.0243 -248.5709
1.251977 -0.08552393 1.022821 -29.46049 246.0243 -248.5709
1.311791 -0.2005142 0.9664248 -29.88797 246.0243 -248.5709
1.331566 -0.2989028 0.9095401 -32.65133 246.0243 -248.5709
1.367211 -0.3902114 0.8389834 -39.16278 246.0243 -248.5709
1.365014 -0.4912857 0.7745303 -42.55972 246.0243 -248.5709
1.329369 -0.6223892 0.7244815 -39.07881 246.0243 -248.5709
1.255395 -0.6433853 0.6519717 -41.08644 246.0243 -248.5709
1.219994 -0.7188248 0.5296573 -45.70476 246.0243 -248.5709
1.098168 -0.6414322 0.6387881 -60.42232 246.0243 -233.7999
1.122826 -0.7217545 0.4556827 -58.42995 246.0243 -216.6854
1.03225 -0.7576431 0.4395694 -69.7353 246.0243 -211.5251
1.00515 -0.6392349 0.3631533 -83.52919 246.0243 -204.8763
1.14724 -0.865065 0.1192569 -77.57499 246.0243 -191.6167
1.134057 -0.844313 0.1617373 -61.64369 246.0243 -204.0137
1.149438 -0.7442154 0.2869815 -48.25438 246.0243 -191.8763
1.148461 -0.6472916 0.428583 -40.20858 246.0243 -195.0824
1.190941 -0.5730728 0.480585 -31.8727 246.0243 -194.5633
1.234398 -0.582106 0.5616397 -27.99484 246.0243 -194.5404
1.261498 -0.555983 0.6497745 -13.28492 246.0243 -198.0442
1.335229 -0.5059341 0.6356143 -5.903237 246.0243 -192.9678
1.407006 -0.5000748 0.6014346 -3.338351 246.0243 -197.2885
1.4385 -0.5244888 0.5716495 6.226534 246.0243 -195.9831
1.450219 -0.4690689 0.5384463 12.76089 246.0243 -197.8686
1.444359 -0.448561 0.4825381 13.24944 246.0243 -200.6091
1.45852 -0.4280532 0.4271182 12.97463 246.0243 -195.7159
1.394799 -0.4383071 0.3297061 10.55478 246.0243 -200.1663
1.360375 -0.4146255 0.2545108 4.867756 246.0243 -196.7465
1.2864 -0.5015396 0.1741885 4.417374 246.0243 -196.4869
1.300805 -0.3867935 0.1175479 -4.048275 246.0243 -198.6472
1.254174 -0.424147 0.0269717 -15.56736 246.0243 -189.7999
1.229516 -0.4522232 -0.007940412 -22.36125 246.0243 -188.8763
1.156762 -0.524733 -0.05945408 -25.57499 246.0243 -188.3953
-0.528541 -0.174147 1.684442 18.71508 -3.372672 4.062687
-0.5280528 -0.1797622 1.673944 25.49371 -2.22 1.055053
-0.5375742 -0.151686 1.681757 30.74562 -1.609313 -1.479298
-0.5268321 -0.1492446 1.680536 36.1731 -1.571145 -3.494565
-0.5217051 -0.1599868 1.681024 43.34104 -1.479542 -6.860977
