0.9794463 -0.03121631 0.9064043 -11.58435 -0.4725495 29.91333
0.9704131 -0.03316943 0.9120195 -11.85916 0.4358473 28.43241
0.9777373 -0.04024951 0.9020098 -12.06527 2.496916 26.59272
0.9640655 -0.03951709 0.8946856 -11.9355 4.061801 24.46295
0.9599151 -0.04220263 0.8898027 -11.82099 6.008366 22.24157
0.9589385 -0.04732959 0.8678301 -11.76756 7.588519 20.11943
0.9669951 -0.06100147 0.8539141 -11.48512 9.130505 17.88279
0.9696807 -0.06466358 0.8353594 -11.26374 10.73356 16.02783
0.9645537 -0.0641753 0.817293 -10.87443 11.64959 14.03547
0.9726104 -0.07687061 0.8119219 -10.17977 12.55035 12.40188
0.9691924 -0.09225147 0.7857988 -9.477481 13.54272 10.60798
0.970169 -0.09151905 0.7816484 -7.660687 13.80226 8.85226
0.9657744 -0.09737843 0.7621171 -7.622519 14.02363 7.753023
0.9530791 -0.09054249 0.7516191 -10.0271 13.00837 7.493481
0.9340362 -0.04122607 0.7401445 -20.9813 11.62669 9.157603
0.935501 -0.07223194 0.7867754 -25.1874 11.28318 10.14997
0.9801787 -0.03341357 0.8495195 -50.74466 8.008366 12.92096
0.9926299 -0.04610888 0.9007891 -46.82863 11.83279 12.46295
1.024124 -0.1503569 0.9010332 -50.58435 14.00073 13.09653
1.024612 -0.100064 0.8949297 -49.72939 14.28317 12.44005
1.019729 -0.1596343 0.8761309 -41.35535 15.68012 12.34844
1.034378 -0.1523101 0.8675859 -40.28664 15.81753 12.03547
1.051956 -0.1449858 0.8819902 -37.99657 15.56562 12.31791
1.038528 -0.1549956 0.8939531 -36.56908 17.52745 13.14234
1.060989 -0.1816069 0.8790606 -36.9813 18.44348 13.77592
1.063675 -0.1549956 0.8790606 -33.74466 20.35188 14.27974
1.067337 -0.1923491 0.8609941 -35.20267 20.44348 15.79119
1.051956 -0.1691558 0.8509844 -30.0729 21.98547 16.31027
1.06514 -0.1750151 0.8360918 -36.73702 20.98547 19.61562
1.079056 -0.192105 0.8465899 -35.28664 21.39005 21.07363
1.083694 -0.2001616 0.8461016 -33.92786 21.84806 22.61562
1.088089 -0.2016265 0.8373125 -32.22557 21.9244 23.80646
1.09761 -0.1989409 0.8219316 -28.37824 21.91676 24.96676
1.050491 -0.04708545 0.8888262 -16.94313 -1.884763 19.86753
1.039017 -0.08468311 0.8568438 -14.24847 6.74119 13.11944
1.033157 -0.07906787 0.8565996 -14.44695 6.977832 13.1805
1.035843 -0.08370655 0.8365801 -14.95076 7.054168 12.89806
1.046341 -0.09811085 0.826082 -14.85153 7.046534 13.22631
1.041702 -0.09591358 0.8194902 -14.89733 6.451114 13.37898
1.041702 -0.1034819 0.8058184 -14.66069 5.970198 13.81409
1.042435 -0.107144 0.8094805 -14.82099 5.573252 14.34844
1.040237 -0.1012847 0.7962968 -15.41641 5.20684 14.55455
1.029739 -0.1015288 0.7938554 -16.0271 4.557985 15.31791
1.039749 -0.1161772 0.7867754 -16.82863 3.573252 16.07363
1.032669 -0.1195952 0.7916582 -17.66069 3.046535 16.80646
1.033401 -0.11398 0.7828691 -18.38588 2.428214 17.56982
1.039261 -0.1193511 0.7904375 -18.80573 1.443481 18.52402
1.034378 -0.1271636 0.7919023 -19.21794 0.8938625 18.96676
1.035354 -0.1254546 0.8031328 -19.50801 0.275542 19.67669
1.034378 -0.1259429 0.8026445 -19.66069 -0.02980161 20.08127
1.039261 -0.1293608 0.7980058 -18.97366 -0.724458 20.45531
1.046097 -0.1208159 0.8094805 -19.01947 -0.9152977 20.86753
1.044144 -0.1217925 0.8214434 -19.47748 -0.8618626 21.27974
1.051712 -0.1066558 0.8211992 -20.50038 -0.816061 21.22631
1.049515 -0.1078765 0.8304766 -22.66832 -0.7168244 21.87516
1.056106 -0.1022612 0.8397539 -25.66832 -0.4114809 22.79119
1.05928 -0.07760303 0.8500078 -29.29428 0.3595114 22.63852
1.0793 -0.05733936 0.8585527 -36.12634 1.512183 22.91333
1.082474 -0.04586474 0.8522051 -45.65305 2.840427 23.66142
1.072952 -0.05538623 0.8597734 -55.38588 3.962565 24.27974
1.059524 -0.07735889 0.862459 -63.13397 4.832794 25.27211
1.045853 -0.1027495 0.8617266 -67.35535 5.519817 25.70722
1.036087 -0.1056792 0.8678301 -68.99657 6.382412 25.64615
1.028519 -0.124478 0.8595293 -67.45458 6.756458 25.49348
1.027786 -0.1464507 0.8863848 -62.55382 7.474016 25.19577
1.027054 -0.1359526 0.895418 -56.05 9.084702 24.07363
1.025101 -0.1291167 0.8836992 -51.8897 10.67249 23.76829
1.013382 -0.1181304 0.8680742 -50.45458 11.13814 23.74539
1.009476 -0.1181304 0.862459 -51.35535 11.67249 24.66142
1.015091 -0.1254546 0.8524492 -52.20267 12.03127 25.58508
1.013626 -0.1235015 0.841707 -54.05 11.49692 26.92096
0.9989776 -0.09566944 0.8387774 -62.66832 10.03127 29.14234
1.030228 -0.1549956 0.8722246 -55.61489 11.93966 29.47821
1.033646 -0.1542632 0.8805254 -50.92023 13.0618 28.10417
1.033401 -0.133023 0.859041 -44.52328 14.16104 28.40188
1.004349 -0.148648 0.826082 -39.36298 12.14577 28.98966
1.000198 -0.1369292 0.8290117 -36.74466 11.0389 29.23394
1.005081 -0.1276519 0.8336504 -33.31718 11.19157 29.63852
0.9987334 -0.1369292 0.8270586 -31.04237 10.59615 30.34081
0.9992217 -0.1188628 0.8124102 -27.63779 9.603786 30.19577
1.000931 -0.1137358 0.8111895 -26.43168 9.054169 31.40188
1.00386 -0.1149565 0.8136309 -25.43168 7.901496 32.02783
1.004593 -0.1137358 0.8097246 -24.73702 7.367145 32.67669
1.006302 -0.1144683 0.8021563 -22.96603 6.183939 33.1118
1.005081 -0.1130034 0.7962968 -22.05763 5.321343 33.94386
1.011185 -0.1183745 0.7921464 -20.0271 4.069435 34.56982
1.008743 -0.1193511 0.7870195 -17.89733 2.336611 35.0889
1.016556 -0.1186187 0.7928789 -14.46985 0.9701984 35.79119
1.022171 -0.1152007 0.7987382 -11.37824 -0.5488854 35.83699
1.027054 -0.1064116 0.79825 -8.424046 -1.732092 36.47821
1.026321 -0.1064116 0.8050859 -6.271374 -3.144305 37.14233
1.017044 -0.1034819 0.8041094 -4.553817 -4.419115 37.56218
1.024612 -0.09835499 0.8077715 -2.866794 -5.602321 37.94386
1.014847 -0.08272999 0.8170488 -1.607252 -6.503084 38.47821
1.013138 -0.08492725 0.8233965 -0.06526709 -7.464916 38.61562
1.016312 -0.07589405 0.8241289 0.8278623 -8.380947 39.0202
1.019974 -0.05587451 0.8343828 1.644657 -9.304611 38.93623
1.029495 -0.04366748 0.8402422 0.4385495 -9.77026 39.19577
1.036331 -0.02364795 0.8441484 -2.775191 -9.510717 39.56982
1.042435 -0.01412647 0.8453691 -8.126336 -9.472549 40.1576
1.038284 -0.01168506 0.8343828 -11.83626 -10.13667 40.60799
1.045853 -0.01998584 0.8399981 -14.56908 -10.56415 40.45531
1.046341 -0.01022022 0.8429277 -16.86679 -10.58705 40.1118
1.052444 -0.01437061 0.8495195 -19.69885 -10.54125 40.01257
1.053177 0.004672363 0.859041 -23.56908 -10.46492 39.87516
1.051956 0.008334473 0.857332 -27.12634 -10.40385 39.60035
1.050491 -0.005337402 0.8609941 -29.34771 -10.41148 39.30264
1.042679 0.001498535 0.8570879 -30.50038 -10.52598 38.57745
1.039017 -0.00826709 0.8663652 -30.92786 -10.54125 37.82172
1.033401 -0.008022949 0.8646563 -30.35534 -10.58705 37.11943
1.032913 -0.0119292 0.8761309 -29.50801 -10.73209 36.69959
1.022415 -0.01778857 0.8690508 -27.08053 -10.8695 35.92096
1.021683 -0.02022998 0.8724688 -23.76756 -11.14431 34.91333
1.02388 -0.01827686 0.879793 -20.75229 -11.30461 34.1118
1.031937 -0.01803271 0.8856524 -18.19504 -11.0527 33.51638
1.033401 -0.009731934 0.8800371 -16.05763 -11.44965 32.67669
1.043411 0.001498535 0.874666 -14.50802 -11.25117 32.40951
1.041458 -0.003140137 0.8812578 -13.9813 -11.31224 31.87516
1.0522 0.009555176 0.8866289 -13.68359 -11.85423 31.55455
1.050491 0.002719238 0.8832109 -13.74466 -11.67866 31.28737
1.056351 -0.001431152 0.8827227 -13.34008 -11.77789 30.9973
1.08638 0.04202588 0.9403399 9.911833 23.49692 24.83699
0.9706573 0.05618603 0.8265703 -2.813359 15.54272 18.0202
0.9743194 0.05545361 0.8387774 -5.340076 14.44348 17.88279
0.9740752 0.0583833 0.8392656 -7.424046 13.42058 17.29501
0.9762725 0.05789502 0.8446367 -8.530916 12.26027 16.46295
0.9748076 0.05911572 0.857332 -9.668321 11.55035 15.63089
0.9804229 0.06497509 0.8685625 -10.9813 10.68012 14.73012
0.9818877 0.06180127 0.888582 -12.27901 10.52745 13.64615
0.9838408 0.0530122 0.888582 -13.69122 10.1534 12.72249
0.9955596 0.05789502 0.9134844 -14.57672 10.1076 11.28737
1.000442 0.04983838 0.9139727 -15.0271 10.31371 10.43241
1.007034 0.03641064 0.9281328 -14.97366 10.21447 9.310275
1.0168 0.02542432 0.9107988 -14.86679 10.60379 7.974397
1.016556 0.01785596 0.9313066 -14.44695 10.82516 6.928596
1.023147 0.006137207 0.9271563 -14.04237 10.80226 6.27974
1.041214 -0.00460498 0.9391191 -13.0729 10.98547 5.226305
1.050735 -0.03194873 0.9188555 -10.75992 10.93966 4.394245
1.070999 -0.02560107 0.9300859 -7.851527 10.32134 3.722488
1.080032 -0.02657764 0.911043 -5.882061 9.771725 3.073633
1.08638 -0.03048389 0.9261797 -4.897328 9.748825 2.737755
1.092728 -0.03243701 0.9298418 -4.057633 10.45875 2.737755
1.091751 -0.03097217 0.9293535 -3.759924 11.13814 2.272106
1.089554 -0.03365772 0.9256914 -3.225573 10.9473 2.104168
1.088577 -0.03170459 0.9295977 -3.385878 11.59615 1.997297
1.090286 -0.04024951 0.9310625 -3.172137 12.52745 1.753023
1.081253 -0.03683154 0.9303301 -2.691222 13.22211 1.371344
1.074417 -0.05294483 0.921541 -1.45458 15.68012 0.4324131
1.07222 -0.05392139 0.9208086 -1.973664 16.29844 0.3331757
1.066116 -0.05782764 0.9183672 -2.576718 17.23737 0.1881371
