-0.516334 -0.1104263 1.244989 19.67692 -10.81542 -2.84571
-0.4985117 -0.09382471 1.281855 17.65402 -10.75435 -0.8838778
-0.458961 -0.08845362 1.355341 15.38684 -8.929924 1.23826
-0.4379649 -0.07258448 1.407343 13.73798 -6.914657 3.543603
-0.4150156 -0.0396255 1.442743 12.31814 -3.242901 4.955817
-0.4059824 -0.007154793 1.463251 11.1731 -0.3726721 6.009252
-0.3923106 0.01359716 1.483026 9.196 3.67313 7.062687
-0.3920664 0.03874364 1.471064 7.455542 8.070076 7.619939
-0.406959 0.05363622 1.442743 6.012794 11.31435 7.879481
-0.4162364 0.06755224 1.413446 5.554779 14.56626 7.612306
-0.4484629 0.0697495 1.35998 5.928824 16.56626 6.64284
-0.4740977 0.06535497 1.293329 7.287603 17.7113 5.337496
-0.504127 0.05803075 1.238886 9.058596 17.22275 4.139023
-0.5280528 0.06389013 1.171747 10.85249 15.8487 2.627573
-0.5483164 0.05339208 1.150995 12.34867 13.15405 1.207725
-0.5517344 0.04924169 1.150507 13.43264 10.6655 0.2000917
-0.5514903 0.03581396 1.150507 13.94409 7.795267 -0.3571602
-0.5412364 0.01750341 1.172724 14.94409 5.299084 -1.395328
-0.5224375 -0.000318855 1.219355 16.91356 3.176946 -2.219756
-0.5021739 -0.006666512 1.265009 19.29524 1.871603 -3.5709
-0.4770274 -0.02229151 1.317255 22.51661 1.016641 -4.631969
-0.4428477 -0.03205714 1.377313 25.15783 1.436488 -5.883878
-0.4220957 -0.03278956 1.409784 27.08913 1.634962 -6.723572
-0.4164805 -0.05915675 1.450556 30.08913 2.436488 -7.685404
-0.3835215 -0.04011378 1.481562 32.07386 3.451756 -8.509832
-0.3639903 -0.0552505 1.515253 32.61585 4.963206 -8.609069
-0.3312754 -0.07380518 1.55456 36.54715 7.215115 -10.34189
-0.3251719 -0.06477198 1.575556 39.05096 8.612061 -11.06708
-0.3005137 -0.078688 1.602411 41.89066 11.6655 -11.78464
-0.2846446 -0.09406885 1.629999 44.56241 14.54336 -12.14342
-0.2604746 -0.09187159 1.643183 45.53188 17.29145 -12.26556
-0.2365488 -0.08454737 1.66247 45.72272 20.05481 -12.11289
-0.2175059 -0.0991958 1.686884 47.21127 22.65786 -12.21212
-0.1938242 -0.1045669 1.703485 47.23417 25.50519 -11.76937
-0.1576914 -0.09846338 1.728388 46.47844 28.09298 -11.46403
-0.1371836 -0.1145767 1.763056 45.41737 30.16168 -10.86098
-0.09348242 -0.1197036 1.795771 44.69218 34.08534 -9.135787
-0.06516211 -0.09968409 1.836298 41.84486 37.04718 -8.196856
-0.05271094 -0.1070083 1.856562 40.03569 41.45939 -6.616703
0.02809961 -0.07185206 1.871698 37.47844 43.42886 -5.624336
0.06667383 -0.04231104 1.944696 32.18073 46.43649 -3.86861
0.1701895 0.0282456 1.990595 26.25707 55.04718 -3.708305
0.1672598 0.03019872 2.081171 21.79906 67.61969 -3.532732
0.2004629 0.006517082 2.144648 23.62348 69.39069 -3.670137
0.2744375 0.05876318 2.152948 18.38684 77.61206 -3.257924
0.3528066 0.06169286 2.208124 16.08913 84.67313 -4.204488
0.4028554 0.09465185 2.276239 12.98989 95.81053 -5.196855
0.5459219 0.122728 2.311884 6.249435 113.3449 -1.028916
0.6892324 0.03654638 2.375605 4.470809 143.4288 -3.074718
0.7104726 0.03019872 2.430048 1.150198 171.0319 -8.173955
0.6714101 0.1346909 2.566278 14.82195 184.6197 -10.38006
0.6860586 0.20598 2.636835 12.50898 188.3525 -7.937313
0.7212148 0.2750718 2.635126 -0.8421679 190.7342 6.703908
0.8125235 0.2325913 2.568476 14.37921 197.6579 -1.578534
0.8615957 0.3534409 2.486444 12.22653 211.467 -5.296092
0.9538809 0.3627182 2.462763 12.49371 229.1617 -12.00602
0.9802481 0.4618393 2.4508 6.112031 244.7724 -13.87624
0.9826895 0.5157944 2.377314 0.3334045 246.0243 -18.4564
0.9968496 0.546312 2.333612 -1.765832 246.0243 -26.02128
1.155785 0.6180893 2.242548 -10.9414 246.0243 -24.32663
1.156518 0.6027084 2.150751 -16.8727 246.0243 -28.36479
1.181908 0.591478 2.031122 -21.23911 246.0243 -32.21975
1.247094 0.4843003 1.750849 -35.39178 246.0243 -40.29609
1.276391 0.4708725 1.684442 -38.20858 246.0243 -42.777
1.334984 0.4283921 1.589228 -38.91087 246.0243 -44.48693
1.340356 0.4054429 1.527216 -39.10934 246.0243 -46.18159
1.364037 0.3763901 1.473993 -37.95667 246.0243 -49.79227
1.411889 0.3590561 1.404169 -31.06354 246.0243 -54.21975
1.454125 0.3776108 1.311151 -21.24675 246.0243 -61.89914
1.419213 0.3876206 1.284296 -15.05591 246.0243 -70.28846
1.487816 0.3702866 1.119501 -4.758199 246.0243 -74.47166
1.483178 0.3373276 1.077753 5.104397 246.0243 -84.44113
1.450463 0.3158432 0.99621 18.88302 246.0243 -95.02128
1.343529 0.325853 0.8780459 29.22654 246.0243 -105.3877
1.364037 0.2892319 0.7654971 35.18837 246.0243 -116.7694
1.311791 0.2621323 0.7261905 41.01279 246.0243 -123.7846
1.317406 0.1534897 0.6353702 47.37921 246.0243 -130.0213
1.242455 0.1183335 0.4800967 47.98989 246.0243 -133.2045
1.381615 0.08366552 0.209833 44.34867 246.0243 -140.2503
1.199242 0.02018896 0.3096865 35.28761 246.0243 -141.2198
1.244408 -0.1192153 0.2786807 27.2189 246.0243 -137.6854
1.215356 -0.1363052 0.2615908 11.38684 246.0243 -133.3572
0.7724844 -0.4319595 0.5938663 -44.49102 -145.0826 65.55124
0.3044668 -0.7263931 0.2376651 3.295237 -172.8078 111.0627
0.2722402 -0.7205338 0.1783389 4.70745 -179.5253 116.9176
0.2317129 -0.7251724 0.09459866 6.00516 -188.4566 123.4673
0.2121816 -0.7049088 0.03649318 5.577679 -196.9986 130.3146
0.2280508 -0.6631607 -0.009161115 2.692183 -203.0139 138.6657
0.2251211 -0.6651138 -0.06165135 3.157832 -215.846 141.0016
0.2468496 -0.6753677 -0.06165135 1.989893 -227.8078 147.2535
0.2854238 -0.6521744 -0.06165135 1.127298 -238.6551 153.0551
0.3266836 -0.6084732 -0.05847752 0.6311145 -249.365 158.452
0.3955312 -0.5720963 -0.02087986 2.058595 -254.2429 163.4673
0.4458242 -0.500563 0.04284084 1.218901 -254.2429 167.7421
0.5061269 -0.4690689 0.08458889 3.470809 -254.2429 171.1467
0.5544668 -0.4160903 0.1353701 6.913557 -254.2429 173.3604
0.6089101 -0.3592056 0.1981143 10.34104 -254.2429 175.1848
0.6540761 -0.3089126 0.2559756 13.72272 -254.2429 175.9405
0.716332 -0.2263931 0.3123721 15.71508 -254.2429 176.7955
0.7768789 -0.1136001 0.3946475 11.83722 -254.2429 177.2077
0.8069082 -0.07453761 0.492792 14.47081 -254.2429 176.5207
0.8613516 -0.0108169 0.5689639 11.2647 -254.2429 176.0856
0.8552481 0.005052238 0.6282901 8.371572 -254.2429 175.994
0.8528067 0.05021825 0.7474307 7.699817 -254.2429 172.8489
0.9314199 0.03434911 0.7933291 6.287603 -254.2429 170.8031
0.9380117 0.07658544 0.8550967 0.676916 -254.2429 169.5818
0.9624258 0.06022802 0.9034366 -5.941405 -254.2429 169.7421
0.9780508 0.04557958 0.9739932 -10.58263 -254.2429 168.6123
0.9909903 0.03117528 1.029901 -14.55973 -254.2429 167.4367
0.9546133 0.02971044 1.132929 -16.42232 -254.2429 165.0245
0.9353262 0.01774755 1.209101 -18.63606 -254.2429 164.5665
0.9878164 -0.001783699 1.2362 -20.23148 -254.2429 163.0245
0.9790274 -0.03938136 1.282099 -18.68186 -254.2429 161.6352
0.9729239 -0.03645167 1.346796 -16.30018 -254.2429 160.2917
0.9687735 -0.02131495 1.442011 -17.43759 -254.2429 157.4825
0.8193594 -0.0835708 1.50744 -11.34598 -254.2429 159.4291
0.905541 -0.01008448 1.557978 -7.040642 -254.2429 155.3375
0.8691641 -0.0330337 1.605585 -8.926138 -254.2429 150.7421
0.8510977 -0.04817042 1.665155 -1.842168 -254.2429 148.2306
0.8366934 -0.0330337 1.681269 3.585313 -254.2429 145.7421
0.7873769 -0.01545557 1.698847 8.38684 -248.4108 143.6123
0.7678457 0.02482763 1.73205 11.97463 -242.6246 142.0779
0.737084 0.04094091 1.762567 12.40211 -239.5559 142.8413
0.7334219 -0.007887215 1.70495 20.48608 -227.6169 140.4978
0.6845937 0.09318701 1.797968 21.66165 -219.22 137.6581
0.6828847 0.1197983 1.859003 22.11967 -215.5941 137.0398
0.6692129 0.1259018 1.870478 26.45554 -208.6704 134.3757
0.6941152 0.1705796 1.905146 31.43264 -201.846 133.0551
0.6125722 0.1967026 1.913935 33.1731 -195.6551 131.452
0.5642324 0.2333237 1.943231 36.2647 -187.22 129.597
0.5388418 0.2775132 1.968134 37.38684 -179.4643 127.6047
0.5476308 0.3165757 2.003046 37.82959 -171.1895 126.0398
0.5359121 0.3441636 2.021357 39.98226 -162.846 124.5131
0.5215078 0.3820054 2.037714 43.02043 -153.5406 122.8337
0.4861074 0.45598 2.031855 41.75325 -145.4795 120.7955
0.4294668 0.553392 2.043329 41.14257 -135.9528 115.9787
0.4131094 0.5958725 2.049433 41.74562 -127.3421 110.3222
0.3811269 0.6827866 2.056513 37.98226 -117.4872 106.0551
0.3525625 0.6859604 2.057489 36.11966 -104.678 99.52834
0.2859121 0.7528549 2.081903 32.79142 -91.25817 89.86421
0.2573476 0.7418686 2.094355 30.98989 -82.74672 83.43674
0.1950918 0.7797104 2.088984 30.93646 -76.0597 79.68101
0.169457 0.7430893 2.01745 35.28761 -72.76199 81.61994
0.127709 0.8270737 2.029902 31.53188 -56.83068 67.60468
0.1281973 0.7987534 1.950312 22.18073 -51.50244 63.65047
0.08083399 0.7535873 1.927362 19.31814 -41.44137 56.39857
0.0244375 0.777269 1.867304 15.30287 -33.27343 52.00162
0.0100332 0.7233139 1.793085 12.67692 -24.39557 49.28406
-0.07688086 0.7191635 1.738398 4.814321 -19.73145 44.23063
-0.09494726 0.6681381 1.669306 1.157832 -15.68565 41.11612
