0.6028066 -1.608229 0.418085 -109.7124 -26.01389 163.5436
0.5603261 -1.447585 0.3665713 -130.1781 -33.76962 173.4825
0.5801015 -1.836256 0.0008486509 -126.4605 -45.1513 183.6123
0.5610586 -1.836256 -0.06165135 -106.346 -56.30397 197.8947
0.5530019 -1.836256 -0.0487119 -100.1933 -67.87649 201.9405
0.6128164 -1.836256 -0.06165135 -97.02538 -81.67802 217.139
0.6062246 -1.836256 -0.06165135 -89.36125 -94.40321 228.5131
0.6582265 -1.836256 -0.06165135 -76.32308 -106.4261 237.826
0.7094961 -1.836256 0.06090724 -66.01011 -118.075 248.3528
0.830834 -1.815749 0.1673526 -56.76583 -126.3574 251.6963
0.8388906 -1.803053 0.2349795 -49.05591 -135.1131 251.6963
0.9468008 -1.74568 0.3162783 -37.93377 -142.3421 251.6963
1.006127 -1.667311 0.3892764 -31.05591 -146.449 251.6963
1.063744 -1.631911 0.4515323 -25.57499 -151.7086 251.6963
1.120873 -1.598463 0.5167178 -19.9185 -153.6551 251.6963
1.165795 -1.583815 0.5462588 -17.22385 -155.075 251.6963
1.179711 -1.580641 0.5303897 -15.01011 -154.9299 251.6963
1.187768 -1.549879 0.510126 -15.39942 -155.8383 251.6963
1.208275 -1.486891 0.4456729 -19.36125 -157.0826 251.6963
1.239525 -1.458083 0.3570498 -25.04827 -159.5712 251.6963
1.211938 -1.478102 0.2828311 -29.35362 -163.1666 251.6963
1.218285 -1.441237 0.2100772 -36.27728 -166.7849 251.6963
1.179467 -1.449294 0.1158389 -45.37652 -171.5712 251.6963
1.135277 -1.430739 0.02062404 -54.9414 -177.7543 251.6963
1.110863 -1.365553 -0.06165135 -60.69713 -186.6933 251.6963
1.206566 -1.301344 -0.06165135 -75.62843 -192.5559 251.6963
1.174828 -1.306715 -0.06165135 -82.97957 -205.8307 251.6963
1.253686 -1.238844 -0.06165135 -96.6666 -216.5482 251.6963
1.262719 -1.211989 -0.06165135 -107.8956 -228.9452 251.6963
1.315697 -1.141676 -0.06165135 -122.033 -239.449 251.6963
1.40432 -0.979567 -0.06165135 -140.1933 -252.4643 251.6963
1.402855 -0.8438248 -0.06165135 -155.4834 -254.2429 251.6963
1.462182 -0.7173599 -0.06165135 -169.8193 -254.2429 251.6963
1.4739 -0.6162857 -0.06165135 -180.1933 -254.2429 251.6963
1.458764 -0.5615982 -0.06165135 -189.5979 -254.2429 251.6963
1.607934 -0.5171646 -0.06165135 -193.201 -254.2429 251.6963
1.681664 -0.4600357 -0.06165135 -195.9796 -254.2429 251.6963
1.715844 -0.4038833 -0.05457127 -194.0025 -254.2429 251.6963
1.674584 -0.3360122 0.09630764 -188.8345 -254.2429 251.6963
1.819604 -0.3328384 0.2283877 -179.1704 -254.2429 251.6963
1.870141 -0.2512954 0.3304385 -174.9185 -254.2429 251.6963
1.931664 -0.2490982 0.4466495 -164.5903 -254.2429 251.6963
2.019555 -0.3137954 0.5049991 -149.1933 -254.2429 251.6963
2.019799 -0.3343032 0.5911807 -129.6284 -254.2429 251.6963
1.917992 -0.3833755 0.8619327 -107.9109 -254.2429 251.6963
2.018822 -0.309645 0.9373721 -83.06354 -254.2429 251.6963
2.064904 -0.4026626 1.096552 -52.72766 -254.2429 251.6963
2.064904 -0.5093521 1.123896 -8.788733 -254.2429 251.6963
2.064904 -0.3242935 1.290644 26.60058 -254.2429 251.6963
2.064904 -0.3086685 1.728876 52.45554 -254.2429 251.6963
2.064904 -0.5232681 1.70373 102.1807 -254.2429 251.6963
2.064904 -0.4844497 2.087519 161.4021 -254.2429 251.6963
2.064904 -0.3257583 2.278925 206.6235 -254.2429 251.6963
2.064904 -0.003248543 2.664667 235.8907 -254.2429 251.6963
2.064904 0.1427475 2.779902 243.2952 -254.2429 251.6963
2.064904 0.2626206 2.836542 248.8448 -217.4185 251.6963
2.052269 0.2594468 2.808954 251.7533 -195.8307 251.6963
1.560814 0.2570054 2.850214 251.7533 -167.0444 236.8489
1.594506 1.370042 3.107782 239.28 -182.1589 251.6963
1.660668 0.9645248 2.797235 224.1502 -171.533 251.6963
1.600854 1.069017 2.800165 223.6082 -173.6628 251.6963
1.509301 1.561449 2.6029 223.2723 -174.7086 251.6963
1.478295 1.694261 2.286982 206.7227 -151.1437 251.6963
1.31765 1.857347 2.313105 196.2036 -127.762 251.6963
1.203637 2.088304 2.320673 159.5929 -91.60931 251.6963
0.9797598 2.103685 2.357538 125.5166 -73.15894 251.6963
0.928002 2.037035 2.233027 102.1273 -70.81542 251.6963
0.8554922 2.067308 2.188349 86.29523 -69.62458 245.3528
0.8581778 2.163683 1.953241 75.65401 -39.69328 242.0474
0.6228261 2.163683 2.005976 53.41737 -40.61695 233.7115
0.6345449 2.163683 1.78747 31.53951 -36.11313 217.0474
0.6106191 2.163683 1.716913 9.295237 -18.28107 205.536
0.4074941 2.163683 1.789667 -7.040642 -16.56351 195.6047
0.3471914 2.163683 1.637323 -27.8956 -5.891756 188.1925
0.3313222 2.163683 1.615595 -48.15514 10.12351 169.2001
0.2590566 2.163683 1.64831 -58.8269 6.818168 159.1925
0.2517324 2.163683 1.599481 -62.06354 11.68076 141.223
0.1943594 2.163683 1.569208 -64.79636 10.6884 125.4596
0.1411367 2.163683 1.533319 -66.13988 12.65023 108.994
0.07863672 2.163683 1.479853 -66.9643 16.56626 93.52834
0.03591211 2.127855 1.461298 -65.02538 18.47466 78.23826
1.620873 -0.6260513 1.46789 0.4326413 -155.8612 251.6963
1.555688 -0.4268325 1.542353 15.40974 -169.6628 251.6963
1.677758 -0.2261489 1.451044 1.020427 -163.4566 251.6963
1.564965 -0.01277003 1.703485 -1.475756 -148.3727 251.6963
1.350365 0.09806982 1.66369 -14.49102 -167.3192 251.6963
1.431908 -0.1487564 1.430292 1.165466 -154.6169 251.6963
1.427514 0.08244482 1.431757 19.55478 -154.0215 251.6963
1.391869 0.2047593 1.419794 30.0586 -148.0902 251.6963
1.118188 0.4401108 1.43664 52.44791 -140.991 251.6963
1.153588 0.4689194 1.407831 78.36394 -124.4032 251.6963
1.225121 0.558519 1.276972 97.86012 -125.4108 251.6963
1.089867 0.8375717 1.258661 99.76852 -121.4032 251.6963
1.055199 0.9479233 1.118036 99.44791 -119.7696 251.6963
1.053979 1.049974 1.06286 104.1731 -120.4185 251.6963
0.9128653 1.164476 1.124628 104.3639 -122.594 251.6963
0.9221426 1.276537 1.02331 106.0968 -123.9834 251.6963
0.9060293 1.413988 1.04162 106.967 -127.1055 251.6963
0.9470449 1.524828 0.9954776 106.9823 -126.617 251.6963
0.8220449 1.618822 1.178827 91.92119 -135.6857 251.6963
0.7544179 1.505785 1.252558 116.7914 -127.7085 251.6963
0.6238027 1.695238 1.314081 113.2494 -131.2047 251.0779
0.6545644 1.798265 1.395136 108.0968 -121.8536 240.3375
0.681664 1.817552 1.432978 97.04333 -105.0063 217.9405
0.5083242 2.008714 1.587519 88.21127 -101.8231 199.1696
0.5417715 2.079027 1.574579 82.41737 -92.98336 181.2917
0.4582754 2.092699 1.640253 69.70745 -90.60931 173.6963
0.471459 2.037279 1.559931 58.25707 -77.56351 154.3298
0.3901601 2.012377 1.595819 50.38684 -76.50245 145.4825
0.3735586 1.961351 1.551874 42.1502 -71.83069 131.6505
0.3352285 1.903246 1.549921 33.31814 -66.69328 120.1619
0.2993398 1.83391 1.536005 22.80669 -57.77725 107.6047
0.2417227 1.77263 1.528192 11.96699 -53.1055 99.90238
0.1921621 1.668626 1.480341 2.60058 -49.79252 93.4749
0.145043 1.56682 1.43078 -6.345985 -46.98336 87.30696
0.1118398 1.430101 1.366083 -11.76583 -43.03679 80.02452
0.1015859 1.399339 1.307733 -16.35362 -38.29633 71.42147
0.05471094 1.274828 1.271356 -19.08644 -32.74672 61.23826
-0.01901953 1.282152 1.2987 -28.75056 -34.54824 59.00925
-0.01853125 1.199388 1.313105 -33.17804 -36.99863 57.34513
-0.0224375 1.144945 1.317987 -33.8727 -37.41847 54.76498
0.01686914 1.096117 1.305292 -31.79636 -33.22763 47.3833
0.01247461 1.080492 1.327509 -28.9643 -26.84595 38.69628
-0.03415625 1.117113 1.357538 -26.43759 -24.37267 31.81078
-0.04196875 1.093675 1.391962 -20.91087 -25.91466 27.32986
-0.04685156 1.090746 1.39123 -13.44522 -25.60931 21.24589
-0.04929296 1.055833 1.35119 -5.193313 -22.82306 14.4062
-0.03586523 1.104662 1.250116 2.279969 -18.52534 4.215359
-0.08347265 1.096361 1.230097 7.554779 -12.51008 -7.402961
-0.1410898 1.059496 1.160761 11.39447 -8.105496 -13.80754
-0.188209 1.052904 0.9981631 10.49371 -6.899389 -18.62434
-0.2792735 1.01433 0.8904971 4.539512 -3.81542 -25.39533
-0.309791 0.9117905 0.7203311 -2.765832 0.9555721 -28.91441
-0.4289317 0.8885971 0.6668643 -10.01011 -1.204733 -29.65487
-0.4855723 0.7518784 0.5406436 -11.18568 -8.922291 -26.92205
-0.4413828 0.6334702 0.3778018 -16.36889 -13.60168 -15.25029
-0.5610117 0.4747788 0.2889346 -16.90324 -17.11313 5.650474
-0.6056895 0.5824448 0.1104678 -30.42232 -25.03679 -9.296092
-0.5739512 0.6390854 0.0816592 -40.9414 -30.75435 -9.311359
-0.6408457 0.7355209 0.09874905 -53.19331 -47.77725 2.123756
-0.568336 0.7814194 0.06017482 -59.41468 -58.54824 5.284061
-0.5192637 0.9147202 0.1363467 -63.69713 -62.99099 1.161924
-0.5121836 1.016527 0.2210635 -64.84217 -68.8765 -2.219756
-0.5097422 1.094408 0.3238467 -61.08644 -79.65512 0.3756642
-0.4257578 1.259935 0.355585 -56.12461 -88.97573 -5.715939
-0.3388438 1.502855 0.4368838 -48.70476 -91.31161 -19.79991
-0.2670664 1.751146 0.5311221 -43.55972 -94.34978 -35.76937
-0.2240977 1.865404 0.6129092 -39.88797 -101.6246 -49.91441
-0.1803965 1.960863 0.6539248 -35.84217 -102.7925 -67.70831
-0.1718516 2.018968 0.7237491 -32.90324 -108.1818 -83.97548
