0.788395 -0.4255976 0.9962568 222.7806 -152.7591 251.8109
0.8215981 -0.3870233 0.9874678 214.0707 -143.5759 251.8109
0.8320962 -0.3455194 0.9510908 207.5058 -136.9957 251.8109
0.8474771 -0.2586054 0.9325361 204.8875 -129.8354 251.8109
0.8823892 -0.2009881 0.8829756 199.7272 -126.156 251.8109
2.289799 2.224976 0.7731123 202.2234 -225.24 251.8109
1.694645 2.224976 1.048259 -87.38731 62.24092 -248.4563
1.847477 2.224976 1.004558 -98.73846 67.31725 -248.4563
2.02985 2.224976 0.9298506 -105.3262 74.14168 -248.4563
2.152164 2.224976 0.854167 -107.5553 80.02718 -248.4563
2.24567 2.224976 0.7843428 -110.6621 85.48518 -248.4563
2.289799 2.224976 0.7994795 -117.3033 91.73711 -248.4563
2.289799 2.025086 0.7740889 -123.7537 99.12642 -248.4563
2.289799 1.809754 0.7006025 -135.4255 107.6455 -248.4563
2.289799 1.631287 0.6422529 -152.7919 117.8592 -248.4563
2.289799 1.431092 0.5958662 -171.5934 128.2715 -248.4563
2.289799 1.271424 0.550456 -184.4636 140.4928 -248.4563
2.289799 1.131043 0.4894209 -201.7079 158.5692 -248.4563
2.289799 1.005311 0.3898115 -212.8911 176.0348 -248.4563
2.289799 0.8729864 0.1229658 -230.6163 181.9432 -248.4563
2.289799 0.7772833 0.002360344 -230.6163 205.1646 -248.4563
2.289799 0.6510626 -0.1607256 -230.6163 213.5768 -248.4563
2.289799 0.4193731 -0.2605791 -230.6163 231.0959 -248.4563
2.289799 0.207215 -0.2605791 -230.6163 231.0959 -248.4563
2.289799 -0.04986511 -0.2605791 -230.6163 231.0959 -248.4563
2.289799 -0.4456171 -0.2605791 -230.6163 231.0959 -248.4563
2.289799 -0.3003534 -0.2605791 -230.6163 231.0959 -248.4563
2.289799 -0.6611933 -0.2605791 -230.6163 231.0959 -248.4563
2.289799 -0.7898554 -0.2605791 -230.6163 231.0959 -248.4563
2.289799 -1.061584 -0.2605791 -230.6163 231.0959 -248.4563
2.289799 -1.252258 -0.2605791 -230.6163 231.0959 -248.4563
2.289799 -1.666809 -0.2605791 -230.6163 231.0959 -248.4563
2.289799 -1.774963 -0.2605791 -230.6163 231.0959 -248.4563
2.289799 -1.774963 -0.2605791 -230.6163 231.0959 -248.4563
2.289799 -1.774963 -0.2605791 -230.6163 231.0959 -248.4563
1.604069 -1.774963 -0.2605791 -230.6163 231.0959 -248.4563
0.5432778 -1.774963 -0.2605791 -230.6163 231.0959 -248.4563
0.4065591 -1.774963 -0.2605791 -12.8377 88.20274 -248.4563
-0.01311865 -1.774963 -0.2605791 65.29971 -25.11786 -248.4563
-0.4989585 -1.774963 -0.2605791 133.8264 -113.7667 -206.3876
-1.153988 -1.774963 -0.2605791 140.918 -162.8201 -142.0517
-1.681087 -1.774963 -0.2605791 103.0707 -196.7056 -88.72345
-1.271664 -1.774963 -0.2605791 72.50581 -225.5988 -50.58604
-0.9872397 -1.774963 -0.2605791 34.55925 -250.9423 -15.39521
-0.6427573 -1.774963 -0.2605791 31.87986 -269.1713 7.994107
-0.2096519 -1.774963 -0.2605791 33.62032 -269.1713 41.71166
0.1602212 -1.774963 -0.02522755 43.55925 -262.3622 73.22311
0.3809243 -1.774963 0.19279 47.38368 -269.1713 108.6048
0.5027505 -1.774963 0.4591475 45.99437 -262.8278 138.5972
0.7608071 -1.774963 0.5279951 46.002 -261.5835 172.2995
0.6690103 -1.774963 0.9823408 46.17757 -249.1789 197.8185
0.6861001 -1.774963 1.176921 44.33025 -238.698 219.2079
0.7617837 -1.774963 1.256999 45.45238 -221.4919 243.6201
0.6585122 -1.171447 1.271159 38.20811 -209.1789 245.7346
0.7735024 -1.641906 1.276042 111.0402 -232.4003 248.933
0.7302896 -1.345519 1.697185 78.33788 -191.4537 251.8109
0.7586099 -1.00299 1.627604 106.5516 -169.2247 251.8109
0.7222329 -0.9133905 1.591228 101.628 -160.5453 251.8109
0.7280923 -0.803039 1.613444 110.6203 -146.6751 251.8109
0.7019692 -0.6975702 1.597087 114.8875 -133.3698 251.8109
0.6924478 -0.6179804 1.562907 118.1547 -121.6446 251.8109
0.6743814 -0.5405878 1.549968 121.3608 -111.4308 251.8109
0.6787759 -0.4902948 1.506755 127.7043 -101.0873 251.8109
0.6445962 -0.4202265 1.457438 132.7806 -90.84305 251.8109
0.6399575 -0.3462518 1.405437 141.4066 -84.71329 251.8109
0.5498696 -0.30133 1.355632 155.1928 -77.82779 251.8109
0.5552407 -0.2925409 1.25236 164.8112 -74.43848 251.8109
0.5664712 -0.2708124 1.19279 174.5669 -71.99573 251.8109
0.5520669 -0.2673944 1.163737 184.315 -68.01099 251.8109
0.5022622 -0.2334589 1.095134 199.5364 -66.83542 251.8109
0.5415689 -0.1802362 1.036784 211.6356 -64.17893 251.8109
0.5562173 -0.1431268 0.9784346 221.002 -63.65221 251.8109
0.5979653 -0.1157831 0.9147139 230.2616 -64.95756 251.8109
0.646061 -0.08819519 0.8666182 240.8035 -65.05679 251.8109
0.6792642 -0.06915222 0.8302412 249.8264 -66.32397 251.8109
0.7036782 -0.04717957 0.8063154 254.7577 -65.98045 251.8109
0.7361489 -0.01422058 0.7511396 259.6127 -67.20947 251.8109
0.7678872 0.01678528 0.6913252 261.8264 -68.71329 251.8109
0.7979165 0.02166809 0.6312666 265.0554 -72.27054 251.8109
0.871647 0.06732239 0.6044111 264.6661 -73.95756 251.8109
0.9519692 0.06634583 0.5338545 263.4524 -76.27817 251.8109
0.9763833 0.06268372 0.4745283 260.376 -82.08733 251.8109
1.047917 0.1354376 0.4720869 248.3379 -84.01863 251.8109
1.149479 0.1373907 0.4147139 239.7806 -86.63695 251.8109
1.195377 0.1979376 0.3751631 239.1852 -93.86595 251.8109
1.339665 0.2633673 0.3834639 227.46 -96.82779 251.8109
1.331852 0.2167365 0.3810225 228.544 -101.4003 251.8109
1.437809 0.2582403 0.3915205 215.4295 -103.0492 251.8109
1.494938 0.2291876 0.4176435 219.4677 -107.2018 251.8109
1.653141 0.3092657 0.4523115 215.2157 -106.3698 251.8109
1.825749 0.6869513 0.4264326 189.4906 -111.6522 251.8109
1.534245 1.376404 0.4969893 142.2157 -137.8965 251.8109
1.385075 1.453065 0.9352217 189.6738 -154.0492 251.8109
2.289799 0.008972779 -0.2605791 -230.6163 231.0959 -248.4563
-1.549251 -1.774963 -0.2605791 51.44475 -136.469 -99.1433
-1.367855 -1.774963 -0.2605791 38.89513 -175.1637 -54.28834
-1.050472 -1.774963 -0.2605791 32.9104 -213.5606 -13.26544
-0.7457847 -1.774963 -0.2605791 49.71956 -237.1789 24.04754
-0.4865073 -1.774963 -0.2605791 70.76536 -263.0186 63.91777
0.1787759 -1.774963 -0.2605791 85.17757 -269.1713 100.4903
0.3789712 -1.774963 -0.2605791 100.0402 -269.1713 137.7269
0.6057778 -1.774963 -0.2605791 113.3989 -269.1713 168.6888
0.6734048 -1.774963 0.1576338 126.0554 -269.1713 199.9559
0.8286782 -1.774963 0.5343428 138.5058 -269.1713 233.8872
0.915104 -1.774963 0.8978682 159.399 -269.1713 251.2995
0.9519692 -1.774963 1.174968 180.5516 -269.1713 251.8109
0.9956704 -1.774963 1.359294 199.1928 -241.8507 251.8109
1.053043 -1.774963 1.447185 213.0783 -222.8354 251.8109
1.041813 -1.567443 1.516765 238.4753 -206.6064 251.8109
0.9334146 -1.678771 1.457927 249.6509 -186.5759 251.8109
1.150211 -1.273498 1.422526 269.6508 -168.9118 251.8109
1.117252 -1.158996 1.448405 269.6508 -142.8583 251.8109
1.10529 -0.9409784 1.322917 269.6508 -129.5606 251.8109
1.117497 -0.893371 1.129069 260.1623 -119.1179 251.8109
1.129948 -0.8438105 1.087077 251.0478 -106.4003 251.8109
1.137272 -0.7886347 1.014812 241.6585 -92.81252 251.8109
1.060124 -0.7368769 0.8856611 236.5135 -83.2171 251.8109
1.093815 -0.5733027 0.7162275 224.4447 -74.72855 251.8109
1.13068 -0.5132441 0.5548506 223.8112 -76.43848 251.8109
1.203922 -0.4016718 0.4994307 220.628 -81.38504 251.8109
1.275211 -0.3919061 0.4996748 215.6432 -77.4232 251.8109
1.334049 -0.3494257 0.4747725 217.147 -76.54535 251.8109
1.38654 -0.21466 0.4737959 212.5974 -73.36214 251.8109
1.43903 -0.1377557 0.4178877 202.5592 -69.81252 251.8109
1.495915 -0.0606073 0.3527021 201.4295 -71.3087 251.8109
1.58112 0.02386536 0.253581 190.5898 -63.92702 251.8109
1.530583 0.1085822 0.2015791 198.4524 -76.88885 251.8109
1.58527 0.1659552 0.1605635 198.1318 -78.98809 251.8109
1.660709 0.1745001 0.1420088 205.6585 -80.90412 251.8109
1.732731 0.2304083 0.08414745 212.4524 -82.87359 251.8109
1.812077 0.3300177 0.001139641 215.1852 -86.52245 251.8109
1.86652 0.5411993 -0.1038408 225.7425 -89.85069 251.8109
1.844059 0.5814825 -0.2605791 241.8799 -106.5072 251.8109
1.932194 0.558045 -0.2410479 232.0936 -108.0492 251.8109
1.923161 0.6788946 -0.2605791 232.7119 -109.9347 251.8109
1.916081 0.6703497 -0.2605791 239.7577 -121.9194 251.8109
1.968083 0.8092657 -0.2605791 230.9409 -126.0186 251.8109
2.011295 0.8851934 -0.2605791 222.7425 -131.8889 251.8109
1.992497 1.061219 -0.2605791 222.3531 -140.866 251.8109
1.575016 1.744568 -0.2605791 235.0402 -159.7362 251.8109
1.497868 2.224976 -0.2605791 196.3913 -237.9041 251.8109
2.289799 2.224976 -0.2605791 157.9562 -172.3087 251.8109
2.289799 2.224976 0.02140331 181.8493 -179.4537 251.8109
2.08527 2.112977 -0.2605791 177.6738 -192.1255 251.8109
1.947331 2.224976 -0.1570635 168.46 -211.0415 251.8109
1.910221 2.224976 0.0001630783 152.5898 -208.5606 251.8109
1.78278 2.224976 0.1224775 131.9715 -215.2934 251.8109
1.750309 2.224976 0.1783857 127.4677 -227.7056 251.8109
1.739811 2.224976 0.371501 111.9867 -236.4385 251.8109
1.934879 2.224976 0.477458 108.2539 -242.469 251.8109
