2.289799 1.365174 0.472331 -216.853 194.3401 -248.4563
2.289799 0.9957891 0.34196 -230.6163 213.5157 -248.4563
2.289799 0.7963263 0.2623701 -230.6163 231.0959 -248.4563
2.289799 0.5236212 0.09611034 -230.6163 231.0959 -248.4563
2.289799 0.1007697 -0.2605791 -230.6163 231.0959 -248.4563
2.289799 -0.4937128 -0.2605791 -230.6163 231.0959 -248.4563
2.289799 -0.773498 -0.2605791 -230.6163 231.0959 -248.4563
2.289799 -0.4287714 -0.2605791 -230.6163 231.0959 -248.4563
2.289799 -0.952453 -0.2605791 -230.6163 231.0959 -248.4563
2.289799 -1.145812 -0.2605791 -230.6163 231.0959 -248.4563
2.289799 -1.505432 -0.2605791 -230.6163 231.0959 -248.4563
2.289799 -1.774963 -0.2605791 -230.6163 231.0959 -248.4563
1.619694 0.3048712 -0.2605791 269.6508 -71.77435 251.8109
2.289799 2.224976 -0.2366533 204.2005 -207.3545 251.8109
2.289799 2.224976 -0.08040333 180.689 -216.4003 251.8109
2.289799 2.224976 0.03580761 147.1012 -192.0721 251.8109
2.289799 2.224976 0.510417 145.0402 -197.0415 251.8109
2.289799 2.224976 0.4291182 124.2844 -188.5224 251.8109
2.225407 2.224976 0.6036787 107.3226 -188.24 210.2842
2.161442 2.224976 0.7252607 107.2921 -184.8354 159.7651
1.953678 2.224976 0.8937178 110.147 -180.1942 109.2613
1.932926 2.224976 0.8556318 152.8493 -168.011 47.65823
1.911198 2.224976 1.322429 128.8799 -145.8278 -15.89902
1.87653 2.224976 1.642009 37.26154 -135.6064 -73.42574
1.906071 2.224976 1.74406 -48.74609 -112.0263 -132.9448
2.065739 2.224976 1.627116 -110.9446 -97.88885 -193.1891
2.077457 2.224976 1.80656 -122.4789 -80.91939 -248.4563
2.271793 2.224976 1.779216 -127.143 -62.11786 -248.4563
2.289799 2.224976 1.819499 -116.8224 -42.15603 -248.4563
2.289799 2.224976 1.628093 -110.0667 -25.59878 -248.4563
2.289799 2.224976 1.529948 -97.36441 -17.03389 -248.4563
2.289799 2.224976 1.419597 -93.37968 -6.285802 -248.4563
2.289799 2.224976 1.361003 -95.62395 2.95084 -248.4563
2.289799 2.224976 1.268474 -94.72319 10.7371 -248.4563
2.289799 2.224976 1.242351 -109.311 16.75237 -248.4563
2.289799 2.148621 1.143229 -123.6469 27.01191 -248.4563
2.289799 1.871033 1.103679 -140.5171 36.76763 -248.4563
2.289799 1.674744 1.076091 -159.4865 46.40122 -248.4563
2.289799 1.553162 1.07072 -183.6621 55.10351 -248.4563
2.289799 1.182313 1.171306 -199.769 76.31725 -248.4563
2.289799 0.9193731 1.043864 -227.6163 97.27145 -248.4563
2.289799 0.7289434 1.033854 -230.6163 115.1035 -248.4563
2.289799 0.4205938 0.7938643 -230.6163 203.218 -248.4563
2.289799 0.2233283 0.6031904 -230.6163 231.0959 -248.4563
2.289799 -0.0840448 0.3270674 -230.6163 231.0959 -248.4563
2.289799 -0.723205 -0.2605791 -230.6163 231.0959 -248.4563
2.289799 -0.4067987 -0.2605791 -230.6163 231.0959 -248.4563
2.289799 -0.9473261 -0.2605791 -230.6163 231.0959 -248.4563
2.289799 -1.038879 -0.2605791 -230.6163 231.0959 -248.4563
2.289799 -1.431213 -0.2605791 -230.6163 231.0959 -248.4563
2.289799 -1.774963 -0.2605791 -230.6163 231.0959 -248.4563
2.289799 -1.774963 -0.2605791 -230.6163 231.0959 -248.4563
2.289799 -1.774963 -0.2605791 -230.6163 231.0959 -248.4563
2.289799 -1.774963 -0.2605791 -230.6163 231.0959 -248.4563
2.013737 -1.774963 -0.2605791 -230.6163 231.0959 -248.4563
1.463688 -1.774963 -0.2605791 -230.6163 231.0959 -248.4563
-1.71014 -1.774963 -0.2605791 -198.9369 231.0959 -248.4563
-0.7843589 -1.774963 -0.2605791 -177.4865 221.8974 -247.1891
-0.9315757 -1.774963 -0.2605791 -123.2881 86.47755 -163.6013
-1.11932 -1.774963 -0.2605791 1.574518 1.14168 -110.3647
-1.112972 -1.774963 -0.2605791 29.42185 -70.56061 -58.02879
-1.486507 -1.774963 -0.2605791 21.04017 -121.2553 -7.61658
-1.467953 -1.774963 -0.2605791 4.948565 -168.7285 31.12388
-1.247005 -1.774963 -0.2605791 12.67376 -205.5606 44.86433
-0.8959311 -1.774963 -0.2605791 22.62032 -251.5759 70.8796
-0.5748862 -1.774963 -0.2605791 30.94093 -269.1713 96.25365
-0.223812 -1.774963 -0.2605791 64.97147 -269.1713 127.1391
0.1704751 -1.774963 -0.2605791 83.94856 -269.1713 136.933
0.4070474 -1.774963 -0.2605791 98.0249 -269.1713 159.0934
0.74152 -1.774963 -0.2605791 137.628 -269.1713 177.8338
0.8474771 -1.774963 0.2667646 152.399 -269.1713 219.0094
0.8662759 -1.774963 0.7382002 177.7883 -269.1713 245.7346
1.054752 -1.774963 1.259685 225.2234 -269.1713 251.8109
1.023991 -1.774963 1.112224 234.1318 -269.1713 251.8109
1.246647 -1.773742 1.109294 265.7425 -269.1713 251.8109
1.304752 -1.477844 1.289226 269.6508 -269.1713 251.8109
1.372624 -1.341125 1.381755 269.6508 -253.2705 251.8109
1.36652 -1.049865 1.465739 269.6508 -231.5072 251.8109
1.383366 -0.9761347 1.453044 269.6508 -208.614 251.8109
1.404118 -0.8001093 1.406657 269.6508 -189.1331 251.8109
1.414127 -0.6626581 1.377116 269.6508 -169.011 251.8109
1.428288 -0.5681757 1.342692 269.6508 -151.9423 251.8109
1.416081 -0.4802851 1.294353 269.6508 -133.9347 251.8109
1.532047 -0.3687128 1.187419 269.6508 -119.0492 251.8109
1.61359 -0.2815546 0.9784346 269.6508 -95.1255 251.8109
1.365788 -0.1228632 1.071208 269.6508 -95.14839 251.8109
1.354801 -0.07330261 0.9227705 269.6508 -84.83542 251.8109
1.437809 0.02557434 0.7987471 269.6508 -74.89648 251.8109
1.403874 0.09271301 0.7923994 269.6508 -71.29343 251.8109
1.455387 0.1554572 0.713542 269.6508 -62.69038 251.8109
1.506901 0.1632697 0.647624 269.6508 -54.99573 251.8109
1.550602 0.1581427 0.5480146 269.6508 -52.07206 251.8109
1.617497 0.2113654 0.5018721 269.6508 -45.03389 251.8109
1.626774 0.2450568 0.4366865 269.6508 -36.75909 251.8109
1.606266 0.3385626 0.3343916 269.6508 -30.88122 251.8109
1.596256 0.3463751 0.1461592 269.6508 -22.91176 251.8109
1.393864 1.357361 -0.2288408 269.6508 -31.50718 251.8109
1.269108 1.687195 -0.2605791 268.7272 -63.40794 251.8109
1.477848 1.473572 -0.2605791 253.4829 -57.45374 251.8109
1.524967 1.163025 -0.2605791 263.3608 -63.85069 251.8109
1.554264 1.452088 -0.2605791 228.4906 -74.82779 251.8109
1.499088 1.625428 -0.2605791 205.8417 -88.64458 251.8109
1.41193 1.826111 -0.2605791 161.2997 -103.6599 251.8109
1.414372 1.910584 -0.2605791 139.1623 -117.9957 251.8109
2.289799 0.8102423 0.1456709 -230.6163 226.5081 -248.4563
-0.6906089 -1.774963 -0.2605791 -84.8606 -260.8202 59.20785
-0.3270835 -1.774963 -0.2605791 -30.30334 -269.1713 82.27655
-0.03728858 -1.774963 -0.2605791 21.57452 -269.1713 108.162
0.5134927 -1.774963 -0.2605791 86.10887 -269.1713 129.9178
0.3787271 -1.774963 -0.01546192 133.1318 -269.1713 152.3605
0.5195962 -1.774963 0.239665 181.399 -269.1713 176.8491
0.646061 -1.774963 0.5106611 226.5211 -269.1713 193.4369
0.7815591 -1.774963 0.8483076 269.6508 -269.1713 209.5208
0.8413735 -1.774963 1.005046 269.6508 -269.1713 222.4521
0.8123208 -1.774963 1.121989 269.6508 -256.7057 233.185
0.8604165 -1.774963 1.064616 269.6508 -234.011 248.9941
0.9043618 -1.627258 1.006267 269.6508 -215.6217 251.8109
0.9053384 -1.425353 0.9659834 269.6508 -199.9194 251.8109
0.9351235 -1.278381 0.881999 269.6508 -182.6675 251.8109
0.9675942 -1.170959 0.7501631 269.6508 -166.095 251.8109
0.9788247 -1.067199 0.6507978 269.6508 -155.2934 251.8109
0.913395 -0.9021601 0.520915 269.6508 -147.2553 251.8109
1.000309 -0.7778925 0.3929853 269.6508 -141.7285 251.8109
1.033512 -0.6358027 0.3434248 269.6508 -135.7744 251.8109
1.040836 -0.5220331 0.2718916 269.6508 -132.0415 251.8109
1.05817 -0.4588007 0.246501 269.6508 -130.9652 251.8109
1.084049 -0.3501581 0.2142744 269.6508 -130.5301 251.8109
1.122379 -0.2703241 0.2108564 269.6508 -131.7744 251.8109
1.169499 -0.1936639 0.2281904 269.6508 -131.6064 251.8109
1.216374 -0.1328729 0.2523603 269.6508 -131.9652 251.8109
1.290592 -0.05181824 0.2718916 260.5898 -134.156 251.8109
1.314762 -0.003722534 0.3238935 246.1241 -134.6369 251.8109
1.400211 0.078797 0.3412275 234.0402 -134.4385 251.8109
1.463932 0.1173712 0.3639326 222.7577 -135.2247 251.8109
1.540348 0.1632697 0.4015303 213.8112 -137.156 251.8109
1.630436 0.2130744 0.4625654 203.3608 -138.1255 251.8109
1.670231 0.2357794 0.494792 199.0402 -139.9041 251.8109
1.742008 0.3351446 0.5050459 186.1852 -141.095 251.8109
1.821354 0.5463263 0.5445967 174.3684 -145.3316 251.8109
1.315251 1.025818 0.8844404 109.3837 -196.2247 251.8109
2.022038 0.7445684 0.8917646 169.2997 -151.1866 251.8109
1.979557 1.290223 0.8424482 187.3761 -139.8965 251.8109
1.810124 0.8974005 0.8058271 255.4142 -131.0263 251.8109
1.837956 0.9884649 0.4957685 265.0478 -125.3927 251.8109
1.8111 0.9894415 0.4545088 269.6508 -125.9805 251.8109
1.721256 1.117859 0.2484541 269.6508 -124.5224 251.8109
1.73029 1.160828 0.08878613 269.6508 -123.8965 251.8109
1.711002 1.223328 -0.1189775 269.6508 -125.9881 251.8109
1.736149 1.35077 -0.2605791 269.6508 -134.4232 251.8109
1.76569 1.415955 -0.2605791 269.6508 -145.2705 251.8109
