-0.2555918 0.08390966 1.490595 4.70745 -4.968092 4.520702
-0.2687754 0.0673081 1.494989 -2.742931 -8.30397 10.4062
-0.2016367 0.09929052 1.50744 -4.964305 -7.571145 10.91002
-0.1498789 0.09684912 1.510858 -7.529191 -1.800153 6.200092
-0.1510996 0.09684912 1.564814 -9.804 0.1006103 5.139023
-0.150123 0.1005112 1.590204 -7.872703 0.2990837 5.108489
-0.1376719 0.09831396 1.630976 -7.956672 2.734198 2.368031
-0.1176523 0.1095444 1.653925 -8.040642 4.757099 0.001618385
-0.06882422 0.09416357 1.713739 -5.605527 6.306717 -1.700672
-0.04270117 0.1056382 1.744013 -2.666595 10.36015 -5.960214
-0.02390234 0.15056 1.792353 -1.887969 12.19221 -7.853343
-0.009986326 0.1251694 1.82873 2.814321 14.43649 -12.5938
0.02053125 0.1925522 1.860956 -0.933771 19.6655 -12.03655
0.0334707 0.009935051 1.72912 13.83722 21.81054 -8.815176
0.1892324 0.1625229 2.00329 18.34104 29.24565 -26.5938
0.245873 0.04460302 1.962763 27.66928 34.55863 -24.3877
0.2275625 -0.1216568 1.989618 37.31814 53.77237 -30.12815
0.2724844 -0.04670557 2.124384 53.60058 62.68077 -35.18159
0.266625 0.09709326 2.183222 55.03569 87.86397 -41.58617
0.8242422 -0.3870376 2.319208 63.40974 116.7953 -55.07471
0.3960195 0.07731786 2.3883 50.66928 128.0853 -25.76937
0.6057363 -0.182936 2.390253 83.44028 150.4518 -55.05182
0.6860586 -0.2573989 2.645624 85.35631 168.8792 -23.3877
0.6616445 -0.4168228 2.684443 77.1273 195.0319 -15.70831
0.3667226 -0.253981 2.803095 52.63111 230.1617 -65.12815
0.5068594 0.0006577075 2.927607 1.592947 209.78 -79.13579
0.5718008 -0.6477798 2.901239 27.1502 183.2685 -45.50983
0.7680898 -0.5547623 2.588251 66.27997 206.3372 -59.29609
0.8310781 -0.4546646 2.56579 106.6617 219.696 -49.08235
0.8113028 -0.09187159 2.365107 100.1349 228.3143 -49.38769
0.8322989 -0.07160792 2.206659 97.66165 241.9861 -52.5709
0.8640371 0.03776708 2.103144 86.82959 246.0243 -48.89914
0.8545156 0.05461278 2.060419 80.94409 246.0243 -46.42586
0.9282461 0.05241552 1.951288 81.37157 246.0243 -52.5022
0.9897696 0.1598374 1.879267 72.73035 246.0243 -55.5709
0.9773184 0.1932847 1.844599 69.22653 246.0243 -63.05945
1.063256 0.2343003 1.83996 66.95173 246.0243 -67.40296
1.047387 0.3527085 1.807489 58.70745 246.0243 -71.39532
1.112572 0.3270737 1.819696 55.98226 246.0243 -81.89151
1.140404 0.3202378 1.776972 63.1502 246.0243 -99.78464
1.235131 0.3182847 1.835077 68.84486 246.0243 -118.7236
1.367211 0.4962632 1.865839 52.53951 246.0243 -104.5862
1.336938 0.3121811 1.894159 51.84486 246.0243 -101.3724
1.424828 0.2948472 1.840692 48.48608 246.0243 -97.89151
1.438012 0.2347886 1.790155 46.46318 246.0243 -104.7999
1.481225 0.2150132 1.75622 42.1044 246.0243 -106.7083
1.480248 0.2235581 1.715692 46.08913 246.0243 -114.8686
1.522973 0.1656968 1.653192 48.57005 246.0243 -123.5633
1.562035 0.1659409 1.555536 49.0815 246.0243 -134.6014
1.594994 0.166185 1.512567 47.04333 246.0243 -143.7847
1.630395 0.1427475 1.379022 43.47844 246.0243 -148.8992
1.671166 0.1144272 1.303095 39.83722 246.0243 -152.8152
1.68557 0.06120458 1.225702 41.47081 246.0243 -158.632
1.704613 -0.02326807 1.112665 50.22654 246.0243 -161.6549
1.714135 -0.06574854 1.043085 50.34104 246.0243 -167.403
1.701928 -0.1070083 1.015009 50.95173 246.0243 -175.09
1.740746 -0.07038722 0.9691104 54.74562 246.0243 -162.7007
1.754174 -0.1927017 0.6143741 59.38684 246.0243 -173.8075
1.805932 -0.1558364 0.5303897 46.84486 246.0243 -175.0747
1.821801 -0.2171157 0.4166202 44.08913 246.0243 -159.5709
1.802758 -0.391188 0.381708 37.50898 246.0243 -162.3419
1.610131 -0.4292739 0.2449893 36.11203 246.0243 -162.2503
1.582543 -0.4810318 0.2386416 32.15783 246.0243 -163.5022
1.679955 -0.4192642 0.1268252 25.46318 246.0243 -157.8992
1.572777 -0.5388931 0.1260928 25.44028 246.0243 -154.7388
1.527123 -0.557692 0.05895412 22.43264 246.0243 -155.2808
1.510277 -0.571608 0.0125674 17.66928 246.0243 -153.6472
1.356713 -0.5806412 -0.06165135 12.97463 246.0243 -148.6014
1.386986 -0.5596451 -0.06165135 2.226534 246.0243 -147.9297
1.361596 -0.6511978 -0.06165135 -0.8116337 246.0243 -142.4411
1.217797 -0.7027115 -0.06165135 -8.445222 246.0243 -138.5556
1.174096 -0.6470474 -0.06165135 -22.33072 246.0243 -128.4182
1.050805 -0.7683853 -0.06165135 -42.29255 246.0243 -128.2121
1.076195 -0.7888931 -0.06165135 -61.09407 246.0243 -112.4106
0.8882071 -0.9199966 -0.06165135 -75.14751 246.0243 -102.5633
0.7497793 -0.9361099 -0.06165135 -89.57499 246.0243 -85.49456
0.294457 0.1180893 2.21789 62.70745 72.8945 -12.95258
0.3623281 0.1305405 2.293818 62.54715 83.03191 -12.73121
0.4116445 0.1571518 2.320673 63.48608 94.09297 -14.78464
0.3713613 0.1476304 2.323603 72.27234 94.47466 -8.799909
0.5422597 0.1793686 2.338739 78.74562 109.4899 -9.84571
0.5334707 0.3143784 2.461542 74.72272 139.9174 -26.91441
0.6750722 0.2538315 2.428583 82.3334 145.3831 -12.86861
0.7531972 0.4166733 2.525995 82.57005 165.2914 -16.99075
0.7063222 0.1249253 2.463739 92.52425 180.2304 -25.6396
0.6950918 0.4103257 2.513544 94.11967 185.7266 -32.70067
0.6491933 0.4327866 2.802851 78.47081 225.3372 -86.18922
0.8369375 0.6913315 2.743525 44.68455 236.635 -57.4793
0.735375 0.546312 2.750116 32.50898 237.4976 -78.46403
0.8652578 0.5946518 2.658564 30.90592 232.3372 -74.17395
0.9057852 0.5873276 2.604853 29.63875 227.9785 -71.87624
1.029564 0.6085678 2.379755 27.81432 245.8258 -71.40296
1.085229 0.6063705 2.229609 23.32577 246.0243 -81.6625
1.02932 0.6085678 2.203974 17.31814 246.0243 -84.87624
1.045678 0.5536362 2.050898 13.58531 246.0243 -86.90678
1.00515 0.5738998 1.96081 9.966992 246.0243 -92.80754
1.018334 0.5721909 1.880243 4.30287 246.0243 -98.34953
1.051781 0.572435 1.795526 -1.666595 246.0243 -104.1052
1.146752 0.6207748 1.653437 -8.223847 246.0243 -109.8457
1.166527 0.6044174 1.557978 -19.42995 246.0243 -111.9526
1.160424 0.5814682 1.52038 -22.50629 246.0243 -118.9144
1.177025 0.569017 1.470087 -24.15514 246.0243 -125.8915
1.202172 0.5599838 1.445917 -29.81927 246.0243 -131.2961
1.186303 0.4759995 1.456415 -35.7811 246.0243 -135.1663
1.291039 0.4164292 1.439325 -39.94904 246.0243 -137.3953
1.322289 0.3959214 1.393427 -50.28492 246.0243 -138.1205
1.344262 0.2941147 1.368769 -45.92614 246.0243 -142.4717
1.42141 0.2396714 1.352655 -40.98721 246.0243 -147.4488
1.449486 0.1930405 1.349237 -40.7353 246.0243 -149.777
1.494897 0.1288315 1.335077 -39.96431 246.0243 -152.9984
1.509057 0.08635107 1.308466 -38.07117 246.0243 -154.2732
1.52102 0.03239599 1.277216 -35.34599 246.0243 -155.3724
1.494164 -0.02570948 1.262567 -28.56736 246.0243 -158.1282
1.480004 -0.05134425 1.227655 -25.36125 246.0243 -161.2656
1.5281 -0.1472915 1.093134 -22.88033 246.0243 -172.4411
1.55642 -0.09943995 1.10705 -11.61316 246.0243 -182.09
1.626244 -0.1526626 1.011591 -4.781099 246.0243 -178.3419
1.677758 -0.2093032 0.9241885 4.287603 246.0243 -185.632
1.669213 -0.240065 0.8638858 9.020428 246.0243 -193.3114
1.777367 -0.1953872 0.7093448 10.79905 246.0243 -187.9831
1.652855 -0.3203872 0.5696963 23.50898 246.0243 -190.3724
2.005883 -0.2500747 0.366083 11.38684 246.0243 -184.4411
1.909203 -0.2249282 0.4879092 0.6311145 246.0243 -180.3877
1.664086 -0.217604 0.5123233 -6.017741 246.0243 -151.5022
1.577416 -0.3880142 0.1487979 -13.65896 246.0243 -154.0824
1.580834 -0.3636001 0.04601467 -22.48339 246.0243 -143.0137
1.663109 -0.3926528 -0.06165135 -41.31545 246.0243 -143.4106
1.54934 -0.4595474 -0.03284276 -54.97957 246.0243 -127.4182
1.43435 -0.4886001 -0.06165135 -64.51392 246.0243 -106.9755
1.371117 -0.6807388 -0.06165135 -71.85744 246.0243 -110.3724
1.212426 -0.7256607 -0.06165135 -78.39178 246.0243 -103.6472
1.208764 -0.759108 -0.06165135 -93.92614 246.0243 -113.403
1.17434 -0.7517838 -0.06165135 -98.60552 246.0243 -85.11288
0.9682852 -0.8626236 -0.06165135 -106.9109 246.0243 -80.65487
0.7021719 -0.938063 -0.06165135 -110.0177 246.0243 -60.22739
0.8650137 -0.8057388 -0.06165135 -138.3002 246.0243 -57.15868
0.4231191 -1.217848 -0.06165135 -123.6208 246.0243 -36.08998
0.009056643 -1.361403 -0.06165135 -88.65133 246.0243 -40.21212
-0.02414648 -1.268141 -0.06165135 -68.52155 246.0243 -13.21212
-0.04563086 -1.309157 -0.06165135 -62.97194 230.6808 -11.81518
-0.1467051 -1.410231 -0.06165135 -48.01774 202.4212 -15.08998
-0.3202891 -1.451247 -0.06165135 -26.40705 174.4594 -4.128152
-0.441627 -1.263258 -0.06165135 -19.8498 137.0166 4.055054
-0.4887461 -1.149977 -0.06165135 -22.57499 94.46702 21.68101
-0.426002 -1.166335 -0.06165135 -23.68186 54.9174 35.88712
-0.3664317 -1.034254 -0.06165135 -24.52156 18.57389 47.18483
-0.2040781 -0.9698013 -0.06165135 -20.36889 -10.50244 54.66574
0.07326562 -0.8462662 -0.06165135 -14.46049 -32.70855 61.69628
0.3327871 -0.7598404 -0.06165135 -8.50629 -47.02916 66.44437
0.481957 -0.7115005 -0.06165135 5.959359 -64.16656 62.25353
