0.3524932 0.08060009 0.4344804 -0.4469466 7.351878 22.40951
0.3493193 0.05325634 0.4247148 2.285878 6.649588 20.1576
0.3542022 0.06204541 0.4230058 2.759161 5.527451 17.70722
0.3559111 0.04642041 0.4208086 4.560687 4.939664 15.93623
0.3585967 0.03860791 0.4249589 6.35458 4.099969 13.96676
0.3610381 0.02078564 0.4261796 6.927099 3.932031 12.18814
0.3651885 0.007846191 0.4364336 8.194275 3.519817 10.98966
0.3600615 -0.006558105 0.4410722 7.415649 3.405313 10.45531
0.3700713 -0.02242725 0.4425371 5.911832 3.588519 10.1805
0.3710479 -0.03439014 0.438875 4.614122 3.764091 10.47821
0.3637236 -0.05733936 0.4518144 3.201909 3.451115 11.08127
0.3585967 -0.05392139 0.451082 2.064504 3.489283 11.27974
0.3610381 -0.05611866 0.4571855 1.430916 3.939664 11.78356
0.359085 -0.06075733 0.4574296 0.6599236 3.90913 11.65379
0.3554229 -0.06100147 0.4415605 0.0339694 3.802259 12.0431
0.3490752 -0.06124561 0.432039 -1.210306 3.840427 12.37134
0.3500518 -0.06808155 0.4183671 -1.83626 3.115237 12.60035
0.3451689 -0.06881397 0.4208086 -2.912596 3.069435 12.73776
0.3468779 -0.07296436 0.4100664 -3.492748 2.496916 13.01256
0.3495635 -0.06905811 0.4132402 -3.981298 1.695389 13.19577
0.3502959 -0.0732085 0.4110429 -4.462214 0.9091299 12.9973
0.3510283 -0.07687061 0.402498 -4.744657 0.07706881 13.23394
0.3534697 -0.08541553 0.4032304 -4.301908 -0.2817099 13.19577
0.3593291 -0.08150928 0.4129961 -3.668321 -1.182473 12.89043
0.3620147 -0.08981007 0.4217851 -3.080534 -1.900031 12.47058
0.3715361 -0.08663624 0.4408281 -2.256107 -2.213008 12.17287
0.3722686 -0.09396046 0.4342363 -1.920229 -2.335145 12.066
0.3793486 -0.101773 0.4598711 -0.7904582 -2.159573 11.60035
0.3815459 -0.1090972 0.4679277 0.6980915 -2.342779 11.40188
0.3783721 -0.1110503 0.4674394 1.491985 -2.052702 11.51638
0.3776397 -0.1303374 0.4642656 2.117939 -1.739725 11.70722
0.3649443 -0.1222808 0.4696367 2.224809 -1.319878 12.0431
0.3686064 -0.1235015 0.4654863 2.408015 -1.190107 12.33318
0.3593291 -0.1176421 0.4625566 2.140839 -1.136672 12.82172
0.3512725 -0.1144683 0.4545 1.35458 -1.312244 13.45531
0.359085 -0.1015288 0.4576738 0.3469462 -1.243542 13.73776
0.3537139 -0.09762257 0.4466875 -0.9278626 -1.716824 14.14997
0.35054 -0.09200733 0.4496171 -2.75229 -2.17484 14.94386
0.352249 -0.08785694 0.4552324 -4.256107 -2.808427 15.40188
0.3510283 -0.08321827 0.4532793 -5.462214 -3.228275 15.71486
0.3532256 -0.08199757 0.4674394 -6.523283 -3.38858 15.53165
0.3551787 -0.07735889 0.4691484 -7.744657 -4.083237 15.74539
0.355667 -0.0732085 0.4723222 -8.698855 -4.220641 15.88279
0.3632354 -0.07687061 0.4847734 -9.759924 -4.472549 16.0889
0.3688506 -0.07223194 0.4986894 -10.19504 -4.655756 15.66142
0.371292 -0.08199757 0.5082109 -10.77519 -4.632855 15.56218
0.3827666 -0.07247608 0.5267656 -11.14924 -4.457283 15.1118
0.3905791 -0.07906787 0.5372636 -11.13397 -3.930565 14.70722
0.4003448 -0.08224171 0.5536211 -10.55382 -3.426748 14.08127
0.4003448 -0.0863921 0.5780351 -9.576717 -2.480183 13.29501
0.404251 -0.08419483 0.5885332 -8.309542 -1.312244 12.94386
0.4020537 -0.09640186 0.5992754 -6.324809 -0.464916 12.47821
0.4027862 -0.1039702 0.6053789 -4.973664 1.191572 12.07363
0.3913115 -0.101773 0.6053789 -3.775191 2.817527 11.40951
0.3844756 -0.100064 0.5909746 -2.85916 4.161038 11.31028
0.3771514 -0.1095855 0.5868242 -1.973664 5.565619 11.23394
0.3778838 -0.112271 0.5751054 -1.340076 6.550352 11.25684
0.3632354 -0.1203276 0.5524004 -0.7828245 7.901496 11.10417
0.3576201 -0.1181304 0.5399492 -0.5003819 8.649588 10.98966
0.3534697 -0.1305815 0.5140703 -0.7904582 8.916763 11.64615
0.3488311 -0.133023 0.5077226 -0.8286262 9.092337 11.76829
0.3402861 -0.1366851 0.4881914 -1.45458 8.970198 12.32554
-0.01396191 0.587436 0.4674394 46.72863 173.1076 107.0507
-0.01713574 0.6120942 0.4708574 40.57595 171.8862 101.4477
-0.01957715 0.63602 0.4515703 35.48435 169.8328 95.92096
0.02046192 0.6514009 0.4271562 28.95763 167.1534 90.72249
-0.01249707 0.649936 0.4488847 19.64466 164.3366 86.37134
-0.02128613 0.6355317 0.4625566 14.25534 163.3977 81.49348
-0.04570019 0.6179536 0.4654863 12.89656 160.8099 76.0889
-0.06156933 0.6130708 0.4713457 7.766794 158.5045 71.14233
-0.08525097 0.5859712 0.4991777 6.240077 156.5885 65.68432
-0.09428417 0.5661958 0.5130937 4.46145 155.2297 60.74539
-0.07987988 0.5476411 0.5108964 1.400382 153.5198 56.71485
-0.07572949 0.5271333 0.539705 -1.324809 152.4053 53.1805
-0.0781709 0.498813 0.5594804 -0.3935118 150.787 48.77592
-0.06156933 0.4931977 0.5755937 -2.019466 150.2221 45.08127
-0.04496777 0.4509614 0.5941484 -2.210306 150.5351 41.63852
-0.04252636 0.451938 0.6122148 -1.820992 150.6343 37.85226
-0.03446972 0.4375337 0.6192949 -1.85916 150.8175 34.47058
-0.03544629 0.4167817 0.6273515 0.4843512 151.3137 30.89806
-0.02055371 0.3943208 0.6319902 4.682825 152.2526 26.69195
-0.02616894 0.3962739 0.6268632 9.65229 152.2984 22.48585
-0.02275097 0.3945649 0.6197832 14.43092 152.9931 18.47821
-0.006881833 0.403354 0.6034257 17.98817 154.0618 14.48585
0.0009306669 0.4106782 0.5775468 21.33931 154.3748 9.836992
0.006545901 0.418979 0.5611894 24.8126 153.7106 5.272107
0.02070606 0.4267915 0.55533 26.20191 153.5122 1.264473
0.02314746 0.4331391 0.543123 27.55305 153.1305 -3.109573
0.02949512 0.4326509 0.5262773 29.46908 152.558 -7.246977
0.02803028 0.41727 0.5243242 32.70572 151.4664 -11.71263
0.0209502 0.4116548 0.5306718 36.49962 151.6954 -16.71263
0.0143584 0.4180024 0.5353105 37.87366 152.2603 -20.79659
0.0009306669 0.4097016 0.5255449 37.02633 152.5427 -24.65919
-0.003463864 0.3835786 0.517 35.59122 153.6649 -27.81186
-0.007125974 0.3611176 0.5079668 32.66756 155.0542 -31.0256
-0.01005566 0.3342622 0.501375 29.78206 156.2755 -33.83476
-0.002975583 0.3118012 0.4877031 27.20191 156.8939 -36.41492
0.003616214 0.2944673 0.4798906 23.8355 158.1381 -38.75843
-0.005905271 0.2585786 0.4608476 23.68283 158.7259 -41.89583
0.002883792 0.2698091 0.4613359 22.13321 158.8557 -44.7737
0.003860354 0.2495454 0.4335039 19.42328 159.8023 -47.33858
0.003616214 0.2466157 0.4344804 15.37748 159.3748 -49.57523
0.00605762 0.2383149 0.4322832 10.70572 159.9702 -51.36148
0.006545901 0.2219575 0.43033 6.408015 160.0313 -53.49126
0.01167285 0.1897309 0.4300859 3.102671 160.3595 -55.24698
0.01362598 0.181186 0.4254472 -0.3706107 160.1687 -57.50652
0.02241504 0.1628755 0.4269121 -3.668321 160.1152 -59.49126
0.0287627 0.137729 0.4361894 -6.591985 159.4587 -61.31568
0.0312041 0.1113618 0.4332597 -6.828626 158.5045 -63.65919
0.03828418 0.08499462 0.4364336 -5.996565 157.1992 -66.18591
0.0678252 0.02933057 0.4796464 4.117939 152.4893 -74.75843
0.08540333 0.02322705 0.4938066 9.575954 151.1839 -78.17828
0.1007842 0.007602051 0.5194414 15.74389 150.1839 -81.10957
0.1251982 0.005648926 0.5394609 22.46145 150.1381 -84.72026
0.1425322 0.009066895 0.5438554 29.27825 149.6878 -88.11721
0.1427764 0.02640088 0.5477617 34.46908 150.932 -91.75843
0.1193389 0.0530122 0.5392168 38.34695 151.9473 -96.25462
0.1303252 0.07742627 0.5201738 40.22481 152.4129 -100.9264
0.152542 0.06448681 0.5018632 40.63702 153.619 -104.6592
0.1706084 0.07425244 0.4625566 40.42328 154.6725 -108.7203
0.1974639 0.07083447 0.4552324 39.86603 155.4893 -112.6287
0.2196807 0.07254345 0.4295976 39.12557 155.932 -116.8424
0.2279814 0.06766064 0.418123 37.59885 157.0542 -121.1096
0.2406768 0.04495557 0.3971269 35.9729 157.9855 -125.4607
0.241165 0.04104932 0.3771074 32.67519 158.558 -130.2851
0.2282256 0.05252392 0.3749101 32.78206 158.8175 -137.476
0.2746123 -0.02486865 0.3561113 34.18664 158.0084 -143.3004
0.2855986 -0.07857959 0.3456132 37.9042 158.0771 -148.0561
0.3078154 -0.1283843 0.3107011 41.72863 155.8939 -152.3691
0.3529814 -0.1845366 0.3006914 48.9729 153.7183 -157.1706
0.3876494 -0.2297026 0.3187578 63.07977 151.1992 -163.5142
0.402542 -0.2470366 0.310457 78.14848 150.6038 -170.247
0.4240264 -0.2865874 0.3016679 89.43855 149.2603 -174.6363
0.4225616 -0.3214995 0.2909257 100.576 147.8328 -178.9722
0.4188994 -0.3339507 0.2821367 112.0721 147.4893 -182.7126
0.4235381 -0.3263824 0.2687089 120.263 147.1381 -185.789
0.4120635 -0.30148 0.2552812 124.4233 146.8862 -188.1248
0.3957061 -0.2887847 0.2350175 123.1103 148.3977 -189.7279
0.4064483 -0.2887847 0.1852129 121.3699 149.161 -191.3233
0.4074248 -0.290982 0.1412675 118.9805 150.6267 -193.1401
0.386917 -0.3012359 0.08291793 112.4004 150.2908 -192.9798
0.3847197 -0.3083159 0.01651168 103.5302 149.1 -192.621
0.3971709 -0.2965972 -0.04769731 92.43092 147.9549 -191.6439
0.3759307 -0.3017241 -0.06258988 79.79733 144.9244 -190.8577
0.4184112 -0.3141753 -0.1211836 68.9271 145.7259 -191.2928
0.3446807 -0.1889312 0.4723222 -1.576718 1.390046 23.45531
0.3473662 -0.3766753 0.6161211 -2.668321 -34.90766 56.31027
0.3537139 -0.3664214 0.6371171 -0.4316797 -33.51835 57.08127
0.3527373 -0.3383452 0.6651933 1.988168 -31.57179 57.12707
0.3542022 -0.3363921 0.697664 5.728626 -30.16721 57.31791
