1.119339 0.505893 0.9073809 0.8812976 -20.04507 16.36371
1.116653 0.4907563 0.9107988 -6.385878 -21.19774 13.43241
1.119827 0.4829438 0.9088457 -12.9355 -22.32751 10.45531
1.123733 0.4678071 0.9066484 -19.30191 -22.9382 7.409512
1.124466 0.4526704 0.9107988 -25.63779 -23.48018 5.012566
1.122513 0.4231294 0.9132402 -30.50801 -23.97637 1.997297
1.1418 0.3745454 0.9017656 -25.77519 -24.78553 -2.918734
1.123489 0.3791841 0.9183672 -28.1416 -26.64049 -5.567587
1.104446 0.3457368 0.9252031 -27.12634 -27.1214 -8.44545
1.105911 0.3232759 0.9305742 -26.53092 -26.99927 -11.35385
1.101028 0.3042329 0.9242266 -27.01183 -27.8924 -13.72789
1.08931 0.2893403 0.942293 -26.50038 -29.06797 -16.59049
1.087356 0.2622407 0.9606035 -27.13397 -29.45728 -18.01034
1.086624 0.2502778 0.956209 -28.64542 -29.18247 -20.43018
1.076126 0.2339204 0.9693926 -30.41641 -29.09087 -21.91873
1.075638 0.2173188 0.9806231 -32.63015 -29.42675 -22.90347
1.066116 0.2051118 0.997957 -35.71412 -28.96873 -24.32331
1.050735 0.1882661 0.9950274 -38.49275 -29.0069 -24.63629
1.045364 0.1597017 1.006502 -41.51565 -28.28171 -25.36148
1.0522 0.1562837 1.017977 -43.72939 -27.99163 -25.92637
1.051468 0.1174653 1.032869 -46.20267 -27.38858 -25.8653
1.041946 0.1076997 1.028475 -48.26374 -26.62522 -25.8653
1.040237 0.08865673 1.034822 -49.11107 -26.12904 -25.70499
1.037552 0.07352002 1.034334 -50.08817 -25.76263 -25.19354
1.037796 0.05789502 1.036287 -49.86679 -25.0527 -25.23171
1.035354 0.03885205 1.044588 -50.22557 -24.29698 -24.39202
1.033157 0.01907666 1.049959 -49.37825 -23.72446 -23.36912
1.031204 0.004672363 1.039217 -48.50038 -23.13667 -22.81186
1.029251 -0.009487793 1.044588 -46.69886 -22.8695 -21.8195
1.031692 -0.02926318 1.043855 -45.0042 -22.58705 -20.46072
1.036819 -0.0353667 1.051424 -43.9584 -21.81606 -18.99507
1.035354 -0.05660694 1.050691 -41.72939 -20.51072 -17.19354
1.044876 -0.07345264 1.052644 -40.14924 -20.20537 -15.17064
1.050003 -0.08395069 1.047518 -37.47748 -19.49545 -13.51415
0.9440459 -0.07491748 0.9720781 17.58359 11.79463 19.37134
0.932083 -0.1484038 0.9083574 60.65229 25.34424 56.76066
0.9425811 -0.159146 0.8978594 65.00344 26.30608 59.02783
0.947708 -0.1620757 0.8961504 69.07214 27.1076 60.9744
0.9606475 -0.1637847 0.8929766 72.94237 27.89386 63.1118
0.9726104 -0.1635405 0.8915117 75.48435 29.59615 65.07363
0.9884795 -0.1506011 0.8863848 77.48435 29.91676 67.10417
0.9899444 -0.1393706 0.8824785 77.23244 30.73356 69.50111
0.9928741 -0.1339995 0.8873613 76.60649 32.19921 71.64616
1.006058 -0.1271636 0.8854082 76.0416 33.90913 73.34081
1.023392 -0.1178862 0.8817461 73.78207 35.49692 75.87516
1.047562 -0.1108062 0.8863848 70.83549 37.53508 78.05074
1.062698 -0.09615772 0.8841875 67.36985 40.00837 80.53928
1.081741 -0.07857959 0.8585527 62.79733 41.90913 82.30264
1.099075 -0.06295459 0.8531816 58.95763 43.90913 83.89806
1.098099 -0.04171435 0.8453691 55.24771 45.63432 85.066
1.160354 -0.02999561 0.8253496 52.56068 47.52745 85.56218
1.036575 -0.1108062 0.848543 51.70572 52.04654 86.19577
1.085892 0.05569775 0.801668 51.84313 49.84043 84.1576
1.041702 0.002230957 0.7833574 54.72099 48.29844 84.93623
1.048782 -0.008999512 0.8048418 55.0874 49.8557 84.1805
1.0522 0.02371533 0.8180254 58.25534 51.31371 81.90569
1.044388 0.01736768 0.7940996 61.95 52.25264 81.28738
1.045608 0.0271333 0.7691972 62.59122 51.33661 80.28738
1.040481 0.03958447 0.7806718 65.7668 51.27554 78.70722
1.050247 0.04593213 0.7691972 68.75916 51.71066 77.47821
1.039993 0.05105908 0.7557695 69.24771 51.97783 75.82936
1.041214 0.05667431 0.7508867 70.27824 51.07707 74.80646
1.045853 0.0686372 0.7433183 70.52252 50.84806 73.10417
1.039505 0.06766064 0.7406328 70.17138 50.9015 71.58508
1.035843 0.07059033 0.7291582 69.11794 50.45875 70.36371
1.034622 0.08401806 0.728914 67.11794 50.1534 69.05074
1.035599 0.07962353 0.7120683 65.61413 49.64196 67.54691
1.032669 0.08816845 0.6954668 63.63702 48.25264 66.16524
1.031204 0.09451611 0.7069414 61.58358 47.35188 64.64616
1.032913 0.08450634 0.7020586 60.28588 46.49692 63.0431
1.036331 0.08694775 0.6874101 57.95763 45.51982 61.44005
1.039749 0.09012157 0.6881425 56.01107 43.77936 59.8828
1.046341 0.08816845 0.6725175 52.74389 43.41295 58.10417
1.033646 0.1011079 0.6712968 49.94236 42.14577 55.96677
1.040481 0.1028169 0.6710527 46.60649 40.58852 54.71485
1.025833 0.1067231 0.6637285 43.69046 39.0389 52.9515
1.031937 0.1123384 0.6649492 39.9958 37.93203 51.23394
1.036819 0.1150239 0.6656816 37.84313 36.9015 49.05836
1.03389 0.1162446 0.6678789 35.0416 35.37478 47.01257
1.034622 0.125522 0.6671464 33.0645 33.95493 44.95913
1.02681 0.1308931 0.6539629 30.62176 32.27554 42.83699
1.017776 0.1365083 0.6588457 28.49962 30.84806 40.36371
1.025589 0.1306489 0.6625078 26.11794 29.016 38.09653
1.007767 0.1299165 0.6700761 23.70572 27.29844 35.72249
1.009476 0.1279634 0.6759355 21.30878 25.79463 33.82172
1.010696 0.1313813 0.6730058 18.77443 24.016 31.41714
1.01094 0.1308931 0.6813066 16.17138 22.41295 29.44768
1.023392 0.1267427 0.6759355 14.02634 20.75646 27.33318
1.014847 0.1291841 0.6813066 10.93473 19.37478 25.30264
1.00972 0.1269868 0.6786211 8.316412 17.37478 23.42478
1.007034 0.1108735 0.6744707 5.84313 15.42821 21.50111
1.008255 0.1111177 0.6849687 3.377481 13.76409 19.67669
1.008987 0.106479 0.6864336 0.7820611 11.84043 18.066
1.006546 0.09964306 0.6832597 -1.324809 9.557985 16.37898
1.002396 0.09695751 0.6898515 -4.111069 7.687756 14.66905
1.006302 0.09231884 0.6961992 -6.744657 5.90913 13.14234
1.003128 0.08890087 0.7084062 -9.149237 3.825161 11.57745
1.00264 0.08011181 0.7093828 -11.98893 2.008367 10.27211
1.000442 0.07718213 0.7091386 -15.34771 0.2450078 9.157603
1.005569 0.07059033 0.7113359 -18.28664 -1.510718 7.768291
1.013382 0.06204541 0.7191484 -21.01183 -3.037435 6.615619
1.01387 0.0403169 0.7269609 -22.92786 -4.663389 5.524015
1.020706 0.03274853 0.7399004 -24.62252 -5.953465 4.088902
1.018997 0.02444775 0.7401445 -25.90496 -7.518351 3.188137
1.023636 0.01394971 0.7533281 -27.1187 -8.57942 2.035465
1.025589 0.0005219728 0.7662675 -28.1645 -9.831328 0.8827934
1.020218 -0.00826709 0.7721269 -29.04237 -10.80079 -0.04087067
1.016067 -0.0197417 0.7806718 -29.87443 -11.76263 -0.8271294
1.024856 -0.03268115 0.7884843 -30.56145 -12.57942 -1.498886
1.03804 -0.04610888 0.8011797 -31.27137 -13.29698 -2.056137
1.061478 -0.06954639 0.801668 -31.53092 -13.19774 -2.12484
1.069534 -0.07272022 0.8146074 -30.68359 -13.44965 -2.55232
1.097366 -0.1010405 0.8397539 -28.1187 -13.23591 -3.170641
1.101517 -0.11398 0.8407305 -27.9584 -12.96873 -2.941633
1.090286 -0.1213042 0.850252 -28.23321 -12.72446 -2.788961
1.087356 -0.122769 0.857332 -28.61489 -12.64049 -2.460718
1.078812 -0.1335112 0.8717363 -29.1187 -12.02217 -2.094305
1.076614 -0.1403472 0.8734453 -29.40114 -11.81606 -1.338581
1.075882 -0.1520659 0.8863848 -29.74466 -11.0985 -0.7813282
1.080521 -0.1527983 0.8990801 -29.15687 -10.41148 0.226305
1.074661 -0.1610991 0.8927324 -28.82862 -9.587053 1.073633
1.071487 -0.1647612 0.9115313 -27.69122 -9.075603 1.55455
1.068802 -0.1686675 0.9137285 -26.78282 -8.846596 2.44768
1.05928 -0.1711089 0.9137285 -25.56908 -8.067969 3.333176
1.064407 -0.1794097 0.9210527 -24.92786 -7.228275 4.325542
1.055618 -0.1828276 0.926668 -24.29428 -6.800794 5.462947
1.215286 -0.2135894 0.999666 -15.51565 18.25264 1.730122
1.171097 -0.1733062 1.024812 -1.569084 -6.083237 25.9286
1.172317 -0.1686675 1.02701 0.1942749 -6.930565 26.39425
1.181595 -0.1693999 1.027254 1.408015 -7.472549 26.67669
1.186233 -0.1657378 1.020906 2.140839 -8.228275 27.24921
1.194778 -0.1576812 1.023836 2.255343 -8.571787 27.80646
1.194778 -0.1513335 1.02701 1.728626 -9.312244 28.55455
1.183792 -0.1488921 1.034334 0.6293893 -9.831328 29.31028
1.188431 -0.1430327 1.039461 -0.4698477 -10.40385 30.24157
1.191849 -0.1552397 1.044588 -2.004199 -10.72446 31.31028
1.201126 -0.1569487 1.040926 -3.56145 -11.51072 32.62325
1.204544 -0.1698882 1.038973 -4.179771 -12.06034 33.72249
1.208938 -0.1674468 1.048738 -3.683588 -12.23591 34.98203
1.223831 -0.1752593 1.061434 -1.462214 -12.02217 35.89806
1.218216 -0.174771 1.057039 2.072137 -11.9153 36.10417
1.215042 -0.1525542 1.055086 3.629389 -11.47255 36.50111
1.236771 -0.1471831 1.039461 1.446183 -12.12904 37.69958
1.257767 -0.1361968 1.037264 -2.485115 -13.13667 39.78356
1.278519 -0.1327788 1.041414 -4.668321 -13.22828 40.69958
1.285599 -0.1354644 1.061434 -6.485115 -12.8924 41.27974
1.272659 -0.1310698 1.05948 -6.591985 -12.06034 41.21867
1.268753 -0.1459624 1.080965 1.522519 -10.54889 38.82172
1.257278 -0.131314 1.086336 5.35458 -8.319878 36.76829
1.245071 -0.1125151 1.043855 8.156107 -8.838962 36.50111
