-0.518043 0.3827378 1.280878 4.608214 23.48229 -13.5938
-0.4887461 0.4303452 1.268183 -1.071175 24.05481 -11.80754
-0.4489512 0.43181 1.236688 -11.52156 24.99374 -9.71594
-0.5273203 0.4269272 1.316522 -16.804 26.08534 -9.586168
-0.4968028 0.363939 1.223017 -15.39179 30.04718 -11.92205
-0.6010508 0.3954331 1.295282 -21.41469 24.11588 -7.922045
-0.5749278 0.4071518 1.303339 -21.04064 28.97847 -10.80754
-0.5541758 0.3856675 1.326776 -19.7124 27.97084 -10.41823
-0.5558848 0.3856675 1.323847 -14.72766 30.39069 -13.00602
-0.5724864 0.3925034 1.318231 -9.819267 27.8945 -14.76937
-0.5600352 0.3939682 1.296503 -3.491023 30.31435 -18.86098
-0.5466074 0.3824936 1.282343 -0.1093435 30.6426 -20.80754
-0.5541758 0.3966538 1.269647 3.676916 30.30672 -22.65487
-0.5456309 0.3981186 1.245478 4.638748 30.96321 -24.17395
-0.5546641 0.4003159 1.226923 2.974626 32.14641 -24.56327
-0.5497813 0.3734604 1.212763 2.905924 32.29908 -25.62434
-0.5663828 0.3729722 1.202509 3.470809 32.11588 -26.13579
-0.5744395 0.3644272 1.169794 1.905924 31.99374 -26.69304
-0.5900645 0.3412339 1.165888 1.692183 30.51283 -26.57854
-0.5861582 0.3238999 1.156366 0.8448549 30.06244 -26.68541
-0.596168 0.3155991 1.161493 0.5624123 29.28382 -26.33426
-0.6052012 0.3011948 1.150751 0.6540153 28.81054 -26.29609
-0.5976328 0.2950913 1.146601 0.05096185 27.99374 -25.82281
-0.6081309 0.2787339 1.143915 -0.9490381 27.59679 -25.42586
-0.6110606 0.2894761 1.134882 0.3944733 26.45939 -25.05182
-0.6047129 0.2889878 1.133661 -1.155145 26.27618 -24.40296
-0.6030039 0.2775132 1.135126 -1.29255 24.83344 -23.60907
-0.5903086 0.261644 1.127069 -1.269649 24.47466 -23.34189
-0.5917735 0.2582261 1.120233 -1.300183 23.48992 -22.63197
-0.5837168 0.2570054 1.114374 -1.216214 23.02427 -22.11289
-0.583961 0.2565171 1.123896 -0.7887329 22.30672 -21.79227
-0.5827403 0.2582261 1.122675 0.08149624 21.92504 -21.75411
-0.5834727 0.2513901 1.124384 1.348672 21.6884 -21.83044
-0.5929942 0.2467515 1.123896 2.180733 20.99374 -21.99075
-0.5956797 0.2406479 1.105585 2.79142 20.64259 -21.79227
-0.5920176 0.2374741 1.110468 3.379206 20.13115 -21.47166
-0.5939707 0.2281968 1.100946 3.883023 19.50519 -21.03655
-0.5907969 0.2150132 1.094843 4.134931 18.8258 -20.5251
-0.5993418 0.2089097 1.086542 4.310504 17.83344 -19.37243
-0.5993418 0.2062241 1.077753 3.699817 17.02427 -18.4793
-0.5932383 0.186937 1.074823 4.257069 15.74946 -16.99838
-0.5868906 0.1935288 1.068476 4.218901 14.83343 -15.95258
-0.5837168 0.1988999 1.070917 4.043328 14.03191 -14.71594
-0.5912852 0.1954819 1.070429 3.463176 13.00137 -13.32663
-0.5849375 0.1986557 1.066278 2.70745 12.38305 -11.99075
-0.5793223 0.2133042 1.066278 1.470809 11.37542 -10.41823
-0.5734629 0.2125718 1.063105 0.4402748 10.21511 -9.212122
-0.5729746 0.2230698 1.052851 -0.4681221 9.291451 -7.693038
-0.5719981 0.232103 1.060907 -1.254382 8.161679 -6.937313
-0.5658946 0.2530991 1.06286 -2.078809 6.818168 -6.33426
-0.5505137 0.2738511 1.075556 -2.681863 6.535725 -5.899145
-0.5595469 0.2826401 1.076288 -3.498657 5.543359 -5.151053
-0.5524668 0.2948472 1.06872 -3.628428 4.199847 -5.280824
-0.5514903 0.3192612 1.072138 -3.605527 3.222748 -5.296092
-0.5453867 0.3273179 1.071405 -3.567359 2.138778 -5.815176
-0.545875 0.3387925 1.067011 -3.284916 1.39832 -6.456397
-0.5405039 0.360521 1.073358 -3.345985 -0.5329773 -7.235023
0.047875 0.5563217 2.718378 13.51661 -18.27344 12.16956
-0.0212168 0.2816636 2.203241 -53.8498 134.4823 -25.13579
-0.01193945 0.2799546 2.202997 -54.50629 139.4288 -25.62434
-0.000953123 0.2677475 2.187128 -56.77346 145.1693 -25.51747
0.02419336 0.1803452 2.186152 -51.37652 146.467 -26.6167
0.03835352 0.1996323 2.184443 -49.59026 151.4747 -27.49457
0.06325586 0.2037827 2.205194 -48.01774 156.0701 -27.85334
0.1006094 0.2093979 2.220087 -44.81927 160.0319 -28.57854
0.1394277 0.2308823 2.233759 -44.65133 166.1159 -29.65487
0.1828848 0.2430893 2.244501 -43.94904 171.2609 -30.54037
0.2290273 0.2718979 2.269892 -43.72766 176.7266 -31.94495
0.2727285 0.2794663 2.299921 -44.90324 182.8029 -33.90678
0.3327871 0.3080307 2.322626 -49.70476 188.9327 -34.4793
0.3901601 0.2562729 2.379267 -49.09407 197.1693 -36.17395
0.4570547 0.2509018 2.430048 -51.36125 204.8411 -37.02128
0.5398183 0.1896225 2.461542 -54.34599 213.2609 -37.38769
0.6509023 0.166185 2.526484 -59.36889 225.5586 -36.31136
0.780541 0.1041733 2.57873 -66.23911 241.4441 -34.26556
0.84475 0.06218114 2.595087 -73.76583 246.0243 -28.16632
0.8618399 0.09953466 2.565546 -92.59789 246.0243 -19.04418
0.936791 0.007005363 2.477655 -101.8345 246.0243 -11.12052
1.016625 0.02629247 2.422968 -109.43 246.0243 -0.769374
1.072045 0.05534521 2.396112 -115.6361 246.0243 7.177191
1.109887 0.126146 2.326532 -120.8116 246.0243 14.99398
1.127221 0.1752182 2.270136 -128.1857 246.0243 22.4749
1.133568 0.2311265 2.115351 -133.8727 246.0243 29.79551
1.155053 0.3129136 1.942499 -136.888 246.0243 36.28406
1.017602 0.2848374 1.871942 -131.2315 246.0243 36.73444
1.170434 0.2924057 1.730585 -114.1628 246.0243 37.66574
1.447777 0.6017319 1.423212 -123.5903 246.0243 49.98635
1.234154 0.6498276 1.340448 -127.8193 246.0243 46.03215
1.062035 0.5348373 1.268915 -94.54446 246.0243 39.09322
1.003197 0.8097397 1.115351 -78.88033 246.0243 28.39093
0.6643301 0.6178452 0.8223819 -48.70476 246.0243 23.68864
0.2275625 0.5560776 0.3406924 37.2189 246.0243 -19.23502
0.4331289 0.7611557 0.1639346 80.81432 246.0243 -0.03654957
1.098168 1.056566 -0.06165135 35.25707 246.0243 -38.30372
0.7468496 1.295824 -0.06165135 13.196 246.0243 -50.20449
0.7029043 1.05681 -0.06165135 17.02806 246.0243 -71.14342
0.4931875 1.218431 -0.06165135 21.20363 246.0243 -80.81517
0.8181387 1.162523 -0.06165135 -9.277283 246.0243 -101.8152
0.5434804 0.9684311 0.02550685 -11.65896 246.0243 -104.7694
0.7199941 0.7999741 0.1556338 0.08149624 246.0243 -124.0365
0.7934804 0.7198959 0.3026065 4.799054 246.0243 -133.1969
0.9387442 0.5580307 0.451044 19.2189 246.0243 -147.7694
1.006371 0.5040756 0.5836123 29.60822 246.0243 -158.9068
1.067406 0.4083725 0.6766299 41.35631 246.0243 -170.7159
1.069115 0.3270737 0.687128 53.89066 246.0243 -182.632
1.051293 0.2877671 0.6407413 59.98989 246.0243 -191.4717
1.017602 0.1754624 0.5198916 60.0815 246.0243 -196.4182
0.9817129 0.105394 0.3651065 60.82959 246.0243 -199.7007
0.9092031 0.02458349 0.2003115 54.61585 246.0243 -200.7694
0.8652578 -0.04524073 0.08214748 48.76089 246.0243 -198.7999
0.8042227 -0.04939112 -0.01233494 34.92883 246.0243 -195.09
0.718041 -0.184645 -0.06165135 17.35631 246.0243 -189.0442
0.7629629 -0.4356216 -0.06165135 6.081496 246.0243 -178.7388
0.6167226 -0.2034439 -0.06165135 -26.03301 246.0243 -166.2579
0.6697011 -0.6773209 -0.06165135 -20.7353 246.0243 -151.1205
0.5959707 -0.4812759 -0.06165135 -14.09408 246.0243 -142.7694
0.7170644 -0.5288834 -0.06165135 -15.7811 246.0243 -138.8686
0.7563711 -0.5200943 -0.06165135 -12.84217 246.0243 -131.5404
0.7568594 -0.4739517 -0.06165135 -7.689496 246.0243 -127.9678
0.8010489 -0.4099868 0.03087795 -2.956672 246.0243 -125.7236
0.8232656 -0.3560318 0.09996975 5.371572 245.5663 -126.2427
0.8493887 -0.2825454 0.1495303 16.61585 242.1006 -129.0366
0.8606192 -0.2525161 0.1778506 28.56241 239.9021 -133.5022
0.8596426 -0.2276138 0.1746768 40.92883 236.0853 -138.861
0.848168 -0.2000259 0.1702822 50.81432 232.0624 -143.5022
0.8425528 -0.2017349 0.1851748 56.94409 228.4518 -147.4564
0.8196035 -0.2117446 0.194208 62.50898 224.4365 -150.7007
0.8073965 -0.2481216 0.192499 65.1502 220.9403 -152.4335
0.8176504 -0.269606 0.1551455 63.81432 217.9174 -152.8381
0.7563711 -0.34944 0.1885928 62.3334 211.9021 -150.7465
0.7016836 -0.3596939 0.2293643 57.63111 209.9708 -148.3419
0.6626211 -0.3916763 0.2152041 49.53188 206.0395 -143.7236
0.6484609 -0.4639419 0.2103213 39.69982 202.7037 -137.2656
0.6338125 -0.5425552 0.2059268 30.70745 199.5739 -128.7159
0.6003652 -0.6033463 0.2589053 23.44791 195.6273 -118.7541
0.5656972 -0.6668228 0.2005557 15.41737 198.4288 -109.9373
0.5500722 -0.6958755 0.1336612 8.676916 191.5128 -99.01365
0.542748 -0.7217545 0.1107119 4.608214 188.9098 -89.08235
0.511498 -0.743483 0.0684756 3.70745 183.4976 -80.86098
0.4765859 -0.7317642 0.02721584 2.470809 177.1388 -72.37243
0.4533926 -0.7254166 -0.02918065 3.30287 171.5434 -65.86861
0.4114004 -0.7115005 -0.05335057 5.455542 163.4059 -59.01365
0.3994375 -0.7049088 -0.06165135 8.562412 156.4059 -54.70067
0.3601308 -0.6831802 -0.06165135 12.1731 148.1388 -49.5938
0.3081289 -0.6038345 -0.06165135 21.74562 120.2915 -36.72357
-0.4723887 -0.1323989 1.374384 26.16547 -3.555878 17.19246
-0.5134043 -0.06721339 1.351679 52.60822 -21.77725 8.894748
-0.4924082 -0.05256495 1.376093 51.2189 -22.23527 9.848947
-0.4831309 -0.06110987 1.396112 49.82959 -21.79252 10.5665
-0.4716563 -0.05329737 1.411005 47.31814 -21.91466 12.25353
