0.8921548 -0.5977167 1.371501 269.6508 -127.0263 251.8109
0.8652993 -0.4746698 1.282146 269.6508 -114.1179 251.8109
0.8655435 -0.3904413 1.185954 269.6508 -101.9194 251.8109
0.8633462 -0.2981561 1.123942 269.6508 -93.84305 251.8109
0.8604165 -0.1907343 1.025065 269.6508 -85.14839 251.8109
1.445866 2.224976 1.614909 -22.52472 -123.8736 -65.48681
2.199039 0.6210333 0.5909834 -230.6163 224.8974 -248.4563
1.915104 0.4091192 0.5228682 -230.6163 231.0959 -248.4563
1.506168 -0.1077264 0.2269697 -230.6163 231.0959 -248.4563
1.268131 -0.3181757 -0.04427052 -230.6163 231.0959 -248.4563
1.576237 -0.6997675 -0.2605791 -230.6163 231.0959 -248.4563
1.486637 -0.704162 -0.2537432 -230.6163 231.0959 -248.4563
1.590641 -1.061584 -0.2605791 -230.6163 231.0959 -248.4563
1.738346 -1.294006 -0.2605791 -230.6163 231.0959 -248.4563
1.355045 -1.774963 -0.2605791 -230.6163 231.0959 -248.4563
0.8762856 -1.774963 -0.2605791 -230.6163 231.0959 -248.4563
0.8711587 -1.774963 -0.2605791 -230.6163 231.0959 -248.4563
0.402897 -1.774963 -0.2605791 -230.6163 231.0959 -248.4563
0.07818994 -1.774963 -0.2605791 -230.6163 231.0959 -248.4563
-0.9364585 -1.774963 -0.2605791 -230.6163 231.0959 -233.6776
-1.71014 -1.774963 -0.2605791 -165.6163 176.6837 -148.9601
-1.71014 -1.774963 -0.2605791 -84.39494 62.8974 -76.70818
-1.71014 -1.774963 -0.2605791 8.200473 -25.06443 -12.3265
-1.71014 -1.774963 -0.2605791 -23.70792 -90.29344 54.41396
-1.71014 -1.774963 -0.2605791 -26.05143 -147.5835 109.3223
-1.71014 -1.774963 -0.2605791 -35.9751 -191.0873 150.3682
-1.405208 -1.774963 -0.2605791 -26.77663 -221.3621 175.7727
-0.9176597 -1.774963 -0.2605791 -25.68502 -266.3698 202.7956
-0.5123862 -1.774963 -0.2605791 2.047802 -269.1713 220.4674
-0.2406577 -1.774963 -0.2605791 32.39131 -269.1713 244.2613
0.1448403 -1.774963 -0.2605791 82.002 -269.1713 251.8109
0.352604 -1.774963 0.05924511 134.4295 -269.1713 251.8109
0.7664224 -1.774963 0.4852705 169.399 -269.1713 251.8109
0.9170571 -1.688293 0.8876143 216.5364 -269.1713 251.8109
0.8472329 -1.503723 1.050456 266.6661 -269.1713 251.8109
0.9165689 -1.222473 1.120036 269.6508 -269.1713 251.8109
0.9097329 -1.043029 1.214519 269.6508 -268.0034 251.8109
0.9873696 -0.8284296 1.389812 269.6508 -255.9805 251.8109
0.9763833 -0.6021112 1.468669 269.6508 -217.2018 251.8109
1.050602 -0.5879511 1.316813 269.6508 -198.3316 251.8109
1.074528 -0.372619 1.231364 269.6508 -171.9881 251.8109
1.347721 0.07977356 0.6305342 269.6508 -143.9957 251.8109
1.039372 0.09808411 0.7518721 269.6508 -154.5988 251.8109
0.6797524 0.4015509 0.8939619 269.6508 -155.1408 251.8109
0.779606 0.2775275 0.8444014 269.6508 -138.2324 251.8109
0.8865396 0.353211 0.7367353 269.6508 -132.2247 251.8109
0.8689614 0.3495489 0.7499189 269.6508 -126.6599 251.8109
0.9004556 0.4086309 0.7589521 269.6508 -117.5072 251.8109
0.8643228 0.4623419 0.7006025 269.6508 -109.4232 251.8109
0.7852212 0.5853888 0.6886396 269.6508 -106.4995 251.8109
0.7168618 0.6837774 0.6901045 254.0249 -102.1026 251.8109
0.732731 0.7416388 0.6761885 234.0478 -100.9194 251.8109
0.8020669 0.7838751 0.6507978 220.3684 -98.68275 251.8109
0.8511392 0.8595587 0.6119795 210.5745 -96.07207 251.8109
0.8728677 0.8512579 0.5135908 199.2997 -97.36214 251.8109
0.9253579 0.8251348 0.5228682 200.6432 -99.39267 251.8109
0.9492837 0.978211 0.4571943 178.1547 -100.3621 251.8109
0.8394204 0.9860235 0.4820967 164.7272 -101.4919 251.8109
0.9380532 0.9105841 0.3944502 166.6356 -114.7514 251.8109
1.014713 0.901795 0.449626 150.7348 -111.7591 251.8109
1.042057 0.8695684 0.4261885 156.4906 -116.5453 251.8109
1.086002 0.9169317 0.3548994 153.4829 -124.0263 251.8109
1.117497 0.9723516 0.394206 156.4066 -131.5759 251.8109
1.149235 1.022645 0.4269209 157.2463 -134.8736 251.8109
1.213688 1.043397 0.4213057 166.6127 -140.4308 251.8109
1.311588 1.089539 0.4230146 178.4982 -145.6446 251.8109
1.293034 1.110047 0.4996748 211.5669 -156.1942 251.8109
1.277653 1.537293 0.5157881 211.4066 -155.9881 251.8109
1.598209 1.662049 0.4464521 229.5898 -158.1408 251.8109
1.568668 1.846131 0.49821 249.4524 -163.1789 251.8109
1.577458 1.992859 0.5338545 255.4677 -152.2324 251.8109
1.668766 1.984803 0.4957685 269.6508 -145.8965 251.8109
1.655094 2.127625 0.3998213 269.6508 -144.9347 251.8109
1.674625 2.224976 0.274333 269.6508 -142.0492 251.8109
1.729313 2.224976 0.1627607 269.6508 -145.3011 251.8109
1.645084 2.224976 0.1573896 269.6508 -147.4537 251.8109
1.677799 2.224976 0.1698408 269.6508 -146.9423 251.8109
1.790836 2.224976 0.2294111 269.6508 -144.4766 249.9483
1.837223 2.224976 0.06168652 229.4447 -139.0644 223.559
1.987614 2.224976 0.1556807 205.2157 -134.4461 206.5666
2.040348 2.224976 0.196208 155.8188 -129.5835 195.5285
2.075504 2.224976 0.2128096 113.2081 -125.1637 187.8185
1.919499 2.224976 0.246501 65.9104 -132.2171 171.9559
1.856266 2.224976 0.2926435 15.87986 -133.1179 135.7804
1.690739 2.224976 0.6588545 -34.36441 -121.2476 102.643
1.830143 2.224976 0.7111006 -55.60106 -110.3316 60.39105
1.58527 2.224976 1.019206 -67.67738 -112.095 19.59716
1.560612 2.224976 1.222331 -75.66975 -100.0721 -24.79215
1.490543 2.224976 1.330241 -84.33388 -91.20947 -66.37994
1.444645 2.224976 1.410075 -78.21938 -82.72092 -112.2883
1.389713 2.224976 1.485271 -80.53998 -75.13313 -156.8532
1.398747 2.224976 1.573405 -78.41785 -64.54535 -199.3723
1.371647 2.224976 1.631999 -85.05144 -56.06443 -240.1051
1.378727 2.224976 1.65861 -85.28807 -42.44611 -248.4563
1.390446 2.224976 1.66447 -80.6545 -29.36214 -248.4563
-0.1359214 -1.774963 -0.2605791 69.26918 -269.1713 180.9178
0.8296548 -0.3696893 0.7967939 269.6508 -132.6828 251.8109
0.8945962 -0.2966913 0.7423506 269.6508 -125.6828 251.8109
0.9241372 0.06878723 0.6976728 269.6508 -123.8889 251.8109
0.8840981 0.4711309 0.7689619 235.5287 -122.7285 251.8109
1.033268 0.4911505 0.7496748 230.2234 -116.4461 251.8109
1.101872 0.4857794 0.7762861 238.8188 -111.2476 251.8109
1.218815 0.4054571 0.6383467 258.399 -97.39267 251.8109
1.186833 0.3126837 0.4374189 249.9944 -98.90413 251.8109
1.208561 0.3717657 0.368083 248.8951 -96.99573 251.8109
1.202946 0.5573126 0.2870283 231.7043 -98.84305 251.8109
1.242985 0.6566778 0.2640791 212.7959 -97.95757 251.8109
1.300114 0.7726446 0.2120771 204.3455 -97.72092 251.8109
1.29401 1.068299 0.1066084 199.9486 -103.8125 251.8109
1.203678 1.079041 0.1569014 197.1699 -116.2018 251.8109
1.444401 1.138123 0.09025097 182.8035 -117.7438 251.8109
1.446354 1.262635 0.1393232 178.8493 -118.4537 251.8109
1.435856 1.289246 0.1219893 172.0325 -122.6522 251.8109
1.468327 1.40033 0.09488964 168.7883 -126.469 251.8109
1.65485 1.483338 -0.03572559 154.7196 -130.7591 251.8109
1.507145 1.662781 0.3165693 164.8341 -147.011 251.8109
1.665348 1.774354 0.1207685 166.1318 -154.4461 251.8109
1.414372 1.861756 0.2252607 140.3531 -156.6064 251.8109
1.50861 1.945252 0.1554365 139.002 -156.1942 251.8109
1.574528 2.058533 0.2098799 136.7348 -159.8965 251.8109
1.556217 2.096131 0.2098799 134.5898 -163.7667 251.8109
1.564762 2.162537 0.1954756 129.4524 -171.011 251.8109
1.613102 2.224976 0.2335615 129.3531 -178.0263 251.8109
1.653385 2.224976 0.2923994 124.6356 -184.1026 251.8109
1.670475 2.224976 0.3214521 120.1165 -191.7438 251.8109
1.690006 2.224976 0.3763838 114.3379 -204.2705 251.8109
1.705875 2.224976 0.4654951 117.773 -218.2705 251.8109
1.691471 2.224976 0.5956221 110.918 -221.6827 251.8109
1.73737 2.224976 0.6793623 108.9638 -225.1026 251.8109
1.711247 2.224976 0.8197432 113.231 -230.0721 251.8109
1.645084 2.224976 0.9957685 133.1394 -238.7744 251.8109
1.862125 2.224976 1.030192 136.8264 -231.5301 235.0475
2.022038 2.224976 1.007243 159.0096 -217.0492 200.2231
1.965397 2.224976 1.006511 140.6508 -221.9652 189.7117
2.075993 2.224976 1.099528 135.2692 -221.8125 172.6888
2.169743 2.224976 1.157634 106.3073 -220.6675 158.5743
2.120182 2.224976 1.414714 91.24628 -224.7285 133.162
2.115299 2.224976 1.808757 67.56689 -195.8812 93.47502
2.289799 2.224976 1.708415 41.03253 -172.8278 57.50556
2.17194 2.224976 1.74406 16.73483 -161.8965 24.62006
2.212467 2.224976 1.724528 -12.60106 -157.8812 -10.43337
2.287663 2.224976 1.867106 -45.9751 -143.2095 -48.31887
2.233463 2.224976 1.950847 -79.54762 -123.2324 -89.56315
2.271305 2.224976 1.998698 -102.0743 -106.5072 -130.8837
2.289799 2.224976 1.973308 -119.9293 -93.69038 -174.296
2.289799 2.224976 1.99113 -137.3262 -78.43084 -217.6013
2.289799 2.224976 2.011882 -140.3491 -60.32397 -248.4563
2.289799 2.224976 2.029704 -131.5934 -41.2171 -248.4563
2.289799 2.224976 1.992839 -121.8072 -20.71328 -248.4563
2.289799 2.224976 1.891276 -139.6316 -5.911757 -248.4563
