2.289799 -0.7383417 -0.2605791 -230.6163 231.0959 -248.4563
2.289799 -0.9907831 -0.2605791 -230.6163 231.0959 -248.4563
2.289799 -1.318664 -0.2605791 -230.6163 231.0959 -248.4563
2.289799 -1.560607 -0.2605791 -230.6163 231.0959 -248.4563
2.289799 -1.644836 -0.2605791 -230.6163 231.0959 -248.4563
2.289799 -1.774963 -0.2605791 -230.6163 231.0959 -248.4563
2.289799 -1.774963 -0.2605791 -230.6163 231.0959 -248.4563
2.289799 -1.774963 -0.2605791 -230.6163 231.0959 -248.4563
2.289799 -1.774963 -0.2605791 -230.6163 231.0959 -248.4563
2.169743 -1.774963 -0.2605791 -230.6163 228.3325 -248.4563
1.821842 -1.774963 -0.2605791 -230.6163 169.8592 -248.4563
0.5381509 -1.774963 -0.2605791 99.71193 -15.99573 -248.4563
-0.0560874 -1.774963 -0.2605791 168.7425 -80.15604 -248.4563
-0.6024741 -1.774963 -0.2605791 212.1089 -127.1255 -204.7921
-0.8441733 -1.774963 -0.2605791 226.8035 -166.9652 -139.5708
-0.9498862 -1.774963 -0.2605791 189.8722 -193.1179 -74.00589
-0.708187 -1.774963 -0.2605791 179.5822 -215.0873 -24.87612
-0.3207358 -1.774963 -0.2261553 165.8112 -229.8889 20.45975
0.003727049 -1.774963 0.3487959 138.9104 -223.5072 67.86433
0.2158853 -1.774963 0.7186689 150.2157 -218.24 107.559
0.4561196 -1.774963 1.066325 148.8035 -200.4461 149.9025
0.6143228 -1.774963 1.297771 145.2844 -179.2629 189.7956
0.7307778 -1.774963 1.491862 152.7043 -165.011 226.0323
0.8552896 -1.774963 1.598552 149.1318 -148.2018 251.8109
0.9392739 -1.774963 1.63444 157.5364 -127.3927 251.8109
1.026676 -1.774963 1.599284 164.9333 -105.9118 251.8109
1.0611 -1.774963 1.45988 174.8341 -91.51482 251.8109
1.026188 -1.679016 1.279948 184.8722 -78.14076 251.8109
1.024967 -1.505676 1.120524 191.4982 -72.88885 251.8109
1.077702 -1.271789 0.9772139 195.2463 -68.92702 251.8109
0.9566079 -1.021057 0.909831 201.2692 -61.17893 251.8109
1.008366 -0.9265741 0.7789717 203.1547 -59.79725 251.8109
1.025211 -0.8189081 0.7655439 195.7043 -55.38504 251.8109
0.9800454 -0.8230585 0.7023115 208.9104 -49.53008 251.8109
0.8704263 -0.6006464 0.637126 203.2234 -54.2858 251.8109
0.8999673 -0.5327753 0.6127119 205.4753 -53.97282 251.8109
0.9412271 -0.5335077 0.6327314 214.3608 -51.86596 251.8109
0.9990884 -0.5510859 0.5948896 223.918 -51.1484 251.8109
1.048405 -0.5408319 0.5821943 232.0325 -49.97282 251.8109
1.123112 -0.5742792 0.5514326 245.7654 -47.80489 251.8109
1.204655 -0.5933222 0.5199385 260.9944 -45.70565 251.8109
1.272038 -0.6013788 0.4950361 269.6508 -43.94229 251.8109
1.363346 -0.5921015 0.4239912 269.6508 -40.63695 251.8109
1.459293 -0.5969843 0.3431807 269.6508 -37.54534 251.8109
1.505436 -0.5679316 0.2440596 269.6508 -33.1484 251.8109
1.554752 -0.471496 0.1261396 269.6508 -29.46137 251.8109
1.574528 -0.4329218 -0.06209278 269.6508 -30.22473 251.8109
1.617008 -0.2549433 -0.1931963 269.6508 -34.82779 251.8109
1.71735 -0.1196893 -0.2605791 269.6508 -34.91176 251.8109
1.7757 -0.02764832 -0.2605791 269.6508 -39.81252 251.8109
1.800358 0.1627814 -0.2605791 254.4295 -46.52245 251.8109
1.91901 0.3275763 -0.2605791 221.2463 -55.32397 251.8109
1.896305 0.3993536 -0.2605791 208.7196 -66.20947 251.8109
2.063541 0.4657598 -0.2605791 194.5898 -76.16367 251.8109
2.167057 0.5746466 -0.2605791 174.8646 -90.18657 251.8109
2.169987 0.7206427 -0.2605791 154.689 -101.3698 251.8109
2.289799 0.8136602 -0.2605791 147.0707 -116.095 251.8109
2.289799 0.8969122 -0.2605791 128.0631 -127.3087 251.8109
2.289799 0.9379278 -0.1634111 124.5134 -137.1484 251.8109
2.289799 0.8644415 -0.1367998 128.5134 -161.7667 251.8109
2.289799 1.208924 0.2623701 119.857 -153.5835 251.8109
2.289799 1.154725 0.355876 143.3302 -159.0339 251.8109
2.289799 1.199647 0.4401045 172.1394 -160.0492 251.8109
2.289799 1.180359 0.4901533 201.0478 -152.8812 251.8109
2.289799 1.393738 0.5663252 232.5745 -156.1713 251.8109
2.289799 1.695008 0.6488447 255.5058 -153.0415 251.8109
2.289799 1.912293 0.4742842 269.6508 -154.2095 251.8109
2.289799 2.224976 0.4227705 269.6508 -141.1484 251.8109
2.289799 2.224976 0.3595381 269.6508 -109.9499 251.8109
2.289799 2.224976 0.1278486 269.6508 -99.85069 251.8109
2.289799 2.224976 -0.1062822 269.6508 -97.59879 251.8109
2.289799 2.224976 -0.2605791 255.5135 -93.99573 251.8109
2.289799 2.224976 -0.2605791 215.0783 -93.20183 251.8109
2.289799 2.224976 -0.2605791 142.8875 -89.91939 251.8109
2.289799 2.224976 -0.2605791 91.41422 -95.64458 251.8109
2.289799 2.224976 -0.2149248 70.30734 -105.8583 251.8109
2.289799 2.224976 0.1029463 44.03253 -108.9881 178.4827
2.289799 2.224976 0.3885908 34.31498 -97.74382 93.78036
2.25861 2.224976 0.7064619 12.79589 -86.3316 0.5131907
2.186588 2.224976 0.8007002 44.69666 -63.95756 -109.1204
1.791325 2.224976 1.552653 -50.24991 -59.72855 -210.3799
2.021549 2.224976 1.369792 -84.8835 -47.77435 -248.4563
2.289799 2.224976 1.042888 -128.143 -33.65221 -248.4563
2.289799 2.224976 1.127849 -163.5247 -22.33924 -248.4563
2.289799 2.224976 1.053142 -176.2652 -3.659848 -248.4563
2.289799 2.224976 0.8678389 -189.7614 14.93557 -248.4563
2.289799 2.224976 0.6327314 -215.1965 28.59969 -248.4563
2.289799 2.224976 0.4161787 -230.6163 36.02718 -248.4563
2.289799 2.224976 0.350749 -230.6163 51.98137 -248.4563
2.289799 2.224976 0.2054853 -230.6163 64.27145 -248.4563
2.289799 2.224976 0.06168652 -230.6163 79.97374 -248.4563
2.289799 1.967713 -0.0916338 -230.6163 85.56915 -248.4563
2.289799 1.508973 -0.03572559 -230.6163 103.0119 -248.4563
2.289799 1.067322 -0.1236162 -230.6163 126.6989 -248.4563
2.289799 0.6701056 -0.2525225 -230.6163 141.8058 -248.4563
2.289799 0.373963 -0.2605791 -230.6163 161.1646 -248.4563
2.289799 0.01336731 -0.2605791 -230.6163 180.8211 -248.4563
2.289799 -0.1445917 -0.2605791 -230.6163 198.6073 -248.4563
2.289799 -0.287414 -0.2605791 -230.6163 222.905 -248.4563
2.289799 -0.5066523 -0.2605791 -230.6163 231.0959 -248.4563
2.289799 -0.7139277 -0.2605791 -230.6163 231.0959 -248.4563
2.289799 -1.193176 -0.2605791 -230.6163 231.0959 -248.4563
2.289799 -1.748107 -0.2605791 -230.6163 231.0959 -248.4563
2.289799 -1.675353 -0.2605791 -230.6163 231.0959 -248.4563
2.289799 -1.774963 -0.2605791 -230.6163 231.0959 -248.4563
2.289799 -1.774963 -0.2605791 -230.6163 231.0959 -248.4563
2.289799 -1.774963 -0.2605791 -230.6163 231.0959 -248.4563
2.289799 -1.774963 -0.2605791 -230.6163 231.0959 -248.4563
2.289799 -1.774963 -0.2605791 -230.6163 231.0959 -248.4563
2.289799 -1.774963 -0.2605791 -230.6163 231.0959 -248.4563
2.2486 -1.774963 -0.2605791 -230.6163 222.1035 -248.4563
1.228825 -1.774963 -0.2605791 -230.6163 137.5997 -248.4563
0.7180825 -1.774963 -0.2605791 -149.7384 68.14931 -248.4563
0.3501626 -1.774963 -0.2605791 -23.48655 3.195114 -248.4563
-0.378353 -1.774963 -0.2605791 58.72719 -66.14076 -248.4563
-1.030941 -1.774963 -0.2605791 101.5516 -116.9576 -205.7845
-1.183529 -1.774963 -0.2605791 109.8341 -161.7209 -146.8456
-0.9315757 -1.774963 -0.2605791 126.7883 -205.2782 -93.83032
-0.7067222 -1.774963 -0.2605791 132.1165 -228.0644 -45.78452
-0.3153647 -1.774963 -0.2605791 151.3761 -249.0034 -0.8837557
0.01984033 -1.774963 -0.1165361 169.0096 -250.8736 46.788
0.3477212 -1.774963 0.4535322 189.4677 -241.5453 91.44449
0.5640298 -1.774963 0.7923994 203.5058 -236.2095 127.9636
0.746647 -1.774963 1.279216 208.0783 -220.8736 166.414
0.852604 -1.774963 1.444499 211.5287 -197.3087 195.3911
0.9851724 -1.774963 1.672038 213.4447 -179.3621 230.4979
1.109928 -1.774963 1.768229 215.3761 -160.8125 251.8109
1.107975 -1.774963 1.843669 212.2463 -128.3469 251.8109
1.111637 -1.774963 1.775798 204.147 -103.4614 251.8109
1.076237 -1.747863 1.645183 198.7425 -85.9881 251.8109
0.9895669 -1.450744 1.410808 191.8341 -70.64458 251.8109
1.001286 -1.300842 1.278728 179.6203 -61.2171 251.8109
0.9473306 -1.098205 1.15446 174.8264 -53.1484 251.8109
0.9124185 -0.9783319 1.012858 164.7577 -48.20947 251.8109
0.9475747 -1.001525 0.9181318 150.6814 -44.01099 251.8109
0.8958169 -1.100158 0.9310713 144.0631 -33.1942 251.8109
0.8797036 -0.9985956 0.7648115 141.002 -31.2858 251.8109
0.9102212 -0.8848261 0.5206709 140.7348 -36.02626 251.8109
0.9102212 -0.8367304 0.446208 146.7196 -41.32397 251.8109
0.8933755 -0.9080194 0.4249678 151.7654 -45.07206 251.8109
0.9690591 -0.879455 0.4210615 162.6127 -51.64458 251.8109
1.06818 -0.9028925 0.4374189 181.6432 -54.16367 251.8109
1.17902 -0.8775019 0.4786787 199.399 -54.03389 251.8109
1.319645 -0.8496698 0.4452314 220.1547 -52.69802 251.8109
1.413151 -0.8023066 0.446208 238.0936 -52.33924 251.8109
1.526676 -0.7161249 0.4169111 258.4218 -49.68275 251.8109
1.639225 -0.6338495 0.3624678 269.6508 -44.05679 251.8109
1.737614 -0.523498 0.2440596 269.6508 -41.3087 251.8109
1.77277 -0.4678339 0.1505537 269.6508 -37.87359 251.8109
1.802799 -0.2793573 -0.02718067 269.6508 -37.3774 251.8109
