0.1181182 0.6958344 1.202547 -7.691222 1.840427 19.75302
0.1171416 0.700229 1.199129 -7.966031 1.603786 19.94386
0.1203154 0.6994966 1.198641 -8.065268 1.870962 20.03547
0.116165 0.7009614 1.207186 -8.141603 1.916763 19.85226
0.1203154 0.695102 1.21158 -7.530916 1.741191 19.66142
0.1171416 0.6958344 1.207674 -7.370611 1.893863 19.50111
0.1188506 0.7004731 1.200838 -7.798092 1.741191 19.60035
0.1225127 0.6958344 1.202791 -7.820992 1.817527 19.50111
0.1198272 0.6909516 1.205232 -7.75229 1.786992 19.47058
0.1215361 0.6941255 1.200594 -7.828626 1.63432 19.67669
0.1242217 0.6936372 1.207186 -7.691222 2.038901 19.66142
0.1205596 0.6965669 1.209871 -7.828626 1.786992 19.50875
0.1139678 0.6955903 1.199617 -7.897328 1.886229 19.50111
0.1181182 0.69852 1.208894 -7.85916 2.000733 19.58508
0.1142119 0.6948579 1.21451 -7.782825 1.725924 19.62325
0.1203154 0.6924165 1.212801 -7.668321 1.733557 19.63852
0.1234893 0.6953462 1.209627 -7.614886 1.901496 19.56218
0.1232451 0.6970551 1.206453 -7.576718 1.893863 19.67669
0.1217803 0.6958344 1.204988 -7.775191 1.786992 19.59272
0.1222686 0.6992524 1.199617 -8.072901 1.817527 19.71486
0.1232451 0.6980317 1.207918 -8.149237 1.939664 19.71486
0.1154326 0.6931489 1.210848 -7.94313 1.939664 19.60798
0.12471 0.6965669 1.198885 -8.111069 1.863328 19.77592
0.1208037 0.700229 1.216951 -7.897328 1.993099 19.56218
0.1261748 0.6980317 1.205232 -7.683588 1.970199 19.52402
0.117874 0.6994966 1.205232 -7.691222 2.191573 19.50111
0.1217803 0.7004731 1.202791 -7.56145 1.947298 19.63089
0.1215361 0.6955903 1.196932 -7.805725 1.947298 19.51638
0.119583 0.6965669 1.217439 -7.668321 1.725924 19.80646
0.1298369 0.6982759 1.203035 -7.94313 1.733557 19.80646
0.1164092 0.6963227 1.196932 -8.256107 1.840427 19.68432
0.1208037 0.6926606 1.208894 -8.042367 1.63432 19.90569
0.1249541 0.6977876 1.2045 -8.500381 1.947298 19.9515
0.123001 0.7009614 1.211824 -8.095801 1.985466 19.66142
0.1208037 0.6963227 1.210359 -7.64542 1.61142 19.52402
0.1193389 0.7007173 1.208406 -7.897328 1.809893 19.83699
0.1227568 0.7012055 1.206697 -7.927863 2.168672 19.64615
0.1242217 0.6994966 1.209139 -7.546184 1.733557 19.67669
0.1137236 0.69852 1.214266 -7.691222 1.649588 19.56982
0.1183623 0.6938813 1.201082 -7.904962 1.947298 19.60035
0.1134795 0.6943696 1.20743 -8.042367 1.870962 19.69195
0.123001 0.6965669 1.205477 -7.882061 1.90913 19.67669
0.1190947 0.6943696 1.198152 -7.882061 1.817527 19.60798
0.1205596 0.6948579 1.207918 -7.927863 1.840427 19.69959
0.1200713 0.6936372 1.209383 -7.866794 1.764091 19.68432
0.1205596 0.6963227 1.207918 -7.85916 1.878595 19.47058
0.1208037 0.6948579 1.21158 -7.744657 1.619053 19.66142
0.1242217 0.700229 1.211092 -7.607252 2.092336 19.25684
0.1181182 0.6958344 1.207918 -7.469848 1.771725 19.67669
0.1098174 0.6894868 1.219637 -7.378244 1.855695 19.62325
0.1415557 0.6916841 1.223299 -9.080534 2.000733 20.93623
0.06098926 0.724643 1.196932 -7.126336 1.367145 18.74539
0.1706084 0.6797212 1.199373 -5.653053 5.168672 18.37134
0.04927051 0.6799653 1.233553 -9.233206 -2.350412 21.29501
0.2050322 0.7405122 1.10782 -6.591985 6.519817 17.23394
0.1498564 0.709018 1.164461 -14.01183 -2.907664 24.08127
0.0990752 0.6990083 1.249666 -7.225573 5.924397 17.95913
0.08418262 0.6887544 1.216219 -11.73702 1.428214 21.44005
0.1991729 0.6633637 1.155428 -12.72939 0.977832 21.34844
0.08613575 0.6916841 1.233797 -11.72176 2.512183 22.37134
0.09419239 0.7781098 1.203035 -12.56908 0.7793589 21.1805
0.197708 0.6260102 1.259187 -10.88206 4.008367 21.23394
0.1264189 0.7661469 1.166902 -12.9813 -0.1214046 21.91333
0.1315459 0.6623872 1.264803 -8.095801 2.451115 19.63089
0.1288604 0.6565278 1.254549 -3.622519 3.435847 18.1347
0.08052052 0.7597993 1.140535 -7.042367 -0.02980161 20.28737
0.1276397 0.6770356 1.228426 -6.43168 3.084702 19.01257
0.1203154 0.6753266 1.205232 -4.737023 1.168672 18.90569
0.1088408 0.6931489 1.177644 -5.065268 3.50455 18.51638
0.09687794 0.6977876 1.145174 -9.981297 0.6190534 20.44005
0.1251982 0.6838716 1.176668 -11.61489 1.855695 20.75302
0.1115264 0.7063325 1.230867 -12.9355 0.2297404 21.39425
0.1396025 0.6919282 1.230867 -12.51565 2.222107 20.60035
0.1498564 0.7265962 1.220125 -13.36298 0.3518779 21.24921
0.1139678 0.7004731 1.277498 -11.32481 1.374779 20.81409
0.152542 0.7121919 1.26407 -7.912596 1.863328 19.98203
0.1029814 0.7041352 1.270906 -5.301908 2.099969 19.14997
0.1530303 0.6909516 1.210115 -2.912596 2.512183 18.21867
0.07832325 0.6931489 1.242098 -1.569084 1.725924 18.48585
0.1364287 0.714145 1.165682 -0.5767179 4.12287 17.33318
0.08760059 0.6772798 1.176424 -3.85916 0.9320305 18.94386
0.04756153 0.679477 1.173738 -4.950764 3.565619 18.53165
0.1659697 0.6894868 1.118807 -9.622519 0.6037862 20.1805
0.04829395 0.6938813 1.194246 -11.04237 1.916763 20.67669
0.1576689 0.6916841 1.14908 -13.01183 1.954931 20.9515
0.08174122 0.6750825 1.222322 -14.52328 -0.1595726 21.64615
0.1017607 0.6926606 1.235506 -11.77519 3.054168 20.20341
0.1769561 0.7085298 1.216951 -11.72176 0.275542 21.31791
0.07368457 0.7151216 1.256502 -9.080534 2.260275 19.71486
0.1850127 0.6880219 1.225496 -7.43168 2.809893 19.56982
0.1400908 0.6924165 1.223787 -6.897328 1.817527 19.64615
0.1200713 0.72977 1.220369 -5.622519 2.916763 18.76066
0.180374 0.6604341 1.193514 -6.408779 0.8633282 19.51638
0.09175098 0.7134126 1.226228 -6.759924 1.657221 19.52402
0.1269072 0.7082856 1.197664 -7.866794 2.565619 19.30264
0.1564482 0.7041352 1.218904 -8.83626 0.6037862 20.62325
0.1051787 0.6902192 1.231844 -7.217939 2.405313 19.41714
0.2316436 0.6421235 1.023103 102.5302 36.95493 4.073633
0.0780791 0.5974458 0.8939531 -110.3401 10.61142 65.48585
0.1674346 0.6274751 0.8973711 -123.6607 8.855694 71.59272
0.2548369 0.6528657 0.8949297 -151.4546 10.05417 82.56218
0.3490752 0.6125825 0.8336504 -172.2714 7.870962 96.0431
0.6271514 0.6313813 0.8055742 -183.6836 8.725924 107.8446
0.7499541 0.8069184 0.8219316 -193.0576 16.80226 120.6461
0.7770537 0.7139009 0.8661211 -202.4546 19.75646 130.5087
0.6688994 0.5974458 1.028475 -204.1492 18.87096 136.0049
0.6291045 0.6435884 1.106355 -207.7065 21.00073 141.2797
0.5194854 0.6728852 1.21451 -202.5615 22.80226 141.0431
0.4123076 0.7539399 1.242586 -189.7065 22.71829 134.5546
0.3031768 0.7251313 1.307527 -179.2027 24.97783 127.5087
0.2389678 0.6496919 1.335603 -161.05 25.45111 120.8675
0.1396025 0.740268 1.350496 -144.3477 22.27554 110.7225
0.09468067 0.7087739 1.406893 -126.4546 21.46638 100.4553
0.07417285 0.6760591 1.427156 -121.4851 21.17631 95.48585
0.0131377 0.7156098 1.327791 -118.966 25.35188 89.76066
-0.003463864 0.7351411 1.370027 -156.7294 6.519817 85.69196
0.06758106 0.7463716 1.320467 -151.6302 3.924397 77.56218
0.103958 0.6418794 1.349275 -147.5233 -5.358046 76.39424
0.2128447 0.7080415 1.408113 -138.2867 -5.846596 74.82936
0.3012236 0.8271821 1.434969 -119.3935 -7.373313 69.37135
0.353958 0.7600434 1.405428 -103.2637 -10.86186 68.43241
0.4240264 0.793979 1.407137 -89.20267 -10.33515 66.0431
0.4340362 0.6875337 1.42325 -78.1187 -12.44201 63.26447
0.4425811 0.7007173 1.396394 -77.46221 -13.31224 63.63852
0.4626006 0.7322114 1.40323 -81.47748 -15.35041 64.19577
0.4296416 0.7016938 1.407137 -87.42404 -17.0985 64.70722
0.4262237 0.7160981 1.432283 -93.40115 -17.76263 65.32554
0.4101104 0.6960786 1.43741 -97.63779 -18.61759 66.066
0.425003 0.7483247 1.476473 -107.0118 -23.47255 67.14997
0.4445342 0.7224458 1.536287 -104.592 -24.50308 65.9744
0.4384307 0.6914399 1.626863 -102.4546 -27.31988 64.33318
0.4918975 0.6755708 1.652498 -104.3477 -31.71683 65.96677
0.5480498 0.7026704 1.752107 -86.94313 -31.64812 63.37135
0.6171416 0.8115571 1.830965 -69.05763 -28.58705 61.40188
0.5243682 0.7195161 1.772615 -65.67596 -17.0985 58.46294
0.5417022 0.7407563 1.57535 -68.79809 -23.0298 66.60035
0.6208037 0.7412446 1.716951 -76.15687 -30.09087 71.51638
0.6261748 0.7434419 1.909822 -64.93549 -17.34278 63.9286
0.5358428 0.5398286 1.886629 -45.55382 -10.06034 56.27211
0.548294 0.5976899 1.783113 -37.50038 -15.16721 56.9973
0.558792 0.8110688 1.816561 -22.22557 -8.915298 49.71486
0.5297393 0.8164399 1.783602 8.988169 -5.968733 37.34844
0.5497588 0.8257173 1.712068 30.40038 -8.151939 28.36371
0.5543975 0.7121919 1.757967 50.96527 -7.312244 22.27974
0.5741729 0.6338227 1.757723 71.15611 -3.434382 15.96676
0.5553741 0.6682466 1.747225 82.44618 -0.8465954 12.81409
0.4733428 0.7024262 1.719881 96.64466 1.092336 5.997297
0.4950713 0.6694673 1.679109 109.0187 3.283175 0.4934807
0.5644073 0.8091157 1.675447 112.9576 5.382412 -1.346214
0.4977569 0.7165864 1.740144 119.5836 13.31371 -4.170641
