-0.358375 0.3497788 1.766718 -14.43759 36.00137 3.15429
-0.3359141 0.4176499 1.758661 -9.651328 42.96321 -2.112885
-0.3678965 0.4259507 1.784784 -0.452855 46.97084 -8.494565
-0.3522715 0.466478 1.764765 8.035695 52.58916 -16.12052
-0.3698496 0.4410874 1.728876 13.76852 57.68076 -21.84571
-0.3737559 0.409105 1.661981 19.29524 61.67313 -27.02128
-0.3881602 0.3954331 1.630243 22.95173 64.63496 -31.49457
-0.3898692 0.3756577 1.58703 27.08913 67.23038 -35.83044
-0.4025645 0.3419663 1.546259 29.67692 69.94794 -38.63197
-0.4435801 0.3155991 1.496942 30.79906 75.02427 -41.48693
-0.4640879 0.2738511 1.438593 32.22654 76.01664 -42.96021
-0.5107188 0.2526108 1.376825 34.14257 76.37542 -44.07471
-0.5241465 0.2369858 1.339716 35.196 77.93267 -44.23502
-0.5690684 0.2101304 1.310175 35.43264 76.63496 -46.18922
-0.5644297 0.1923081 1.267938 36.64638 78.77236 -47.54036
-0.6154551 0.1791245 1.265253 37.01279 74.48992 -46.64724
-0.583961 0.1808335 1.15246 35.46318 77.06244 -46.02892
-0.6359629 0.1644761 1.121698 31.86776 75.41358 -43.18922
-0.6476817 0.1632554 1.085077 31.00516 73.64259 -42.47166
-0.6525645 0.1405503 1.074579 29.34104 71.97847 -40.79991
-0.6584239 0.09758154 1.067499 28.01279 70.18458 -39.08998
-0.6476817 0.05729833 1.119013 29.53951 67.23038 -37.20449
-0.615211 0.02556005 1.145136 40.90593 68.92503 -41.95258
-0.6178965 0.1862046 1.108515 25.31814 67.56625 -36.35716
-0.6598887 0.05241552 1.123163 32.32577 65.59679 -38.6625
-0.6020274 0.124437 1.093378 30.73035 65.16167 -38.32663
-0.6249766 0.1432358 1.105097 27.84486 63.46702 -36.48693
-0.5937266 0.1229722 1.10998 25.95173 61.97847 -35.86861
-0.5907969 0.1351792 1.113642 26.37921 61.5968 -36.18922
-0.5612559 0.1222397 1.11706 24.95936 60.48993 -35.83044
-0.5634531 0.1405503 1.12121 24.14256 60.15405 -36.00601
-0.5536875 0.1500718 1.108515 22.97463 59.22275 -36.02892
-0.5680918 0.1561753 1.130731 22.83722 58.52046 -36.54036
-0.5810313 0.1637436 1.122431 21.27234 57.67313 -36.87624
-0.5890879 0.1569077 1.134638 19.69218 56.65023 -37.35716
-0.575416 0.1373765 1.148554 20.15783 55.92504 -38.7541
-0.5763926 0.1342026 1.163935 17.48608 55.49756 -38.44113
-0.5661387 0.1102768 1.15954 17.88302 56.52809 -39.548
-0.5834727 0.09929052 1.149042 19.27234 56.36015 -40.58617
-0.5956797 0.08903662 1.133661 19.34104 56.43649 -41.02128
-0.6139903 0.05803075 1.096063 20.32577 56.16932 -41.60143
-0.6254649 0.04484716 1.075067 19.56241 55.48229 -41.57853
-0.639625 0.02507177 1.055048 18.40211 54.70367 -41.30372
-0.6423106 0.01579443 1.021356 16.49371 54.18458 -40.73884
-0.6615977 0.007493645 1.023065 12.34867 49.79527 -34.94495
-0.6349864 -0.0396255 0.9883975 9.631114 44.65786 -30.5938
-0.6459727 -0.06281886 0.9271182 5.829587 44.16168 -27.07472
-0.6579356 -0.08845362 0.8995303 -0.5291909 44.90977 -30.28082
-0.6674571 -0.09431299 0.9190616 -5.895603 40.32199 -26.86098
-0.6381602 -0.1240982 0.8897647 -9.979572 37.32962 -20.67014
-0.6528086 -0.1453384 0.8978213 -13.22385 33.90977 -16.93731
-0.6298594 -0.1465591 0.9322452 -15.54446 30.49756 -12.51747
-0.6169199 -0.1538833 0.9507998 -17.60553 28.00901 -9.227389
-0.594459 -0.1399673 0.9852237 -18.72003 25.56626 -5.777008
-0.5766367 -0.1333755 1.018915 -17.45285 23.7571 -3.33426
-0.5698008 -0.0913833 1.049921 -17.11698 21.61206 -1.036549
-0.2219004 0.1659409 2.167597 0.2799695 53.12351 -42.70067
-0.181373 0.1634995 2.194208 -1.055908 56.99374 -42.79991
-0.1703867 0.1639878 2.239862 -2.949039 61.20749 -42.82281
-0.1508555 0.1559311 2.266718 -5.094077 66.28381 -43.43349
-0.1220469 0.1459214 2.303583 -8.574992 71.55099 -42.89151
-0.1017832 0.1163804 2.338251 -9.926138 78.009 -42.76937
-0.08054296 0.0997788 2.368769 -10.72003 85.03954 -42.28846
-0.05149024 0.07243505 2.388544 -9.788733 92.56625 -42.53273
-0.02072851 0.06413427 2.404657 -9.330718 102.1617 -42.19685
-0.002173826 0.07292333 2.444696 -9.529191 110.1998 -41.96021
0.01808985 0.0516831 2.476923 -8.20858 115.0319 -41.22739
0.04494532 0.05705419 2.477655 -5.491023 119.6197 -40.80754
0.09450586 0.1034409 2.465204 -5.132245 128.5052 -40.70831
0.1230703 0.1447007 2.46203 -4.727664 136.009 -41.64724
0.1469961 0.1407944 2.457636 -4.216214 144.1846 -41.53273
0.1931387 0.1825425 2.435663 -4.231481 151.5815 -42.08998
0.2160879 0.2194077 2.449091 -1.407053 159.1464 -45.12052
0.2710195 0.2679917 2.456415 1.30287 168.1617 -48.56327
0.3012929 0.3009507 2.44665 1.38684 178.3525 -52.7541
0.3457265 0.3165757 2.430536 2.890656 188.7266 -57.33426
0.374291 0.3246323 2.405634 4.165466 195.8182 -61.7312
0.4062734 0.3187729 2.354609 5.020428 203.3143 -66.06709
0.4187246 0.317064 2.304316 6.638748 212.6044 -70.47166
0.424584 0.3114487 2.251337 7.867755 220.2457 -74.47929
0.447289 0.3060776 2.198359 9.073863 228.9021 -79.16632
0.4485097 0.2936265 2.126337 9.676916 235.9479 -82.6396
0.4555898 0.2801987 2.057978 8.707451 242.4594 -85.90678
0.4485097 0.2611557 1.984491 6.127297 246.0243 -88.74648
0.4460683 0.2401597 1.917841 3.989893 246.0243 -90.83807
0.440209 0.2345444 1.860712 -0.9643053 246.0243 -92.58617
0.4734121 0.2118393 1.818964 -5.040641 246.0243 -93.94495
0.5051504 0.1803452 1.746454 -9.368886 246.0243 -94.91441
0.541039 0.1925522 1.719599 -16.35362 246.0243 -95.07471
0.5627676 0.1290757 1.682001 -18.61316 246.0243 -95.74648
0.5473867 0.1483628 1.665888 -19.60553 246.0243 -97.18922
0.5544668 0.08610693 1.639521 -16.95667 246.0243 -100.9449
0.5603261 0.05046239 1.571649 -8.147511 246.0243 -104.3266
0.546166 0.07658544 1.522821 -7.636061 246.0243 -106.9068
0.5766836 0.01115575 1.374384 -1.20858 246.0243 -108.7007
0.6010976 0.04313818 1.277948 -0.4833893 246.0243 -111.4182
0.5959707 0.05485693 1.240106 1.081496 246.0243 -113.3801
0.5989004 0.01921239 1.196894 -0.04827476 246.0243 -115.4717
0.5984121 -0.00593409 1.147333 2.722718 246.0243 -116.8686
0.6123281 -0.02155909 1.09289 5.417374 246.0243 -119.7159
0.4765859 0.05192724 1.400019 3.394473 246.0243 -112.7159
0.4812246 -0.00227198 1.258173 12.14256 246.0243 -103.6243
0.4914785 -0.1060318 0.7276553 10.1044 246.0243 -106.4182
0.6343008 -0.3570083 0.5850772 28.86776 244.8334 -130.548
0.7014394 -0.3277114 0.5411319 52.60822 246.0243 -118.922
0.6679922 -0.2652114 0.5237979 80.51661 246.0243 -124.7617
0.6396719 0.3488022 0.0948428 69.20364 246.0243 -122.9831
0.6059804 0.08903662 0.4471377 -0.3307176 246.0243 -131.4564
0.5312734 -0.02668604 0.5767764 -1.185679 246.0243 -125.7007
0.6201406 -0.04255518 0.5797061 -1.918504 246.0243 -128.1969
0.6401601 -0.03718409 0.6749209 -6.376519 246.0243 -126.693
0.7387929 -0.05085597 0.7408389 -5.223847 246.0243 -128.2656
0.8156973 -0.03816065 0.8050479 -4.284916 246.0243 -130.2656
0.8886953 -0.02497706 0.8336123 -2.605527 246.0243 -133.174
0.9546133 0.01335302 0.9105166 -1.124611 246.0243 -136.4335
1.023949 0.02482763 0.9486026 -0.9795724 246.0243 -140.5022
1.052025 0.004319817 0.9818057 -0.6894961 246.0243 -143.6091
1.064965 -0.0005629957 0.9835147 -3.613161 246.0243 -145.8533
1.0906 -0.05207667 0.9464053 -6.162779 246.0243 -147.8686
1.123803 -0.1087173 0.8802432 -8.139878 246.0243 -148.9602
1.116967 -0.1668228 0.7679385 -11.59026 246.0243 -148.6091
1.100121 -0.2144302 0.7049502 -15.7353 246.0243 -146.4411
1.088158 -0.2510513 0.6509952 -18.42232 246.0243 -144.9449
1.061547 -0.2910903 0.5596866 -22.21621 246.0243 -142.4946
1.025658 -0.3611587 0.4813174 -23.04827 246.0243 -141.7236
0.9812246 -0.3726333 0.4478702 -23.8727 246.0243 -137.9297
1.01809 -0.4226821 0.3345889 -23.17041 246.0243 -137.3648
0.9306875 -0.4419693 0.2257022 -22.70476 246.0243 -134.632
0.8305899 -0.4507583 0.2117862 -24.50629 246.0243 -127.9831
0.9153067 -0.4810318 0.1246279 -17.57499 246.0243 -125.3648
0.8396231 -0.4365982 0.1666201 -22.17041 246.0243 -121.9297
0.8418203 -0.4226821 -0.01428807 -15.83453 246.0243 -118.4717
0.9663321 -0.5325455 -0.06165135 -13.46812 246.0243 -117.6549
0.9221426 -0.4746841 -0.06165135 -13.30782 246.0243 -117.8915
0.9194571 -0.4881118 -0.06165135 -6.025374 246.0243 -116.4411
0.8835684 -0.4090103 -0.06165135 -5.284916 246.0243 -114.8991
0.8921133 -0.3809341 -0.06165135 -6.704763 246.0243 -113.7846
0.9177481 -0.3345474 -0.06165135 -11.21621 246.0243 -112.7236
0.9016348 -0.3189224 -0.06165135 -17.36889 246.0243 -110.6243
0.8735586 -0.3040298 -0.06165135 -23.19331 246.0243 -109.1663
0.8537832 -0.3133071 -0.06165135 -27.65133 243.4212 -107.777
0.8161856 -0.3111099 -0.06165135 -32.33072 237.635 -106.2198
0.7671133 -0.3433364 -0.06165135 -37.17041 232.4365 -104.5556
0.7217031 -0.3809341 -0.06165135 -39.9414 226.6121 -102.9602
0.6516347 -0.4448989 -0.06165135 -43.54446 219.6579 -100.0747
-0.4601817 -0.2449478 1.191034 5.066229 -43.46428 28.24589
-0.3840098 -0.1148208 1.564814 24.73799 -33.90702 18.26116
-0.3708262 -0.09528955 1.598993 25.50134 -32.1284 17.78024
-0.3522715 -0.09528955 1.603388 25.80669 -28.49481 19.29933
-0.3407969 -0.08796534 1.604364 25.40974 -24.85359 19.78788
