2.289799 2.224976 0.6293135 -138.3186 33.26382 -248.4563
2.289799 2.224976 0.5196943 -161.5018 37.09588 -248.4563
2.289799 2.224976 0.4794111 -179.4484 40.35542 -248.4563
2.289799 2.224976 0.4706221 -193.7384 44.8974 -248.4563
2.289799 2.224976 0.4857588 -206.7766 51.18748 -248.4563
2.289799 2.054871 0.5548506 -217.7079 60.6913 -248.4563
2.289799 1.869324 0.5211592 -230.6163 71.13405 -248.4563
2.289799 1.405457 0.4327803 -230.6163 107.2944 -248.4563
2.289799 1.286561 0.4103193 -230.6163 121.4699 -248.4563
2.289799 1.18744 0.3978682 -230.6163 138.9508 -248.4563
2.289799 1.035584 0.3458662 -230.6163 156.5005 -248.4563
2.289799 0.929627 0.3414717 -230.6163 177.7905 -248.4563
2.289799 0.5851446 -0.1858721 -230.6163 210.676 -248.4563
2.289799 0.5180059 -0.1773272 -230.6163 225.8211 -248.4563
2.289799 0.4974981 -0.1800127 -230.6163 231.0959 -248.4563
2.289799 0.0006719976 -0.2605791 -230.6163 231.0959 -248.4563
2.289799 -0.2268671 -0.2605791 -230.6163 231.0959 -248.4563
2.289799 -0.5623163 -0.2605791 -230.6163 231.0959 -248.4563
2.289799 -0.5984491 -0.2605791 -230.6163 231.0959 -248.4563
2.289799 -0.8467402 -0.2605791 -230.6163 231.0959 -248.4563
2.289799 -1.386535 -0.2605791 -230.6163 231.0959 -248.4563
2.289799 -1.71881 -0.2605791 -230.6163 231.0959 -248.4563
2.289799 -1.774963 -0.2605791 -230.6163 231.0959 -248.4563
2.289799 -1.774963 -0.2605791 -230.6163 231.0959 -248.4563
2.289799 -1.774963 -0.2605791 -230.6163 231.0959 -248.4563
2.289799 -1.774963 -0.2605791 -230.6163 231.0959 -248.4563
2.005436 -1.774963 -0.2605791 -230.6163 231.0959 -248.4563
2.107975 -1.774963 -0.2605791 -230.6163 231.0959 -248.4563
1.499088 -1.774963 -0.2605791 -230.6163 231.0959 -248.4563
0.6069985 -1.774963 -0.2605791 -230.6163 206.7524 -248.4563
1.037907 -1.774963 -0.2605791 -230.6163 120.9508 -248.4563
0.7173501 -1.774963 -0.2605791 -109.7079 50.46229 -248.4563
0.1106606 -1.774963 -0.2605791 30.98673 -29.04916 -213.4257
-0.6874351 -1.774963 -0.2605791 172.5745 -109.7591 -168.8685
-1.148128 -1.774963 -0.2605791 248.773 -169.6064 -111.1815
1.049137 0.4725958 -0.2605791 269.6508 -28.84305 251.8109
1.787907 1.233338 0.4108076 206.147 -111.4537 251.8109
1.955631 1.309998 0.2850752 216.5974 -109.6599 251.8109
1.773747 1.563172 0.3744307 209.8722 -110.4308 251.8109
1.931706 1.735535 0.3600264 211.4677 -106.3698 251.8109
1.894108 1.90741 0.3595381 215.0631 -103.095 251.8109
1.910465 1.990906 0.3041182 222.0554 -93.08733 251.8109
1.886051 2.189149 0.2660322 220.6585 -83.75908 251.8109
1.86237 2.224976 0.1600752 207.6967 -74.36214 251.8109
1.830143 2.224976 0.08732128 196.1318 -76.95756 251.8109
1.678776 2.224976 0.009440422 168.7501 -73.72092 251.8109
1.648991 2.224976 0.002116203 134.315 -64.1255 251.8109
1.567692 2.224976 0.0387373 121.2997 -65.33923 251.8109
1.488834 2.224976 0.07657909 100.315 -66.88885 251.8109
1.320622 2.224976 0.1373701 72.99437 -71.65221 251.8109
1.13776 2.224976 0.2816572 38.62032 -75.51481 205.3911
1.242008 2.224976 0.5380049 25.45238 -64.44611 157.3605
1.168034 2.224976 0.6661787 5.742458 -54.89649 108.6201
1.052799 2.224976 0.8102217 -20.73082 -52.52244 61.53609
1.063053 2.224976 0.94279 -50.60106 -45.56824 12.33762
1.108708 2.224976 1.071452 -77.19647 -37.85069 -42.03643
1.162174 2.224976 1.14445 -105.1659 -24.72092 -95.35704
1.225163 2.224976 1.199382 -122.1354 -13.1713 -146.7692
1.33112 2.224976 1.175212 -134.372 -2.301069 -199.128
1.444401 2.224976 1.135661 -138.7308 8.263817 -248.4563
1.604069 2.224976 1.020671 -138.8148 22.23328 -248.4563
1.73444 2.224976 0.8260908 -148.9675 30.10351 -248.4563
1.854313 2.224976 0.6512861 -162.4102 34.63023 -248.4563
1.88361 2.224976 0.6039228 -177.0972 38.95084 -248.4563
1.915836 2.224976 0.6122236 -188.3568 43.01191 -248.4563
2.006657 2.182313 0.6029463 -196.9064 53.40122 -248.4563
2.010075 1.929139 0.635417 -216.1888 61.43939 -248.4563
2.076237 1.713563 0.5507002 -230.2194 68.98137 -248.4563
2.138493 1.580994 0.5372725 -230.6163 74.92793 -248.4563
2.229557 1.433777 0.5485029 -230.6163 84.22565 -248.4563
2.275944 1.275574 0.569499 -230.6163 95.69893 -248.4563
2.289799 1.135438 0.5455732 -230.6163 107.6531 -248.4563
2.289799 1.018494 0.463542 -230.6163 120.9966 -248.4563
2.289799 0.9215704 0.4642744 -230.6163 123.5234 -248.4563
2.289799 0.873963 0.5165205 -230.6163 145.134 -248.4563
2.289799 0.6600958 0.4642744 -230.6163 160.905 -248.4563
2.289799 0.5675665 0.3763838 -230.6163 173.5081 -248.4563
2.289799 0.4188848 0.2960615 -230.6163 188.218 -248.4563
2.289799 0.2142951 0.04679394 -230.6163 196.386 -248.4563
2.289799 -0.003234252 -0.1209307 -230.6163 219.7905 -248.4563
2.289799 -0.3635858 -0.2605791 -230.6163 223.6913 -248.4563
2.138737 -0.422912 -0.2605791 -230.6163 230.2944 -248.4563
2.268375 -0.52008 -0.2605791 -230.6163 231.0959 -248.4563
2.289799 -0.8057245 -0.2605791 -230.6163 231.0959 -248.4563
2.289799 -0.8696894 -0.2605791 -230.6163 231.0959 -248.4563
2.289799 -1.155822 -0.2605791 -230.6163 231.0959 -248.4563
2.289799 -1.336975 -0.2605791 -230.6163 231.0959 -248.4563
2.062565 -1.702453 -0.2605791 -230.6163 231.0959 -248.4563
1.662174 -1.774963 -0.2605791 -230.6163 231.0959 -248.4563
1.396061 -1.774963 -0.2605791 -230.6163 231.0959 -248.4563
1.172184 -1.774963 -0.2605791 -230.6163 229.5997 -248.4563
0.7617837 -1.774963 -0.2605791 -230.6163 209.7295 -248.4563
0.444645 -1.774963 -0.2605791 -230.6163 190.6073 -248.4563
0.4881021 -1.774963 -0.2605791 -230.6163 161.2715 -248.4563
0.2227212 -1.774963 -0.2605791 -230.6163 144.615 -248.4563
0.434147 -1.774963 -0.2605791 -230.6163 119.9814 -248.4563
0.08404931 -1.774963 -0.2605791 -230.6163 50.17984 -248.4563
0.04938135 -1.774963 -0.2605791 -215.1583 -1.148397 -222.1891
-0.01287451 -1.774963 -0.2605791 -71.19647 -42.55298 -159.3876
-0.2787436 -1.774963 -0.2605791 48.89513 -103.3545 -112.5402
-0.5585288 -1.774963 -0.2605791 112.002 -161.8278 -63.78452
-0.7875327 -1.774963 -0.2605791 134.2157 -208.7896 -5.143298
-0.5822104 -1.774963 -0.2605791 158.4982 -216.8049 32.52846
-0.551937 -1.774963 -0.2605791 171.9562 -254.7667 66.43685
-0.288021 -1.774963 -0.2605791 170.7348 -266.1789 96.8567
0.0003090799 -1.774963 0.07511425 184.2997 -269.1713 126.2002
0.3069497 -1.774963 0.6190596 197.2539 -267.0034 155.7117
0.4295083 -1.774963 0.9847822 217.6967 -254.2705 179.2613
0.5715981 -1.774963 1.157146 242.7425 -242.8201 199.2613
0.6775552 -1.774963 1.329265 254.7654 -230.8125 220.0018
0.8528481 -1.774963 1.374675 269.6508 -208.614 236.7117
0.8731118 -1.636779 1.480876 269.6508 -191.927 249.6735
0.9138833 -1.399475 1.595378 269.6508 -174.0644 251.8109
0.9426919 -1.197082 1.609538 269.6508 -155.0339 251.8109
0.9197427 -0.9741816 1.560954 269.6508 -132.3163 251.8109
0.8958169 -0.8511347 1.455485 269.6508 -115.3316 251.8109
0.9207192 -0.6765741 1.35905 269.6508 -97.03389 251.8109
0.9336587 -0.5816034 1.288493 269.6508 -80.98809 251.8109
0.8916665 -0.4458612 1.153483 269.6508 -68.06442 251.8109
0.8911782 -0.348205 1.002116 269.6508 -59.1484 251.8109
0.8530923 -0.2249139 0.8531904 269.6508 -51.04916 251.8109
0.8711587 -0.1760858 0.7633467 269.6508 -48.3545 251.8109
0.8709146 -0.07281433 0.7736006 269.6508 -43.01099 251.8109
0.8486978 -0.09796082 0.6818037 269.6508 -35.60641 251.8109
0.8418618 -0.02911316 0.6095381 269.6508 -32.04153 251.8109
1.712467 2.224976 0.1849775 219.8035 -101.6446 251.8109
2.089176 1.906678 0.9925947 -147.9217 5.195114 -248.4563
2.16193 1.79657 1.021403 -164.0667 16.23328 -248.4563
2.256413 1.698182 1.036052 -177.4865 26.88214 -248.4563
2.253727 1.603699 1.041423 -189.7003 39.27908 -248.4563
2.289799 1.433777 0.9842939 -208.6239 57.79817 -248.4563
2.289799 1.340027 0.9386396 -227.5323 71.95847 -248.4563
2.289799 1.163514 0.8224287 -230.6163 89.75237 -248.4563
2.289799 1.025818 0.6898603 -230.6163 106.4623 -248.4563
2.289799 0.8805548 0.6258955 -230.6163 123.9585 -248.4563
2.289799 0.5961309 0.4235029 -230.6163 151.6455 -248.4563
2.289799 0.4948126 0.5472822 -230.6163 166.8516 -248.4563
2.289799 0.1849982 -0.09431934 -230.6163 201.4012 -248.4563
2.289799 -0.01959167 -0.08211231 -230.6163 198.4089 -248.4563
2.289799 -0.5803827 -0.2605791 -230.6163 222.5234 -248.4563
2.289799 -0.6643671 -0.2605791 -230.6163 197.8058 -248.4563
2.289799 -0.771789 -0.2605791 -230.6163 213.531 -248.4563
2.289799 -1.254455 -0.2605791 -230.6163 227.7218 -248.4563
2.289799 -1.774963 -0.2605791 -230.6163 230.9737 -248.4563
2.289799 -1.774963 -0.2605791 -230.6163 213.6073 -248.4563
2.014713 -1.774963 -0.2605791 -230.6163 215.9356 -248.4563
1.754215 -1.774963 -0.2605791 -230.6163 208.676 -248.4563
1.542057 -1.774963 -0.2605791 -230.6163 196.5157 -248.4563
1.150944 -1.774963 -0.2605791 -230.6163 184.8974 -248.4563
0.7373696 -1.774963 -0.2605791 -230.6163 172.4623 -248.4563
