1.106644 -0.1322905 0.9420488 -32.27901 0.794626 14.58508
1.108841 -0.1508452 0.9464434 -29.94313 0.5274503 13.74539
1.120315 -0.1518218 0.9361895 -27.0271 -0.1748397 13.1118
1.117386 -0.1525542 0.9459551 -25.01183 -0.7931603 12.47058
1.128372 -0.1501128 0.9339922 -24.04237 -1.640489 12.69959
1.125442 -0.1535308 0.9269121 -23.73702 -1.892397 12.40188
1.126419 -0.1554839 0.9205645 -23.75229 -2.564153 12.40951
1.129349 -0.1532866 0.9190996 -25.56145 -3.190107 12.73012
1.137649 -0.1391265 0.9195879 -29.59962 -3.319878 13.18814
1.128616 -0.129605 0.9159258 -34.28664 -3.617588 13.69195
1.139847 -0.1298491 0.9137285 -39.40878 -4.28171 14.45531
1.154739 -0.173062 0.9066484 -44.88206 -6.587053 15.34081
1.153274 -0.1772124 0.9007891 -43.01183 -7.525985 14.60798
1.170853 -0.1833159 0.9051836 -39.86679 -8.732092 14.27211
1.149612 -0.1462065 1.057039 19.62176 -2.258809 23.48585
1.140823 -0.1506011 1.042391 58.55305 3.374779 12.31028
1.139358 -0.1415679 1.030916 61.17138 3.527451 11.89043
1.128372 -0.1315581 1.021639 61.16374 3.90913 11.57745
1.115433 -0.1259429 1.019686 59.28588 3.672489 11.88279
1.112991 -0.1178862 1.019197 56.40801 3.626687 12.32554
1.107376 -0.1188628 1.017 52.20954 3.832794 12.96676
1.103714 -0.1186187 1.018465 47.80496 3.825161 13.39424
1.102981 -0.1137358 1.022859 43.51488 4.306077 14.12707
1.106644 -0.1132476 1.013582 38.94236 4.779359 14.19577
1.098343 -0.1120269 1.016512 34.62939 4.901496 14.27974
1.098099 -0.1144683 1.023103 30.17901 5.252641 13.96676
1.09346 -0.1154448 1.016756 25.86603 6.161038 13.50875
1.100296 -0.1152007 1.008699 22.17138 6.52745 12.76066
1.098343 -0.1171538 1.011141 19.24771 7.237374 11.93623
1.09639 -0.1344878 1.013094 17.55305 7.985466 10.62325
1.100296 -0.1427886 1.008455 16.98054 8.466381 8.699588
1.105179 -0.1481597 1.015291 17.25534 9.283176 6.600351
1.102737 -0.1481597 1.015047 17.39275 9.886229 4.409512
1.096634 -0.1562163 1.003084 17.39275 10.63432 2.027832
1.105423 -0.1520659 1.005281 16.69809 10.84806 0.04309845
1.109329 -0.1559722 1.002107 14.85076 11.27554 -1.888199
1.106644 -0.1549956 1.008943 12.9271 11.49692 -3.575222
1.103226 -0.1618315 1.013582 10.36221 11.9015 -5.12484
1.098587 -0.164273 1.013338 7.911832 12.27554 -6.750793
1.105423 -0.1784331 1.017488 6.24771 12.87096 -8.414915
1.102981 -0.1847808 1.019441 5.255343 13.29844 -10.06377
1.113724 -0.1894194 1.025789 4.95 13.84043 -12.01797
1.110794 -0.1967437 1.030428 4.904198 14.29844 -13.38438
1.109085 -0.2079741 1.024812 4.942366 14.9702 -14.9798
1.112259 -0.2152983 1.029207 5.385114 15.16867 -16.19354
1.109329 -0.2172515 1.027254 5.209542 15.22211 -17.23171
1.11055 -0.2152983 1.036043 4.637022 15.76409 -18.0256
1.11055 -0.2148101 1.040682 3.484351 16.016 -18.61339
1.10469 -0.2172515 1.040682 1.446183 16.23737 -18.99507
1.110306 -0.2074858 1.046297 -0.3324428 16.39005 -19.18591
1.108108 -0.2184722 1.046785 -2.011832 16.74882 -19.43018
1.098587 -0.2218901 1.05948 -2.920229 17.13814 -19.7508
1.10347 -0.2284819 1.056795 -3.477481 17.16104 -19.62102
1.102737 -0.2284819 1.05826 -3.675954 17.51218 -19.77369
1.096146 -0.2384917 1.06241 -3.462214 17.31371 -19.30805
1.101517 -0.2472808 1.061189 -2.996565 17.39768 -19.60576
1.09639 -0.2460601 1.064607 -2.263741 17.38241 -19.26988
1.09761 -0.2506988 1.06949 -1.927863 17.61142 -18.62102
1.095657 -0.2509429 1.068025 -1.56145 17.37478 -18.0027
1.092972 -0.2504546 1.057771 -1.759924 17.25264 -17.22408
1.085159 -0.2419097 1.05948 -2.94313 17.25264 -15.78896
1.083206 -0.2472808 1.062166 -3.584351 17.42821 -14.62866
1.080521 -0.2445952 1.061922 -4.485115 16.84043 -13.45308
1.090286 -0.2365386 1.056307 -5.706489 16.61905 -11.80423
1.097854 -0.2436187 1.053133 -6.675954 16.45111 -10.45308
1.107132 -0.2460601 1.051668 -7.263741 16.06944 -9.101938
1.105423 -0.2587554 1.042879 -7.080534 15.21447 -7.735527
1.118851 -0.2514312 1.035799 -6.370611 15.05417 -6.735527
1.133255 -0.2460601 1.022127 -5.75229 14.72592 -5.758427
1.137649 -0.2565581 1.023348 -5.759924 14.46638 -4.796595
1.144974 -0.2445952 1.004305 -6.248473 13.9702 -3.99507
1.160599 -0.2455718 1.003328 -7.706489 13.27554 -3.079039
1.176224 -0.2445952 0.9935625 -9.897328 12.44348 -1.918734
1.19136 -0.2502105 0.9825762 -12.21794 11.66485 -0.8271294
1.208694 -0.2504546 0.9779375 -13.67595 10.64195 -0.1630077
1.225784 -0.2470366 0.9796465 -14.97366 9.993099 0.5316486
1.226761 -0.2555816 0.966707 -15.78283 8.840427 1.088902
1.245804 -0.256314 0.970125 -16.59199 7.817526 1.287374
1.251175 -0.2572906 0.9706133 -16.13397 6.703022 1.38661
1.266067 -0.2643706 0.9703691 -15.78283 5.779359 1.600351
1.267044 -0.2572906 0.9728106 -14.29428 5.054168 1.569817
1.275101 -0.2665679 0.9598711 -12.57672 4.20684 1.088902
1.275833 -0.2614409 0.9591387 -10.74466 3.237374 1.012566
1.277786 -0.2633941 0.9615801 -9.187405 2.252641 1.00493
1.279739 -0.2653472 0.9576738 -7.56145 1.573252 0.4553127
1.276077 -0.266812 0.9496172 -5.202672 0.535084 0.1652374
1.271438 -0.2665679 0.9523027 -3.065267 -0.5641527 0.05073357
1.274368 -0.2680327 0.9518145 -1.607252 -1.915298 0.1957703
1.279739 -0.2648589 0.9557207 -0.01183224 -2.800794 0.05836678
1.279251 -0.2680327 0.9542559 0.6293893 -3.915298 0.6461525
1.280228 -0.2621734 0.9537676 2.339313 -4.861863 0.3942451
1.289749 -0.2646148 0.9525469 5.163741 -6.045069 0.3026409
1.294632 -0.2560699 0.9496172 9.072138 -7.602321 -0.2317104
1.301468 -0.259732 0.9566973 12.65229 -8.808428 -0.7202587
1.313187 -0.2572906 0.9557207 15.91183 -10.06034 -1.453083
1.320267 -0.2502105 0.9435137 18.05687 -10.99927 -1.880566
1.314651 -0.2492339 0.940584 19.17901 -12.57179 -2.269878
1.313919 -0.2436187 0.9469316 18.93473 -14.31988 -2.170641
1.306351 -0.237271 0.9530352 17.0187 -15.60232 -2.017969
1.297562 -0.2370269 0.9537676 13.69046 -16.61759 -1.491251
1.289261 -0.2441069 0.9759844 10.0874 -18.0069 -1.06377
1.280472 -0.2472808 0.9818438 7.743893 -18.79316 -0.5904884
1.272903 -0.2460601 0.9935625 5.789694 -19.67866 -0.03323746
1.263382 -0.251187 1.000154 4.942366 -20.13667 0.05836678
1.049759 -0.09981983 0.8922441 2.285878 16.96256 31.73775
1.031448 -0.1086089 0.8631914 -7.385878 9.649588 16.22631
1.064407 -0.1291167 0.8534258 -8.64542 9.107603 15.05073
1.074173 -0.1354644 0.8536699 -7.668321 8.61142 13.56218
1.079788 -0.1506011 0.8522051 -7.103435 7.779358 12.0889
1.102005 -0.1686675 0.8568438 -6.263741 7.466382 10.9744
1.1147 -0.1562163 0.8531816 -5.691221 7.054168 9.798824
1.119827 -0.1733062 0.845125 -4.225573 6.069435 8.836992
1.134476 -0.173062 0.8473223 -3.668321 5.687756 7.737756
1.128372 -0.1750151 0.8443926 -2.72939 5.138137 6.409512
1.129349 -0.188687 0.8351152 -1.996565 4.31371 5.333176
1.130813 -0.1857573 0.8302324 -2.767558 3.153405 4.455313
1.130813 -0.1838042 0.8353594 -4.897328 2.977832 4.050734
1.147659 -0.1855132 0.8338945 -7.912596 2.298443 3.898062
1.145218 -0.17648 0.8314531 -10.55382 1.382412 3.669054
1.153519 -0.1850249 0.8251055 -13.67595 0.5198169 3.317909
1.158401 -0.1838042 0.8314531 -16.33244 0.01600003 3.050734
1.176712 -0.1947905 0.8356035 -19.30954 -0.3046107 2.55455
1.175247 -0.2030913 0.8216875 -20.80573 -1.648122 2.661419
1.177444 -0.190396 0.8180254 -23.0958 -2.693924 2.669054
1.181351 -0.1830718 0.8182695 -28.47748 -3.419115 3.134703
1.168899 -0.1606108 0.8246172 -36.92023 -3.732091 4.119434
1.150589 -0.1537749 0.8224199 -47.32481 -4.136672 5.531649
1.143509 -0.1525542 0.8246172 -56.97367 -5.213008 6.669053
1.139847 -0.1662261 0.8404863 -62.84389 -6.205374 7.027832
1.136429 -0.1811187 0.8390215 -65.53091 -6.87713 7.088901
1.138626 -0.1911284 0.8395098 -66.52328 -8.380947 7.462947
1.129837 -0.1979644 0.8358477 -65.56145 -9.632854 7.569817
1.130081 -0.2270171 0.8514727 -59.42405 -11.41148 7.47058
1.13179 -0.2279937 0.8556231 -54.06527 -12.40385 7.272107
1.129349 -0.2309233 0.8688066 -48.21794 -13.86186 7.455313
1.112015 -0.2365386 0.8622149 -43.48512 -15.73209 8.066
1.111526 -0.2316558 0.8807695 -39.12634 -17.41912 8.87516
1.10054 -0.225064 0.8944414 -34.43931 -18.67102 9.440045
1.097122 -0.2162749 0.9117754 -30.0958 -19.77026 9.730123
1.091019 -0.2123687 0.9217852 -25.59962 -20.39621 9.982031
1.093948 -0.1916167 0.9361895 -21.17214 -20.19011 9.676687
1.096634 -0.1838042 0.9413164 -18.70649 -20.01453 9.165236
1.104935 -0.1635405 0.9303301 -16.0042 -19.984 8.554549
1.108353 -0.159146 0.9327715 -14.70649 -19.42675 7.844626
1.125931 -0.1637847 0.9176348 -13.54618 -19.15194 6.959129
1.149368 -0.1715972 0.9090899 -12.39351 -19.06797 6.36371
1.16304 -0.1823394 0.9034746 -11.1187 -19.38095 5.508748
1.186966 -0.1947905 0.9022539 -9.111069 -19.60232 4.569817
1.205765 -0.2096831 0.8907793 -6.698855 -20.55652 3.68432
1.216263 -0.2287261 0.8956621 -3.737023 -21.45728 2.814091
