0.5056386 -0.8313736 0.05236232 -52.21621 -96.991 121.7115
0.5178457 -0.8740982 -0.02844822 -56.49102 -108.8307 128.2535
0.5256582 -0.910231 -0.02185643 -58.38415 -117.1818 132.3222
0.5483633 -0.9234146 -0.03626072 -59.20858 -125.8841 136.5589
0.5573965 -0.9356216 -0.0001279116 -61.00247 -135.5788 141.0932
0.5842519 -0.9922623 0.03258693 -61.12461 -144.2505 145.4673
0.6057363 -1.035231 0.08117092 -62.76583 -154.2963 149.7726
0.6401601 -1.086745 0.1258487 -62.68186 -164.0139 156.7497
0.6484609 -1.138014 0.1592959 -62.21621 -169.22 160.6734
0.7685781 -1.075026 0.2396182 -61.36889 -172.7849 164.0779
0.7651601 -1.155836 0.2432803 -66.21621 -185.3956 171.2153
0.834252 -1.198073 0.3438662 -70.60552 -190.3879 175.994
0.8803946 -1.252028 0.4791202 -71.47575 -192.2582 184.8108
0.8962637 -1.264235 0.5296573 -73.42995 -196.3116 191.1314
0.9333731 -1.266676 0.5860538 -73.79636 -196.6169 198.9253
0.9948965 -1.313063 0.6404971 -73.65133 -201.1971 204.0016
1.006371 -1.368971 0.7159366 -73.35361 -202.4108 209.5589
1.027611 -1.428053 0.7889346 -70.50629 -199.8536 216.2841
1.090844 -1.382155 0.8033389 -62.42995 -173.9757 245.2688
0.8847891 -1.444899 0.9661807 -60.22385 -203.3498 237.3833
1.064232 -1.50569 0.886835 -50.54446 -205.0063 237.3833
1.076439 -1.505934 0.9398135 -44.07117 -197.7696 240.6276
1.068871 -1.48567 0.9918155 -38.72003 -198.8689 251.6963
1.077904 -1.494704 0.9412784 -40.6666 -187.0979 251.6963
1.056908 -1.562819 0.9395694 -34.45285 -195.6398 251.6963
1.073998 -1.606764 0.9100284 -28.22385 -198.2963 251.6963
1.126 -1.555983 0.9227237 -22.43759 -194.9681 251.6963
1.135277 -1.42317 0.9578799 -22.62079 -197.5024 251.6963
1.143578 -1.384352 0.9713077 -23.68186 -196.9986 251.6963
1.138207 -1.29109 0.9930362 -21.60553 -196.2124 251.6963
1.212182 -1.200758 0.9656924 -17.62843 -195.7391 251.6963
1.229516 -1.169508 0.978876 -16.23148 -197.2505 251.6963
1.248803 -1.074049 1.050165 -11.29255 -192.9147 251.6963
1.259301 -0.9441666 1.084589 -5.10171 -194.5712 251.6963
1.25808 -0.9580826 1.080683 3.104397 -190.075 251.6963
1.256615 -0.7737564 1.167841 9.447908 -190.0368 251.6963
1.266869 -0.682692 1.160272 14.44791 -187.4261 251.6963
1.245873 -0.5901627 1.165644 18.56241 -182.1131 251.6963
1.200463 -0.5164322 1.19079 20.1044 -178.9834 251.6963
1.210473 -0.4573501 1.140009 19.98989 -174.7925 251.6963
1.187768 -0.3748306 1.138788 19.89066 -168.1437 251.6963
1.106225 -0.3352798 1.168329 18.83722 -165.136 251.6963
1.019311 -0.2937759 1.077265 13.62348 -165.7925 251.6963
1.015404 -0.2368911 1.008905 9.38684 -162.9834 251.6963
0.9734121 -0.2427505 0.9315127 8.776153 -165.5559 251.6963
0.9968496 -0.2259048 0.8531436 4.669282 -168.1895 251.6963
1.005395 -0.2503189 0.8150577 0.6921832 -170.5559 251.6963
1.001977 -0.2119888 0.8218936 -3.552092 -173.1895 251.6963
1.057397 -0.1746353 0.8370303 -6.002473 -175.4185 251.6963
1.031518 -0.1380142 0.8897647 -4.078809 -177.8994 251.6963
1.062768 -0.1277603 0.8961123 6.196 -176.9452 251.6963
1.049096 -0.07502589 0.9258975 17.92119 -178.365 251.6963
1.054711 0.03215185 0.9591006 23.60822 -176.1971 251.6963
1.073022 0.08488623 1.021845 35.02043 -177.1589 251.6963
1.064965 0.1779038 1.093866 46.28761 -177.9147 251.6963
1.070092 0.2325913 1.130731 55.89066 -176.5559 251.6963
1.09475 0.3824936 1.177606 63.196 -173.9376 251.6963
1.101342 0.4598862 1.170038 71.967 -172.0063 251.6963
1.169457 0.5380112 1.174188 91.08913 -172.0673 251.6963
1.179467 0.8614975 1.139032 66.36394 -176.0444 251.6963
1.05642 0.9113022 1.275507 66.46317 -171.5559 251.6963
1.033471 0.9674545 1.344599 77.79142 -171.3345 251.6963
0.9851309 1.07097 1.348261 84.65401 -169.6857 251.6963
0.9682852 1.116624 1.402948 90.88303 -168.1589 251.6963
0.9206778 1.12932 1.481073 101.0968 -166.3727 245.9482
0.9465567 1.169359 1.504511 103.654 -156.762 234.597
0.9433828 1.188402 1.573847 111.6006 -151.4185 218.2612
0.9741446 1.389818 1.61706 106.6235 -138.4719 207.9405
0.8681875 1.429613 1.650019 105.7227 -131.1131 197.0856
0.7060781 1.572923 1.719843 109.7838 -108.3574 162.1772
0.7170644 1.707933 1.759638 105.0968 -96.92992 147.1085
0.6557851 1.759203 1.735224 94.05859 -86.1742 132.1314
0.5932851 1.793138 1.728388 85.80669 -79.30397 123.3986
0.5547109 1.830492 1.708124 75.0815 -72.73909 112.452
0.5385976 1.855882 1.677362 65.23417 -63.76962 100.1085
0.4695058 1.885912 1.664423 53.2647 -55.80779 89.61994
0.4109121 1.885912 1.636591 40.45554 -50.09786 77.52071
0.3459707 1.860033 1.601435 28.00516 -43.16656 67.46727
0.2990957 1.816331 1.562372 15.23417 -38.41084 56.18483
0.2517324 1.746263 1.551386 3.447908 -35.87649 47.76498
0.2307363 1.658617 1.504999 -6.20858 -30.99863 37.81841
0.1955801 1.559251 1.472284 -15.57499 -27.86885 27.50543
0.169457 1.493089 1.492304 -23.9643 -26.47954 21.76498
0.1697012 1.402513 1.45788 -28.77346 -22.81542 12.14666
1.713158 -0.2959732 0.8914737 26.88302 -225.8078 251.6963
1.638695 1.272386 1.338983 158.0052 -234.1818 251.6963
1.071801 1.493333 1.727899 29.46318 -236.3879 251.6963
1.142357 1.293138 1.557245 37.35631 -217.0521 251.6963
1.219262 1.39763 1.61413 39.60822 -212.9528 251.6963
1.250756 1.48308 1.665644 29.95173 -196.4414 251.6963
1.23977 1.450609 1.651239 21.64638 -183.2582 251.6963
1.159447 1.455736 1.712519 15.57768 -177.2658 251.6963
1.065941 1.49846 1.768915 12.20363 -170.7849 248.7344
1.055688 1.505785 1.765009 -0.1704122 -155.7009 234.5512
0.9768301 1.524339 1.831171 -5.552092 -147.4414 221.1314
0.9074942 1.56682 1.873163 -6.429955 -144.0826 209.2612
0.9038321 1.564867 1.839228 -12.35362 -126.2047 188.9176
0.7693105 1.444505 2.006952 -13.10934 -118.5177 175.7421
0.7502676 1.454271 1.990351 -11.96431 -112.7315 161.0474
0.7009511 1.400316 2.004267 -10.42995 -105.3727 147.7192
0.6540761 1.37932 2.002069 -10.13224 -96.23527 135.4596
0.6230703 1.357591 1.997675 -11.01011 -87.18947 124.6657
0.5759511 1.329271 1.989618 -11.54446 -77.70855 113.5665
0.5105215 1.280687 1.978388 -12.20095 -68.22764 103.3451
0.4543691 1.232591 1.934931 -12.62843 -60.07496 93.55887
0.3989492 1.192796 1.881952 -14.36125 -51.55588 85.98635
0.3489004 1.166429 1.837519 -17.30018 -44.21236 78.68101
0.2956777 1.107347 1.777704 -20.63606 -36.67801 72.03979
0.2556386 1.032396 1.699823 -21.01011 -31.23527 69.69627
0.1738516 1.027513 1.656855 -21.55972 -25.1742 60.95582
0.1770254 0.9696518 1.586298 -25.8498 -20.87649 55.2459
0.1272207 0.914476 1.53454 -26.33072 -16.67038 48.71154
0.07643945 0.9073959 1.498896 -28.81927 -16.89176 45.21536
0.01638086 0.8307358 1.446405 -30.38415 -12.96809 42.12376
-0.006812498 0.824144 1.420771 -35.47575 -11.3574 38.43673
-0.0380625 0.7726303 1.384394 -40.72003 -9.036795 35.13902
-0.04221289 0.7367416 1.339228 -42.47575 -8.968092 32.08559
-0.08689062 0.692308 1.335565 -43.62843 -8.021527 29.58941
-0.09030859 0.624437 1.298944 -43.51392 -6.342137 28.63521
-0.1315684 0.5817123 1.268671 -41.72003 -6.685649 27.46727
-0.1745371 0.5736557 1.238642 -38.01774 -8.044428 25.53597
-0.1960215 0.5790268 1.255731 -35.04064 -12.54061 23.08559
-0.1767344 0.5514389 1.244501 -30.23911 -14.06733 19.452
-0.1967539 0.542894 1.255976 -23.94904 -15.88412 15.85658
-0.1928477 0.544603 1.258661 -15.78873 -18.2429 11.94818
-0.184791 0.5582748 1.29162 -9.597894 -19.64748 8.360397
-0.1738047 0.575853 1.306757 -3.750565 -20.16656 4.848947
-0.1664805 0.5909897 1.334833 2.119664 -20.63985 1.612305
-0.1530527 0.6112534 1.328241 6.852489 -19.90702 -1.181588
-0.1393809 0.6581284 1.355341 12.05096 -19.47191 -4.685404
-0.1335215 0.7052475 1.35998 15.66165 -17.99099 -8.044184
-0.1337656 0.7574936 1.355829 17.31814 -16.15893 -11.60144
-0.1186289 0.7438217 1.334101 19.60822 -14.3574 -14.71594
-0.1486582 0.8280502 1.314813 19.89829 -9.952825 -20.18922
-0.1974863 0.9083725 1.261835 17.38684 -13.09786 -22.24266
-0.1613535 0.888353 1.217646 12.66165 -10.06733 -25.37243
-0.153541 0.8837143 1.201044 12.69982 -11.60168 -26.95258
-0.1823496 0.9601303 1.206659 10.78379 -8.548244 -30.62433
-0.2006602 0.9947983 1.158075 11.82959 -9.716184 -37.54036
-0.1493906 1.073412 1.179071 5.951725 -13.25054 -39.44876
-0.1532969 1.113451 1.144892 2.585313 -7.395573 -45.4793
-0.1108164 1.152269 1.098017 2.08913 -8.960459 -50.06708
-0.04978125 1.225755 1.076044 5.127298 -6.174199 -57.55563
0.02590235 1.250658 1.065058 20.0586 -4.487176 -66.23502
-0.01389258 1.450121 1.014032 15.27234 -1.891756 -71.20449
-0.01901953 1.577318 0.9935245 5.837221 -0.03679419 -75.47166
-0.06296484 1.617601 0.9749698 6.867755 -2.441374 -86.71593
-0.1359629 1.713304 0.841669 13.21127 -7.1971 -99.57853
-0.1308359 1.878831 0.826044 26.63111 -12.81542 -110.6549
-0.02878515 1.998705 0.7047061 25.92119 -10.82305 -128.0976
