0.2106475 -0.313687 0.4613359 10.37748 5.016 18.1347
0.2033232 -0.306607 0.4591386 9.011068 5.260275 18.10417
0.2062529 -0.3056304 0.4501054 7.690458 5.466382 18.51638
0.2038115 -0.3063628 0.4579179 6.331679 5.351878 18.69959
0.1925811 -0.2956206 0.4645097 4.988168 4.985466 18.9286
0.2035674 -0.2738921 0.4608476 4.43855 5.099969 18.83699
0.211624 -0.2851226 0.4576738 3.049237 5.290809 19.0889
0.2172393 -0.2848784 0.4557207 2.835496 5.565619 18.96676
0.2121123 -0.2856109 0.4718339 3.575954 5.229741 18.72249
0.2096709 -0.2851226 0.4545 4.65229 5.283175 18.45531
0.2130889 -0.2851226 0.4630449 5.644657 4.794626 17.9973
0.2077178 -0.289273 0.4730546 6.698091 4.779359 17.57745
0.2130889 -0.287564 0.4779375 7.255343 4.71829 17.1805
0.2199248 -0.2787749 0.4884355 6.095038 5.435847 17.58508
0.2201689 -0.2856109 0.4916093 6.476717 5.161038 17.21867
0.216751 -0.298062 0.4825761 6.209542 5.786993 17.0431
0.2135772 -0.2934234 0.4662187 6.301145 6.328977 16.9744
0.2035674 -0.3107574 0.4601152 6.27061 5.939664 16.94386
0.2021025 -0.3105132 0.4542558 6.911832 5.42058 17.03547
0.2084502 -0.3214995 0.4596269 7.209542 5.321343 16.74539
0.2123564 -0.3112456 0.4711015 6.850763 5.382412 16.9286
0.2128447 -0.3131988 0.477205 6.308778 5.878596 17.24157
0.2140654 -0.3129546 0.4776933 5.484351 6.351878 16.89043
0.215042 -0.3149077 0.4671953 5.514885 6.435848 16.93623
0.2111357 -0.3041656 0.4679277 5.018702 5.977832 17.11943
0.2147979 -0.3149077 0.4686601 4.293511 6.451114 17.42478
0.2182158 -0.3110015 0.478914 3.430916 6.328977 17.1347
0.2060088 -0.3168609 0.5277421 2.117939 7.39768 17.09653
0.1862334 -0.2919585 0.5550859 -3.698855 3.985466 17.53165
0.2050322 -0.4301421 0.695955 -2.805725 18.53508 17.16524
0.2331084 -0.3512847 0.5628984 3.804962 10.9015 13.82936
0.2345732 -0.2331206 0.5536211 13.13321 16.62669 13.1347
0.3932647 -0.2931792 0.7015703 -15.46221 21.65722 22.0202
0.3610381 -0.0119292 0.876375 -45.9813 1.374779 23.93623
0.5873565 -0.2629058 1.415682 -54.37825 29.9473 28.42478
0.5756377 -0.3644683 1.511141 -72.47748 37.9473 27.66905
0.4999541 -0.2265288 1.350008 -70.67596 61.67249 27.78356
-0.2195283 -0.1835601 1.278475 13.0645 -149.3962 100.5087
-0.2473603 0.08182079 -0.5752852 96.43092 -33.31988 -12.12484
0.265335 -0.7069976 0.9881914 129.0645 -6.197741 -43.11721
0.4401397 0.4099458 -0.3338301 58.82786 -20.81606 33.1118
0.01118457 -0.67648 -0.2413008 35.52252 -1.350412 -0.3614807
0.2350615 -0.1847808 0.4093339 0.9958014 10.0618 34.73012
0.291458 -0.2113921 0.3036211 -7.767557 21.29081 30.98203
0.1193389 -0.3131988 0.2862871 -14.79046 25.0618 28.14997
0.05732715 -0.3686187 0.4222734 -25.87443 20.57325 29.80646
0.0546416 -0.3512847 0.374666 -52.49275 12.22211 41.1576
0.1576689 -0.3888824 0.4967363 -63.76756 1.359511 36.53928
0.2238311 -0.4294097 0.8551348 -36.21794 -0.8694963 30.47058
0.3471221 -0.2865874 0.6202714 -13.49275 -0.2740763 20.56982
0.2572783 -0.2948882 0.4899004 -1.683588 -0.556519 12.37134
0.2104033 -0.3193023 0.4017656 -10.42405 -2.823695 16.33318
0.2782744 -0.2939116 0.4415605 -19.21794 -5.838962 20.56982
0.2392119 -0.3503081 0.5411699 -9.340076 -4.861863 18.80646
0.1498564 -0.383023 0.3946855 -4.904962 -1.129038 15.79119
0.1730498 -0.2677886 0.390291 -6.141603 6.626687 19.33318
0.2492217 -0.2345855 0.5106523 -8.515649 5.565619 23.31027
0.2548369 -0.2802398 0.4732988 -5.0271 1.962565 21.84463
0.2042998 -0.33273 0.4618242 -3.843893 1.771725 19.50111
0.2169951 -0.3498199 0.4725664 -5.05 3.290809 20.44768
0.2509307 -0.3044097 0.4884355 -3.744657 1.695389 20.34844
0.2118682 -0.3429839 0.4545 -4.080534 -0.09087014 18.58508
0.21846 -0.3498199 0.4203203 -8.790459 -0.04506874 19.67669
0.2238311 -0.3720366 0.4186113 -8.714123 2.145771 20.12707
0.2328643 -0.3527495 0.5016191 -8.523283 0.1686718 18.79119
0.2079619 -0.3454253 0.4386308 -5.75229 1.031267 19.9973
0.215042 -0.2978179 0.4610918 -43.92786 7.344244 31.9515
0.2209014 -0.2492339 0.4569414 10.11794 -13.73973 17.77592
0.211624 -0.2577788 0.4581621 7.667557 -13.86186 17.52402
0.2121123 -0.2538726 0.4586504 8.35458 -14.06034 15.73012
0.2091826 -0.2460601 0.4586504 7.278244 -14.11377 14.75302
0.2089385 -0.2751128 0.4425371 5.980534 -13.81606 13.85226
0.211624 -0.2907378 0.4464433 -0.5232825 -13.06034 15.1118
0.2140654 -0.2939116 0.4479082 -4.011832 -12.73973 15.9286
0.2096709 -0.3027007 0.4464433 -5.095801 -13.95347 16.12707
0.2172393 -0.2929351 0.4501054 -4.866794 -15.38095 15.80646
0.2199248 -0.3063628 0.4779375 -7.462214 -15.19774 16.28737
0.2172393 -0.3041656 0.4916093 -9.469848 -14.22828 16.27974
0.2221221 -0.3063628 0.497957 -11.82099 -13.53362 16.70722
0.2196807 -0.3173491 0.4972246 -12.34771 -13.33515 16.89806
0.215042 -0.3078277 0.5248125 -16.0729 -11.95347 17.87516
0.2074736 -0.3273589 0.5143144 -18.51565 -11.43438 18.63852
0.201126 -0.3324859 0.5209062 -20.06527 -10.80843 19.45531
0.201126 -0.3329741 0.5343339 -20.43931 -10.22064 19.62325
0.1940459 -0.3295562 0.5357988 -20.11107 -9.235909 19.42478
0.1857451 -0.3219878 0.5372636 -19.53855 -8.426748 19.14997
0.1776885 -0.329312 0.5279863 -18.86679 -8.060336 18.77592
0.1862334 -0.3256499 0.5321367 -18.05 -8.045069 18.53165
0.1811065 -0.3273589 0.5345781 -16.92023 -7.617588 18.20341
0.1859893 -0.3298003 0.5336015 -15.1645 -7.083237 17.76066
0.1847686 -0.3300445 0.5282304 -13.0729 -6.487817 17.53928
0.1879424 -0.3417632 0.5194414 -10.26374 -6.228275 16.98203
0.2023467 -0.3422515 0.5008867 -7.340076 -5.426748 16.52402
0.1923369 -0.3346831 0.4825761 -4.408779 -5.296977 16.34081
0.1911162 -0.3307769 0.4706132 -0.4087787 -5.503084 15.9515
0.1818389 -0.3376128 0.4498613 4.079771 -5.892397 15.01257
0.1801299 -0.3317534 0.4525468 8.950001 -6.571786 14.03547
0.19429 -0.3383452 0.4308183 14.07977 -7.79316 13.08127
0.2003936 -0.3244292 0.4234941 21.14847 -9.067969 10.80646
0.1979522 -0.3190581 0.4398515 27.98054 -10.14431 8.737756
0.1833037 -0.3368804 0.4554765 29.10267 -9.426748 8.149969
0.1632842 -0.3600738 0.4523027 26.76679 -9.243542 9.195771
0.1701201 -0.3578765 0.43033 25.1103 -9.426748 9.974397
0.1720732 -0.3652007 0.4400957 22.52252 -10.58705 11.11944
0.1833037 -0.3603179 0.4437578 22.57595 -10.38858 11.49348
0.1811065 -0.3537261 0.4542558 19.8813 -10.22064 12.03547
0.1740264 -0.3522613 0.4425371 16.82023 -10.12904 12.79882
0.1879424 -0.3410308 0.4486406 14.61412 -10.23591 13.44005
0.1710967 -0.3376128 0.4530351 12.09504 -10.75499 13.77592
0.1654814 -0.3442046 0.4559648 6.736259 -10.13667 14.62325
0.1586455 -0.3498199 0.4491289 4.522519 -9.999268 14.95913
0.1735381 -0.3288238 0.4588945 2.812595 -10.83896 15.43241
0.188919 -0.3427398 0.4593828 0.797328 -10.95347 15.37898
0.1852568 -0.3266265 0.4728105 -0.8896947 -10.44201 15.40951
0.1957549 -0.3256499 0.4676836 -1.889695 -9.678657 14.89043
0.1923369 -0.3239409 0.4547441 -2.569084 -9.693924 14.64615
0.1879424 -0.331021 0.4515703 -3.065267 -10.01453 14.37898
0.197708 -0.3407866 0.4540117 -1.820992 -10.56415 13.96676
0.1830596 -0.360562 0.4491289 -0.3400764 -11.08324 13.96676
0.1901397 -0.3478667 0.4486406 -1.103435 -11.56415 14.40951
0.1501006 -0.3581206 0.4547441 -0.4316797 -11.86186 14.80646
0.1537627 -0.3881499 0.4479082 0.003435135 -10.73973 14.54692
0.1554717 -0.3815581 0.4374101 1.369847 -11.64049 15.0202
0.1571807 -0.4269683 0.4173906 1.35458 -11.69392 15.66905
0.1520537 -0.4042632 0.4003007 3.583588 -12.16721 15.87516
0.1315459 -0.4445464 0.3971269 5.316412 -13.0298 16.05073
0.1417998 -0.4552886 0.4010332 5.705725 -13.13667 16.29501
0.1449736 -0.4272124 0.4010332 8.469084 -14.94583 15.48585
0.1452178 -0.4401519 0.4193437 7.117939 -14.28934 16.87516
0.1422881 -0.4389312 0.42325 7.896565 -15.0756 18.1576
0.1337432 -0.4176909 0.433748 9.430916 -17.15194 18.90569
0.1337432 -0.4123199 0.4457109 8.774427 -17.94583 19.55455
0.1408232 -0.4008452 0.4457109 8.568321 -18.34278 20.0889
0.1378936 -0.3783843 0.4581621 7.362214 -18.21301 20.42478
0.1313018 -0.3903472 0.4508379 3.408015 -17.74736 21.78356
0.1342314 -0.3752105 0.4542558 3.713358 -18.80079 22.00493
0.1205596 -0.3901031 0.4625566 0.06450367 -18.77789 23.36371
0.123001 -0.4020659 0.4728105 -1.24084 -18.62522 23.89806
0.136917 -0.3810699 0.4820879 -0.103435 -19.17484 23.65379
0.1276397 -0.36398 0.4916093 5.095038 -19.29698 21.56982
0.1305693 -0.3427398 0.4982011 12.53015 -19.56415 18.1347
0.1381377 -0.3742339 0.4999101 17.26298 -18.28171 15.98203
0.1449736 -0.3944976 0.4574296 16.68283 -18.43438 16.71486
0.1044463 -0.3896148 0.4535234 26.91183 -22.35041 14.9973
0.1625518 -0.290982 0.4767168 34.60649 -19.99163 12.51638
0.1444854 -0.3996245 0.4479082 40.77443 -22.31224 10.86753
0.1603545 -0.3139312 0.4579179 44.41565 -23.64812 11.69959
0.1417998 -0.407437 0.4742754 47.27061 -23.984 11.05837
0.1532744 -0.3337066 0.4925859 44.46908 -21.20537 11.46295
0.1454619 -0.3395659 0.4757402 44.36985 -22.9611 11.1347
