1.564518 0.5243536 0.7108564 125.7119 -191.5606 251.8109
1.669743 0.5883184 0.7594404 107.6356 -191.5301 251.8109
1.827213 0.5099493 0.74821 101.3302 -193.4079 251.8109
1.941471 0.5148321 0.7789717 99.58978 -197.8889 251.8109
2.076237 0.4894415 0.7382002 93.94093 -201.0415 251.8109
2.177067 0.5629278 0.6559248 90.71956 -206.0415 251.8109
2.185612 0.726502 0.7745771 80.9791 -213.8965 251.8109
2.216129 0.7807013 0.8309736 81.17757 -222.5377 251.8109
2.289799 0.9977423 0.8016768 101.1241 -221.2553 251.8109
2.248844 1.166688 0.9090986 97.1394 -247.8049 251.8109
2.289799 1.490906 1.00114 109.1241 -246.3545 251.8109
2.289799 1.80951 0.9464521 107.5974 -255.2095 251.8109
2.289799 1.969422 1.174968 121.2768 -244.0873 251.8109
2.289799 2.16327 1.199138 138.9944 -247.7209 251.8109
2.289799 2.224976 1.115642 171.3531 -249.8354 251.8109
2.289799 2.224976 1.285075 186.9028 -240.0873 251.8109
2.289799 2.224976 1.190104 208.918 -235.9957 251.8109
2.289799 2.224976 1.261149 218.5669 -243.6369 251.8109
2.289799 2.224976 1.329509 229.6051 -247.8965 251.8109
2.289799 2.224976 1.635905 207.231 -269.1713 251.8109
2.289799 2.224976 1.795085 172.0936 -269.1713 251.8109
0.8613931 2.224976 2.690104 210.9028 -219.0873 251.8109
2.249088 2.224976 2.705485 269.6508 -164.3316 251.8109
2.289799 2.224976 2.194499 230.5898 -151.0721 223.2231
2.289799 2.224976 2.469157 205.3913 -132.5377 171.3453
2.289799 2.224976 2.54655 172.2081 -98.78198 116.6201
2.289799 2.224976 2.947917 150.8951 -76.74382 39.70403
2.289799 2.224976 3.363444 107.3913 -44.62931 -49.15857
2.064762 2.224976 3.73936 -73.7919 -3.522443 -117.3494
2.289799 2.224976 3.34904 -42.83006 45.33252 -204.4868
2.289799 2.224976 3.095378 -44.16594 84.39359 -248.4563
2.289799 2.224976 2.814372 -45.73082 113.7066 -248.4563
2.289799 2.224976 2.569011 -47.55525 142.9661 -248.4563
2.289799 2.224976 2.110759 -61.0438 160.8363 -248.4563
2.289799 2.224976 1.802409 -72.52472 175.5005 -248.4563
2.289799 2.224976 1.5507 -84.38731 191.0806 -248.4563
2.289799 2.224976 1.383708 -86.39494 198.2409 -248.4563
2.289799 2.224976 1.232585 -87.75372 208.6302 -248.4563
2.289799 2.224976 1.131267 -100.9217 221.2104 -248.4563
2.289799 2.224976 0.9493818 -113.2957 229.5921 -248.4563
2.289799 2.130555 0.9090986 -126.372 231.0959 -248.4563
2.289799 1.783631 0.8273115 -140.0133 231.0959 -248.4563
2.289799 1.539979 0.7196455 -152.5934 231.0959 -248.4563
2.289799 1.290223 0.6002607 -170.7614 231.0959 -248.4563
2.289799 1.115662 0.5326338 -182.6621 231.0959 -248.4563
2.289799 1.059998 0.4855146 -197.1965 231.0959 -248.4563
2.289799 0.922547 0.3678389 -197.7537 231.0959 -248.4563
2.289799 0.8261114 0.256999 -207.0667 231.0959 -248.4563
2.289799 0.7648321 0.05729198 -217.0896 231.0959 -248.4563
2.289799 0.6979376 -0.06648731 -230.6163 231.0959 -248.4563
2.289799 0.6649786 -0.2466631 -230.6163 231.0959 -248.4563
2.289799 0.5707403 -0.2605791 -230.6163 231.0959 -248.4563
2.289799 0.6442266 -0.2605791 -230.6163 231.0959 -248.4563
2.289799 0.4464727 -0.2605791 -230.6163 231.0959 -248.4563
2.289799 0.3031622 -0.2605791 -230.6163 231.0959 -248.4563
2.289799 -0.5132441 -0.2605791 -230.6163 231.0959 -248.4563
2.289799 -0.7334589 -0.2605791 -230.6163 231.0959 -248.4563
2.289799 -0.7847284 -0.2605791 -230.6163 231.0959 -248.4563
2.289799 -1.026183 -0.2605791 -230.6163 231.0959 -248.4563
2.289799 -1.667297 -0.2605791 -230.6163 231.0959 -248.4563
2.289799 -1.774963 -0.2605791 -230.6163 231.0959 -248.4563
0.6013833 -1.774963 -0.2605791 -230.6163 231.0959 -248.4563
2.289799 -1.774963 -0.2605791 -230.6163 231.0959 -248.4563
-1.331234 -1.774963 -0.2605791 -196.7995 231.0959 -248.4563
-0.8746909 -1.774963 -0.2605791 -93.94456 148.2638 -248.4563
-1.377865 -1.774963 -0.2605791 -5.929298 -7.079695 -239.4105
-1.71014 -1.774963 -0.2605791 58.65086 -89.75908 -166.2273
-1.71014 -1.774963 -0.2605791 -10.21174 -138.5301 -80.22726
-1.71014 -1.774963 -0.2605791 35.68139 -206.6293 -38.08223
-1.71014 -1.774963 -0.2605791 48.16994 -267.0568 6.971206
-1.166195 -1.774963 -0.2605791 110.0936 -269.1713 35.37579
-0.5018882 -1.774963 -0.2605791 156.0402 -269.1713 79.8109
-0.1007651 -1.774963 -0.2605791 213.7348 -269.1713 94.20785
0.09991845 -1.774963 -0.2605791 240.0631 -269.1713 139.8949
0.6050454 -1.774963 -0.2605791 269.6508 -269.1713 140.7651
0.7378579 -1.774963 -0.2605791 269.6508 -269.1713 160.7498
1.07819 -1.774963 -0.2605791 269.6508 -269.1713 175.0934
1.054508 0.5570684 0.444499 104.1318 -152.7514 251.8109
1.946842 2.224976 1.526286 245.0325 -190.0415 227.2766
1.948063 2.224976 1.624187 235.7654 -177.469 215.1544
1.92609 2.224976 1.685466 222.2539 -169.9346 204.8262
1.809147 2.224976 1.716472 190.5058 -162.7209 204.2995
1.860905 2.224976 1.825603 156.6051 -160.4156 187.2613
1.709049 2.224976 2.017985 120.7272 -127.3469 133.9178
1.80402 2.224976 2.068767 76.49055 -101.5301 106.3453
1.627506 2.224976 2.173503 50.39895 -81.55298 73.93304
1.513004 2.224976 2.282634 15.06307 -67.22473 38.50556
1.637028 2.224976 2.225749 3.070702 -44.60641 -4.494443
1.575993 2.224976 2.329509 -14.24228 -26.46901 -47.02116
1.43903 2.224976 2.41447 -15.44838 -3.117863 -89.47154
1.363102 2.224976 2.478679 -28.25754 18.14931 -129.8532
1.403141 2.224976 2.440104 -47.79953 41.66076 -165.9219
1.365543 2.224976 2.360026 -55.53998 61.95847 -204.4868
1.327213 2.224976 2.277751 -75.04381 76.15695 -237.1586
1.32404 2.224976 2.201335 -94.74609 92.95084 -248.4563
1.580387 2.224976 2.096599 -104.4178 117.2715 -248.4563
1.82819 2.224976 1.75822 -102.7308 132.1875 -248.4563
1.935368 2.224976 1.523356 -111.1507 140.9966 -248.4563
2.095524 2.224976 1.338542 -114.601 152.1646 -248.4563
2.173893 2.224976 1.240153 -121.6239 161.9508 -248.4563
2.273502 2.224976 1.085368 -123.9827 171.7066 -248.4563
2.289799 2.198426 1.007731 -129.4408 183.0424 -248.4563
2.173405 1.9599 1.027019 -135.1888 191.8134 -248.4563
2.230045 1.794617 0.8766279 -139.6774 200.8592 -248.4563
2.257389 1.646912 0.7469893 -147.1201 207.6913 -248.4563
2.289799 1.559266 0.6837568 -153.998 213.4394 -248.4563
2.289799 1.450623 0.6378584 -162.1507 218.4547 -248.4563
2.289799 1.333192 0.5619307 -173.3797 229.5386 -248.4563
2.289799 1.245057 0.4818525 -183.4255 231.0959 -248.4563
2.289799 1.165467 0.44279 -193.4026 231.0959 -248.4563
2.289799 1.077088 0.3790693 -204.4026 231.0959 -248.4563
2.289799 1.227234 0.3373213 -230.6163 231.0959 -248.4563
2.289799 1.096131 0.253581 -230.6163 231.0959 -248.4563
2.289799 1.00409 0.1739912 -230.6163 231.0959 -248.4563
2.289799 0.901795 0.0790205 -230.6163 231.0959 -248.4563
2.289799 0.8178106 -0.1346025 -230.6163 231.0959 -248.4563
2.289799 0.5880743 -0.2605791 -230.6163 231.0959 -248.4563
2.289799 0.3656622 -0.2605791 -230.6163 231.0959 -248.4563
2.289799 -0.08868347 -0.2605791 -230.6163 231.0959 -248.4563
2.289799 -0.6475214 -0.2605791 -230.6163 231.0959 -248.4563
2.289799 -0.5549921 -0.2605791 -230.6163 231.0959 -248.4563
2.289799 -0.9409784 -0.2605791 -230.6163 231.0959 -248.4563
2.289799 -1.139465 -0.2605791 -230.6163 231.0959 -248.4563
2.289799 -1.59381 -0.2605791 -230.6163 231.0959 -248.4563
2.289799 -1.774963 -0.2605791 -230.6163 231.0959 -248.4563
2.065739 -1.774963 -0.2605791 -230.6163 231.0959 -248.4563
0.5152017 -1.774963 -0.2605791 -230.6163 231.0959 -248.4563
0.2759439 -1.774963 -0.2605791 -224.7843 231.0959 -248.4563
0.4026528 -1.774963 -0.2605791 -200.1278 229.0119 -248.4563
-0.03509131 -1.774963 -0.2605791 -133.2957 113.3325 -248.4563
-0.5985679 -1.774963 -0.2605791 -10.62395 41.43939 -242.2731
-1.025326 -1.774963 -0.2605791 11.66612 -18.16366 -192.7692
-1.461117 -1.774963 -0.2605791 39.70429 -73.09496 -150.983
-1.49725 -1.774963 -0.2605791 39.002 -122.8278 -103.4715
-1.165707 -1.774963 -0.2605791 47.67376 -170.2782 -58.70818
-0.958187 -1.774963 -0.2605791 50.74246 -205.0492 -14.35704
-0.5006675 -1.774963 -0.2605791 75.0936 -217.3392 19.89487
-0.2870444 -1.774963 -0.2605791 88.22337 -236.9957 49.09334
0.2888833 -1.774963 0.07633495 162.7272 -254.6369 129.8949
0.3587075 -1.774963 0.5055342 174.4677 -268.5606 141.0094
0.4373208 -1.774963 0.6854658 218.4906 -244.1102 162.4063
0.5752603 -1.774963 0.7071943 229.1318 -226.2171 182.6659
0.5376626 -1.774963 1.061198 254.8264 -217.4385 191.0628
0.7783853 -1.618957 1.085856 268.1623 -204.2553 201.414
0.8645669 -1.774963 0.8624678 260.9333 -194.0034 251.8109
0.786686 -1.225891 1.267741 269.6508 -172.6217 166.9636
0.9092446 -0.7251581 1.339519 269.6508 -145.5072 251.8109
0.6572915 -1.079406 1.232829 269.6508 -139.2629 229.9254
0.7937661 -0.8067011 1.152751 269.6508 -117.9347 251.8109
0.7988931 -0.7376093 1.084392 269.6508 -102.5377 251.8109
