2.289799 -0.8792109 -0.2605791 -230.6163 71.44702 -248.4563
2.289799 -1.683654 -0.2605791 -230.6163 63.76 -248.4563
2.289799 -1.774963 -0.2605791 -230.6163 40.11878 -248.4563
2.289799 -1.774963 -0.2605791 -230.6163 52.65313 -248.4563
2.289799 -1.774963 -0.2605791 -230.6163 40.08061 -248.4563
2.289799 -1.774963 -0.2605791 -230.6163 7.057709 -248.4563
1.684879 -1.774963 -0.2605791 -230.6163 10.08824 -248.4563
1.535709 -1.774963 -0.2605791 -230.6163 26.86687 -248.4563
0.7661782 -1.774963 -0.2605791 -230.6163 -22.04153 -248.4563
0.3418618 -1.774963 -0.2605791 -230.6163 -46.44611 -248.4563
0.02154932 -1.774963 -0.2605791 -230.6163 -48.48428 -248.4563
-0.4515952 -1.774963 -0.2605791 -230.6163 -65.34687 -248.4563
0.07867822 -1.774963 -0.2605791 -230.6163 -76.69038 -248.4563
0.1516763 -1.774963 -0.2605791 -230.6163 -118.0263 -248.4563
0.1575356 -1.774963 -0.2605791 -230.6163 -140.9805 -248.4563
-0.1627769 -1.774963 -0.2605791 -230.6163 -155.866 -206.5021
-0.5265464 -1.774963 -0.2605791 -206.2957 -176.0873 -153.2196
-0.5490073 -1.774963 -0.2605791 -133.7995 -200.4003 -95.31123
-0.522396 -1.774963 -0.2605791 -76.73846 -218.1026 -48.83796
-0.4208335 -1.774963 -0.2605791 15.01727 -235.3774 -18.97536
-0.3951987 -1.774963 0.1883955 98.75009 -240.9805 6.062809
-0.3490561 -1.774963 0.5550947 130.3379 -235.1331 37.51319
-0.2948569 -1.774963 0.8812666 123.8112 -246.5072 65.82616
-0.2013511 -1.774963 1.181315 138.1012 -227.9194 98.77274
-0.06731787 -1.774963 1.266765 144.9638 -214.2782 123.704
-0.02605811 -1.774963 1.421306 151.3684 -202.7896 147.9407
0.1279946 -1.774963 1.449626 160.9486 -189.8965 169.6353
0.2356606 -1.774963 1.425212 165.9562 -176.8965 194.8033
0.2864419 -1.774963 1.443522 188.086 -164.614 208.4979
0.3235513 -1.752502 1.412028 204.0173 -153.8507 221.3911
0.3206216 -1.476135 1.370524 219.6203 -142.5377 228.7727
0.3125649 -1.263 1.307292 235.3837 -133.843 230.8796
0.3655435 -1.078918 1.204509 242.1089 -125.3469 243.1315
0.404606 -1.039855 1.170573 250.4295 -119.7133 249.7346
0.4109536 -0.7612909 1.143474 260.5135 -113.7285 251.8109
0.4277993 -0.6350702 1.113444 263.5363 -107.6522 251.8109
0.4456216 -0.5317987 1.111247 269.0173 -102.2476 251.8109
0.4390298 -0.3174433 1.094401 266.1623 -95.85069 251.8109
0.3789712 -0.2202753 1.039226 262.8799 -91.96519 251.8109
0.3277017 -0.1321405 1.038249 258.5592 -90.97282 251.8109
0.3298989 -0.07159363 1.030437 255.7806 -88.4232 251.8109
0.3032876 -0.02130066 1.009196 250.5516 -86.40794 251.8109
0.2869302 0.03533997 1.045573 248.3837 -86.04916 251.8109
0.3174478 0.01702942 1.058757 244.4829 -81.93466 251.8109
0.2849771 -0.002990112 1.041911 239.0936 -77.00336 251.8109
0.3176919 -0.05865417 1.038005 239.0096 -77.24001 251.8109
0.3584634 0.02899231 1.042155 234.3531 -73.07206 251.8109
0.3013345 0.04779114 1.114177 241.2157 -71.56061 251.8109
0.3792153 0.1105353 1.066813 217.1623 -65.55298 251.8109
0.3518716 -0.06256042 1.040202 212.1318 -62.2629 251.8109
0.3745767 -0.1494745 0.9945478 208.0402 -64.3316 251.8109
0.4219399 -0.01641785 0.9486494 206.5211 -63.97282 251.8109
0.4788247 -0.03814636 0.972331 196.6127 -62.61405 251.8109
0.4548989 0.09515442 1.030192 191.5516 -63.05679 251.8109
0.5374185 0.078797 0.9906416 185.3684 -58.0797 251.8109
0.5344888 0.09075989 0.9679365 174.0783 -59.1484 251.8109
0.5464517 0.1813361 0.9276533 159.147 -60.01099 251.8109
0.5337564 0.2015997 0.9869795 149.9867 -61.17893 251.8109
1.140446 2.224976 0.5270185 -12.62395 67.63786 -248.4563
2.289799 -1.774963 -0.2605791 -230.6163 120.3249 -248.4563
2.289799 -1.774963 -0.2605791 -223.8301 111.1035 -248.4563
2.289799 -1.774963 -0.2605791 -230.6163 107.9508 -248.4563
2.289799 -1.774963 -0.2605791 -226.4178 79.8058 -248.4563
2.033756 -1.774963 -0.2605791 -196.1583 71.75237 -248.4563
1.445866 -1.774963 -0.2605791 -179.6927 53.00428 -248.4563
1.280338 -1.774963 -0.2605791 -230.6163 -21.2629 -248.4563
0.4146157 -1.774963 -0.2605791 -230.6163 -39.99573 -248.4563
0.5603677 -1.774963 -0.2605791 -230.6163 -63.17893 -248.4563
0.7427407 -1.774963 -0.2605791 -230.6163 -104.8965 -248.4563
0.8008462 -1.774963 -0.2605791 -230.6163 -115.7514 -248.4563
1.171452 -1.774963 -0.2605791 -230.6163 -146.6446 -248.4563
0.8931314 -1.774963 -0.2605791 -230.6163 -178.6751 -248.4563
1.209049 -1.774963 -0.2605791 -230.6163 -193.1942 -241.9525
1.131901 -1.774963 -0.2605791 -230.6163 -195.0721 -173.9372
0.6990396 -1.774963 -0.2605791 -230.6163 -194.4079 -123.5326
0.1048013 -1.774963 -0.2605791 -230.6163 -216.7667 -88.28834
-0.2963218 -1.774963 -0.2605791 -230.6163 -217.0339 -52.15093
-0.4921226 -1.774963 -0.04060841 -230.6163 -225.4766 -11.1433
-0.2260093 -1.774963 0.2750654 -112.1736 -218.7438 -33.79215
-0.08440772 -1.774963 0.6366377 21.29971 -217.0263 -29.15093
-0.09734717 -1.774963 0.8312178 68.99437 -201.5759 8.421588
-0.02605811 -1.774963 0.8361006 79.20811 -190.1789 48.84907
0.1065103 -1.774963 0.7384443 72.16994 -180.324 90.41396
0.1514321 -1.774963 0.680583 67.36841 -179.6904 126.5743
0.2471353 -1.774963 0.6861982 67.65849 -176.7591 159.3071
0.227604 -1.774963 0.7364912 57.74246 -172.6599 190.7422
0.1887856 -1.120178 0.7027998 75.36078 -175.4919 219.7117
0.1843911 -1.000305 0.6866865 108.6585 -178.2247 218.7422
0.2800942 -0.8845819 0.8099775 107.2463 -177.6751 234.7575
0.2859536 -0.8369745 0.8722334 131.1547 -177.0034 230.0323
0.3941079 -0.6301874 0.8644209 140.3531 -174.8889 238.2079
0.3743325 -0.5899042 0.9003096 162.231 -174.3698 236.8491
0.3809243 -0.3970331 0.9069014 178.8341 -172.5377 239.6506
0.4111978 -0.2188104 0.9308271 198.6661 -179.1942 239.6124
0.5611001 0.07318176 0.9708662 200.7654 -174.3316 230.0857
0.385563 -0.09918152 1.086101 196.8035 -167.5301 239.8872
0.552311 0.1366583 0.9308271 171.918 -158.2095 243.246
0.2686196 -0.1604608 1.110515 188.8875 -167.4537 241.5285
0.333561 0.07122864 1.134196 173.1928 -157.7209 251.8109
0.3689614 -0.01519714 1.148601 175.7577 -152.0797 251.8109
0.2498208 -0.02423035 1.108073 169.2997 -151.553 251.8109
0.1514321 -0.08843933 1.029948 168.0173 -151.8049 251.8109
0.005680174 -0.02300964 1.088542 154.5135 -158.7209 251.8109
0.1289712 -0.09454285 0.9374189 159.6356 -158.5682 251.8109
0.09308251 0.08221497 1.040202 153.7425 -162.1331 251.8109
0.03570947 -0.02178894 1.093181 157.8799 -163.8812 251.8109
0.02106103 -0.0984491 1.04655 146.1089 -168.0721 251.8109
0.07599267 -0.1641229 1.081706 146.8188 -173.4079 251.8109
0.1297036 -0.1406854 1.130046 151.0936 -179.4919 251.8109
0.1939126 -0.07989441 1.176188 157.0096 -182.5453 251.8109
0.3081704 -0.01885925 1.172038 161.7806 -185.4461 251.8109
0.3482095 0.09149231 1.159831 158.8417 -192.1255 251.8109
0.4612466 0.04950012 1.227458 163.6738 -199.6064 251.8109
0.6206704 0.02606262 1.201823 168.002 -209.7667 251.8109
0.7019692 0.05584778 1.238688 168.7501 -206.0873 251.8109
0.607731 0.5045782 1.547282 157.689 -226.324 251.8109
1.163151 0.1383673 1.441081 187.4066 -218.7514 251.8109
1.03986 -0.0137323 1.614909 199.8417 -207.24 251.8109
1.173893 0.3641974 1.615153 220.147 -231.9652 251.8109
1.52277 0.2792364 1.648356 243.0707 -224.9118 251.8109
1.766911 0.2623907 1.65446 269.6508 -230.5988 251.8109
1.942448 0.3256232 1.841228 269.6508 -232.4003 251.8109
2.289799 0.3712775 1.772136 269.6508 -219.5835 251.8109
1.992252 0.7570196 2.096843 269.6508 -186.782 251.8109
2.023258 1.072449 2.030925 269.6508 -185.4003 251.8109
2.289799 1.230897 1.898356 269.6508 -173.782 251.8109
2.05817 1.498963 2.049724 269.6508 -180.2705 251.8109
2.263981 1.68866 1.912761 269.6508 -146.3163 251.8109
2.289799 1.919861 2.137858 269.6508 -140.8507 251.8109
2.286198 2.224976 2.77531 269.6508 -73.14839 251.8109
2.122623 2.224976 2.614421 269.6508 -23.85069 251.8109
2.289799 2.224976 2.177653 269.6508 3.034809 251.8109
2.289799 2.224976 2.118815 269.6508 23.6913 251.8109
2.289799 2.224976 1.730144 223.0554 60.98901 251.8109
2.289799 2.224976 1.625163 185.2844 58.53099 251.8109
2.289799 2.224976 2.407634 269.6508 106.7982 251.8109
2.289799 2.224976 2.606853 233.7196 122.6684 251.8109
2.289799 2.224976 2.775798 246.7501 199.8363 203.6353
2.289799 2.224976 1.313151 157.544 231.0959 157.8949
2.289799 2.224976 0.7779951 133.6051 187.0424 61.20021
2.043522 2.224976 0.902751 123.2386 231.0959 -6.967726
1.963932 2.224976 0.8922529 161.3073 231.0959 -83.59368
1.585026 2.224976 0.8248701 179.2005 231.0959 -161.7234
1.16779 2.224976 0.6554365 182.1241 231.0959 -230.6471
1.116276 2.224976 0.2872725 113.0707 231.0959 -248.4563
1.052799 2.224976 0.1178389 30.69666 231.0959 -248.4563
1.284733 2.224976 -0.2188311 -10.18121 231.0959 -248.4563
1.482975 2.224976 -0.2605791 -49.84533 221.2715 -248.4563
0.1243325 -1.774963 1.042155 87.76537 -261.4003 18.25365
0.4675942 -0.8709101 1.246257 210.0936 -142.7133 240.4521
