0.6421133 0.6720444 -0.06165135 -91.92614 218.5663 27.42146
0.6631094 0.7777573 -0.06165135 -95.24675 213.3296 24.87185
0.6843496 0.8292709 -0.01941502 -95.17041 207.7495 19.91765
0.702416 0.8585678 -0.002081037 -95.91087 203.8716 14.15429
0.7241445 0.8636948 -0.00354588 -92.78873 198.9021 6.215359
0.7451406 0.8551498 0.01012599 -88.11697 193.8182 -1.960214
0.7578359 0.8014389 0.02526271 -83.28491 189.864 -9.944947
0.761498 0.7506577 0.005487323 -78.07117 184.9098 -17.27319
0.7495351 0.6718002 -0.01599705 -72.64369 180.009 -23.88388
0.7402578 0.6171127 -0.03577244 -67.36888 174.3525 -29.56327
0.7221914 0.5538803 -0.06165135 -62.79636 168.8716 -34.38769
0.7046133 0.49431 -0.06165135 -59.72003 161.6197 -38.5251
0.6897207 0.4259507 -0.06165135 -57.8727 154.9937 -41.4793
0.6059804 0.2030503 -0.06165135 -51.05591 130.0853 -47.51746
0.5200429 0.1905991 -0.06165135 -48.55209 122.5357 -48.11288
0.5542226 0.1478745 -0.06165135 -48.47575 110.4136 -48.18159
0.4868398 0.0883042 -0.06165135 -40.56736 96.25328 -50.19685
0.6460195 0.03703466 -0.06165135 -41.90324 102.3678 -55.45639
0.5317617 -0.01765284 -0.06165135 -42.04827 87.06244 -52.69304
0.5835195 -0.01423487 -0.06165135 -45.51392 77.55862 -51.78464
0.5844961 -0.3216079 -0.06165135 -46.18568 74.18458 -44.53273
0.4919668 -0.3223403 -0.06165135 -48.04827 65.53572 -43.6854
0.5083242 -0.5042252 -0.06165135 -34.74293 55.99374 -41.70831
0.5556875 -0.5266861 -0.06165135 -38.45285 39.9174 -37.67777
0.5053945 -0.5371841 -0.06165135 -58.16278 12.56626 -25.60907
0.558373 -0.6563248 -0.06165135 -65.6208 9.627328 -17.83044
0.5014883 -0.740065 -0.06165135 -77.68186 -7.479542 -5.128152
0.4809804 -0.8523697 -0.06165135 -79.70477 -20.77725 2.528336
0.4065176 -0.88069 -0.06165135 -78.804 -37.63985 12.02452
0.4348379 -0.9417252 -0.06165135 -78.6208 -52.54824 21.65811
0.4651113 -1.165358 -0.06165135 -54.08644 -62.51007 29.68864
0.3967519 -0.830397 -0.06165135 -46.81927 -85.64748 42.21536
0.5263906 -0.705397 -0.06165135 -53.99484 -100.2276 51.44437
0.575707 -0.6509537 -0.06165135 -63.26965 -112.2353 60.18483
0.6450429 -0.6438736 -0.06165135 -63.30019 -124.1589 65.23063
0.6819082 -0.6282486 -0.06165135 -65.22385 -134.0673 71.34513
0.735375 -0.632399 -0.06165135 -61.804 -142.6246 75.4062
0.7773672 -0.6250748 -0.06165135 -58.35362 -150.907 79.01688
0.8137442 -0.6338638 -0.06165135 -54.60553 -159.3116 83.13902
0.8445059 -0.6387466 -0.06165135 -47.8727 -167.678 85.90238
0.8559805 -0.6438736 -0.06165135 -41.08644 -175.6398 89.12376
0.8554922 -0.6597427 -0.06165135 -32.14751 -183.2734 91.11613
0.8449942 -0.6333755 -0.06165135 -27.75056 -189.8841 95.45963
0.8452383 -0.6345963 -0.06165135 -26.51392 -195.6857 100.681
0.8183828 -0.6604752 -0.06165135 -26.20858 -204.0139 106.5512
0.8261953 -0.6470474 -0.06165135 -28.25438 -212.5406 112.8871
0.815209 -0.6836685 -0.06165135 -29.28492 -221.6322 118.6657
0.7905508 -0.6841568 -0.06165135 -31.88797 -232.6322 125.5207
0.801293 -0.6883072 -0.06165135 -33.54446 -243.1895 132.1161
0.8127676 -0.6709732 -0.06165135 -35.77346 -253.7162 138.2841
0.8215567 -0.6438736 -0.06165135 -41.45285 -254.2429 144.7192
0.8574453 -0.628981 -0.06165135 -48.6666 -254.2429 152.0322
0.9314199 -0.601149 -0.06165135 -57.61316 -254.2429 158.6963
1.074486 -0.542067 -0.06165135 -65.60552 -254.2429 165.4062
1.050072 -0.5113052 -0.06165135 -62.00247 -254.2429 164.8184
1.079857 -0.5032486 -0.04065526 -71.60552 -254.2429 167.9634
1.107689 -0.573317 0.07164943 -59.79636 -254.2429 167.1772
1.1531 -0.6248306 0.1561221 -57.36125 -254.2429 168.5207
1.197533 -0.594313 0.2813662 -49.17041 -254.2429 170.6428
1.220482 -0.613356 0.2908877 -49.13988 -254.2429 174.8489
1.289574 -0.583815 0.3646182 -48.6666 -254.2429 179.8718
1.22683 -0.5969986 0.4324893 -42.04064 -254.2429 181.307
1.287133 -0.601149 0.4664248 -36.97194 -254.2429 182.2535
1.233422 -0.5657486 0.5897159 -20.62079 -254.2429 180.9024
1.192162 -0.6096939 0.6917666 -6.88797 -254.2429 180.8642
1.145287 -0.6192154 0.718378 5.38684 -254.2429 186.368
1.27102 -0.6240982 0.6512393 0.287603 -254.2429 187.8642
1.393578 -0.674147 0.584833 -2.750565 -254.2429 190.7802
1.288842 -0.7359146 0.6678409 -3.681863 -254.2429 195.2535
1.232689 -0.8672623 0.7974795 0.3181374 -254.2429 198.9253
1.213891 -0.9094986 0.8568057 6.310503 -254.2429 208.4902
1.21682 -0.906813 0.9139346 -0.8727022 -254.2429 224.3375
1.188256 -0.9341568 0.9559268 -11.8498 -254.2429 245.8718
1.199486 -0.9265884 0.9439639 -20.35362 -254.2429 251.6963
1.177025 -0.7962173 0.9063663 -33.16278 -254.2429 251.6963
1.222191 -0.7256607 0.8675479 -41.76583 -254.2429 251.6963
1.239037 -0.6756119 0.8421573 -43.68186 -254.2429 251.6963
1.254906 -0.6106705 0.813837 -46.8498 -254.2429 251.6963
1.301049 -0.5874771 0.8375186 -42.7811 -254.2429 251.6963
1.313256 -0.5086197 0.883417 -41.03301 -254.2429 251.6963
1.332299 -0.4810318 0.9422549 -30.8269 -254.2429 251.6963
1.324731 -0.3711685 1.00036 -19.41469 -254.2429 251.6963
1.338402 -0.3106216 1.018671 -5.720031 -254.2429 251.6963
1.323754 -0.1968521 1.025263 4.356305 -254.2429 251.6963
1.273461 -0.1345962 1.127558 29.82195 -254.2429 251.6963
1.300805 0.0529038 1.143427 56.1044 -254.2429 251.6963
1.324242 0.2316147 1.157343 76.68455 -254.2429 251.6963
1.196313 0.3580796 1.250605 91.71509 -254.2429 251.6963
1.258324 0.42473 1.237177 100.6693 -254.2429 251.6963
1.335229 0.4811265 1.191278 107.5013 -254.2429 251.6963
1.297143 0.6097885 1.276483 107.1273 -254.2429 251.6963
1.256615 0.6537338 1.293085 101.3716 -254.2429 251.6963
1.176293 0.6425034 1.348505 108.5777 -254.2429 249.536
1.157006 0.749437 1.421747 107.3334 -254.2429 246.9024
1.179223 0.7343002 1.40954 111.1655 -254.2429 238.6123
1.173852 0.7931381 1.539911 113.9899 -254.2429 231.681
1.200463 0.7892319 1.539667 114.3792 -254.2429 222.2993
1.133568 0.8402573 1.572626 119.0433 -244.0292 217.2077
1.05642 0.9674545 1.610224 119.509 -241.1742 216.3451
0.9863516 1.079271 1.689569 135.799 -236.8689 211.6428
1.024438 0.983812 1.631464 159.9212 -230.9986 192.4444
0.8662344 1.449388 1.93786 156.1578 -218.3269 171.8031
0.7763906 1.411302 1.89123 132.1044 -212.4643 168.2383
0.7114492 1.187425 1.905634 133.0052 -209.5941 166.5207
0.8191153 1.164476 1.885614 135.7685 -193.0521 154.91
0.7107168 1.272874 1.936151 131.4479 -176.3421 147.2077
0.6496816 1.336351 1.93664 126.9517 -160.7162 138.0856
0.5439687 1.434984 1.953974 115.5929 -153.8307 138.2077
0.5071035 1.43181 1.837274 99.66165 -146.2963 136.1696
0.4814687 1.417894 1.767694 86.73035 -136.8765 131.0474
0.4485097 1.398607 1.727167 73.34104 -127.5406 123.7955
0.4094472 1.402025 1.700312 64.35631 -122.2658 118.9864
0.3537832 1.410814 1.684931 58.11203 -114.9147 110.3375
0.259789 1.439134 1.674677 52.29524 -109.678 99.76498
0.1997305 1.439134 1.675409 45.67692 -105.9528 89.69627
0.1323477 1.336595 1.664911 41.57005 -107.6322 84.42147
0.1206289 1.284105 1.685175 38.2418 -106.1742 77.03979
0.1306387 1.232835 1.731806 37.22654 -99.04443 67.01688
0.1101309 1.21306 1.781366 42.64638 -91.89939 56.77261
0.1074453 1.212572 1.826532 52.1044 -89.16656 48.39093
0.1150137 1.238451 1.839716 58.49371 -87.89939 43.34513
0.1328359 1.243089 1.821649 63.23417 -81.30397 34.14666
0.1172109 1.27556 1.826288 66.70745 -72.25817 23.20773
0.08132227 1.304613 1.847284 67.25707 -63.76962 14.74971
0.04372461 1.31389 1.857782 66.95173 -59.41084 9.902381
0.03395899 1.329271 1.84704 66.86012 -55.48717 5.352764
0.03078516 1.347337 1.829462 65.14256 -49.2429 -0.2426565
0.9668203 -0.993483 0.3502139 -27.42995 -247.1742 208.1696
1.228783 -0.8325943 0.5867862 -28.38415 -254.2429 251.6963
1.375268 -0.8069595 0.6434268 -29.90324 -254.2429 251.6963
1.322533 -0.7683853 0.7425479 -30.37652 -254.2429 251.6963
1.450463 -0.7627701 0.7476748 -33.11698 -254.2429 251.6963
1.633568 -0.5972427 0.9005069 -34.21621 -254.2429 251.6963
1.504662 -0.4651626 1.166864 -34.98721 -254.2429 251.6963
1.536156 -0.6109146 1.300653 -3.200947 -254.2429 251.6963
1.622094 -0.5125259 1.35998 22.98226 -254.2429 251.6963
1.674096 -0.4312271 1.468378 34.42501 -254.2429 251.6963
1.544701 -0.2324966 1.470819 34.78379 -254.2429 251.6963
1.568627 -0.2549575 1.508173 46.65401 -254.2429 251.6963
1.462914 -0.1507095 1.515497 60.92119 -254.2429 251.6963
1.452416 -0.03791651 1.55163 72.93646 -254.2429 251.6963
1.403832 0.1381089 1.461054 83.82959 -254.2429 251.6963
1.355736 0.2401597 1.393183 96.1273 -254.2429 251.6963
1.287377 0.3617417 1.368769 107.57 -254.2429 251.6963
1.16726 0.4840561 1.317011 116.7075 -254.2429 251.6963
1.114037 0.5170151 1.289667 131.3792 -254.2429 251.6963
0.9897696 0.5719467 1.280634 140.5548 -253.0979 251.6963
0.9719473 0.5726791 1.331903 159.1655 -250.6628 251.6963
0.9238516 0.6737534 1.296747 161.28 -247.3956 251.6963
0.9973379 0.7313705 1.306269 162.6464 -242.365 251.6963
