0.4027862 0.5732759 1.023836 8.67519 26.85569 44.88279
0.46846 0.5412934 1.013826 11.91947 27.36714 45.17287
0.4318389 0.5705903 0.9972246 12.75916 25.09997 45.37135
0.4193877 0.5337251 1.025057 15.76679 24.47401 46.75302
0.4018096 0.571811 1.011873 20.26298 23.17631 45.95913
0.390335 0.5564301 0.9977129 22.49962 20.39005 46.09653
0.3673857 0.5698579 0.9798906 28.77443 19.27554 45.37897
0.3720244 0.603061 0.9459551 33.53778 15.46638 44.53928
0.3515166 0.6191743 0.928377 37.76679 11.16867 43.76829
0.3717803 0.5788911 0.9396074 48.8126 7.733557 42.31791
0.3883818 0.5867036 0.937166 55.48435 4.619053 41.30264
0.4218291 0.5801118 0.9359453 63.51488 2.390046 40.71486
0.4281768 0.5686372 0.909334 67.39275 0.03126717 40.85989
0.423294 0.5661958 0.9029863 66.82023 -2.296977 42.19577
0.4269561 0.5774262 0.8944414 66.80496 -2.953466 42.76829
0.4235381 0.5644868 0.8756426 63.78206 -4.09087 44.42478
0.4152373 0.5784028 0.874666 61.72099 -5.846596 45.0431
0.4301299 0.5732759 0.8861406 58.74389 -6.800794 46.47058
0.4210967 0.5788911 0.9039629 56.85077 -6.922931 47.12707
0.4149932 0.6011079 0.9120195 56.11794 -7.274076 46.46294
0.4293975 0.6367524 0.8966387 56.34695 -6.358046 45.91333
0.447708 0.682895 0.9095781 55.72099 -6.434381 44.76829
0.4564971 0.7224458 0.9012774 53.65229 -7.014534 43.95913
0.4713897 0.72977 0.9320391 49.44618 -5.220641 43.0202
0.496292 0.755893 0.9540117 45.24007 -3.205374 42.45531
0.4901885 0.7634614 0.9654863 38.75916 -1.655756 42.0202
0.4906768 0.7722505 0.9759844 30.91183 0.05416799 41.58508
0.5041045 0.7776216 1.007234 22.34695 2.061801 41.21867
0.5055694 0.7673676 1.01407 14.27061 2.191573 41.36371
0.4987334 0.7434419 1.026277 10.52252 4.794626 39.82936
0.4975127 0.7239106 1.033113 8.339314 6.50455 38.73775
0.496292 0.7136567 1.018709 7.728626 6.878596 36.89043
0.4865264 0.6855805 1.017977 9.408016 7.260274 35.37897
0.480667 0.6633637 1.016023 11.82786 7.435848 33.50111
0.487503 0.6484712 0.9872149 13.61412 7.649588 31.76066
0.4865264 0.6174653 0.9855059 15.27061 7.557985 30.34081
0.4872588 0.6037934 0.9598711 15.32405 7.290809 30.02783
0.4882354 0.5786469 0.9376543 15.67519 6.657221 29.56218
0.5094756 0.5864594 0.9505938 7.217175 3.550351 31.05073
0.4784698 0.5073579 1.005525 9.514885 6.855694 31.96676
0.4652862 0.5571626 0.9657305 12.48435 8.977833 28.94386
0.4438018 0.5471528 0.912752 11.85076 4.229741 30.26447
0.4508819 0.5254243 0.9361895 11.9729 4.168672 29.9515
0.4398955 0.5669282 0.9259356 18.09504 5.031267 26.57745
0.4420928 0.5400727 0.907625 18.75916 2.985466 26.56982
0.4303741 0.5400727 0.9237383 16.55305 1.63432 26.56982
0.4186553 0.5654634 0.8966387 23.73626 1.496916 23.27974
0.4242705 0.540561 0.8707598 23.95 1.023633 22.79119
0.4223174 0.5791352 0.8478106 24.85076 -1.716824 20.66142
0.4125518 0.5835298 0.815584 29.78206 -3.045069 18.24157
0.4252471 0.5962251 0.8043535 28.59886 -6.274076 17.03547
0.4328155 0.592563 0.7853105 29.43092 -8.571787 15.84463
0.4398955 0.5889009 0.7689531 29.55305 -10.75499 14.14997
0.4547881 0.5950044 0.7728593 29.0187 -13.57179 13.1118
0.4508819 0.5918305 0.7464921 29.82786 -15.79316 12.16524
0.478958 0.5910981 0.7240312 27.10267 -18.99163 12.84463
0.5053252 0.5747407 0.7560136 25.24008 -20.35805 13.73012
0.5177764 0.5549653 0.7867754 28.22481 -19.83133 13.38661
0.5402373 0.5464204 0.8248613 24.91183 -18.38858 14.30264
0.5619658 0.5354341 0.8290117 16.47672 -17.28934 17.0202
0.548294 0.5151704 0.8910234 7.583588 -15.45728 19.28737
0.5197295 0.5329926 0.9564531 -1.660687 -12.68629 21.51638
0.5001983 0.5224946 0.9925859 -8.256107 -9.365679 23.33318
0.4765166 0.5246919 1.016268 -12.60725 -6.724458 24.61562
0.4623565 0.5163911 1.047762 -13.17977 -3.945832 24.92096
0.466751 0.5159028 1.090486 -11.31718 -0.7549924 24.58508
0.4738311 0.5080903 1.088777 -7.813359 1.756458 23.83699
0.4845733 0.4910005 1.077303 -3.523283 4.428214 23.14234
0.5019073 0.478061 1.060213 1.163741 6.245008 22.63089
0.5121612 0.4599946 1.037996 4.774427 7.771725 22.53165
0.5236358 0.4499848 1.014803 6.476717 9.245008 23.43241
0.5143584 0.4267915 0.9967363 10.43855 10.32898 23.59272
0.5207061 0.4270356 0.9662188 12.69046 11.22974 24.31791
0.5131377 0.4297212 0.9374102 15.24008 10.78699 25.26447
0.2262725 -0.07369678 0.3873613 -3.34771 -6.571786 14.02783
0.2492217 -0.02340381 0.6180742 8.934732 11.81753 22.76829
0.2060088 0.1279634 0.5738847 2.988168 14.80226 21.62325
0.2575225 0.149936 0.468416 -16.0729 20.36714 12.2034
0.2199248 0.2256196 0.4808671 -12.85153 20.29844 6.859893
0.19429 0.1743501 0.480623 1.621755 19.86333 0.5927181
0.1740264 0.188022 0.4681718 0.6828241 19.09233 -2.132473
0.1486357 0.1697114 0.4547441 -1.897328 19.11524 -4.788961
0.1693877 0.1389497 0.4264238 -0.5843511 18.1076 -9.201176
0.2018584 0.1330903 0.4230058 -0.424046 17.55035 -12.78133
0.2204131 0.05935986 0.4244707 1.079771 16.35951 -14.94927
0.2096709 0.009799316 0.4654863 5.965267 15.91676 -17.26988
0.1962432 -0.05587451 0.4977129 10.28588 15.19157 -16.8882
0.1596221 -0.08907764 0.530916 11.28588 15.90913 -15.49125
0.1505889 -0.1039702 0.5328691 9.950001 16.13814 -12.48362
0.1344756 -0.1110503 0.5094316 7.491985 16.33661 -9.269878
0.1232451 -0.1183745 0.499666 3.43855 15.39768 -5.170641
0.1215361 -0.1283843 0.4957597 -0.3095422 14.30608 -1.201176
0.1203154 -0.1391265 0.5157793 -2.904962 13.76409 2.714855
0.1300811 -0.1354644 0.5348222 -6.080534 13.96256 7.432412
0.1269072 -0.1217925 0.5318925 -10.65305 15.16104 12.066
0.1125029 -0.08468311 0.4967363 -15.34008 15.9702 16.27211
0.09175098 -0.06759326 0.4596269 -20.21031 15.48928 21.1805
0.08320606 -0.05807178 0.4398515 -23.1416 14.32898 24.89043
0.07148731 -0.04049365 0.4169023 -25.11107 13.16104 28.66905
0.06416309 -0.03219287 0.4068925 -25.51565 12.1534 31.60798
0.058792 -0.0002104491 0.3954179 -26.23321 10.75646 34.57745
0.07368457 0.02981885 0.3690507 -28.55382 9.588518 36.76829
0.09223927 0.05276806 0.343416 -30.48512 7.748825 38.58508
0.1120147 0.08670361 0.3163164 -33.53855 6.138137 39.9973
0.1217803 0.08084423 0.313875 -35.45458 4.031267 39.68432
0.1391143 0.116977 0.3058183 -41.0271 3.367145 41.63089
0.1505889 0.1291841 0.2892168 -49.65305 1.870962 42.40188
0.1549834 0.1636079 0.2770097 -56.61489 0.6724885 42.85226
0.154251 0.1653169 0.2823808 -63.82863 -1.014534 43.1576
0.1444854 0.1850923 0.2782304 -68.15687 -3.159573 41.9744
0.1413115 0.1916841 0.2804277 -74.54618 -5.503084 41.69958
0.1251982 0.195102 0.2975175 -79.03473 -8.312244 40.80646
0.08930958 0.2117036 0.3321855 -84.98129 -10.87713 39.90569
0.1125029 0.1836274 0.3917558 -92.17977 -9.915298 39.91333
0.03559864 0.1970552 0.4247148 -95.20267 -16.1214 39.34081
0.03559864 0.1494478 0.5091875 -81.83626 -18.43438 35.26447
-0.1589814 0.07034619 0.6878984 -46.21031 -24.56415 26.87516
-0.2556611 -0.1845366 0.7640703 17.21718 -25.36568 21.54692
-0.2100068 0.04739697 0.6564043 92.58359 -32.06034 4.356077
-0.008590817 0.03982861 0.7330644 114.3088 -39.02217 6.653787
0.1034697 0.3127778 0.7608964 119.9042 -32.24354 2.760656
0.1315459 0.335727 0.7867754 116.0187 -27.20537 -0.3385811
0.1295928 0.321811 0.6915605 107.866 -18.83896 -3.376747
0.1305693 0.2883637 0.5797441 99.16374 -18.60995 -5.414915
0.1388701 0.181186 0.4916093 89.35458 -21.64812 -6.147741
0.185501 0.13602 0.5140703 83.07977 -22.76263 -6.491251
0.2121123 0.09305126 0.5172441 79.34695 -24.71683 -6.659191
0.2331084 0.06326611 0.5182207 74.06451 -23.48782 -6.750793
0.07661426 0.201938 0.4781816 61.95763 -20.9611 -5.361481
0.1127471 -0.03048389 0.4003007 60.96527 -28.06797 -6.300413
0.1151885 0.07449658 0.3822343 59.94236 -28.0298 -8.506519
0.1337432 -0.0263335 0.3627031 61.46145 -34.03743 -9.827129
0.227249 -0.03439014 0.3546464 64.19427 -34.62522 -12.17064
0.265335 -0.09005421 0.3829668 61.88893 -35.19774 -11.85766
0.2384795 -0.06979053 0.3424394 54.20954 -33.69392 -9.582855
0.2365264 -0.1054351 0.3370683 44.91183 -37.22827 -5.575222
0.1723174 -0.03292529 0.2804277 15.0874 -34.80079 -1.277512
0.1388701 -0.1132476 0.27408 -9.057633 -41.20537 5.043098
0.1427764 -0.1862456 0.3414629 -23.84389 -44.58705 10.23394
0.1706084 -0.1772124 0.4003007 -34.69122 -43.9611 14.64615
0.1857451 -0.1039702 0.4630449 -41.83626 -43.19774 15.9286
0.1852568 -0.06515186 0.4728105 -50.9813 -40.85423 17.9286
0.1864775 -0.04464404 0.4786699 -57.28664 -39.64812 19.28737
0.1747588 -0.03316943 0.4781816 -58.94313 -39.42675 19.35608
0.1581572 -0.02462451 0.4820879 -56.08054 -39.0298 18.16524
0.138626 -0.01900928 0.4977129 -48.59199 -38.54125 15.71486
0.1046904 -0.03048389 0.4957597 -39.72939 -38.49545 13.0889
0.06977832 -0.04098193 0.5008867 -31.23321 -39.37331 11.25684
0.06025684 -0.03390186 0.4964921 -26.75229 -39.30461 10.43241
0.05659473 -0.008022949 0.4982011 -24.56145 -38.73209 10.1576
