0.5585479 -0.7384917 0.3492754 -51.54618 -66.38858 -31.49125
0.5402373 -0.7333648 0.3168046 -51.9584 -67.67103 -29.96453
0.5299834 -0.726773 0.2994707 -52.50802 -69.25117 -28.23171
0.5338897 -0.7209136 0.2962968 -53.68359 -71.77026 -26.59049
0.5331573 -0.712857 0.3021562 -54.42405 -73.86186 -24.82713
0.5397491 -0.706021 0.3141191 -54.63015 -76.19011 -22.97217
0.5597686 -0.6996734 0.3395097 -54.37061 -78.0298 -21.72026
0.577835 -0.6933257 0.3675859 -53.63015 -79.72446 -20.39965
0.5963897 -0.6745269 0.39908 -52.73703 -80.95347 -19.10957
0.621292 -0.6662261 0.4335039 -51.32481 -81.37331 -18.17827
0.642044 -0.6401031 0.4696367 -50.63015 -81.52599 -17.14774
0.6569366 -0.6029937 0.5235918 -50.75229 -81.11378 -15.8424
0.6642608 -0.5675933 0.5538652 -51.69886 -79.81606 -14.49125
0.6830596 -0.4970366 0.5824296 -47.81336 -79.37331 -14.34621
0.6679229 -0.5329253 0.6105058 -55.13397 -74.86186 -16.18591
0.6452178 -0.4826324 0.6378496 -59.66069 -73.22828 -12.52179
0.6654815 -0.4711577 0.6617754 -55.19504 -70.26644 -14.8653
0.7123565 -1.520718 -0.5076582 31.66756 -15.0527 -127.7203
0.6620635 -0.7924468 -0.1311934 35.86603 -134.61 -38.14774
0.6417998 -0.8432281 -0.1455977 37.05687 -138.442 -34.63629
0.6237334 -0.8825347 -0.1517012 39.79733 -142.5107 -30.92637
0.6103057 -0.9103667 -0.161711 43.42328 -147.6176 -26.70499
0.6037139 -0.9252593 -0.1573164 47.80496 -152.3886 -22.40728
0.6037139 -0.9237945 -0.1558516 51.42328 -156.8695 -17.33858
0.5834502 -0.914273 -0.1563399 54.53778 -161.4725 -11.65919
0.5714873 -0.8837554 -0.1726973 57.78206 -166.526 -6.720259
0.5753936 -0.8312652 -0.186125 60.47672 -172.3275 -2.025602
0.5780791 -0.7880523 -0.1858809 61.9271 -178.2664 2.57745
0.5824737 -0.7380034 -0.1907637 63.55305 -183.068 6.607985
0.5797881 -0.7177398 -0.1761153 65.59122 -188.4573 10.35608
0.5785674 -0.6794097 -0.1709883 68.73626 -193.3733 13.35608
0.5719756 -0.6737945 -0.1741621 72.77443 -199.7779 16.05837
0.574417 -0.6632964 -0.1624434 75.07214 -205.1519 19.18814
0.6002959 -0.6606109 -0.1551192 78.26298 -210.6329 22.17287
0.6168975 -0.6557281 -0.1497481 80.38512 -215.984 25.1576
0.6459502 -0.6491363 -0.1407149 82.39275 -221.5794 27.94386
0.6735381 -0.6403472 -0.09750199 82.72099 -226.4802 31.82936
0.6981963 -0.633023 -0.07845902 80.94237 -232.1138 35.72249
0.7421416 -0.6525542 -0.0440352 78.62176 -235.4573 38.91333
0.7487334 -0.6545074 -0.01107621 77.32405 -239.3962 42.89806
0.763626 -0.6523101 0.03042769 77.46909 -241.984 46.54692
0.7565459 -0.6471831 0.04385543 81.40038 -245.1214 48.79882
0.7274932 -0.6371734 0.05874801 85.23244 -247.7321 49.98966
0.7006377 -0.6269195 0.04458785 86.80496 -251.5489 52.55455
0.7995147 -0.6933257 -0.01595902 93.33932 -252.3275 52.05074
0.7917022 -0.6789214 0.04336715 90.33168 -252.3275 53.62325
0.822708 -0.6293609 0.1112382 86.7439 -252.3275 57.14997
0.8461455 -0.6515777 0.09829879 82.65229 -252.3275 60.57745
0.8881377 -0.6386382 0.126375 76.61413 -252.3275 64.20341
0.9035186 -0.6593902 0.1661699 72.43855 -252.3275 65.45531
0.9101104 -0.662564 0.2091386 67.53015 -252.3275 67.53928
0.9259795 -0.6784331 0.2562578 62.67519 -252.3275 69.31027
0.9589385 -0.6830718 0.3063066 59.0645 -252.3275 71.00493
0.9579619 -0.7033355 0.3688066 53.96527 -252.3275 73.21104
1.122757 -0.6906402 0.3898027 56.86603 -252.3275 76.37135
0.9879912 -0.6940581 0.4940507 55.42328 -252.3275 68.78355
0.9203643 -0.7663238 0.5460527 71.9729 -252.3275 65.25684
0.9677276 -0.7152984 0.5599687 66.62176 -252.3275 68.67669
1.001663 -0.7848784 0.6261308 80.7897 -252.3275 65.46294
0.9750518 -0.7519195 0.6827714 73.06451 -252.3275 69.98966
0.9289092 -0.8239409 0.7274492 72.75916 -252.3275 69.53165
0.8830108 -0.8756988 0.793123 74.88893 -252.3275 71.11944
0.8839873 -0.8947417 0.8141191 79.03397 -252.3275 71.09653
0.8991241 -0.9435699 0.8202227 86.19427 -252.3275 72.27211
0.8815459 -0.9709136 0.8395098 92.45382 -251.0909 74.85989
0.9137725 -0.9372222 0.8395098 93.17138 -245.3962 76.35608
0.8314971 -1.045376 0.9210527 97.53779 -243.8084 80.45531
0.7685088 -1.071499 1.003084 100.492 -234.3351 84.44768
0.735794 -1.098355 1.002596 106.95 -228.9687 87.57745
0.7313994 -1.097134 1.012605 108.0187 -222.4191 92.28737
0.702835 -1.118374 1.049715 108.7439 -215.6176 97.43241
0.6835479 -1.122769 1.034578 108.8126 -209.6558 102.3942
0.6686553 -1.153042 1.041658 108.0263 -204.5565 107.7454
0.6935576 -1.165738 1.047029 107.7897 -199.7932 113.6003
0.6444854 -1.168912 1.068758 106.7973 -193.526 118.379
0.6320342 -1.214078 1.078279 110.2782 -187.3962 123.1958
0.6269073 -1.215298 1.089266 114.2172 -183.3428 128.2339
0.5998076 -1.22482 1.113191 115.7515 -176.3199 132.6004
0.5805205 -1.264126 1.119295 121.2095 -169.5641 136.6996
0.527542 -1.297818 1.109529 130.9424 -164.1748 140.8523
0.5116729 -1.323941 1.090486 144.4538 -157.4573 143.0278
0.5001983 -1.325162 1.040437 155.0187 -154.0603 146.7607
0.5277862 -1.303921 1.027498 162.4843 -149.2894 151.5087
0.4726104 -1.299527 1.000398 165.7133 -143.8008 155.753
0.463333 -1.282925 0.9640215 172.0034 -139.8008 161.3255
0.4616241 -1.229703 0.912752 169.3393 -136.7168 169.0889
0.4655303 -1.170132 0.9000566 165.7973 -132.5336 175.4019
0.451126 -1.146206 0.897127 164.034 -130.1519 181.0736
0.454544 -1.088101 0.8778399 166.2019 -128.0756 186.0049
0.452835 -1.014615 0.8866289 168.4156 -126.0832 189.9744
0.4591826 -0.9362456 0.9147051 168.9271 -122.984 193.8217
0.454544 -0.8764312 0.921541 167.7897 -119.4955 196.2034
0.4525908 -0.7873199 0.9332598 164.4156 -116.7168 198.8294
0.4272002 -0.7360503 0.9557207 162.8355 -113.4573 200.524
0.4286651 -0.6525542 0.9750078 163.4767 -110.0909 200.7377
0.3778838 -0.6484038 0.9886797 167.1637 -107.213 197.6691
0.3629912 -0.6144683 0.9960039 173.5683 -105.6939 195.7454
0.3444365 -0.5988433 0.9901445 177.3393 -100.839 193.753
0.3280791 -0.5453765 0.9818438 179.4156 -96.41911 191.7836
0.3012236 -0.5050933 0.968416 179.2172 -93.0527 189.4477
0.2616729 -0.459439 0.924959 180.5683 -90.34278 186.4171
0.2362822 -0.443814 0.9186113 182.1714 -88.71683 182.4248
0.2235869 -0.431607 0.8976152 183.721 -87.81606 179.0355
0.2086943 -0.4096343 0.8900469 184.7973 -86.48019 175.0736
0.1903838 -0.4059722 0.8858965 187.0187 -85.56416 171.1958
0.180374 -0.3910796 0.8929766 189.6599 -84.87713 167.692
0.1657256 -0.3871734 0.9086016 192.6447 -84.02217 163.1423
0.1413115 -0.3705718 0.9166582 197.3546 -83.71683 158.608
0.1203154 -0.362271 0.9342363 203.2324 -83.09087 153.1958
0.340042 -0.3359038 0.5770586 -88.13396 -66.54889 24.9744
0.3459014 -0.353482 0.6097734 -88.35534 -67.06034 28.09653
0.3625029 -0.3415191 0.6146562 -89.85152 -64.82369 30.88279
0.3207549 -0.3717925 0.6102617 -88.24847 -67.12141 34.10417
0.3744658 -0.2607085 0.6432207 -98.9584 -65.41148 38.23394
0.334915 -0.3608062 0.7086504 -99.71412 -59.04507 37.00493
0.2812041 -0.4779937 0.6949785 -75.2561 -63.60232 35.64615
0.3402861 -0.4696929 0.7325761 -56.99657 -62.41148 38.28738
0.3534697 -0.3588531 0.7672441 -39.01947 -59.88476 36.34844
0.3351592 -0.3747222 0.7784746 -26.32481 -58.32751 35.21867
0.326126 -0.3385894 0.7796953 -18.85153 -56.44201 36.9744
0.3168486 -0.2975738 0.7828691 -13.56145 -53.06797 38.9973
0.3148955 -0.2792632 0.767 -12.06527 -49.61759 41.51638
0.3078154 -0.2345855 0.7406328 -11.83626 -47.39621 44.63089
0.2868193 -0.1737944 0.7054765 -12.53855 -45.15194 45.53165
0.2694854 -0.1554839 0.6556718 -13.43168 -43.984 47.30264
0.2709502 -0.1232573 0.619539 -16.17977 -42.90003 50.30264
0.263626 -0.08517139 0.5953691 -17.30191 -42.68629 51.27974
0.2575225 -0.0732085 0.5641191 -19.75992 -42.8695 52.33318
0.2545928 -0.04195849 0.541414 -21.81336 -43.44201 53.32554
0.2482451 -0.02364795 0.5126054 -25.24084 -44.10614 54.53165
0.2638701 -0.03023975 0.4999101 -30.37061 -45.9382 56.45531
0.2628936 -0.0263335 0.5099199 -35.81336 -47.0069 58.42478
0.2731475 -0.0353667 0.5167558 -39.79809 -48.10614 60.03547
0.2768096 -0.03683154 0.5419023 -42.13397 -49.06797 61.51638
0.2838897 -0.0353667 0.5829179 -42.46222 -50.02217 62.29501
0.3258818 -0.02047412 0.6920488 -43.81336 -47.83133 65.33318
0.3200225 -0.003140137 0.7118242 -42.92023 -46.48782 65.9973
0.3239287 0.004428223 0.7147539 -40.63015 -44.8466 66.24157
0.3258818 0.02884229 0.7418535 -36.24084 -43.28934 65.07363
0.3063506 0.06497509 0.7628496 -31.59962 -41.25117 63.60035
0.2738799 0.08768017 0.7833574 -29.17214 -39.44201 62.08127
0.3283232 0.08377392 0.8487871 -24.95076 -32.87713 59.93623
0.3107451 0.1299165 0.7904375 -25.30191 -28.42675 60.05836
0.2873076 0.1413911 0.7211015 -21.90496 -28.9611 58.60799
0.2882842 0.214145 0.6954668 -24.76756 -26.65576 58.0889
0.2589873 0.2549165 0.6566484 -26.01183 -26.21301 54.98966
0.2421416 0.2825044 0.6361406 -28.37824 -24.80079 52.96676
0.2309111 0.2829926 0.6224687 -30.36298 -23.75499 49.78356
0.2201689 0.2849458 0.5970781 -32.05763 -24.35805 46.96676
0.2072295 0.287143 0.5924394 -35.24847 -24.69392 44.83699
