0.9648672 0.3719956 1.343866 45.36394 -254.2429 158.8642
0.9880606 0.3522202 1.387323 45.11966 -254.2429 156.0779
0.9892813 0.3702866 1.426142 40.76852 -254.2429 151.5131
0.9616934 0.391771 1.497675 37.07386 -254.2429 150.2688
0.9026114 0.4357163 1.585321 28.1044 -254.2429 147.0856
0.8786856 0.4159409 1.624872 21.81432 -254.2429 144.6047
0.8569571 0.4064194 1.670282 14.98226 -254.2429 141.6276
0.8125235 0.3783432 1.72912 8.760885 -254.2429 139.2077
0.8659903 0.3790757 1.779169 9.715084 -254.2429 137.3909
0.745873 0.4283921 1.838495 7.157832 -248.304 134.9787
0.6506582 0.3475815 1.885614 20.16547 -238.7773 125.826
0.7182851 0.3121811 1.796503 30.82959 -223.4566 119.8718
0.4328847 0.7343002 2.254511 10.53951 -213.4261 117.3222
0.5515371 0.4244858 2.123652 17.1731 -212.2505 114.9024
0.5017324 0.4860093 2.10998 22.49371 -197.2811 107.0322
0.4336172 0.5148178 2.105341 22.16547 -185.2276 101.4749
0.3940664 0.5475327 2.102655 22.67692 -174.0902 96.49017
0.3435293 0.5382553 2.105829 20.71508 -162.1589 92.74971
0.2888418 0.5301987 2.075312 21.97463 -151.6704 86.96346
0.2160879 0.5406967 2.052607 21.31814 -139.4261 82.14666
0.1584707 0.5350815 1.991815 18.32577 -127.4261 77.98635
0.1528555 0.4745347 1.914179 15.40974 -116.0215 73.97872
0.09841211 0.4547593 1.855097 9.00516 -105.3956 73.87949
0.04982813 0.4293686 1.815058 4.783786 -99.47955 72.32986
0.2602773 -0.6548599 -0.06165135 11.21127 95.9632 39.13139
0.3904043 -0.7176041 -0.06165135 -29.17805 -41.22763 76.23063
0.422875 -0.726149 -0.06165135 -37.13988 -59.63221 81.73444
0.4543691 -0.7188248 -0.06165135 -43.68186 -76.28107 86.05505
0.4880605 -0.7063736 -0.06165135 -49.34599 -92.54825 90.39093
0.5263906 -0.7002701 -0.06165135 -55.52156 -107.8536 93.78788
0.5483633 -0.6988052 -0.06165135 -62.32308 -122.3192 96.32986
0.5864492 -0.7112564 -0.06165135 -70.7811 -137.2353 103.1085
0.6159902 -0.7403091 -0.06165135 -78.62843 -150.3879 107.3757
0.6516347 -0.783522 -0.06165135 -85.44522 -163.365 110.8108
0.681664 -0.8235611 -0.06165135 -90.71239 -176.0368 115.7115
0.71975 -0.8438248 -0.06165135 -96.01774 -187.9528 121.765
0.7158437 -0.8958267 -0.06165135 -97.30019 -199.8078 123.1314
0.7422109 -0.8970474 -0.06165135 -97.25438 -211.8002 127.826
0.7461172 -0.9204849 -0.06165135 -95.28491 -223.1284 131.0169
0.7512441 -0.9319595 -0.06165135 -93.16278 -233.1589 132.536
0.7270742 -0.9851822 -0.06165135 -88.14751 -247.0826 137.0245
0.7373281 -1.02693 -0.06165135 -81.97957 -254.2429 137.2841
0.7624746 -1.052077 -0.06165135 -76.39942 -254.2429 141.2001
0.7636953 -1.097731 -0.06165135 -70.81163 -254.2429 143.8337
0.78225 -1.114821 -0.06165135 -65.8269 -254.2429 147.0703
0.8091055 -1.142653 -0.06165135 -62.24675 -254.2429 153.307
0.8401114 -1.084792 -0.06165135 -61.7811 -254.2429 157.1161
0.9016348 -1.365553 -0.06165135 -51.43759 -254.2429 163.1696
0.9587637 -1.173415 -0.06165135 -44.26965 -254.2429 169.5207
0.8796621 -1.160963 -0.06165135 -36.00247 -254.2429 173.7879
1.010766 -1.200514 -0.06165135 -29.06354 -254.2429 177.0703
1.093773 -1.233717 -0.06165135 -18.22385 -254.2429 178.6123
1.151147 -1.137526 -0.06165135 -7.781099 -254.2429 188.6886
1.210717 -1.129958 -0.06165135 0.8982901 -254.2429 185.3375
1.242943 -1.062819 -0.06165135 9.089129 -254.2429 194.7497
1.262475 -1.028151 -0.06165135 15.3105 -254.2429 198.7497
1.317162 -0.9341568 -0.06165135 17.99753 -254.2429 200.2001
1.284447 -0.9033951 -0.06165135 23.18073 -254.2429 211.6505
1.423119 -0.8142838 -0.06165135 22.31814 -254.2429 208.6963
1.522973 -0.8850845 -0.06165135 28.27234 -254.2429 217.0551
1.627709 -0.8467545 -0.06165135 32.63111 -254.2429 221.2612
1.689721 -0.828688 -0.06165135 37.62348 -254.2429 225.2153
1.748559 -0.8057388 -0.06165135 41.98226 -254.2429 228.5894
1.79641 -0.8281998 -0.06165135 52.60058 -254.2429 230.2077
1.868432 -0.7927994 -0.06165135 63.59295 -254.2429 232.0016
1.958031 -0.741774 -0.06165135 71.60822 -254.2429 235.9024
2.007348 -0.651442 -0.0108701 64.27997 -254.2429 241.8031
1.929711 -0.6262955 0.2198428 76.45554 -254.2429 244.9253
2.064904 -0.5752701 0.03893459 72.75325 -254.2429 246.597
1.959984 -0.5083755 0.3904971 72.1502 -254.2429 251.4062
2.064904 -0.453688 0.3450869 69.2647 -254.2429 251.6963
2.057152 -0.3958267 0.3846377 66.06623 -254.2429 251.6963
2.064904 -0.3982681 0.3792666 63.58532 -254.2429 251.6963
2.00808 -0.3386978 0.5040225 68.08913 -254.2429 251.6963
2.004662 -0.2598403 0.5545596 65.196 -254.2429 251.6963
2.038353 -0.1929458 0.6324405 66.52425 -254.2429 251.6963
2.035424 -0.09406885 0.7471866 66.27997 -254.2429 251.6963
1.930932 -0.01399073 0.8350772 63.43264 -254.2429 251.6963
1.944359 0.06511083 0.9532413 61.86776 -254.2429 251.6963
1.984154 0.1774155 1.076288 65.3792 -254.2429 251.6963
2.033959 0.186937 1.176874 59.35631 -254.2429 251.6963
2.018578 0.249437 1.375849 59.38684 -254.2429 251.6963
1.958764 0.3121811 1.519159 66.1502 -254.2429 251.6963
1.894311 0.4384018 1.662958 67.45554 -254.2429 251.6963
1.650902 0.3055893 1.889765 65.05859 -254.2429 251.6963
1.915307 0.5653549 2.011347 77.77615 -254.2429 242.2688
1.811059 0.6105209 2.202509 84.44028 -254.2429 234.3909
1.559105 0.173021 2.20495 133.0662 -254.2429 203.1467
1.610619 0.9655014 2.454462 199.425 -254.2429 187.0398
1.537133 0.8236557 2.283319 148.1349 -254.2429 200.7421
1.078393 1.370042 2.71789 93.30287 -254.2429 174.6199
1.113793 1.115648 2.557978 53.96699 -254.2429 175.8031
1.010033 0.8732162 2.501093 50.86776 -254.2429 175.2077
0.9255606 0.952562 2.716181 53.79905 -254.2429 167.4444
0.8735586 0.9476791 2.58996 44.92119 -254.2429 161.9329
0.7651601 0.9608627 2.562372 37.62348 -254.2429 152.5054
0.7546621 0.947435 2.59289 28.25707 -245.0902 145.8795
0.7021719 0.9098373 2.685663 27.79906 -227.3345 135.5283
0.6731191 0.8229233 2.559443 33.37157 -206.9605 125.8871
0.587914 0.9276596 2.710566 25.67692 -189.3803 107.1238
0.5168691 1.003587 2.856562 9.1731 -166.5253 100.4749
0.4848867 1.026537 2.781122 -12.9185 -135.1895 92.16193
0.5488515 0.9093491 2.838984 -17.91087 -110.6475 81.68864
0.2153555 0.9103256 2.89123 -34.08644 -110.0444 75.15429
0.2043691 0.9755112 2.97497 -55.76583 -107.6246 71.63521
0.2439199 0.9935776 3.132685 -66.04064 -96.00626 69.25352
0.2448965 0.7081772 3.098261 -21.72003 -104.1895 61.59704
0.1958242 0.7123276 3.018671 28.94409 -98.78489 44.32223
0.1526113 0.7589584 3.000116 53.08913 -93.86886 44.87948
0.122582 0.9344955 2.859735 61.0815 -87.66275 35.223
0.1548086 0.9532944 2.852167 57.02043 -75.12077 28.3375
0.1369863 1.006273 2.862421 46.40211 -58.96046 22.41383
-0.5392832 0.1547104 1.782343 -25.41469 -12.32687 50.51307
-0.5568614 0.6083237 1.840204 -2.071176 5.978473 29.71918
-0.5573496 0.638353 1.822382 0.3105038 7.879236 24.26116
-0.5685801 0.6378647 1.792841 0.417374 10.94794 17.83368
-0.5983653 0.6185776 1.765497 -0.4757558 13.04718 13.03979
-0.6281504 0.5712143 1.729608 -1.61316 13.59679 9.986351
-0.6359629 0.5392319 1.699091 -3.368886 14.55863 7.505435
-0.6557383 0.4860093 1.647821 -2.933771 15.52046 3.902382
-0.6755137 0.4313218 1.614862 -1.880336 14.86397 1.230626
-0.6774668 0.3851792 1.601923 -1.124611 14.26855 -0.6701373
-0.6874766 0.3634507 1.607782 -0.4070534 14.81053 -3.76174
-0.693336 0.3336655 1.629511 0.3868398 14.60443 -4.16632
-0.7045664 0.3334214 1.664667 -1.903237 14.19221 -3.028916
-0.6716074 0.3295151 1.696405 -2.735298 15.47466 -3.288458
-0.6408457 0.3319565 1.744257 -2.735298 17.74183 -4.128152
-0.6432871 0.3614975 1.796503 -5.826901 21.57389 -2.639603
-0.6288828 0.343187 1.790888 -1.116977 24.06244 -6.158687
-0.6286387 0.3810288 1.830927 3.073863 26.47466 -7.418229
-0.6103281 0.4249741 1.83703 2.814321 31.17695 -8.906779
-0.6003184 0.4154526 1.814569 6.470809 35.52809 -12.73884
-0.6132578 0.4650132 1.797724 8.844855 38.90977 -14.58617
-0.6105723 0.4523179 1.744989 11.86012 42.95557 -18.22739
-0.6227793 0.4603745 1.696161 15.93646 47.32962 -23.09762
-0.6608653 0.4828354 1.65954 16.73799 50.88687 -26.78464
-0.6596446 0.4769761 1.632929 16.60058 50.92504 -29.15869
-0.6479258 0.4220444 1.547724 16.75325 50.00137 -29.67777
-0.5690684 0.3968979 1.46081 11.58531 59.74947 -37.86098
-0.6491465 0.4366929 1.528437 -10.18568 62.74183 -31.08999
-0.6781992 0.3497788 1.452265 -4.956672 64.8716 -34.02892
-0.7609629 0.3666245 1.458612 -6.246748 64.08534 -35.53273
-0.785377 0.310228 1.404413 -5.804 62.61206 -38.91441
-0.7988047 0.2504136 1.380487 -3.414687 63.03191 -41.49456
-0.8268808 0.2176987 1.348749 -0.193313 62.16168 -44.41059
-0.8461679 0.1722886 1.306757 1.341038 60.32199 -43.84571
-0.8459238 0.1222397 1.269159 4.463176 57.90977 -44.72357
-0.8432383 0.1007554 1.236933 5.318137 57.39832 -46.70831
-0.8527597 0.1102768 1.213495 0.1730993 52.52046 -43.17395
-0.8415293 -0.06110987 1.189569 -12.85744 43.07008 -30.76937
