0.6025625 -1.393874 0.01989162 -81.8269 -153.2505 111.2688
0.6926504 -1.304274 0.09069241 -89.19331 -163.9834 124.4978
0.7348867 -1.375075 0.1248721 -94.22385 -168.678 132.3375
0.8098379 -1.423659 0.185419 -95.64369 -178.762 139.8795
0.8752676 -1.43196 0.3043154 -99.74293 -183.0368 147.9482
0.9226309 -1.435866 0.4061221 -102.2162 -189.1284 163.0779
0.9282461 -1.427809 0.4549502 -101.0864 -192.075 163.2001
0.9883047 -1.316969 0.5069522 -101.1551 -193.7086 177.9787
1.016869 -1.422926 0.5115909 -97.72003 -201.3345 184.7726
1.014916 -1.47029 0.5623721 -94.11697 -198.2353 180.6963
1.013451 -1.441237 0.6241397 -94.38416 -201.7849 193.5589
0.9514395 -1.482985 0.6382998 -93.12461 -204.6246 207.3222
1.029809 -1.483717 0.6407413 -91.38416 -201.6322 203.6047
0.9270254 -1.523024 0.6463565 -91.10934 -210.1208 223.4902
0.9792715 -1.649489 0.6070498 -83.93377 -212.9681 225.8337
0.9978262 -1.66609 0.6463565 -84.33835 -212.5559 229.4444
0.987084 -1.704909 0.6754092 -79.70477 -216.1742 245.9405
0.9729239 -1.81404 0.6522159 -71.65133 -219.1895 251.6963
1.00515 -1.836256 0.6946963 -66.21621 -218.9528 251.6963
1.087426 -1.808669 0.694208 -58.16278 -216.0902 251.6963
1.021752 -1.836256 0.6866397 -52.32308 -221.2124 251.6963
1.09768 -1.836256 0.6141299 -41.59026 -223.3345 251.6963
1.093285 -1.836256 0.586542 -45.55972 -223.8841 251.6963
1.068383 -1.836256 0.5262393 -40.74293 -226.3574 251.6963
0.9919668 -1.836256 0.5213565 -36.90324 -232.0979 251.6963
1.180199 -1.836256 0.3675479 -24.13224 -229.2734 251.6963
1.118188 -1.766432 0.414667 -22.64369 -240.1971 251.6963
1.22683 -1.684889 0.4168643 -21.11698 -244.3498 251.6963
1.276879 -1.475417 0.4688663 -25.50629 -242.5101 251.6963
1.352318 -1.347731 0.511835 -29.64369 -249.365 251.6963
1.445092 -1.284254 0.5150088 -30.26965 -246.7315 251.6963
1.477074 -1.095045 0.5989932 -29.97194 -249.5024 251.6963
1.526635 -0.9131607 0.6763858 -28.37652 -254.2429 251.6963
1.650902 -0.8784927 0.6859073 -23.39942 -254.2429 251.6963
1.713891 -0.8448013 0.7501163 -13.25438 -254.2429 251.6963
1.779076 -0.7307877 0.8221377 -3.880336 -253.8994 251.6963
1.813012 -0.6543716 0.9908389 8.631115 -249.8231 251.6963
1.856225 -0.4864028 1.015741 25.40974 -252.5406 251.6963
1.835229 -0.1736587 1.176142 24.86776 -242.6017 251.6963
1.901635 -0.05818018 1.238153 27.00516 -241.8765 251.6963
1.792504 -0.06135401 1.307245 31.98226 -237.4566 251.6963
1.813012 -0.1145767 1.255243 57.99753 -243.7467 251.6963
1.820092 -0.08820948 1.225946 75.14256 -224.5712 251.6963
1.718529 0.2970444 1.418573 80.08913 -222.0063 251.6963
1.864281 0.7814194 1.467157 69.66165 -218.075 251.6963
1.804711 0.4674546 1.240106 48.38684 -219.3116 251.6963
1.611596 0.5155502 1.405634 68.95173 -213.0979 251.6963
1.454857 0.6910873 1.464228 77.23417 -212.8765 251.6963
1.391625 0.8151108 1.503534 83.99753 -206.5406 251.6963
1.388451 1.020433 1.538202 88.37157 -206.2582 251.6963
1.364281 1.0739 1.586542 94.80669 -190.8383 251.6963
1.263939 1.226488 1.601679 98.44028 -181.3727 251.6963
1.198998 1.308519 1.609003 100.509 -170.4337 251.6963
1.115258 1.400316 1.564814 100.8678 -162.3727 251.6963
1.001977 1.544603 1.537226 96.82195 -156.1818 251.6963
0.8821035 1.653001 1.501825 86.11967 -153.8154 251.6963
0.8215567 1.657152 1.501581 80.50134 -154.7543 251.6963
0.7856679 1.733324 1.509394 67.93646 -146.5177 248.8108
0.747582 1.694994 1.521601 55.99753 -143.0673 234.8184
0.7287832 1.695482 1.531122 44.22654 -138.2811 223.681
0.7207265 1.720628 1.558954 32.05859 -133.8536 213.1772
0.7119375 1.760179 1.605097 18.60058 -127.4795 201.681
0.6653066 1.775804 1.632929 5.08913 -119.0597 188.5665
0.5749746 1.74431 1.667597 -6.414687 -108.4108 170.8184
0.468041 1.686937 1.700556 -17.10171 -101.1284 159.6047
0.518334 1.535814 1.646845 -14.50629 -101.6093 173.7115
0.5620351 1.454271 1.601923 -17.14751 -68.19711 140.6657
0.4692617 1.352953 1.616327 -7.658962 -42.44901 117.6199
0.2766347 1.483324 1.829706 -31.37652 -37.40321 117.1848
0.3769765 1.382005 1.844355 -21.14751 -36.74672 113.7421
0.3462148 1.46599 1.903925 -33.68186 -9.685649 64.88712
0.1570059 1.323167 1.97497 -28.8956 -35.11313 99.30696
0.3105703 1.393724 2.044794 -35.24675 -18.70092 65.72681
0.2114492 1.252123 2.04748 -18.32308 -19.66275 58.3833
0.1924063 1.356859 2.105341 -22.59789 -12.83832 43.32986
0.08620508 1.387132 2.1112 -30.65896 -12.67038 25.87948
0.04738672 1.311937 2.048212 -30.23911 -34.60931 32.94818
0.2136465 1.105394 1.82287 -23.90324 -24.51008 13.74971
0.2639394 1.196458 1.688105 -23.13988 -8.319237 3.009252
0.1596914 1.234056 1.642939 -26.88033 -2.349771 -5.799908
0.1067129 1.215746 1.560907 -31.49866 0.5128241 -10.08998
0.05251367 1.202074 1.474481 -37.63606 5.612061 -14.01365
0.03200586 1.163744 1.390985 -46.53682 10.41359 -21.02892
-0.01096289 1.116624 1.308466 -50.91087 11.93267 -25.63197
-0.0170664 1.09099 1.231562 -56.29255 11.15405 -28.62434
-0.01901953 1.100755 1.171503 -62.36889 10.33725 -33.19685
-0.009742186 1.07097 1.109491 -67.04064 22.40595 -51.64724
-0.134498 1.018236 1.058466 -68.20858 20.41359 -55.14342
0.7043691 1.211839 1.683954 58.196 -29.03679 213.6734
0.4624258 1.176195 1.42956 27.49371 7.314351 159.9329
0.393334 1.20183 1.398065 23.73799 13.56626 150.8642
0.3178945 1.213792 1.36828 25.80669 9.092977 144.2917
0.2881094 1.257005 1.249384 15.98226 13.92504 134.5207
0.2639394 1.289232 1.156122 9.890656 21.98611 124.5054
0.1655508 1.329515 1.078974 -0.582626 18.55862 115.3909
0.08718164 1.296312 1.005731 -9.025374 19.26092 105.8413
0.02712305 1.257738 0.9000186 -15.68186 17.01664 95.53597
-0.03122656 1.303636 0.8697452 -29.00247 12.47466 91.2688
-0.02292578 1.222093 0.8096866 -40.15514 14.33725 82.55887
-0.04929296 1.194994 0.7877139 -48.54446 8.665496 77.90238
-0.04001562 1.150072 0.7789248 -57.40705 8.405954 71.14666
-0.04514257 1.122484 0.7950381 -62.95667 5.123511 66.10085
-0.0483164 1.098802 0.8074893 -67.76583 3.8029 59.58177
-0.03220312 0.9906479 0.8387393 -76.58263 0.5815263 39.16956
-0.04245703 0.9430405 0.8604678 -74.07881 -1.181832 32.5436
-0.03440039 0.9088608 0.8343448 -71.63606 -2.074962 25.87185
-0.03586523 0.8873764 0.8240909 -68.57499 -3.838321 19.46727
-0.02561133 0.8663803 0.8079776 -64.9643 -5.074962 13.39856
-0.0405039 0.8470932 0.7969913 -60.94904 -6.464275 7.222992
-0.06394141 0.8263412 0.7747745 -56.31545 -8.082596 1.452
-0.1030039 0.8253647 0.7506045 -51.45285 -10.1055 -4.128152
-0.1310801 0.8251205 0.7274112 -48.36889 -11.73908 -9.257924
-0.165748 0.8155991 0.6868838 -44.81163 -14.59405 -14.08998
-0.2145762 0.7726303 0.669794 -37.88797 -22.60931 -18.44113
-0.1794199 0.7926498 0.569208 -37.17041 -23.95282 -22.29609
-0.2184824 0.8136459 0.5338077 -36.39178 -27.41847 -24.93731
-0.2265391 0.8148666 0.5174502 -35.8269 -32.20473 -28.12052
-0.2465586 0.8478256 0.4866885 -36.49102 -38.31924 -29.86098
-0.2387461 0.8756577 0.4732608 -38.21621 -42.15893 -33.10525
-0.2389902 0.8986069 0.4791202 -39.35362 -47.02916 -35.99838
-0.2280039 0.9379135 0.4896182 -40.04064 -51.44137 -39.42586
-0.2138438 0.9672104 0.5040225 -41.27728 -55.58641 -42.95258
-0.2079844 1.063402 0.4866885 -43.33072 -58.77725 -49.03655
-0.1659922 0.9432846 0.5086612 -35.23911 -61.77725 -54.04418
-0.2109141 1.055589 0.4781436 -33.00247 -64.95283 -60.33426
-0.2150645 1.125169 0.4486026 -29.52156 -69.85359 -65.7999
-0.2258066 1.168138 0.4241885 -25.09408 -75.47191 -73.72357
-0.1940684 1.290208 0.3377627 -32.14751 -80.76962 -77.3877
-0.1745371 1.362962 0.2818545 -37.04064 -83.2887 -83.97548
-0.1698984 1.472826 0.2501162 -39.8498 -89.51008 -92.33426
-0.1476816 1.515794 0.2152041 -44.02537 -94.58642 -100.7083
-0.1427988 1.558275 0.1888369 -48.67423 -103.2658 -109.1129
-0.08713476 1.550951 0.195917 -47.41468 -110.7544 -118.8457
0.0007558614 1.6718 0.2005557 -46.29255 -116.7238 -130.4793
0.06984766 1.754564 0.1863955 -44.804 -122.8536 -144.2045
0.1460195 1.79973 0.1968936 -40.25438 -130.7162 -157.6854
0.2094961 1.980394 0.232294 -44.81163 -136.1818 -170.7465
0.2678457 2.066576 0.2796572 -50.58263 -141.6628 -184.0213
0.3520742 2.163683 0.3057803 -61.90324 -145.5406 -200.3801
0.3486562 2.163683 0.404169 -70.59789 -156.907 -214.9755
0.5752187 2.155443 0.437128 -77.29255 -151.3116 -235.09
0.6899648 2.110277 0.5162295 -88.6208 -154.6551 -248.5709
0.7431875 2.041673 0.6690616 -99.36888 -155.22 -248.5709
0.8249746 1.976976 0.6937198 -110.6971 -152.4566 -248.5709
0.8901602 1.88054 0.7952823 -125.2238 -150.1589 -248.5709
0.9843985 1.794115 0.8619327 -138.3536 -148.2124 -248.5709
1.101586 1.700609 0.8956241 -154.1246 -142.6093 -248.5709
1.161889 1.642259 0.9500674 -169.7658 -138.5788 -248.5709
1.197289 1.56389 0.9820498 -184.2391 -132.991 -248.5709
1.246117 1.442308 1.02331 -199.0865 -127.8841 -248.5709
