0.3305205 -0.4474761 0.702791 -13.25611 -10.80079 10.38661
0.3473662 -0.4369781 0.7240312 -5.217939 -8.938198 11.1347
0.3507842 -0.4132964 0.7474687 0.9576335 -6.380947 12.39424
0.3585967 -0.3874175 0.7433183 9.430916 -4.052702 12.9744
0.3761748 -0.3686187 0.7508867 18.0416 -1.930565 13.68432
0.5316924 -0.3254058 0.7037675 29.13321 1.267908 13.14234
0.4308623 -0.2448394 0.4657304 46.14847 9.443481 5.791191
0.2624053 -0.285855 0.3507402 65.46909 -15.19774 1.997297
0.2563018 -0.2270171 0.5484941 70.83549 -14.48018 4.058367
0.2865752 -0.09908741 0.6041582 78.67519 -4.151939 0.4553127
0.2414092 -0.1056792 0.5206621 76.8584 -7.464916 0.8217258
0.2460479 -0.06808155 0.5453203 71.39275 -10.19774 0.6308861
0.2528838 -0.081021 0.6261308 41.77443 -0.7091908 1.74539
0.2494658 -0.1037261 0.6324785 33.34695 -0.3504122 2.898062
0.2863311 -0.1322905 0.6686113 27.24771 3.443481 3.279741
0.3346709 -0.1420562 0.6754472 23.44618 5.962565 3.478214
0.3715361 -0.1381499 0.6544511 21.39275 8.626686 3.478214
0.367874 -0.1281401 0.6205156 21.74389 9.42058 2.485847
0.3632354 -0.1359526 0.5982988 26.60649 8.733557 -0.1630077
0.5055694 -0.1598784 0.5907304 33.17137 4.916763 1.127069
0.4086455 -0.1022612 0.6297929 32.98817 9.649588 -2.766062
0.3173369 -0.1061675 0.5863359 38.0874 8.901497 -7.300413
0.2284697 -0.1645171 0.5633867 36.38511 6.023633 -7.55232
0.2321318 -0.1481597 0.5697343 28.47672 5.962565 -6.048504
0.2353057 -0.1640288 0.591707 20.70572 6.680122 -3.498886
0.2458037 -0.1867339 0.6051347 15.10267 8.374779 -2.918734
0.2660674 -0.1994292 0.5948808 6.835496 9.725924 -1.506519
0.2907256 -0.2318999 0.5936601 2.682825 11.09234 -0.8347626
0.3092803 -0.2697417 0.6065996 2.904198 12.93203 0.3102741
0.3004912 -0.2900054 0.61075 6.011069 15.66485 0.2950077
0.2846221 -0.3029449 0.6117265 11.78206 16.28317 0.5927181
0.2726592 -0.3127105 0.609041 18.46908 18.71066 0.2034054
0.2426299 -0.3185699 0.6144121 23.80496 21.11524 0.5316486
0.2094268 -0.3402984 0.626375 28.03397 23.28317 0.8217258
0.183792 -0.3627593 0.6503007 28.78969 24.9931 3.088902
0.2179717 -0.3383452 0.6603105 25.73626 32.71829 4.638519
0.2130889 -0.3444488 0.6048906 24.44618 35.86333 5.722488
0.2187041 -0.3456695 0.5387285 22.69809 35.61142 7.340809
0.2250518 -0.3398101 0.4916093 22.24008 36.06944 8.669053
0.2335967 -0.3549468 0.4376543 25.09504 35.39768 9.501115
0.2633818 -0.3551909 0.390291 27.29351 34.0618 10.12707
0.2628936 -0.3346831 0.3653886 28.0187 31.83279 11.1576
0.2704619 -0.3593413 0.3534257 32.01107 29.71066 12.0889
0.258499 -0.3385894 0.3233964 35.45382 27.83279 12.53165
0.2531279 -0.3268706 0.3065507 38.31641 24.53508 12.80646
0.2372588 -0.3193023 0.3312089 38.68282 21.71829 13.52402
0.2235869 -0.3219878 0.3441484 37.43855 20.39768 15.36371
0.2177275 -0.3090484 0.3612382 34.23244 18.9931 17.43241
0.2199248 -0.2929351 0.3822343 30.30878 17.89386 19.66905
0.2199248 -0.2802398 0.3871171 26.93473 17.00837 21.14997
0.2204131 -0.2726714 0.4100664 23.15611 16.41295 22.64615
0.2331084 -0.2673003 0.4186113 19.04924 15.90913 24.09653
0.2489775 -0.2445952 0.43033 14.71336 16.00837 25.9515
0.2541045 -0.2282378 0.4359453 10.9271 16.32898 26.80646
0.2643584 -0.2228667 0.4413164 7.35458 15.9931 27.42478
0.2860869 -0.2089507 0.4549882 4.659923 15.63432 28.066
0.3131865 -0.2004058 0.4693925 3.35458 15.91676 27.95913
0.3183135 -0.1982085 0.4796464 3.362214 16.56562 27.58508
0.3126982 -0.193814 0.4847734 4.667557 17.0389 26.62325
0.3275908 -0.1691558 0.4950273 5.148473 17.32134 26.01257
0.04609668 -0.2128569 1.654695 127.2553 68.91676 145.8141
-0.05741894 -0.01022022 1.19034 67.62939 205.4359 45.24921
-0.09648144 -0.07149951 1.10367 65.20191 206.2679 45.32554
-0.147751 -0.0119292 1.076082 65.62939 208.8786 42.09653
-0.1221162 -0.006069824 0.9855059 65.9042 205.474 40.34081
-0.06645215 0.001254395 0.9740313 61.59885 210.642 39.21867
-0.05131543 -0.002895996 0.9308184 63.15611 212.3671 34.46295
-0.0547334 0.01468213 0.8929766 59.98053 212.3366 32.56982
-0.05644238 -0.003384277 0.864168 58.78969 212.6801 30.74539
-0.03324902 0.04739697 0.8478106 57.15611 213.703 28.46295
-0.01664746 0.06936963 0.8297441 56.38511 214.8252 25.43241
-0.0007783175 0.08938915 0.8390215 57.65229 215.2755 21.69195
0.02632129 0.1084321 0.8211992 58.90419 216.9091 16.72249
0.06050098 0.1413911 0.7799394 62.43091 217.8175 10.10417
0.0780791 0.142856 0.7623613 64.35458 218.6496 4.012566
0.08515919 0.1282075 0.7477129 66.56832 221.2374 -2.621023
0.08491505 0.1286958 0.6932695 70.80496 222.3671 -9.888199
0.09077442 0.101352 0.6588457 74.8813 224.2679 -17.91873
0.08662403 0.08572704 0.5936601 77.13321 225.7794 -24.99507
0.1029814 0.06839306 0.5401933 79.62939 227.7641 -32.15537
0.1015166 0.01858838 0.477205 80.73626 227.8481 -39.0027
0.08564747 -0.02218311 0.4032304 79.40038 228.3824 -44.44545
0.05635059 -0.07052295 0.3407304 77.65993 227.0694 -48.78133
0.02778614 -0.0863921 0.2857988 72.98054 226.2068 -51.70499
-0.01225293 -0.1325347 0.2218339 68.53015 221.245 -53.52942
-0.05790722 -0.0954253 0.197664 58.62939 214.3824 -54.13248
-0.04130566 -0.2104155 0.1910722 63.46145 212.5427 -58.05614
-0.02079785 -0.2428862 0.1429765 66.28588 208.5275 -60.87293
-0.03593457 -0.266812 0.09048629 73.19427 202.8481 -64.12484
-0.05448925 -0.3034331 0.03994918 79.23244 194.4282 -66.04087
-0.05986035 -0.3058745 0.01382613 84.46909 184.787 -67.85003
-0.04228222 -0.3036773 0.02798629 88.49962 177.0771 -69.8195
-0.01103222 -0.284146 0.05606246 93.05687 168.1839 -72.26988
-0.002731442 -0.2577788 0.1002519 92.8584 161.4435 -73.73553
0.008010745 -0.1986968 0.1583574 89.79733 153.0465 -74.73553
0.07392871 -0.1398589 0.2777421 84.98817 147.8939 -76.45309
0.1601104 -0.09396046 0.4051836 84.36221 147.703 -81.20118
0.2089385 -0.06612842 0.4674394 84.04924 149.9168 -85.7279
0.2118682 -0.04293506 0.4735429 82.96527 152.1 -91.56759
0.1996611 -0.04220263 0.4830644 79.20191 153.6267 -97.20118
0.2060088 -0.065396 0.4574296 73.20954 156.5122 -101.8042
0.2138213 -0.1022612 0.4186113 65.75916 159.3671 -106.1554
0.2326201 -0.1369292 0.3592851 54.77443 161.6038 -109.1172
0.2406768 -0.190396 0.3055742 44.32404 163.1992 -111.5065
0.2460479 -0.2572906 0.2511308 32.66756 163.2145 -112.85
0.2641143 -0.3212554 0.2040117 18.78206 162.7565 -112.6821
0.2589873 -0.4069488 0.1827714 4.591221 163.3213 -111.1096
0.2494658 -0.4933745 0.1776445 -9.133969 161.932 -107.6363
0.2279814 -0.5114409 0.1920488 -23.88969 161.4511 -103.705
0.2108916 -0.617398 0.2086504 -32.61489 160.703 -99.10957
0.2035674 -0.6554839 0.2203691 -39.69122 160.5809 -94.40729
0.1928252 -0.6842925 0.2240312 -45.25611 159.9702 -90.0714
0.1869658 -0.6850249 0.2140214 -48.88206 158.7946 -85.78133
0.1935576 -0.6842925 0.2066972 -51.14161 157.4282 -82.09431
0.2025908 -0.6530425 0.2025468 -52.66832 155.787 -79.49889
0.21846 -0.6147124 0.1954668 -53.37061 153.9855 -76.64393
0.2509307 -0.567105 0.1944902 -53.08817 151.6496 -75.09431
0.2655791 -0.5238921 0.2020586 -51.37825 149.5504 -74.63629
0.3017119 -0.4677398 0.2079179 -48.57672 148.1839 -75.46835
0.320999 -0.4054839 0.2281816 -44.11107 147.5275 -77.71263
0.3361357 -0.3432281 0.2294023 -39.13397 147.2984 -81.45309
0.35054 -0.3095366 0.2045 -34.01183 147.9702 -86.01797
0.3566436 -0.2970855 0.1974199 -27.46985 147.9702 -91.26225
0.3620147 -0.3124663 0.1522539 -21.52328 147.7106 -97.15537
0.359085 -0.3393218 0.1205156 -18.10344 147.619 -101.9035
0.3493193 -0.3839995 0.07925582 -16.68359 147.3442 -106.1172
0.3268584 -0.4489409 0.02871871 -17.25611 146.9091 -109.2164
0.3102568 -0.5082671 -0.01547074 -18.27137 145.5732 -111.392
0.2780303 -0.5744292 -0.06698442 -20.77519 143.2221 -112.2241
0.2660674 -0.6552398 -0.09799027 -23.06527 140.8633 -112.392
0.2433623 -0.7072417 -0.1404707 -26.1645 138.0618 -110.7508
0.244583 -0.7030913 -0.1578047 -35.04237 133.474 -108.1172
0.2357939 -0.7782866 -0.1717207 -36.12634 129.9168 -106.6134
0.2182158 -0.8634917 -0.224211 -39.34008 127.3442 -103.247
0.1874541 -0.8942534 -0.2657149 -42.46985 120.2068 -99.46835
0.1667022 -0.9113433 -0.2596114 -44.74466 113.8023 -95.70499
0.1479033 -0.9355132 -0.2669356 -44.04237 108.932 -92.01034
0.1449736 -0.9154937 -0.2818282 -46.44695 100.7259 -87.48362
0.1518096 -0.9084136 -0.2627852 -45.21031 93.79462 -84.36148
0.1667022 -0.8993804 -0.2413008 -43.63015 86.96256 -81.30042
0.169876 -0.8710601 -0.2339766 -38.36298 80.93203 -79.36148
0.1574248 -0.7907378 -0.2027266 -39.13397 73.31371 -76.55232
0.1825713 -0.7282378 -0.1336348 -38.21794 67.1992 -75.35385
0.2370147 -0.3398101 0.4940507 6.782061 -0.9763664 24.9973
0.2748564 -0.4462554 0.6937578 1.637022 3.031267 24.73012
0.2702178 -0.4562652 0.7142656 3.209542 4.535084 24.90569
0.2860869 -0.45773 0.7250078 5.072137 6.245008 24.9515
0.2924346 -0.4591949 0.7315996 6.720993 7.840428 24.49348
0.2943877 -0.4679839 0.7433183 9.316412 9.237373 24.34844
0.2943877 -0.4648101 0.7396562 11.7897 10.87096 24.26447
