0.5493398 0.9552475 1.866327 -59.93377 -114.6398 118.2001
0.5329824 0.9840561 1.864374 -58.59026 -109.1437 109.0169
0.5014883 0.9567123 1.852167 -54.88034 -102.2963 99.4978
0.4614492 0.9720932 1.848505 -51.62079 -96.32687 92.03216
1.02224 -1.098952 0.3306826 -92.56736 -195.4872 110.6276
1.177758 -1.086012 0.8956241 -66.17041 -208.0597 154.7192
1.151879 -1.086256 0.9136905 -60.11698 -206.1055 157.5818
1.136986 -1.105543 0.9222354 -53.23148 -204.5177 163.3909
1.111107 -1.124586 0.907587 -48.55209 -203.1284 167.8489
1.081566 -1.121413 0.8890323 -45.53682 -201.6857 174.1696
1.06057 -1.128004 0.8499698 -42.84217 -200.6857 180.4367
1.01516 -1.101637 0.7952823 -41.94904 -200.8994 186.7421
0.983666 -1.093825 0.711542 -40.98721 -201.4414 193.4291
0.9258047 -1.097731 0.6270694 -42.21621 -203.9299 199.3375
0.9148184 -1.09651 0.5958194 -39.71239 -206.0368 203.5512
0.8999258 -1.093336 0.5526065 -36.34599 -209.762 209.139
0.8838125 -1.114577 0.5028018 -33.14751 -212.762 213.6734
0.8593985 -1.115065 0.4639834 -32.29255 -216.7925 220.681
0.8496328 -1.112868 0.4268741 -32.804 -221.0597 225.1161
0.8405996 -1.11946 0.4009952 -33.04827 -226.1666 235.6199
0.8269278 -1.144362 0.3631533 -32.36889 -232.1055 239.9634
0.8449942 -1.101149 0.3638858 -32.03301 -237.0139 247.3146
0.862084 -1.063551 0.3494815 -32.8498 -241.3498 251.6963
0.8689199 -1.041823 0.3380069 -33.07117 -247.304 251.6963
0.8803946 -0.9773697 0.3494815 -32.42232 -251.5559 251.6963
0.922875 -0.9160904 0.3560733 -31.88797 -254.2429 251.6963
0.9270254 -0.8819107 0.3514346 -30.62079 -254.2429 251.6963
0.9385 -0.8504166 0.3453311 -27.90324 -254.2429 251.6963
0.9377676 -0.8113541 0.3118838 -26.60553 -254.2429 251.6963
0.9394766 -0.7647232 0.2762393 -31.11698 -254.2429 251.6963
0.9638906 -0.752272 0.2488955 -38.22385 -254.2429 251.6963
1.001 -0.7310318 0.2300967 -46.20095 -254.2429 251.6963
1.007348 -0.7019791 0.2266787 -53.81163 -254.2429 251.6963
1.046898 -0.6634048 0.2781924 -61.13224 -254.2429 251.6963
1.107934 -0.6319107 0.3463076 -67.18568 -254.2429 251.6963
1.149438 -0.5921158 0.4224795 -71.04064 -254.2429 251.6963
1.218529 -0.5562271 0.4739932 -73.85744 -254.2429 251.6963
1.29934 -0.4661392 0.5911807 -77.04064 -254.2429 251.6963
1.407006 -0.3538345 0.7388858 -78.68186 -254.2429 251.6963
1.500268 -0.3367446 0.8968448 -74.13224 -254.2429 251.6963
1.540307 -0.3533462 1.057733 -66.17805 -254.2429 251.6963
1.61599 -0.3355239 1.198114 -53.7811 -254.2429 251.6963
1.618676 -0.2259048 1.385858 -48.95667 -254.2429 251.6963
1.638695 -0.1302017 1.481317 -41.18568 -254.2429 251.6963
1.651879 -0.05085597 1.696649 -27.69713 -254.2429 251.6963
2.006127 -0.02961573 1.7008 -5.918504 -254.2429 251.6963
1.833275 0.1195542 2.049677 -4.597893 -254.2429 251.6963
1.616479 0.02726903 2.364374 11.18073 -242.6093 251.6963
1.707543 0.2740952 2.467157 22.65402 -217.0673 251.6963
1.670678 0.3859116 2.438105 43.75325 -186.4414 242.3604
1.37307 0.2870347 2.555536 60.15783 -189.5941 237.3222
1.510277 0.4657456 2.713251 80.58531 -154.6169 218.4673
1.433617 0.7418686 2.835077 83.73035 -117.365 202.8337
1.194359 0.7736069 2.801874 77.36394 -108.1742 183.5741
1.075463 0.820726 2.865351 78.05096 -110.3345 166.1161
1.013207 1.031419 2.932978 65.09676 -111.5253 165.1314
0.860375 0.8947006 2.84997 72.34867 -118.7315 151.452
0.8462149 1.075365 2.798456 86.47081 -131.7391 143.7497
0.820336 1.27971 2.778437 81.57768 -125.5101 152.6581
0.818627 1.173021 2.413446 65.34103 -104.1513 148.8108
0.6760488 1.180833 2.366571 47.68455 -79.86886 147.2993
0.5766836 1.156175 2.223261 38.87539 -77.11314 143.7802
0.5117422 1.101244 2.164423 29.78379 -70.95283 139.6734
0.3315664 1.225267 1.763056 -14.57499 -41.99863 142.0245
0.1977773 1.149339 1.72912 -20.92614 -40.70855 138.1619
0.1321035 1.177904 1.657587 -28.59789 -38.73145 134.2383
0.04689844 1.22307 1.496942 -39.26202 -29.83069 126.6428
0.04348047 1.190843 1.428095 -45.18568 -27.1055 119.2154
-0.04196875 1.271165 1.312128 -48.08644 -30.21237 108.91
-0.02024023 1.325609 1.170771 -47.18568 -10.32687 90.81078
-0.1276621 1.344896 1.236688 -53.84217 -20.18946 81.17719
-0.09372656 1.302171 1.22497 -52.96431 -22.1284 66.67338
-0.1359629 1.281908 1.272821 -49.88797 -29.12076 55.20773
-0.08249609 1.221361 1.307001 -47.35362 -29.18183 43.60467
-0.08664648 1.178392 1.381464 -42.46049 -30.63221 32.21536
-0.06882422 1.130296 1.434198 -36.49866 -29.96046 20.39093
-0.0615 1.077318 1.484735 -31.21621 -29.18183 9.215359
-0.0392832 0.9955307 1.512323 -24.65896 -27.3345 -2.028916
-0.02878515 0.9061752 1.534296 -17.8269 -25.31924 -11.51747
-0.0248789 0.8387924 1.546259 -13.19331 -22.98336 -18.89151
-0.04929296 0.7516342 1.563837 -8.88797 -20.3116 -25.80754
-0.04392187 0.6842514 1.585565 -8.29255 -15.72382 -30.28846
-0.07566016 0.6251694 1.611933 -9.643695 -12.1284 -33.84571
-0.06516211 0.5197006 1.589228 -10.02537 -6.914657 -35.87624
-0.104957 0.4764878 1.584589 -13.51392 -2.082596 -35.96021
-0.1259531 0.3976304 1.519892 -19.04827 0.3143511 -33.32663
-0.1449961 0.3080307 1.517694 -19.38415 3.360152 -32.00601
-0.1647715 0.2657944 1.47497 -17.11698 6.405954 -30.83044
-0.1681895 0.2496811 1.438593 -22.97194 10.42122 -26.18159
-0.1637949 0.1444565 1.376093 -24.79637 14.76473 -20.41823
-0.249 0.171312 1.316278 -26.804 12.24565 -14.08998
-0.266334 0.186937 1.25329 -27.26965 11.27618 -9.578535
-0.2773203 0.2277085 1.247919 -21.55972 11.23038 -7.723572
-0.3449473 0.2709214 1.291864 -17.17041 4.18458 -2.456397
-0.3300547 0.3065659 1.208124 -13.6666 1.37542 -1.35716
-0.2841563 0.3800522 1.113886 -12.02537 4.772367 -2.25029
1.292992 -0.7320084 0.6151065 -74.50629 -254.2429 251.6963
1.553979 -0.1990493 1.877069 3.264702 -254.2429 251.6963
1.565941 -0.1136001 1.979608 24.05096 -239.5788 251.6963
1.535424 -0.146315 2.023798 45.57005 -222.4032 251.6963
1.456078 -0.06086573 2.140985 74.85249 -221.1437 251.6963
1.414574 0.0697495 2.142206 90.44028 -210.1895 251.6963
1.306176 0.1564194 2.167353 106.3181 -202.0902 251.6963
1.246117 0.3199936 2.187616 111.9288 -187.9147 251.6963
1.196801 0.4017807 2.187616 105.3334 -182.6628 250.3146
1.153588 0.4625718 2.091425 104.2571 -172.7543 247.8108
1.092797 0.5785385 2.0133 102.4479 -159.0368 245.1314
1.017602 0.6617905 1.949335 96.02043 -149.6169 242.1543
0.9604727 0.6986557 1.929804 93.38684 -137.1589 238.0398
0.8867422 0.7728745 1.846796 88.95173 -128.8459 235.1161
0.8767324 0.7162338 1.709345 99.76852 -116.0902 244.223
0.6953359 0.9674545 1.781855 78.02806 -107.9681 226.9558
0.6626211 0.950853 1.672724 60.60822 -110.0063 228.5665
0.6413808 1.009691 1.632196 51.62348 -99.1055 224.9634
0.5720449 1.095628 1.626825 45.94409 -95.45664 219.0322
0.5556875 1.166185 1.559198 42.86012 -89.96046 213.2612
0.4106679 1.278978 1.554315 33.77615 -88.57115 207.5818
0.4470449 1.286058 1.46203 37.21127 -86.76199 206.9634
0.4123769 1.454027 1.460077 33.86012 -85.70855 186.8871
0.3391347 1.548509 1.527704 17.20363 -79.57115 159.7039
0.3030019 1.644212 1.540399 10.08913 -78.92229 154.5054
0.2436758 1.641771 1.57287 5.196 -78.92229 137.6123
0.2583242 1.656908 1.57995 0.287603 -78.26581 125.9635
0.2414785 1.65764 1.575312 -7.353619 -74.02153 113.2459
0.2165762 1.624437 1.596552 -9.468122 -72.12077 99.82605
0.2029043 1.621019 1.623163 -12.29255 -68.58642 88.06269
0.1806875 1.577562 1.63537 -15.95667 -65.3345 75.90238
0.1443105 1.476244 1.646112 -18.19331 -60.63221 63.64284
0.1020742 1.372728 1.630487 -22.30018 -55.73908 53.60467
0.07961328 1.270921 1.597284 -27.32308 -51.84595 45.14666
0.08034571 1.170335 1.545771 -32.23911 -48.60168 38.14666
0.06691797 1.079515 1.502069 -36.7582 -45.27343 33.23063
0.0466543 1.012132 1.489374 -45.75056 -43.96809 27.96345
0.02590235 0.8766342 1.495722 -53.46812 -40.81542 25.88711
-0.01486914 0.7821518 1.552606 -57.13988 -38.91466 23.65047
0.006615236 0.7074448 1.537958 -61.24675 -35.18183 22.46727
0.008324221 0.6359116 1.547235 -62.03301 -34.0597 20.63521
0.02053125 0.5834213 1.555536 -61.86507 -31.35741 18.94055
0.02077539 0.528978 1.583612 -57.57499 -29.73145 16.60467
0.03054102 0.5282455 1.622431 -53.61316 -27.44138 14.87185
0.06301172 0.5348373 1.662226 -49.13224 -23.3116 12.97108
0.06862695 0.537767 1.717157 -41.38415 -17.80015 8.459634
0.06032617 0.4908921 1.713739 -24.804 -14.81542 1.306962
0.06252344 0.553392 1.721064 -14.39179 -12.3116 -4.525099
0.03640039 0.5389877 1.750605 -0.2543817 -8.044428 -12.73121
0.03298242 0.5314194 1.739618 15.86012 -4.945191 -21.58617
0.01223047 0.5323959 1.721064 27.91356 -0.7619851 -30.34953
0.00417383 0.4950425 1.709345 39.45554 1.665496 -37.70831
0.001976565 0.4784409 1.710077 47.20364 5.947939 -43.14342
0.004662111 0.421312 1.698114 50.65401 12.58153 -46.13578
