0.8239287 -0.2951324 0.4469316 -19.24847 11.64959 76.27974
0.7816924 -0.275357 0.477205 -20.69122 11.38241 77.37897
0.7855987 -0.3156402 0.4803789 -19.40878 8.267908 78.68432
0.8100127 -0.3122222 0.4925859 -17.86679 9.061802 78.69196
0.8234405 -0.3266265 0.4623125 -17.75229 7.084702 79.65379
0.8324737 -0.3471343 0.4364336 -18.1874 6.245008 81.27974
0.8148955 -0.3547027 0.4115312 -19.57672 0.9396641 83.12707
0.8190459 -0.3703277 0.4308183 -19.19504 -1.067969 84.58508
0.824417 -0.3959624 0.4298418 -18.34771 -3.029802 86.18813
0.8346709 -0.4132964 0.4342363 -16.32481 -5.922931 88.0889
0.8520049 -0.4233062 0.4271562 -14.35534 -8.197741 90.1118
0.857376 -0.4206206 0.4449785 -11.53855 -9.892397 92.33318
0.886917 -0.4176909 0.4413164 -10.35534 -11.57942 94.19577
0.9057158 -0.4069488 0.4308183 -12.75229 -13.45728 96.91333
0.918167 -0.3962066 0.4440019 -17.1874 -15.41148 99.76829
0.9328155 -0.3864409 0.4488847 -22.59962 -16.35041 102.692
0.9440459 -0.3857085 0.4501054 -28.03473 -18.44202 105.7225
0.9430694 -0.3864409 0.4674394 -33.24847 -20.1214 108.8904
0.9350127 -0.3927886 0.4784257 -36.67595 -21.69392 111.5622
0.9394073 -0.4027984 0.4957597 -37.57672 -23.0298 114.6843
0.9423369 -0.4103667 0.5089433 -37.01183 -24.28171 116.3408
0.9384307 -0.4067046 0.5228593 -35.85153 -25.41912 119.2568
0.9467315 -0.414273 0.5343339 -34.41641 -26.80843 121.6538
0.952835 -0.4120757 0.54825 -32.9584 -27.38858 123.9286
0.9696807 -0.4179351 0.5714433 -31.27901 -27.99927 126.4629
0.9782256 -0.4164702 0.5682695 -30.17214 -28.65576 129.1042
0.9999541 -0.4172027 0.5868242 -29.15687 -29.15957 131.7225
1.008499 -0.4225738 0.595125 -26.9813 -29.58705 134.3484
1.014358 -0.4233062 0.6031816 -23.99656 -29.83896 136.8828
1.021194 -0.4137847 0.6119707 -21.25611 -30.0069 139.2034
1.034866 -0.410855 0.6336992 -18.27137 -30.35805 141.7683
1.040726 -0.4089019 0.636873 -16.29428 -30.41148 144.1576
1.049515 -0.3837554 0.6429765 -13.72939 -29.67866 146.3026
1.050491 -0.3783843 0.6520097 -12.53092 -29.20537 149.0126
1.073929 -0.3647124 0.654207 -11.47748 -28.33515 151.4706
1.087112 -0.3564116 0.6578691 -10.89733 -27.51072 154.0507
1.099563 -0.3451812 0.6583574 -12.78282 -26.34278 157.4324
1.115921 -0.2922027 0.6310136 -18.1645 -25.26644 161.8217
1.12178 -0.206021 0.6268632 -25.95076 -26.46492 166.2492
1.12764 -0.1847808 0.6317461 -27.65305 -25.56415 167.9133
1.106888 -0.1537749 0.6383379 -22.67595 -23.72446 166.692
1.084183 -0.1464507 0.6168535 -19.58435 -22.97637 164.921
1.044144 -0.1413237 0.6009843 -21.15687 -22.9382 165.4019
1.03511 -0.1498687 0.576082 -24.72176 -23.15194 166.6614
1.029739 -0.1364409 0.5641191 -24.79809 -23.31988 166.9133
0.9027862 -0.3664214 0.6764238 5.140839 38.07707 18.44005
0.7538604 -0.2821929 0.2745683 23.28588 68.51981 -23.47598
0.7558135 -0.289273 0.2516191 25.14847 67.35951 -26.0256
0.7487334 -0.2799956 0.2162187 23.19427 66.46638 -27.98744
0.7379912 -0.290982 0.1866777 23.07977 63.81753 -30.16301
0.7255401 -0.3105132 0.1637285 22.54542 61.26028 -32.25461
0.7294463 -0.313687 0.1510332 22.70572 58.016 -34.18591
0.7182158 -0.3324859 0.1439531 21.71336 55.55035 -35.75079
0.7160186 -0.3495757 0.1434648 21.31641 52.0618 -37.22408
0.713333 -0.3625152 0.133455 20.72863 49.05417 -38.71262
0.7052764 -0.3725249 0.1417558 18.47672 46.39005 -39.52179
0.6986846 -0.3879058 0.1349199 15.91947 43.26791 -40.40728
0.6879424 -0.4054839 0.1432207 12.75153 40.09234 -40.92637
0.6801299 -0.4223296 0.1539629 9.789696 37.22211 -41.18591
0.6720733 -0.4391753 0.1571367 6.362214 34.34425 -41.33858
0.6652373 -0.4638335 0.1546953 2.858397 31.84043 -41.03323
0.6562041 -0.4840972 0.171541 -1.477481 29.13814 -40.36912
0.6371612 -0.5002105 0.1761796 -6.56145 26.59615 -39.17064
0.6217803 -0.5263335 0.1808183 -10.92786 23.84806 -38.0027
0.6059112 -0.5483062 0.1986406 -14.9355 21.02363 -36.47598
0.5834502 -0.5785796 0.1940019 -18.1187 17.93203 -34.92637
0.5646514 -0.6176421 0.2169511 -21.68359 14.54272 -33.0256
0.5551299 -0.6457183 0.2442949 -23.79809 11.81753 -30.55232
0.5495147 -0.6840484 0.2543046 -26.0729 9.306076 -27.89583
0.5387725 -0.7062652 0.27408 -27.80573 7.054168 -24.71263
0.5270537 -0.7506988 0.2738359 -29.17214 4.374779 -21.15537
0.5216826 -0.7782866 0.2921464 -30.49275 1.580885 -17.37675
0.5150908 -0.7948882 0.2992265 -31.87443 -0.5870534 -12.77369
0.4987334 -0.8200347 0.3048418 -34.10344 -3.678657 -8.25461
0.4916533 -0.8349273 0.3075273 -36.72939 -6.632855 -3.285145
0.4906768 -0.8473784 0.3146074 -37.72176 -9.655756 1.333176
0.4972686 -0.8664214 0.3219316 -38.37825 -13.40385 6.676687
0.5087432 -0.862271 0.3351152 -39.67596 -15.984 11.26447
0.5021514 -0.8874175 0.345125 -40.24847 -19.70919 16.41714
0.5116729 -0.879605 0.371248 -40.0729 -22.66339 21.37134
0.5216826 -0.8874175 0.3741777 -40.08817 -25.30461 26.1576
0.5268096 -0.8820464 0.4086015 -40.66069 -28.34278 31.45531
0.5368194 -0.8854644 0.4396074 -40.45458 -30.80843 36.35608
0.5385283 -0.8713042 0.4637773 -39.92023 -32.86186 40.98966
0.5529326 -0.8610503 0.4933183 -38.99657 -34.90003 45.49348
0.5683135 -0.8422515 0.5226152 -38.46222 -36.42675 50.05074
0.577835 -0.8183257 0.558748 -38.29428 -37.45728 54.20341
0.5907744 -0.799771 0.5812089 -37.92786 -38.70156 58.2263
0.5956573 -0.7856109 0.6183183 -38.76756 -38.9382 62.32554
0.6132354 -0.756314 0.642 -39.40115 -38.65575 66.066
0.6244658 -0.7277495 0.6761796 -39.25611 -38.50308 69.82172
0.6322783 -0.7040679 0.6925371 -40.24084 -37.86186 73.37897
0.6344756 -0.6943023 0.7140214 -41.10344 -37.44201 76.34844
0.6588897 -0.6596343 0.7147539 -39.59962 -36.60995 78.93623
0.6911162 -0.6125152 0.7379472 -39.79046 -34.9382 81.32554
0.7123565 -0.5795562 0.7550371 -39.14161 -33.83133 83.30264
0.716751 -0.5417144 0.7552812 -37.61489 -32.45728 84.63088
0.7262725 -0.516812 0.7674882 -35.67595 -30.80843 85.26447
0.7316436 -0.4709136 0.7796953 -32.27137 -29.52599 85.21104
0.7399444 -0.4318511 0.779207 -28.01183 -27.70156 84.48585
0.7589873 -0.3954741 0.7904375 -23.41641 -25.28934 83.66142
0.7760772 -0.3461577 0.7901933 -19.22557 -23.57942 82.17287
0.7755889 -0.3046538 0.7940996 -14.48512 -21.77789 79.9973
0.7846221 -0.2536284 0.7848222 -11.14924 -20.03744 76.66142
0.7936553 -0.2174956 0.8041094 -9.172137 -17.83896 74.9973
0.7951201 -0.1850249 0.8116777 -5.080534 -15.9382 70.77592
0.807083 -0.1567046 0.8238848 -1.370611 -12.48018 66.93623
0.8031768 -0.1349761 0.8360918 0.9881682 -9.518351 62.81409
0.8075713 -0.09566944 0.841707 4.621755 -6.167206 57.96677
0.8029326 -0.06905811 0.8436602 6.156106 -2.869496 52.98203
0.8073272 -0.05147998 0.8512285 7.789694 1.496916 48.33318
0.7941436 -0.02511279 0.8497637 9.71336 5.000733 43.24921
0.7868194 -0.01656787 0.8265703 11.21718 8.916763 37.59272
0.7831573 0.006137207 0.827791 11.69046 12.9244 31.94386
0.7716826 0.01126416 0.8031328 11.67519 16.86333 26.76829
0.7580108 0.012729 0.7904375 11.42328 20.51218 21.51638
0.7577666 0.00735791 0.7689531 10.91947 23.87096 16.27974
0.7533721 0.001498535 0.7464921 9.888931 27.24501 11.42478
0.7511748 -0.01217334 0.7174394 7.858397 30.31371 6.974397
0.7431182 -0.02657764 0.6835039 5.804962 33.1534 2.68432
0.7255401 -0.05807178 0.6373613 3.621755 35.47402 -1.147741
0.7030791 -0.08541553 0.5948808 1.797328 37.39768 -4.208809
0.682083 -0.1393706 0.5838945 2.919466 37.26028 -7.31568
0.6896514 -0.1664702 0.5636308 0.6522899 37.80989 -9.392015
0.6811065 -0.2096831 0.5262773 -0.9354963 39.89386 -11.09431
0.6642608 -0.2504546 0.4803789 -0.7293897 39.26028 -12.51415
0.6298369 -0.3405425 0.3685625 -5.179771 35.65722 -11.74316
0.6205596 -0.3664214 0.345125 -7.767557 33.61906 -10.70499
0.6098174 -0.3827788 0.3412187 -10.77519 31.35188 -9.453083
0.5976104 -0.3898589 0.3163164 -13.17977 28.37478 -7.704992
0.5876006 -0.412564 0.3170488 -15.0271 25.74119 -6.208809
0.5873565 -0.4198882 0.3099687 -16.37061 22.71829 -4.590488
0.5814971 -0.440396 0.3131425 -17.70649 19.9931 -2.895832
0.5788116 -0.443814 0.3175371 -18.49275 17.27554 -0.8576641
0.5766143 -0.4399077 0.3109453 -19.1645 14.68012 0.8217258
0.8471221 -0.4643218 0.6798418 -33.26374 -74.31988 57.84463
0.8634795 -0.3559234 0.9193438 -37.37061 -64.18247 67.80646
0.8690948 -0.3295562 0.9291094 -38.17214 -58.99927 67.77592
0.8805694 -0.3363921 0.9012774 -35.50801 -58.41911 67.14233
0.8996123 -0.2748687 0.8922441 -36.24847 -58.38858 67.066
0.8647002 -0.2353179 0.9037188 -36.74466 -56.79316 65.31791
0.8668975 -0.2555816 0.92325 -29.61489 -55.80079 62.74539
0.8422393 -0.2201812 0.9430254 -26.85916 -52.88476 59.38661
0.8302764 -0.2018706 0.9630449 -24.44695 -50.60995 57.32554
0.8034209 -0.1762358 0.9505938 -24.60725 -48.31988 55.10417
0.7863311 -0.1672026 0.9469316 -22.37824 -46.29697 52.62325
0.7755889 -0.14523 0.9593828 -21.1416 -44.15194 49.9515
0.7577666 -0.1200835 0.966707 -20.46985 -41.44201 46.68432
0.7516631 -0.1005522 0.9654863 -17.50038 -39.55652 42.50875
0.7416533 -0.07906787 0.9818438 -16.83626 -37.08324 39.02783
