0.865502 -0.1502212 0.4403018 -42.55972 246.0243 -88.39532
0.8574453 -0.1853775 0.3040713 -46.29255 246.0243 -96.13579
0.8000723 -0.2569107 0.2420596 -44.93377 246.0243 -95.35716
0.745873 -0.3086685 0.1746768 -44.67423 246.0243 -92.54037
0.6806875 -0.389479 0.08385647 -45.01011 246.0243 -92.07471
0.7934804 -0.451979 -0.06165135 -50.37652 246.0243 -84.15868
0.6499258 -0.554274 -0.06165135 -49.70476 246.0243 -81.41059
0.6162344 -0.6472916 -0.06165135 -50.9414 245.0853 -74.54037
0.6384511 -0.6597427 -0.06165135 -49.62079 231.4288 -67.5938
0.6333242 -0.7571548 -0.06165135 -50.30018 227.7037 -60.5709
0.5993886 -0.819899 -0.06165135 -49.55972 224.8334 -59.70831
0.6457754 -0.9534439 -0.06165135 -42.22385 216.0166 -49.30372
0.499291 -0.9387955 -0.06165135 -36.26965 209.8411 -48.82281
0.5473867 -0.9461197 -0.06165135 -28.76583 199.9021 -37.02892
0.4887929 -0.9663834 -0.06165135 -21.84217 189.0853 -34.90678
0.4292226 -0.9478287 -0.06165135 -14.54446 172.8487 -27.70831
0.5136953 -0.8704361 -0.06165135 -12.8727 169.0777 -20.62434
0.4231191 -0.8213638 -0.06165135 -11.04827 156.3983 -14.70067
0.4607168 -0.7486099 -0.06165135 -10.27728 148.3372 -10.5022
0.4262929 -0.6638931 -0.06165135 -11.05591 138.0319 -5.578534
0.4692617 -0.5916275 -0.06165135 -13.61316 130.4976 -0.418229
0.4643789 -0.538649 -0.06165135 -15.20858 121.9632 1.169557
0.468041 -0.4788345 -0.06165135 -18.72003 114.9327 6.597038
0.4856191 -0.4649185 -0.06165135 -21.21621 108.5205 8.619939
0.5285879 -0.4446548 -0.06165135 -23.23911 102.1922 11.68101
0.5830312 -0.4424575 -0.03674901 -24.20858 96.28381 13.75734
0.6189199 -0.4395278 -0.006719708 -23.20094 90.45939 15.63521
0.6450429 -0.4278091 0.01745021 -22.30018 85.24564 17.06269
0.6684804 -0.4263443 0.03161037 -21.28492 79.73419 18.17719
0.6938711 -0.4170669 0.05895412 -19.8956 75.29908 19.64284
0.7170644 -0.3950943 0.07140529 -18.57499 70.81817 19.78024
0.7380605 -0.3855728 0.0660342 -17.04827 66.00137 20.13139
0.5053945 -0.1123794 2.035273 21.92119 54.92504 42.91002
0.6540761 0.1551987 2.048456 139.3258 134.8334 -9.418229
0.7068105 0.3737046 2.035761 150.9059 137.8258 23.09322
0.5498281 0.3966538 2.012812 157.9746 143.6121 11.25353
0.5952383 0.4735581 1.933954 165.6311 147.7724 -10.4564
0.5185781 0.5883041 2.176386 175.425 133.4594 -20.16632
0.7461172 1.445726 2.129267 192.6922 140.8487 -38.23502
0.5593496 0.9957748 2.04748 76.0357 139.8334 -16.58617
0.7956777 0.9686752 1.942987 80.97462 163.2457 -29.6625
0.6643301 0.9076401 2.101679 83.54715 165.5281 -46.86861
0.7016836 0.8729721 2.176386 75.77615 172.9021 -57.79991
0.7304922 0.7897202 2.183466 72.57768 180.8563 -65.95258
0.7588125 0.7040268 2.197382 65.20364 189.0777 -73.56326
0.8125235 0.6251694 2.191767 58.87539 198.1998 -79.37243
0.8405996 0.5436264 2.189081 52.85249 206.9785 -85.02128
0.8518301 0.4635483 2.179316 46.07386 214.9708 -89.44876
0.8667227 0.4176499 2.186152 38.95173 222.551 -92.5022
0.9128653 0.3087632 2.184198 28.98989 230.1769 -91.19685
0.9480215 0.2335679 2.221064 19.35631 243.238 -88.82281
0.9682852 0.2086655 2.222773 13.03569 246.0243 -88.01365
1.009301 0.2201401 2.191523 5.661649 246.0243 -87.70067
1.037377 0.2452866 2.143183 -1.055908 246.0243 -88.09762
1.057641 0.26848 2.066034 -7.055908 246.0243 -88.89151
1.053246 0.2821518 1.993036 -9.674229 246.0243 -91.28846
1.058617 0.3485581 1.938837 -12.75056 246.0243 -94.21212
1.081322 0.3944565 1.856806 -15.12461 246.0243 -97.98312
1.037621 0.353685 1.754023 -14.94141 246.0243 -103.3953
1.032982 0.3749253 1.634882 -16.22385 246.0243 -107.9907
1.055932 0.3480698 1.577509 -18.6895 246.0243 -113.4564
1.0906 0.3163315 1.477167 -17.62843 246.0243 -119.3648
1.060082 0.2379624 1.401972 -14.20095 246.0243 -126.1434
1.119652 0.2450425 1.273554 -15.14751 246.0243 -133.3877
1.061791 0.259935 1.19372 -17.77346 246.0243 -136.7007
1.148217 0.1486069 1.097772 -18.44522 246.0243 -160.5709
1.109398 0.1700913 1.039423 -15.63606 246.0243 -158.2121
1.01809 0.01237646 0.9344424 -11.33072 246.0243 -169.9908
1.046898 -0.04890284 0.7603702 -11.20858 246.0243 -176.0976
1.00393 -0.2371353 0.6876163 -19.11698 246.0243 -167.5098
1.205346 -0.20027 0.352167 -40.67423 246.0243 -141.8152
1.089867 -0.4053482 0.3358096 -33.79636 246.0243 -142.0213
1.120629 -0.467604 0.1641787 -16.70476 246.0243 -149.9831
1.160424 -0.4361099 -0.06165135 -15.72766 246.0243 -163.3266
1.08474 -0.3374771 -0.04285252 -25.9414 246.0243 -156.2885
1.023705 -0.3843521 -0.01917088 -21.98721 246.0243 -139.9068
1.033227 -0.4566177 -0.06165135 -29.76583 246.0243 -136.0671
1.059106 -0.4890884 -0.06165135 -23.61316 246.0243 -138.7999
1.054955 -0.5308365 -0.06165135 -20.64369 246.0243 -137.9373
1.073266 -0.4929946 -0.02283299 -18.58262 246.0243 -136.8763
1.058617 -0.497145 0.03234279 -16.11698 246.0243 -135.3343
1.116479 -0.5191177 -0.005010724 -14.72003 246.0243 -135.5785
1.123559 -0.5205826 0.04821193 -13.40705 246.0243 -132.8763
1.1614 -0.5259537 0.09337795 -10.88797 244.4136 -132.0747
1.186547 -0.5418228 0.1204776 -9.277283 240.0548 -130.2503
1.211449 -0.5481705 0.1380557 -8.345984 238.5892 -128.2732
1.212914 -0.5554947 0.1558779 -9.964306 237.5052 -125.922
1.227074 -0.5723404 0.1343936 -11.38415 235.9403 -123.09
1.245873 -0.5677017 0.1087588 -14.20858 235.0014 -117.548
1.234643 -0.6070084 0.03209865 -18.30782 233.0395 -114.0976
1.240014 -0.6267838 -0.0252744 -18.37652 230.2991 -108.3495
1.222191 -0.6675552 -0.06165135 -19.25438 224.7953 -106.6701
1.131371 -0.7307877 -0.06165135 -20.81163 211.2304 -106.4564
1.152856 -0.7837662 -0.06165135 -17.97957 210.4288 -108.2121
1.076195 -0.7815689 -0.06165135 -17.39942 194.2533 -104.9373
1.06057 -0.8301529 -0.06165135 -16.83453 189.7113 -89.6625
1.037377 -0.8721451 -0.06165135 -14.7353 184.3907 -92.77701
0.9409414 -0.8543228 -0.06165135 -18.8269 177.2762 -96.08235
0.9370352 -0.7805923 -0.06165135 -26.83453 156.8869 -91.55563
0.9643789 -0.863356 -0.06165135 -44.72003 159.7037 -90.83044
0.971459 -0.9192642 -0.06165135 -47.48339 146.0166 -50.89151
0.7900625 -0.9424576 -0.06165135 -56.52919 135.3754 -49.15868
0.6924062 -1.05818 -0.06165135 -60.96431 122.4441 -46.84571
0.6823965 -1.040846 -0.06165135 -66.32308 110.4899 -51.37243
0.6396719 -0.9864029 -0.06165135 -78.19331 95.84106 -46.28082
0.6574941 -1.061354 -0.06165135 -72.39178 83.11588 -34.81517
0.6479726 -1.160231 -0.06165135 -61.38415 62.5968 -22.91441
0.5425039 -0.9815201 -0.06165135 -60.42232 36.99374 -10.85334
0.5234609 -1.218581 -0.06165135 -57.99484 14.13878 -2.173954
0.5569082 -1.289137 -0.06165135 -40.63606 3.680763 -2.975481
0.653832 -1.104323 -0.06165135 -41.9414 -10.83069 4.993985
0.6267324 -1.126051 -0.06165135 -44.22385 -26.99099 9.184824
0.6570058 -1.171217 -0.06165135 -43.6895 -40.21236 16.00162
0.6596914 -1.194899 -0.06165135 -44.6895 -54.58641 23.09322
0.6997304 -1.198317 -0.06165135 -46.81927 -66.18183 31.13139
0.7153554 -1.208083 -0.06165135 -48.94904 -79.19711 38.66574
0.7531972 -1.193678 -0.06165135 -52.70476 -90.0368 46.97108
0.7741933 -1.158522 -0.06165135 -57.04064 -101.8536 56.09322
0.8113028 -1.110915 -0.06165135 -63.48339 -110.3727 64.18482
0.8550039 -1.078444 -0.06165135 -67.65133 -121.6475 70.89475
0.8874746 -1.049879 -0.06165135 -69.8727 -129.6551 75.75735
0.9206778 -1.000075 -0.02673924 -71.6895 -138.0979 80.41383
1.129662 0.4569565 1.043573 -3.384153 246.0243 -144.3648
0.71975 -0.6612076 -0.06165135 -102.4834 219.3296 -138.8152
0.7773672 -0.6599869 -0.06165135 -101.0025 212.8716 -132.8839
0.8164297 -0.7061295 -0.02820408 -97.78873 207.7037 -131.0289
0.8789297 -0.6621841 0.0372256 -95.01774 205.5892 -122.5175
0.8999258 -0.6594986 0.0582217 -94.07117 202.6273 -119.0213
0.9070059 -0.6477798 0.06896389 -94.99484 200.154 -113.2808
0.9223867 -0.6829361 0.03405178 -94.40705 197.0166 -109.2198
0.9375235 -0.6677994 0.0269717 -95.06354 193.6197 -106.6854
0.9277578 -0.6563248 0.04967678 -98.01011 190.4899 -101.0136
0.898461 -0.6802505 0.01671779 -101.888 188.78 -91.99075
0.8237539 -0.7464127 -0.0003720522 -102.3765 181.5434 -87.15868
0.8491446 -0.7761978 -0.06165135 -104.4834 184.7647 -83.25029
0.8366934 -0.8516373 -0.06165135 -106.4987 172.093 -76.33426
0.8115469 -0.910231 -0.06165135 -103.9796 171.2304 -69.99075
0.7793203 -0.9470963 -0.06165135 -98.9643 163.0777 -63.22739
0.7019277 -0.9243912 -0.06165135 -99.23911 153.2304 -59.32663
0.6858144 -1.002272 -0.06165135 -98.42995 144.2762 -54.70831
0.671166 -0.8623795 -0.06165135 -109.7048 135.4976 -54.81517
0.686791 -0.9080338 -0.06165135 -122.6513 122.6884 -44.67777
0.7055898 -1.045485 -0.06165135 -116.5597 106.7724 -35.05945
0.7739492 -1.333327 -0.06165135 -76.65896 106.3525 -23.15105
0.7309804 -1.087965 -0.06165135 -54.40705 98.25328 -28.99838
0.7153554 -1.040358 -0.06165135 -53.88034 87.26855 -15.05182
0.7090078 -1.069899 -0.06165135 -48.97194 78.54336 -9.960214
0.7392812 -1.05818 -0.06165135 -44.6666 70.37542 -3.410595
0.7456289 -1.063063 -0.06165135 -37.55972 43.99374 17.46727
0.7378164 -1.038161 -0.06165135 -37.44522 35.16932 24.86421
