0.8307647 -0.2272612 0.5663164 -8.653053 -28.39621 10.60035
0.8185576 -0.2275054 0.5736406 -9.15687 -29.19774 10.60798
0.8224639 -0.2245757 0.5853593 -9.248473 -29.31988 10.14997
0.8346709 -0.2309233 0.5982988 -8.904962 -29.82369 9.615619
0.8307647 -0.2455718 0.602205 -8.561451 -30.06797 9.386611
0.8356475 -0.2433745 0.6102617 -8.332443 -30.48782 9.157603
0.8397979 -0.247769 0.6280839 -7.950764 -30.76263 9.020199
0.8437041 -0.247769 0.6322343 -7.576718 -30.82369 9.081267
0.8490752 -0.2504546 0.6398027 -7.401145 -31.06034 9.004931
0.8515166 -0.2516753 0.6556718 -7.210306 -31.19011 8.959129
0.855667 -0.2550933 0.6642168 -6.950764 -31.1214 8.844626
0.8671416 -0.2492339 0.6593339 -6.393512 -31.22064 8.432412
0.857376 -0.252896 0.6737382 -6.042367 -31.13667 8.432412
0.862503 -0.251187 0.6747148 -5.401145 -31.01453 7.806458
0.8659209 -0.2489897 0.6752031 -5.317176 -30.57179 7.340809
0.8664092 -0.2485015 0.6857011 -4.683588 -30.31988 6.928596
0.8629912 -0.2448394 0.6774004 -4.019465 -30.03744 6.455313
0.869583 -0.2326323 0.7059648 -3.630153 -30.38858 5.798824
0.8742217 -0.2343413 0.7093828 -3.546183 -29.41912 5.149969
0.8722686 -0.2340972 0.7189043 -3.065267 -29.04507 4.302641
0.8683623 -0.2441069 0.7186601 -2.75229 -28.64812 3.478214
0.8708037 -0.2487456 0.7240312 -2.614886 -28.0756 2.791191
0.8393096 -0.329312 0.6625078 -8.217939 3.290809 14.48585
0.8339385 -0.3290679 0.6671464 -7.53855 3.817527 15.21104
0.8361358 -0.329312 0.6661699 -7.439313 4.046535 14.96676
0.8280791 -0.3156402 0.6774004 -7.05 4.191573 15.16524
0.8361358 -0.3229644 0.6642168 -6.706489 4.336611 15.31791
0.8346709 -0.3241851 0.6656816 -6.362977 4.695389 15.33318
0.829544 -0.3285796 0.6708086 -6.15687 4.939664 15.54692
0.8307647 -0.3166167 0.6634843 -5.668321 5.130504 15.54692
0.8336944 -0.3212554 0.6605546 -5.500382 5.557985 15.42478
0.8354033 -0.3214995 0.6493242 -4.94313 5.61142 15.36371
0.831253 -0.3234527 0.6529863 -4.721756 5.786993 15.44768
0.8378448 -0.320523 0.6437089 -4.599618 5.649588 15.60798
0.8322295 -0.3144195 0.6468828 -5.439313 6.214473 15.89043
0.8351592 -0.3166167 0.6349199 -5.759924 6.374778 15.98203
0.8314971 -0.3161284 0.6295488 -6.286641 6.588519 16.11943
0.8241729 -0.3149077 0.6390703 -5.981298 6.374778 16.40951
0.827835 -0.3134429 0.6271074 -5.828626 6.222106 16.49348
0.8283233 -0.3090484 0.622957 -5.721756 6.245008 16.64615
0.826126 -0.318814 0.6278398 -5.85916 5.985466 17.066
0.827835 -0.3229644 0.6188066 -5.94313 6.099969 17.17287
0.8275908 -0.3149077 0.6127031 -5.94313 5.916764 17.41714
0.8344268 -0.3124663 0.6112382 -6.149237 5.977832 17.32554
0.8241729 -0.3158843 0.6227129 -6.477481 5.42058 17.47821
0.8305205 -0.3097808 0.6175859 -6.737023 5.496916 17.71486
0.8314971 -0.3100249 0.6070879 -7.118702 5.20684 17.86753
0.8307647 -0.3053863 0.607332 -7.202672 5.199206 17.91333
0.8271026 -0.3068511 0.6278398 -7.408779 4.939664 18.17287
0.829544 -0.303189 0.6087968 -7.508016 4.809893 17.91333
0.8271026 -0.3009917 0.6146562 -7.324809 4.756458 17.9515
0.8407744 -0.3027007 0.6153886 -7.385878 4.50455 17.81409
0.8334502 -0.2961089 0.6136796 -7.744657 4.626687 17.73775
0.8424834 -0.2970855 0.6061113 -7.759924 4.519817 17.82173
0.840042 -0.3002593 0.6004961 -7.988932 4.412947 17.42478
0.8397979 -0.3007476 0.6175859 -8.263741 4.374779 17.33318
0.8390655 -0.2956206 0.6075761 -8.164504 4.290809 17.34844
0.8378448 -0.3034331 0.6168535 -7.912596 4.183939 17.31027
0.8366241 -0.2970855 0.6136796 -7.790458 4.535084 16.93623
0.8422393 -0.2990386 0.6129472 -7.950764 4.283175 16.9286
0.8466338 -0.3036773 0.6122148 -8.416412 4.458748 16.73012
0.8432158 -0.2963531 0.6053789 -8.492748 4.260275 16.85226
0.8344268 -0.3024566 0.6085527 -9.149237 4.176305 16.60035
0.8366241 -0.3036773 0.6136796 -9.080534 4.367145 16.69195
0.8373565 -0.3144195 0.6024492 -8.85916 4.328977 16.60798
0.8307647 -0.3124663 0.6141679 -8.576717 3.993099 16.86753
0.8376006 -0.3168609 0.6017168 -8.141603 3.695389 16.84463
0.8324737 -0.3131988 0.6102617 -8.0271 3.687756 16.84463
0.8363799 -0.3131988 0.6000078 -8.279008 3.565619 17.25684
0.8336944 -0.315396 0.609041 -8.072901 3.275542 17.33318
0.8300323 -0.3053863 0.6029375 -8.324809 3.237374 17.60035
0.8302764 -0.3114898 0.5953691 -8.706489 3.107603 17.82936
0.8214873 -0.3107574 0.602205 -9.256107 2.893863 17.88279
0.8317412 -0.30148 0.6031816 -9.43168 2.947298 17.9286
0.827835 -0.3068511 0.6083086 -9.607252 2.603786 17.9973
0.8317412 -0.3061187 0.6017168 -9.614885 2.542717 17.84463
0.8266143 -0.3029449 0.6085527 -9.675955 2.054168 17.91333
0.8297881 -0.3102691 0.6134355 -9.691221 1.748824 17.82936
0.8200225 -0.3007476 0.6085527 -9.94313 1.802259 17.76066
0.8263701 -0.304898 0.6087968 -9.752291 1.649588 17.47058
0.8212432 -0.3027007 0.6083086 -9.202672 1.130504 17.36371
0.8251494 -0.306607 0.6156328 -9.118702 1.214473 17.10417
0.826126 -0.3124663 0.6185625 -9.095801 0.7717252 16.81409
0.8197783 -0.304898 0.6149004 -9.095801 0.9930992 16.36371
0.8241729 -0.3088042 0.6112382 -8.446947 0.5121832 16.29501
0.8200225 -0.3112456 0.6161211 -8.85916 0.3671451 15.9515
0.8202666 -0.3224761 0.6175859 -8.515649 0.1992061 15.76829
0.8202666 -0.3178374 0.6222246 -8.45458 0.3671451 15.62325
0.8192901 -0.3197906 0.6161211 -8.408779 0.1152368 15.31027
0.8217315 -0.3210113 0.6161211 -8.15687 -0.243542 15.54692
0.822708 -0.3254058 0.6224687 -8.271374 -0.3656794 15.39424
0.8271026 -0.3354156 0.6224687 -8.24084 -0.4038473 15.25684
0.8234405 -0.3437163 0.6236894 -8.324809 -0.426748 15.84463
0.8205108 -0.3385894 0.6310136 -8.362977 -0.9000305 15.93623
0.8249053 -0.3468902 0.6295488 -8.24084 -1.136672 16.31791
0.827835 -0.3439605 0.6251543 -8.195038 -1.350412 16.41714
0.831253 -0.3510406 0.6361406 -8.538549 -1.426748 16.73775
0.8410186 -0.3464019 0.6354082 -8.950764 -1.274076 17.31791
0.8429717 -0.3442046 0.6405351 -9.599619 -1.327511 17.70722
0.8441924 -0.3493316 0.6468828 -10.39351 -1.419115 18.28737
0.8463897 -0.3520171 0.6495683 -10.9813 -1.426748 18.91333
0.8341826 -0.3493316 0.6478593 -11.27901 -1.296977 19.23394
0.841751 -0.3454253 0.6571367 -11.32481 -1.296977 19.77592
0.8429717 -0.3520171 0.666414 -10.9584 -1.167206 19.80646
0.8473662 -0.3451812 0.6749589 -10.88969 -0.854229 20.32554
0.8432158 -0.3473784 0.668123 -10.56908 -0.4954504 20.63852
0.838333 -0.3444488 0.6739824 -10.31718 -0.1443052 20.56982
0.8429717 -0.3402984 0.6876543 -9.675955 -0.09087014 20.94386
0.8427276 -0.3459136 0.6842363 -9.34771 0.5656183 21.08127
0.8405303 -0.346646 0.68033 -9.286641 1.084702 21.36371
0.8466338 -0.3363921 0.68033 -9.210305 1.63432 21.50111
0.8419951 -0.3385894 0.6832597 -8.874428 2.458748 21.37898
0.8334502 -0.3339507 0.6361406 -9.912596 -2.838962 20.46295
0.84346 -0.3002593 0.6700761 -11.0729 -1.671023 23.00493
0.8427276 -0.3002593 0.6786211 -11.26374 -1.419115 23.08127
0.8544463 -0.30148 0.6774004 -10.99656 -0.9229313 22.85226
0.8554229 -0.2880523 0.6761796 -10.54618 -0.5259848 22.47058
0.8578643 -0.2839019 0.6847246 -10.08053 -0.4725495 22.16524
0.8507842 -0.2795074 0.6896074 -9.805725 0.1228702 21.76829
0.8505401 -0.2812163 0.683748 -9.286641 0.6190534 21.38661
0.8524932 -0.282437 0.6847246 -8.981297 1.008366 20.84463
0.8534698 -0.2821929 0.6883867 -8.385878 1.31371 20.11943
0.8522491 -0.2831695 0.6783769 -7.94313 1.672488 19.64615
0.8549346 -0.2775542 0.6849687 -7.882061 2.168672 19.25684
0.8463897 -0.275357 0.6827714 -7.958397 2.573252 18.92096
0.8473662 -0.2687652 0.6839921 -8.210305 3.038901 18.43241
0.8505401 -0.2797515 0.6786211 -7.591985 3.542717 18.05073
0.8385772 -0.2809722 0.6771562 -7.355344 3.985466 17.36371
0.8429717 -0.2829253 0.6795976 -6.851527 4.12287 16.96676
0.8432158 -0.2839019 0.6730058 -6.721756 4.687756 16.60035
0.8441924 -0.2873199 0.6603105 -6.195038 4.664855 16.14997
0.8419951 -0.2926909 0.6551836 -5.843893 5.099969 15.66142
0.8419951 -0.3007476 0.6498125 -5.34771 4.825161 15.94386
0.8478545 -0.3012359 0.64908 -5.591985 4.993099 15.57745
0.840042 -0.303189 0.6459062 -5.805725 5.12287 15.33318
0.8373565 -0.3122222 0.6441972 -6.233206 5.374779 15.58508
0.8358916 -0.3178374 0.6280839 -6.042367 4.893863 15.73012
0.8405303 -0.3200347 0.6297929 -6.0271 4.748825 15.78356
0.8305205 -0.320523 0.6341875 -6.057634 4.748825 15.94386
0.8378448 -0.3249175 0.6373613 -6.210305 4.596153 16.1347
0.8397979 -0.329312 0.6317461 -6.286641 4.290809 16.63852
0.8361358 -0.3302886 0.6295488 -6.45458 4.176305 16.70722
0.8354033 -0.3324859 0.6261308 -6.805725 4.12287 17.18814
0.8329619 -0.3278472 0.6266191 -6.843893 3.817527 17.39425
0.8283233 -0.3324859 0.6290605 -6.988932 3.512183 17.79882
0.8390655 -0.3332183 0.6258867 -7.492748 3.710657 18.56218
0.8346709 -0.3359038 0.6258867 -7.775191 3.725924 18.81409
0.827835 -0.3407866 0.6200273 -7.591985 3.412947 19.08127
0.8373565 -0.3351714 0.6302812 -7.828626 3.328977 19.43241
0.8390655 -0.3363921 0.6251543 -7.820992 3.12287 19.66905
