0.7930337 -1.774963 1.122478 171.3531 -241.0721 240.5437
0.9033853 -1.774963 1.324138 158.918 -221.2705 251.8109
1.109928 -1.774963 1.53654 160.7959 -197.9499 251.8109
1.113835 -1.774963 1.579997 168.1241 -177.6522 251.8109
1.126286 -1.774963 1.665202 186.8951 -153.0415 251.8109
1.140934 -1.774963 1.567058 193.4142 -130.5224 251.8109
1.119206 -1.763 1.40031 196.9638 -110.5911 251.8109
1.081364 -1.528381 1.140056 212.2844 -101.9957 251.8109
1.10944 -1.388732 0.9755049 214.7959 -94.91939 251.8109
1.051335 -1.167541 0.9088545 227.7959 -87.16367 251.8109
1.074528 -0.9756464 0.65446 255.8951 -83.27817 251.8109
1.108952 -0.7256464 0.6056318 241.6127 -77.34687 251.8109
1.107487 -0.8062128 0.5111494 267.8417 -82.80489 251.8109
1.121403 -0.4258417 0.5541182 260.1165 -78.3774 251.8109
1.089176 -0.3696893 0.4977217 269.6508 -76.82779 251.8109
1.127506 -0.1743768 0.3627119 269.6508 -74.41557 251.8109
1.150211 -0.138244 0.3424482 269.6508 -78.01099 251.8109
1.168766 -0.0137323 0.3512373 269.6508 -78.72855 251.8109
1.233708 0.09661926 0.3612471 269.6508 -77.01863 251.8109
1.290592 0.1762091 0.3600264 269.6508 -73.69801 251.8109
1.337467 0.2409064 0.3502607 269.6508 -71.33923 251.8109
1.361149 0.3192755 0.3331709 269.6508 -67.89648 251.8109
1.369694 0.4557501 0.3422041 269.6508 -63.98809 251.8109
1.431461 0.5121466 0.199626 269.6508 -60.61405 251.8109
1.465153 0.6176153 0.1529951 269.6508 -55.65221 251.8109
1.395084 0.6994024 0.1005049 269.6508 -53.84306 251.8109
1.513004 0.8649298 -0.07796192 269.6508 -56.56061 251.8109
1.510075 0.9796759 -0.1470537 269.6508 -58.77435 251.8109
1.481999 0.9320684 -0.1795244 261.376 -60.50718 251.8109
1.535709 1.000184 -0.2605791 261.2463 -64.14076 251.8109
1.576725 1.057313 -0.2605791 250.8417 -67.75145 251.8109
1.612858 1.199647 -0.2605791 232.9867 -70.94229 251.8109
1.656803 1.341004 -0.2605791 202.8875 -78.85832 251.8109
1.684147 1.377137 -0.2605791 200.2157 -93.69038 251.8109
1.714909 1.584656 -0.2605791 181.4218 -96.11023 251.8109
1.820622 1.635682 -0.2605791 158.4677 -110.1331 251.8109
1.844792 1.771912 -0.2605791 126.5211 -127.7438 251.8109
1.921208 1.671326 -0.2605791 104.5745 -143.385 251.8109
2.045963 1.728943 -0.1897783 116.2844 -147.6446 251.8109
2.25153 1.905457 -0.15804 138.3608 -155.156 251.8109
2.075016 2.224976 -0.01692677 180.5211 -185.2247 251.8109
2.035954 2.224976 0.07340527 238.8264 -190.3927 251.8109
2.134098 2.224976 0.1581221 269.6508 -176.2629 251.8109
2.1507 2.224976 0.2069502 269.6508 -176.3698 251.8109
2.181461 2.224976 0.1351728 269.6508 -178.3774 251.8109
2.289799 2.224976 0.09537792 269.6508 -174.1484 251.8109
2.289799 2.224976 0.0699873 269.6508 -183.9041 251.8109
2.285465 2.224976 0.09684277 269.6508 -179.7744 251.8109
2.251774 2.224976 0.1866865 267.7501 -175.6904 251.8109
2.287907 2.224976 0.2423506 218.1318 -171.5759 251.8109
2.289799 2.224976 0.3341475 171.5516 -172.5148 251.8109
2.249821 2.224976 0.3365889 147.1394 -176.5148 251.8109
2.285709 2.224976 0.637126 91.12413 -157.614 204.7575
2.208561 2.224976 0.7006025 74.71192 -155.9957 158.8185
2.093327 2.224976 1.049724 70.82643 -139.5224 100.8567
2.013737 2.224976 1.155925 16.85696 -129.3392 51.40632
2.017887 2.224976 1.343181 -8.700291 -121.4919 -9.952458
2.057438 2.224976 1.440593 -41.99037 -103.5988 -64.89902
1.980778 2.224976 1.636882 -72.09724 -92.75145 -127.3647
2.11237 2.224976 1.682048 -70.35678 -72.43084 -186.3341
2.209782 2.224976 1.724772 -78.12013 -49.69038 -248.4563
2.289799 2.224976 1.640544 -98.60106 -16.1713 -248.4563
2.289799 2.224976 1.576335 -158.9369 -9.201833 -248.4563
2.289799 2.224976 1.566569 -183.8453 7.477556 -248.4563
2.289799 2.224976 1.512858 -197.1278 26.01191 -248.4563
2.289799 2.224976 1.331706 -205.5018 50.05771 -248.4563
2.289799 2.224976 1.064372 -223.7461 65.40886 -248.4563
2.289799 2.224976 0.918376 -230.6163 79.82108 -248.4563
2.289799 2.224976 0.7526045 -230.6163 96.85161 -248.4563
2.289799 2.224976 0.6671553 -230.6163 107.3325 -248.4563
0.9868814 -1.774963 2.323649 177.1394 -190.4156 251.8109
0.9678384 0.7474981 0.1444502 269.6508 -38.11023 251.8109
0.9907876 0.88617 0.03434277 269.6508 -38.11786 251.8109
0.9907876 0.9721075 -0.06551075 269.6508 -42.53771 251.8109
1.023502 1.005067 -0.1245928 269.6508 -34.97282 251.8109
0.9639321 1.028016 -0.2605791 269.6508 -50.49954 251.8109
1.034977 1.225525 -0.2605791 269.6508 -56.36214 251.8109
1.106266 1.270447 -0.2605791 269.6508 -58.57588 251.8109
1.070622 1.535584 -0.2605791 269.6508 -76.48428 251.8109
1.200749 1.352479 -0.2605791 269.4066 -85.77435 251.8109
1.294254 1.45282 -0.1004229 233.6356 -88.24001 251.8109
1.43317 1.347596 -0.02156544 218.4906 -95.73619 251.8109
1.457096 1.462586 0.004313469 199.1699 -96.83542 251.8109
1.470524 1.383973 0.06852245 199.2768 -102.2247 251.8109
1.548893 1.42743 0.07340527 200.315 -114.156 251.8109
1.630924 1.477479 0.1341963 211.4066 -119.2934 251.8109
1.730045 1.507996 0.241374 245.8951 -130.9805 251.8109
1.742252 1.533875 0.3570967 269.6508 -128.4614 251.8109
1.899235 1.4516 0.5057783 269.6508 -128.9957 251.8109
1.918278 1.470887 0.5819502 269.6508 -122.0034 251.8109
2.079899 1.366395 0.6068525 269.6508 -103.095 251.8109
2.19318 1.537537 0.6019697 269.6508 -96.52245 251.8109
2.25983 1.987488 0.5782881 269.6508 -80.32397 251.8109
2.289799 2.224976 0.3968916 269.6508 -73.94992 251.8109
2.289799 2.224976 0.1713057 269.6508 -58.88122 251.8109
2.289799 2.224976 0.02262402 269.6508 -16.11786 251.8109
2.289799 2.224976 0.07950878 244.7425 -6.186565 251.8109
2.289799 2.224976 -0.0681963 236.1241 4.095877 251.8109
2.205875 2.224976 -0.03133106 236.4829 7.912672 251.8109
1.93195 2.224976 -0.2312822 228.5669 4.156946 212.6582
1.818913 2.224976 -0.1194658 204.5592 22.98137 144.872
1.662907 2.224976 -0.038167 176.8493 28.94321 84.89487
1.878239 2.224976 -0.2605791 117.1547 66.29436 27.10861
1.329167 2.224976 -0.2605791 88.68903 25.12641 -44.3036
1.15485 2.224976 -0.2605791 48.90276 20.27145 -105.4028
1.023991 2.224976 -0.2605791 16.0707 17.60733 -159.6013
0.9924966 2.224976 -0.2605791 -9.814795 3.179848 -210.899
1.068913 2.224976 -0.2605791 -36.8606 -8.835421 -248.4563
1.209049 2.224976 -0.2605791 -82.70792 -19.59114 -248.4563
1.331852 2.224976 -0.2605791 -127.3339 -34.44611 -248.4563
1.449284 2.224976 -0.2605791 -160.4408 -47.1026 -248.4563
1.653385 2.224976 -0.2605791 -189.5094 -56.50718 -248.4563
1.944401 2.224976 -0.2605791 -193.6087 -61.50718 -248.4563
2.180973 2.224976 -0.2605791 -204.2804 -66.0797 -248.4563
2.289799 2.224976 -0.2605791 -200.8377 -70.78198 -248.4563
2.289799 2.224976 -0.2071123 -210.8835 -69.23237 -248.4563
2.289799 2.174012 -0.2073565 -225.4484 -70.38504 -248.4563
2.289799 1.866395 -0.2080889 -230.6163 -76.25526 -248.4563
2.289799 1.657166 -0.1538897 -230.6163 -78.02626 -248.4563
2.289799 1.47577 -0.1287432 -230.6163 -76.25526 -248.4563
2.289799 1.317567 -0.1133623 -230.6163 -74.3316 -248.4563
2.289799 1.118592 -0.0994463 -230.6163 -70.05679 -248.4563
2.289799 0.870545 -0.1394854 -230.6163 -65.60641 -248.4563
2.289799 0.7218634 -0.1426592 -230.6163 -57.13313 -248.4563
2.289799 0.5995489 -0.2137041 -230.6163 -47.20947 -248.4563
2.289799 0.3297735 -0.225667 -230.6163 -33.67511 -248.4563
2.289799 0.02508606 -0.2605791 -230.6163 -20.71328 -248.4563
2.289799 -0.407287 -0.2605791 -230.6163 -19.08733 -248.4563
2.289799 -0.8208612 -0.2605791 -230.6163 -7.820153 -248.4563
2.289799 -1.52716 -0.2605791 -230.6163 24.7371 -248.4563
2.289799 -1.774963 -0.2605791 -230.6163 -14.97283 -248.4563
2.289799 -1.774963 -0.2605791 -230.6163 -13.65221 -248.4563
2.289799 -1.774963 -0.2605791 -230.6163 6.530993 -248.4563
2.289799 -1.774963 -0.2605791 -230.6163 40.15694 -248.4563
2.289799 -1.774963 -0.2605791 -230.6163 61.30198 -248.4563
1.907292 -1.774963 -0.2605791 -230.6163 93.53862 -248.4563
1.33234 -1.774963 -0.2605791 -230.6163 119.3249 -248.4563
1.385075 -1.774963 -0.2605791 -230.6163 104.7753 -248.4563
0.08478173 -1.774963 -0.2605791 -230.6163 83.90504 -248.4563
-0.4816245 -1.774963 -0.2605791 -230.6163 33.52336 -248.4563
-0.4774741 -1.774963 -0.2605791 -230.6163 -30.99573 -200.2731
-0.7494468 -1.774963 -0.2605791 -230.6163 -118.7667 -140.4028
-0.9540366 -1.774963 -0.2605791 -131.6087 -143.5835 -99.91429
-1.029964 -1.774963 -0.2605791 -138.8072 -193.7667 -28.87612
-0.8495444 -1.774963 -0.2605791 -67.53235 -224.469 11.70403
-0.6185874 -1.774963 -0.2605791 8.307343 -238.4156 38.05518
-0.4037436 -1.774963 -0.2605791 171.6203 -240.0339 55.48265
-0.1823081 -1.774963 0.07023144 87.69666 -269.1713 101.5285
-0.08806983 -1.774963 0.7289228 164.1318 -256.7896 122.4598
0.3660317 -1.774963 1.024577 167.9638 -257.9957 162.5437
