-0.1038057 -0.2756011 0.4740312 -27.75992 9.084702 23.20341
-0.1196748 -0.2851226 0.468416 -32.66069 8.443481 23.40188
-0.1548311 -0.2965972 0.4811113 -35.96603 7.267909 23.12707
-0.1648408 -0.3107574 0.4850175 -37.82862 5.848061 22.81409
-0.1648408 -0.3173491 0.5062578 -38.81336 4.825161 22.40951
-0.1521455 -0.3268706 0.5377519 -38.38588 4.878595 21.79119
-0.142624 -0.3346831 0.5470293 -36.46985 4.977832 21.27974
-0.142624 -0.3415191 0.5646074 -34.04237 4.748825 20.49348
-0.1279756 -0.3620269 0.5814531 -31.56145 4.985466 20.08127
-0.1245576 -0.3693511 0.5819414 -29.17977 5.474015 19.70722
-0.109665 -0.4015777 0.605623 -23.21794 5.199206 18.47058
-0.1208955 -0.3993804 0.6163652 -18.40878 6.054168 18.43241
-0.1121064 -0.3854644 0.6183183 -14.42405 6.267909 18.08127
-0.113083 -0.3661773 0.6188066 -13.61489 7.298442 18.62325
-0.1138154 -0.3590972 0.602205 -11.65305 8.267908 18.9744
-0.1177217 -0.3551909 0.5863359 -11.86679 8.504549 19.81409
-0.1272432 -0.3446929 0.576082 -11.87443 8.641954 19.94386
-0.1348115 -0.3332183 0.5526445 -13.47748 8.947298 20.96676
-0.1467744 -0.3117339 0.5206621 -15.32481 8.756458 21.45531
-0.1457978 -0.3105132 0.5025957 -17.45458 7.93203 21.63852
-0.1509248 -0.3190581 0.4994218 -19.24084 7.458748 21.80646
-0.1506807 -0.3241851 0.4925859 -19.32481 6.290809 21.53928
-0.1516572 -0.3251616 0.5006425 -20.25611 4.878595 22.09653
-0.147751 -0.3207671 0.5167558 -20.72939 4.336611 21.98966
-0.1465303 -0.3254058 0.517 -21.69122 3.756458 22.58508
-0.1379853 -0.3278472 0.5248125 -20.67595 3.161038 22.40951
-0.1362764 -0.336148 0.5336015 -18.84389 2.886229 22.1805
-0.1318818 -0.3368804 0.5409257 -16.27901 2.550351 22.02783
-0.1199189 -0.3395659 0.5526445 -13.0729 2.168672 21.72249
-0.1140596 -0.3485991 0.5607011 -9.45458 1.901496 21.16524
-0.1077119 -0.3488433 0.5653398 -5.653053 1.985466 20.82173
-0.1040498 -0.3498199 0.5672929 -2.13397 1.947298 20.23394
-0.09501659 -0.353482 0.5724199 0.7209921 2.412947 20.26447
-0.1013643 -0.3498199 0.5707109 2.957633 3.153405 20.22631
-0.1052705 -0.3556792 0.5773027 4.446183 3.71829 20.30264
-0.1101533 -0.3537261 0.5736406 5.35458 4.565619 20.26447
-0.1052705 -0.3571441 0.5506914 6.43855 5.092336 20.56218
-0.109665 -0.3608062 0.5548418 6.797328 5.588519 20.90569
-0.1189424 -0.3610503 0.5384843 6.873664 5.954932 21.25684
-0.1201631 -0.3703277 0.5404375 8.179007 5.901496 21.20341
-0.1233369 -0.3686187 0.5489824 9.621756 5.924397 21.14234
-0.1362764 -0.3608062 0.544832 11.53015 6.023633 20.68432
-0.1497041 -0.3561675 0.5506914 13.0874 5.771725 20.31791
-0.1484834 -0.3473784 0.5360429 14.10267 5.298443 20.41714
-0.1487275 -0.350064 0.5301836 14.25534 4.916763 20.26447
-0.1516572 -0.3461577 0.5206621 13.8813 4.290809 20.71486
-0.1509248 -0.3434722 0.5221269 12.69809 3.626687 21.05073
-0.1555635 -0.3366363 0.5096757 10.65992 3.161038 21.57745
-0.1436006 -0.3339507 0.5062578 7.965267 2.153405 22.27211
-0.1436006 -0.3346831 0.5040605 5.033969 1.641954 22.9744
-0.1360322 -0.3432281 0.5008867 2.385114 1.290809 23.44005
-0.1328584 -0.3490874 0.4964921 0.8354959 0.5503511 24.0431
-0.1296846 -0.3551909 0.5111406 -1.103435 0.3671451 24.9973
-0.1296846 -0.3600738 0.515291 -1.950764 -0.04506874 25.43241
-0.1267549 -0.3620269 0.5345781 -1.393512 0.1076031 25.66905
-0.1272432 -0.3669097 0.541414 -0.3095422 0.4358473 25.85989
-0.1223603 -0.3654449 0.5494707 -2.24084 1.351878 26.38661
-0.1260225 -0.3727691 0.5365312 -3.759924 1.321343 27.45531
-0.1123506 -0.3683745 0.5440996 -4.294275 1.794626 27.63089
-0.1042939 -0.3637359 0.546541 -4.83626 2.260275 27.9515
-0.09501659 -0.3715484 0.5458086 -5.301908 2.924397 27.9744
-0.09989941 -0.3932769 0.5607011 -3.782825 3.031267 27.91333
-0.1001436 -0.4062163 0.5816972 -1.721756 3.870962 27.48585
-0.1030732 -0.4225738 0.5841386 0.3622136 4.596153 27.50875
-0.1099092 -0.4252593 0.5707109 1.95 5.565619 27.42478
-0.1067353 0.03128369 0.5721757 -13.53092 10.73356 14.48585
-0.07255566 -0.00851123 0.6432207 -14.05 7.130504 14.73012
-0.06645215 0.002963379 0.6432207 -14.63779 7.161038 15.2034
-0.06864941 -0.008999512 0.626375 -13.92023 8.657221 15.21104
-0.06938183 -0.009487793 0.6117265 -15.1874 8.809893 15.80646
-0.07182324 0.07034619 0.591707 -17.39351 8.382412 15.26447
-0.0559541 0.05325634 0.6109941 -15.50038 10.32134 13.93623
-0.066208 -0.002407715 0.6153886 -20.63779 10.58852 15.60035
-0.07890332 0.01077588 0.5936601 -18.75992 11.67249 15.02783
-0.07255566 -0.0209624 0.5785234 -19.0271 11.68776 15.33318
-0.06987011 -0.002407715 0.5655839 -17.03473 11.65722 15.0889
-0.06669629 -0.005337402 0.5685136 -15.85153 11.9244 15.25684
-0.05448925 0.002230957 0.563875 -14.74466 12.90913 14.67669
-0.05644238 -0.01119678 0.5487382 -13.45458 13.28318 14.42478
-0.0559541 -0.01681201 0.5509355 -13.20267 13.48928 14.9515
-0.06059277 -0.02706592 0.5428789 -12.45458 14.00073 14.95913
-0.06449902 -0.02901904 0.5296953 -11.85916 14.016 15.34081
-0.0571748 -0.03707568 0.527498 -11.22557 14.1305 15.95913
-0.0481416 -0.04293506 0.5128496 -10.85916 14.38241 16.30264
-0.0571748 -0.04147021 0.5045488 -10.32481 14.60379 16.68432
-0.04643261 -0.03756397 0.5067461 -9.500381 14.59615 17.10417
-0.04911816 -0.04147021 0.4947832 -9.332443 14.45111 17.69195
-0.04643261 -0.04049365 0.4964921 -8.462214 14.19157 17.89806
-0.0571748 -0.05489795 0.5016191 -7.072901 13.64959 18.23394
-0.05937207 -0.06002491 0.5021074 -6.126336 14.09997 18.60035
-0.05741894 -0.04610888 0.5047929 -4.508016 13.65722 18.60798
-0.06523144 -0.04781787 0.4957597 -4.187405 13.78699 19.23394
-0.07548535 -0.08297413 0.4903886 -1.767558 13.27554 20.18814
-0.07792675 -0.07223194 0.4935625 -0.3706107 12.59615 20.91333
-0.07133496 -0.0798003 0.5047929 2.965267 12.73356 21.34844
-0.06108105 -0.06441944 0.5045488 4.698091 12.93203 21.94386
-0.06474316 -0.06441944 0.4994218 6.46145 13.09997 22.77592
-0.06718457 -0.06490772 0.4972246 7.736259 12.34424 22.9744
-0.07328808 -0.05221241 0.480623 8.789694 12.14577 23.90569
-0.07768261 -0.04659717 0.4830644 9.659924 11.40531 24.87516
-0.07743847 -0.0287749 0.4859941 9.003435 11.44348 25.45531
-0.07987988 -0.02071826 0.4825761 8.201908 10.9473 26.27974
-0.08891308 -0.02047412 0.4877031 7.54542 10.32898 26.69195
-0.08232128 -0.008755371 0.4864824 6.54542 10.68776 26.88279
-0.08036816 0.02908643 0.4837968 4.690458 10.09997 27.34081
-0.08573925 0.05032666 0.4732988 1.988168 9.481649 27.79119
-0.08525097 0.05789502 0.4732988 -0.7293897 9.336611 28.05837
-0.0793916 0.0740083 0.4774492 -3.813359 8.947298 28.0431
-0.08403027 0.07181103 0.4837968 -5.950764 8.771725 28.066
-0.08940136 0.07254345 0.4779375 -8.469848 8.435848 27.79882
-0.09599316 0.07620556 0.4872148 -11.03473 8.000732 27.54692
-0.1013643 0.08694775 0.4767168 -15.27137 8.107603 27.63852
-0.1018525 0.06766064 0.477205 -18.28664 7.321344 27.90569
-0.08720409 0.08597118 0.4759843 -23.80573 7.687756 27.60798
-0.07548535 0.08182079 0.4706132 -28.40878 7.382412 27.80646
-0.05375683 0.09158642 0.4847734 -33.28664 7.451114 27.66142
-0.05082715 0.08597118 0.4908769 -35.43931 7.481649 26.86753
-0.04179394 0.08719189 0.5001543 -37.74466 7.634321 25.69959
-0.05815136 0.07547314 0.4986894 -37.50038 7.733557 24.67669
-0.05937207 0.03641064 0.5096757 -36.46985 7.687756 23.89043
-0.05961621 0.03763135 0.4964921 -34.86679 6.222106 23.40951
-0.08110058 -0.03634326 0.527498 -30.30191 8.107603 23.90569
-0.05741894 -0.04415576 0.5060136 -31.98893 5.580885 25.66905
-0.04399121 0.04007276 0.4781816 -27.13397 6.099969 23.82936
-0.03105175 0.03518994 0.4803789 -27.94313 6.390046 23.70722
-0.03617871 0.08279736 0.4630449 -29.43931 5.878596 22.83699
-0.05326855 0.06473095 0.4598711 -31.53092 5.893862 22.14997
-0.06987011 0.06570752 0.4508379 -34.65305 5.061801 22.58508
-0.08818066 0.05276806 0.4618242 -36.68359 3.901496 23.11943
-0.08622753 0.05154736 0.4483964 -39.48512 3.199206 23.89806
-0.0896455 0.06106884 0.4625566 -41.43168 1.970199 24.40951
-0.0884248 0.06766064 0.4637773 -44.53092 1.687756 24.85989
-0.08720409 0.06692822 0.477205 -46.44695 1.161038 25.03547
-0.08427441 0.05862744 0.4918535 -47.98893 0.6495879 25.66142
-0.07206738 0.075229 0.5201738 -53.54618 -0.09850383 26.73012
-0.06401074 0.07156689 0.5343339 -55.48512 -0.3427787 27.43241
-0.06279004 0.08108837 0.5555742 -57.56908 -0.3198779 27.73775
-0.06669629 0.06961377 0.5675371 -57.96603 -0.167206 27.91333
-0.0493623 0.07181103 0.5682695 -57.8897 0.5198169 28.27211
-0.04301465 0.08279736 0.5729082 -56.05 0.4969161 27.70722
-0.03837597 0.090854 0.5721757 -54.32481 1.046534 27.48585
-0.04301465 0.1079438 0.5724199 -50.98893 0.8022594 26.40188
-0.0403291 0.1233247 0.5680254 -48.40115 1.20684 25.54692
-0.04057324 0.122104 0.5802324 -44.15687 0.9167633 24.35608
-0.03935254 0.1333345 0.5807207 -40.97367 0.8633282 23.40188
-0.04374707 0.118686 0.58658 -36.53855 0.8785954 22.16524
-0.04716504 0.2046235 0.5841386 -2.897328 -1.571786 28.22631
-0.02397168 0.1960786 0.6361406 -2.675954 -5.754992 26.83699
-0.01737988 0.1904634 0.6456621 -2.256107 -5.869496 26.66905
-0.01664746 0.1870454 0.6429765 -2.05 -5.716825 27.08127
