2.289799 2.224976 1.028483 224.7501 -194.4003 251.8109
2.184391 2.224976 1.306804 203.4982 -183.4843 247.4292
1.982731 2.224976 1.405925 152.1623 -170.8125 212.9789
1.759831 2.224976 1.295573 101.315 -165.614 176.5285
1.647038 2.224976 1.405192 83.62032 -156.1637 134.2995
1.515934 2.224976 1.467448 51.08597 -152.3927 86.02464
1.517399 2.224976 1.603923 50.49818 -123.011 30.22311
1.443424 2.224976 1.467448 59.52872 -109.8889 -19.43337
1.43317 2.224976 1.488688 81.45238 -99.86595 -68.93719
1.353581 2.224976 1.464519 97.67375 -89.49954 -113.1967
1.246403 2.224976 1.388103 85.62796 -83.40794 -150.1357
1.266667 2.224976 1.474284 65.30734 -81.65985 -187.1509
1.302799 2.224976 1.626872 77.35315 -72.94229 -228.815
1.421452 2.224976 1.616618 79.32261 -59.31634 -248.4563
1.493229 2.224976 1.58195 29.98673 -57.1713 -248.4563
1.891178 2.224976 1.982585 -106.4255 -10.94992 -248.4563
2.034977 2.224976 2.032878 -117.1812 23.77527 -248.4563
2.052799 2.224976 1.836101 -117.8072 45.11878 -248.4563
2.078922 2.224976 1.586589 -152.9598 62.60733 -248.4563
2.185612 2.224976 1.430339 -175.3491 82.5768 -248.4563
2.289799 2.224976 1.254802 -202.7614 93.62259 -248.4563
2.289799 2.224976 1.19987 -229.8072 109.676 -248.4563
2.289799 2.224976 1.130046 -230.6163 129.6531 -248.4563
2.289799 2.224976 0.965251 -230.6163 150.844 -248.4563
2.289799 2.153992 0.7499189 -230.6163 170.676 -248.4563
2.289799 1.947205 0.5836592 -230.6163 188.5157 -248.4563
2.289799 1.771424 0.4051924 -230.6163 211.5768 -248.4563
2.289799 1.445008 0.191081 -230.6163 230.7295 -248.4563
2.289799 1.182801 -0.02180958 -230.6163 231.0959 -248.4563
2.289799 0.8834845 -0.135335 -230.6163 231.0959 -248.4563
2.289799 0.7616583 -0.2566729 -230.6163 231.0959 -248.4563
2.289799 0.6234747 -0.2605791 -230.6163 231.0959 -248.4563
2.289799 0.4708868 -0.2605791 -230.6163 231.0959 -248.4563
2.289799 0.1640021 -0.2605791 -230.6163 231.0959 -248.4563
2.289799 -0.1072382 -0.2605791 -230.6163 231.0959 -248.4563
2.289799 -0.6736444 -0.2605791 -230.6163 231.0959 -248.4563
2.289799 -0.5090937 -0.2605791 -230.6163 231.0959 -248.4563
2.289799 -0.6216425 -0.2605791 -230.6163 231.0959 -248.4563
-0.1576499 -1.774963 0.4603682 76.94856 -181.2247 46.55136
0.7927896 -0.9902948 0.7279463 171.3608 -112.1942 251.8109
0.7725259 -1.004943 0.7316084 192.2692 -111.5988 251.8109
0.8394204 -0.9985956 0.5626631 201.8341 -112.2782 251.8109
0.8684731 -0.8926386 0.5448408 205.1623 -113.2705 251.8109
0.8894692 -0.8665155 0.4943037 217.6356 -115.0721 251.8109
0.9141274 -0.6738886 0.5206709 222.7348 -118.7285 251.8109
1.02277 -0.5103144 0.4764814 223.7425 -113.8202 251.8109
1.012028 -0.61383 0.3058271 229.3226 -116.2934 251.8109
1.14362 -0.5989374 0.1488447 219.8417 -124.8812 251.8109
1.243961 -0.5654902 0.2250166 221.773 -129.2629 251.8109
1.404362 -0.4636835 0.2435713 230.2157 -130.6522 251.8109
1.651676 -0.33966 0.1888838 216.9562 -127.843 251.8109
1.512272 0.5934454 0.260417 172.8799 -146.8278 251.8109
1.537663 1.076844 0.4818525 176.3379 -146.9805 251.8109
1.61237 0.759461 0.3121748 196.2616 -145.8507 251.8109
1.750065 0.4647833 0.2403975 231.0096 -147.6599 251.8109
1.908024 0.7887579 0.1954756 211.1012 -153.1408 251.8109
1.825016 0.6671759 0.3085127 207.918 -157.4156 251.8109
1.856754 0.889588 0.4313154 180.3379 -157.6904 251.8109
1.841618 0.8629766 0.5038252 171.0631 -156.9423 251.8109
1.919987 0.9042364 0.5284834 163.0554 -157.5377 251.8109
1.999088 0.9081427 0.5214033 164.5592 -158.4995 251.8109
2.045231 0.9479376 0.5509443 169.1241 -159.385 251.8109
2.112614 0.9877325 0.5282393 176.0325 -159.7133 251.8109
2.135075 1.041199 0.5646162 182.6738 -165.0263 251.8109
2.121403 1.184998 0.5646162 186.2539 -159.7438 251.8109
2.244205 1.237977 0.4772139 196.9562 -165.2018 251.8109
2.251774 1.393006 0.4911299 204.0936 -164.6369 251.8109
2.172916 1.541932 0.4984541 205.773 -168.9576 251.8109
2.246647 1.644959 0.4938154 202.7272 -171.7591 251.8109
2.169254 1.925477 0.4637861 196.5516 -190.6751 251.8109
2.103825 2.224976 0.6288252 188.3684 -186.6217 251.8109
2.289799 2.213074 0.4733076 193.5287 -186.7667 251.8109
2.289799 2.224976 0.5621748 226.3073 -184.2247 251.8109
2.289799 2.224976 0.5985518 239.9486 -185.4003 251.8109
2.289799 2.224976 0.6903486 261.9333 -193.8049 251.8109
2.289799 2.224976 0.7237959 269.6508 -196.4843 251.8109
2.289799 2.224976 0.7855635 269.6508 -186.1942 251.8109
2.192936 2.224976 0.7750654 269.6508 -185.2095 251.8109
1.58942 2.224976 0.8736982 269.6508 -191.6675 251.8109
1.797672 2.224976 1.220378 176.4447 -203.8125 251.8109
2.056461 2.224976 1.954509 219.315 -158.0644 251.8109
2.083561 2.224976 1.777263 201.3073 -126.3392 251.8109
2.028385 2.224976 1.684978 178.857 -111.9423 222.2231
2.158268 2.224976 1.653483 147.7883 -103.7133 176.8262
2.167057 2.224976 1.723552 124.0554 -85.34688 130.9178
2.289799 2.224976 1.829753 85.75009 -61.86596 70.10861
2.289799 2.224976 2.130778 42.42184 -38.3316 -0.9295573
2.220524 2.224976 2.409831 -31.80716 -11.82015 -71.63948
2.207829 2.224976 2.436687 -108.4713 16.08825 -140.1662
2.228092 2.224976 2.283122 -101.4942 46.35542 -210.754
2.196354 2.224976 2.161784 -108.1125 71.43176 -248.4563
2.234928 2.224976 1.961589 -102.4637 92.41649 -248.4563
2.289799 2.224976 1.767009 -109.8148 107.6989 -248.4563
2.289799 2.224976 1.566081 -119.0896 125.0272 -248.4563
2.289799 2.224976 1.24406 -127.3415 137.0654 -248.4563
2.289799 2.224976 1.042888 -142.082 144.6455 -248.4563
2.289799 2.224976 0.9173994 -152.9522 154.1417 -248.4563
2.289799 2.224976 0.8131514 -156.2346 161.4547 -248.4563
2.289799 2.224976 0.6739912 -156.7003 173.0501 -248.4563
2.289799 2.035584 0.489665 -164.7614 173.76 -248.4563
2.289799 1.784852 0.4144697 -173.769 175.3249 -248.4563
2.289799 1.560242 0.3885908 -184.7308 179.0577 -248.4563
2.289799 1.289246 0.3348799 -192.7766 184.9432 -248.4563
2.289799 1.138611 0.2814131 -206.5476 188.4165 -248.4563
2.289799 0.9525763 0.2399092 -218.601 193.531 -248.4563
2.289799 0.8185431 0.230876 -223.311 199.447 -248.4563
2.289799 0.6452032 0.2391768 -230.6163 210.7066 -248.4563
2.289799 0.5556036 0.1778975 -230.6163 218.5692 -248.4563
2.289799 0.4159552 0.1009932 -230.6163 231.0959 -248.4563
2.289799 0.3900763 -0.003743172 -230.6163 231.0959 -248.4563
2.289799 0.3085333 -0.09700489 -230.6163 231.0959 -248.4563
2.289799 0.183045 -0.2605791 -230.6163 231.0959 -248.4563
2.289799 0.02679504 -0.2605791 -230.6163 231.0959 -248.4563
2.289799 -0.1948846 -0.2605791 -230.6163 231.0959 -248.4563
2.289799 -0.3181757 -0.2605791 -230.6163 231.0959 -248.4563
2.289799 -0.7026972 -0.2605791 -230.6163 231.0959 -248.4563
2.289799 -0.9671015 -0.2605791 -230.6163 231.0959 -248.4563
2.289799 -1.152892 -0.2605791 -230.6163 231.0959 -248.4563
2.289799 -1.514709 -0.2605791 -230.6163 231.0959 -248.4563
2.289799 -1.774963 -0.2605791 -230.6163 231.0959 -248.4563
2.274723 -1.774963 -0.2605791 -230.6163 231.0959 -248.4563
1.935856 -1.774963 -0.2605791 -230.6163 231.0959 -248.4563
1.375797 -1.774963 -0.2605791 -230.6163 231.0959 -248.4563
0.7576333 -1.774963 -0.2605791 -230.6163 231.0959 -248.4563
0.3340493 -1.774963 -0.2605791 -230.6163 231.0959 -248.4563
-1.71014 -1.774963 -0.2605791 -83.05144 159.1722 -248.4563
-0.7438315 -1.774963 -0.2605791 -88.84532 55.79817 -236.7311
-1.391292 -1.774963 -0.2605791 -16.43311 -36.31634 -183.0746
-1.404232 -1.774963 -0.2605791 27.46001 -83.75908 -119.067
-1.574154 -1.774963 -0.2605791 37.37605 -139.5224 -96.41811
1.401676 1.951356 0.04801464 239.5898 -233.8812 251.8109
2.236637 2.224976 2.013591 -157.8682 93.44702 -248.4563
2.289799 2.224976 1.817058 -163.6163 111.0806 -248.4563
2.289799 2.224976 1.632731 -165.853 121.4241 -248.4563
2.289799 2.224976 1.457683 -167.8301 133.8287 -248.4563
2.289799 2.224976 1.315104 -173.227 144.302 -248.4563
2.289799 2.224976 1.22819 -177.7308 157.2791 -248.4563
2.289799 2.065858 1.106853 -185.4026 168.0577 -248.4563
2.289799 1.814637 0.9969893 -196.0285 176.8363 -248.4563
2.289799 1.584412 0.9222822 -213.0591 186.9127 -248.4563
2.289799 1.445252 0.8566084 -230.4408 200.2562 -248.4563
2.289799 1.269471 0.75529 -230.6163 213.0424 -248.4563
2.289799 1.105897 0.6864424 -230.6163 230.4165 -248.4563
2.289799 0.9591681 0.5956221 -230.6163 231.0959 -248.4563
2.289799 0.8400274 0.5311689 -230.6163 231.0959 -248.4563
2.289799 0.7091681 0.4596357 -230.6163 231.0959 -248.4563
2.289799 0.5248419 0.3361006 -230.6163 231.0959 -248.4563
2.289799 0.5917364 -0.2334795 -230.6163 231.0959 -248.4563
2.289799 0.5934454 -0.2593584 -230.6163 231.0959 -248.4563
2.289799 0.3812872 -0.2605791 -230.6163 231.0959 -248.4563
