0.92902 0.610047 0.7757978 175.1699 -87.87358 251.8109
0.9380532 0.5648809 0.6923018 175.6661 -89.97282 251.8109
0.9631997 0.6466681 0.6454268 169.1699 -89.90413 251.8109
0.9610024 0.6774298 0.6246748 169.3379 -91.91939 251.8109
2.289799 1.901307 0.432292 -165.6163 192.1035 -248.4563
2.211979 -1.774963 -0.2605791 -230.6163 231.0959 -248.4563
1.895084 -1.774963 -0.2605791 -230.6163 231.0959 -248.4563
1.08942 -1.774963 -0.2605791 -230.6163 211.2638 -248.4563
0.4888345 -1.774963 -0.2605791 -230.6163 178.6913 -248.4563
0.2966958 -1.774963 -0.2605791 -230.6163 143.5081 -248.4563
0.4578286 -1.774963 -0.2605791 -230.6163 115.3631 -248.4563
0.002750486 -1.774963 -0.2605791 -230.6163 67.53862 -248.4563
-0.1818198 -1.774963 -0.2605791 -230.6163 6.798168 -248.4563
0.21027 -1.774963 -0.2605791 -230.6163 -37.30107 -197.1815
0.1236001 -1.774963 -0.2605791 -230.6163 -89.91176 -129.2196
-0.206478 -1.774963 -0.2605791 -178.4408 -157.6369 -80.40284
-0.4501304 -1.774963 -0.2605791 -62.83006 -197.8049 -33.61658
-0.520687 -1.774963 -0.2605791 19.35315 -241.2553 15.62769
-0.5880698 -1.774963 -0.2605791 62.65849 -269.1713 75.8109
-0.5333823 -1.774963 -0.2605791 101.2615 -269.1713 119.5208
-0.2592124 -1.774963 -0.2605791 148.2157 -269.1713 153.7193
0.1218911 -1.774963 -0.2605791 175.7959 -269.1713 184.7804
0.2188149 -1.774963 -0.004475594 203.4142 -269.1713 213.1697
0.6450845 -1.774963 0.6710615 240.3761 -269.1713 250.3682
0.8062173 -1.774963 0.9938154 269.6508 -269.1713 251.8109
1.015446 -1.774963 1.106364 269.6508 -269.1713 251.8109
1.03693 -1.774963 1.203044 269.6508 -269.1713 251.8109
1.288883 -1.774963 1.208659 269.6508 -262.4308 251.8109
1.31696 -1.456115 1.478435 269.6508 -237.8354 251.8109
1.386295 -1.139465 1.50822 269.6508 -214.095 251.8109
1.390446 -0.8872675 1.512126 269.6508 -196.0415 251.8109
1.383366 -0.6721796 1.506267 269.6508 -177.24 251.8109
1.419499 -0.4839472 1.447673 269.6508 -160.5988 251.8109
1.37067 -0.3677362 1.411784 269.6508 -144.6904 251.8109
1.404362 -0.172912 1.363444 269.6508 -130.9805 251.8109
1.384342 -0.07989441 1.438884 269.6508 -114.5682 251.8109
1.273258 0.06536926 1.447429 269.6508 -98.75145 251.8109
1.307194 0.1437384 1.25822 269.6508 -79.85069 251.8109
1.237858 0.2084357 1.198405 269.6508 -70.94229 251.8109
1.242008 0.2977911 1.107341 269.6508 -57.42321 251.8109
1.156315 0.2511603 0.9337568 269.6508 -47.85069 251.8109
1.104069 0.368836 0.7696943 254.9257 -49.77435 251.8109
1.034001 0.4447638 0.7838545 234.8646 -45.98809 251.8109
1.05109 0.5360723 0.727458 217.544 -41.83542 251.8109
1.019352 0.5309454 0.6349287 198.9409 -43.94992 251.8109
1.013737 0.514588 0.5858564 182.1318 -46.43848 251.8109
1.01569 0.5101934 0.5196943 171.0096 -46.63695 251.8109
1.047672 0.5070196 0.5004072 159.4218 -55.18657 251.8109
1.052311 0.4161993 0.5323896 152.8035 -59.3316 251.8109
1.101627 0.3966681 0.5648603 147.5898 -62.27817 251.8109
1.10529 0.3385626 0.5668135 146.4447 -65.0797 251.8109
1.137028 0.3827521 0.527751 136.1165 -67.75908 251.8109
1.145817 0.3161017 0.5370283 150.3073 -77.17893 251.8109
1.206852 0.2960821 0.5890303 155.8188 -80.14839 251.8109
1.299381 0.3261114 0.5594893 159.0554 -85.97282 251.8109
1.415348 0.339295 0.5609541 163.9333 -90.17892 251.8109
1.503483 0.3346564 0.5387373 171.628 -95.81252 251.8109
1.576237 0.4879766 0.5780439 185.6661 -100.6904 251.8109
1.746159 0.5368048 0.5987959 206.8951 -107.1866 251.8109
1.643375 0.6281134 0.5997725 209.9715 -111.2171 251.8109
1.754459 0.7526251 0.5402021 238.628 -122.6446 251.8109
2.044743 0.9335333 0.4991865 253.6127 -130.3774 251.8109
2.289799 0.8507696 0.4762373 269.6508 -133.6904 251.8109
2.271305 1.029481 0.5900068 269.6508 -121.6599 251.8109
2.165836 1.153992 0.6586103 269.6508 -118.0415 251.8109
2.289799 1.286561 0.3636885 269.6508 -112.0721 251.8109
2.289799 1.537781 0.1178389 269.6508 -119.24 251.8109
2.289799 1.742127 0.1202803 269.6508 -144.1026 251.8109
2.289799 2.196229 -0.009846687 269.6508 -121.6217 251.8109
2.289799 2.224976 -0.1001787 269.6508 -108.4308 251.8109
2.007633 2.224976 -0.1524248 269.6508 -118.2858 251.8109
1.896793 2.224976 -0.05989552 269.6508 -125.6446 251.8109
1.653874 2.224976 0.1156416 269.6508 -118.4079 251.8109
1.550846 2.224976 0.135417 269.6508 -118.1026 251.8109
1.555973 2.224976 0.1307783 269.6508 -109.4461 251.8109
1.646061 2.224976 0.1451826 215.8188 -104.4766 251.8109
1.726627 2.224976 0.2521162 139.9867 -92.0797 251.8109
1.83112 2.224976 0.3683271 94.03253 -77.05679 246.3529
1.885319 2.224976 0.4630537 74.91803 -55.56061 204.5743
1.919743 2.224976 0.4401045 77.99437 -43.65985 160.185
2.028629 2.224976 0.5536299 97.45238 -35.49191 112.5743
2.287663 2.224976 0.6949873 109.9562 -21.2858 60.73457
2.289799 2.224976 0.9051924 140.2081 -18.40031 14.25365
2.289799 2.224976 0.6705732 143.0325 54.31725 -81.62421
2.18195 2.224976 0.5394697 106.0554 34.34779 -134.2731
1.786686 2.224976 0.7255049 73.35315 57.44703 -192.6089
1.8736 2.224976 0.3075361 28.84933 56.7829 -246.5555
1.75275 2.224976 0.1759443 6.475283 55.24092 -248.4563
1.709049 2.224976 0.1029463 -48.72319 52.63786 -248.4563
1.774479 2.224976 -0.1131182 -110.9293 22.17221 -248.4563
1.942204 2.224976 -0.1797686 -101.998 9.614962 -248.4563
2.010075 2.224976 -0.2605791 -89.61632 4.683664 -248.4563
2.076237 2.166444 -0.2605791 -108.1049 -17.63695 -248.4563
2.186588 1.962586 -0.2605791 -114.7614 -26.89649 -248.4563
2.248356 1.720643 -0.2605791 -130.7766 -41.09496 -248.4563
2.289799 1.500916 -0.2605791 -150.227 -48.04916 -248.4563
0.5049478 -1.490295 0.6634932 25.81116 -215.9652 251.8109
0.5657388 0.9252325 1.128337 218.7806 -103.3774 251.8109
0.4751626 1.020936 1.132731 232.9028 -101.324 251.8109
0.5222817 0.9713751 1.036052 238.8493 -108.5759 251.8109
0.606022 0.9076544 0.9379072 241.2386 -104.9423 251.8109
0.5745278 0.8280645 0.8815107 255.4066 -110.4308 251.8109
0.6333657 0.9057013 0.770915 261.0249 -109.9652 251.8109
0.6641274 0.9916388 0.6879072 269.6508 -114.3469 251.8109
0.6992837 1.097352 0.6808271 269.6508 -122.6828 251.8109
0.7124673 1.140076 0.7406416 269.6508 -134.0186 251.8109
0.8140298 1.238221 0.7008467 269.6508 -134.9194 251.8109
0.9033853 1.389588 0.701335 269.6508 -137.5148 251.8109
0.9187661 1.505555 0.7416182 269.6508 -140.7514 251.8109
1.022038 1.742859 0.7538252 269.6508 -139.3927 251.8109
1.036442 1.727967 0.760417 269.6508 -139.5911 243.1773
1.11359 2.020203 0.7977705 269.6508 -134.6599 243.1926
1.168278 2.15033 0.7589521 269.6508 -131.1179 244.2079
1.224674 2.224976 0.649333 269.6508 -124.3087 240.6277
1.243473 2.224976 0.534831 269.6508 -132.8354 237.9407
1.396549 2.224976 0.49821 269.6508 -132.7896 236.8262
1.49567 2.224976 0.4554853 269.6508 -134.6064 235.5361
1.664372 2.224976 0.3717451 269.6508 -137.9805 238.6582
1.716618 2.224976 0.3832197 249.9944 -148.927 236.2842
1.815006 2.224976 0.6293135 201.8112 -144.8812 230.9483
1.748356 2.224976 0.680583 139.3226 -139.5988 213.3834
1.806706 2.224976 0.7435713 87.74246 -127.5759 195.3834
1.734928 2.224976 0.8883467 48.13177 -125.4766 177.7956
1.665592 2.224976 1.07194 14.10887 -118.1026 163.185
1.604069 2.224976 1.262858 -16.56289 -123.9194 146.2918
1.579411 2.224976 1.480632 -36.21938 -96.01099 110.9865
1.367008 2.224976 1.65153 -65.8606 -76.80489 74.32999
1.403385 2.224976 1.703776 -64.63159 -54.53771 43.788
1.221256 2.224976 1.797526 -62.34915 -47.3316 11.9254
1.274479 2.224976 1.911784 -52.37204 -30.68275 -24.1433
1.163639 2.224976 1.987468 -32.69266 -11.07969 -56.11276
1.214176 2.224976 1.826823 -31.8377 5.660763 -86.0975
1.114811 2.224976 1.834147 -31.08197 22.10351 -111.0746
1.089909 2.224976 1.717937 -66.44075 35.91267 -131.0135
1.065251 2.224976 1.74406 -81.41022 49.50809 -154.67
1.044987 2.224976 1.752604 -139.0972 57.33252 -175.5784
1.229801 2.224976 1.871501 -151.1888 73.34778 -209.2502
1.348698 2.224976 1.918132 -147.6698 98.99664 -243.1967
1.398014 2.224976 1.89445 -151.2881 116.6913 -248.4563
1.539616 2.224976 1.632731 -149.9064 148.0043 -248.4563
1.318668 2.224976 1.56364 -159.6316 150.6531 -248.4563
1.402409 2.224976 1.347819 -168.54 162.5768 -248.4563
1.440006 2.224976 1.30656 -181.6316 177.1111 -248.4563
1.484684 2.162781 1.229167 -187.456 190.9279 -248.4563
1.577458 2.040223 1.112468 -187.0667 203.4928 -248.4563
1.52277 1.795838 1.082927 -181.5858 218.9432 -248.4563
1.613102 1.525086 0.8380537 -180.6392 231.0959 -248.4563
1.586247 1.365906 0.7494307 -181.7995 231.0959 -248.4563
1.410221 1.220154 0.684001 -183.2575 231.0959 -248.4563
1.565495 0.9960333 0.401042 -174.0362 231.0959 -248.4563
