1.181106 -0.1610991 0.9835527 -4.248473 1.092336 13.80646
1.18721 -0.1581694 1.00284 -4.233206 1.245008 13.37898
1.199905 -0.223355 1.135896 -2.83626 -1.671023 -10.8653
0.9745635 -0.5964019 1.115877 22.46908 47.26791 -12.73553
0.9516143 -0.5946929 1.099764 24.14847 47.84043 -7.895832
0.9430694 -0.5771148 1.099519 23.29351 49.03127 -3.262245
0.9591826 -0.567105 1.104402 19.10267 51.08471 1.905695
0.9635772 -0.5556304 1.094148 13.79733 53.8786 6.859893
0.9606475 -0.565396 1.058016 8.22481 57.05417 11.51638
0.9450225 -0.5683257 1.017244 4.140839 58.86333 16.51638
0.9259795 -0.5714995 0.9769609 1.896565 60.09234 20.92859
0.9230498 -0.5683257 0.9239824 -0.141603 60.22211 25.63852
0.9223174 -0.5446441 0.8839434 -3.187405 58.74119 30.44768
0.9257354 -0.5194976 0.8507402 -7.737023 57.84043 34.84463
0.9223174 -0.485562 0.8231524 -13.1645 56.71829 39.51638
0.8559112 -0.4928863 0.8524492 -18.24847 55.0618 44.56218
0.9159698 -0.4086577 0.791414 -27.43931 55.76409 47.87516
0.9269561 -0.3964507 0.7589433 -23.32481 53.9015 48.80646
0.9091338 -0.3422515 0.7005937 -28.43168 52.81753 48.9744
0.9040069 -0.369107 0.6627519 -25.99656 46.34425 50.066
0.9335479 -0.3459136 0.6500566 -33.05763 43.43585 52.63852
0.9330596 -0.3236968 0.6310136 -35.53855 40.77173 54.53928
0.9281768 -0.3288238 0.5782793 -40.40878 36.62669 57.07363
0.9152373 -0.3210113 0.5619218 -44.05764 31.68012 59.08127
0.9125518 -0.3131988 0.5545976 -46.56908 26.82516 60.85226
0.9313506 -0.3007476 0.5450761 -50.06527 22.1076 63.0889
0.933792 -0.2860991 0.5301836 -54.08054 17.0389 65.23394
0.9394073 -0.2851226 0.5353105 -58.98893 11.71066 68.07363
0.9499053 -0.2746245 0.5314043 -64.93549 6.275542 70.90569
0.9535674 -0.2568023 0.5409257 -71.42404 0.1228702 74.25684
0.956253 -0.2350737 0.5514238 -79.27137 -5.762626 77.27211
0.9843291 -0.2126128 0.6112382 -86.56908 -11.28171 79.57745
0.9955596 -0.1991851 0.6830156 -92.97366 -14.09087 81.2263
1.006058 -0.1818511 0.716707 -97.72176 -16.0298 81.92096
1.012161 -0.1752593 0.7379472 -100.9889 -18.82369 82.48585
1.029007 -0.1659819 0.7784746 -102.5156 -21.56415 82.20341
1.046829 -0.1398589 0.8263262 -102.7599 -23.57179 81.40188
1.072464 -0.1171538 0.8661211 -102.8668 -25.55652 80.02783
1.094925 -0.09737843 0.9176348 -102.5767 -26.09087 78.0431
1.114944 -0.07540576 0.9613359 -100.1798 -26.40385 74.38661
1.12886 -0.05196826 0.9884356 -93.85152 -26.02217 68.73013
1.157425 -0.04684131 1.00699 -87.89732 -24.8466 63.21104
1.175247 -0.04000537 1.046297 -81.66832 -23.51835 57.21104
1.191116 -0.03927295 1.06534 -74.24084 -22.41912 51.14233
1.196243 -0.03683154 1.085603 -66.9813 -21.54889 45.66142
1.191849 -0.03927295 1.095613 -59.64542 -19.77789 39.31791
1.191604 -0.04220263 1.115144 -51.92786 -17.48782 33.27211
1.185989 -0.05392139 1.135652 -43.71412 -15.09087 27.0431
1.181106 -0.06393116 1.142 -35.66069 -13.15194 21.60798
1.1772 -0.07296436 1.148836 -28.56145 -10.23591 16.51638
1.169388 -0.08712452 1.156648 -22.33244 -7.754992 12.24157
1.158646 -0.1066558 1.1691 -16.55382 -4.671023 8.142336
1.1418 -0.1252105 1.161287 -11.9126 -1.938198 4.928595
1.134231 -0.138394 1.156404 -8.324809 0.7182901 2.699587
1.127884 -0.1576812 1.143465 -5.324809 3.443481 0.5621834
1.11763 -0.1725737 1.123201 -2.882061 6.252641 -0.9950695
1.116165 -0.1652495 1.103182 -1.53855 8.374779 -2.185909
1.114456 -0.1720855 1.091951 -1.233206 10.36715 -2.834763
1.12764 -0.1689116 1.079744 -2.653054 12.54272 -2.74316
1.12471 -0.171353 1.0524 -4.714122 14.77936 -3.239344
1.133743 -0.1693999 1.025301 -6.805725 16.19921 -3.155375
1.146438 -0.1674468 1.008943 -10.08817 17.31371 -3.170641
1.157669 -0.155728 1.000398 -13.69885 18.64195 -3.094305
1.148147 -0.1537749 0.98575 -17.26374 20.05417 -3.407282
1.152298 -0.1476714 0.9772051 -21.26374 21.88623 -4.147741
1.145462 -0.1413237 0.9671953 -24.99656 23.0389 -4.972168
1.152786 -0.1335112 0.9598711 -28.38588 24.71066 -6.353848
1.147903 -0.1457183 0.9452227 -30.40878 26.38241 -7.74316
1.148147 -0.159146 0.9313066 -30.59198 27.56562 -10.08667
1.145218 -0.1740386 0.9161699 -29.19504 28.45875 -12.07141
1.13887 -0.1794097 0.9105547 -26.63015 29.48165 -14.59049
1.123978 -0.2065093 0.8790606 -22.59962 30.29081 -17.17064
1.110794 -0.2362944 0.8585527 -18.21794 30.70302 -19.65919
1.097854 -0.2465483 0.8353594 -13.29428 29.96256 -21.934
1.091507 -0.268521 0.7840898 -8.378244 29.45111 -23.96453
1.08345 -0.2853667 0.7770097 -3.126336 28.0847 -25.98744
1.084915 -0.3175933 0.749666 1.86603 26.46638 -27.60576
1.077347 -0.3417632 0.7225664 6.575954 24.26027 -28.43782
1.06636 -0.3590972 0.6847246 10.39275 21.27554 -28.78133
1.063919 -0.3903472 0.6676347 12.27061 18.1305 -28.23934
1.061966 -0.3944976 0.6627519 12.8355 14.68012 -27.15537
1.059524 -0.4123199 0.6581132 11.98817 10.98547 -25.38438
1.053665 -0.4174468 0.669832 10.57595 7.748825 -23.29278
1.04805 -0.4213531 0.6981523 8.720993 4.588519 -21.31568
1.049759 -0.4203765 0.7091386 6.476717 1.588519 -19.04087
1.053909 -0.4189116 0.7281816 2.858397 -0.8236947 -16.67446
1.063919 -0.4198882 0.7672441 -1.546183 -2.632855 -13.8653
1.063919 -0.407437 0.7933671 -5.966031 -3.701557 -11.39202
1.069778 -0.4042632 0.8236406 -10.31718 -4.869496 -8.956902
1.081741 -0.398648 0.8548906 -14.31718 -5.274076 -6.766062
1.076858 -0.3962066 0.8778399 -17.01947 -5.777893 -4.666824
1.080521 -0.391812 0.907625 -18.51565 -5.739725 -3.346214
1.073196 -0.3854644 0.9269121 -18.49275 -5.533618 -2.269878
1.045364 -0.2868316 0.7743242 -2.301908 -4.113771 23.17287
1.087601 -0.1581694 0.9391191 -18.01947 -6.625221 27.9286
1.083206 -0.1535308 0.9349688 -17.50038 -5.609954 26.82173
1.088089 -0.1444976 0.942293 -16.1187 -4.785527 25.77592
1.083938 -0.1432769 0.938875 -15.37824 -3.709191 24.73775
1.089065 -0.133023 0.9298418 -14.30954 -2.693924 23.51638
1.085403 -0.1337554 0.9322832 -13.34771 -1.762626 21.94386
1.088089 -0.1327788 0.9281328 -11.95076 -0.7855268 20.39425
1.089554 -0.131314 0.9234941 -10.54618 -0.243542 19.27211
1.08345 -0.1388823 0.9166582 -10.01947 0.886229 17.86753
1.082718 -0.1396147 0.9046953 -8.874428 0.9396641 16.73775
1.089065 -0.1464507 0.9029863 -7.843893 1.50455 15.71486
1.081253 -0.1654937 0.8905352 -6.202672 1.939664 14.49348
1.082718 -0.1742827 0.881502 -4.973664 2.046535 13.63852
1.089065 -0.186978 0.8646563 -3.973664 1.962565 12.93623
1.092239 -0.1838042 0.8629473 -3.530916 1.771725 12.63852
1.088577 -0.1982085 0.8570879 -3.393512 1.580885 12.37134
1.093216 -0.2099272 0.8541582 -3.355344 1.405313 12.0431
1.092972 -0.2121245 0.8619707 -3.775191 1.31371 12.16524
1.093704 -0.2201812 0.8583086 -4.996565 1.458748 12.28737
1.094192 -0.2189605 0.8561113 -5.904962 1.741191 12.66142
1.096634 -0.2311675 0.8563555 -6.660687 1.199206 13.11944
1.106888 -0.2316558 0.8649004 -7.843893 1.703023 13.31027
1.098831 -0.2380034 0.8707598 -8.43168 1.680122 13.72249
1.105911 -0.2438628 0.8817461 -9.462214 2.054168 14.11944
1.103714 -0.2397124 0.8910234 -10.05763 2.390046 14.53165
1.099319 -0.2467925 0.8946856 -10.85916 2.924397 14.81409
1.102493 -0.2572906 0.897127 -10.30954 3.748825 14.71486
1.096878 -0.2497222 0.905916 -9.561451 4.557985 14.68432
1.094192 -0.2558257 0.9164141 -8.309542 5.115237 14.68432
1.092728 -0.2616851 0.9225176 -6.714122 6.054168 14.73776
1.084427 -0.2731597 0.9227617 -5.248473 6.61142 14.91333
1.076614 -0.2709624 0.911043 -3.950764 7.359512 14.86753
1.075638 -0.2795074 0.9081133 -2.607252 7.90913 15.10417
1.069534 -0.2812163 0.9051836 -1.591985 8.748825 15.19577
1.060989 -0.2900054 0.8929766 0.0492363 9.130505 15.69195
1.069534 -0.2902495 0.8844316 0.8889308 9.145771 16.44768
1.059524 -0.2846343 0.8783281 0.7286258 9.29081 17.14997
1.058304 -0.2853667 0.879793 -0.1797709 9.603786 18.21867
1.056106 -0.2939116 0.8617266 -1.095802 9.619053 19.14997
1.052688 -0.2941558 0.86075 -1.874428 9.359512 20.05073
1.050003 -0.2973296 0.8446367 -1.927863 9.22974 20.93623
1.054886 -0.2963531 0.8409746 -1.721756 9.214474 21.68432
1.051712 -0.289273 0.8399981 -1.508016 8.657221 22.80646
1.056106 -0.2836577 0.834627 -1.72939 8.069435 23.50111
1.071243 -0.2863433 0.8209551 -2.317176 7.451114 24.60798
1.070022 -0.2795074 0.8204668 -3.248473 6.733557 25.56218
1.075149 -0.2714507 0.8214434 -4.362977 6.298442 26.33318
1.074417 -0.2751128 0.8263262 -5.477481 5.664855 27.2034
1.082962 -0.2616851 0.8285234 -6.477481 5.199206 28.03547
1.087356 -0.2592437 0.8358477 -7.332443 4.641954 28.63089
1.08638 -0.2555816 0.8382891 -8.103436 4.237374 29.21867
1.090774 -0.2475249 0.8395098 -8.485115 4.183939 29.55455
1.086868 -0.2499663 0.857332 -8.553817 4.191573 29.78356
1.091019 -0.2560699 0.8712481 -8.424046 4.153405 29.72249
1.100296 -0.2443511 0.8768633 -8.019465 4.428214 29.73775
1.114944 -0.2497222 0.8761309 -7.630153 4.596153 30.05837
