-0.04538671 0.0006577075 1.693964 73.29523 1.772366 15.23826
-0.008521482 -0.00617823 1.725702 62.37921 3.512824 10.45963
0.09499414 0.2484604 1.847528 24.60822 8.688396 10.65811
0.08083399 -0.001539558 1.814325 21.71508 7.757099 20.45963
0.02883203 -0.05061182 1.873407 24.92119 17.23801 6.001618
0.0256582 0.02775732 1.911005 24.1044 21.97847 2.284061
0.07058008 0.08195654 1.964228 19.78379 26.21511 5.436733
0.05959375 0.02531591 1.964472 23.42501 30.52809 4.681008
0.1196523 -0.06355128 1.905634 39.0815 40.35252 -6.318992
0.1115957 0.08635107 2.019892 45.54715 49.31435 -15.4793
0.1291738 0.2447983 2.09997 38.23417 53.35252 -13.25029
0.1174551 0.3268296 2.134882 15.92119 55.36779 -12.01365
0.1970449 0.1725327 2.072138 8.913557 60.29908 -9.777008
0.2280508 0.1593491 2.090937 8.646381 67.16167 -10.41823
0.2571035 0.1466538 2.078485 8.348672 74.21511 -15.55563
0.3032461 0.1827866 2.102411 8.783787 79.23801 -18.75411
0.3510976 0.199144 2.102411 8.745619 85.79527 -23.15105
0.3989492 0.2113511 2.148554 8.371572 90.8487 -25.71594
0.4121328 0.2230698 2.157831 7.531878 96.98611 -27.48693
0.4565664 0.2128159 2.172724 8.050961 104.9174 -30.28082
0.5324941 0.2123276 2.167597 10.97463 117.9327 -37.28846
0.5085683 0.2853257 2.105585 11.14256 121.0319 -38.70067
0.5805898 0.2391831 2.150995 5.287603 141.2075 -43.45639
0.6814199 0.3463608 2.154657 6.783786 153.635 -42.7312
0.6423574 0.3207261 2.299189 10.79142 162.9098 -48.73884
0.6648183 0.2797104 2.343134 18.18073 171.9479 -50.03655
0.6284414 0.3773667 2.483515 12.38684 170.9327 -60.47166
0.7812734 0.3282944 2.461786 21.93646 170.0624 -61.09762
0.8847891 0.3192612 2.462519 31.63111 193.6197 -74.47166
0.9067617 0.3072983 2.484247 33.2876 216.0624 -84.69304
1.057152 0.4540268 2.46911 40.59295 235.8182 -91.73884
1.042992 0.4774643 2.596308 30.27997 246.0243 -91.48693
1.026635 0.4725815 2.564569 40.01279 246.0243 -101.8075
1.104027 0.4718491 2.549921 43.04333 246.0243 -109.3572
1.193627 0.3890854 2.525751 48.08913 246.0243 -116.6778
1.249291 0.379564 2.498652 57.91356 246.0243 -128.4869
1.36892 0.541185 2.420527 53.37921 246.0243 -132.4182
1.341332 0.324144 2.397333 61.47844 246.0243 -144.3037
1.433617 0.3527085 2.299921 73.64639 246.0243 -154.5404
1.511986 0.3820054 2.197626 59.14257 246.0243 -157.2427
1.566918 0.3090073 2.104853 52.76089 246.0243 -161.3953
1.64724 0.2960679 2.008417 42.67692 246.0243 -165.4793
1.693139 0.1844956 1.940546 36.44791 246.0243 -167.1282
1.761498 0.09709326 1.858271 36.72272 246.0243 -170.235
1.811791 0.03947607 1.780146 35.47844 246.0243 -173.1892
1.872582 0.02214208 1.667597 32.62348 246.0243 -174.6091
1.879174 -0.00593409 1.526728 31.37921 246.0243 -180.0213
1.899682 -0.02107081 1.411493 30.98989 246.0243 -185.4717
1.967064 -0.0889419 1.343134 30.25707 246.0243 -190.2961
2.064904 -0.05671534 1.225702 26.29524 246.0243 -196.0137
2.064904 -0.09846338 1.116571 16.2189 246.0243 -196.9984
2.064904 -0.1101821 1.05163 7.020427 246.0243 -193.1053
2.064904 -0.1773208 0.9964541 1.760885 246.0243 -190.8228
2.064904 -0.2740005 0.9183291 -0.6513282 246.0243 -192.5556
2.064904 -0.2549575 0.9053897 -6.498656 246.0243 -200.2121
2.064904 -0.3904556 0.8043155 -11.84217 246.0243 -199.5098
2.064904 -0.2910903 0.8096866 -18.6666 246.0243 -199.0213
2.064904 -0.3714126 0.688837 -21.04064 246.0243 -180.235
2.064904 -0.6177505 0.08287991 -20.04064 246.0243 -169.0671
1.883813 -0.6265396 0.1107119 -20.72003 246.0243 -162.3648
1.934594 -0.7024673 -0.06165135 -34.6895 246.0243 -161.006
1.863305 -0.7744888 -0.06165135 -45.10934 246.0243 -154.4488
1.715111 -0.892897 -0.06165135 -41.14751 246.0243 -140.9602
1.725121 -0.9331802 -0.06165135 -47.34599 246.0243 -138.8763
1.467553 -0.924147 -0.06165135 -61.02537 246.0243 -164.4869
1.405053 -0.8889908 -0.06165135 -74.64369 246.0243 -125.2808
1.267846 -0.7996353 -0.06165135 -117.7429 246.0243 -119.9297
1.11477 -1.069655 -0.06165135 -107.8193 246.0243 -77.05182
0.9177481 -1.0157 -0.06165135 -125.4605 246.0243 -74.84571
0.6530996 -1.368239 -0.06165135 -123.5216 246.0243 -86.14342
0.4218984 -1.268874 -0.06165135 -112.5139 246.0243 -41.5938
0.4065176 -1.325514 -0.06165135 -120.7735 246.0243 -32.71594
0.2207266 -1.836256 -0.06165135 -95.78873 246.0243 -27.12052
0.1111074 -1.836256 -0.06165135 -56.16278 246.0243 -37.22739
0.06325586 -1.744704 -0.06165135 -22.12461 233.7953 -29.83044
-0.1867441 -1.540846 -0.06165135 -29.42232 191.7418 1.574137
-0.01120703 -1.191237 -0.06165135 -39.6895 160.6273 10.17719
0.09792383 -0.4507583 2.074335 32.81432 19.26855 37.93292
0.09572657 -0.3697036 2.036982 28.83722 26.10061 41.04742
0.07717187 -0.31819 1.987909 30.44028 33.78764 41.81841
0.05373437 -0.2656997 1.942499 34.11966 37.39069 43.12376
0.04616602 -0.2251724 1.900995 34.52425 43.47466 40.06269
0.03664453 -0.1836685 1.880243 36.82959 48.46702 38.2459
0.05007226 -0.1416763 1.866571 40.29524 52.58916 36.65811
0.05934961 -0.1226333 1.808954 46.1731 56.55863 35.18483
0.05934961 -0.04768214 1.806024 48.76089 60.7113 28.39093
0.09914454 -0.04304347 1.754755 48.80669 62.8258 26.70391
0.1142812 0.01164404 1.783564 54.84486 67.42122 27.44437
0.06569726 0.0804917 1.851679 47.66928 62.84107 28.85658
0.1211172 0.08024755 1.824091 52.07386 71.05481 16.4291
0.1562734 0.02531591 1.816523 57.94409 72.76473 11.93292
0.1924063 0.1337143 1.838495 57.60058 76.03954 9.864213
0.2060781 0.1312729 1.863642 56.64638 79.95557 7.077954
0.2588125 0.1761948 1.883417 60.1731 82.19984 1.948183
0.2856679 0.2081772 1.935175 60.62348 86.31435 -2.242656
0.3496328 0.1754624 1.952021 64.77615 89.39069 -7.983115
0.4128652 0.2609116 1.982782 61.55478 96.14641 -10.48693
0.4377676 0.2711655 2.020136 60.21127 102.9556 -14.24266
0.4385 0.3160874 2.053095 56.86776 108.2456 -18.01365
0.5049062 0.3419663 2.0758 52.85249 115.9632 -20.77701
0.5486074 0.3717515 2.10998 49.73798 124.9556 -24.95258
0.5967031 0.4379136 2.132685 43.92119 133.6044 -28.5022
0.6440664 0.4586655 2.164911 37.04333 142.9021 -31.31899
0.5986562 0.5504623 2.205439 29.1502 151.9937 -30.6854
0.6836172 0.621019 2.08581 20.09676 161.8029 -37.45639
0.7422109 0.7074448 2.145624 17.94409 161.9708 -44.23502
0.8113028 0.6871811 2.236933 14.95936 167.9021 -55.89914
0.8633047 0.6881577 2.279902 8.768519 190.4976 -66.41059
0.8755117 0.7057358 2.261103 -6.834535 203.1006 -70.41059
0.9526602 0.6207748 2.233515 -16.72766 221.0624 -78.16632
1.004662 0.5780502 2.224726 -16.36125 236.3754 -84.5709
1.024438 0.5485092 2.203485 -18.20094 246.0243 -88.96021
1.037133 0.5011459 2.275019 -18.02537 246.0243 -92.31899
1.10891 0.4589097 2.241571 -16.7811 246.0243 -100.0289
1.153588 0.4469468 2.203485 -21.46812 246.0243 -103.4564
1.227563 0.3737046 2.164911 -23.34598 246.0243 -108.3266
1.294213 0.3370835 2.145868 -24.92614 246.0243 -111.6396
1.328393 0.2831284 2.035273 -26.33072 246.0243 -114.4182
1.350121 0.2694565 1.973505 -27.49102 246.0243 -116.4335
1.382104 0.2269761 1.854364 -28.07117 246.0243 -119.4869
1.394066 0.2123276 1.768915 -29.65896 246.0243 -121.3572
1.429467 0.188646 1.676142 -30.65133 246.0243 -123.7541
1.447533 0.1495835 1.581171 -28.91087 246.0243 -126.3419
1.447289 0.1593491 1.474726 -30.24675 246.0243 -128.3801
1.45266 0.1334702 1.361444 -33.18568 246.0243 -129.5938
1.478539 0.04753271 1.2987 -32.9185 246.0243 -130.632
1.478783 0.05119482 1.201044 -30.42995 246.0243 -131.0595
1.447289 0.05681005 1.081415 -30.03301 246.0243 -131.9297
1.46267 0.05461278 0.9952334 -32.51392 246.0243 -133.2961
1.501244 0.08366552 0.9346866 -38.01011 246.0243 -134.9984
1.515648 0.05534521 0.8502139 -35.12461 246.0243 -137.1282
1.464135 0.1078354 0.7755069 -37.78873 246.0243 -142.6778
1.51223 0.09269873 0.6973819 -34.43759 246.0243 -152.5556
1.458275 0.07072607 0.6761416 -35.84217 246.0243 -161.9678
1.493676 0.0763413 0.5496768 -36.61316 246.0243 -170.8228
1.562279 -0.006910652 0.4122256 -38.39178 246.0243 -162.8152
1.560326 -0.02766261 0.4134463 -33.56736 246.0243 -160.7617
1.601342 -0.01960596 0.2813662 -36.55209 246.0243 -158.5709
1.559105 -0.01765284 0.2222842 -38.52919 246.0243 -155.5022
1.571557 -0.1441177 -0.03577244 -38.23148 246.0243 -164.3648
1.428246 -0.1333755 -0.06165135 -42.46812 246.0243 -153.1663
1.377465 -0.2310318 -0.06165135 -44.86507 246.0243 -141.7541
1.366234 -0.2871841 -0.06165135 -44.7353 246.0243 -128.09
1.408227 -0.3482193 -0.06165135 -51.45285 246.0243 -125.8381
1.272729 -0.4038833 -0.06165135 -52.81163 246.0243 -112.0213
1.132836 -0.634108 -0.06165135 -50.22385 246.0243 -127.2427
1.252709 -0.580397 -0.06165135 -57.25438 246.0243 -140.5175
1.260522 -0.6223892 -0.06165135 -57.31545 246.0243 -141.6014
1.196313 -0.2910903 -0.06165135 -81.39942 246.0243 -128.3114
0.9406973 -0.3538345 -0.06165135 -118.9338 246.0243 -89.92204
