1.385522 1.370287 3.059443 109.341 -212.0902 251.6963
1.375268 0.9843002 2.807001 128.7533 -179.9299 240.2153
1.325707 0.3566147 2.605829 141.9899 -176.4185 242.1008
1.196557 0.9747787 2.778681 145.7151 -150.1818 227.7497
1.204369 0.5790268 2.552607 179.9059 -130.1208 233.0856
1.060082 1.036546 2.742792 177.9059 -108.9147 230.91
0.8423086 1.256273 2.814325 152.5319 -39.14366 124.2001
0.6045156 1.279955 3.165155 74.31814 -49.99099 116.5131
0.7800527 0.9379135 2.838251 43.64638 -46.67038 125.8795
0.6801992 1.054369 2.969843 45.11203 -42.39557 157.4062
0.405541 1.117845 2.957392 59.60058 -65.79252 160.0856
0.4914785 1.055345 2.713251 114.4937 -68.56351 157.8184
0.4140859 1.151781 2.556513 119.4937 -61.89175 151.8184
0.391625 1.166917 2.361689 134.8067 -51.34214 145.9329
0.2959219 1.480394 2.322138 124.7304 -23.92992 134.8337
0.2175527 1.448167 2.098749 113.7075 -12.09786 124.5131
0.1477285 1.49724 2.004511 111.9823 -2.891756 114.7726
0.09621485 1.534105 1.852411 97.58531 0.7799997 99.91765
0.1296621 1.681078 1.710321 56.98226 28.90214 91.32223
0.03225 1.605638 1.664667 28.3334 46.86397 75.10085
-0.08835546 1.499193 1.744989 18.46318 45.85634 63.68864
-0.09934179 1.464281 1.512079 13.13493 50.99374 47.72681
-0.2262949 1.436937 1.425409 -3.048275 50.7571 37.59704
-0.2839121 1.38933 1.290399 -12.51392 44.67313 35.10849
-0.3134531 1.387865 1.20495 -33.7353 43.76473 32.59704
-0.3681406 1.403001 1.188593 -55.33835 32.08534 36.86422
-0.3244395 1.247728 1.224237 -67.33072 26.99374 37.00925
-0.2797617 1.142992 1.259149 -77.17041 29.83344 27.45963
-0.2834239 1.08391 1.268183 -78.72766 34.96321 15.46727
-0.3234629 1.053148 1.315546 -77.16278 29.76473 10.79551
-0.2804942 0.980394 1.307489 -67.50629 28.28382 2.955817
-0.2389902 0.9818588 1.278437 -62.39942 30.40596 -6.265557
-0.2643809 0.9542709 1.286249 -53.26965 35.38305 -19.28846
-0.2875742 0.9686752 1.280146 -43.64369 34.79527 -27.67777
-0.2880625 0.9655014 1.245478 -36.83453 34.29145 -34.65487
-0.2345957 0.9237534 1.2008 -30.28492 38.35252 -46.02128
-0.3429942 0.8944565 1.185419 -20.78873 44.35252 -53.64724
-0.4477305 0.8776108 1.121698 -15.99484 39.32199 -62.7541
-0.4606699 0.8263412 1.001825 -0.04827476 29.45176 -62.63197
-0.4274668 0.746019 0.9332217 10.35631 25.33725 -81.80754
-0.5292735 0.7994858 0.9720401 12.79142 11.69603 -75.89151
-0.6576914 0.7750717 0.7061709 28.37921 0.6731296 -67.34189
-0.4584727 0.8400131 0.6143741 27.44791 2.619694 -71.08235
-0.5627207 0.6881577 0.6165713 35.02806 -6.00626 -73.58617
-0.5636973 0.7714096 0.4229678 41.85249 0.612061 -91.02128
-0.5639414 0.8732162 0.2728213 47.63111 2.573893 -104.6854
-0.5500254 1.122972 -0.06165135 37.27234 12.06244 -108.777
-0.7551035 1.035814 0.06896389 -7.758199 19.77237 -103.8304
-0.7895274 1.196458 -0.01648533 -3.788733 -8.884123 -99.7541
-0.7690196 1.382494 -0.0108701 -19.03301 -33.18946 -97.20449
-0.6679453 1.425951 -0.06165135 -32.49866 -46.96809 -102.1663
-0.4648203 1.455492 -0.03381932 -35.17804 -58.28107 -110.2045
-0.3820567 1.579515 -0.005987287 -39.50629 -61.36504 -126.9297
-0.327125 1.783128 0.1077822 -50.93377 -62.3574 -142.6625
-0.3012461 1.95183 0.2413272 -64.77347 -73.91466 -150.9221
-0.2363047 2.029711 0.3489932 -76.97957 -85.58642 -160.5098
-0.1469492 2.034837 0.4471377 -90.50629 -92.64748 -172.2121
-0.06784766 2.016283 0.5384463 -99.97957 -96.15894 -186.0671
0.0256582 2.009691 0.6451358 -106.7658 -98.02153 -201.9373
0.1264883 1.969896 0.7679385 -108.8803 -96.45664 -222.464
0.2175527 1.956468 0.9608096 -112.3994 -99.0597 -237.861
0.3296133 1.915208 1.08703 -116.178 -99.38031 -248.5709
0.4165273 1.853197 1.184442 -118.6971 -94.38031 -248.5709
0.4551015 1.828783 1.303583 -122.8574 -98.29634 -248.5709
0.5920644 1.766771 1.346063 -128.1933 -98.44138 -248.5709
0.7158437 1.64641 1.441523 -136.8574 -91.70855 -248.5709
0.815209 1.605882 1.495966 -146.7887 -86.63222 -248.5709
0.8918692 1.458665 1.434931 -153.5903 -75.06733 -248.5709
0.7907949 1.334398 1.387079 -165.2239 -65.38031 -248.5709
-0.09299414 1.604173 1.417597 -22.6895 27.27618 -7.662504
-0.203834 0.8531967 0.7464541 -48.68186 20.35252 -89.18922
-0.1427988 0.7809311 0.7530459 -46.02537 19.55099 -91.97548
-0.1686777 0.9467026 0.7542666 -45.90324 22.68076 -100.1587
-0.2026133 0.9603745 0.7484073 -49.47575 16.62733 -100.8762
-0.2045664 0.9606186 0.7596377 -41.36125 17.39069 -111.632
-0.2065195 1.03264 0.7047061 -32.74293 15.96321 -121.3343
-0.2343516 1.147874 0.7042178 -23.62079 10.67313 -129.9984
-0.1381602 1.124193 0.6392764 -8.20858 8.78 -143.8152
-0.1774668 1.035082 0.6109561 14.74562 -0.2276337 -154.9831
-0.1318125 1.309496 0.3924502 35.05096 9.48229 -186.403
-0.2145762 1.37639 0.3048037 45.85249 -2.937557 -198.8457
-0.1384043 1.463792 0.2003115 54.13493 -6.471909 -212.9984
-0.1393809 1.510423 0.105585 48.50134 -5.136031 -227.4793
-0.1811289 1.641283 0.05846584 38.87539 -20.63985 -227.7847
-0.1305918 1.637621 0.01793849 18.1731 -33.0597 -230.6243
-0.05271094 1.630296 -0.004766583 3.928824 -45.32687 -239.1892
0.02150781 1.616136 0.00426662 -13.7124 -55.1055 -246.5175
0.1386953 1.62346 0.02990139 -37.32308 -63.1513 -248.5709
0.2236562 1.597093 0.1146182 -59.72003 -67.23527 -248.5709
0.3044668 1.600267 0.2244815 -86.07881 -72.83833 -248.5709
0.4026113 1.551439 0.3170108 -111.5903 -75.82306 -248.5709
0.4951406 1.459886 0.3685244 -134.5674 -74.80016 -248.5709
0.5522695 1.354906 0.4190616 -154.3613 -72.93756 -248.5709
0.5732656 1.274339 0.4495791 -171.6208 -70.26581 -248.5709
0.5971914 1.153246 0.435419 -185.0101 -68.38031 -248.5709
0.5981679 1.050462 0.3775576 -195.3765 -66.57878 -248.5709
0.5820547 0.8998276 0.3128604 -203.346 -69.16656 -248.5709
0.6150136 0.7743393 0.2117862 -208.9338 -74.58642 -248.5709
0.6269765 0.6495834 0.1832217 -213.5368 -71.3345 -248.5709
0.6777578 0.5966049 0.07335842 -219.43 -81.79252 -248.5709
0.4619375 0.464769 0.2869815 -214.1857 -79.2429 -248.5709
0.6784902 0.1371323 -0.02503026 -228.9948 -100.1055 -248.5709
0.7199941 -0.7259048 0.04918849 -185.1322 -108.8154 -248.5709
0.6894765 -0.7683853 0.3135928 -164.9491 -125.4108 -248.5709
0.7087636 -0.682692 0.4119815 -178.4452 -147.0979 -248.5709
0.9660879 -0.9683365 0.4573916 -170.3536 -147.7467 -248.5709
0.9753653 -0.799147 0.7589053 -189.9719 -170.2505 -248.5709
1.182397 -1.230788 0.649042 -175.8956 -165.7925 -248.5709
0.9084707 -1.305006 0.7540225 -145.346 -153.9223 -248.5709
0.8288809 -1.409499 1.111933 -95.9643 -143.1971 -248.5709
0.9660879 -1.352858 0.8699893 -92.42232 -146.3345 -248.5709
0.9485098 -1.367995 1.113886 -78.25438 -144.9299 -248.5709
0.8440176 -1.403639 1.156855 -72.55972 -142.8918 -248.5709
0.8864981 -1.324049 1.214228 -71.43758 -132.9834 -248.5709
0.8332754 -1.331862 1.218622 -70.23911 -129.4032 -248.5709
0.7212148 -1.219557 1.194208 -71.23148 -127.678 -248.5709
0.7334219 -1.274001 1.171259 -77.033 -130.2887 -248.5709
0.712914 -1.245924 1.225702 -85.32308 -125.9299 -248.5709
0.7954336 -1.155104 1.312372 -107.5597 -112.8078 -248.5709
0.8259512 -1.284743 1.412226 -151.2467 -97.80016 -248.5709
0.7051015 -1.333327 1.552606 -197.1628 -73.57115 -236.8228
0.9013906 -1.405592 1.628778 -248.5139 -87.46428 -166.0824
1.110375 -1.612135 1.663935 -248.5139 -42.98336 -63.31899
0.6726308 -1.836256 2.169306 -248.5139 16.11588 -93.96784
0.4626699 -1.836256 1.876337 -248.5139 31.23801 -72.96784
0.3696523 -1.836256 2.089228 -248.5139 45.05481 -124.922
0.2905508 -1.836256 1.823847 -248.5139 57.7571 -129.4564
0.3061758 -1.836256 1.797968 -248.5139 23.93267 -77.53273
0.6047597 -1.836256 1.77038 -248.5139 55.55099 -84.36479
0.7268301 -1.836256 0.7828311 -54.06354 123.0777 -36.60143
0.01320703 -1.836256 1.879511 -30.35362 41.90977 -93.24265
-0.2880625 -1.836256 1.696649 -47.25438 59.21511 -75.69304
-0.3805918 -1.836256 1.418085 -34.44522 16.36779 -72.36479
-0.144752 -1.836256 1.140741 -17.81927 45.42122 -93.7999
-0.04758398 -1.836256 0.9298038 -22.79637 37.72657 -48.12052
-0.1908945 -1.835036 0.8702334 -17.26965 44.68076 -18.18922
-0.4047617 -1.744704 0.7591495 -7.941404 33.19985 -11.11289
-0.5033946 -1.753981 0.666376 -2.826901 17.29908 -18.42586
-0.5204844 -1.68318 0.7840518 2.753252 -18.94519 -21.6625
-0.3942637 -1.601393 0.6141299 18.40211 -13.80779 -9.158688
-0.3119883 -1.449538 0.5838565 25.53188 -12.25817 0.6046719
-0.3466563 -1.384108 0.6417178 26.96699 -15.80779 7.650474
-0.3422617 -1.332838 0.6578311 34.74562 -16.54061 16.10849
-0.3256602 -1.191725 0.6727237 42.23417 -18.39557 22.452
-0.3163828 -1.070387 0.6995791 45.1502 -23.96809 28.87185
-0.3019785 -0.9524673 0.7364444 47.59295 -29.02916 33.2688
-0.2756114 -0.8677505 0.7684268 49.07386 -34.44901 35.85658
-0.2612071 -0.7957291 0.8023623 49.89066 -38.79252 38.03979
-0.2443613 -0.7014908 0.8360538 49.20364 -40.31924 37.28406
-0.2084727 -0.6643814 0.8582705 49.36394 -43.39557 42.11612
