0.1444854 0.1216157 0.3473222 -6.057634 -20.97637 38.34081
0.1479033 0.142856 0.3592851 -12.50038 -23.19774 39.24157
0.1605986 0.1865571 0.3673418 -16.81336 -24.8924 39.69958
0.1576689 0.233188 0.3841875 -26.25611 -27.94583 41.36371
0.0990752 0.2671235 0.4137285 -38.14924 -30.14431 42.60799
0.08564747 0.3054536 0.4376543 -52.96603 -29.17484 44.1118
0.03462207 0.274936 0.4713457 -66.11871 -32.44202 46.37135
0.02705371 0.311313 0.4957597 -77.11107 -32.25881 47.0202
0.03437793 0.2602876 0.4952714 -78.50038 -32.57178 46.02783
0.0546416 0.2881196 0.4877031 -73.42404 -34.15957 42.18814
0.04121387 0.2886079 0.4967363 -64.22557 -37.36568 37.34844
0.02656543 0.3039887 0.5231035 -57.81336 -38.91529 32.18814
0.01850879 0.3662446 0.5499589 -56.9355 -39.59468 29.90569
-0.0007783175 0.290561 0.5690019 -52.39351 -40.67102 27.066
0.02387989 0.3215669 0.5731523 -57.03473 -40.21301 25.59272
0.04243457 0.2712739 0.5699785 -54.85153 -39.91529 23.34844
0.04756153 0.2563813 0.5633867 -52.20267 -40.90003 20.71486
0.01582325 0.2300142 0.5643632 -49.61489 -43.0298 18.56218
-0.01908886 0.226352 0.5626543 -49.53092 -42.41148 16.82936
-0.04325879 0.1833833 0.54825 -53.15687 -45.80079 17.96676
-0.09111034 0.1650728 0.6000078 -62.04237 -46.73209 19.92096
-0.07304394 0.1496919 0.655916 -69.65305 -45.62522 22.05837
-0.05644238 0.1506685 0.6683671 -77.30954 -43.41911 24.11943
-0.04423535 0.07034619 0.6971757 -72.72176 -44.16721 23.27211
-0.03324902 -0.009731934 0.7330644 -55.50802 -45.53362 19.40951
0.0197295 -0.1581694 0.7848222 -27.36298 -46.51835 11.53165
0.03486621 -0.1842925 0.8631914 -7.660687 -43.60232 13.57745
0.119583 -0.00826709 0.9149492 -7.45458 -41.35804 21.35608
0.135208 -0.200894 0.9530352 17.61412 -38.71682 10.9515
0.1049346 -0.1801421 1.003328 15.50725 -33.1214 21.70722
0.1244658 -0.1171538 1.039949 15.46908 -26.52599 30.79882
0.09809864 -0.2030913 1.035799 23.47672 -16.96873 29.81409
0.1049346 -0.171353 0.9896563 22.40802 -13.90003 39.35608
0.1601104 -0.1947905 0.9798906 26.62176 -6.197741 44.18814
0.08076466 -0.126187 0.8802813 38.38511 -6.785527 45.68432
0.07734668 -0.1256987 0.8924883 41.11794 -1.678656 50.69196
-0.01982129 -0.1554839 0.8714922 53.9042 1.703023 56.49348
-0.06718457 0.01224072 0.8021563 58.49199 4.489283 61.64616
-0.2280732 0.06375439 0.6969316 60.13321 4.90913 63.37897
-0.2671357 0.4756196 0.6549394 43.21717 1.115237 75.68432
-0.1892549 0.4717134 0.4386308 48.19427 -3.289343 59.27211
-0.3083955 0.2764009 0.4952714 49.62175 -4.907664 60.37897
-0.2690889 0.4360688 0.5350664 29.46145 -5.419115 71.21104
-0.2219697 0.318393 0.5721757 50.9042 -7.167206 61.51638
-0.1394502 0.3762544 0.558748 42.13321 -5.296977 68.20341
-0.1289521 0.2754243 0.5665605 65.77443 -10.35805 61.066
-0.05278027 0.2292817 0.6424882 68.01871 -12.68629 64.03547
0.06098926 0.3454926 0.6666582 82.07214 -9.052702 57.76829
0.06758106 0.2571137 0.6922929 95.91183 -10.64049 51.9515
0.0834502 0.2402681 0.7335527 103.1103 -9.029801 50.79882
0.08515919 0.1496919 0.7345293 110.9653 -7.09087 48.05074
0.05000293 -0.2653472 0.4674394 -9.714123 1.382412 22.36371
0.1447295 -0.2284819 0.4835527 -35.0958 4.977832 23.16524
0.1764678 -0.1117827 0.544832 -32.43931 2.260275 23.89043
0.117874 -0.1828276 0.4415605 -27.86679 1.008366 24.44768
0.1493682 -0.1933257 0.6893632 -15.82099 4.748825 22.00493
0.1396025 -0.2358062 0.6717851 -4.286641 4.016 21.76066
0.09345997 -0.271939 0.5919511 11.9271 5.084702 19.53928
0.08003223 -0.2245757 0.6742265 20.47672 6.565618 20.21104
0.04804981 -0.169644 0.4295976 34.65992 3.512183 18.12707
0.05781543 -0.09249561 0.4671953 28.10267 -2.419115 21.9515
0.1244658 -0.07589405 0.5885332 32.68282 0.1381373 22.54692
0.03169239 -0.3527495 0.5340898 37.1103 1.489282 20.0889
0.04487598 -0.1222808 0.2565019 29.66756 0.3824122 24.34081
0.06806934 -0.03023975 0.3089921 18.80496 1.038901 26.01257
0.116165 -0.1532866 0.2943437 21.75153 -0.3046107 27.9973
0.1103057 -0.02071826 0.313875 5.255343 0.6724885 27.9286
0.1198272 0.2160981 0.3956621 -1.882061 -4.022168 28.64615
0.09565723 -0.1476714 0.5926836 -9.752291 1.12287 29.82172
0.1383818 0.02542432 0.6114824 -1.111069 0.06180143 25.70722
0.04829395 -0.1706206 0.5438554 2.35458 -0.4878168 27.47058
0.06147754 -0.04757373 0.4259355 5.850763 -0.6786565 24.89043
0.0534209 -0.2756011 0.5675371 7.637022 3.557985 26.18814
0.1093291 -0.0275542 0.5477617 13.04924 3.107603 21.9973
0.05293262 -0.1020171 0.4100664 11.71336 -0.5336184 23.77592
0.07270801 -0.02584522 0.388582 14.40802 1.390046 21.31027
0.1244658 -0.01730029 0.5411699 19.59122 2.359511 20.59272
0.09272755 -0.02926318 0.4559648 15.69809 -0.9076642 20.9515
0.1134795 -0.1579253 0.607332 19.53015 1.779359 20.54692
0.1129912 -0.04830615 0.6485918 37.60649 5.12287 13.63089
0.06587207 0.0854829 0.2152421 31.60649 0.7488244 14.83699
0.09468067 -0.1632964 0.5277421 25.13321 1.993099 17.52402
0.0966338 -0.1264312 0.6336992 35.56832 6.832794 14.40188
0.06684864 -0.08248585 0.414705 37.17137 4.107603 13.1805
0.04731739 0.05789502 0.4859941 35.78206 5.016 12.31028
0.04927051 -0.1447417 0.4913652 24.61412 4.336611 16.67669
0.01460254 -0.01461475 0.3409746 24.43092 0.5656183 15.24157
0.07417285 0.1147798 0.402498 15.58359 -0.06033587 17.86753
0.07588184 -0.04366748 0.5074785 12.12557 0.6953893 18.31027
0.06050098 -0.08346241 0.574373 17.19427 2.603786 16.35608
0.08027637 -0.07784717 0.4906328 16.73626 2.275542 17.27211
0.09150684 -0.08956593 0.5687578 21.89656 4.649588 15.0202
0.08442677 -0.01534717 0.4642656 22.8126 3.000733 13.9515
0.09443653 -0.08663624 0.4874589 21.24771 4.115237 14.16524
0.08735645 -0.02560107 0.499666 21.58359 3.840427 12.70722
0.09883106 -0.0002104491 0.4779375 19.60649 3.710657 11.73776
0.0990752 -0.02901904 0.5143144 18.82023 3.855695 10.88279
0.074417 -0.08419483 0.4791582 19.58359 3.817527 10.22631
0.07075489 -0.1120269 0.4662187 18.07977 3.71829 11.00493
0.0912627 -0.1332671 0.5191972 20.34695 4.863328 10.58508
0.09272755 -0.155728 0.4818437 19.71336 4.573252 10.96676
0.1017607 -0.1737944 0.52408 21.33168 4.619053 10.74539
0.08369434 -0.17648 0.4952714 23.95763 5.61142 9.653787
0.06074512 -0.1664702 0.4203203 20.19427 3.916763 10.71486
0.07295215 -0.1911284 0.4256914 16.20191 3.649588 11.90569
0.0534209 -0.2057769 0.4413164 14.09504 4.779359 13.9744
0.06416309 -0.2365386 0.4449785 9.637024 4.008367 15.61562
0.05854785 -0.2663238 0.4352129 5.217175 2.451115 18.09653
0.0522002 -0.1423003 0.3727129 0.6064882 1.451114 19.30264
0.07002246 -0.2350737 0.4540117 -3.721756 2.687756 21.49348
0.0624541 -0.1789214 0.4227617 -4.912596 1.481649 20.74539
0.05830371 -0.2953765 0.4925859 -6.126336 2.634321 23.56218
0.04658496 -0.2497222 0.3900468 -3.15687 1.71829 22.69195
0.04365528 -0.2653472 0.4393632 -7.13397 1.405313 25.31791
0.05293262 -0.2433745 0.4964921 -6.286641 3.390046 25.58508
0.0443877 -0.193814 0.4420488 -7.523283 1.145771 27.40188
0.0443877 -0.1569487 0.4859941 -12.55382 -0.373313 29.10417
0.05488575 -0.1405913 0.5443437 -12.77519 -0.03743505 28.9973
0.06733692 -0.07638233 0.4715898 -14.88206 -1.701557 30.01257
0.07637012 -0.05733936 0.4483964 -19.74466 -1.335145 30.84463
0.1156768 -0.07540576 0.5089433 -18.74466 0.4587481 30.31028
0.1242217 -0.07857959 0.5140703 -18.40878 -0.5030839 30.56218
0.1291045 0.1692231 0.3954179 -16.88969 -1.49545 27.24157
0.119583 0.09793407 0.5372636 -19.79046 0.1610382 26.69959
0.1256865 0.02005322 0.5365312 -18.0729 0.6495879 23.40188
0.1034697 -0.02682178 0.5770586 -11.64542 2.390046 21.60798
0.08564747 -0.1095855 0.5860918 -5.599618 4.275542 18.98966
0.09394825 -0.1332671 0.5355546 -0.2790079 4.321343 17.79882
0.09053028 -0.1357085 0.4977129 0.6751909 3.245008 18.0431
0.08930958 -0.1498687 0.4923418 0.8049617 3.412947 18.42478
0.09468067 -0.1549956 0.4711015 -0.1874046 2.626687 18.64615
0.08515919 -0.1396147 0.4635332 -0.8973284 2.970199 19.26447
0.06831348 -0.138394 0.4835527 -2.034733 3.321343 18.95913
0.06977832 -0.1381499 0.4818437 -3.111069 2.557985 19.50875
0.06733692 -0.1391265 0.48575 -3.805725 1.794626 19.73775
0.07417285 -0.1506011 0.4815996 -4.187405 2.183939 19.50875
0.08467091 -0.1335112 0.4818437 -4.187405 2.61142 19.24157
0.08784473 -0.1305815 0.4759843 -4.790458 2.756458 19.67669
0.08662403 -0.1020171 0.4891679 -6.462214 2.115237 19.40188
0.0810088 -0.1039702 0.4913652 -7.607252 1.985466 19.56218
0.08247364 -0.1027495 0.5030839 -7.439313 1.901496 19.60798
0.07637012 -0.1083647 0.5038164 -7.271374 2.046535 19.39425
0.07856739 -0.1073882 0.4867265 -7.118702 1.90913 19.44768
0.07734668 -0.1005522 0.4923418 -6.805725 1.924397 19.45531
0.07954395 -0.1056792 0.4879472 -6.569084 2.031267 19.41714
0.07490528 -0.1054351 0.5018632 -6.332443 2.084702 19.0889
0.07490528 -0.1029937 0.4977129 -6.179771 1.802259 19.30264
0.07661426 -0.1103179 0.4933183 -6.462214 1.809893 19.54692
0.07661426 -0.1054351 0.4835527 -6.813359 1.832794 19.71486
0.07417285 -0.1047026 0.4862382 -7.43168 1.779359 19.43241
