-0.7861094 -0.1331314 1.30456 23.58531 2.97084 -7.418229
-0.8022226 -0.1262954 1.266474 20.24944 0.6578622 -5.639603
-0.809791 -0.1370376 1.225702 16.44028 -2.525344 -4.296092
-0.8232187 -0.1385025 1.206415 13.03569 -6.082596 -2.754107
-0.8146738 -0.1487564 1.212519 9.058596 -9.540611 -1.922046
-0.8044199 -0.1441177 1.223749 4.661649 -13.55588 -0.3724275
-0.7924571 -0.1365493 1.261835 0.5700459 -16.49481 1.207725
-0.7804942 -0.1333755 1.317987 -4.491023 -18.23527 2.673374
-0.7682871 -0.1319107 1.390009 -9.804 -20.22 4.222992
-0.7509531 -0.1309341 1.43786 -14.28492 -21.70092 6.001618
-0.7216563 -0.1458267 1.511591 -16.74293 -22.84595 7.093222
-0.6886973 -0.16194 1.581171 -17.52156 -23.04443 8.085588
-0.6445078 -0.1599868 1.626581 -16.46049 -21.38794 9.016886
-0.6279063 -0.1480239 1.681757 -14.31545 -19.50244 7.787878
-0.6196055 -0.144606 1.724481 -12.56736 -17.44901 7.34513
-0.6095957 -0.1365493 1.781366 -9.223847 -15.77725 6.711542
-0.5981211 -0.1297134 1.809198 -6.262015 -13.14366 5.612306
-0.5998301 -0.127272 1.835321 -2.887969 -10.97573 4.474901
-0.6003184 -0.1358169 1.841181 1.142565 -9.830687 4.26116
-0.5732188 -0.1599868 1.849726 5.363939 -7.800153 3.467267
-0.5512461 -0.1582778 1.869013 9.394473 -3.181832 1.955817
-0.5624766 -0.16194 1.865106 12.66165 0.7952671 1.085588
-0.5607676 -0.1414321 1.873407 15.3105 3.360152 1.551237
-0.5685801 -0.1416763 1.851435 17.46318 6.07771 1.650473
-0.5602793 -0.1316665 1.843866 18.98226 8.749465 0.7955115
-0.5605235 -0.120436 1.842157 21.0815 10.81053 0.5130688
-0.5619883 -0.1189712 1.823114 22.65402 13.29145 0.3145955
-0.5561289 -0.1055435 1.820917 24.34867 15.6655 -0.2579236
-0.5610117 -0.09431299 1.810175 26.0586 17.30672 -0.8915113
-0.5654063 -0.08137354 1.802362 26.74562 18.78 -1.105252
-0.551002 -0.05622706 1.788446 26.29524 20.72657 -1.479298
-0.5483164 -0.0486587 1.798456 24.75325 21.8716 -1.563267
-0.5409922 -0.03034815 1.796991 22.2189 23.30672 -1.288458
-0.531959 -0.01301417 1.814081 18.30287 24.8945 -0.9067784
-0.5273203 -0.004713387 1.827753 12.78379 27.20748 0.2000917
-0.5107188 -0.01521143 1.848505 8.554779 29.22275 0.5665039
-0.5124278 -0.02204737 1.872919 5.776153 30.77237 1.505435
-0.5031504 -0.03498682 1.882196 4.692183 32.30672 2.352763
-0.4770274 -0.01936182 1.893183 3.363939 34.24565 2.650473
-0.4494395 -0.01569971 1.904169 2.425008 37.36015 2.879481
-0.4299082 -0.02131495 1.91369 2.150198 40.46702 2.948183
-0.3984141 0.000901848 1.940058 1.150198 43.13115 3.887115
-0.3886485 0.01530614 1.928339 0.6387481 45.70367 2.864214
-0.3771739 0.04924169 1.957392 -1.109343 49.62733 2.131389
-0.3825449 0.07414403 1.969599 -3.345985 50.04718 2.429099
-0.3539805 0.08708349 1.984003 -4.460489 52.03191 2.551237
-0.3195567 0.1005112 2.007196 -5.887969 56.6884 0.490168
-0.2934336 0.1290757 2.033075 -7.07881 61.7571 -1.189221
-0.2612071 0.1544663 2.058466 -7.804 64.61206 -2.280824
-0.229957 0.1722886 2.069941 -8.132244 67.94794 -3.95258
-0.2001719 0.1901108 2.086298 -9.42232 72.41358 -4.84571
-0.1596445 0.2152573 2.108515 -10.35362 77.68839 -8.647237
-0.1493906 0.2452866 2.140497 -11.78873 83.37542 -12.60907
-0.1486582 0.2740952 2.157587 -11.16278 85.38305 -13.18922
-0.09812109 0.2953354 2.157587 -13.44522 89.10061 -17.09762
-0.04074804 0.2897202 2.183466 -13.07118 95.01664 -21.54037
-0.007056639 0.3700425 2.172724 -17.36889 101.6731 -22.75411
-0.02219336 0.3649155 2.225702 -26.88797 107.6197 -12.37243
-0.01486914 0.3026597 2.267206 -24.30018 103.2456 -18.74647
0.3696523 0.2150132 2.235468 -17.18568 114.8334 -38.63197
0.09914454 0.3968979 2.307245 -17.26201 130.0701 -45.93731
0.1672598 0.3971421 2.332148 -20.7353 129.2991 -41.14342
0.2470937 0.3854233 2.3258 -22.7582 142.1082 -49.11288
0.2795644 0.3820054 2.350214 -24.20858 148.6502 -52.40296
0.3716054 0.3556382 2.360956 -23.14751 158.1998 -57.04418
0.3901601 0.372728 2.396112 -24.31545 166.9174 -59.70067
0.4416738 0.3737046 2.380243 -22.53682 175.9937 -64.7999
0.4482656 0.4244858 2.418085 -28.06354 182.2227 -66.85334
0.5718008 0.4269272 2.391718 -33.8956 190.7571 -68.5709
0.6079336 0.4799057 2.426874 -45.02537 200.9327 -68.44876
0.6408926 0.4703843 2.451777 -51.41468 209.3372 -68.28082
0.7199941 0.4669663 2.518427 -53.13988 218.1082 -70.15105
0.6926504 0.4078843 2.505243 -52.70476 238.467 -81.95258
0.9963614 0.2982651 2.575312 -45.21621 246.0243 -82.70831
1.073266 0.3712632 2.520624 -43.09407 246.0243 -92.08998
1.177025 0.4996811 2.472284 -52.8956 246.0243 -90.04418
1.216576 0.5406967 2.475702 -55.52919 246.0243 -92.77701
1.35183 0.5416733 2.455683 -57.8956 246.0243 -99.6625
1.383568 0.5070053 2.487909 -61.21621 246.0243 -103.9678
1.448998 0.4908921 2.428339 -68.23911 246.0243 -104.8457
1.569115 0.4362046 2.355097 -73.12461 246.0243 -106.0289
1.646752 0.4501206 2.309198 -77.60552 246.0243 -107.3801
1.740502 0.4296128 2.251825 -81.07881 246.0243 -108.6778
1.864281 0.4266831 2.146357 -83.30782 246.0243 -110.6549
1.133324 -0.8018326 -0.06165135 -1.063542 185.8334 -90.53273
0.6333242 -0.9915298 -0.06165135 -35.31545 23.17694 43.13139
0.6587148 -0.9783463 -0.06165135 -31.01774 8.123511 47.70391
0.7219472 -0.8975357 -0.06165135 -27.53682 -2.357405 53.3833
0.7658926 -0.8267349 -0.06165135 -25.26201 -11.82305 56.04742
0.794457 -0.7461685 -0.06165135 -24.02537 -22.38031 62.96345
0.8242422 -0.6944107 -0.06165135 -26.31545 -30.98336 69.13139
0.8623281 -0.6460709 -0.06165135 -28.88033 -40.76199 77.58941
0.8840567 -0.5882095 -0.06165135 -33.01011 -48.02916 82.36803
0.8977285 -0.5581802 -0.03748143 -36.53682 -57.09023 88.48254
0.9326406 -0.5093521 -0.002325177 -39.13988 -64.61695 93.23063
0.9511953 -0.4717544 0.002801776 -41.17804 -72.74672 96.96346
0.9834219 -0.4141372 0.0347842 -43.38415 -80.73145 100.0398
1.015893 -0.3396743 0.06896389 -46.30782 -89.31161 102.91
1.051293 -0.2910903 0.1304873 -50.20095 -96.89176 105.5207
1.073022 -0.2432388 0.1885928 -52.95667 -103.3116 108.0245
1.109398 -0.1834243 0.258417 -55.65896 -110.9223 109.5818
1.172631 -0.0991958 0.3358096 -58.46049 -116.0521 111.7344
1.244408 -0.05134425 0.4188174 -61.98721 -120.3269 112.7115
1.259057 -0.01106104 0.4542178 -62.17804 -122.1131 111.7955
1.30642 0.06804052 0.5303897 -62.74293 -129.2734 111.1772
1.352074 0.1256577 0.6219424 -59.64369 -131.5559 107.0398
1.32058 0.1444565 0.7000674 -52.56736 -135.6017 101.2993
1.361352 0.2855698 0.7779483 -54.48339 -134.0444 99.56651
1.359643 0.2716538 0.7828311 -49.25438 -135.8154 91.77261
1.36184 0.3370835 0.8016299 -41.88034 -137.1895 83.64284
1.364525 0.3802964 0.8380069 -40.55972 -136.6246 77.80315
1.360375 0.3846909 0.8524112 -36.44522 -136.5864 70.84895
1.256615 0.3915268 0.8077334 -27.28492 -133.4566 50.5207
1.19558 0.372728 0.7679385 -26.56736 -131.4566 45.39857
1.10476 0.3297593 0.6551455 -26.65896 -130.9452 40.54361
1.015893 0.2919175 0.5040225 -28.02537 -132.6093 37.20009
0.9267813 0.23723 0.3548526 -29.83453 -136.0139 34.41383
0.834252 0.185228 0.1998233 -33.02537 -141.9147 33.00162
0.7727285 0.134935 0.1102237 -37.18568 -149.9376 32.28406
0.7077871 0.05217138 0.02721584 -40.42232 -158.0826 31.91002
0.6037832 -0.04768214 -0.03626072 -44.23911 -165.304 31.84131
0.5556875 -0.1797622 -0.06165135 -48.27728 -174.1513 36.77261
0.5405508 -0.2803482 -0.06165135 -51.98721 -184.304 38.90238
0.5031972 -0.3941177 -0.06165135 -53.90324 -195.7391 42.98635
0.5185781 -0.4834732 -0.06165135 -60.02537 -207.9299 49.35276
0.5249258 -0.5550064 -0.06165135 -66.98721 -222.678 57.18483
0.5642324 -0.6250748 -0.06165135 -72.59026 -235.4566 62.72681
0.6057363 -0.679274 -0.06165135 -77.33072 -246.3574 68.56651
0.6465078 -0.7620377 -0.0408994 -83.30019 -254.2429 75.06269
0.71975 -0.8899673 0.08507717 -85.17041 -254.2429 81.13902
0.7741933 -0.9851822 0.2049502 -87.00247 -254.2429 88.18483
0.8066641 -1.068922 0.3004092 -86.08644 -254.2429 96.13139
0.8662344 -1.158766 0.4051455 -81.65896 -254.2429 103.0322
0.908959 -1.201002 0.4903506 -80.30782 -254.2429 111.4215
0.9299551 -1.265456 0.5762881 -76.23911 -254.2429 120.2001
0.9778067 -1.310377 0.6285342 -76.68186 -254.2429 131.536
1.028832 -1.331374 0.7208194 -74.43758 -254.2429 141.7192
1.047387 -1.310377 0.8126163 -72.32308 -254.2429 152.3833
1.088647 -1.299635 0.8922061 -72.30782 -254.2429 163.3298
1.157738 -1.326979 0.935419 -69.86507 -254.2429 172.7268
1.125756 -1.305739 1.039179 -63.6208 -254.2429 182.8947
1.130395 -1.296461 1.121454 -54.39178 -254.2429 191.9329
1.183373 -1.253249 1.132929 -43.40705 -254.2429 198.3451
1.187035 -1.209547 1.180048 -32.6895 -254.2429 204.2612
1.183861 -1.180251 1.197138 -18.81927 -254.2429 209.3451
1.145775 -1.119215 1.188837 -4.681863 -254.2429 213.9482
1.128197 -1.089918 1.142694 8.615848 -254.2429 218.2001
1.0906 -1.06819 1.100214 21.60058 -254.2429 222.9253
1.069848 -1.043043 1.012567 36.60058 -254.2429 227.7497
1.022973 -1.020827 0.90246 49.02806 -254.2429 234.223
