0.1718291 -0.0107085 0.4532793 0.3316793 0.535084 28.53165
0.1876982 0.04886182 0.449373 -2.187405 0.535084 27.57745
0.1935576 0.08572704 0.4645097 0.4461832 0.03890085 23.37134
0.1857451 0.0842622 0.4703691 -2.233206 0.4663818 21.54692
0.1845244 0.06375439 0.4796464 -2.874428 0.06943512 19.41714
0.168167 0.04764112 0.4642656 -2.569084 -0.2893435 17.89806
0.1669463 0.04397901 0.4762285 -2.042367 -0.4878168 15.14234
0.1605986 0.02395947 0.4837968 -0.5309162 -1.060336 13.37898
0.1574248 0.006625488 0.4906328 0.5835876 -1.541252 11.39424
0.1488799 -0.01803271 0.5030839 1.774427 -1.892397 9.539283
0.1437529 -0.04073779 0.5113847 2.003435 -2.014534 8.485847
0.1442412 -0.07272022 0.4967363 1.507252 -2.510718 7.737756
0.1466826 -0.09591358 0.5113847 1.972901 -2.602321 7.027832
0.1461943 -0.1203276 0.5138261 1.995801 -3.151939 6.600351
0.1540068 -0.1361968 0.5123613 2.423282 -3.49545 6.569817
0.1518096 -0.1620757 0.5284746 2.698091 -3.861863 6.562183
0.1547393 -0.1847808 0.5355546 2.942366 -4.029801 6.745389
0.1662139 -0.2030913 0.5545976 3.240077 -4.09087 7.050733
0.1708525 -0.2155425 0.5516679 4.209542 -4.151939 7.378977
0.1847686 -0.2211577 0.5746171 4.705725 -3.87713 8.027832
0.1901397 -0.223355 0.5904863 5.720993 -3.587053 8.066
0.1867217 -0.2402007 0.6053789 6.308778 -2.655756 8.791191
0.183792 -0.2470366 0.6139238 6.965267 -1.701557 9.600351
0.1847686 -0.2502105 0.6131914 8.713358 -0.7626259 10.0889
0.1801299 -0.2497222 0.6305254 10.10267 0.2831755 10.59272
0.1850127 -0.2626616 0.6346757 10.49199 1.641954 11.27211
0.1918486 -0.2575347 0.6290605 10.86603 2.71829 11.69959
0.1945342 -0.249478 0.6297929 10.27824 4.138137 12.79119
0.1908721 -0.2543609 0.6398027 9.614122 5.237374 13.48585
0.185501 -0.2531402 0.6166093 8.400381 6.641954 14.47058
0.1769561 -0.2536284 0.6127031 7.896565 7.519817 15.1576
0.16304 -0.2636382 0.5921953 7.049237 8.22974 16.14997
0.1662139 -0.2575347 0.5909746 6.217175 8.672489 17.19577
0.1642607 -0.2624175 0.572664 4.965267 9.153404 17.9286
0.1693877 -0.2712066 0.5628984 3.469084 9.313709 19.20341
0.178665 -0.2802398 0.5641191 2.560687 9.474016 20.20341
0.180374 -0.2819488 0.5609453 1.827862 9.130505 21.31027
0.1881865 -0.2895171 0.5597246 1.102671 9.695389 22.66142
0.1862334 -0.2870757 0.5548418 0.6828241 10.09997 23.79882
0.1884307 -0.2870757 0.5565507 1.156106 10.02363 24.62325
0.1952666 -0.2812163 0.5646074 2.491985 10.36715 25.64615
0.1972197 -0.2817046 0.5812089 4.491985 10.48928 26.01257
0.2045439 -0.271939 0.5763261 6.423282 11.18394 26.47058
0.2152861 -0.259732 0.595125 8.469084 12.05417 26.69195
0.227249 -0.2384917 0.5978105 10.55305 13.45111 26.69959
0.2357939 -0.2277495 0.5985429 13.0416 14.58088 26.1576
0.2279814 -0.1996733 0.5895097 15.79733 16.16104 25.50111
0.2030791 -0.1847808 0.5816972 18.51488 17.56562 24.53928
0.1952666 -0.1850249 0.5707109 22.31641 18.49692 23.42478
0.1879424 -0.1862456 0.5467851 26.24008 18.96256 22.46295
0.183792 -0.1881987 0.5267656 29.0874 19.55035 21.60035
0.182083 -0.1874663 0.5106523 31.02633 19.80226 21.01257
0.1720732 -0.1823394 0.4918535 31.58359 20.05417 20.84463
0.1808623 -0.1999175 0.4808671 31.30878 21.0618 20.44768
0.1742705 -0.2113921 0.4525468 30.43855 21.44348 20.80646
0.1730498 -0.2189605 0.4271562 31.19428 21.0847 21.11943
0.1740264 -0.2184722 0.4173906 30.29351 20.43585 22.03547
0.1620635 -0.2223784 0.3927324 30.0416 20.21447 22.32554
0.1564482 -0.2248198 0.3692949 28.73626 19.40531 23.31791
0.1632842 -0.223355 0.3697832 26.54542 18.69539 24.36371
0.1762236 -0.2238433 0.3658769 24.61412 17.86333 25.51638
0.1879424 -0.2189605 0.3587968 21.43092 17.46638 26.63089
-0.2112275 0.2412446 1.20865 98.72863 31.13814 97.89043
0.04585254 -0.06490772 1.10074 49.49198 216.4129 26.78356
0.06220996 -0.07174366 1.074861 48.23244 221.7946 27.76829
0.09809864 -0.05489795 1.03116 45.32404 228.0923 28.94386
0.07588184 -0.02071826 0.9794024 41.20954 234.9549 29.69959
0.1051787 -0.02901904 0.8995684 42.53778 234.6572 28.64615
0.1249541 0.01468213 0.8663652 37.15611 241.161 28.89806
0.1330107 0.008822754 0.8207109 35.62175 246.3366 28.62325
0.1396025 0.02542432 0.7411211 36.47672 247.5961 27.45531
0.1503447 0.04715283 0.6991289 35.78969 247.9397 26.53165
0.1501006 0.06595166 0.6398027 36.75153 247.9397 24.73775
0.140335 0.07889111 0.588289 38.47672 247.9397 22.41714
0.1376494 0.1072114 0.5404375 38.98053 247.9397 20.29501
0.1286162 0.1277192 0.5128496 39.69809 247.9397 17.22631
0.1134795 0.1409028 0.4754961 40.34695 247.9397 14.31027
0.09809864 0.1540864 0.4344804 40.75153 247.9397 11.31028
0.08467091 0.1609224 0.39908 41.28588 247.9397 7.714855
0.1042022 0.158481 0.3666093 42.74389 247.3977 4.783558
0.1012725 0.1677583 0.3326738 45.61412 243.474 1.325542
0.08027637 0.1594575 0.324373 46.56832 241.1839 -0.9416332
0.1234893 0.196811 0.2877519 46.45382 240.9931 -2.80423
0.1085967 0.2339204 0.2547929 49.80496 234.6878 -8.23171
0.09687794 0.2551606 0.2623613 47.8126 231.6725 -12.94927
0.1144561 0.2641938 0.2420976 45.87366 229.4129 -16.14011
0.1203154 0.2717622 0.2328203 47.45382 225.016 -20.26224
0.1269072 0.2795747 0.2294023 46.50725 221.6801 -24.16301
0.1459502 0.2817719 0.2252519 48.0187 218.8404 -28.46072
0.1640166 0.3110688 0.1937578 48.43092 214.8633 -33.54469
0.2086943 0.349643 0.1859453 50.31641 211.161 -40.61339
0.22554 0.3498872 0.1922929 51.02633 207.7565 -47.46072
0.2316436 0.3415864 0.1832597 53.61412 204.9473 -54.59049
0.21846 0.339145 0.1634843 56.78969 202.1152 -61.26988
0.2182158 0.3386567 0.1546953 58.59885 199.7259 -68.0714
0.2338408 0.3423188 0.1249101 62.34694 197.4816 -75.82713
0.2509307 0.3418305 0.1041582 66.48435 195.7641 -83.81187
0.2899932 0.3398774 0.06631637 70.59885 194.9473 -92.39965
0.2968291 0.3435395 0.02603316 72.95 194.6267 -100.8653
0.3083037 0.3186372 -0.007902384 73.57596 194.8633 -108.4149
0.3041533 0.3086274 -0.0596602 72.78207 193.787 -116.0027
0.3153838 0.29227 -0.09774613 69.8813 192.7641 -122.705
0.3158721 0.2637055 -0.13925 68.35458 191.0694 -129.308
0.2987822 0.2456392 -0.1712325 63.82022 190.5427 -134.7126
0.28096 0.2468599 -0.1939375 57.38511 188.3137 -139.308
0.2863311 0.1831392 -0.2246993 45.71336 187.1229 -141.9874
0.291458 0.1479829 -0.2542403 43.32404 184.6725 -146.5981
0.2838897 0.1194185 -0.2752364 40.59885 180.5427 -149.8042
0.2875518 0.1050142 -0.2569258 35.35458 176.2832 -152.85
0.2936553 0.05887158 -0.2781661 30.56069 174.2221 -154.9569
0.2751006 0.08352978 -0.2810957 19.21718 168.6267 -154.5676
0.234085 0.07376416 -0.2361739 2.224809 162.0771 -152.3768
0.2516631 -0.01803271 -0.1590254 -15.79046 161.2984 -149.3309
0.3327178 -0.1303374 -0.1282637 -12.75992 160.5504 -152.3691
0.4071807 -0.2619292 -0.1546309 -2.011832 159.9778 -157.247
0.3754424 -0.4237945 -0.2395918 1.469084 156.1 -154.4225
0.3603057 -0.6078765 -0.3296797 8.194275 147.5656 -145.8806
0.2348174 -0.5317046 -0.3592207 0.8431296 130.1 -134.3615
0.2516631 -0.5060699 -0.2425215 3.751526 121.4816 -129.705
0.2780303 -0.4289214 -0.1619551 -7.072901 119.6038 -123.4454
0.2890166 -0.4047515 -0.1402266 -10.74466 113.0618 -119.0027
0.3297881 -0.3810699 -0.0596602 -15.40878 107.9855 -115.3462
0.3688506 -0.3173491 0.02090621 -10.41641 105.1534 -115.2775
0.423294 -0.2174956 0.07681441 -5.126336 103.4282 -116.8119
0.4765166 -0.1501128 0.1151445 1.736259 102.4282 -120.3233
0.4909209 -0.1047026 0.1380937 8.507252 102.4053 -124.3844
0.496292 -0.06637256 0.1590898 15.11031 102.6801 -129.3386
0.5146026 -0.01559131 0.1896074 18.64466 104.9931 -134.5447
0.5006866 0.02151807 0.197664 19.94237 107.5809 -140.8577
0.5050811 -0.006069824 0.2045 19.55305 110.8099 -145.8653
0.5109405 -0.04903857 0.1737382 19.79733 113.1381 -151.392
0.5075225 -0.09933155 0.1437089 20.84313 114.8175 -155.8958
0.4679717 -0.1777007 0.1251543 22.39275 115.2297 -159.621
0.4538116 -0.242398 0.1007402 25.82786 115.4129 -163.3157
0.4237823 -0.2812163 0.08120894 24.9271 114.9855 -165.5905
0.3900908 -0.3073394 0.01016402 23.61412 112.5962 -168.018
0.3844756 -0.4499175 -0.01913285 21.54542 110.1152 -167.2928
0.3510283 -0.5165679 -0.08724809 18.44618 105.8786 -164.2088
0.3271025 -0.5756499 -0.1128829 20.49199 97.82516 -163.6516
0.336624 -0.6149566 -0.1094649 16.61412 93.41294 -161.5447
0.3134307 -0.6911284 -0.1133711 14.75916 85.86333 -157.5218
0.2917022 -0.756314 -0.0752852 14.37748 77.81753 -154.4684
0.3300322 -0.7897613 -0.04330277 10.9271 73.90913 -150.7966
0.3241729 -0.8439605 -0.02694535 8.285877 65.29844 -145.7966
0.324417 -0.8603179 0.0419023 7.117939 59.32135 -141.3386
0.1950225 -0.09518116 0.5458086 5.67519 13.74119 30.56982
0.2145537 -0.442105 0.6549394 24.24771 18.73356 45.30264
0.2245635 -0.4394195 0.6468828 26.62939 20.61905 48.38661
0.2233428 -0.4259917 0.6417558 28.55305 21.8786 51.40188
0.2240752 -0.3949859 0.642 30.20191 23.36714 54.60799
