0.2001494 -0.1527983 0.595125 -52.44695 14.96256 60.66142
0.1835479 -0.1777007 0.5670488 -48.96603 16.85569 56.1118
0.1703643 -0.2157866 0.5355546 -44.97367 18.58088 52.1347
0.1464385 -0.2604644 0.4942949 -41.28664 20.35188 48.44005
0.1203154 -0.3163726 0.4418046 -41.34008 20.40531 47.08127
0.10054 -0.353482 0.3783281 -40.75993 20.80226 46.14233
0.09370411 -0.3861968 0.338289 -42.05764 20.84806 46.67669
0.06562793 -0.4347808 0.2765214 -43.92023 18.58852 47.50111
0.03950489 -0.4718902 0.2262285 -46.92786 16.62669 49.1576
0.02119434 -0.5148589 0.1712968 -50.11107 14.41295 51.62325
0.01216114 -0.5395171 0.1315019 -53.46222 10.1076 54.63088
-0.002243161 -0.5368316 0.1046464 -57.47748 5.344244 57.87516
0.006545901 -0.5500152 0.09317183 -61.24847 0.8785954 61.18814
0.008743167 -0.5485503 0.08438277 -64.50802 -3.869496 64.73013
0.01850879 -0.5475738 0.09390426 -67.22557 -8.938198 67.85226
0.03413379 -0.5319488 0.1192949 -68.89733 -14.11377 70.63852
0.05732715 -0.5058257 0.1615312 -69.32481 -19.36568 73.18814
0.07417285 -0.4765288 0.1842363 -69.66069 -22.94583 75.05836
0.1024932 -0.4482085 0.2416093 -69.24084 -26.33515 76.21104
0.1300811 -0.4157378 0.2911699 -67.56145 -28.74736 76.90569
0.1530303 -0.3798491 0.3512285 -65.17213 -30.62522 76.89806
0.1752471 -0.3527495 0.3807695 -61.22557 -31.40385 76.1805
0.1991729 -0.3180816 0.437166 -56.97367 -31.50308 74.90569
0.2104033 -0.2900054 0.4798906 -51.90496 -31.0527 73.23394
0.2211455 -0.2641265 0.5035722 -46.30954 -30.44202 71.17287
0.2218779 -0.247769 0.5245683 -40.70649 -29.64049 69.0202
0.2235869 -0.2387358 0.5394609 -35.72939 -28.59469 66.80646
0.2267607 -0.1867339 0.5489824 -32.81336 -27.44965 64.72249
0.2187041 -0.1684233 0.5455644 -31.57672 -26.51072 62.74539
0.8708037 -1.340787 0.9410723 108.3011 -164.2817 163.6156
0.8668975 -1.293667 0.9847734 108.2553 -160.7245 169.0431
0.8888701 -1.223355 1.00699 110.9118 -157.7703 172.5698
0.8947295 -1.17941 1.065584 114.2401 -152.7779 174.3713
0.8891143 -1.133999 1.101473 117.8966 -146.3886 176.1271
0.8612823 -1.104458 1.103182 123.7897 -141.0603 176.0736
0.8236846 -1.071744 1.100252 128.4462 -136.442 176.5851
0.815628 -1.04855 1.111482 131.3088 -132.2588 177.0431
0.7821807 -1.011197 1.134676 134.7286 -127.6634 178.2034
0.7753448 -0.9980132 1.140779 136.7592 -120.755 178.0431
0.7572783 -0.9743316 1.117098 139.4691 -115.9229 177.9515
0.7384795 -0.9584624 1.121736 142.1103 -110.1901 177.3179
0.7174834 -0.9521148 1.117586 147.7057 -106.3122 175.3255
0.6986846 -0.9694488 1.088289 153.9195 -100.1901 174.1729
0.6684112 -0.9692046 1.053133 160.5988 -96.67866 173.9057
0.6313018 -0.9799468 1.027498 166.2324 -93.07561 172.1042
0.6120147 -0.9811675 1.00284 171.3698 -90.57942 171.0965
0.6027373 -0.9816558 0.9872149 175.9347 -87.755 170.8981
0.5844268 -0.9894683 0.968416 180.8431 -85.67103 171.2263
0.5700225 -0.9770171 0.9442461 183.8431 -82.9382 171.4553
0.5517119 -0.9521148 0.9335039 184.9042 -80.70156 172.2034
0.5487823 -0.9384429 0.928377 185.2477 -78.62522 172.6309
0.5263213 -0.923062 0.9293535 183.7363 -76.39622 173.6538
0.5041045 -0.9027984 0.9325274 181.9195 -73.85423 174.3866
0.4743194 -0.8874175 0.9288652 179.324 -71.59469 174.2492
0.4474639 -0.8910796 0.9327715 177.0874 -69.27408 174.8446
0.4274444 -0.8896148 0.937166 176.1027 -67.14431 174.8675
0.4142608 -0.8888824 0.9381426 174.8737 -64.92294 175.0431
0.4015655 -0.8783843 0.9403399 173.0721 -62.41148 175.5546
0.3815459 -0.8698394 0.9386309 170.3546 -59.77789 175.6614
0.359085 -0.8676421 0.921541 169.1332 -57.22064 175.5546
0.3236846 -0.8710601 0.8939531 169.2095 -56.06797 174.1958
0.310501 -0.8927886 0.8812578 168.9653 -56.03743 173.5164
0.2877959 -1.029996 0.845125 172.5912 -55.67865 174.8675
0.2663115 -1.062222 0.8409746 175.0034 -56.25881 175.7149
0.248001 -1.100308 0.8443926 177.5759 -56.57178 177.1652
0.2392119 -1.121548 0.8421953 181.4691 -57.24354 178.4935
0.2345732 -1.152798 0.8395098 184.5149 -58.39621 180.15
0.227249 -1.150845 0.8380449 185.3088 -59.41148 183.4019
0.2382354 -1.151089 0.8570879 185.6676 -60.51835 186.5469
0.2506865 -1.137173 0.8666094 186.7133 -62.15957 190.6614
0.258499 -1.096646 0.9024981 187.0187 -62.58705 193.5393
0.25679 -0.9950835 0.9374102 188.1103 -62.69392 194.8675
0.2687529 -1.064419 0.9547441 189.6294 -63.13667 195.1271
0.28096 -1.006802 1.026521 191.4004 -63.24354 198.9591
0.3034209 -0.9106109 1.08243 192.9729 -61.9382 201.5087
0.3344268 -0.8322417 1.13907 195.3927 -60.15957 202.7454
0.3463897 -0.7494781 1.217928 194.8279 -56.43438 202.4171
0.3405303 -0.7131011 1.250398 192.721 -52.57942 203.0507
0.3483428 -0.6408355 1.300691 190.3622 -47.67102 202.692
0.310501 -0.6059234 1.341463 186.9042 -42.54889 204.4324
0.3507842 -0.5561187 1.354891 183.9576 -36.984 203.5622
0.3290557 -0.4626128 1.371492 180.3088 -31.90003 201.0049
0.2877959 -0.398648 1.369051 175.1103 -27.95347 197.6309
0.2707061 -0.3754546 1.388826 171.0034 -23.26644 193.9515
0.2499541 -0.3698394 1.392977 167.2019 -18.83896 191.2034
0.2365264 -0.360562 1.406648 164.6141 -14.29698 187.8828
0.2199248 -0.36398 1.395906 164.3393 -10.64049 184.1194
0.1955107 -0.3573882 1.401521 166.3088 -7.648122 179.211
0.1728057 -0.3566558 1.395662 169.5912 -4.915298 174.2721
0.1540068 -0.3571441 1.401521 173.1561 -2.38858 169.4019
0.1330107 -0.3644683 1.414705 176.0874 0.0465343 164.7759
0.1200713 -0.3512847 1.416658 178.721 2.641954 160.2187
0.1076201 -0.3376128 1.433016 180.5072 4.825161 156.0126
0.08784473 -0.3359038 1.442049 181.4004 7.374778 151.6843
0.06440723 -0.3307769 1.461336 182.637 9.435848 147.6767
0.04951465 -0.3381011 1.48282 185.5988 11.74119 143.608
0.03584278 -0.3266265 1.52408 188.3088 14.50455 139.9668
0.02827442 -0.3019683 1.547273 190.2401 17.28317 136.1194
0.03437793 -0.275357 1.574861 192.5531 22.39005 131.2263
0.0233916 -0.2455718 1.591951 191.2859 26.17631 127.6767
0.02363575 -0.2380034 1.604646 190.1179 30.74882 124.0813
0.01264942 -0.2162749 1.609041 188.034 35.38241 120.211
0.007278323 -0.186978 1.620516 184.7592 40.22974 116.0126
0.004592776 -0.174771 1.641756 180.3469 44.75646 112.9439
0.001418948 -0.1703765 1.640291 175.4767 48.74883 109.1576
0.008010745 -0.1559722 1.64615 170.1943 53.32898 106.066
0.009231448 -0.1571929 1.673006 165.095 58.05417 102.3255
0.01655567 -0.1562163 1.687654 161.4233 62.1763 98.85989
0.01924121 -0.1518218 1.721102 157.6981 67.016 95.50874
0.01704395 -0.1503569 1.719393 154.3927 72.1763 92.1576
0.0221709 -0.1440093 1.746492 151.4538 77.45111 88.38661
0.01655567 -0.1254546 1.750887 148.4462 82.96256 84.57745
-0.003463864 -0.1242339 1.761873 146.0416 88.80989 80.72249
-0.02275097 -0.1405913 1.755769 143.2782 94.87859 76.53928
-0.02738965 -0.1488921 1.73868 141.179 100.2832 72.70722
0.2838897 -0.1213042 0.6825273 -4.286641 -28.37331 53.89043
0.1767119 -0.3979156 0.4012773 -7.446947 1.954931 17.67669
0.1730498 -0.4213531 0.4029863 -7.805725 0.443481 18.34081
0.1645049 -0.4267241 0.4039629 -7.591985 -0.5412519 18.95913
0.1576689 -0.4279449 0.405916 -7.164504 -1.846595 19.87516
0.1632842 -0.4413726 0.4098222 -6.141603 -3.052702 20.31027
0.1688994 -0.4406402 0.4212968 -4.904962 -3.999267 20.69195
0.1684111 -0.4377105 0.4383867 -3.477481 -4.754992 21.05837
0.1793975 -0.4218413 0.463289 -1.882061 -5.17484 21.0889
0.1859893 -0.4228179 0.4671953 -0.1645041 -5.098504 21.24921
0.1852568 -0.4189116 0.4830644 1.820229 -5.075603 21.0889
0.188919 -0.4067046 0.4889238 3.820229 -5.213008 21.00493
0.1896514 -0.4032866 0.4886796 5.140839 -4.625221 20.82173
0.188919 -0.4001128 0.4879472 6.507252 -4.17484 20.57745
0.1845244 -0.3903472 0.4982011 6.850763 -3.419115 20.36371
0.1867217 -0.3896148 0.4884355 5.911832 -3.182473 20.37134
0.1828154 -0.391812 0.4740312 4.224809 -2.602321 20.53165
0.1669463 -0.3971831 0.4713457 2.766794 -2.312244 20.92096
0.164749 -0.3964507 0.4483964 1.469084 -1.999267 21.22631
0.1569365 -0.4101226 0.4352129 0.1484733 -2.541252 21.93623
0.1540068 -0.4181792 0.4256914 -1.553817 -2.930565 22.76829
0.1449736 -0.4167144 0.4110429 -4.164504 -3.838962 23.58508
0.1493682 -0.4335601 0.390291 -5.882061 -4.617588 24.82936
0.1405791 -0.4394195 0.3775957 -6.828626 -5.961099 26.11943
0.1447295 -0.4491851 0.374666 -7.973664 -7.671023 27.60035
0.1422881 -0.4389312 0.3683183 -8.683588 -9.304611 28.72249
0.149124 -0.438687 0.3732011 -9.599619 -11.58705 30.53165
0.1586455 -0.4277007 0.3783281 -10.86679 -13.18247 31.41714
0.1613311 -0.4242827 0.3756425 -11.42405 -15.34278 32.63852
0.1776885 -0.4089019 0.4064043 -12.35534 -17.19011 33.62325
0.1986846 -0.3962066 0.4266679 -13.06527 -18.26644 34.78356
0.2155303 -0.3896148 0.4518144 -13.42405 -19.38858 35.42478
0.227249 -0.3678863 0.4918535 -13.0729 -19.8924 35.47058
0.2418975 -0.3593413 0.5206621 -11.85916 -20.40385 35.27211
0.2589873 -0.3427398 0.5484941 -10.22557 -20.26644 34.76829
