1.068069 -0.065396 0.9159258 -3.599618 17.71066 0.4324131
1.059524 -0.07247608 0.8973711 -5.294275 18.45111 0.7453899
1.049026 -0.07369678 0.8927324 -7.004199 18.62669 1.371344
1.041458 -0.07735889 0.888582 -8.973664 19.02363 1.882793
1.035354 -0.08346241 0.8783281 -11.19504 19.29081 2.638519
1.033157 -0.0863921 0.8695391 -13.88206 19.30608 3.600351
1.029983 -0.09469288 0.8587969 -16.34771 18.74882 4.898062
1.028519 -0.1029937 0.8595293 -19.32481 18.56562 6.356076
1.026565 -0.09713428 0.843416 -21.77519 18.05417 7.630885
1.018997 -0.1188628 0.8309649 -23.37824 17.55798 9.211039
1.004593 -0.1183745 0.8353594 -25.27137 16.27554 10.77592
1.004104 -0.1205718 0.8319414 -26.54618 15.50455 12.18814
0.9933623 -0.1259429 0.8102129 -26.57672 14.32898 13.86753
0.9762725 -0.1252105 0.8192461 -26.51565 13.1305 15.09653
0.9713897 -0.1269194 0.8180254 -25.85916 12.26791 16.41714
0.9652862 -0.1237456 0.8067949 -25.80573 11.02363 17.68432
0.9596709 -0.1176421 0.7955644 -25.92786 9.733557 19.00493
0.9547881 -0.1110503 0.7818925 -26.43168 8.412947 20.44005
0.9455108 -0.101773 0.7801836 -27.17214 6.832794 21.60035
0.9418487 -0.0954253 0.7750566 -27.63779 5.42058 22.86753
0.9457549 -0.08541553 0.7718828 -28.03473 3.557985 23.70722
0.9359893 -0.08346241 0.7833574 -28.69885 2.588519 23.98203
0.9284209 -0.07662647 0.7777421 -30.37824 1.183939 24.77592
0.9132842 -0.04147021 0.7674882 -38.21794 -1.373313 26.44005
0.9125518 -0.05294483 0.7936113 -41.66069 -4.648122 27.30264
0.9425811 -0.112271 0.834627 -40.43168 -2.930565 26.47058
0.8996123 -0.09811085 0.8058184 -40.79809 -4.571786 26.44005
0.9237823 -0.1076323 0.813875 -41.50802 -6.350412 28.02783
0.9418487 -0.1381499 0.8202227 -35.83626 -6.28171 26.43241
0.9459991 -0.08517139 0.7911699 -40.89733 -7.884763 27.59272
0.966751 -0.117398 0.7877519 -37.54618 -6.770259 28.24921
0.978958 -0.1220366 0.8075274 -45.56908 -10.59469 30.36371
0.9918975 -0.122769 0.8150957 -43.92023 -9.869496 30.95913
0.9765166 -0.1208159 0.7994707 -44.22557 -10.15957 31.47058
0.9828643 -0.1274077 0.7887285 -44.95076 -13.17484 33.27211
0.9838408 -0.1249663 0.8043535 -42.95076 -14.35041 33.45531
1.001663 -0.108853 0.8011797 -42.30954 -15.03744 34.74539
1.007278 -0.1213042 0.8045977 -37.81336 -13.73973 34.79119
1.007034 -0.1152007 0.7806718 -36.76756 -17.06797 35.42478
1.011673 -0.09469288 0.7770097 -34.92786 -18.82369 36.55455
1.016312 -0.08150928 0.7911699 -34.66832 -20.19774 37.30264
1.019974 -0.06490772 0.7926347 -36.9813 -22.0069 39.02783
1.039261 -0.05514209 0.7980058 -38.40115 -23.32751 40.12707
1.055618 -0.05147998 0.8280352 -39.24084 -24.60995 41.01257
1.077103 -0.04830615 0.8246172 -39.39351 -26.01453 41.73012
1.082962 -0.04366748 0.8351152 -39.23321 -27.57179 42.35608
1.100784 -0.05025928 0.8529375 -37.71412 -28.99163 42.88279
1.102005 -0.03780811 0.8678301 -35.92786 -29.54125 42.55455
1.116653 -0.02682178 0.8844316 -34.1874 -30.38858 42.27974
1.123733 -0.02560107 0.9071367 -31.65305 -30.99927 42.34844
1.113724 -0.02291553 0.942293 -28.79046 -30.32751 41.24157
1.117386 -0.008999512 0.9906328 -20.27901 -28.88476 38.89806
1.173294 0.01077588 0.9794024 -21.0958 -23.13667 37.62325
1.164505 -0.01656787 0.9320391 -21.97366 -25.20537 38.27211
1.165237 -0.001431152 0.9569414 -24.0042 -27.77026 37.96676
1.172317 0.001010254 0.9879473 -22.52328 -26.06034 36.84463
1.168411 0.003939941 1.016756 -20.26374 -22.51072 35.30264
1.153274 0.009799316 1.016023 -20.56145 -21.19011 34.76066
1.150345 0.02029736 1.011141 -22.41641 -20.23591 34.59272
1.144485 0.02542432 1.02823 -24.04237 -18.47255 33.92096
1.057815 0.02981885 0.8368242 -12.89733 21.55798 23.56982
1.038284 -0.003140137 0.8439043 -8.485115 -7.342779 21.63089
1.039261 -0.009487793 0.8378008 -8.462214 -8.915298 22.11943
1.039993 -0.003628418 0.8387774 -7.966031 -10.32751 22.34844
1.039505 -0.01119678 0.859041 -7.523283 -11.76263 22.35608
1.034866 -0.0004545897 0.8597734 -7.179771 -13.20537 22.73012
1.038528 -0.003628418 0.8600176 -6.775191 -14.47255 22.71486
1.041946 -0.007534668 0.8773516 -6.011832 -15.70156 22.94386
1.043899 -0.006313965 0.8854082 -5.401145 -16.62522 22.9973
1.047317 0.0002778322 0.8898027 -5.103436 -17.48018 23.02783
1.050735 -0.0002104491 0.9081133 -4.683588 -18.25118 23.22631
1.050003 0.002963379 0.9015215 -4.660687 -19.22828 23.14234
1.050491 -0.002163574 0.9054277 -4.576717 -20.09851 23.37898
1.057815 0.012729 0.9090899 -5.202672 -20.82369 23.69959
1.06221 0.005648926 0.9286211 -6.355344 -21.57179 23.70722
1.066116 0.01956494 0.9208086 -7.576718 -22.09087 24.0202
1.067337 0.009555176 0.9408281 -8.630153 -22.35041 23.98203
1.076614 0.012729 0.944002 -8.85916 -22.68629 23.91333
1.08638 0.00711377 0.9569414 -8.752291 -23.17484 24.02783
1.088333 0.01297314 0.9601152 -8.362977 -23.14431 23.98203
1.094192 0.01077588 0.9610918 -8.889695 -23.37331 24.0431
1.098831 0.01248486 0.9664629 -9.294275 -22.984 23.98966
1.104935 0.012729 0.9796465 -9.744657 -22.97637 24.27211
1.116653 0.01785596 0.9867266 -10.22557 -23.09851 24.38661
1.128372 0.02395947 0.9877031 -12.40114 -22.26644 24.81409
1.12764 0.0259126 0.9847734 -14.21794 -22.12904 24.98203
1.134231 0.02273877 0.9940508 -15.68359 -21.58705 25.24921
1.131302 0.02005322 0.9974688 -16.19504 -21.0298 25.1118
1.134476 0.0102876 0.9945391 -15.81336 -21.08324 25.08127
1.133743 0.00735791 1.014803 -15.88206 -20.0069 25.0431
1.131058 0.005648926 1.020418 -15.24084 -19.04507 24.84463
1.131058 0.005648926 1.025301 -14.61489 -18.19011 24.74539
1.132767 -0.002163574 1.020418 -15.0271 -16.76263 24.54692
1.130325 0.00320752 1.029695 -14.66069 -15.64812 24.57745
1.126663 -0.002163574 1.027498 -14.76756 -14.28934 24.56982
1.127396 -0.01437061 1.031893 -13.75229 -13.48782 24.41714
1.124954 -0.008999512 1.039949 -12.45458 -12.55652 24.27974
1.123733 -0.01363818 1.035311 -11.52328 -11.38858 24.29501
1.114212 -0.01559131 1.049715 -10.59198 -9.991633 24.39425
1.119339 -0.009731934 1.051424 -10.56145 -8.846596 24.58508
1.112991 -0.006313965 1.047029 -10.47748 -7.396214 25.1118
1.114944 -0.006558105 1.030672 -10.27901 -6.564153 25.26447
1.112991 -0.006069824 1.032625 -10.84389 -5.342779 26.02783
1.117386 0.0005219728 1.040682 -11.42405 -3.976367 26.1576
1.112747 0.001498535 1.039949 -11.88206 -3.022168 26.1576
1.108353 0.005648926 1.027986 -12.06527 -1.739725 26.44005
1.112015 0.008578613 1.026033 -12.21794 -0.6633893 26.47058
1.115188 0.009066895 1.026521 -11.49275 0.3442442 26.50111
1.119827 0.01297314 1.029451 -10.83626 1.893863 26.26447
1.119827 0.01736768 1.020906 -10.46221 3.359511 26.16524
1.119583 0.028354 1.015535 -10.68359 4.832794 25.74539
1.126175 0.01492627 1.011385 -10.34008 6.046534 25.85989
1.12178 0.01565869 1.006502 -10.01183 7.161038 25.34844
1.121292 0.01614697 1.000398 -9.103436 8.344244 24.98966
1.115677 0.01956494 0.9933184 -8.546184 9.283176 24.72249
1.122269 0.02786572 0.9947832 -9.271374 10.41295 24.72249
1.122513 0.03787549 0.9828203 -11.84389 11.9931 25.19577
1.116165 0.03738721 0.9784258 -13.43931 13.35951 24.50111
1.118362 0.03518994 0.9574297 -14.31718 13.90913 24.70722
1.111526 0.01883252 0.9581621 -13.9584 14.78699 23.9744
1.10054 0.01980908 0.9471758 -12.62252 15.16104 23.72249
1.098587 0.0193208 0.9503496 -10.98893 15.51982 22.78356
1.085892 0.02029736 0.9364336 -9.225573 16.13814 22.34844
1.091019 0.02151807 0.9271563 -7.927863 16.39768 21.76066
1.078323 0.03152783 0.926668 -7.446947 16.64959 21.23394
1.080521 0.02933057 0.9203203 -7.706489 16.55798 21.11943
1.08638 0.03958447 0.9139727 -9.920229 16.67249 21.22631
1.086136 0.03518994 0.9195879 -12.12634 17.06944 21.18814
1.071976 0.02737744 0.9073809 -13.40878 16.9931 20.9515
1.068069 0.02102978 0.9056719 -13.21031 16.64195 20.35608
1.057327 0.01712353 0.8927324 -12.46985 16.18394 20.05837
1.068558 0.02957471 0.8900469 -14.47748 15.83279 20.49348
1.070511 0.03543408 0.8810137 -18.24084 16.1534 20.69195
1.067337 0.02762158 0.8854082 -21.1874 15.89386 21.18814
1.068313 0.01565869 0.8810137 -22.9813 15.1076 21.27211
1.062942 0.001254395 0.8724688 -23.87443 14.05417 21.18814
1.063675 -0.0131499 0.8771074 -23.82099 12.85569 21.24157
1.058792 -0.01534717 0.8695391 -23.14924 11.48165 21.24157
1.059036 -0.02438037 0.8756426 -22.53855 10.80226 21.47058
1.064896 -0.018521 0.8824785 -22.70649 10.19157 21.73775
1.064896 -0.01827686 0.8727129 -23.75229 9.588518 22.18814
1.06929 -0.02608936 0.8819902 -25.69122 9.191572 23.22631
1.065628 -0.03072803 0.8805254 -27.06527 8.588518 23.95913
1.057815 -0.04537646 0.8675859 -27.94313 7.443481 24.73012
1.060013 -0.05050342 0.8673418 -28.13397 6.50455 25.46295
1.056106 -0.05440967 0.874666 -27.1416 5.367145 26.0889
1.057571 -0.05831592 0.8876055 -25.97366 4.626687 26.53928
1.060013 -0.06295459 0.8917559 -25.33244 3.786993 27.27211
1.063187 -0.05489795 0.9003008 -25.54618 3.443481 28.16524
1.060013 -0.06075733 0.8949297 -25.17214 3.229741 28.47058
