-0.1999971 -0.4228179 0.6180742 -10.31718 -5.480183 15.77592
-0.1985322 -0.440396 0.6234453 -9.904963 -4.77026 15.2034
-0.1821748 -0.4291656 0.602205 -11.55382 -3.739725 15.08127
-0.1716768 -0.4401519 0.5946367 -9.355344 -5.09087 14.69959
-0.1770478 -0.4489409 0.6029375 -7.950764 -5.678657 14.49348
-0.1873018 -0.4474761 0.6293046 -7.248474 -4.892397 14.0889
-0.1833955 -0.443814 0.6285722 -7.813359 -4.442015 14.35608
-0.1919404 -0.4357574 0.6190507 -9.782825 -4.335145 14.77592
-0.1907197 -0.4308745 0.6031816 -11.9126 -4.083237 15.1347
-0.1936494 -0.4279449 0.6014726 -13.76756 -4.434381 15.05837
-0.1958467 -0.4267241 0.5824296 -13.30954 -4.999267 14.69959
-0.2014619 -0.4381988 0.5985429 -11.79046 -5.571786 13.98203
-0.1951143 -0.4374663 0.5892656 -11.08817 -5.968733 13.19577
-0.2036592 -0.4350249 0.603914 -9.462214 -6.205374 12.64615
-0.2009736 -0.4440581 0.5921953 -7.904962 -6.754992 12.03547
-0.1909639 -0.4413726 0.6031816 -6.118702 -6.671023 11.51638
-0.1904756 -0.4460113 0.6161211 -4.874428 -7.197741 10.95913
-0.189499 -0.4474761 0.6117265 -3.75229 -7.151939 10.28737
-0.1902314 -0.4677398 0.622957 -11.96603 4.084702 21.90569
-0.1890107 -0.4333159 0.6036699 -10.40114 -0.3885802 15.57745
-0.18779 -0.4408843 0.5965898 -10.30954 -0.1443052 15.07363
-0.1855928 -0.4491851 0.5985429 -10.21794 0.1076031 15.0431
-0.1870576 -0.4462554 0.591707 -10.39351 0.3747785 15.35608
-0.186081 -0.459439 0.591707 -10.82863 0.3289771 15.24157
-0.1865693 -0.4550445 0.5948808 -11.40114 0.7793589 15.56218
-0.1833955 -0.4596831 0.5890214 -11.82863 0.7717252 15.44768
-0.189499 -0.454312 0.5912187 -12.21031 0.7411909 15.87516
-0.1890107 -0.4591949 0.5973222 -12.69122 1.138137 15.89806
-0.18071 -0.4557769 0.5914629 -12.34008 1.138137 15.95913
-0.1863252 -0.4540679 0.5904863 -12.32481 1.367145 16.21104
-0.1965791 -0.4535796 0.5963457 -12.67595 1.474015 15.98203
-0.1819307 -0.4526031 0.595125 -12.94313 1.474015 16.1347
-0.1899873 -0.4443023 0.5931718 -13.35534 1.588519 16.1118
-0.186081 -0.4496734 0.5956132 -14.23321 1.893863 16.44768
-0.1899873 -0.438687 0.5897539 -14.60725 2.031267 16.61562
-0.1890107 -0.4452788 0.6002519 -14.82863 1.893863 16.42478
-0.1875459 -0.4418609 0.6036699 -15.10344 1.61142 16.45531
-0.1875459 -0.4330718 0.6012285 -15.23321 1.619053 16.50875
-0.1924287 -0.443814 0.602205 -14.95076 1.695389 16.41714
-0.191208 -0.4379546 0.5975664 -15.17214 1.52745 16.40188
-0.1951143 -0.429898 0.595125 -14.57672 1.260275 16.2034
-0.189499 -0.4379546 0.6078203 -14.36298 1.115237 15.90569
-0.1875459 -0.4381988 0.6034257 -14.21031 0.8938625 15.92096
-0.1890107 -0.4467437 0.6117265 -13.46221 0.8404274 15.56982
-0.1924287 -0.4474761 0.6014726 -12.66832 0.6572213 15.23394
-0.194626 -0.4452788 0.5992754 -11.79046 0.6495879 15.11944
-0.1938935 -0.4508941 0.6041582 -11.27901 0.4816489 14.73776
-0.1853486 -0.4489409 0.5995195 -11.04237 0.6572213 14.73012
-0.18779 -0.4513824 0.5936601 -10.71412 0.4816489 14.41714
-0.189499 -0.461148 0.6029375 -10.63015 0.7259238 14.62325
-0.1797334 -0.4589507 0.5987871 -10.28664 0.6343205 14.44768
-0.1858369 -0.4640777 0.6009843 -10.26374 0.6343205 14.67669
-0.1865693 -0.4621245 0.5987871 -10.28664 0.7106564 14.79119
-0.1777803 -0.4650542 0.6131914 -10.19504 0.9549313 14.82936
-0.1831514 -0.4745757 0.6080644 -10.33244 1.275542 15.39424
-0.1858369 -0.4757964 0.6078203 -10.39351 1.367145 15.55455
-0.1770478 -0.4753081 0.6048906 -10.34008 1.916763 15.84463
-0.1728975 -0.4709136 0.5987871 -10.73702 2.061801 16.01257
-0.1843721 -0.4687163 0.5975664 -10.9584 2.267909 16.50111
-0.1841279 -0.4662749 0.5941484 -11.22557 2.634321 16.66142
-0.1826631 -0.4626128 0.5941484 -11.26374 2.664855 16.82936
-0.1870576 -0.4574859 0.5848711 -11.29428 2.924397 16.90569
-0.1890107 -0.4535796 0.5834062 -11.51565 3.443481 17.14234
-0.1887666 -0.4565093 0.5834062 -11.32481 3.382412 17.21104
-0.1914521 -0.459439 0.5831621 -10.64542 3.161038 16.95913
-0.1919404 -0.45773 0.5838945 -10.1874 2.954931 16.86753
-0.196335 -0.4562652 0.5819414 -9.958397 2.748825 16.92096
-0.1943818 -0.4513824 0.5816972 -10.17977 2.657221 17.1118
-0.2048799 -0.4494292 0.5741289 -10.30954 2.382412 17.12707
-0.2031709 -0.4538238 0.5819414 -10.1874 2.237374 16.81409
-0.2004853 -0.4526031 0.5702226 -10.17977 1.90913 16.94386
-0.2036592 -0.4430816 0.5646074 -9.94313 1.588519 16.88279
-0.1985322 -0.4548003 0.5738847 -9.591985 1.20684 16.63089
-0.1887666 -0.4484527 0.5780351 -8.958397 1.031267 16.39425
-0.2002412 -0.4609038 0.5787675 -8.103436 0.5885191 16.1118
-0.194626 -0.4679839 0.5792558 -7.683588 0.4816489 15.98966
-0.1916963 -0.4692046 0.5838945 -7.43168 0.1534045 16.23394
-0.194626 -0.4731109 0.5873125 -7.095802 0.1228702 16.47058
-0.1914521 -0.4775054 0.6004961 -7.210306 0.183939 16.60035
-0.1951143 -0.4760406 0.6031816 -7.263741 0.06943512 16.68432
-0.1924287 -0.4823882 0.6024492 -7.576718 0.1381373 17.31791
-0.1924287 -0.4770171 0.6024492 -8.088168 0.183939 17.53165
-0.1919404 -0.4743316 0.6019609 -8.927863 0.1076031 17.9744
-0.1890107 -0.4674956 0.6019609 -9.324809 0.05416799 18.21867
-0.1904756 -0.4652984 0.5995195 -10.08053 -0.04506874 18.79882
-0.1885225 -0.4701812 0.6119707 -10.24084 -0.2664428 18.9744
-0.1899873 -0.4640777 0.6095293 -10.50038 0.06943512 19.14997
-0.18779 -0.4655425 0.6173418 -10.10344 -0.2130077 19.27974
-0.1848603 -0.4601714 0.6151445 -10.1874 -0.4954504 19.47821
-0.1819307 -0.459439 0.6161211 -10.19504 -0.3275114 19.50111
-0.1833955 -0.4545562 0.6271074 -10.35534 -0.04506874 19.76066
-0.1833955 -0.4513824 0.6197832 -10.50038 -0.006900787 19.73775
-0.1814424 -0.4482085 0.6251543 -10.79046 0.4282138 19.79882
-0.1814424 -0.4511382 0.6185625 -10.62252 0.2831755 19.59272
-0.1802217 -0.4555327 0.61783 -10.63015 0.6572213 19.85226
-0.1750947 -0.4582183 0.6210039 -10.48512 1.107603 19.79882
-0.173874 -0.4530913 0.6161211 -10.40114 1.42058 19.79119
-0.175583 -0.4587066 0.6322343 -10.17977 2.069435 19.84463
-0.1746064 -0.4599273 0.6205156 -10.04237 2.283175 20.03547
-0.1724092 -0.4648101 0.6168535 -9.981297 3.115237 19.95913
-0.1743623 -0.4728667 0.6224687 -9.630153 3.283175 20.33318
-0.1731416 -0.473355 0.6249101 -10.05763 4.161038 20.57745
-0.1777803 -0.4806792 0.619539 -9.698855 4.619053 20.70722
-0.1714326 -0.4833648 0.6156328 -9.927862 5.214473 21.31791
-0.1514131 -0.376187 0.5416582 -10.15687 3.023633 24.50111
-0.1843721 -0.3822906 0.5885332 -12.65305 -4.335145 8.638519
-0.1882783 -0.3857085 0.5858476 -11.98893 -4.541252 7.745389
-0.1953584 -0.3913238 0.5875566 -12.9813 -4.258809 7.432412
-0.1956025 -0.3976714 0.5982988 -12.30191 -4.472549 6.791191
-0.1897432 -0.3937652 0.6004961 -13.37061 -4.457283 6.982031
-0.1890107 -0.3993804 0.5948808 -13.34008 -4.151939 6.638519
-0.1440889 -0.3903472 0.562166 -12.17214 -2.564153 5.928596
-0.1663057 -0.3905913 0.5455644 -9.446947 -5.548885 5.302641
-0.1799775 -0.4110991 0.5653398 -6.737023 -6.892397 4.699587
-0.1870576 -0.4103667 0.5763261 -4.309542 -6.327511 4.38661
-0.18779 -0.4242827 0.5814531 -2.813359 -6.358046 4.19577
-0.2002412 -0.4333159 0.5904863 -1.897328 -6.739725 4.302641
-0.1985322 -0.4416167 0.5963457 -0.2332063 -7.403847 4.68432
-0.2097627 -0.4464995 0.593416 0.5225191 -7.548885 5.180504
-0.203415 -0.4511382 0.58658 0.8049617 -7.648122 5.546916
-0.1997529 -0.4445464 0.5968339 0.5835876 -7.724458 6.592717
-0.2046357 -0.4513824 0.6041582 0.4385495 -7.151939 7.348443
-0.205124 -0.469937 0.589998 -0.4774809 -6.999267 8.226305
-0.1951143 -0.4721343 0.6063554 -1.912596 -6.747359 9.356076
-0.2004853 -0.4633452 0.6068437 -3.614886 -6.037435 10.38661
-0.1968232 -0.4772613 0.6041582 -5.653053 -5.510717 11.49348
-0.189499 -0.4726226 0.6134355 -6.920229 -4.38858 12.48585
-0.1746064 -0.4745757 0.605623 -7.248474 -4.075603 13.47058
-0.1777803 -0.4670074 0.6087968 -8.164504 -3.129038 14.19577
-0.186081 -0.4662749 0.5992754 -7.737023 -2.754992 14.50111
-0.1699678 -0.4657866 0.5980546 -7.775191 -1.892397 15.09653
-0.1731416 -0.4655425 0.5914629 -6.866794 -1.151939 15.31027
-0.1719209 -0.4674956 0.58658 -5.668321 -0.2282748 15.51638
-0.1831514 -0.4562652 0.5792558 -4.927863 0.2908092 15.78356
-0.1780244 -0.454312 0.5729082 -4.15687 0.7717252 15.43241
-0.1838838 -0.4640777 0.5724199 -3.401145 1.038901 15.56982
-0.1853486 -0.4533355 0.5597246 -2.576718 1.451114 15.63089
-0.1785127 -0.4474761 0.5467851 -2.126336 1.153404 15.31027
-0.1882783 -0.4452788 0.5433671 -1.790458 0.886229 15.28737
-0.1965791 -0.4445464 0.529207 -1.75229 0.5274503 15.27211
-0.2007295 -0.4452788 0.5421464 -1.920229 0.08470225 15.0889
-0.2104951 -0.4557769 0.5409257 -2.164504 -0.1290381 15.53165
-0.21196 -0.4662749 0.543123 -2.172138 -0.3046107 15.9744
-0.2039033 -0.4687163 0.5460527 -2.34771 -0.4801832 16.34844
-0.1885225 -0.4587066 0.5506914 -2.477481 -0.4191145 16.44005
-0.18071 -0.4360015 0.5453203 -2.05 -1.403847 16.37134
-0.1792451 -0.4355132 0.5321367 -2.591985 -2.617588 16.22631
-0.1831514 -0.4338042 0.5438554 -3.164504 -3.457283 16.02783
-0.1953584 -0.4303863 0.5497148 -3.866794 -4.075603 16.26447
-0.2007295 -0.4391753 0.563875 -4.889695 -4.640489 16.53165
