0.272415 -0.3232085 0.5958574 -7.630153 -19.60232 33.79119
0.2882842 -0.3105132 0.61783 -4.798092 -18.67102 32.57745
0.2887725 -0.3661773 0.6329668 3.507252 -17.80079 31.28737
0.2978057 -0.3046538 0.6676347 10.54542 -16.71682 29.00493
0.3012236 -0.2880523 0.671541 10.78206 -13.77789 27.95913
0.2980498 -0.2257964 0.6813066 9.148474 -14.48018 26.22631
0.3024443 -0.2328765 0.7193925 4.896565 -9.251175 24.74539
0.3051299 -0.2392241 0.7066972 2.575954 -6.151939 23.16524
0.3007354 -0.2384917 0.6964433 1.67519 -5.022168 21.45531
0.2997588 -0.251187 0.6979082 2.858397 -1.968733 18.73775
0.3102568 -0.2548491 0.695955 6.782061 0.2450078 15.92096
0.3158721 -0.2633941 0.6922929 7.789694 2.657221 13.64615
0.3102568 -0.2851226 0.6905839 10.87366 2.725924 10.73012
0.3100127 -0.2641265 0.7128007 5.774427 8.542717 9.119435
0.305374 -0.299771 0.6918046 9.308779 10.76409 6.722488
0.2970732 -0.3395659 0.6756914 12.28588 12.00837 4.356077
0.3014678 -0.3644683 0.6810625 15.15611 14.36714 2.19577
0.2995147 -0.3901031 0.6607988 17.63702 17.35188 0.5698166
0.3007354 -0.4211089 0.635164 18.91947 19.26027 -0.330946
0.2855986 -0.4374663 0.6092851 17.88893 20.80226 -0.1706409
0.28096 -0.4484527 0.5963457 13.18664 22.65722 0.2339382
0.2787627 -0.4840972 0.5765703 14.40802 24.55035 -0.3538475
0.261917 -0.4994781 0.5533769 13.51488 26.11524 0.1270695
0.2516631 -0.5314605 0.5140703 12.95 26.71066 0.3789768
0.2257842 -0.5624663 0.5003984 12.07977 27.28317 1.546917
0.2016143 -0.5492827 0.4720781 7.018702 27.35951 3.966763
0.2084502 -0.567105 0.4659746 2.095038 27.67249 5.890428
0.2160186 -0.5475738 0.4559648 -6.668321 28.35951 8.493481
0.213333 -0.5483062 0.4349687 -21.1187 28.34424 12.45531
0.2277373 -0.5717437 0.4335039 -36.99657 27.98547 16.90569
0.2326201 -0.5588042 0.4137285 -39.92023 28.50455 18.86753
0.2309111 -0.6999175 0.4139726 -42.0958 32.04654 21.24157
0.2360381 -0.6537749 0.3778398 -42.26374 28.58088 25.00493
0.228958 -0.7692534 0.3629472 -27.28664 28.76409 23.09653
0.2182158 -0.6969878 0.3473222 -29.79046 25.0847 28.65379
0.1984404 -0.7155425 0.3600175 -14.42405 25.93966 25.9744
0.19429 -0.7353179 0.3353593 -9.607252 25.50455 28.80646
0.195999 -0.6152007 0.3016679 -7.057634 23.09997 30.76829
0.1581572 -0.6667144 0.2887285 -0.721756 20.26791 30.58508
0.1584014 -0.6403472 0.2694414 4.850763 19.03127 32.35608
0.1825713 -0.6147124 0.2413652 6.484351 17.77172 34.46295
0.1708525 -0.5739409 0.2298906 9.240076 14.89386 35.27974
0.1679229 -0.5729644 0.1974199 13.88893 12.43585 35.79882
0.152542 -0.4899566 0.1918046 10.26298 7.756458 37.9286
0.1608428 -0.4609038 0.2159746 9.52252 4.038901 38.55455
0.1730498 -0.4511382 0.2567461 9.690458 1.916763 39.09653
0.1781768 -0.4508941 0.2674882 11.13321 0.1763053 38.51638
0.185501 -0.4428374 0.3028886 13.23244 -1.671023 38.31791
0.1835479 -0.4428374 0.3211992 14.79733 -3.411481 37.72249
0.1984404 -0.4384429 0.3448808 15.36985 -4.953465 38.24157
0.1112822 -0.204312 1.423982 186.6828 -108.6023 175.2492
0.1813506 -0.1755034 1.230867 73.15611 247.9397 70.37135
0.1166533 -0.1254546 1.169832 30.43092 247.9397 84.58508
0.08271778 -0.09469288 1.177889 3.331679 247.9397 92.74538
0.07856739 -0.2204253 1.275301 17.69046 247.9397 89.03546
0.0624541 -0.1901519 1.229646 20.69809 247.9397 90.45531
0.04512012 -0.2445952 1.165437 41.27061 247.9397 88.53928
0.0221709 -0.1598784 1.10367 36.23244 247.9397 90.29501
0.02583301 -0.1188628 1.050203 30.17901 247.9397 94.70722
0.05366504 -0.1371733 1.018221 28.17137 247.9397 97.39424
0.09272755 -0.1354644 0.9933184 29.77443 247.9397 98.80646
0.1359404 -0.2172515 0.9881914 52.53778 247.9397 96.61562
0.1603545 -0.1559722 0.9686602 63.33168 247.9397 95.61562
0.2052764 0.01419385 0.8531816 75.95763 247.9397 92.33318
0.1325225 -0.01998584 0.7672441 87.7439 247.9397 87.67668
0.1686553 0.1155122 0.713289 91.15611 247.9397 83.27974
0.1295928 0.1770356 0.6876543 104.0874 247.9397 74.18814
0.1093291 0.1806977 0.5912187 107.4767 247.9397 69.52402
0.1234893 0.2602876 0.4960039 106.6218 247.9397 63.25684
0.1300811 0.2873872 0.4427812 105.7821 247.9397 53.61562
0.2426299 0.2092622 0.17325 74.06451 247.9397 44.35608
0.2199248 0.1877778 0.1105058 62.1103 247.9397 42.63852
0.1610869 0.1772798 0.02359176 51.05687 247.9397 42.14233
0.1024932 0.2085298 -0.01156449 36.59122 247.9397 41.74539
0.07221973 0.1616548 -0.01840043 24.07977 247.9397 41.68432
0.06465137 0.1494478 -0.04623246 14.18664 247.9397 42.05074
0.04536426 0.1260103 -0.0542891 5.835496 247.9397 42.88279
0.06538379 0.08792431 -0.04965043 -0.9125957 247.9397 44.56218
0.07002246 0.1089204 -0.0362227 -5.149237 243.016 45.79882
0.03804004 0.1802095 0.04434371 -13.80573 233.2755 47.77592
0.02046192 0.2097505 0.1603105 -26.41641 225.5351 50.53928
0.09150684 0.2485688 0.2857988 -38.87443 223.6954 55.03547
0.1442412 0.2971528 0.3807695 -41.58435 218.5198 54.12707
0.2084502 0.3423188 0.4960039 -40.55382 216.619 50.21104
0.2841338 0.3469575 0.5545976 -42.61489 218.9931 49.21867
0.3427275 0.3691743 0.6170976 -43.84389 219.2145 48.44005
0.4169463 0.3772309 0.6891191 -43.15687 222.2068 46.37135
0.4679717 0.3689301 0.7503984 -34.80573 225.6038 42.93623
0.5487823 0.3635591 0.7687089 -18.67595 235.6878 36.35608
0.5902862 0.3616059 0.7084062 3.530153 241.5275 28.26447
0.6425323 0.3452485 0.642 27.66756 246.3824 18.9744
0.5944366 0.3909028 0.5863359 48.36221 247.9397 9.913328
0.5858916 0.4306977 0.5003984 60.20954 247.9397 2.775923
0.6002959 0.4856294 0.4225175 70.98817 247.9397 -5.506519
0.6603545 0.5517915 0.3375566 76.50726 247.9397 -16.03324
0.6828155 0.5820649 0.2159746 73.95 247.9397 -25.26224
0.6693877 0.6098969 0.1031816 70.30115 247.9397 -34.20881
0.6918487 0.5163911 -0.04232621 70.56832 247.9397 -36.41492
0.5766143 0.7087739 -0.1949141 58.07213 247.9397 -52.40729
0.4870147 0.5867036 -0.2959883 52.34695 247.9397 -61.68209
0.4552764 0.5478852 -0.3084395 37.84313 247.9397 -69.0714
0.38179 0.4946626 -0.4046309 33.88129 247.9397 -76.14774
0.40596 0.4087251 -0.4529707 29.82023 246.8557 -82.40729
0.4047393 0.326938 -0.4761641 26.98817 238.1763 -87.94164
0.4318389 0.2825044 -0.4844649 23.60649 226.9091 -92.85767
0.4374541 0.2190278 -0.4620039 19.69046 215.9244 -95.97217
0.4706573 0.170688 -0.4165938 16.07214 205.4053 -98.53706
0.4965362 0.1540864 -0.3431075 9.438549 195.7412 -99.94927
0.5324248 0.1799653 -0.2237227 -0.6072521 187.4282 -101.4989
0.6276397 0.1108735 -0.1646407 -10.60725 189.2755 -102.3157
0.6706084 0.1020845 -0.1624434 -23.0729 179.7794 -101.8195
0.715042 0.1323579 -0.07089067 -36.79046 174.6343 -100.9264
0.7104033 0.1162446 0.05996871 -44.11871 173.6343 -102.2241
0.701126 0.1130708 0.1483476 -43.26374 172.2603 -105.2851
0.7160186 0.09622509 0.201082 -39.49275 172.6954 -109.3233
0.7350616 0.08108837 0.2650468 -29.86679 174.2679 -114.9874
0.7663116 0.05569775 0.2994707 -15.85916 177.0771 -120.9951
0.7829131 0.03689893 0.3019121 4.43855 180.5961 -129.1477
0.7951201 0.0259126 0.2784746 29.11794 184.4282 -138.8958
0.713333 0.008334473 0.2569902 55.35458 187.8633 -148.7661
0.6686553 0.02933057 0.2003496 76.23244 189.1687 -158.9645
0.6522979 0.01394971 0.1253984 94.23244 192.5427 -168.2699
0.6845244 0.001986817 -0.01766801 105.7057 194.3824 -176.705
0.6942901 -0.0197417 -0.1265547 114.9805 190.9397 -186.9493
0.6222686 -0.04049365 -0.2093184 112.8431 189.0694 -191.5294
0.5919951 -0.01485889 -0.2657149 104.7973 180.9397 -193.2241
0.6623076 0.02762158 -0.2559493 93.9729 178.8633 -200.2851
0.6762237 -0.03121631 -0.4031661 82.29351 180.7794 -205.5981
0.65596 -0.06393116 -0.4913008 66.14084 167.703 -207.4531
0.6764678 -0.08834522 -0.5354903 51.41565 161.1687 -209.392
0.6564483 -0.1581694 -0.5725996 33.30114 149.1 -208.0332
0.6649932 -0.2033355 -0.5747969 29.8355 138.5809 -210.8424
0.6535186 -0.2746245 -0.552336 25.00344 127.4511 -212.0943
0.6337432 -0.2948882 -0.5330489 23.71336 116.2755 -213.3462
0.6547393 -0.3542144 -0.4717696 24.21718 105.3442 -213.621
0.3022002 0.1194185 0.4759843 -43.46985 -6.106137 28.69195
0.3273467 -0.0107085 0.5299394 -13.80573 2.603786 20.94386
0.3263701 -0.0002104491 0.5267656 -13.60725 2.840427 22.25684
0.3322295 0.00735791 0.5316484 -13.48512 3.191573 23.57745
0.3266143 0.01907666 0.529207 -13.04237 3.893863 24.79119
0.3173369 0.03250439 0.5189531 -10.15687 3.619053 24.76066
0.3295439 0.04349072 0.4972246 -6.614886 3.390046 24.81409
0.322708 0.05765088 0.4808671 -2.492748 2.695389 24.54692
0.307083 0.07596142 0.4767168 0.4843512 2.474015 23.94386
0.2804717 0.1084321 0.4635332 -0.5538168 0.8556948 24.44768
0.2919463 0.07620556 0.4759843 3.133206 1.306076 23.29501
0.2868193 0.07449658 0.4435136 6.46145 1.512183 22.32554
0.2729033 0.06692822 0.4156816 7.67519 -0.01453424 22.37134
0.2614287 0.05130322 0.3961504 9.22481 -2.243542 22.76066
0.2714385 0.04715283 0.3932207 10.93473 -4.151939 23.12707
