-0.3229746 -0.1231216 1.779657 6.081496 33.13878 16.3833
-0.3168711 -0.122145 1.79162 6.997527 34.6655 15.452
-0.3073496 -0.1160415 1.795282 8.554779 35.9174 14.87948
-0.2956309 -0.1197036 1.797968 9.325771 39.8029 14.68864
-0.3246836 -0.1341079 1.837274 14.04333 37.97084 12.88711
-0.2760996 -0.1282485 1.862909 16.87539 39.16168 12.50543
-0.2580332 -0.1443618 1.873407 21.40211 43.81054 8.650474
-0.2719492 -0.1436294 1.899286 25.05096 44.27618 6.787878
-0.2387461 -0.0901626 1.951288 24.38684 45.39832 8.26116
-0.2135996 -0.1253189 1.930292 25.20363 47.72657 8.597038
-0.1833262 -0.1243423 1.965692 25.79142 50.94794 7.055054
-0.1574473 -0.1153091 1.994989 22.30287 53.86397 9.222992
-0.122291 -0.1338638 2.014765 21.60822 55.39069 11.03215
-0.09030859 -0.1304458 2.050409 19.49371 59.63496 12.15429
-0.07321875 0.02726903 1.97619 5.615847 67.8487 22.23063
-0.0470957 -0.1336196 2.099726 11.55478 82.22275 11.91002
0.01271875 -0.1387466 2.194941 11.09676 76.48228 18.32986
0.06154687 -0.05061182 2.200068 9.112031 81.09297 19.66574
0.0935293 -0.0552505 2.202997 8.440275 87.58152 21.85658
0.1355215 0.01237646 2.227167 2.844855 93.65022 23.62757
0.1767812 0.03337255 2.289667 -0.4452213 101.3678 26.00925
0.2346426 0.06559911 2.353632 -2.491023 108.4365 28.46727
0.292748 0.1176011 2.378046 -3.933771 115.6044 31.10085
0.3659902 0.1896225 2.394892 -11.26965 127.9327 30.80314
0.4201894 0.2426011 2.405634 -14.40705 141.5434 27.39857
0.4917226 0.3029038 2.425165 -17.98721 152.635 25.48253
0.5193105 0.3573472 2.427362 -24.8498 162.8334 24.85658
0.5830312 0.3505112 2.433222 -27.53682 173.6197 23.81841
0.6255117 0.405687 2.461786 -33.58263 186.3449 23.73444
0.6238027 0.3759018 2.455683 -34.99484 202.6731 19.03215
0.6848379 0.2628647 2.428339 -23.46812 214.925 13.97872
0.7119375 0.4235093 2.420527 -21.23911 225.5663 11.74208
0.768334 0.5018784 2.377314 -21.36889 235.8869 10.06269
0.8752676 0.7052475 2.362665 -31.12461 246.0243 14.32223
0.8786856 0.5887924 2.270868 -33.01011 246.0243 10.64284
0.9045645 0.6373764 2.220819 -33.74293 246.0243 5.810779
0.9492422 0.7081772 2.158319 -37.75056 246.0243 1.490168
0.9819571 0.7347885 2.082636 -36.33072 246.0243 -4.028916
0.9931875 0.8556381 2.104609 -47.88797 246.0243 -7.14342
0.9695059 0.8148666 2.053339 -41.64369 246.0243 -18.26556
1.012231 0.8463608 1.921747 -30.99484 246.0243 -30.46403
1.140648 0.8151108 1.824091 -32.42232 246.0243 -39.99075
1.046898 0.8007065 1.738153 -20.79637 246.0243 -53.76937
1.147973 0.8475815 1.65539 -20.23911 246.0243 -66.12815
1.16433 0.7841049 1.555048 -14.65133 246.0243 -78.5709
1.18557 0.761644 1.426142 -11.13224 246.0243 -89.25792
1.201928 0.7108627 1.339472 -9.689496 246.0243 -100.4335
1.223656 0.6493393 1.242548 -7.758199 246.0243 -112.7083
1.261742 0.5738998 1.226679 -6.666595 246.0243 -123.6701
1.245385 0.4391343 1.125116 -12.26965 246.0243 -132.7465
1.235375 0.3175522 1.048456 -13.05591 246.0243 -138.7923
1.298607 0.2023179 0.9219913 -22.34598 246.0243 -139.8152
1.331566 -0.03645167 0.8550967 -28.25438 246.0243 -140.4869
1.358666 -0.1629165 0.7112979 -22.46812 246.0243 -141.9984
1.275414 -0.2229751 0.5860538 -20.63606 246.0243 -133.1511
1.265893 -0.3853286 0.4849795 -22.77346 246.0243 -126.2808
1.147973 -0.5618423 0.4869327 -17.01774 246.0243 -123.6549
1.262719 -0.5203384 0.3467959 -6.582626 246.0243 -120.8152
1.28225 -0.469313 0.3196963 -2.460489 246.0243 -112.5556
1.24807 -0.4851821 0.2982119 3.447908 246.0243 -108.0365
1.338402 -0.4282974 0.2694033 7.875389 246.0243 -105.6243
1.34768 -0.4075454 0.2552432 11.3105 246.0243 -103.3724
1.347436 -0.3814224 0.2759951 14.89829 246.0243 -102.6167
1.371361 -0.3450454 0.2518252 17.97463 246.0243 -101.8381
1.3489 -0.3301528 0.2459658 22.2647 246.0243 -99.88387
1.337914 -0.2683853 0.2423037 25.16547 246.0243 -98.32662
1.34182 -0.248854 0.2327822 27.11203 246.0243 -98.02892
1.306908 -0.2166275 0.180292 27.53951 246.0243 -97.02892
1.307641 -0.1763443 0.145624 23.93646 246.0243 -96.00601
1.318871 -0.1546157 0.06334865 16.68455 246.0243 -95.31899
1.279076 -0.1853775 0.03746974 18.72272 246.0243 -94.87624
1.268822 -0.1443618 -0.06165135 16.39447 246.0243 -96.15105
1.158959 -0.186354 -0.06165135 19.84486 246.0243 -98.81517
1.144066 -0.1262954 -0.06165135 26.91356 246.0243 -102.9602
1.081811 -0.1109146 -0.06165135 18.0815 246.0243 -103.8152
1.096703 -0.1529068 -0.06165135 16.75325 246.0243 -109.4259
0.9314199 -0.2461685 -0.06165135 18.0815 246.0243 -113.3953
0.8364492 -0.2639907 -0.06165135 5.043328 246.0243 -114.0976
0.8889395 -0.2754653 -0.06165135 -14.17805 246.0243 -114.3801
0.7314687 -0.5315689 -0.06165135 -13.88797 246.0243 -110.7617
0.6223379 -0.660231 -0.06165135 -12.63606 246.0243 -106.6701
0.501 -0.660231 -0.06165135 -15.54446 246.0243 -107.174
0.4604726 -0.6377701 -0.06165135 -30.52919 238.6579 -98.7312
0.3442617 -0.6280045 -0.06165135 -55.6895 224.635 -75.25792
0.403832 -0.9314713 -0.06165135 -58.60553 220.6197 -79.20449
0.8149649 -0.5689224 0.7955264 -12.30782 -254.2429 122.139
0.8669668 -0.1209243 1.278437 -10.02537 -249.7925 142.9176
0.8413321 -0.1604751 1.323603 -11.41469 -246.0368 145.5207
0.8313223 -0.1905044 1.334101 -7.254382 -238.6933 147.0398
0.7907949 -0.1553482 1.366571 -1.50629 -234.6017 147.536
0.7697988 -0.1021255 1.392206 -4.178046 -228.7009 145.7573
0.7702871 -0.1131118 1.334833 -7.788733 -227.9834 145.1008
0.7488027 -0.1140884 1.309931 -1.269649 -225.0444 145.1619
0.7334219 -0.0564712 1.276239 -0.5902595 -221.3116 145.826
0.7072988 -0.0498794 1.256952 2.402107 -218.8078 146.597
0.7236562 0.006761223 1.246454 5.844855 -217.6246 147.4749
0.6731191 0.05973974 1.218622 7.837221 -214.7315 148.6123
0.704125 0.04899755 1.194696 12.13493 -214.5788 149.223
0.728539 0.1127182 1.217646 18.57768 -213.8154 149.7955
0.7461172 0.1654526 1.229608 29.2647 -211.7391 150.1161
0.7182851 0.186937 1.228388 44.82196 -213.5177 151.1467
0.7153554 0.2411362 1.220331 66.04333 -213.0673 156.9787
0.6853261 0.3041245 1.293573 81.11203 -216.8002 155.9405
0.591332 0.447435 1.377802 89.57005 -211.365 154.5131
0.6360097 0.6744858 1.414423 77.00516 -208.9147 150.597
0.6518789 0.8063217 1.451288 61.28761 -196.9605 141.4596
0.579125 0.7516342 1.488642 42.3334 -204.8307 131.2077
0.6235586 0.7499252 1.466181 37.39447 -189.0292 115.0551
0.5456777 0.7089096 1.486933 44.04333 -183.1437 102.4596
0.5207754 0.7838608 1.473505 41.02043 -178.5024 95.27643
0.4721914 0.7343002 1.429315 30.96699 -173.6246 93.06269
0.4299551 0.6312729 1.404901 28.62348 -171.3116 87.42147
0.3911367 0.7032944 1.390741 17.92883 -166.6093 84.03979
0.3547597 0.6215073 1.418817 19.196 -160.1971 76.25352
0.3110586 0.6683823 1.378778 5.402107 -151.8536 73.76498
0.205834 0.504808 1.365595 2.073863 -143.6933 68.59704
0.1064687 0.4249741 1.234491 3.592947 -133.4719 61.53597
-0.03903906 0.436937 1.125605 2.959359 -132.2276 56.87948
-0.02854101 0.5450912 0.8670596 -17.28492 -140.3574 60.51307
-0.04392187 0.07048193 0.8028506 -16.20858 -131.8612 54.74971
-0.1921152 0.09416357 0.641962 -8.376519 -139.3192 57.83368
-0.3080821 -0.05158839 0.5999698 0.4326413 -152.3727 53.58177
-0.3112559 -0.2327407 0.5733584 6.196 -155.8612 58.91002
-0.4223399 -0.2476333 0.4883975 2.417374 -167.8841 61.11612
-0.3708262 -0.3816665 0.3441104 4.08913 -179.9299 74.22299
-0.3393321 -0.4973892 0.3196963 9.890656 -197.8078 75.36803
-0.2770762 -0.5198502 0.3304385 21.92883 -205.6017 81.11613
-0.1259531 -0.4778579 0.3577822 26.59295 -216.7925 87.2688
-0.07810156 -0.2949966 0.5384463 18.86012 -226.7315 97.52834
-0.06003516 -0.3594497 0.6544131 28.53188 -234.9376 102.5207
0.1533437 -0.1717056 0.6656436 23.65402 -237.1284 101.3757
0.2016836 -0.2759536 0.8646182 24.18073 -249.3421 102.1696
0.3020254 -0.1575454 1.112909 27.91356 -235.991 107.8795
0.3071523 0.07438818 1.274286 25.53188 -243.2505 127.1085
0.341332 0.02140966 1.362909 12.40211 -237.8231 127.0016
0.3205801 -0.01545557 1.422235 25.89829 -234.7696 126.0322
0.3664785 0.103685 1.478632 31.94409 -224.0902 122.6505
0.2873769 0.1752182 1.551386 32.1731 -208.4948 120.2612
0.3635488 0.2230698 1.518183 33.29523 -202.0902 122.6428
0.2949453 0.2609116 1.554315 29.14256 -186.6857 128.4291
0.249291 0.1405503 1.553339 44.28761 -181.9605 127.8413
0.1648184 0.4894272 1.857538 28.1273 -191.9605 122.6657
0.2685781 0.3334214 1.690058 23.94409 -192.8612 117.6352
0.2612539 0.3903061 1.71496 16.56241 -184.5635 116.2154
0.2195059 0.3861557 1.719843 11.79905 -178.7696 115.3757
0.1841055 0.4156968 1.748896 7.226534 -174.0292 114.2841
0.1653066 0.4301011 1.765741 0.5013435 -167.9834 113.7802
0.1360098 0.4445054 1.771601 -5.674229 -162.7773 113.2383
0.1157461 0.442064 1.795282 -9.872703 -157.6551 111.1848
0.09475 0.4718491 1.811151 -12.97194 -154.5635 109.3757
