0.6679922 -0.7100357 -0.06165135 -14.29255 246.0243 -99.15868
0.4743886 -0.6529068 -0.06165135 -20.42995 246.0243 -101.1129
0.5075918 -0.5608658 -0.06165135 -44.69713 246.0243 -95.40296
0.4670644 -0.6409439 -0.06165135 -62.98721 246.0243 -77.50983
0.370873 -0.9417252 -0.06165135 -67.49102 232.6273 -63.72357
0.3676992 -1.086989 -0.06165135 -34.11698 220.1311 -54.5938
0.2470937 -0.8994888 -0.06165135 -27.23911 198.009 -48.48693
0.2275625 -0.8836197 -0.06165135 -26.95667 180.9556 -39.5709
0.2297598 -0.8760513 -0.06165135 -26.63606 165.0243 -32.20449
0.2439199 -0.8557877 -0.06165135 -25.8269 150.1846 -25.73884
0.2463613 -0.8592056 -0.06165135 -24.65896 135.7266 -18.54037
0.2790761 -0.7984146 -0.06165135 -23.07881 122.6884 -12.64724
0.3039785 -0.727858 -0.06165135 -25.22385 109.0853 -6.433496
0.3523183 -0.6736588 -0.06165135 -27.72003 96.74183 -0.8457099
0.376 -0.6389908 -0.06165135 -29.81927 84.22275 3.268794
0.4294668 -0.5813736 -0.06165135 -31.84217 72.16931 6.070321
0.466332 -0.5530533 -0.06165135 -35.52919 59.93267 13.59704
0.5146719 -0.5432877 -0.06165135 -38.46049 49.50519 16.89475
0.5608144 -0.4951919 -0.06165135 -40.15514 38.56626 19.55887
0.6167226 -0.4319595 -0.06165135 -43.30782 29.19985 23.57414
0.6614004 -0.4026626 -0.06165135 -46.19331 21.31435 26.52834
0.7273183 -0.3577407 0.009881854 -47.26965 13.93267 29.12375
0.7802969 -0.3413833 0.07067287 -44.8498 7.489923 30.66574
0.8095938 -0.3028091 0.1414737 -40.42232 2.016641 25.43673
0.877709 -0.1958755 0.2371768 -41.64369 -2.349771 23.64284
0.8808828 -0.1529068 0.3182315 -46.25438 -8.998627 27.49017
0.9326406 -0.1316665 0.400751 -54.8727 -13.89176 26.5207
0.9631582 -0.1768325 0.4175967 -58.74293 -17.90702 29.3375
0.9858633 -0.2422622 0.461542 -59.60553 -20.72382 26.93292
1.007592 -0.264479 0.463251 -58.44522 -23.02153 24.20773
1.045434 -0.3120864 0.4627627 -57.17804 -26.49481 23.5436
1.055932 -0.3711685 0.4862002 -55.27728 -29.02916 20.452
1.051537 -0.3992446 0.4966983 -54.07117 -31.82306 21.53597
1.040307 -0.5049576 0.5006045 -53.51392 -33.73908 22.49017
0.2629629 -1.077956 -0.06165135 -64.92614 246.0243 -36.25029
0.8823477 -0.184645 0.2420596 4.837221 107.4823 52.14666
0.9612051 -0.1433853 0.2984561 5.669282 105.009 52.01689
1.038598 -0.1106704 0.3170108 12.40974 101.9785 51.87185
1.045189 -0.01057276 0.4185733 14.78379 101.3449 43.61231
1.119164 0.1185776 0.43371 15.84486 99.59679 49.08559
1.131371 0.2289292 0.5194034 11.86012 97.13878 38.73444
1.175072 0.2767807 0.5584659 6.486076 97.07008 35.97872
1.19851 0.2960679 0.5518741 4.837221 94.34488 33.26116
1.208764 0.2943589 0.5382022 0.9517252 93.92503 26.87948
1.220971 0.2682358 0.475458 -0.765832 93.54336 21.452
1.207543 0.2472397 0.4156436 -2.59026 92.53572 15.81078
1.201928 0.1905991 0.3267764 -5.353619 89.17694 11.89475
1.197289 0.09489599 0.2720889 -5.124611 86.009 4.66574
1.187523 0.03972021 0.2464541 -6.323084 84.74947 -0.4640304
1.148461 -0.06648097 0.2020205 -9.651328 83.86397 -7.868611
1.135522 -0.1138443 0.09899319 -14.13988 77.61969 2.23826
1.070092 -0.2603286 -0.03650486 -17.94904 71.58916 -3.616702
1.02224 -0.3094009 -0.06165135 -20.07117 68.31435 -1.822809
0.9353262 -0.3052505 -0.06165135 -28.88033 60.6426 -3.937313
0.8613516 -0.3543228 -0.06165135 -42.7582 49.48993 7.322229
0.8110586 -0.4981216 -0.06165135 -53.72766 38.21511 9.230626
0.7551504 -0.6216568 -0.06165135 -58.29255 29.07771 5.016886
0.7219472 -0.726149 -0.06165135 -58.96431 17.6884 7.352764
0.6662832 -0.7854752 -0.06165135 -58.68186 6.07771 6.177191
0.5949941 -0.8931412 -0.06165135 -55.24675 -3.380306 7.719176
0.5625234 -0.9116959 -0.06165135 -59.49102 -19.89176 14.37566
0.5381094 -0.9651627 -0.06165135 -70.76583 -31.2658 18.5207
0.5122304 -0.9856705 -0.06165135 -87.70477 -49.47954 28.16192
0.5197988 -1.095534 -0.06165135 -103.4605 -66.94519 36.4749
0.5493398 -1.431715 -0.06165135 -87.46049 -80.60931 40.76498
0.5307851 -1.280592 -0.06165135 -86.75056 -96.89176 49.223
0.619164 -1.313795 -0.06165135 -96.13224 -109.4948 61.61994
0.6472402 -1.374098 -0.06165135 -103.2925 -119.2582 72.74971
0.7029043 -1.412184 -0.06165135 -108.3231 -129.0292 83.51307
0.7512441 -1.418044 -0.06165135 -111.6437 -136.9452 93.87949
0.7915273 -1.421461 -0.06165135 -111.5063 -145.0673 101.2917
0.8237539 -1.401198 -0.06165135 -110.9796 -151.6551 108.6886
0.8569571 -1.380202 -0.04578221 -110.6208 -158.4795 115.6047
0.8718496 -1.38484 0.02843654 -110.0559 -164.5712 122.2612
0.8789297 -1.380446 0.09581936 -109.5674 -170.3803 129.3451
0.9150625 -1.417555 0.1575869 -107.5903 -174.136 135.9253
0.8911367 -1.424147 0.1746768 -107.0483 -181.8765 143.0016
0.9353262 -1.456862 0.2164248 -106.1857 -186.5482 149.9634
0.9360586 -1.498366 0.2806338 -103.8422 -191.7086 158.6047
0.922875 -1.538161 0.3199404 -100.4529 -196.4948 164.4291
0.9514395 -1.560378 0.350458 -98.59789 -201.0063 171.3604
0.9275137 -1.630934 0.3741397 -90.46812 -209.7696 177.0627
1.002953 -1.680983 0.4532413 -82.81927 -214.1513 182.8489
1.071313 -1.820876 0.5452823 -75.06354 -215.22 190.3909
1.15725 -1.836256 0.6517276 -61.33835 -191.0902 215.0551
1.04226 -1.836256 0.7603702 -52.70476 -194.304 211.0856
1.064721 -1.836256 0.7857608 -44.47575 -218.0063 224.3833
1.187523 -1.836256 0.7943057 -36.91087 -218.4261 220.1772
1.236107 -1.836256 0.9046573 -28.20094 -217.3498 240.4062
1.240258 -1.836256 0.9019717 -17.74293 -216.4566 251.6963
1.299828 -1.836256 0.9879092 -3.796367 -215.9528 251.6963
1.369408 -1.836256 1.060175 9.134932 -210.6933 251.6963
1.377953 -1.790602 1.113886 14.86012 -209.9376 251.6963
1.430688 -1.72859 1.043817 22.44028 -206.7849 251.6963
1.366234 -1.700514 1.075556 24.99753 -200.3498 251.6963
1.433373 -1.469069 1.039911 28.95173 -196.0521 251.6963
1.402855 -1.399977 0.9151553 30.3105 -191.3421 251.6963
1.379418 -1.281569 0.7899112 32.00516 -191.7086 251.6963
1.376977 -1.174879 0.7291202 32.75325 -191.1895 251.6963
1.366967 -1.117751 0.6749209 32.99753 -193.9528 251.6963
1.357689 -1.029616 0.6605166 32.75325 -192.7086 251.6963
1.338647 -0.8941177 0.6448916 32.82959 -195.6017 251.6963
1.352807 -0.7656998 0.6336612 32.84486 -196.6475 251.6963
1.357689 -0.6592545 0.6251163 32.2876 -200.0063 251.6963
1.417504 -0.531813 0.6112002 32.02043 -200.4414 251.6963
1.354516 -0.4405044 0.6026553 36.82196 -205.7086 251.6963
1.325463 -0.332106 0.5928897 34.53951 -207.6475 251.6963
1.327904 -0.3264907 0.5799502 42.48608 -208.1208 251.6963
1.32351 -0.1262954 0.6224307 39.15783 -211.0292 251.6963
1.349389 -0.07917628 0.5736026 35.32577 -212.8154 251.6963
1.32351 0.03459325 0.6641788 29.67692 -217.1131 251.6963
1.305688 0.1012436 0.7152041 24.18837 -220.1055 251.6963
1.314965 0.1017319 0.7606143 26.81432 -225.1666 251.6963
1.272729 0.3959214 0.9735049 -2.307817 -229.8307 251.6963
1.242211 0.4635483 1.045282 -6.025374 -231.9605 251.6963
1.252465 0.4198472 1.10119 2.104397 -234.846 251.6963
1.266137 0.4381577 1.183222 11.34867 -235.7849 251.6963
1.307885 0.4398667 1.252069 26.11203 -232.365 251.6963
1.221703 0.9025131 1.495966 -17.49866 -237.8383 251.6963
1.441918 0.6952377 1.332636 -15.30782 -235.0597 251.6963
1.282738 0.7474838 1.633417 8.127297 -254.2429 251.6963
1.335961 0.759935 1.685663 8.371572 -234.3574 251.6963
1.33352 0.7472397 1.852411 13.02043 -205.7925 251.6963
1.238793 0.9540268 1.976923 21.34867 -210.4795 251.6047
1.02932 -1.043776 0.3077334 -89.36125 -181.4261 103.5741
0.9287344 -1.654616 0.4517764 -61.10934 -241.2582 251.6963
0.9702383 -1.609694 0.506708 -55.26202 -244.7238 251.6963
0.9985586 -1.55696 0.539667 -52.48339 -249.1742 251.6963
1.03225 -1.524733 0.5860538 -50.03301 -254.2429 251.6963
1.095238 -1.489088 0.6370791 -46.25438 -254.2429 251.6963
1.136498 -1.439772 0.671503 -40.6666 -254.2429 251.6963
1.178246 -1.36946 0.7232608 -32.9185 -254.2429 251.6963
1.259301 -1.256422 0.7928409 -27.37652 -254.2429 251.6963
1.302514 -1.127516 0.904169 -21.07117 -254.2429 251.6963
1.377221 -1.058424 0.9525088 -14.17805 -254.2429 251.6963
1.380395 -0.9527115 1.110468 -6.094077 -254.2429 251.6963
1.432641 -0.9131607 1.167597 2.150198 -254.2429 251.6963
1.448754 -0.7681412 1.264521 12.47844 -254.2429 251.6963
1.520531 -0.6819595 1.332636 19.24944 -254.2429 251.6963
1.546898 -0.6138443 1.423944 30.06623 -254.2429 251.6963
1.545189 -0.509108 1.5133 31.04333 -249.5941 251.6963
1.592309 -0.3560318 1.593622 39.07386 -240.2429 251.6963
1.550805 -0.2566665 1.677362 46.2189 -231.2887 251.6963
1.460961 -0.1541275 1.804071 57.29524 -233.3192 251.6963
1.482689 -0.09895166 1.765741 52.86776 -204.9223 251.6963
1.446313 0.05461278 1.898065 59.82196 -206.7391 251.6963
1.367211 0.110521 1.932245 68.25707 -199.6628 251.6963
1.425316 0.1937729 1.848749 72.32578 -190.4719 251.6963
1.36892 0.2999741 1.845087 74.48608 -180.2047 251.6963
1.307641 0.3810288 1.797235 74.27234 -168.1971 251.6963
