0.1184316 0.4891831 1.223017 -45.75056 -81.00626 13.55124
0.1223379 0.4020249 1.224726 -47.67423 -80.73909 12.16956
0.1206289 0.322435 1.257929 -51.18568 -80.63985 12.39856
0.1238027 0.2697007 1.282831 -55.46812 -79.25817 14.12376
0.1269766 0.2037827 1.311396 -57.07117 -78.97573 15.24589
0.1306387 0.1888901 1.338007 -58.7353 -77.1513 16.5665
0.1274648 0.1471421 1.383173 -59.52919 -75.79252 18.08559
0.1355215 0.1334702 1.425898 -61.19331 -72.60168 19.71918
0.1264883 0.1241929 1.464472 -61.68186 -69.2429 21.452
0.1198965 0.1107651 1.489374 -59.37652 -65.79252 22.03215
0.1191641 0.1083237 1.535028 -56.17804 -61.73145 22.26879
0.1047598 0.1425034 1.544306 -51.85743 -56.89175 20.99398
0.08547266 0.1271225 1.497187 -44.47575 -54.30397 17.46727
0.06862695 0.1178452 1.477655 -35.30782 -53.09023 14.52834
0.05422266 0.1000229 1.493769 -24.8956 -50.39557 10.81841
0.04958399 0.1205307 1.480341 -16.21621 -47.0826 7.64284
0.0334707 0.1117417 1.467157 -8.918504 -43.60168 5.139023
0.02761133 0.1063706 1.458368 -2.422321 -40.73145 2.803145
0.00417383 0.09684912 1.420771 3.028061 -37.82305 1.253527
-0.005835936 0.1027085 1.40246 6.70745 -36.92229 0.192458
-0.01413672 0.0817124 1.400019 9.318137 -34.2429 -0.6701373
-0.03391211 0.07878271 1.415888 12.40211 -32.69328 -0.8838778
-0.07566016 0.0817124 1.421015 15.18837 -30.64748 -1.235023
-0.1139902 0.09538427 1.443231 17.85249 -28.86885 -2.983114
-0.1388926 0.0997788 1.443476 23.0815 -27.75435 -5.219756
-0.1283945 0.1014878 1.444208 24.08913 -24.79252 -6.051816
-0.1323008 0.09929052 1.444208 24.88302 -23.54824 -6.433496
-0.1215586 0.08366552 1.432489 24.20363 -20.83832 -6.746473
0.6440664 -0.2906021 0.09533108 -15.21621 -73.48717 67.16956
0.6657949 0.06779638 0.1693057 -21.12461 -143.3345 62.3833
0.6697011 0.02971044 0.1624697 -21.76583 -147.365 60.74208
0.6670156 0.003831536 0.1651553 -22.23911 -152.533 59.61994
0.6767812 -0.02424464 0.1605166 -23.53682 -157.4643 59.04742
0.6924062 -0.0642837 0.166376 -24.21621 -162.6551 58.36803
0.698998 -0.09113916 0.1866397 -24.9643 -166.9299 58.26116
0.7014394 -0.1231216 0.2210635 -24.64369 -171.1895 57.4749
0.7033926 -0.1507095 0.2269229 -25.13224 -174.2734 57.2459
0.6723867 -0.2012466 0.2518252 -25.51392 -178.2353 57.51307
0.6718984 -0.2720474 0.261835 -24.13988 -181.2963 57.44437
0.6579824 -0.3230728 0.2606143 -25.7582 -184.449 59.03215
0.6465078 -0.3875259 0.2742862 -24.39178 -187.9681 59.85658
0.6362539 -0.448561 0.2569522 -22.98721 -191.8841 61.97872
0.6196523 -0.5274185 0.2347354 -21.20858 -195.5864 64.23826
0.5825429 -0.6057877 0.2193545 -18.03301 -199.1055 66.69627
0.5654531 -0.6756119 0.2054385 -15.21621 -203.4719 70.94055
0.5620351 -0.727858 0.2051944 -11.46812 -208.1589 75.27643
0.5432363 -0.7805923 0.1846865 -7.788733 -213.6704 80.49017
0.5334707 -0.8284439 0.1868838 -1.513924 -219.4719 85.13902
0.5481191 -0.8826431 0.2108096 6.333405 -225.1437 89.16193
0.5805898 -0.906813 0.2432803 15.41737 -229.2963 94.77261
0.5678945 -0.8933853 0.2525576 21.91356 -233.0444 100.0703
0.5923086 -0.8985123 0.2708682 27.196 -236.4261 106.2688
0.612084 -0.8865494 0.2637881 31.92883 -239.0444 111.9787
0.5969472 -0.8889908 0.2391299 36.1044 -236.6933 116.7344
0.6059804 -0.8845963 0.1651553 41.34104 -244.8841 123.4215
0.6584707 -0.8594498 0.2274112 48.27234 -229.7467 125.0169
0.5686269 -0.8281998 0.3909854 54.44028 -254.2429 135.2535
0.6689687 -0.8411392 0.2884463 64.83722 -254.2429 137.4367
0.671166 -0.7864517 0.3011416 74.76089 -254.2429 141.9176
0.6697011 -0.7215103 0.289667 84.54715 -254.2429 144.7115
0.686791 -0.674147 0.2713565 94.34104 -254.2429 146.6963
0.6447988 -0.6162857 0.2369326 107.0891 -254.2429 147.0474
0.6235586 -0.5574478 0.1776065 113.4479 -254.2429 148.5436
0.593041 -0.5640396 0.147333 118.2113 -254.2429 150.597
0.5666738 -0.5906509 0.1043643 122.0662 -254.2429 154.1467
0.6125722 -0.6570572 0.05846584 123.8907 -254.2429 159.3986
0.5962148 -0.6656021 0.01476467 128.7685 -254.2429 164.8337
0.6223379 -0.6590103 -0.02063572 130.2189 -254.2429 171.9711
0.6311269 -0.644606 -0.002813458 129.1044 -254.2429 178.4215
0.6506582 -0.6394791 0.003045917 127.3868 -254.2429 185.8184
0.6814199 -0.615065 0.0281924 124.5242 -254.2429 193.1543
0.7243886 -0.5825943 0.07750881 120.1273 -254.2429 201.4902
0.777123 -0.5550064 0.1185244 115.0968 -254.2429 209.223
0.8237539 -0.5176529 0.1566104 111.9059 -254.2429 216.0016
0.9267813 -0.4700454 0.1778506 106.9746 -254.2429 220.4291
0.9411856 -0.4212173 0.216669 100.3258 -254.2429 228.2764
1.01516 -0.3262466 0.2952822 93.73798 -254.2429 230.1925
0.8559805 -0.3011001 0.4630069 88.44028 -254.2429 235.0551
0.9516836 -0.2708267 0.4913272 86.45554 -254.2429 236.5207
1.007348 -0.2908462 0.5460147 88.31814 -254.2429 235.9024
0.9970938 -0.2566665 0.6624698 82.82959 -254.2429 241.7955
1.08059 -0.2652114 0.6883487 84.02043 -254.2429 243.4291
1.051537 -0.2093032 0.6758975 74.57768 -254.2429 247.3528
1.026147 -0.175856 0.666376 67.44028 -254.2429 250.2764
1.052025 -0.1875747 0.671503 65.03569 -254.2429 251.6963
1.072533 -0.1731704 0.7266788 63.73798 -254.2429 251.6963
1.080346 -0.1536392 0.7559756 65.38684 -254.2429 251.6963
1.052758 -0.06965479 0.867792 66.0815 -254.2429 251.6963
1.119652 0.01750341 0.891962 64.99753 -254.2429 251.6963
1.058617 0.08683935 1.005243 64.82959 -254.2429 251.6963
1.06057 0.197435 1.098261 67.63112 -254.2429 251.6963
1.034447 0.3029038 1.214716 65.75325 -254.2429 248.8795
1.014916 0.4034897 1.268183 64.78378 -254.2429 243.7344
0.9607168 0.3959214 1.409052 85.34104 -254.2429 241.4902
1.139184 0.5416733 1.3258 77.86012 -254.2429 234.3833
1.007592 0.6554428 1.525507 66.0815 -254.2429 229.9024
1.031518 0.8165756 1.611933 72.21127 -254.2429 221.2459
1.059106 0.9384018 1.81286 56.51661 -254.2429 203.8718
1.007592 0.8148666 2.058222 66.77615 -254.2429 200.536
0.9883047 0.9676987 2.062616 55.93646 -254.2429 181.7421
0.9255606 0.9081284 2.184931 62.01279 -247.6398 163.2535
0.8108145 0.9938217 2.265253 68.82195 -233.3345 154.307
0.7099844 0.9669662 2.188349 69.2189 -233.7086 140.4749
0.6648183 1.027757 2.288446 67.30287 -219.9757 126.7573
0.6101308 1.084886 2.337763 64.46317 -213.4185 124.6123
0.6487051 1.062181 2.336054 54.74562 -190.8536 110.1696
0.5342031 0.9655014 2.415644 55.41737 -167.4414 97.17719
0.3694082 1.100023 2.516474 50.76089 -159.7925 92.3146
0.2785879 0.9237534 2.375849 51.11966 -156.8154 95.91765
0.3073965 0.8627182 2.355829 73.3792 -149.6246 88.78788
0.2253652 1.051927 2.43786 56.79905 -133.1513 65.76498
0.09597071 0.9447495 2.365595 43.47081 -131.8307 63.13139
0.03029688 0.8673569 2.350946 40.60822 -140.3956 73.10085
0.08522852 0.7968002 2.219599 33.40974 -135.9147 70.91765
0.1074453 0.7587143 2.16247 25.69982 -120.9147 63.19246
0.05080469 0.7552963 2.157831 17.37157 -104.678 53.35276
-0.05783789 0.7560287 2.179804 8.40974 -98.64748 50.84895
-0.1227793 0.7135483 2.167353 0.2570688 -99.42611 54.43673
-0.2460703 0.4454819 1.630731 -7.071176 -22.28107 15.88711
-0.3447031 0.2863022 1.60705 -10.55973 -10.92229 6.826046
-0.3388438 0.3143784 1.623651 -8.971939 -8.586412 5.910016
-0.3466563 0.3461167 1.629999 -10.92614 -5.555878 4.604672
-0.3454356 0.3256089 1.629267 -11.81163 -2.662748 3.276428
-0.3224864 0.2994858 1.630731 -7.368886 0.8334351 0.9939848
-0.3473887 0.33806 1.633417 -14.24675 3.833435 1.482534
-0.3718028 0.2826401 1.628534 -7.07881 6.520458 -1.777007
-0.3847422 0.3654038 1.613153 -7.605527 8.986107 -2.815176
-0.3622813 0.3285386 1.588739 -9.048275 13.77237 -5.044183
-0.3852305 0.3387925 1.55871 -11.43759 16.8945 -5.799908
-0.393043 0.329271 1.538446 -13.30782 20.38305 -6.35716
-0.4159922 0.285814 1.488398 -14.28492 23.69603 -4.395328
-0.4491953 0.2941147 1.47912 -12.27728 27.19221 -7.494565
-0.4919199 0.2728745 1.446161 -15.29255 26.36779 -6.769373
-0.5126719 0.2333237 1.399042 -17.83453 27.29908 -7.5709
-0.5212168 0.2377182 1.368524 -18.10934 27.14641 -7.883877
-0.514625 0.1993882 1.348993 -20.42232 25.52046 -6.349526
-0.5202403 0.1986557 1.324335 -21.50629 25.22275 -4.509832
-0.5375742 0.173021 1.337274 -23.57499 23.29145 -3.532732
-0.5378184 0.1447007 1.327509 -24.10934 23.18458 -4.693038
-0.528541 0.1464097 1.334101 -26.10934 22.26092 -2.082351
-0.5280528 0.1525132 1.333612 -29.14751 22.62733 -0.5709008
-0.5092539 0.1649643 1.357294 -31.42995 22.23038 1.276428
-0.5190196 0.1595932 1.39123 -30.97194 23.08534 1.505435
-0.518043 0.1698472 1.409296 -30.36889 23.11588 2.566504
-0.5119395 0.1666733 1.434442 -26.07881 24.37542 0.8947481
-0.490211 0.1864487 1.463251 -23.8269 25.08534 0.2153589
-0.490211 0.2347886 1.497919 -14.59789 33.63496 -6.311358
-0.499 0.2245347 1.485712 -11.05591 35.94794 -8.494565
-0.4950938 0.2213608 1.459101 -7.804 37.6655 -10.29609
-0.5065684 0.2267319 1.428339 -6.002473 40.32962 -12.46403
