-0.1393394 -1.774963 -0.2605791 -230.6163 231.0959 -248.4563
-1.266537 -1.774963 -0.2605791 -120.1659 226.6531 -149.8914
-1.71014 -1.774963 -0.2605791 -71.07434 88.91267 -57.41811
-1.71014 -1.774963 -0.2605791 -30.58578 -18.62168 15.55899
-1.71014 -1.774963 -0.2605791 -25.01327 -84.49954 69.01701
-1.71014 -1.774963 -0.2605791 -57.73082 -141.553 119.9712
-1.71014 -1.774963 -0.2605791 -47.89113 -203.2018 130.8491
-1.567806 -1.774963 -0.2605791 -43.47892 -262.1866 149.9559
-0.9525718 -1.774963 -0.2605791 -29.66212 -269.1713 156.9865
-0.4611167 -1.774963 -0.2605791 52.59742 -269.1713 176.9178
0.1121255 -1.774963 -0.2605791 97.84169 -269.1713 168.1544
0.2012368 -1.774963 -0.2605791 158.0096 -269.1713 188.4445
0.6448403 -1.774963 -0.2605791 187.4295 -269.1713 196.2231
0.5823403 -0.6538691 -0.2605791 147.8417 -269.1713 226.7346
0.7942544 -0.889953 0.1068525 239.9257 -269.1713 185.0781
1.086247 -0.3775018 0.1188154 269.6508 -269.1713 152.1544
1.138737 -0.3218378 0.2645674 269.6508 -269.1713 221.6353
0.8784829 -0.483703 0.3754072 269.6508 -269.1713 204.6201
0.9192544 -0.05132996 0.5043135 269.6508 -269.1713 221.0246
0.8674966 -0.07427917 0.5934248 269.6508 -269.1713 216.017
0.8406411 0.2482306 0.7462568 269.6508 -269.1713 226.2384
0.7874185 0.3993536 0.7689619 269.6508 -269.1713 228.475
0.8911782 0.5177618 0.8566084 269.6508 -269.1713 229.9178
0.8599282 0.5219122 0.7977705 268.8112 -269.1713 239.4063
0.5083657 0.6557013 0.9269209 269.6508 -269.1713 225.246
1.035954 0.7799688 0.9855146 253.9715 -269.1713 235.0018
0.8840981 0.6676641 1.062907 238.2692 -254.1408 213.7498
0.8679849 0.7223516 1.026774 217.0783 -249.2858 222.4292
0.8887368 0.6422735 1.096354 200.8493 -245.3392 225.643
0.8875161 0.6581427 1.176677 187.7425 -235.9652 227.4521
0.885563 0.6286016 1.215007 172.5822 -230.7285 234.6811
0.8884927 0.6544806 1.230876 161.689 -223.5224 237.7575
0.888981 0.618836 1.295085 152.6203 -216.8125 242.2231
0.9009439 0.6307989 1.324382 145.6814 -211.8278 247.7269
0.8955728 0.6405645 1.381755 138.9638 -205.0339 251.8109
0.9006997 0.6879278 1.416179 132.857 -197.9423 251.8109
0.904606 0.6498419 1.465739 131.1547 -191.5759 251.8109
0.9258462 0.6642462 1.460856 133.8875 -182.4919 251.8109
0.9155923 0.6918341 1.559489 132.8493 -175.0034 251.8109
0.9348794 0.7357794 1.538737 140.5363 -166.0873 251.8109
0.9392739 0.7370001 1.50529 145.9562 -156.9805 251.8109
0.9339028 0.7724005 1.451335 157.4295 -149.4079 251.8109
0.9043618 0.7872931 1.347087 168.7272 -143.4003 251.8109
0.8640786 0.8158575 1.252849 179.6509 -139.7438 251.8109
0.8640786 0.9098516 1.12614 189.0402 -135.8889 251.8109
0.7835122 0.9967657 1.006999 200.8264 -133.843 251.8109
0.7583657 1.101502 0.9003096 209.6661 -136.3469 251.8109
0.7444497 1.219178 0.8116865 205.7196 -142.5835 251.8109
0.7766763 1.213074 0.6835127 211.7501 -145.6217 251.8109
0.7644692 1.294617 0.6156416 210.9638 -150.469 251.8109
0.7595864 1.438416 0.5067549 207.0631 -159.6064 251.8109
0.7713052 1.460389 0.4820967 195.2616 -168.6293 251.8109
0.7737466 1.433045 0.5275068 190.7654 -178.0873 251.8109
0.8281899 1.514588 0.5233564 186.7119 -184.3621 251.8109
0.8709146 1.493104 0.5248213 178.0249 -191.8889 251.8109
0.9129067 1.499207 0.5499678 171.8417 -201.5606 251.8109
1.018376 1.490418 0.6110029 161.399 -209.6217 251.8109
1.10651 1.443787 0.6949873 155.3379 -215.0873 251.8109
1.189518 1.466981 0.7689619 142.8493 -221.2629 251.8109
1.262272 1.432557 0.8163252 137.7501 -229.9957 251.8109
1.358463 1.430359 0.9415693 127.6356 -240.0644 251.8109
1.447331 1.346863 1.043864 126.857 -241.095 251.8109
1.485417 1.433777 1.077067 129.6051 -247.9652 251.8109
1.573307 1.548279 1.207927 122.5592 -258.2095 251.8109
1.80109 1.461609 1.276042 133.8035 -264.5072 251.8109
2.289799 2.158631 0.3724775 -161.4865 231.0959 -248.4563
-0.2035483 -1.774963 -0.2605791 -230.6163 187.4089 -176.6318
-0.6398276 -1.774963 -0.2605791 -83.32625 126.2409 -202.8685
-1.291439 -1.774963 -0.2605791 -77.67738 54.26381 -129.1509
-1.280697 -1.774963 -0.2605791 -55.75373 -2.056795 -93.25017
-1.509701 -1.774963 -0.2605791 -38.05907 -49.86596 -62.79215
-1.500423 -1.774963 -0.2605791 -10.24991 -88.04916 -32.79215
-1.344906 -1.774963 -0.2605791 8.330244 -119.4232 -8.357038
-1.177425 -1.774963 -0.2605791 34.09361 -154.1637 10.75747
-0.9374351 -1.774963 -0.2605791 59.38368 -182.385 29.30708
-0.6515464 -1.774963 -0.2605791 87.67375 -202.7056 49.63533
-0.5382651 -1.774963 -0.2605791 111.0554 -237.4461 72.12388
-0.228939 -1.774963 -0.2605791 132.8951 -235.7438 84.86433
-0.2382163 -1.774963 -0.2605791 154.3226 -251.782 98.62769
-0.07488623 -1.774963 -0.2605791 167.6051 -256.5072 125.7575
-0.1244468 -1.763244 -0.2605791 182.9104 -269.1713 137.9483
0.1223794 -1.612121 -0.2605791 201.7654 -269.1713 142.6811
0.2344399 -1.448303 -0.2605791 207.3684 -269.1713 163.017
0.2705728 -1.345275 -0.1722002 222.2005 -269.1713 167.0475
0.3750649 -1.10382 -0.01521778 227.9486 -269.1713 173.9025
0.4578286 -0.9483027 0.09440136 234.6738 -269.1713 170.7422
0.5425454 -0.7781366 0.2543135 231.0783 -269.1713 184.0781
0.5549966 -0.6499628 0.2989912 219.3913 -266.8125 191.9789
0.7283364 -0.579162 0.4213057 216.9562 -263.6827 220.7193
0.6170083 -0.6895136 0.5375166 216.7501 -259.2629 208.4827
0.7481118 -0.5039667 0.6329756 210.5135 -245.1179 238.5819
0.7019692 -0.4585566 0.7206221 210.5745 -240.4079 235.9941
0.7612954 -0.3633417 0.7733564 201.6432 -233.8583 251.3147
0.7998696 -0.3091425 0.8307295 193.6127 -229.5682 251.8109
0.8245278 -0.2820429 0.8885908 183.6051 -222.3087 251.8109
0.8325845 -0.2053827 0.9637861 178.4753 -216.9957 251.8109
0.8574868 -0.1707147 1.002849 173.8341 -209.2476 251.8109
0.8936196 -0.1272577 1.027751 170.9104 -200.7744 251.8109
0.9160806 -0.08257996 1.031901 166.2768 -194.5911 251.8109
0.9395181 -0.06231628 1.048747 169.6051 -189.0339 251.8109
0.9422036 -0.003478393 1.041911 173.4982 -183.6446 251.8109
0.9478189 0.0499884 1.054362 178.4677 -180.4843 251.8109
0.9795571 0.1161505 1.035319 186.4295 -173.8583 251.8109
1.002995 0.1261603 0.9447432 193.1394 -170.9957 251.8109
1.013249 0.1388556 0.9486494 205.4753 -173.6293 251.8109
1.044987 0.2780157 0.833415 212.6356 -166.5835 251.8109
1.050846 0.2609259 0.744792 227.6738 -169.6446 251.8109
1.133854 0.3876349 0.6339521 232.6661 -171.4766 251.8109
1.136051 0.4044806 0.5692549 235.918 -171.6904 251.8109
1.153141 0.4523321 0.5431318 243.8875 -173.6369 251.8109
1.024967 0.8458868 0.4632978 246.3073 -173.7896 251.8109
1.341129 1.388367 0.3978682 244.7425 -172.5377 251.8109
0.9805337 1.67157 0.2062178 244.3608 -206.5148 251.8109
1.302555 1.632996 0.5148115 257.7119 -204.2095 251.8109
1.242985 1.397156 0.2450361 252.0478 -197.2018 251.8109
1.212956 1.519959 0.2093916 252.8112 -198.5606 251.8109
1.306706 1.704529 0.227458 223.6203 -207.7133 251.8109
1.098209 1.609315 0.2980146 206.5822 -211.1866 251.8109
1.138249 1.738221 0.2811689 182.3608 -220.6064 251.8109
1.147038 1.725037 0.322917 174.8112 -228.0873 251.8109
1.336002 1.665711 0.3448896 169.0402 -232.095 251.8109
1.436833 1.630066 0.3771162 166.5211 -238.6293 251.8109
1.48737 1.623475 0.4650068 156.7883 -245.5835 251.8109
1.548161 1.588807 0.5455732 152.5898 -250.2629 251.8109
1.586002 1.575135 0.6356611 144.6051 -253.9805 251.8109
1.634342 1.559754 0.7289228 140.1241 -258.5377 251.8109
1.786442 1.60785 1.013835 132.1699 -264.698 251.8109
1.901676 1.75116 0.946208 124.3837 -266.3469 251.8109
1.867741 1.705262 1.143962 126.1699 -269.1713 251.8109
1.861881 1.811951 1.23112 124.8799 -269.1713 251.8109
1.958073 2.105653 1.418864 133.7806 -269.1713 251.8109
2.104313 1.947693 1.428386 113.5058 -257.7972 251.8109
2.165592 2.123231 1.576823 121.5592 -254.6675 251.8109
2.06818 2.214783 1.625896 118.4524 -262.2782 251.8109
2.109196 2.224976 1.987468 125.2692 -247.3621 251.8109
2.100895 2.224976 2.112468 132.0936 -209.2553 251.8109
2.106754 2.224976 2.155437 140.6127 -198.0186 247.2766
2.052067 2.224976 2.253093 153.4753 -178.0568 235.4063
1.968327 2.224976 2.248942 162.2844 -154.927 223.4979
1.858708 2.224976 2.261882 162.3302 -146.8278 221.1163
1.823795 2.224976 2.332194 122.8341 -145.24 220.1163
1.779362 2.224976 2.473063 132.7883 -96.81252 184.2384
1.627506 2.224976 2.42155 120.1928 -82.02626 170.414
1.288639 2.224976 2.328288 104.3989 -69.22473 145.8796
1.298893 2.224976 2.227946 91.44475 -54.76672 119.6659
1.504459 2.224976 2.534587 93.58978 -38.51481 84.66586
1.536442 2.224976 2.571696 74.98673 -12.11023 46.49029
1.563542 2.224976 2.42863 58.69666 6.08061 7.902504
1.622868 2.224976 2.403483 40.78062 22.50809 -32.25017
1.636295 2.224976 2.442058 16.0249 42.35542 -68.63185
