-0.6174082 -0.02082667 1.304071 7.425007 -0.2658017 24.48253
-0.6313242 -0.002027839 1.275019 5.783786 -1.525344 23.91002
-0.6408457 -0.003980964 1.26623 5.646381 -4.036794 22.66574
-0.6486582 0.00944677 1.243036 4.38684 -6.189466 21.35276
-0.6618418 0.01335302 1.252069 3.951725 -9.158932 19.67337
-0.6510996 0.01066747 1.253778 3.035695 -11.44137 18.23826
-0.6359629 0.007249504 1.280878 1.974626 -13.74672 17.05505
-0.6281504 -0.007643074 1.318476 1.447908 -15.48718 15.99398
-0.611793 -0.02351222 1.34289 0.7990534 -16.67802 15.13139
-0.5861582 -0.02985987 1.3883 0.9211908 -17.71618 13.67337
-0.559791 -0.02985987 1.432733 0.07386255 -17.46428 13.01688
-0.5387949 -0.05744776 1.477167 1.852489 -17.12076 11.58177
-0.5168223 -0.04914698 1.536493 2.852489 -16.21237 10.65811
-0.4985117 -0.05280909 1.576776 1.623481 -14.14366 10.63521
-0.4904551 -0.05207667 1.601923 1.257069 -12.37267 10.39856
-0.4721446 -0.03376612 1.621454 -0.3307176 -9.532977 9.87948
-0.4648203 -0.03791651 1.637079 -1.086443 -7.00626 9.619939
-0.4606699 -0.03791651 1.641962 -2.69713 -4.578779 9.490168
-0.4650645 -0.04792628 1.656366 -4.086443 -2.067328 9.4749
-0.458961 -0.04231104 1.661249 -5.720031 0.3983202 9.635206
-0.4582285 -0.0408462 1.672968 -7.949039 2.627328 10.03215
-0.4557871 -0.03816065 1.66662 -10.50629 4.757099 10.43673
-0.4596934 -0.05451807 1.661981 -13.23148 6.940305 10.62757
-0.4601817 -0.05988917 1.664911 -15.36125 9.070076 10.75734
-0.4570078 -0.07404932 1.650995 -16.58262 10.48992 10.71154
-0.4477305 -0.0811294 1.642694 -18.43759 11.55099 10.97108
-0.4484629 -0.08186182 1.65246 -19.72766 12.7342 10.71918
-0.4303965 -0.0889419 1.650995 -21.13988 13.42122 11.10849
-0.426002 -0.09431299 1.65954 -21.9414 14.60443 10.97108
-0.4155039 -0.0979751 1.682978 -22.59789 15.19221 11.03979
-0.4059824 -0.09870752 1.699823 -22.88033 16.01664 11.01688
-0.3820567 -0.1006607 1.729853 -23.27728 16.74947 10.74208
-0.363502 -0.09284815 1.740106 -22.86507 18.26092 10.23826
-0.3283457 -0.08527979 1.768183 -22.11698 18.87924 9.53597
-0.3029551 -0.07185206 1.796747 -20.76583 19.72657 9.230626
-0.2848887 -0.05891261 1.830439 -20.07881 22.02427 6.887115
-0.1349863 -0.08088526 1.77746 -17.38415 37.86397 -2.273191
-0.328834 -0.03840479 1.892694 -18.58262 23.58153 8.55887
-0.1706309 -0.004225105 1.89831 -18.46812 29.41359 4.848947
-0.1720957 0.155687 1.885858 -25.99484 39.48993 -0.1357862
-0.1242441 0.030687 2.019403 -30.29255 50.72657 1.322229
-0.1081309 0.008714348 2.091425 -25.79637 43.79527 1.612305
-0.01950781 -0.03059229 2.118036 -19.94904 37.49756 2.108489
0.3747793 0.0817124 1.878534 -24.05591 65.46702 0.2000917
0.03078516 0.1039292 2.392939 -17.30018 90.39832 -7.983115
-0.1906504 0.278978 2.53161 -32.32308 52.81817 19.3375
0.330834 0.1588608 2.325068 -23.6895 74.93267 -5.662504
0.3166738 0.2426011 2.465448 -33.59789 85.97083 -3.387694
0.3364492 0.2543198 2.466425 -34.72003 98.78763 -7.815176
0.3803945 0.1600815 2.421259 -34.52156 113.9937 -6.73884
0.4968496 0.2875229 2.469355 -41.71239 141.0472 -8.067084
0.4016347 0.2418686 2.541376 -40.50629 150.4899 -6.799908
0.5466543 0.308519 2.39953 -43.39942 188.2457 -8.967848
0.4983144 0.3820054 2.644159 -47.24675 186.5815 -19.73884
0.5642324 0.2924057 2.726435 -43.09407 199.009 -15.49457
0.5835195 0.4725815 2.631952 -41.36889 206.009 -12.62434
0.6411367 0.3729722 2.503046 -40.69713 208.7266 -21.92205
0.6946035 0.360521 2.535028 -38.47575 211.3754 -22.12052
0.7556386 0.4488999 2.51623 -34.7811 215.0395 -25.42586
0.8554922 0.4364487 2.536249 -29.7582 232.0777 -33.83807
0.8962637 0.5260483 2.539667 -21.90324 246.0243 -43.62433
0.8952871 0.5734116 2.435663 -20.78873 246.0243 -49.48693
0.8806387 0.5499741 2.439569 -13.52156 246.0243 -59.7541
1.017113 0.5812241 2.500605 -11.11698 246.0243 -70.44876
1.044213 0.5997787 2.507685 -6.819267 246.0243 -73.70067
1.187279 0.5612045 2.458612 -0.712397 246.0243 -85.65487
1.263939 0.5404526 2.375849 9.40974 246.0243 -95.84571
1.308861 0.5209213 2.292109 11.86776 246.0243 -104.1282
1.354027 0.4427964 2.210321 15.75325 246.0243 -112.6472
1.399682 0.402269 2.133905 17.69218 246.0243 -119.4793
1.419213 0.372728 2.073603 15.70745 246.0243 -123.8228
1.465111 0.3011948 1.983515 12.69982 246.0243 -127.0136
1.50808 0.2379624 1.89123 10.55478 246.0243 -130.2656
1.548852 0.1620347 1.759882 4.157832 246.0243 -131.4259
1.573754 0.09318701 1.66369 -1.223847 246.0243 -130.6702
1.619408 0.03410497 1.542841 -6.574992 246.0243 -128.1358
1.646996 -0.02375636 1.421991 -12.7582 246.0243 -123.7923
1.663842 -0.03938136 1.297968 -17.10171 246.0243 -122.4946
1.688744 -0.06623682 1.228144 -19.27728 246.0243 -120.9297
1.770287 -0.07844386 1.122431 -20.92614 246.0243 -118.006
1.675805 -0.0901626 1.141718 -19.18568 246.0243 -122.1892
1.680199 -0.1074966 0.9859561 -16.46812 246.0243 -130.693
1.689477 -0.06184229 0.8494815 -15.53682 246.0243 -130.4717
1.818139 0.02995458 0.7657413 -13.72003 246.0243 -110.8762
1.835473 -0.16902 0.6238955 -7.376519 246.0243 -117.7846
1.642846 -0.07307276 0.7481631 -1.193313 246.0243 -116.5098
1.86184 -0.0835708 0.2484072 6.119664 246.0243 -117.6091
0.3813711 -0.2061294 0.05114162 -18.46049 -38.59404 -0.4334961
0.277123 -0.6836685 -0.06165135 18.20363 -162.9986 29.01689
0.2866445 -0.7149185 -0.06165135 17.49371 -170.6933 34.80315
0.3171621 -0.7517838 -0.06165135 15.31814 -180.2047 42.32223
0.3449941 -0.7603287 -0.06165135 10.196 -188.2963 50.59704
0.3828359 -0.7595963 -0.06165135 3.348672 -196.7543 59.66574
0.4301992 -0.7564224 -0.06165135 -3.116977 -204.9681 67.98635
0.4673086 -0.7471451 -0.06165135 -9.849802 -212.7315 76.2001
0.5083242 -0.7378677 -0.04456151 -14.69713 -219.5864 82.46727
0.5385976 -0.7222427 0.03161037 -20.46812 -226.6398 89.04742
0.5862051 -0.7090591 0.1363467 -26.25438 -232.4872 95.19246
0.6430898 -0.713942 0.2535342 -30.69713 -236.1818 101.4749
0.7107168 -0.7354263 0.334833 -33.79636 -238.3803 107.2764
0.751 -0.7610611 0.3968447 -34.34599 -239.6933 112.1085
0.7231679 -0.7771744 0.4874209 -32.8498 -240.1284 116.4673
0.731957 -0.8037857 0.5216006 -31.7811 -238.5941 120.4444
0.6684804 -0.8750748 0.5469913 -26.55209 -238.0139 124.0627
0.6675039 -0.9024185 0.5455264 -22.22385 -237.4948 128.2841
0.6299062 -0.9344009 0.5320987 -20.35362 -236.5559 134.368
0.6054922 -0.9827408 0.4971866 -17.70476 -237.9986 140.9176
0.5796133 -1.00862 0.4432315 -17.56736 -239.2353 148.4825
0.5605703 -1.044264 0.4183291 -18.55209 -242.6246 156.826
0.5407949 -1.052809 0.3807315 -20.65133 -247.0215 166.9863
0.5468984 -1.068922 0.3636416 -23.12461 -250.762 176.3451
0.5571523 -1.055983 0.3658389 -25.6666 -254.2429 185.4444
0.5901113 -1.01985 0.3875674 -28.97957 -254.2429 194.6886
0.6245351 -0.9976334 0.4468936 -30.34598 -254.2429 202.765
0.6509023 -0.9634537 0.4852237 -32.35362 -254.2429 209.8795
0.6743398 -0.9246353 0.5228213 -34.7811 -254.2429 217.2688
0.7141347 -0.9373306 0.560419 -33.69713 -254.2429 223.5589
0.7629629 -0.9319595 0.5985049 -30.33835 -254.2429 228.4291
0.7951894 -0.8784927 0.6109561 -27.22385 -254.2429 233.6352
0.8344961 -0.8731216 0.6409854 -24.14751 -254.2429 237.0322
0.8252188 -0.8365005 0.720087 -17.42232 -254.2429 241.9405
0.8938223 -0.7823013 0.7015323 -9.880336 -254.2429 244.6352
0.9341055 -0.7141861 0.7383975 -2.170412 -254.2429 247.0398
0.9724356 -0.6387466 0.7747745 4.966992 -254.2429 250.3222
1.049096 -0.5581802 0.810419 10.86012 -254.2429 251.6963
1.096459 -0.4854263 0.8909854 22.62348 -254.2429 251.6963
1.168969 -0.1553482 1.158319 56.94409 -254.2429 244.6734
1.206566 -0.02937159 1.217401 64.59295 -254.2429 242.8795
1.217064 0.0006577075 1.261591 74.20364 -254.2429 239.9711
1.21682 0.07658544 1.291864 86.55478 -254.2429 235.8947
1.296654 0.1774155 1.298212 98.01279 -254.2429 232.597
1.304467 0.2726304 1.348749 112.0968 -254.2429 229.8947
1.182397 0.3968979 1.515985 125.0128 -252.6093 222.765
1.210961 0.5145737 1.470087 128.2876 -248.4795 215.139
1.230004 0.570726 1.573847 131.6082 -243.5788 211.4825
1.180199 0.7216049 1.704462 131.0052 -248.1589 208.3986
1.161645 1.050218 1.937128 115.0281 -234.8612 199.7421
1.112572 0.911058 1.957636 94.2189 -224.5101 190.0398
1.067162 0.8597885 2.007196 100.9441 -209.8536 177.5512
1.023949 0.9398666 2.109491 92.30287 -185.5024 166.0551
0.922875 0.8929916 2.17663 89.23417 -173.5635 158.4825
0.9172598 0.905687 2.210566 97.04333 -164.907 148.3451
0.8818594 0.9515854 2.222773 93.55478 -149.7009 140.2688
0.8127676 0.9413315 2.218622 91.76852 -134.3803 131.7726
0.7175527 0.9222885 2.165888 89.3105 -119.6628 122.8489
0.6228261 0.9003159 2.08288 85.95173 -106.9223 115.3375
0.5559316 0.8673569 2.014765 82.24181 -92.89939 108.5665
0.4634023 0.8441635 1.896112 76.0357 -82.35741 103.4367
0.3984609 0.8334213 1.854364 66.69981 -73.59405 99.51307
0.3235097 0.7399155 1.775995 57.91356 -59.41084 95.73444
