0.02070606 -0.289273 0.4881914 -7.737023 1.687756 19.44005
0.02363575 -0.2831695 0.4896562 -7.782825 1.893863 19.58508
0.0221709 -0.2929351 0.4989336 -7.591985 1.779359 19.44005
0.0287627 -0.2897613 0.5001543 -7.828626 2.000733 19.53928
0.01704395 -0.2821929 0.4894121 -7.714122 1.42058 19.61562
0.02656543 -0.2807281 0.4942949 -7.767557 1.535084 19.76066
0.01338184 -0.289273 0.4916093 -7.668321 1.771725 19.65379
0.02021778 -0.2848784 0.4889238 -7.546184 1.703023 19.64615
0.02412403 -0.2851226 0.4862382 -8.202672 2.016 19.75302
0.02412403 -0.2851226 0.4955156 -8.202672 1.977832 19.68432
0.02265918 -0.2829253 0.4955156 -7.668321 1.710656 19.52402
0.01582325 -0.2848784 0.4894121 -7.759924 1.703023 19.79882
0.0221709 -0.2843902 0.4982011 -7.477481 1.42058 19.53165
0.01655567 -0.2870757 0.5006425 -7.920229 1.870962 19.66905
0.02241504 -0.2814605 0.4950273 -8.225573 2.000733 19.80646
0.01533496 -0.2853667 0.4864824 -8.011832 1.786992 19.48585
0.01948535 -0.2856109 0.4918535 -8.103436 1.916763 19.69959
0.0233916 -0.2870757 0.4955156 -8.340076 2.214473 19.74539
0.02900684 -0.287564 0.4923418 -7.927863 2.031267 19.60798
0.02485645 -0.2895171 0.4918535 -8.340076 2.099969 19.80646
0.0221709 -0.285855 0.4899004 -8.133969 1.641954 20.0431
0.02778614 -0.2856109 0.4881914 -8.111069 1.855695 19.94386
0.01850879 -0.2834136 0.4999101 -8.042367 1.985466 19.76066
0.02729785 -0.2804839 0.4923418 -7.920229 1.993099 19.79119
0.01850879 -0.2812163 0.4923418 -7.874428 1.939664 19.63852
0.02168262 -0.282437 0.4950273 -7.927863 2.046535 19.57745
0.01948535 -0.2829253 0.4911211 -7.874428 1.619053 19.83699
0.01533496 -0.2870757 0.4933183 -7.996565 1.901496 19.76066
0.0221709 -0.287564 0.4918535 -8.034733 1.825161 19.73012
0.02143848 -0.2873199 0.4908769 -7.889695 1.901496 19.52402
0.02436817 -0.2790191 0.494539 -8.133969 2.145771 19.58508
0.02119434 -0.284146 0.4982011 -8.225573 2.138137 19.55455
0.02241504 -0.2819488 0.4913652 -8.019465 2.008367 19.84463
0.01899707 -0.2826812 0.4874589 -7.981298 2.153405 19.63089
0.01704395 -0.2853667 0.4955156 -7.897328 1.71829 19.79882
0.02558887 -0.2829253 0.4952714 -8.164504 1.855695 19.78356
0.02363575 -0.2856109 0.4955156 -8.080534 1.947298 19.85989
0.01753223 -0.2865874 0.4913652 -8.080534 1.947298 19.47821
0.02607715 -0.2873199 0.4918535 -8.042367 1.893863 19.82173
0.02241504 -0.2836577 0.4913652 -8.088168 2.298443 19.54692
0.01850879 -0.282437 0.4859941 -7.607252 1.573252 19.77592
0.02436817 -0.2860991 0.4759843 -7.912596 1.61142 19.83699
0.02119434 -0.2839019 0.4989336 -7.782825 1.580885 19.82936
0.02461231 -0.2829253 0.4957597 -7.851527 1.741191 19.74539
0.02827442 -0.2880523 0.494539 -7.973664 2.191573 19.76066
0.02143848 -0.2799956 0.4901445 -8.271374 2.016 19.69959
0.02680957 -0.2846343 0.4952714 -8.0271 1.870962 19.85989
0.0233916 -0.2865874 0.4955156 -8.133969 2.237374 19.71486
0.01997364 -0.287564 0.4908769 -7.882061 1.863328 19.85989
0.02510059 -0.2848784 0.4906328 -7.973664 1.710656 19.91333
0.01850879 -0.2865874 0.4964921 -8.179771 1.954931 19.56982
0.02265918 -0.2839019 0.499666 -7.920229 2.016 19.61562
0.02290332 -0.2860991 0.4903886 -8.195038 2.199206 19.76829
0.02168262 -0.2863433 0.4952714 -8.217939 2.267909 19.65379
0.02363575 -0.2851226 0.4923418 -8.164504 2.038901 19.60035
0.027542 -0.284146 0.4911211 -7.515649 1.733557 19.73775
0.02192676 -0.2922027 0.4957597 -7.759924 1.771725 19.58508
0.02461231 -0.2882964 0.4935625 -7.614886 1.664855 19.73012
0.02534473 -0.2848784 0.4994218 -7.790458 1.771725 19.66142
0.02143848 -0.2836577 0.4947832 -7.912596 1.832794 19.67669
0.02363575 -0.2839019 0.4938066 -7.950764 2.008367 19.70722
0.02607715 -0.284146 0.4911211 -8.072901 2.061801 19.72249
0.01704395 -0.2839019 0.4891679 -7.721756 1.481649 19.67669
0.02265918 -0.2851226 0.4942949 -7.721756 1.848061 19.63089
0.02363575 -0.290982 0.4925859 -7.828626 1.695389 19.88279
0.02778614 -0.2797515 0.4967363 -7.569084 1.474015 19.88279
0.02192676 -0.2851226 0.4952714 -7.988932 1.733557 19.68432
0.02241504 -0.2848784 0.4933183 -7.714122 1.680122 19.79882
0.02070606 -0.2797515 0.4908769 -7.782825 1.893863 19.69959
0.02510059 -0.2873199 0.4957597 -8.0271 2.153405 19.69959
0.02607715 -0.2865874 0.4957597 -7.897328 1.977832 19.48585
0.02241504 -0.2902495 0.5016191 -7.889695 1.786992 19.51638
0.01924121 -0.2868316 0.4901445 -7.569084 1.932031 19.53165
0.02558887 -0.2839019 0.4879472 -7.393512 1.50455 19.64615
0.01924121 -0.2878081 0.4881914 -7.607252 1.977832 19.76829
0.02436817 -0.2839019 0.4972246 -7.729389 1.741191 19.37134
0.02949512 -0.2885406 0.4920976 -8.057633 1.947298 19.65379
0.02021778 -0.2870757 0.499666 -8.034733 1.954931 19.48585
0.01802051 -0.2878081 0.4977129 -8.057633 1.916763 19.73012
0.02119434 -0.2878081 0.5006425 -7.744657 1.939664 19.40188
0.02046192 -0.2880523 0.4852617 -7.866794 2.069435 19.60798
0.027542 -0.2743804 0.4923418 -7.775191 1.542717 19.78356
0.02143848 -0.2943999 0.4881914 -7.622519 1.962565 19.50875
0.02558887 -0.2790191 0.4947832 -7.767557 1.817527 19.56982
0.02510059 -0.2882964 0.499666 -7.843893 1.90913 19.54692
0.02241504 -0.2777984 0.4877031 -7.966031 1.993099 19.53928
0.01826465 -0.2821929 0.496248 -7.904962 1.840427 19.68432
0.01924121 -0.2812163 0.4884355 -8.103436 1.649588 19.89043
0.01948535 -0.2887847 0.494539 -7.897328 1.916763 19.54692
0.02583301 -0.2804839 0.4874589 -7.866794 1.603786 19.86753
0.01850879 -0.2834136 0.4891679 -8.0271 1.90913 19.53928
0.02143848 -0.2848784 0.4977129 -7.759924 1.863328 19.79119
0.02656543 -0.2797515 0.4969804 -8.126336 1.863328 19.90569
0.02192676 -0.2814605 0.4969804 -7.767557 1.878595 19.64615
0.02680957 -0.282437 0.4986894 -7.492748 1.771725 19.61562
0.01728809 -0.284146 0.4918535 -7.630153 1.794626 19.73012
0.0197295 -0.2839019 0.4952714 -7.637786 1.672488 19.50875
0.02192676 -0.2802398 0.4957597 -7.813359 1.641954 19.76066
0.01679981 -0.2851226 0.4891679 -7.889695 1.855695 19.76066
0.02143848 -0.2839019 0.4864824 -7.675954 1.63432 19.62325
0.02168262 -0.285855 0.4950273 -7.599618 1.61142 19.54692
0.0221709 -0.2787749 0.4896562 -7.927863 1.870962 19.53928
0.02192676 -0.2826812 0.4930742 -7.714122 1.63432 19.85989
0.02070606 -0.2851226 0.4960039 -8.179771 1.817527 19.63089
0.02387989 -0.2887847 0.4881914 -7.973664 1.993099 19.60798
0.02436817 -0.2807281 0.4947832 -8.210305 1.932031 19.77592
0.0197295 -0.2821929 0.4877031 -8.133969 2.115237 19.89806
0.02314746 -0.284146 0.4984453 -8.103436 2.115237 19.84463
0.02265918 -0.2807281 0.4957597 -8.118702 2.069435 19.83699
0.01460254 -0.2853667 0.4935625 -8.225573 2.12287 19.60035
0.0221709 -0.2839019 0.4930742 -7.706489 1.603786 19.67669
0.02168262 -0.2865874 0.4852617 -7.920229 2.008367 19.85226
0.02046192 -0.2804839 0.4891679 -8.133969 2.099969 19.86753
0.02363575 -0.2836577 0.4942949 -8.141603 1.802259 19.75302
0.02363575 -0.282437 0.4969804 -8.294275 2.046535 19.76829
0.02314746 -0.2843902 0.4969804 -7.966031 1.825161 19.69195
0.02192676 -0.2787749 0.4906328 -8.141603 2.138137 19.66905
0.01850879 -0.285855 0.4957597 -8.225573 1.962565 19.65379
0.02436817 -0.284146 0.4942949 -8.340076 1.848061 19.69959
0.02485645 -0.2836577 0.4916093 -8.309542 1.962565 19.70722
0.01704395 -0.2839019 0.4886796 -8.057633 1.901496 19.86753
0.02461231 -0.2856109 0.5003984 -8.111069 1.825161 19.64615
0.01802051 -0.284146 0.5043046 -7.94313 2.031267 19.9973
0.0155791 -0.2817046 0.4920976 -8.233206 1.756458 19.78356
0.0209502 -0.2897613 0.4899004 -8.065268 2.275542 19.31791
0.02168262 -0.2865874 0.4957597 -7.988932 1.71829 19.86753
0.01582325 -0.2836577 0.4901445 -7.569084 1.535084 19.74539
0.0155791 -0.2851226 0.4920976 -7.843893 1.886229 19.78356
0.02412403 -0.2860991 0.4916093 -7.882061 1.603786 19.91333
0.01924121 -0.2846343 0.4933183 -7.889695 2.138137 19.74539
0.01899707 -0.2846343 0.4972246 -7.691222 1.458748 19.76066
0.0209502 -0.2865874 0.4955156 -7.591985 1.519817 19.81409
0.01533496 -0.2819488 0.4896562 -7.912596 1.90913 19.53165
0.01875293 -0.2787749 0.5040605 -8.133969 1.970199 19.60798
0.02363575 -0.2902495 0.4999101 -8.004199 1.893863 19.63852
0.01997364 -0.2851226 0.494539 -7.767557 1.779359 19.63852
0.0312041 -0.2831695 0.4952714 -7.721756 1.596153 19.60798
0.02168262 -0.2843902 0.4960039 -7.866794 1.710656 19.86753
0.02412403 -0.2831695 0.4974687 -7.805725 1.809893 19.62325
0.0143584 -0.2868316 0.4828203 -8.15687 1.878595 19.79119
0.02436817 -0.285855 0.4908769 -7.897328 1.954931 19.55455
0.01899707 -0.2895171 0.4908769 -7.843893 1.825161 19.59272
0.02680957 -0.2839019 0.4886796 -7.492748 1.573252 19.80646
0.02021778 -0.2843902 0.4886796 -7.935496 1.725924 19.56982
0.0209502 -0.2812163 0.4957597 -7.927863 1.878595 19.60035
0.02656543 -0.2756011 0.4974687 -7.950764 1.786992 19.42478
0.02607715 -0.2782866 0.4982011 -8.019465 2.084702 19.44768
0.01362598 -0.2885406 0.4940507 -7.882061 1.878595 19.64615
0.02387989 -0.2751128 0.4881914 -7.843893 1.779359 19.84463
0.01875293 -0.2882964 0.4960039 -7.927863 1.90913 19.64615
