0.5178457 0.1517807 2.345575 27.196 86.28381 -33.38769
0.5473867 0.2020737 2.370966 20.76089 96.74183 -34.39533
0.5686269 0.3234116 2.353876 25.57768 103.8945 -44.13578
0.6836172 0.353685 2.339228 19.95936 117.2685 -53.7312
0.5888906 0.4166733 2.345575 10.01279 128.8258 -59.02128
0.686791 0.405687 2.344843 -1.91087 134.8869 -61.16632
0.6848379 0.3754136 2.362421 -5.50629 146.0243 -67.18922
0.7480703 0.3920151 2.30456 -17.42232 157.5128 -71.71593
0.7824941 0.3815171 2.265985 -36.00247 164.2991 -72.10525
0.8371817 0.23723 2.28039 -49.69713 173.6579 -72.60143
0.8911367 0.1639878 2.298456 -53.07117 182.2533 -74.24265
0.9516836 0.09221045 2.28039 -64.36888 194.9708 -72.33426
0.9634024 0.06144872 2.29162 -74.00247 206.8334 -70.27319
0.957543 -0.03864893 2.286249 -82.07881 217.2685 -67.65487
1.01809 -0.07649073 2.278681 -84.94904 228.6121 -65.72357
1.04641 -0.109938 2.255976 -90.27728 240.5052 -63.02892
1.096947 -0.1087173 2.209589 -92.25438 246.0243 -60.18922
1.136986 -0.1934341 2.156855 -83.8727 246.0243 -60.30372
1.146264 -0.1778091 2.089472 -80.77347 246.0243 -59.23502
1.162621 -0.1592544 2.054071 -75.61316 246.0243 -58.81517
1.191186 -0.1106704 1.997675 -72.46049 246.0243 -58.79227
1.221703 -0.06623682 1.947138 -67.18568 246.0243 -59.29609
1.253441 -0.04914698 1.873651 -61.43759 246.0243 -60.65487
1.270043 0.03288427 1.800898 -57.67423 246.0243 -62.54037
1.299584 0.08610693 1.728144 -52.26965 246.0243 -65.87624
1.315941 0.1442124 1.664179 -44.72766 246.0243 -68.3877
1.330834 0.1857163 1.573847 -37.52156 246.0243 -72.09762
1.303002 0.2877671 1.531366 -29.01011 246.0243 -78.57853
1.332787 0.317064 1.473261 -19.43759 246.0243 -89.56326
1.339623 0.324144 1.410273 -8.460488 246.0243 -101.7159
1.335961 0.3563706 1.267206 -1.01774 246.0243 -113.2198
1.28225 0.3492905 1.155146 2.570046 246.0243 -123.6778
1.224633 0.3265854 1.105585 7.608213 246.0243 -136.5404
1.269311 0.308519 1.010614 14.74562 246.0243 -153.6625
1.322533 0.1893784 0.7435245 27.22654 246.0243 -182.0518
1.367455 0.1395737 0.624628 31.2647 246.0243 -193.9526
1.314965 0.1515366 0.5313663 25.50134 246.0243 -201.5251
1.369408 0.1080796 0.3802432 15.40211 246.0243 -189.5785
1.328881 -0.03645167 0.4368838 9.623481 246.0243 -185.0366
1.306908 -0.0835708 0.4461612 7.211267 246.0243 -178.9678
1.245629 -0.1057876 0.4549502 1.608214 246.0243 -176.3114
1.256615 -0.1929458 0.3995303 -10.06354 246.0243 -168.2656
1.24807 -0.3059829 0.3961123 -17.13224 246.0243 -153.7388
1.213891 -0.4341568 0.3682803 -20.08644 246.0243 -148.8992
1.162621 -0.5269302 0.3675479 -20.85744 246.0243 -149.1892
1.164574 -0.5017838 0.3424014 -23.99484 246.0243 -129.1892
1.190453 -0.5747818 0.2989444 -26.09408 246.0243 -121.8304
0.3479238 -0.1477798 2.408564 33.2647 56.00901 -8.860977
0.5171133 -0.3545669 2.368036 4.096763 120.3983 8.001618
0.5744863 -0.3926528 2.438105 2.585313 133.5052 10.59704
0.6291738 -0.3828872 2.484247 5.753252 145.5663 12.91765
0.6743398 -0.3057388 2.535517 -0.7887329 156.0166 13.55887
0.624291 -0.314772 2.568476 -2.50629 167.9785 30.6123
0.7036367 -0.3367446 2.657343 6.799053 176.3678 26.39857
0.8332754 -0.09455713 2.713495 6.821954 183.1693 29.69627
0.8725821 -0.05085597 2.6654 10.04333 187.635 24.48253
0.9087149 0.1093003 2.605829 11.38684 200.3372 24.3604
1.019799 0.3046128 2.530878 14.47844 214.2685 20.41383
1.076928 0.3739487 2.54748 11.47081 246.0243 12.02452
1.241723 0.3009507 2.499628 23.14256 246.0243 3.673374
1.117211 0.6322495 2.727411 10.67692 246.0243 6.83368
1.222191 0.5402084 2.759394 8.821955 246.0243 -3.532732
1.357201 0.5104233 2.691278 33.44027 246.0243 -22.04418
1.203393 0.6241928 2.543818 38.04333 246.0243 -30.71594
1.276879 0.6483627 2.368525 25.99753 246.0243 -33.92968
1.319359 0.5599838 2.282343 21.0815 246.0243 -39.12052
1.401879 0.5975815 2.145868 12.72272 246.0243 -44.06708
1.408227 0.5609604 2.028437 6.844855 246.0243 -46.99075
1.424096 0.4645249 1.923944 6.386839 246.0243 -52.5938
1.437035 0.4027573 1.783075 5.272336 246.0243 -55.14342
1.459496 0.33806 1.698603 -3.59026 246.0243 -55.62433
1.476586 0.296312 1.641962 -9.29255 246.0243 -56.87624
1.408471 0.2135483 1.602655 -11.43759 246.0243 -61.92968
1.48977 0.2306382 1.523065 -9.002474 246.0243 -64.06709
1.490502 0.2072007 1.363153 -0.1398779 246.0243 -81.23502
1.485619 0.1981675 1.434442 -9.758199 246.0243 -79.21976
1.54641 0.2482163 1.258905 2.050962 246.0243 -112.6854
1.382836 0.2328354 1.198603 0.1730993 246.0243 -128.5862
1.502709 0.2457749 0.9359073 9.60058 246.0243 -128.4488
1.445336 0.29973 0.7164248 20.27234 246.0243 -104.548
1.613305 0.3412339 0.3704776 34.78379 246.0243 -91.69304
1.453637 0.3575913 0.2134951 46.61585 246.0243 -98.86861
1.2864 0.39348 0.1719912 50.1273 246.0243 -103.6472
1.195092 0.3417222 0.08336819 67.44028 246.0243 -104.3724
1.321313 0.3251206 -0.06165135 62.65401 246.0243 -127.6472
1.040795 0.2218491 -0.06165135 75.13493 246.0243 -129.0137
0.7297597 0.183519 -0.06165135 84.37157 246.0243 -136.8228
0.8017813 0.3046128 -0.06165135 78.27234 246.0243 -155.2656
0.8537832 0.04875341 -0.06165135 78.45554 246.0243 -158.2732
0.8423086 0.04411474 -0.06165135 79.56242 246.0243 -165.5938
0.7014394 -0.05402979 -0.06165135 85.34867 246.0243 -171.3266
0.843041 -0.1675552 -0.06165135 90.28761 246.0243 -176.4335
0.7920156 -0.233229 -0.06165135 91.46317 246.0243 -168.9221
0.7868886 -0.2564224 -0.06165135 95.41737 246.0243 -174.3343
0.7854238 -0.2674087 -0.06165135 101.1197 245.0395 -177.9755
0.8344961 -0.35652 -0.06165135 100.051 233.7266 -177.2885
0.8825918 -0.4719985 -0.06165135 95.06623 229.9937 -174.319
0.8977285 -0.5330338 -0.06165135 96.78379 224.0395 -177.4411
0.9074942 -0.5025162 -0.06165135 90.92119 215.1159 -169.1434
0.8999258 -0.56819 -0.06165135 83.86776 210.3831 -167.4564
0.9370352 -0.5459732 -0.0565244 74.79142 204.1311 -164.3877
0.9660879 -0.6304459 -0.02429783 67.00516 200.2685 -159.9068
1.006615 -0.6280045 -0.01111424 51.46318 197.9174 -152.5556
1.03933 -0.6736588 -0.03259861 32.89829 196.7266 -144.8763
1.044945 -0.7454361 -0.06140721 12.18837 195.7724 -131.5709
1.019555 -0.84944 -0.06165135 -15.26965 199.3983 -117.2503
0.9646231 -0.9507584 -0.06165135 -40.23911 196.0548 -97.99838
0.9431387 -0.9993423 -0.06165135 -68.50629 194.9556 -76.33426
0.9538809 -1.052565 -0.06165135 -111.9032 188.9174 -43.29609
0.7993398 -1.210768 -0.06165135 -152.8269 196.0166 -25.06708
0.5146719 -1.257399 -0.06165135 -195.4147 214.7571 -35.76937
0.5498281 -1.571364 -0.06165135 -176.2697 185.0548 18.16956
0.5278554 -1.836256 -0.06165135 -128.4376 154.3525 35.75734
0.2104727 -1.811842 -0.06165135 -78.22385 141.0624 26.00925
-0.05954688 -1.558424 -0.06165135 -50.65896 62.9403 73.95582
0.1528555 -1.410963 -0.06165135 -41.27728 87.13878 39.97872
0.1853262 -1.19026 -0.06165135 -22.16278 50.49756 33.65811
0.02639063 -0.7100357 -0.06165135 -25.42232 28.19985 42.91002
0.1494375 -0.679274 -0.06165135 -25.46812 1.58916 48.39093
0.2063223 -0.6582779 -0.06165135 -20.77346 -16.49481 49.84895
0.3662344 -0.5550064 -0.06165135 -14.70476 -29.88412 50.80315
0.436791 -0.4790786 -0.06165135 -13.8498 -43.02916 51.2688
0.5779043 -0.3196548 -0.06165135 -27.67423 -53.97572 58.20009
0.627709 -0.4219497 -0.06165135 -30.34598 -62.96809 58.53597
0.7512441 -0.4116958 0.07189357 -27.21621 -68.3345 59.28406
0.8159414 -0.3323501 0.227167 -29.64369 -73.73909 59.71154
0.8674551 -0.2359146 0.3602237 -41.40705 -81.59405 67.60468
0.9030996 -0.3521255 0.4241885 -47.7811 -86.76962 71.25352
0.9299551 -0.3863052 0.4781436 -48.10934 -89.13603 70.71154
0.9709707 -0.3909439 0.5716495 -48.38415 -92.2429 71.67338
1.036645 -0.4058364 0.6409854 -47.08644 -91.34978 75.13902
1.074486 -0.4451431 0.6766299 -42.70476 -84.72382 76.13139
1.023705 -0.4131607 0.7991885 -37.22385 -93.22 79.2001
1.237328 -0.2259048 0.8109073 -38.67423 -90.18947 72.88712
1.192162 -0.1919693 0.9312686 -55.14751 -99.1513 89.58177
1.237328 -0.2764419 0.9158877 -57.79636 -95.74672 85.96346
1.219994 -0.2112564 0.9630069 -60.33835 -94.68565 83.81841
0.8330313 -0.2945083 -0.06165135 -56.02537 246.0243 -123.3114
0.05959375 -0.9175552 -0.06165135 -44.06354 198.3602 -74.31899
0.07058008 -1.073073 -0.06165135 -46.8269 170.0243 -66.71593
0.138207 -1.182692 -0.06165135 -52.33835 143.5281 -55.67777
0.207543 -1.317702 -0.06165135 -55.78873 118.5663 -44.6167
0.3159414 -1.403883 -0.06165135 -58.88797 97.9403 -32.777
0.3796621 -1.42903 -0.06165135 -55.30782 77.08534 -24.21212
0.4594961 -1.446852 -0.06165135 -60.9185 58.21511 -7.929679
0.5422597 -1.476149 -0.06165135 -64.19331 42.10061 9.13139
0.6501699 -1.548659 -0.06165135 -58.18568 31.51283 20.51307
0.7273183 -1.385329 -0.06165135 -55.97957 19.42886 33.07795
0.7644277 -1.275954 -0.06165135 -52.804 7.902137 43.35276
0.7827383 -1.154616 -0.06165135 -47.70476 -4.143664 50.78788
