0.2230986 -0.3759429 0.6293046 32.0874 24.49692 56.87516
0.2191924 -0.348355 0.6249101 34.15611 26.22974 59.19577
0.2248076 -0.3139312 0.6002519 37.9271 26.58088 60.82936
0.2018584 -0.2707183 0.5838945 39.80496 26.98547 62.69958
0.2106475 -0.2453276 0.5961015 42.40038 27.23737 63.69196
0.21846 -0.1989409 0.5765703 41.95 28.26791 65.50111
0.230667 -0.1676909 0.577791 42.48435 29.16104 66.8828
0.2455596 -0.1232573 0.5736406 41.69809 29.32898 68.51638
0.2565459 -0.08053272 0.5628984 40.31641 29.12287 68.9744
0.2721709 -0.02657764 0.5724199 37.79733 29.88623 70.05074
0.2780303 0.001010254 0.5721757 36.56832 29.39768 69.79883
0.2987822 0.06277783 0.5846269 34.68282 29.31371 69.24921
0.2946318 0.1057466 0.6124589 33.0874 29.91676 68.44005
0.3107451 0.1465181 0.6493242 32.32404 30.64195 66.71485
0.3322295 0.1955903 0.6766679 33.68282 31.21447 63.69958
0.3446807 0.2204927 0.6949785 36.89656 31.83279 59.86752
0.3422393 0.2536958 0.7457597 41.40038 33.34425 55.51638
0.3625029 0.2712739 0.7696855 48.51488 34.06944 51.25684
0.3793486 0.3042329 0.8045977 56.07977 35.57325 45.91333
0.3927764 0.3354829 0.834627 63.82022 37.38241 39.65379
0.4130401 0.3586762 0.8717363 74.77443 39.47402 32.14233
0.425003 0.3769868 0.912752 86.27824 41.64959 24.30264
0.4450225 0.3533051 0.9349688 98.75916 45.38241 17.31027
0.4499053 0.3472016 0.9796465 117.179 44.77173 8.508748
0.4601592 0.3845551 1.019197 135.3469 50.03127 -2.55232
0.4882354 0.3948091 1.049959 151.637 55.11524 -12.7508
0.515335 0.3948091 1.078279 167.0492 60.17631 -22.32331
0.5246123 0.4148286 1.063387 180.0187 64.73356 -31.26224
0.5263213 0.4241059 1.072176 191.0645 68.55035 -40.46072
0.5504912 0.4292329 1.084627 199.4004 73.72592 -48.66682
0.5702666 0.4424165 1.092928 205.4614 79.26791 -56.48362
0.603958 0.4548676 1.097566 208.9424 85.09997 -64.27751
0.6349639 0.4651216 1.093416 210.1561 91.32134 -71.44545
0.6676787 0.4863618 1.089754 206.9958 98.77936 -77.92637
0.6786651 0.5100434 1.08365 202.8508 107.0465 -85.14774
0.6947783 0.5285981 1.048982 196.4309 115.0313 -91.81187
0.7013701 0.5200532 1.00699 187.9729 123.0465 -98.0714
0.7079619 0.5224946 0.968416 178.5912 130.2526 -104.2317
0.7350616 0.521518 0.9081133 166.9271 136.9626 -109.6668
0.7467803 0.521518 0.8453691 154.6141 143.7106 -115.4378
0.7509307 0.5090669 0.7865312 143.2095 148.7565 -120.789
0.7472686 0.476352 0.7191484 132.8126 153.7336 -126.537
0.7401885 0.446811 0.6769121 124.2019 158.3671 -132.3462
0.7343291 0.4314301 0.595125 115.3699 161.7641 -137.6363
0.7282256 0.38602 0.5372636 107.9653 164.3061 -142.9264
0.7389678 0.3689301 0.478914 100.9958 166.9626 -148.6592
0.7472686 0.3215669 0.4317949 94.84313 168.1534 -154.1706
0.7716826 0.2969087 0.3998125 89.02634 170.2374 -159.9569
0.768753 0.2554048 0.3402421 84.77443 173.7183 -165.9035
0.744583 0.2112153 0.2503984 82.30115 174.4816 -171.6668
0.7379912 0.1614106 0.1727617 79.43855 173.9244 -176.8729
0.7492217 0.1282075 0.1261308 79.29351 174.0465 -183.4149
0.7672881 0.08572704 0.04556441 77.59885 173.8252 -188.7813
0.7709502 0.02615674 -0.05453324 76.65993 171.642 -192.4913
0.779251 -0.01803271 -0.1365645 76.9729 168.7565 -197.2928
0.7411651 -0.02731006 -0.1917403 76.51488 163.8557 -201.6821
0.767044 -0.08224171 -0.2627852 77.18665 164.6649 -207.2317
0.737503 -0.1183745 -0.3721602 72.87366 157.7412 -209.9493
0.7301787 -0.200894 -0.4559004 70.28588 150.558 -212.1859
0.768753 -0.2682769 -0.5232832 67.89657 146.2221 -213.621
0.7785186 -0.3078277 -0.5752852 67.39275 139.3748 -215.247
0.7753448 -0.3337066 -0.5752852 67.26298 129.6114 -215.9722
0.7411651 -0.3559234 -0.5752852 66.33932 127.3671 -218.0409
0.6674346 -0.4069488 -0.5752852 66.70573 115.8328 -218.1401
0.6066436 -0.4528472 -0.5752852 64.0416 105.6878 -216.8348
0.5722198 -0.4970366 -0.5752852 62.45382 96.46638 -215.8042
0.5243682 -0.5448882 -0.5752852 59.96527 90.85569 -214.0332
0.5368194 -0.5888335 -0.5752852 55.65992 72.68775 -210.0256
0.565628 -0.6217925 -0.5752852 53.19427 63.9702 -207.0256
0.5443877 -0.6842925 -0.5752852 50.62175 48.51982 -202.3157
0.5197295 -0.7084624 -0.5752852 47.9729 35.57325 -196.8882
0.5001983 -0.7404449 -0.5752852 45.71336 22.57325 -191.8195
0.4918975 -0.7509429 -0.5752852 46.84313 9.809893 -186.3539
0.4972686 -0.7599761 -0.5752852 47.52252 -2.182473 -181.6287
0.5163116 -0.7470366 -0.5752852 47.20954 -14.28934 -176.0027
0.544876 -0.6830718 -0.5752852 46.0187 -25.16721 -171.392
0.6005401 -0.674771 -0.5752852 47.75916 -33.9611 -167.7966
0.6432647 -0.6728179 -0.5752852 50.70572 -41.09087 -163.7966
0.6676787 -0.6132476 -0.5752852 52.78969 -48.1443 -160.3157
0.6898955 -0.5473296 -0.5259688 52.24007 -54.18247 -156.9722
0.6813506 -0.4916656 -0.4610274 49.41565 -60.8466 -152.9187
0.449417 -0.9801909 0.4659746 -15.21031 25.90149 -51.75843
0.5722198 -0.5707671 0.6014726 -10.81336 39.56562 -45.20118
0.5844268 -0.5678374 0.5929277 -6.675954 40.86333 -46.7737
0.5836944 -0.5700347 0.5968339 -3.118702 41.80226 -48.32332
0.5959014 -0.5544097 0.6046464 -0.3477101 43.1076 -49.35385
0.5946807 -0.5553863 0.6053789 2.927099 45.17631 -51.01034
0.5944366 -0.5495269 0.6014726 6.041603 47.24501 -52.43782
0.5897979 -0.5500152 0.5946367 8.644657 49.74883 -53.65156
0.5775908 -0.5458648 0.5834062 10.87366 52.73356 -55.0027
0.5675811 -0.5580718 0.5580156 12.72099 54.88623 -55.94927
0.5561065 -0.5541656 0.5284746 15.01107 56.48165 -57.08667
0.5529326 -0.5834624 0.480623 22.18664 57.77936 -59.39201
0.5065459 -0.539273 0.4327714 24.40802 58.77173 -60.29278
0.5038604 -0.5534331 0.388582 25.84313 59.08471 -61.29278
0.4611358 -0.5270659 0.312166 26.51489 59.43585 -63.43782
0.4301299 -0.5595366 0.2633379 23.47672 57.02364 -64.25462
0.4770049 -0.5685699 0.3089921 20.00344 52.70303 -63.58286
0.3632354 -0.6589019 0.1468828 0.575954 57.79463 -59.52179
0.3969268 -0.6654937 0.0008866787 0.1103053 47.8557 -56.43782
0.4022979 -0.7646148 -0.01229692 -5.798092 41.8557 -54.20881
0.4391631 -0.8070952 -0.04232621 -8.385878 36.58089 -50.85767
0.4379424 -0.8346831 -0.08529496 -12.49275 29.29081 -46.61339
0.421585 -0.8573882 -0.1101973 -15.27137 19.17631 -41.8882
0.4269561 -0.8683745 -0.08065629 -17.60725 10.79463 -37.46072
0.4469756 -0.8593413 -0.0205977 -19.69122 3.825161 -32.61339
0.4623565 -0.8346831 0.05410933 -21.60725 -1.449649 -28.98744
0.4743194 -0.8131988 0.1036699 -23.54618 -6.205374 -25.60576
0.5028838 -0.7777984 0.1686113 -26.37061 -9.907664 -22.44545
0.534378 -0.7450835 0.2477129 -28.33244 -12.54125 -19.8195
0.5524444 -0.7289702 0.3295 -29.21794 -14.13667 -17.71263
0.5709991 -0.6872222 0.4081132 -30.46221 -14.64812 -15.69736
0.5861358 -0.6774566 0.4481523 -29.79809 -13.8924 -14.60576
0.5807647 -0.6508452 0.5055254 -28.31717 -12.48782 -14.0256
0.5836944 -0.6213042 0.5472734 -28.03473 -10.99927 -13.27751
0.5832061 -0.581021 0.5614336 -26.99656 -8.648123 -13.0256
0.5966338 -0.5668609 0.5748613 -26.27901 -6.884763 -12.85766
0.5985869 -0.5431792 0.5687578 -26.30191 -5.075603 -13.0485
0.5959014 -0.5319488 0.5614336 -26.30191 -3.930565 -12.85003
0.5939483 -0.5153472 0.5440996 -27.66832 -3.243542 -12.68973
0.5963897 -0.5190093 0.515291 -28.30954 -2.480183 -12.43018
0.5890655 -0.5065581 0.4955156 -28.08817 -2.991634 -12.38438
0.5929717 -0.5058257 0.4894121 -26.58435 -3.869496 -12.52942
0.6010283 -0.5050933 0.4642656 -24.36298 -4.228275 -12.59049
0.6176299 -0.4899566 0.4361894 -23.95076 -5.747359 -12.65919
0.6325225 -0.4792144 0.4300859 -24.73702 -8.411481 -12.27751
0.6371612 -0.4809234 0.4552324 -23.67595 -9.861862 -12.8653
0.6422881 -0.4584624 0.4654863 -23.74466 -10.40385 -12.92637
0.6422881 -0.4530913 0.4596269 -26.75229 -11.28934 -12.39202
0.6584014 -0.4504058 0.497957 -27.73702 -13.82369 -12.0485
0.6669463 -0.4504058 0.5492265 -26.96603 -13.58705 -12.55232
0.6916045 -0.4430816 0.5848711 -24.43168 -12.78553 -13.24698
0.6901397 -0.4352691 0.6139238 -20.63779 -11.80843 -14.56759
0.6952666 -0.4267241 0.6280839 -18.76756 -10.19774 -15.78133
0.6828155 -0.4059722 0.6520097 -18.30191 -9.930565 -16.53705
0.6845244 -0.4020659 0.6737382 -18.77519 -6.037435 -17.89583
0.6886748 -0.4157378 0.6739824 -18.77519 -4.006901 -18.49125
0.6825713 -0.4191558 0.6783769 -19.01947 -2.487817 -19.07141
0.6894073 -0.4242827 0.6815507 -18.63015 0.2602749 -20.01797
0.6779326 -0.4350249 0.6817949 -19.17977 2.954931 -20.26988
0.6662139 -0.4355132 0.6654375 -20.08053 5.641954 -20.72789
0.650833 -0.4467437 0.6329668 -20.89733 8.390045 -20.79659
0.6374053 -0.454312 0.6158769 -22.76756 10.56562 -20.7508
0.6364287 -0.4684722 0.5836504 -25.17214 13.79463 -19.94927
0.6337432 -0.4743316 0.4967363 -32.82099 15.00837 -17.49888
0.6139678 -0.4052398 0.4317949 -48.8897 14.58852 -12.60576
0.6254424 -0.3700835 0.3861406 -59.33244 14.54272 -10.43782
0.6337432 -0.3686187 0.3622148 -67.71412 13.90913 -10.17064
0.6344756 -0.4137847 0.3287675 -70.59962 12.91676 -10.77369
0.6085967 -0.4528472 0.2804277 -74.51565 11.0618 -9.735527
