2.289799 1.724305 -0.1883135 140.3226 -257.9499 251.8109
2.289799 2.062196 -0.05452442 182.0478 -269.1713 251.8109
2.289799 2.224976 0.02042675 159.7196 -269.1713 251.8109
2.289799 2.224976 0.5397139 202.5592 -254.3621 251.8109
2.289799 2.224976 0.5182295 206.147 -252.4537 251.8109
2.289799 2.224976 0.5707197 218.7119 -249.5453 251.8109
2.289799 2.224976 0.5892744 222.3073 -244.1102 251.8109
2.289799 2.224976 0.6503096 220.9867 -243.0339 251.8109
2.289799 2.224976 0.668376 207.9562 -230.8278 251.8109
2.289799 2.224976 0.7657881 193.1852 -217.2476 251.8109
2.265934 2.224976 0.8329268 178.5592 -197.614 251.8109
2.12067 2.224976 0.9093428 163.6738 -185.7972 251.8109
1.931217 2.224976 0.9620771 154.8493 -171.24 224.475
1.603825 2.224976 1.070231 135.7043 -159.2476 189.4445
1.643864 2.224976 1.006267 106.8417 -144.9041 148.9025
1.528874 2.224976 1.12736 75.03253 -130.7591 112.6582
1.603092 2.224976 1.135661 47.39131 -118.6064 66.42159
1.607487 2.224976 1.216228 30.68139 -99.64458 17.59716
1.579655 2.224976 1.312419 -0.005634308 -85.45374 -33.17383
1.723454 2.224976 1.344157 -14.95983 -64.48428 -88.19673
1.752506 2.224976 1.251384 -46.42548 -52.04153 -136.8456
1.779118 2.224976 1.236979 -42.81479 -41.43084 -193.296
1.976383 2.224976 1.09611 -90.46365 -28.79725 -244.4028
1.969303 2.224976 1.073649 -119.9064 -16.89649 -248.4563
2.003971 2.224976 1.012126 -143.7003 -8.247634 -248.4563
2.085026 2.224976 1.035075 -158.4713 -0.8201523 -248.4563
2.241764 2.224976 1.021159 -166.5553 10.92794 -248.4563
2.289799 2.224976 0.934001 -166.4865 23.11115 -248.4563
2.289799 2.224976 0.8187666 -172.6163 27.70657 -248.4563
2.289799 2.224976 0.7699385 -173.0591 34.74473 -248.4563
2.289799 2.224976 0.7489424 -172.2117 42.85924 -248.4563
2.289799 2.224976 0.7318525 -165.54 51.01191 -248.4563
2.289799 2.198182 0.708415 -163.8988 62.07298 -248.4563
2.289799 1.826356 0.6205244 -169.1659 68.27908 -248.4563
2.289799 1.510438 0.4923506 -176.082 76.03481 -248.4563
2.289799 1.233338 0.4191084 -187.8224 82.11877 -248.4563
2.289799 1.00409 0.395915 -199.7232 91.81343 -248.4563
2.289799 0.7653204 0.3319502 -215.8911 105.218 -248.4563
2.289799 0.577088 0.2640791 -230.6163 112.844 -248.4563
2.289799 0.330506 0.1280928 -230.6163 129.157 -248.4563
2.289799 0.2113654 0.02579784 -230.6163 145.3707 -248.4563
2.289799 0.0253302 -0.1485186 -230.6163 158.989 -248.4563
2.289799 -0.2764276 -0.2605791 -230.6163 178.8287 -248.4563
2.289799 -0.6819452 -0.2605791 -230.6163 204.1951 -248.4563
2.289799 -1.258361 -0.2605791 -230.6163 226.4165 -248.4563
2.289799 -1.183898 -0.2605791 -230.6163 231.0959 -248.4563
2.289799 -1.545226 -0.2605791 -230.6163 231.0959 -248.4563
2.289799 -1.421203 -0.2605791 -230.6163 231.0959 -248.4563
2.289799 -1.774963 -0.2605791 -230.6163 231.0959 -248.4563
2.289799 -1.774963 -0.2605791 -230.6163 231.0959 -248.4563
2.289799 -1.774963 -0.2605791 -230.6163 231.0959 -248.4563
2.289799 -1.774963 -0.2605791 -230.6163 231.0959 -248.4563
1.947819 -1.774963 -0.2605791 -230.6163 231.0959 -248.4563
1.569157 -1.774963 -0.2605791 -230.6163 231.0959 -248.4563
1.369206 -1.774963 -0.2605791 -230.6163 231.0959 -248.4563
1.879948 -1.774963 -0.2605791 -230.6163 231.0959 -248.4563
1.251042 -1.774963 -0.2605791 -230.6163 231.0959 -248.4563
0.9849282 -1.774963 -0.2605791 -230.6163 231.0959 -248.4563
0.3245278 -1.774963 -0.2605791 -222.0591 181.2028 -248.4563
0.114811 -1.774963 -0.2605791 -100.998 20.59206 -189.0211
-0.1718101 -1.774963 -0.2605791 -20.44838 -56.24 -124.8227
-0.8085288 -1.774963 -0.2605791 38.26917 -109.095 -86.11276
-1.225277 -1.774963 -0.2605791 37.27681 -137.1789 -42.35704
-1.662777 -1.774963 -0.2605791 -2.65449 -171.0492 6.398687
-1.449642 -1.774963 -0.2605791 -1.906397 -209.4079 27.27655
1.154362 0.06634583 0.5668135 265.1241 -70.58351 251.8109
1.557926 2.224976 0.5194502 68.20047 -161.1713 251.8109
1.555729 2.224976 0.5819502 71.08597 -167.095 251.8109
1.559879 2.224976 0.6966963 71.94856 -165.2171 251.8109
1.56525 2.224976 0.7548018 74.91803 -166.6827 251.8109
1.552067 2.224976 0.7858076 77.36841 -170.3011 251.8109
1.737125 2.224976 0.7889814 85.95619 -171.4843 246.2613
1.71442 2.224976 0.8400068 102.4753 -168.0339 225.7498
1.709538 2.224976 0.7987471 94.55162 -170.3392 212.9025
1.678776 2.224976 0.8751631 93.44475 -172.8583 199.2002
1.65192 2.224976 0.9508467 87.29971 -177.4919 188.0399
1.798893 2.224976 0.9252119 97.39131 -184.3316 184.3224
1.597477 2.224976 1.141032 75.13177 -175.7133 152.3224
1.650211 2.224976 1.262126 75.22337 -154.1331 114.3681
1.585026 2.224976 1.488688 62.36841 -145.7209 87.12388
1.613346 2.224976 1.351726 53.1623 -137.843 58.42159
1.611393 2.224976 1.398845 33.29208 -130.1789 31.87197
1.703434 2.224976 1.456706 11.52872 -121.7209 3.421588
1.750065 2.224976 1.530437 -11.46365 -109.7133 -27.31887
1.713932 2.224976 1.645427 -27.70792 -97.48427 -60.61658
1.714176 2.224976 1.684001 -37.80716 -84.94229 -96.03643
1.758122 2.224976 1.746257 -47.51709 -69.1026 -129.4715
1.74152 2.224976 1.793376 -45.29571 -55.50718 -165.3265
1.641911 2.224976 1.887126 -50.1354 -41.20947 -197.8761
1.639713 2.224976 1.825603 -44.16594 -25.85832 -231.7998
1.629948 2.224976 1.830974 -49.8835 -13.53771 -248.4563
1.656071 2.224976 1.760661 -63.23464 -1.453741 -248.4563
1.714909 2.224976 1.792155 -72.59341 12.46992 -248.4563
1.787907 2.224976 1.770183 -92.9064 24.00427 -248.4563
1.802555 2.224976 1.724284 -104.4026 36.90504 -248.4563
1.879704 2.224976 1.632976 -123.5476 50.91267 -248.4563
1.913151 2.224976 1.604899 -145.3186 60.29435 -248.4563
2.023502 2.224976 1.567302 -157.1278 74.4623 -248.4563
2.101627 2.224976 1.547282 -166.7384 91.65312 -248.4563
2.178776 2.154237 1.402263 -175.4636 106.7905 -248.4563
2.24152 2.105408 1.282146 -191.7308 121.3554 -248.4563
2.289799 1.944275 1.284343 -190.3339 136.2409 -248.4563
2.289799 1.698426 1.146159 -205.2117 153.7905 -248.4563
2.285465 1.536805 1.057536 -214.998 168.3936 -248.4563
2.289799 1.40619 0.972331 -222.2652 182.5997 -248.4563
2.289799 1.214295 0.9066572 -228.0438 200.7829 -248.4563
2.289799 1.067078 0.835124 -230.6163 219.7218 -248.4563
2.289799 0.8644415 0.7201338 -230.6163 231.0959 -248.4563
2.285221 0.6525274 0.6913252 -230.6163 231.0959 -248.4563
2.287174 0.5763556 0.5448408 -230.6163 231.0959 -248.4563
2.014225 0.5612188 0.4383955 -230.6163 231.0959 -248.4563
2.20026 0.3654181 0.1090498 -230.6163 231.0959 -248.4563
2.045719 0.2216193 0.05851269 -230.6163 231.0959 -248.4563
1.930973 -0.1152948 -0.1070147 -230.6163 231.0959 -248.4563
2.114567 -0.3457636 -0.2605791 -230.6163 231.0959 -248.4563
2.006413 -0.3652948 -0.2605791 -230.6163 231.0959 -248.4563
1.917057 -0.6287226 -0.2605791 -230.6163 231.0959 -248.4563
1.779606 -0.8220819 -0.2605791 -230.6163 231.0959 -248.4563
1.777653 -0.943664 -0.2605791 -230.6163 231.0959 -248.4563
1.946842 -1.153869 -0.2605791 -230.6163 231.0959 -248.4563
1.88068 -1.633605 -0.2605791 -230.6163 231.0959 -248.4563
1.851872 -1.69757 -0.2605791 -230.6163 231.0959 -248.4563
1.683659 -1.774963 -0.2605791 -230.6163 231.0959 -248.4563
1.307194 -1.774963 -0.2605791 -230.6163 231.0959 -248.4563
1.068424 -1.774963 -0.2605791 -230.6163 231.0959 -248.4563
1.231754 -1.774963 -0.2605791 -230.6163 231.0959 -248.4563
-0.5802573 -1.774963 -0.2605791 -226.7308 231.0959 -248.4563
-0.7636069 -1.774963 -0.2605791 -118.3339 231.0959 -248.4563
-1.472591 -1.774963 -0.2605791 -25.16594 66.83633 -208.1891
-1.344173 -1.774963 -0.2605791 22.1165 -34.38504 -137.2349
-1.449886 -1.774963 -0.2605791 127.7806 -111.1484 -94.212
-1.656673 -1.774963 -0.2605791 102.773 -163.9576 -37.86849
-1.670589 -1.774963 -0.2605791 90.18521 -217.843 0.3681526
-1.573177 -1.774963 -0.2605791 65.73483 -250.6369 28.58953
-1.28558 -1.774963 -0.2605791 53.33788 -269.1713 56.21548
-0.8041343 -1.774963 -0.2605791 53.77299 -269.1713 86.13151
-0.2963218 -1.774963 -0.2605791 57.15467 -269.1713 112.704
0.03033838 -1.774963 0.06144238 91.13177 -269.1713 127.5056
0.2290689 -1.774963 0.3619795 91.77299 -269.1713 150.0323
0.3877603 -1.774963 0.9313154 132.9333 -269.1713 177.8414
0.6770669 -1.774963 1.278239 162.4371 -269.1713 209.4063
0.6585122 -1.774963 1.375896 196.857 -267.7057 225.1315
0.7424966 -1.774963 1.386394 214.9409 -260.2553 248.1239
0.8169595 -1.664855 1.50822 235.3073 -252.4385 251.8109
0.9317056 -1.418029 1.647136 257.2234 -240.3621 251.8109
0.9153481 -1.210754 1.713054 269.6508 -207.6599 251.8109
0.8618814 -1.046203 1.698894 269.6508 -191.011 251.8109
0.8208657 -0.8555292 1.583415 269.6508 -172.385 251.8109
0.916813 -0.6614374 1.467692 269.6508 -159.2476 251.8109
0.8909341 -0.6821894 1.430827 269.6508 -142.2934 251.8109
