-0.1843027 1.567064 0.5653018 65.79142 -34.11313 -141.6702
0.7278066 -0.6660904 0.3089541 -56.08644 -110.2353 83.01688
0.6992422 0.7306381 1.94494 -76.7353 -200.2887 132.1008
0.6882558 0.647142 1.920771 -90.25438 -185.3192 131.681
0.6203847 0.5768295 2.073847 -100.8422 -178.7849 131.5054
0.7363515 0.7076889 2.047724 -107.8116 -172.8918 128.5512
0.7153554 0.8302475 2.143671 -138.9109 -162.1818 134.7879
0.7903066 1.012621 1.983759 -163.9948 -148.5864 139.3451
0.5847402 1.04558 1.858515 -199.2849 -138.4185 138.1772
0.1491934 0.7281967 1.848017 -189.659 -132.6169 118.0093
0.02077539 0.4640366 2.148554 -166.8574 -74.86886 74.70391
0.07766016 0.4679429 2.019403 -109.4376 -57.56351 107.7115
-0.09177343 0.2748276 2.111689 -75.8498 -36.44901 115.9329
-0.01193945 0.3717515 2.146845 -52.11698 -36.47191 110.5818
-0.1171641 0.4401108 2.153925 -66.33072 -25.96046 90.20773
-0.2695078 0.2364975 2.389765 -40.49866 -52.41084 45.39857
-0.1078867 0.363939 2.456171 -40.47575 -55.88412 39.39857
-0.15525 0.3959214 2.303583 -31.21621 -92.85359 53.82605
-0.01364844 0.4991929 2.283319 -34.38415 -85.45664 35.4749
-0.1125254 0.2809311 2.00036 -27.53682 -92.79252 41.30696
-0.01120703 0.2482163 1.900507 -18.02537 -87.89939 39.06269
0.06105859 0.3383042 1.875116 -12.39179 -74.73909 32.3604
0.007103518 0.4305893 1.891474 -7.758199 -63.67038 27.20009
-0.07370703 0.4379136 1.947138 -0.4375878 -62.42611 22.81841
-0.09494726 0.4281479 1.977411 4.028061 -67.93756 25.4062
0.001488283 0.4093491 1.965937 13.66165 -63.13603 19.99398
0.04689844 0.3280503 1.909784 24.53188 -53.47191 11.16192
-0.0470957 0.4564682 1.935175 26.27234 -46.76199 6.74971
-0.1115488 0.4105698 1.989618 25.40974 -51.95282 11.32986
-0.05124609 0.4130112 1.983515 22.72272 -47.87649 12.10849
-0.04416601 0.3456284 1.937372 21.72272 -40.96046 9.986351
-0.1073984 0.3832261 2.007929 15.57005 -38.25053 12.97108
-0.07468359 0.2941147 2.030634 16.71508 -36.66275 17.24589
-0.07077734 0.2811753 2.044306 20.44791 -31.21237 18.29933
-0.07419531 0.2340561 2.028681 21.3105 -24.34214 21.87948
-0.1010508 0.2206284 2.051386 24.97463 -19.78489 26.00162
-0.09567968 0.2496811 2.04455 32.60822 -15.25054 27.78788
-0.03415625 0.2631089 2.008417 43.46318 -7.868855 30.09322
-0.08664648 0.3168198 1.999872 47.09676 7.169312 25.00162
-0.1745371 0.4222886 2.005976 55.28761 1.352519 32.68864
-0.1457285 0.5126205 1.98913 56.74562 3.680763 33.34513
-0.1225352 0.5807358 1.956415 61.31814 11.12351 31.01689
-0.1723398 0.6796127 1.948114 63.09676 13.97847 30.78788
-0.15525 0.7355209 1.8883 64.83722 12.47466 31.30696
-0.07858984 0.7108627 1.819208 71.88303 10.52046 28.35276
-0.06052344 0.6945053 1.778925 81.1273 20.96321 15.78788
-0.1283945 0.749437 1.833124 86.34104 28.27618 11.5207
-0.207252 0.7697006 1.847773 88.36394 30.49756 10.30696
-0.216041 0.8109604 1.84997 86.47081 30.42886 12.84895
-0.2074961 0.8143784 1.822138 82.69981 35.8716 12.41383
-0.200416 0.8426987 1.827997 80.05096 43.31435 11.28406
-0.1989512 0.8756577 1.835321 78.36394 47.54336 12.18482
-0.1855234 0.9003159 1.791132 76.92119 49.94031 13.98635
-0.1572031 0.8834702 1.775263 78.70745 55.90977 11.02452
-0.1156992 0.9020248 1.765741 81.3792 60.58916 7.66574
-0.06491797 1.000414 1.669062 99.3792 73.22275 -4.311358
-0.1913828 0.9203354 1.659296 101.425 81.48992 -17.18922
-0.2399668 0.9198471 1.64538 118.4784 81.48228 -33.62433
-0.2253184 1.079027 1.53869 130.9364 89.69603 -43.5022
-0.3320078 1.271898 1.232294 161.883 93.54336 -62.67777
-0.3539805 1.375414 1.174188 163.5853 77.53572 -82.47166
-0.2939219 1.578783 1.244745 163.967 86.98611 -84.15105
-0.2841563 1.871751 1.093378 142.8754 92.83344 -80.36479
-0.216041 2.163683 1.079462 112.0052 102.4136 -84.92204
-0.2365488 2.163683 1.178095 92.53951 96.14641 -79.32662
-0.1349863 2.163683 0.952753 56.74562 85.39832 -105.7846
-0.1640391 2.163683 0.8926944 38.76089 98.99374 -138.2121
-0.3642344 2.163683 0.8182315 35.92883 91.21511 -145.8686
-0.3532481 2.163683 0.697626 32.60822 70.57389 -156.7236
-0.2739024 2.163683 0.6846866 32.3563 55.6655 -170.7312
-0.1718516 2.163683 0.6231631 16.27234 61.24565 -195.5938
-0.2133555 2.100755 0.631708 0.9288244 56.7113 -208.8915
-0.2311777 2.035326 0.6395205 -18.15514 46.83344 -216.4717
-0.1733164 1.84929 0.650751 -31.99484 35.10825 -220.2656
-0.05271094 1.687425 0.6614932 -38.01011 30.06244 -230.5938
0.03322656 1.669359 0.7286319 -48.32308 33.07008 -242.5556
0.06179101 1.619554 0.7274112 -64.6208 33.56626 -248.5709
0.08718164 1.588792 0.7598819 -76.10934 35.57389 -248.5709
0.1338125 1.565843 0.7640323 -86.60552 29.39069 -248.5709
0.1709219 1.527025 0.7869815 -99.72766 25.10825 -248.5709
0.2676015 1.442552 0.7747745 -112.7887 27.51283 -248.5709
0.2807851 1.320482 0.7796573 -122.3842 30.8258 -248.5709
0.2917715 1.235033 0.7559756 -134.6666 33.54336 -248.5709
0.2929922 1.135179 0.7642764 -150.575 30.55863 -248.5709
0.3051992 1.015062 0.7632998 -166.5216 24.37542 -248.5709
0.3645254 0.8568588 0.7215518 -180.0712 18.28382 -248.5709
0.389916 0.680101 0.6800479 -193.7506 14.97847 -248.5709
0.278832 0.6136948 0.8223819 -207.4452 -8.708549 -248.5709
0.5510488 0.5922104 0.6448916 -230.3842 -41.05969 -248.5709
1.143578 0.05705419 0.4110049 -217.0559 -14.96046 -248.5709
0.686791 0.1464097 0.6859073 -192.6666 72.03191 -248.5709
0.6545644 0.01774755 0.617792 -178.7887 55.44412 -248.5709
0.5727773 -0.1294693 0.5682315 -168.5597 54.36779 -248.5709
0.4363027 -0.2581314 0.4835147 -181.1781 51.46702 -248.5709
-0.189918 0.6822983 0.8023623 28.66165 -6.242901 -4.425862
-0.1991953 1.12639 0.4725284 -11.17041 -76.84595 -94.5022
-0.1594004 1.178636 0.52746 -17.60553 -79.34978 -102.6167
-0.1337656 1.251634 0.6031436 -25.26201 -82.47955 -109.0365
-0.1030039 1.287767 0.6436709 -33.49866 -86.34978 -114.3266
-0.0368418 1.327562 0.6903018 -40.98721 -89.28107 -121.2274
0.02712305 1.348558 0.7388858 -47.26202 -89.28107 -130.5785
0.05739648 1.378099 0.8065127 -52.97957 -88.63985 -140.5327
0.07717187 1.406175 0.8380069 -59.54446 -88.75436 -148.9449
0.09767969 1.432054 0.8795108 -66.71239 -88.70855 -157.7312
0.1440664 1.450121 0.9085635 -74.19331 -88.55588 -167.0671
0.1992422 1.47722 0.9229678 -80.6895 -88.15894 -177.0747
0.2348867 1.493333 0.9449405 -86.75819 -87.02153 -187.7312
0.2856679 1.492845 0.9901065 -92.48339 -86.49481 -197.8686
0.3403554 1.484789 1.019403 -95.61316 -85.3345 -208.4335
0.4099355 1.484789 1.025507 -99.72766 -83.56351 -220.3877
0.4885488 1.490892 1.049433 -103.8574 -79.75436 -233.235
0.556664 1.497484 1.06994 -109.3002 -76.90703 -245.2656
0.5881582 1.483568 1.085565 -114.2925 -74.61695 -248.5709
0.6631094 1.450853 1.06994 -120.2009 -71.34214 -248.5709
0.7046133 1.428148 1.062616 -125.7582 -62.39557 -248.5709
0.7727285 1.372484 1.018427 -131.3155 -61.71618 -248.5709
0.8108145 1.330736 0.970087 -139.6361 -57.86885 -248.5709
0.8393789 1.24016 0.9127139 -146.72 -54.90702 -248.5709
0.8347403 1.112474 0.8594913 -150.4071 -55.79252 -248.5709
0.8271719 0.9882065 0.8182315 -153.7429 -55.59404 -248.5709
0.8418203 0.7809311 0.7857608 -155.8193 -49.3116 -248.5709
0.8171621 0.6129623 0.7598819 -161.6513 -48.60931 -248.5709
0.7903066 0.3531968 0.6453799 -166.4605 -50.2658 -248.5709
0.8283926 0.1893784 0.5867862 -171.9567 -48.42611 -248.5709
0.7644277 -0.03791651 0.5504092 -179.3078 -48.89939 -248.5709
0.7461172 -0.1304458 0.4654483 -177.9338 -49.44901 -248.5709
0.8520742 -0.5122818 0.3516787 -193.1704 -47.48717 -248.5709
0.7068105 -0.6973404 0.3741397 -182.575 -53.54061 -248.5709
0.7065664 -0.7239517 0.3878115 -206.9338 -64.2658 -248.5709
0.6709219 -0.9156021 0.4068545 -217.8269 -66.46428 -248.5709
0.6430898 -0.8123306 0.4605655 -246.2086 -83.1742 -248.5709
0.7177969 -1.266676 0.3319033 -245.3078 -86.80016 -248.5709
0.6269765 -1.363844 0.4520205 -233.4681 -88.06733 -248.5709
0.4863515 -1.511549 0.5330752 -210.1704 -91.73145 -248.5709
0.6838613 -1.545485 0.4283389 -184.7964 -87.46428 -248.5709
0.4892812 -1.690749 0.5928897 -163.5292 -88.97573 -248.5709
0.6081777 -1.698073 0.6893252 -145.0025 -83.67802 -248.5709
0.5520254 -1.72151 0.8983096 -151.9414 -88.60931 -248.5709
0.6994863 -1.789137 1.081415 -159.3307 -87.81542 -242.0137
0.4770742 -1.836256 1.314325 -173.72 -73.95283 -236.2885
0.5493398 -1.836256 1.310907 -177.7277 -60.74672 -222.1434
0.5705801 -1.836256 1.156122 -169.3765 -50.41847 -197.9373
0.4577871 -1.836256 1.275507 -165.9491 -38.21236 -178.4564
0.3872304 -1.836256 1.638056 -186.4223 -48.65511 -146.4335
0.4609609 -1.836256 1.493769 -202.2391 -32.55588 -118.235
0.2973867 -1.836256 1.465204 -206.346 -19.14367 -115.2656
0.2807851 -1.836256 1.267938 -183.1399 -17.2887 -77.29609
0.1889883 -1.836256 0.9774112 -117.43 -5.052061 -91.64723
0.0310293 -1.836256 0.9507998 -53.44522 2.48229 -82.6625
-0.1679453 -1.836256 1.110468 -34.23911 -11.83069 -76.92204
