0.2943877 -0.1303374 0.5572832 -26.72176 0.5427175 13.37898
0.2990264 -0.1415679 0.557039 -25.65305 0.7640915 11.87516
0.3056182 -0.1523101 0.5646074 -25.50801 1.977832 10.79119
0.2975615 -0.1264312 0.5655839 -29.06527 2.825161 10.64615
0.2680205 -0.1737944 0.5895097 -29.53092 4.344244 9.295008
0.2548369 -0.1816069 0.5870683 -27.67595 5.863328 7.68432
0.2401885 -0.1901519 0.5821855 -26.70649 6.9931 6.111801
0.2357939 -0.219937 0.574373 -23.69885 7.832794 4.867527
0.2375029 -0.2409331 0.5597246 -20.69122 8.641954 3.844625
0.2345732 -0.2631499 0.5362871 -16.1874 8.916763 2.638519
0.2274932 -0.2809722 0.5260332 -11.28664 9.267908 1.905695
0.2389678 -0.2926909 0.4989336 -6.897328 9.359512 1.378977
0.2392119 -0.3068511 0.4845293 -3.920229 9.61142 1.409512
0.2433623 -0.3219878 0.4623125 -1.317176 9.710657 1.440046
0.2355498 -0.3366363 0.4481523 0.4690838 9.802259 1.814091
0.2243193 -0.3432281 0.4295976 1.278244 9.504549 2.516382
0.2152861 -0.3637359 0.4222734 1.972901 8.634321 3.68432
0.2172393 -0.3676421 0.4020097 2.575954 7.939664 4.699587
0.2126006 -0.3810699 0.3978593 2.95 7.008366 6.127069
0.2057647 -0.396939 0.3963945 3.27061 6.054168 7.730123
0.2169951 -0.3998687 0.3985918 4.156106 4.870962 8.836992
0.2106475 -0.400357 0.3934648 4.728626 4.168672 10.58508
0.2206572 -0.4054839 0.3954179 5.362214 3.283175 11.86753
0.22554 -0.4189116 0.3922441 5.522519 2.550351 13.32554
0.2257842 -0.4069488 0.39908 5.614122 2.031267 14.92096
0.2191924 -0.4145171 0.3905351 5.720993 1.443481 16.16524
0.2211455 -0.4196441 0.3981035 6.087405 0.8022594 17.53928
0.2299346 -0.4198882 0.39908 6.782061 -0.1290381 19.0431
0.2226104 -0.423062 0.4078691 7.408015 -0.4878168 20.41714
0.2240752 -0.4225738 0.407625 7.766794 -0.7549924 21.79119
0.2326201 -0.4289214 0.4220293 8.041603 -1.365679 23.55455
0.227249 -0.4277007 0.4259355 7.171374 -1.510718 25.37898
0.2384795 -0.4208648 0.4442461 6.018702 -1.724458 27.19577
0.2360381 -0.4193999 0.4383867 4.194274 -1.945832 29.31028
0.2267607 -0.4255034 0.4449785 2.583588 -1.785527 31.53928
0.2313994 -0.4201324 0.4422929 1.507252 -2.06797 33.23394
0.2313994 -0.4208648 0.4584062 0.9194655 -2.419115 34.9286
0.2331084 -0.4137847 0.46158 1.194274 -2.808427 36.69196
0.2262725 -0.4037749 0.4715898 0.9805341 -2.861863 38.52402
0.2333525 -0.391812 0.4801347 0.858397 -3.182473 39.9744
0.2343291 -0.3915679 0.4837968 0.7744274 -3.411481 41.07363
0.241165 -0.3759429 0.4886796 0.278244 -3.098504 42.01257
0.2492217 -0.3749663 0.4947832 0.339313 -3.396214 43.37897
0.2453154 -0.3649566 0.5072343 0.4385495 -3.052702 44.39425
0.2516631 -0.369107 0.5096757 0.9270988 -3.220641 45.24921
0.2606963 -0.3612945 0.5162675 1.957633 -2.869496 46.03547
0.2697295 -0.3446929 0.5355546 2.54542 -2.831328 47.066
0.2772979 -0.3429839 0.5423906 2.491985 -2.365679 48.05836
0.2875518 -0.3236968 0.5419023 2.278244 -1.930565 49.0431
0.3058623 -0.3058745 0.5489824 0.4843512 -1.136672 50.1347
0.3839873 -0.7919585 0.9525469 114.3622 -114.8695 207.0278
0.1667022 0.1391938 1.689363 68.46146 78.59615 206.5316
0.1540068 0.1824067 1.689607 69.71336 84.1076 204.295
0.169876 0.2458833 1.704012 70.03397 91.16103 200.8523
0.1442412 0.2707856 1.711092 71.49962 96.97783 197.3026
0.1349639 0.2893403 1.710359 73.03397 104.2832 193.2797
0.1273955 0.3149751 1.700838 75.41565 111.8633 188.837
0.1251982 0.3362153 1.683504 79.46146 118.9091 183.6156
0.1139678 0.3501313 1.670809 82.94237 125.6114 178.6614
0.1034697 0.3589204 1.646639 88.40038 132.0923 172.9973
0.1000518 0.3730805 1.616365 94.05687 138.6343 167.0049
0.09858692 0.3835786 1.584383 100.0187 144.932 161.7912
0.107376 0.3850434 1.459383 111.4233 163.9778 144.608
0.1142119 0.3852876 1.424715 114.6828 169.7412 139.8828
0.1112822 0.3972505 1.369539 114.637 175.7412 135.1652
0.1049346 0.389438 1.321687 115.1332 180.3671 130.7607
0.09223927 0.3921235 1.275789 114.7439 184.4053 126.2797
0.08735645 0.3838227 1.218904 115.2782 187.8328 121.8141
0.09492481 0.3750337 1.172273 114.6065 190.6496 117.379
0.09297169 0.3716157 1.14615 113.8431 193.3824 114.1194
0.074417 0.3611176 1.099275 113.1637 195.9091 110.7607
0.08418262 0.353061 1.0524 112.9347 197.9244 106.7759
0.05659473 0.3445161 1.027986 112.1943 200.0771 103.7836
0.04634082 0.3555024 0.9984453 111.0111 201.6801 101.0431
-0.001266599 0.3479341 0.9737871 109.6828 204.1229 98.2721
-0.0156709 0.3122895 0.9159258 108.6294 203.5809 93.67668
-0.003219724 0.3262055 0.9071367 105.9882 205.6343 92.47058
0.009719729 0.3056977 0.8836992 103.5531 207.4206 89.50874
-0.005905271 0.325229 0.8705156 100.0111 208.0923 88.50111
-0.02275097 0.2790864 0.8597734 98.30115 210.2526 85.95149
-0.0156709 0.2573579 0.8378008 98.49199 212.1152 83.95913
0.005813479 0.2414888 0.8053301 100.6065 213.3595 82.14233
0.008499026 0.2439302 0.7882402 100.3393 214.5732 80.03547
0.01997364 0.245395 0.7711504 99.25535 216.6725 78.58508
0.04756153 0.2495454 0.7367265 98.45382 218.1305 76.59272
0.04927051 0.2954438 0.744539 95.48435 222.4816 74.78355
0.03242481 0.2724946 0.6407793 91.45382 221.9244 74.14997
0.04585254 0.3066743 0.6000078 87.9271 221.2984 73.10417
0.05244434 0.3266938 0.5961015 81.66756 223.5732 71.72249
0.05122364 0.3315766 0.5555742 79.03397 223.6649 69.85989
0.07710254 0.3884614 0.5155351 73.42329 226.0465 68.31027
0.0966338 0.4226411 0.4266679 67.12557 224.0923 66.78355
0.0888213 0.4416841 0.405916 56.78969 222.8328 64.16524
0.1000518 0.4414399 0.3614824 51.85076 220.2374 59.77592
0.09321583 0.4536469 0.3346269 49.0645 216.5504 55.9515
0.08686817 0.4783051 0.3199785 46.53015 213.6038 50.50111
0.07246387 0.5014985 0.3038652 46.14847 210.1076 44.79119
0.05732715 0.5024751 0.2879961 47.8126 206.8175 38.48585
0.04585254 0.5217622 0.2782304 49.9271 203.8633 31.43241
0.03413379 0.5115083 0.2696855 50.86603 199.9702 24.60035
0.03608692 0.5049165 0.2630937 52.48435 195.9778 17.39425
0.04707325 0.4878266 0.2582109 54.31641 193.2603 10.54692
0.04927051 0.4731782 0.2574785 56.33931 190.161 3.753023
0.0702666 0.4526704 0.2438066 56.89656 188.1381 -1.819496
0.06294239 0.445102 0.2399004 57.36221 185.787 -7.727894
0.08540333 0.4324067 0.2179277 55.89656 185.1076 -12.49888
0.102249 0.4145844 0.2088945 55.67519 181.4206 -17.48362
0.09590137 0.4118989 0.2059648 48.23244 183.9931 -21.17064
0.09516895 0.4143403 0.136873 40.43855 180.3748 -23.51415
0.1066436 0.4106782 0.1083086 30.86603 175.8862 -25.94927
0.1176299 0.3891938 0.1105058 21.23244 174.642 -27.8653
0.1288604 0.3801606 0.1078203 12.70572 172.2603 -30.14774
0.1552275 0.3533051 0.1009843 3.858397 168.8557 -31.8882
0.1410674 0.3371919 0.1336992 -3.53855 165.7259 -33.45309
0.1449736 0.326938 0.1712968 -9.042366 162.3671 -35.40728
0.1471709 0.3081391 0.1935136 -12.30954 160.1763 -37.59812
0.1654814 0.2966645 0.2352617 -13.53092 157.4435 -40.23934
0.1793975 0.271518 0.2701738 -12.44695 154.9702 -42.94164
0.2042998 0.2578462 0.30533 -10.05763 153.2984 -45.42255
0.2304229 0.2568696 0.3458574 -6.248473 151.7183 -48.69736
0.2667998 0.2458833 0.3944414 -0.5156488 150.7336 -51.94927
0.3090361 0.2424653 0.4449785 6.224809 150.4435 -55.8882
0.3607939 0.2632173 0.4798906 13.77443 151.2908 -60.07904
0.3800811 0.2615083 0.5091875 20.8584 151.016 -64.46835
0.4174346 0.2773774 0.5401933 29.59122 152.7259 -70.20881
0.4311065 0.2881196 0.5619218 39.19427 153.8099 -76.43782
0.4608916 0.2908051 0.595125 50.74389 156.1152 -83.39201
0.4655303 0.2798188 0.602205 62.82786 158.0771 -91.04087
0.4892119 0.2873872 0.6070879 74.44618 160.9549 -99.0256
0.5434112 0.2978852 0.5978105 81.59885 165.0923 -106.2546
0.5717315 0.3125337 0.5733964 83.65993 169.5961 -113.705
0.5834502 0.2971528 0.5318925 87.01107 173.9778 -120.4989
0.5885772 0.293979 0.4859941 86.00344 179.161 -127.1401
0.5719756 0.2978852 0.4227617 82.36221 184.6267 -133.5752
0.5583037 0.2781098 0.3331621 74.70573 188.7565 -139.3462
0.5541533 0.2661469 0.2389238 63.12557 191.6954 -143.789
0.5397491 0.2012056 0.1752031 50.04924 193.3137 -147.5829
0.5185088 0.182895 0.1232011 36.94236 194.9549 -151.8653
0.5475616 0.1086763 0.0628984 27.46908 194.6343 -155.3844
0.4862823 -0.02193897 0.0262773 6.736259 201.3366 -150.5829
0.4611358 -0.1283843 -0.04672074 9.720993 192.2908 -153.6363
0.470169 -0.04244678 -0.06136918 -1.469848 190.3061 -156.2928
0.4276885 -0.2231108 -0.08724809 -10.13397 195.5198 -156.2546
0.4062041 -0.4245269 0.5072343 -2.248474 -5.434381 24.83699
0.4054717 -0.4250152 0.5065019 -2.187405 -4.68629 25.31027
0.4037627 -0.4352691 0.5116289 -1.912596 -4.098504 26.0889
0.4047393 -0.4364898 0.5050371 -1.469848 -3.365679 26.73012
0.3957061 -0.4342925 0.5067461 -0.5996184 -2.945832 27.31027
0.3874053 -0.4308745 0.4977129 0.896565 -3.243542 28.22631
0.392044 -0.4172027 0.4884355 1.102671 -2.922931 28.76066
