0.3210683 -1.098463 -0.06165135 -108.4529 246.0243 -31.47166
0.2236562 -0.9134048 -0.06165135 -100.7735 224.9403 -4.03655
0.169457 -1.074049 -0.06165135 -106.3307 170.6655 37.72681
-0.02927344 -1.229079 -0.06165135 -88.90324 199.0472 -3.84571
-0.1496348 -1.170485 -0.06165135 -58.16278 135.864 14.06269
-0.02976172 -0.9107193 -0.06165135 -48.88797 119.4365 27.4749
-0.1449961 -0.8740982 -0.06165135 -59.06354 78.14641 53.07032
-0.05905859 -0.8194107 -0.06165135 -54.47575 54.40596 56.81078
0.06642969 -0.7085709 -0.06165135 -55.30782 30.55099 65.64284
0.2488027 -0.6773209 -0.06165135 -53.45285 13.72657 73.73444
0.4282461 -0.6543716 -0.06165135 -44.26202 1.550992 68.83368
0.5979238 -0.5408463 -0.06165135 -37.52919 -5.746718 70.81078
0.7173086 -0.4715103 -0.06165135 -23.49866 -13.54061 82.56651
0.8015371 -0.309645 -0.01892674 -11.97957 -16.77725 77.26116
0.8757559 -0.1939224 0.07042873 0.02042747 -23.63221 82.10085
0.9030996 0.003343254 0.1971377 0.9135572 -22.70092 78.41383
0.9651114 0.2196518 0.2503604 -6.094077 -29.27343 83.62757
1.023705 0.3365952 0.2838076 -15.39179 -32.84595 89.29933
1.081811 0.388353 0.2803897 -14.50629 -35.83832 79.46727
0.9822012 0.5541245 0.3609561 -11.55209 -44.97572 84.98635
1.056664 0.537767 0.4002627 -9.437588 -44.70092 58.92529
1.042504 0.697435 0.4827823 -0.6360611 -48.95282 64.08559
1.086449 0.8490463 0.5237979 -9.361252 -48.28107 57.84895
1.094018 0.8688217 0.6009463 -19.23911 -53.1742 57.39093
1.024193 0.9405991 0.6253604 -33.34599 -48.98336 46.32986
0.9900137 0.9608627 0.5928897 -54.46049 -56.06733 51.71918
1.000756 0.676683 0.4869327 -60.8269 -57.60168 49.65047
0.9421621 0.5475327 0.4344424 -62.40705 -58.13603 39.4749
0.8928457 0.4755112 0.3675479 -65.26202 -62.60168 37.29933
0.8398672 0.3551499 0.2679385 -65.71239 -66.85359 31.30696
0.7917715 0.278978 0.2296084 -65.30782 -72.83069 26.69627
0.7307363 0.1407944 0.1375674 -71.10171 -80.60931 35.97108
0.6789785 -0.03156886 0.07531154 -70.39942 -88.59405 34.29169
0.6396719 -0.111647 -0.01135838 -65.72766 -93.51008 25.66574
0.591332 -0.1702407 -0.06165135 -67.13224 -100.6017 27.03215
0.5713125 -0.2576431 -0.06165135 -66.47575 -108.8383 26.52834
0.5232168 -0.3091568 -0.06165135 -67.97957 -117.8383 25.50543
0.5190664 -0.3384536 -0.06165135 -72.59026 -128.5788 30.16192
0.4529043 -0.2459243 -0.06165135 -84.26202 -142.9528 34.5207
0.4707265 -0.4947036 -0.06165135 -88.12461 -154.7009 42.05505
0.4179922 -0.6844009 -0.06165135 -82.15514 -162.3956 34.76498
0.5058828 -0.7754654 -0.06165135 -62.21621 -166.9299 32.95582
1.392602 0.1293198 -0.06165135 64.08913 246.0243 -48.51746
1.016381 -0.2251724 -0.06165135 68.72272 246.0243 -80.6396
0.8674551 -0.174147 -0.06165135 74.37157 246.0243 -80.6396
0.8161856 -0.1494888 -0.06165135 61.74562 246.0243 -86.95258
0.7612539 -0.08259424 -0.06165135 41.89829 246.0243 -94.80754
0.6870351 -0.08601221 -0.06165135 21.76089 246.0243 -78.50983
0.5708242 -0.2066177 -0.06165135 13.62348 240.9479 -66.82281
0.5051504 -0.2119888 -0.06165135 6.715084 225.8105 -54.74647
0.2998281 -0.3682388 -0.06165135 14.40974 206.5968 -28.08998
0.1689687 -0.7346939 -0.06165135 37.11966 183.9785 -40.32663
0.1445547 0.04802099 -0.06165135 23.04333 155.3067 -51.85334
0.2470937 -0.3142837 -0.06165135 1.676916 131.6044 -45.69304
0.3076406 -0.3675064 -0.06165135 -3.170413 114.6044 -41.13578
0.3520742 -0.3916763 -0.06165135 -9.727664 95.1235 -35.08998
0.403832 -0.4680923 -0.06165135 -16.21621 78.28381 -30.25029
0.4655996 -0.5034927 -0.06165135 -20.32308 64.45939 -25.39533
0.5058828 -0.5650162 -0.06165135 -19.31545 53.02428 -21.5022
0.4978261 -0.557692 -0.06165135 -19.9414 38.29145 -16.94495
0.6465078 -0.5183853 -0.06165135 -20.98721 30.05481 -11.67777
0.7004629 -0.4617446 -0.06165135 -24.13988 23.26092 -6.700672
0.7092519 -0.4175552 -0.06165135 -29.49866 15.91741 -1.028916
0.7265859 -0.4019302 -0.06165135 -31.14751 7.825801 2.894748
0.7292715 -0.3382095 -0.06165135 -33.03301 -1.845954 5.444366
0.8171621 -0.271315 -0.06165135 -35.04064 -13.02916 7.177191
0.8574453 -0.2451919 -0.05212986 -38.36889 -16.44137 7.74971
0.8462149 -0.2481216 -0.03821385 -40.6666 -24.47191 9.513068
0.8628164 -0.2656997 0.0113467 -42.07881 -33.60168 9.871847
0.8757559 -0.297438 0.06139553 -43.94904 -40.14366 10.19246
0.8996817 -0.3296646 0.0960635 -44.31545 -47.3116 11.07032
0.921166 -0.4060806 0.1270694 -41.26202 -54.2429 10.98635
0.9548574 -0.392897 0.182001 -38.23148 -61.51007 10.69627
0.9389883 -0.4077896 0.1778506 -37.72766 -64.2887 11.39856
0.9502188 -0.4488052 0.1861514 -36.42995 -75.92229 12.60467
0.9712149 -0.4671157 0.279169 -39.19331 -79.00626 13.09322
0.976586 -0.5301041 0.3270205 -39.88034 -84.0597 16.16956
0.9687735 -0.549147 0.3853701 -40.53682 -89.54061 19.06269
0.9621817 -0.6096939 0.416376 -41.94904 -90.67802 22.69627
0.9504629 -0.649733 0.4097842 -40.62079 -95.00626 25.87185
1.051293 -0.6067642 0.2996768 -43.7353 -84.45664 32.41383
0.8891836 -0.7136978 0.4134463 -34.26202 -69.67802 37.98635
0.8750235 -0.7056412 0.4830264 -50.55972 -114.6322 48.51307
0.8510977 -0.8252701 0.4820498 -56.804 -118.762 55.77261
0.8618399 -0.8604263 0.4776553 -60.10934 -119.2276 60.23826
0.8340078 -0.9544205 0.4261416 -63.52919 -124.8689 67.55124
0.7893301 -1.0157 0.4046573 -63.74293 -132.5177 76.01688
0.803002 -1.038161 0.4400577 -66.75819 -139.5406 82.36803
0.835961 -1.07112 0.4630069 -67.52919 -143.5941 88.84132
0.8667227 -1.081862 0.4793643 -76.05591 -150.8841 97.70391
0.8064199 -1.154127 0.4813174 -80.23148 -147.7162 106.9864
0.9087149 -1.139235 0.5303897 -80.42995 -133.9376 117.9329
0.8977285 -1.214186 0.7056827 -80.39942 -151.3192 129.5818
0.9494864 -1.285719 0.6248721 -70.27728 -161.7543 130.9329
0.9624258 -1.246657 0.6895694 -61.62843 -165.7849 136.91
1.032006 -1.124342 0.7984561 -58.96431 -166.5864 145.7573
1.113549 -1.03987 0.8909854 -55.7582 -170.4108 172.1772
1.07058 -1.103835 0.9888858 -67.52155 -162.1131 172.2001
1.05642 -1.205153 0.9932803 -47.38415 -152.4948 169.1467
1.072533 -1.107008 1.042108 -38.15514 -156.0597 170.0245
1.064477 -1.031813 1.105585 -25.24675 -160.0597 182.5512
1.115014 -0.9715103 1.067499 -6.849802 -154.6475 176.452
1.073998 -0.8064713 1.09289 -13.72766 -152.2505 189.1085
1.04934 -0.8469986 1.033319 -13.6895 -151.1666 198.994
1.114037 -0.6883072 1.052362 -11.01011 -145.3956 214.2612
0.9719473 -0.750563 0.9434756 -7.865068 -141.2505 199.9634
0.9707266 -0.719313 0.8514346 -2.513924 -137.5482 207.681
0.8864981 -0.7146744 0.7593936 -0.8574351 -137.9223 213.5131
0.801293 -0.7044205 0.6404971 -0.933771 -139.9299 219.139
0.7732168 -0.6919693 0.5162295 -1.727664 -141.136 222.3146
0.7617422 -0.6853775 0.4246768 -6.330718 -147.2887 227.1848
0.7519765 -0.6426529 0.3153018 -7.811634 -148.4337 232.4749
0.6777578 -0.6292252 0.2017764 -12.00247 -160.0597 238.5894
0.6408926 -0.6424088 0.1270694 -18.72003 -169.6322 240.0092
0.6057363 -0.6946548 0.04674709 -19.13224 -178.4185 248.2612
0.6369863 -0.7285904 -0.05750096 -18.59789 -186.2811 247.0322
0.6274648 -0.7041763 -0.06165135 -21.8956 -194.8078 251.6963
0.593041 -0.7093033 -0.06165135 -28.94904 -208.6322 251.6963
0.6511465 -0.7339615 -0.06165135 -35.16278 -218.1818 251.6963
0.7300039 -0.7215103 -0.06165135 -38.9185 -227.6857 251.6963
0.7593008 -0.6768326 -0.06165135 -44.10171 -236.7849 251.6963
0.7973867 -0.632399 -0.06165135 -49.51392 -247.4566 251.6963
0.8183828 -0.5310806 -0.06165135 -51.59026 -254.2429 251.6963
0.6552969 -0.3848403 0.02453029 -70.38416 -254.2429 251.6963
0.9822012 -0.3177017 0.02550685 -71.79636 -254.2429 251.6963
1.05349 -0.3941177 -0.01526463 -71.18568 -254.2429 251.6963
1.134057 -0.3767837 0.01671779 -75.26202 -254.2429 251.6963
1.138207 -0.3643325 0.1251162 -74.16278 -254.2429 251.6963
1.14602 -0.3179458 0.2269229 -72.01774 -254.2429 251.6963
1.144311 -0.3223403 0.3038272 -65.94904 -254.2429 251.6963
1.287621 -0.3858169 0.5589541 -39.37652 -75.21237 74.34513
1.049096 -0.4495376 0.5843448 -65.16278 -91.06733 90.91002
1.015648 -0.5418228 0.5176944 -65.6895 -95.31161 94.29933
0.971459 -0.5825943 0.4654483 -66.02538 -100.3269 96.4978
0.9345938 -0.6343521 0.4224795 -65.50629 -104.6551 98.20773
0.8918692 -0.6902603 0.4144229 -63.46049 -111.8154 100.1467
0.8689199 -0.7334732 0.3970889 -60.8727 -116.2582 102.6886
0.8559805 -0.7823013 0.3514346 -57.97957 -122.1895 104.765
0.8301016 -0.8426041 0.3240908 -55.63606 -129.7467 108.4902
0.8418203 -0.8941177 0.2945498 -55.05591 -134.9986 113.1848
0.7807851 -0.9627213 0.2759951 -56.72766 -143.4337 119.0398
0.7983633 -0.9983658 0.2672061 -61.56736 -149.9681 126.9864
0.7846914 -0.9898209 0.2737979 -72.01011 -155.9834 138.536
0.7937246 -1.095045 0.2249697 -81.33835 -164.7543 150.9176
0.7829824 -1.188063 0.1722354 -82.6666 -172.1208 157.4978
0.9006582 -1.185377 0.1766299 -79.07117 -174.6093 160.6963
0.8747793 -1.127028 0.2193545 -83.15514 -187.9528 170.2917
0.9372793 -1.090651 0.2750186 -90.01774 -193.8689 179.0779
0.9424063 -1.068678 0.4017276 -91.39178 -200.8307 186.8566
1.010277 -1.055006 0.4505557 -86.6666 -204.678 185.7879
