0.732376 -0.08004444 0.990877 -14.78282 -33.70156 34.9744
0.7362823 -0.06148975 0.9906328 -14.21794 -30.32751 30.94386
0.7296905 -0.05831592 0.9764727 -13.50802 -26.93056 27.52402
0.7282256 -0.0563628 0.9813555 -12.17977 -23.60995 23.28737
0.7284698 -0.05147998 0.975252 -11.1416 -20.17484 19.21104
0.7245635 -0.0443999 0.9776934 -9.172137 -16.45728 14.76829
0.7348174 -0.04635303 0.9745195 -8.217939 -12.96873 10.66905
0.7172393 -0.03976123 0.9610918 -4.439313 -10.18247 5.997297
0.71846 -0.02120654 0.9679277 -2.370611 -6.915298 1.066
0.7177276 -0.02804248 0.9674395 -1.75229 -3.335145 -3.262245
0.7130889 -0.02511279 0.9615801 0.3698473 -0.3656794 -8.392015
0.7060088 -0.01241748 0.9430254 1.537786 3.038901 -13.92637
0.7123565 -0.01437061 0.9471758 1.46145 6.474016 -18.72789
0.7177276 -0.02389209 0.9295977 0.896565 9.321344 -23.43782
0.7257842 -0.02267139 0.9293535 -0.8896947 12.42821 -27.67446
0.7309112 -0.02242725 0.9156816 -2.263741 15.31371 -32.05614
0.7353057 -0.03512256 0.9137285 -3.614886 17.77172 -36.42255
0.7362823 -0.04952685 0.9012774 -4.653053 20.55798 -40.9569
0.7409209 -0.0666167 0.8788164 -6.691222 23.29081 -44.8882
0.7443389 -0.07394092 0.8697832 -8.286641 25.39768 -48.67446
0.7597198 -0.08395069 0.8548906 -9.988932 27.9473 -52.82713
0.7665557 -0.09469288 0.8324297 -11.0958 30.21447 -56.24698
0.7812041 -0.117398 0.8194902 -12.17977 32.14577 -60.09431
0.7970733 -0.133023 0.801668 -12.83626 34.32898 -63.21645
0.813919 -0.1581694 0.7818925 -13.1187 36.25264 -66.12484
0.824417 -0.1654937 0.7586992 -12.74466 38.11524 -69.04087
0.8378448 -0.1803862 0.7372148 -12.51565 39.43585 -71.53706
0.8578643 -0.2084624 0.7154863 -12.1874 41.32898 -73.96454
0.8637237 -0.2262847 0.71158 -11.57672 43.11524 -75.96454
0.8666533 -0.2365386 0.6957109 -11.22557 44.42822 -77.67446
0.8703155 -0.2577788 0.6761796 -10.22557 45.81753 -79.20118
0.8705596 -0.2807281 0.6710527 -9.256107 47.36715 -80.74316
0.8708037 -0.2934234 0.6612871 -8.141603 48.82516 -81.62103
0.8786162 -0.3110015 0.6388261 -6.935496 50.45111 -82.91873
0.8710479 -0.3173491 0.626375 -6.149237 51.83279 -83.85003
0.8773955 -0.3175933 0.61783 -5.653053 53.26791 -84.46835
0.8710479 -0.3251616 0.6012285 -6.095802 54.96257 -85.22408
0.8686065 -0.3446929 0.5809648 -6.355344 56.69539 -85.80423
0.8727569 -0.3507964 0.5677812 -6.996565 57.68776 -86.27751
0.8708037 -0.3586089 0.5375078 -7.401145 59.1534 -86.42255
0.8751983 -0.3732574 0.5401933 -10.66069 60.016 -85.62866
0.8839873 -0.3810699 0.52408 -18.69885 61.26028 -83.76606
0.8810576 -0.391812 0.4972246 -25.46985 62.25264 -81.7737
0.871292 -0.4030425 0.4847734 -29.38588 62.30608 -80.99507
0.871292 -0.4025542 0.4815996 -35.84389 62.52745 -78.98743
0.8793487 -0.414273 0.4776933 -42.98893 63.16867 -76.68973
0.8854522 -0.4306304 0.4718339 -51.17977 63.71829 -73.83476
0.8881377 -0.4670074 0.4774492 -54.50802 65.27554 -71.37675
0.8935088 -0.4489409 0.4601152 -54.37061 63.7641 -70.42255
0.8898467 -0.4679839 0.4625566 -59.24847 64.67249 -67.62103
0.9074248 -0.5002105 0.4596269 -52.11871 64.45111 -67.934
0.9115752 -0.476773 0.447664 -51.58435 62.44349 -66.07904
0.9054717 -0.4831206 0.4518144 -51.08817 62.93203 -64.04851
0.8988799 -0.4982574 0.4488847 -44.17214 60.26791 -63.49889
0.8891143 -0.4936187 0.4552324 -42.39351 59.1076 -62.05614
0.8837432 -0.4862945 0.4498613 -37.36298 57.62669 -60.69736
0.8725127 -0.4735991 0.4562089 -41.0042 56.42058 -57.67446
0.8686065 -0.4914214 0.4469316 -36.83626 55.49692 -55.78133
0.8419951 -0.4877593 0.4505937 -35.14924 53.09234 -53.69736
0.8166045 -0.4823882 0.4400957 -33.27901 50.56562 -51.23934
0.7941436 -0.4696929 0.4461992 -31.1645 48.12287 -49.56759
0.760208 -0.4511382 0.4532793 -31.63779 45.70303 -46.65156
0.7362823 -0.4528472 0.4642656 -31.82099 43.11524 -44.20881
0.7108916 -0.4399077 0.4759843 -33.69122 40.8786 -41.43018
0.685501 -0.4330718 0.4942949 -34.88206 38.48165 -39.07904
0.6779326 -0.4242827 0.5065019 -36.27901 36.32135 -36.64392
0.6645049 -0.4152495 0.5055254 -37.40878 34.33661 -34.72026
0.6549834 -0.4132964 0.5172441 -38.16451 32.18394 -32.43782
0.6454619 -0.4067046 0.5318925 -38.38588 30.66485 -30.52179
0.6432647 -0.4037749 0.5445879 -38.37061 29.0847 -29.18591
0.6310576 -0.3932769 0.5480058 -38.44695 27.19157 -27.56759
0.4499053 -0.8178374 0.6883867 15.71336 5.748825 -56.62103
0.4369658 -1.410611 0.5609453 -28.29428 3.817527 53.33318
0.4376983 -1.379605 0.5809648 -25.32481 2.962565 62.60035
0.4452666 -1.337857 0.5836504 -24.59198 2.031267 72.56982
0.4613799 -1.268521 0.5848711 -28.49275 1.50455 82.86752
0.4796905 -1.188443 0.6024492 -36.96603 0.8404274 93.54691
0.5028838 -1.104947 0.5995195 -47.45458 0.5198169 103.5698
0.5241241 -1.014371 0.6151445 -55.04237 0.3366108 112.3103
0.5365752 -0.9474761 0.6205156 -62.86679 0.405313 120.0813
0.5565948 -0.8485991 0.6617754 -70.75993 1.359511 128.2492
0.548294 -0.7521636 0.6832597 -76.66068 2.71829 133.1042
0.550003 -0.6383941 0.6913164 -82.71412 3.489283 136.4859
0.5775908 -0.5397613 0.6869218 -88.90496 4.619053 139.211
0.5355987 -0.5016753 0.6886308 -102.0347 6.710657 142.3332
0.6007842 -0.3871734 0.6795976 -112.6378 6.077069 146.3866
0.7211455 -0.2472808 0.6141679 -119.1798 9.809893 140.8141
0.5124053 -0.4757964 0.6927812 -98.12634 2.756458 141.6385
0.5438994 -0.2692534 0.6288164 -116.508 16.16104 139.7072
0.4438018 -0.2096831 0.5460527 -96.69122 -0.7168244 133.0278
0.4115752 -0.2123687 0.6122148 -88.28664 0.756458 126.7988
0.4130401 -0.1596343 0.6747148 -66.37824 -1.915298 118.295
0.4452666 -0.1171538 0.7147539 -48.19504 -0.4878168 110.6538
0.4608916 -0.07394092 0.7242754 -36.0042 1.267908 102.8141
0.4547881 -0.05904834 0.702791 -30.03473 1.283175 98.77592
0.4706573 -0.01461475 0.7052324 -28.56908 0.5961528 95.74538
0.4599151 0.0181001 0.730623 -25.0958 0.6343205 89.89043
0.4682158 0.006869629 0.7633379 -20.53092 1.63432 84.9286
0.4867705 0.04544385 0.7911699 -15.94313 5.138137 78.27974
0.5036162 0.05252392 0.7796953 -7.912596 7.283176 70.82172
0.480667 0.08914501 0.7662675 -5.85916 8.489283 64.9515
0.4645537 0.08938915 0.7904375 -1.973664 10.44348 58.09653
0.4518584 0.08328564 0.7984941 2.148473 12.81753 50.70722
0.4535674 0.07156689 0.7901933 5.507252 14.88623 44.40951
0.452835 0.06448681 0.7916582 10.20954 16.90913 37.59272
0.4604033 0.02981885 0.7845781 14.82786 18.71829 31.05837
0.4689483 -0.003628418 0.7909257 18.77443 20.52745 25.36371
0.4828643 -0.03121631 0.7704179 23.59122 22.1076 19.63089
0.4938506 -0.05392139 0.7743242 28.95763 23.57325 14.52402
0.5065459 -0.07369678 0.7691972 34.179 25.51982 9.417145
0.5155791 -0.09298389 0.7525957 38.64465 27.48165 4.264473
0.5412139 -0.1127593 0.7394121 41.52252 29.33661 -0.5141525
0.5348662 -0.1181304 0.7318437 42.28588 31.62669 -4.42255
0.5177764 -0.1103179 0.7093828 36.91946 32.69539 -7.101938
0.5487823 -0.1610991 0.6983964 33.32404 33.9473 -9.819496
0.56221 -0.1977202 0.6966875 32.57595 36.77936 -13.20117
0.5624541 -0.2221343 0.6686113 33.75916 38.77173 -16.09431
0.550003 -0.2148101 0.6239336 30.44618 39.30608 -17.78896
0.5490264 -0.2113921 0.5953691 24.41565 39.65722 -18.9798
0.5558623 -0.2204253 0.5890214 17.44618 40.56562 -20.49125
0.5646514 -0.258023 0.5641191 15.91183 41.91676 -22.94163
0.5683135 -0.2521636 0.5209062 13.11794 42.64196 -25.1172
0.5434112 -0.2582671 0.4813554 8.438549 41.06944 -25.85003
0.5392608 -0.2526519 0.4540117 2.95 39.9015 -27.30041
0.5351104 -0.2946441 0.4330156 2.262977 39.39768 -28.83476
0.5285186 -0.2958648 0.4015214 -0.06526709 37.61906 -30.64392
0.5392608 -0.322232 0.3832109 1.079771 35.13814 -32.73553
0.5468291 -0.3254058 0.3668535 -0.1568704 33.0618 -34.34621
0.5453643 -0.3405425 0.3478105 -1.0271 30.48928 -35.23934
0.5558623 -0.3617827 0.3463457 -4.607252 27.82516 -36.44545
0.5653838 -0.3883941 0.3475664 -2.882061 25.78699 -38.06377
0.5294951 -0.3869292 0.3378007 -9.591985 22.48165 -37.07904
0.5241241 -0.3940093 0.3468339 -13.59198 18.82516 -36.36912
0.5231475 -0.4047515 0.3854082 -17.46221 16.19157 -36.37675
0.5272979 -0.4145171 0.4225175 -18.66832 14.66485 -36.91873
0.5443877 -0.4255034 0.447664 -19.13397 13.05417 -37.36912
0.5453643 -0.4364898 0.4974687 -18.51565 12.33661 -38.36148
0.5814971 -0.4587066 0.5912187 -13.86679 12.83279 -40.30804
0.5941924 -0.4613921 0.6222246 -11.98893 14.33661 -41.15537
0.5888213 -0.4718902 0.6244218 -8.889695 15.77936 -42.01034
0.5976104 -0.4735991 0.6371171 -7.088168 16.93966 -42.39965
0.6061553 -0.4745757 0.6485918 -5.782825 18.60379 -43.08667
0.5954131 -0.4657866 0.6537187 -5.805725 20.36714 -43.44545
0.605667 -0.4684722 0.6481035 -5.34771 21.64959 -43.66682
0.5912627 -0.4757964 0.6383379 -5.775191 23.13814 -44.18591
0.5905303 -0.4738433 0.6459062 -6.569084 24.77172 -44.33858
0.5817412 -0.476773 0.6344316 -7.378244 25.9931 -44.23934
0.5797881 -0.4845855 0.6258867 -7.843893 27.20684 -44.934
0.603958 -0.4677398 0.605623 -9.172137 28.16104 -46.13248
0.5768584 -0.4897124 0.6134355 -9.958397 28.69539 -45.31568
