1.490014 0.2838608 1.117792 13.67692 246.0243 -163.2656
1.55642 0.2491929 1.054315 14.63111 246.0243 -169.1434
1.573998 0.2172104 0.9940127 14.45554 246.0243 -175.403
1.581811 0.1739975 0.9205264 10.32577 246.0243 -180.5404
1.511254 0.08806005 0.9561709 10.27997 246.0243 -187.4793
1.574242 0.07145849 0.796503 5.501344 246.0243 -188.2961
1.556664 0.01115575 0.7457217 -2.804 246.0243 -191.9449
1.610131 -0.1077407 0.6859073 -10.13988 246.0243 -213.3343
1.641625 -0.1214126 0.5811709 -17.61316 246.0243 -205.2121
1.590111 -0.1734146 0.466669 -23.58262 246.0243 -205.1663
1.430443 -0.2224868 0.3411807 -42.71239 246.0243 -200.8381
1.379906 -0.3623794 0.2215518 -58.93377 246.0243 -182.4259
1.327904 -0.488356 0.01964748 -68.19331 246.0243 -171.7923
1.375756 -0.5254654 -0.06165135 -88.18568 246.0243 -181.3495
1.006127 -0.627272 -0.06165135 -87.36125 246.0243 -150.2274
1.093285 -0.6968521 -0.06165135 -86.81163 246.0243 -144.8152
0.9538809 -0.6382584 -0.06165135 -109.4071 246.0243 -131.7694
0.6238027 -0.6895279 -0.06165135 -150.262 246.0243 -138.0976
0.7273183 -0.7669205 -0.06165135 -172.2391 246.0243 -97.34189
0.650414 -0.9143814 -0.06165135 -163.1093 246.0243 -96.48693
0.2605215 -1.507643 -0.06165135 -141.9872 246.0243 -77.79227
0.1906973 -1.31819 -0.06165135 -137.5674 246.0243 -104.5785
0.2981191 -1.123854 -0.06165135 -103.0712 246.0243 -66.7312
-0.327125 -1.15901 -0.06165135 -78.6666 212.2304 -68.6625
0.1067129 -1.171461 -0.06165135 -74.52155 243.1846 -82.5709
-0.1794199 -1.15779 -0.06165135 -72.45285 188.467 -56.15105
-0.1037363 -1.183913 -0.06165135 -60.27728 160.5663 -51.44876
-0.2817149 -1.160963 -0.06165135 -59.39178 128.1006 -45.83807
-0.3083262 -1.186598 -0.06165135 -54.44522 100.7495 -40.90678
-0.3307871 -1.159743 -0.06165135 -51.13224 71.35252 -33.19685
-0.349586 -1.175612 -0.06165135 -53.70476 40.27618 -21.73121
-0.3012461 -1.141188 -0.06165135 -48.39942 10.9403 -13.33426
-0.1545176 -1.007887 -0.06165135 -49.52919 -11.3116 -4.891511
-0.01120703 -0.946608 -0.06165135 -51.6666 -32.29634 3.375664
0.1911856 -0.8220963 -0.06165135 -52.17041 -48.3574 9.161923
0.310082 -0.7337173 -0.06165135 -54.13224 -59.83832 13.61994
0.4636465 -0.628981 -0.06165135 -54.91087 -69.37267 10.5665
0.5786367 -0.4876235 -0.06165135 -57.38415 -78.44138 15.52834
0.7002187 -0.4217056 0.03185451 -57.91087 -88.22 20.68864
0.8098379 -0.3985122 0.1341494 -55.37652 -95.81542 18.59704
0.8701406 -0.3587173 0.2300967 -48.43759 -98.34978 11.15429
0.9328848 -0.2398208 0.3887881 -44.36889 -103.7162 8.07032
1.031029 -0.1695083 0.5618838 -44.67423 -111.3421 2.681008
1.125023 -0.09065088 0.6795596 -47.03301 -114.3345 4.161924
1.0364 -0.02180323 0.805292 -48.09407 -116.1284 3.826046
1.01809 0.04411474 0.9361514 -60.43759 -123.3116 -10.79991
1.63308 0.2252671 0.9620303 -75.01011 -122.3956 -28.79227
1.271996 0.08073584 1.088007 -68.33835 -126.8689 10.66574
1.317162 0.046312 1.207147 -60.6666 -122.0826 -13.88388
1.33474 0.1127182 1.323114 -61.44522 -120.6551 -23.79991
1.422143 0.1117417 1.478632 -70.30019 -121.8002 -18.44113
1.438988 -0.0576919 1.644648 -82.77347 -112.6704 -7.815176
1.423363 -0.1802505 1.630243 -84.23148 -96.38794 -14.70067
1.517846 -0.1233657 1.651728 -83.20858 -77.09023 12.09322
1.520775 -0.267897 1.760614 -80.12461 -56.86885 66.03216
1.528588 -0.6433853 1.753046 -82.39178 -28.57878 36.3833
1.296654 -0.6717056 1.980341 -72.10934 -31.85359 -0.8686108
1.372582 -0.569899 1.955927 -72.49866 -43.81542 11.08559
1.451439 -0.7600845 1.660517 -67.55972 -30.66275 18.23826
1.289574 -0.8350357 1.656122 -63.08644 -23.90702 15.26879
1.282982 -0.8469986 1.526239 -58.12461 -14.50244 20.50543
0.5017324 0.07341161 2.012079 -31.51392 157.4594 50.223
0.7297597 0.3072983 2.253534 -37.9185 228.5586 42.09322
0.7485586 0.2782456 2.254999 -28.7582 231.1464 38.69628
0.818627 0.2931382 2.188105 -18.7353 239.9174 31.57414
0.860375 0.2955796 2.191767 -5.429955 246.0243 23.00162
0.9011465 0.2894761 2.204462 6.562412 246.0243 16.37566
0.9321524 0.3602768 2.163691 11.71508 246.0243 12.452
0.9492422 0.3243882 2.123896 28.53951 246.0243 3.406199
0.9663321 0.3763901 2.03454 41.11966 246.0243 -6.326626
1.036156 0.3732163 1.970575 53.63875 246.0243 -15.83044
1.049828 0.3834702 1.882196 65.18073 246.0243 -24.73884
1.053002 0.4640366 1.777216 67.25707 246.0243 -30.63197
1.102318 0.4471909 1.689081 69.55478 246.0243 -39.777
1.092064 0.45598 1.604608 74.3334 246.0243 -49.95258
1.101098 0.4486557 1.531122 73.89829 246.0243 -56.13578
1.095727 0.384935 1.441034 74.42501 246.0243 -61.15868
1.151147 0.3502671 1.382196 73.99753 246.0243 -65.10525
1.204125 0.353685 1.334589 71.62348 246.0243 -72.15105
1.256371 0.3524643 1.331659 70.1731 246.0243 -74.01365
1.25515 0.3461167 1.314081 69.82959 246.0243 -84.05945
1.372826 0.2587143 1.254267 65.83722 246.0243 -84.89151
1.402367 0.2570054 1.285517 60.18073 246.0243 -82.05945
1.418236 0.2596909 1.31872 55.47081 246.0243 -82.15868
1.497826 0.2745835 1.328241 47.3334 246.0243 -81.87624
1.606713 0.327562 1.361444 33.98226 246.0243 -79.7999
1.564477 0.3104722 1.416132 25.18837 246.0243 -77.11288
1.63015 0.3082749 1.363886 14.61585 246.0243 -75.6854
1.684838 0.2538315 1.273798 11.20363 246.0243 -75.09762
1.650902 0.26848 1.242548 6.745618 246.0243 -76.6167
1.708275 0.2606675 1.165888 4.38684 246.0243 -79.18922
1.707543 0.2645737 1.081903 1.165466 246.0243 -92.15868
1.878197 0.3441636 0.8494815 -5.872703 246.0243 -100.319
1.926293 0.4088608 0.8072452 -6.200947 246.0243 -94.74648
1.841576 0.3214585 0.6497745 -6.277283 246.0243 -94.62434
1.784936 0.2875229 0.5047549 1.226534 246.0243 -104.7694
1.471459 0.2262436 0.1580752 21.196 246.0243 -91.09762
1.422387 0.440355 -0.06165135 4.669282 246.0243 -93.01365
1.378686 0.2257554 -0.06165135 -7.269649 246.0243 -122.0518
1.314232 0.2831284 -0.06165135 4.623481 246.0243 -129.6702
1.071557 0.3387925 -0.06165135 2.104397 246.0243 -132.6625
0.8803946 0.2736069 -0.06165135 -20.86507 246.0243 -127.1587
0.565209 -0.1475357 -0.06165135 -26.74293 246.0243 -150.5709
0.6975332 0.1151597 -0.06165135 -45.03301 246.0243 -115.6854
0.5298086 -0.2239517 -0.06165135 -57.50629 246.0243 -111.4411
0.4551015 -0.3714126 -0.06165135 -66.07117 246.0243 -93.6854
0.2922597 -0.5686783 -0.06165135 -78.23148 246.0243 -86.57853
0.08766993 -0.9502701 -0.06165135 -84.33835 246.0243 -61.76937
0.08351954 -1.336989 -0.06165135 -48.75056 219.2991 -49.96785
0.06618555 -1.475417 -0.06165135 -9.277283 236.6044 -88.76174
-0.167457 -1.148024 -0.06165135 -30.86507 126.3067 -20.15105
-0.1894297 -1.119948 -0.06165135 -37.52919 102.6579 -5.471664
-0.2087168 -1.025954 -0.06165135 -40.17804 73.52045 8.482534
-0.1293711 -0.8919205 -0.06165135 -39.78873 52.44412 19.43673
-0.04514257 -0.771315 -0.06165135 -36.79636 30.69603 27.32986
0.09108789 -0.5989517 -0.06165135 -37.99484 10.69603 34.80315
0.2644277 -0.497145 -0.06165135 -38.93377 -7.189466 37.74971
0.454125 -0.4524673 -0.06165135 -29.38415 -19.79252 33.79551
0.5876699 -0.3994888 -0.06165135 -8.529191 -25.65511 30.59704
0.7422109 -0.1870864 -0.06165135 1.654015 -33.07496 21.84895
0.9321524 0.03361669 0.1446475 2.035695 -38.51771 31.18482
0.952416 0.4789292 0.4449405 -17.37652 -49.80779 41.07032
1.171166 0.3983628 0.3812197 -39.02537 -50.98336 60.46727
0.9924551 0.2592026 0.735712 -44.95667 -61.44901 44.07032
1.120141 0.3168198 0.7835635 -40.8956 -63.68565 35.70391
1.238549 0.3285386 0.8760928 -31.7811 -54.60168 24.12375
1.236352 0.4979722 1.088495 -43.75056 -57.12076 49.12376
1.321801 0.4928452 1.083368 -45.07117 -55.00626 39.91002
1.370629 0.442064 1.156366 -43.68186 -50.40321 32.65811
1.448754 0.4181382 1.182245 -40.59026 -38.45664 26.90238
1.378686 0.3773667 1.237665 -38.50629 -35.0597 18.23826
1.368188 0.3295151 1.235956 -39.86507 -28.75435 14.36803
1.384301 0.2501694 1.163446 -41.28492 -20.35741 10.53597
1.326195 0.1173569 1.07995 -40.35362 -11.98336 7.001618
1.232445 -0.01130518 0.9092959 -39.71239 -10.1284 6.604672
1.138451 -0.1341079 0.7818545 -40.06354 -9.433741 9.322229
1.024682 -0.2720474 0.5775088 -41.7582 -14.38031 17.52834
0.9729239 -0.342604 0.461542 -38.39942 -21.88412 27.66574
0.9238516 -0.3574966 0.3133487 -35.42995 -24.96046 19.39857
0.8906485 -0.3489517 0.2613467 -37.50629 -34.81542 25.26879
0.8752676 -0.4229263 0.2027529 -36.34599 -44.13603 27.35276
0.8601309 -0.451979 0.1917666 -35.77346 -53.95282 29.4062
0.8589102 -0.4951919 0.2125186 -34.08644 -62.65511 31.60467
0.8808828 -0.5130142 0.2557315 -31.81163 -70.49481 33.02452
0.8952871 -0.5454849 0.2745303 -31.21621 -77.41848 36.54361
0.9143301 -0.5779556 0.3463076 -30.93377 -84.34214 40.23063
0.9507071 -0.6160416 0.3753604 -28.88797 -90.25053 45.3146
0.968041 -0.6416763 0.4239444 -28.42995 -94.54061 50.65047
0.9909903 -0.6526627 0.4573916 -25.11698 -99.34978 53.97108
1.032006 -0.6214127 0.4874209 -25.62843 -103.2047 59.44437
