0.7268716 -1.774963 -0.2605791 -230.6163 177.6989 -248.4563
0.7739907 -1.774963 -0.2605791 -230.6163 180.2791 -248.4563
0.323063 -1.774963 -0.2605791 -230.6163 149.3249 -248.4563
0.614811 -1.774963 -0.2605791 -171.5018 124.8058 -248.4563
-0.1913413 -1.774963 -0.2605791 -133.1888 39.7142 -248.4563
-0.395687 -1.774963 -0.2605791 -9.227007 -14.95756 -184.7311
-0.5255698 -1.774963 -0.2605791 34.002 -74.55298 -127.5402
-0.5702476 -1.774963 -0.2605791 130.1699 -120.4385 -79.21964
-0.7494468 -1.774963 -0.2605791 139.9028 -153.5606 -21.19673
-0.8563804 -1.774963 -0.2605791 133.315 -175.9499 20.26892
-0.767269 -1.774963 -0.2605791 169.46 -197.4537 52.37579
-0.4774741 -1.774963 -0.2605791 134.8951 -227.8125 88.63533
-0.2416343 -1.774963 -0.2605791 140.1699 -232.156 109.1849
-0.03728858 -1.774963 0.08072948 128.689 -243.0339 139.0094
0.1602212 -1.774963 0.4298506 133.3761 -223.7209 165.2308
0.3255044 -1.774963 0.5585127 141.9486 -222.4232 188.9178
0.3948403 -1.774963 0.7391768 145.4142 -225.2095 209.33
0.5249673 -1.774963 0.9303389 155.4371 -209.1789 227.3987
0.6323892 -1.57135 1.013347 168.5058 -199.3392 238.3605
0.8450356 -0.9519648 1.267497 198.2005 -167.2476 251.8109
0.8718911 -0.7044062 1.321452 210.1776 -158.2858 251.8109
0.8606606 -0.5762323 1.318767 211.2157 -142.7133 251.8109
0.8345376 -0.4924921 1.313396 211.1089 -127.324 251.8109
0.7788735 -0.4407343 1.257243 208.9715 -121.5377 251.8109
0.7825356 -0.3276972 1.250407 208.8341 -108.2858 251.8109
0.7307778 -0.24591 1.199382 210.6585 -98.91176 251.8109
0.7134439 -0.2134393 1.115153 208.6661 -88.38504 251.8109
0.6687661 -0.1245721 1.108562 205.7577 -83.3087 251.8109
0.6809731 -0.06109558 1.068522 200.3226 -74.60641 251.8109
0.6585122 -0.0293573 1.019206 194.4753 -67.44611 251.8109
0.6409341 0.04608215 0.975749 188.8722 -62.87359 251.8109
0.6287271 0.07635559 0.9474287 188.9562 -58.04916 251.8109
0.5925942 0.216004 0.8924971 177.4753 -54.66748 251.8109
0.6350747 0.235047 0.8624678 175.544 -53.87359 251.8109
0.6436196 0.297547 0.8658857 177.2157 -51.58351 251.8109
0.6707192 0.3180548 0.8700361 181.002 -49.76672 251.8109
0.7022134 0.3615118 0.850749 181.8188 -47.20947 251.8109
0.7617837 0.3834845 0.8363447 186.0707 -44.59878 251.8109
0.7971841 0.4906622 0.8378096 188.147 -42.65221 251.8109
0.7066079 0.5756231 0.8111982 196.6661 -41.45374 251.8109
0.8316079 0.6190802 0.670085 203.086 -43.88885 251.8109
0.7923013 0.7724005 0.6478682 203.8646 -45.09496 251.8109
0.8128091 0.6837774 0.6576338 211.6738 -40.84306 251.8109
0.8027993 0.8143927 0.6056318 209.544 -42.18657 251.8109
0.8067056 0.8173223 0.5328779 215.3302 -42.79725 251.8109
0.8008462 0.9401251 0.4452314 211.5822 -44.42321 251.8109
0.8323403 0.8639532 0.3895674 217.4677 -48.29343 251.8109
0.9160806 1.038025 0.3404951 206.2539 -48.57588 251.8109
0.9177896 0.9887091 0.3776045 211.2921 -51.40031 251.8109
0.9583169 1.032654 0.3014326 203.9333 -50.24 251.8109
0.899479 1.091981 0.2635908 177.5898 -56.01863 251.8109
0.9478189 1.11493 0.2452803 167.5745 -63.0797 251.8109
1.006657 1.127137 0.289958 152.8264 -67.46138 251.8109
1.115299 1.069764 0.2928877 150.4142 -69.63695 251.8109
1.059635 1.201111 0.3705244 135.9028 -75.3316 251.8109
1.158512 1.167176 0.4227705 136.6967 -82.87359 251.8109
1.199772 1.186707 0.496501 135.5592 -85.41557 251.8109
1.27692 1.162293 0.5563154 132.9257 -86.67511 251.8109
1.346989 1.22284 0.6105146 131.5363 -90.94229 251.8109
1.385807 1.240418 0.6920576 134.8341 -95.27817 251.8109
1.482975 1.222352 0.7421064 142.315 -95.64458 251.8109
1.516667 1.329774 0.7862959 150.0631 -92.34688 251.8109
1.542057 1.418397 0.7367353 155.8722 -91.09496 251.8109
1.558415 1.475525 0.8082685 165.8264 -92.4003 251.8109
1.57404 1.544617 0.7799482 171.2463 -88.53008 251.8109
2.289799 1.373231 0.7313643 -203.8224 34.00427 -248.4563
1.032536 -1.774963 -0.2605791 -230.6163 196.3478 -248.4563
0.8093911 -1.774963 -0.2605791 -230.6163 208.6226 -248.4563
0.6475259 -1.774963 -0.2605791 -230.6163 208.1722 -248.4563
0.06158838 -1.774963 -0.2605791 -230.6163 170.3325 -248.4563
-0.5905112 -1.774963 -0.2605791 -230.6163 119.9585 -248.4563
-0.8514976 -1.774963 -0.2605791 -138.8988 49.72183 -161.9906
-1.098812 -1.774963 -0.2605791 -32.02853 -21.46901 -99.70818
-1.178158 -1.774963 -0.2605791 46.27681 -82.65221 -34.57841
-1.297542 -1.774963 -0.2605791 61.97147 -130.4843 30.25365
-1.30389 -1.774963 -0.2605791 77.87987 -167.7744 84.88724
-1.100277 -1.774963 -0.2605791 73.84169 -181.2553 131.2079
-0.588314 -1.774963 -0.2605791 80.65086 -216.1026 156.3605
-0.3497886 -1.774963 -0.2605791 90.72719 -235.2858 179.2766
-0.07903662 -1.774963 -0.230794 104.7806 -237.7133 191.0094
-0.02727881 -1.774963 0.02750683 126.2539 -245.9499 206.6582
0.1543618 -1.774963 0.3502607 146.2692 -246.6369 223.246
0.2569009 -1.774963 0.7284346 167.4906 -249.6522 236.872
0.4439126 -1.657775 0.8588057 195.2768 -223.7362 247.8338
0.5510903 -1.421935 0.8763838 214.2157 -214.8889 251.8109
0.6245767 -1.262756 0.9134932 231.857 -206.843 251.8109
0.6475259 -1.013244 0.949626 247.0325 -201.5682 251.8109
0.7488442 -0.7310175 0.9449873 258.46 -196.0263 251.8109
0.7715493 -0.5933222 0.9972334 268.1241 -184.8965 251.8109
0.7844888 -0.5100702 1.015056 269.6508 -175.4385 251.8109
0.7942544 -0.3799433 1.043376 269.6508 -166.4537 251.8109
0.7835122 -0.231994 1.030437 269.6508 -157.3621 251.8109
0.7666665 -0.1206659 1.048015 269.6508 -148.6293 251.8109
0.793522 -0.03375183 1.056071 269.6508 -139.2247 251.8109
0.7844888 0.02386536 1.055095 269.6508 -131.6828 251.8109
0.7908364 0.1322638 1.033854 269.6508 -124.0186 251.8109
0.7808267 0.1825568 1.03947 268.1776 -117.614 251.8109
0.7818032 0.2440802 1.040202 265.086 -111.1484 251.8109
0.7781411 0.2338263 1.052653 261.6508 -104.0415 251.8109
0.7979165 0.2636114 1.057048 258.2768 -95.75145 251.8109
0.7871743 0.3163458 1.06779 256.5516 -89.07207 251.8109
0.8006021 0.3317267 1.034343 253.6432 -81.69038 251.8109
0.8062173 0.3744513 1.018962 249.8722 -75.85069 251.8109
0.8257485 0.3949591 1.012858 246.8951 -69.66748 251.8109
0.8377114 0.4450079 0.99821 244.5211 -62.30107 251.8109
0.880436 0.5477911 0.901042 240.9333 -56.51481 251.8109
0.9090005 0.5377813 0.826335 239.2692 -54.94992 251.8109
0.8757974 0.5568243 0.7875166 231.0402 -50.73618 251.8109
0.8328286 0.7633673 0.6739912 227.7959 -47.64458 251.8109
0.9417153 0.7018438 0.6359053 230.3226 -51.58351 251.8109
0.9033853 0.7557989 0.5980635 220.8417 -46.53008 251.8109
0.9238931 0.7865606 0.5738935 220.9104 -46.80489 251.8109
0.9173013 0.7040411 0.5338545 227.231 -45.98046 251.8109
0.9634439 0.7077032 0.4562178 225.9028 -45.49954 251.8109
0.9417153 0.7013556 0.3966475 233.1394 -47.03389 251.8109
0.958561 0.7706915 0.2884932 234.0096 -47.56824 251.8109
1.055485 0.7335821 0.2247725 238.0936 -52.44611 251.8109
1.04279 0.929627 0.2462568 225.9944 -52.24 251.8109
1.056461 1.010926 0.2030439 217.7654 -53.58351 251.8109
1.162663 1.112244 0.1522627 220.4447 -54.31634 251.8109
0.9685708 1.072938 0.2198896 226.2616 -55.52244 251.8109
1.214665 1.309266 0.2137861 209.5516 -53.38504 251.8109
1.06403 1.500184 0.02384472 172.5058 -58.1255 251.8109
1.118229 1.458191 0.1439619 176.46 -67.3316 251.8109
1.19318 1.491639 0.08951855 156.4295 -64.79726 251.8109
1.229069 1.419861 0.06901073 145.6661 -64.2629 251.8109
1.222721 1.554871 0.03800488 125.8951 -71.36214 251.8109
1.252751 1.563416 0.06559277 108.9638 -72.89648 251.8109
1.15778 1.70575 0.2523603 91.57452 -89.44611 251.8109
1.327946 1.683045 0.2181807 104.6738 -86.78198 251.8109
1.494206 1.750672 0.3661299 101.7959 -86.64458 251.8109
1.40778 1.820496 0.2428389 106.9028 -96.17892 251.8109
1.531315 1.868348 0.1735029 100.689 -92.2171 251.8109
1.48151 1.964295 0.335124 108.857 -93.36977 251.8109
1.505192 2.085389 0.3014326 113.4677 -95.00336 251.8109
1.515446 2.224976 0.302165 114.9944 -98.15604 251.8109
1.571842 2.224976 0.2926435 118.4982 -102.8049 251.8109
1.57819 2.224976 0.3041182 135.086 -105.7591 251.8109
1.610417 2.224976 0.2738447 137.9333 -104.7362 251.8109
1.612125 2.224976 0.2711592 147.3302 -109.8812 246.3987
1.590885 2.224976 0.2923994 143.1318 -110.6599 231.4903
1.615543 2.224976 0.3026533 141.2081 -115.3774 214.2079
1.701237 2.224976 0.3578291 148.2921 -121.1713 204.3987
1.545475 2.224976 0.4950361 154.0783 -136.7438 186.7804
1.64362 2.224976 0.5026045 144.9486 -128.1179 146.0475
1.543766 2.224976 0.7928877 149.1012 -121.1102 97.97884
1.527897 2.224976 0.8610029 165.8035 -109.3316 58.62769
1.390446 2.224976 0.920085 155.2539 -109.6446 27.52846
1.281803 2.224976 1.00236 133.7577 -104.9576 -1.219634
1.255924 2.224976 1.012614 115.6432 -103.1713 -30.33414
