0.2638701 -0.4591949 0.2823808 9.209543 -32.8466 47.21104
0.2838897 -0.4325835 0.3136308 8.728626 -33.77789 49.1347
0.291458 -0.4032866 0.353914 8.171373 -34.55652 50.87516
0.2943877 -0.3752105 0.3946855 7.888931 -35.40385 52.31791
0.3017119 -0.344937 0.4349687 7.423282 -35.34278 53.36371
0.3136748 -0.3200347 0.4657304 7.820229 -34.99927 53.9973
0.3280791 -0.2943999 0.5057695 8.667557 -34.0527 54.17287
0.3200225 -0.27023 0.5348222 9.614122 -32.80843 53.58508
0.3246611 -0.2499663 0.5616777 11.51488 -31.64812 53.00493
0.3341826 -0.2272612 0.5812089 13.49962 -30.16721 52.05074
0.3334502 -0.2101714 0.5912187 15.64466 -28.57179 50.75302
0.3405303 -0.1881987 0.6151445 17.56069 -27.52599 49.59272
0.3441924 -0.1838042 0.6373613 19.65229 -26.16721 48.1576
0.338333 -0.1610991 0.6527421 22.34695 -24.43438 46.1347
0.3485869 -0.1593901 0.6654375 25.53779 -23.25881 43.30264
0.3478545 -0.1506011 0.6766679 28.40801 -21.80079 41.17287
0.3424834 -0.1567046 0.7013261 31.07977 -20.29698 39.01257
0.3524932 -0.1618315 0.7113359 34.07977 -18.61759 36.75302
0.3502959 -0.1632964 0.7381914 37.34695 -16.38095 34.67669
0.3532256 -0.1830718 0.7435625 40.61412 -14.19774 32.60799
0.3065947 -0.1952788 0.775789 43.29351 -13.17484 31.05073
0.3334502 -0.2328765 0.8295 44.05687 -10.24354 30.82936
0.35054 -0.2541167 0.8402422 46.60649 -2.602321 29.73775
0.3351592 -0.2609527 0.794832 51.36221 -0.5870534 28.24921
0.3026885 -0.2804839 0.7377031 54.28588 -1.426748 27.85989
0.3022002 -0.2936675 0.7501543 57.43855 1.153404 27.46295
0.2919463 -0.2865874 0.714998 58.11794 4.000733 27.45531
0.2765654 -0.2814605 0.6708086 56.48435 3.649588 28.57745
0.2746123 -0.285855 0.6573808 55.0187 3.512183 29.74539
0.2675322 -0.2821929 0.6700761 54.04924 4.397679 30.40951
0.2616729 -0.2831695 0.6649492 53.41565 4.786993 31.28737
0.2526397 -0.2712066 0.6686113 53.03397 4.832794 32.066
0.282669 -0.2104155 0.713289 50.82786 5.901496 33.05073
0.2853545 -0.1994292 0.7406328 50.46908 6.863328 32.80646
0.2924346 -0.1715972 0.7691972 50.64465 8.084702 32.34081
0.3014678 -0.1405913 0.7997148 50.55305 9.664854 31.37134
0.3095244 -0.1315581 0.8319414 50.56832 11.85569 30.40188
0.3109893 -0.1188628 0.8544024 50.67519 14.21447 29.66142
0.31929 -0.1090972 0.8719805 51.77443 15.90913 29.19577
0.3314971 -0.06905811 0.9051836 52.56068 18.58088 27.19577
0.3334502 -0.05147998 0.9183672 51.33168 20.32898 25.69195
0.3019561 -0.009731934 0.9723223 53.49962 25.19921 22.32554
0.3620147 -0.03146045 0.9632891 48.72099 29.31371 22.55455
0.399124 -0.01095264 0.9825762 49.72099 32.67249 20.47821
0.4345244 0.02786572 1.018709 50.9271 35.57325 18.44768
0.4508819 0.06204541 1.069734 56.84313 40.19157 14.21867
0.4489287 0.1128267 1.102449 61.36985 45.55035 8.760656
0.4503936 0.03982861 1.166902 63.24771 49.28318 6.027832
0.5836944 0.08499462 1.196932 58.8126 60.36715 5.371344
0.5443877 0.1333345 1.23282 59.01107 67.46638 2.081266
0.5116729 0.1933931 1.216219 52.05687 76.38241 0.1805038
0.5314483 0.181186 1.224764 50.59885 82.35951 -1.827129
0.5375518 0.1623872 1.223055 53.17137 88.87859 -1.498886
0.6366729 0.2283052 1.217684 56.77443 99.38241 -5.475985
0.669876 0.3799165 1.171053 59.62175 105.6725 -13.33095
0.6659698 0.4214204 1.203768 63.46908 109.8862 -18.07141
0.7399444 0.4751313 1.192781 59.04924 124.6038 -30.55995
0.7013701 0.4858735 1.164217 61.84313 129.3595 -36.63629
0.7130889 0.5420259 1.135408 62.67519 139.2679 -44.10957
0.7140655 0.5954926 1.108797 68.43855 148.9931 -54.0714
0.7226104 0.6816743 1.051668 76.36221 157.7565 -65.31568
0.7206573 0.7180512 1.000398 84.6981 167.0771 -80.21645
0.7209014 0.740268 0.8951738 90.30878 175.9626 -93.30042
0.7348174 0.7607759 0.7567461 94.00344 183.6725 -105.7737
0.7304229 0.7693208 0.6190507 97.35458 190.161 -119.2851
0.7272491 0.7500337 0.4691484 100.9729 194.8481 -132.6058
0.7077178 0.7241548 0.3490312 105.5149 198.329 -146.0485
0.6901397 0.6758149 0.1966875 110.9958 202.3442 -160.1248
0.6708526 0.6164887 -0.00253129 113.9805 202.9855 -172.4607
0.6769561 0.5451997 -0.2015059 117.6065 200.5427 -183.7508
0.7711944 0.4204438 -0.3899825 121.5225 200.5656 -191.392
0.650833 0.4255708 -0.5376875 119.5989 189.558 -204.3844
0.6291045 0.3042329 -0.5752852 122.1714 170.7946 -215.9035
0.5861358 0.1948579 -0.5752852 119.3928 155.932 -222.3997
0.5641631 0.0842622 -0.5752852 117.5073 139.7717 -226.6668
0.5402373 0.04959424 -0.5752852 113.5836 121.7641 -228.9951
0.5468291 -0.04781787 -0.5752852 109.4615 102.7717 -228.9951
0.6586455 -0.7975738 0.5196855 -31.41641 38.05417 -69.03324
0.7052764 -0.9037749 0.2516191 -26.46221 16.80226 -49.89584
0.6996612 -0.8988921 0.2352617 -31.01183 14.43585 -45.8195
0.690628 -0.8998687 0.2311113 -34.85916 12.13814 -42.64392
0.6886748 -0.8820464 0.2220781 -38.36298 9.367146 -39.01797
0.6813506 -0.8566558 0.1957109 -42.64542 6.61142 -35.78133
0.6703643 -0.8324859 0.1957109 -46.75993 3.580885 -33.18591
0.6688994 -0.8110015 0.1927812 -51.17214 0.1534045 -30.68209
0.6557158 -0.7870757 0.1981523 -54.88206 -3.190107 -28.25461
0.6571807 -0.7819488 0.1998613 -58.05 -6.472549 -26.25461
0.6476592 -0.7655913 0.2064531 -60.9584 -10.32751 -23.8195
0.6396026 -0.7348296 0.2267168 -62.21031 -13.28934 -22.98744
0.6474151 -0.7226226 0.2274492 -65.44695 -16.96873 -21.7508
0.6522979 -0.7170074 0.2394121 -67.0958 -20.44202 -20.62866
0.6610869 -0.7182281 0.2516191 -69.05 -24.42675 -19.8653
0.6881866 -0.7277495 0.2762773 -69.96603 -27.34278 -18.81186
0.7189483 -0.7340972 0.2853105 -69.80573 -30.74736 -18.14011
0.7597198 -0.7399566 0.3058183 -68.68359 -33.77789 -17.1172
0.8017119 -0.7516753 0.352205 -67.17213 -36.58705 -16.07141
0.831253 -0.7421538 0.385164 -66.65305 -38.47255 -14.66683
0.8490752 -0.7404449 0.4347246 -65.72939 -39.8695 -13.46835
0.8585967 -0.7323882 0.4977129 -65.48512 -39.87713 -12.15537
0.8546905 -0.7301909 0.5223711 -65.13397 -38.58705 -10.75843
0.8637237 -0.7318999 0.5524004 -63.9584 -37.18247 -9.903465
0.8983916 -0.7636382 0.5453203 -57.69122 -34.19011 -9.506519
0.9066924 -0.6750152 0.5567949 -66.78282 -34.36568 -6.262245
0.8473662 -0.6693999 0.5860918 -65.74466 -34.44965 -6.491251
0.8419951 -0.650357 0.5826738 -69.08817 -31.04507 -5.216442
0.8568877 -0.6825835 0.5824296 -66.48512 -28.86186 -4.682091
0.8439483 -0.6596343 0.5680254 -70.1874 -29.41148 -3.086672
0.8371123 -0.6405913 0.5641191 -72.69885 -28.49545 -2.170641
0.8253936 -0.6371734 0.563875 -74.75992 -27.77789 -1.033237
0.8073272 -0.6408355 0.5668046 -76.85152 -27.04507 -0.04087067
0.7924346 -0.6408355 0.5575273 -77.79046 -26.59469 0.5011139
0.7829131 -0.6454741 0.5575273 -78.13396 -26.70156 1.211039
0.7694854 -0.64523 0.5484941 -78.51565 -26.83896 1.760656
0.765335 -0.6359527 0.5585039 -78.95076 -27.09851 2.821726
0.7665557 -0.6464507 0.5558183 -78.50801 -27.47255 3.783558
0.7643584 -0.6515777 0.5470293 -76.98893 -27.77026 4.340809
0.7755889 -0.6632964 0.5550859 -74.82862 -28.08324 5.066
0.7975616 -0.6737945 0.5650957 -71.50038 -28.47255 6.180504
0.7880401 -0.6674468 0.5821855 -68.20267 -28.90767 7.233939
0.7753448 -0.6737945 0.5856035 -64.75229 -28.0756 7.333176
0.7719268 -0.6869781 0.5738847 -61.43168 -28.1214 8.844626
0.7582549 -0.6969878 0.5714433 -58.26374 -27.92293 10.36371
0.7516631 -0.6881988 0.5648515 -55.92786 -27.01453 12.50875
0.7367705 -0.6918609 0.5377519 -52.41641 -26.74736 14.0202
0.7248076 -0.6784331 0.5216386 -50.29428 -26.41912 15.73776
0.7060088 -0.6613433 0.4933183 -50.06527 -26.51072 17.67669
0.7042998 -0.6540191 0.4745195 -51.26374 -26.59469 20.47058
0.6818389 -0.6391265 0.4530351 -54.21031 -27.1214 23.21867
0.6723174 -0.6076324 0.4210527 -59.05 -28.17484 26.1347
0.6618194 -0.6025054 0.4049394 -65.33244 -29.48018 29.43241
0.6584014 -0.5829741 0.4027421 -72.51565 -30.80079 33.066
0.652542 -0.5678374 0.3824785 -78.80573 -31.80843 35.75302
0.6286162 -0.5780913 0.3832109 -86.15687 -33.67866 39.63089
0.6493682 -0.5387847 0.3917558 -92.49274 -35.46492 42.18814
0.6361846 -0.5458648 0.4144609 -95.20267 -38.31224 44.45531
0.6046905 -0.5400054 0.4205644 -103.0882 -39.93056 47.77592
0.6527862 -0.5265777 0.4347246 -99.50038 -40.26644 48.62325
0.6544951 -0.504605 0.4515703 -101.2103 -44.57178 49.54692
0.6930694 -0.4955718 0.4808671 -100.3248 -47.0069 50.47821
0.7230987 -0.5165679 0.5321367 -97.2332 -47.03743 50.53165
0.7526397 -0.508023 0.5577714 -92.12634 -47.27407 50.34844
0.7646026 -0.504605 0.6058671 -88.56908 -47.22827 50.82936
0.7797393 -0.4977691 0.6503007 -84.87443 -45.31224 51.02783
0.7724151 -0.4787261 0.6908281 -80.51565 -42.22827 51.35608
0.7699737 -0.4474761 0.7084062 -76.29427 -38.76262 51.62325
0.7553252 -0.4338042 0.7235429 -72.06526 -34.90003 51.53165
0.7533721 -0.4010894 0.7045 -66.85152 -31.35041 51.41714
0.7199248 -0.3683745 0.6810625 -62.27137 -27.09851 51.0431
0.7096709 -0.2763335 0.6131914 -58.53092 -22.94583 48.92096
0.6891631 -0.2448394 0.5497148 -54.37825 -23.70156 46.27211
