0.6400908 -0.6298491 0.6053789 -90.84389 -52.8924 -17.39202
0.3932647 0.1562837 0.7032793 70.05687 40.29844 -25.19354
0.6625518 0.4089692 0.7264726 133.179 89.1534 -118.621
0.6757354 0.4411958 0.6952226 136.2706 94.57325 -128.1706
0.6920928 0.5024751 0.6300371 139.408 99.65722 -139.7737
0.7038116 0.5002778 0.5699785 141.5683 104.3671 -152.163
0.697708 0.4990571 0.5338457 132.6447 109.9702 -159.6821
0.6762237 0.4707368 0.4176347 129.2248 116.5045 -170.5218
0.6710967 0.4577973 0.2916582 125.3622 117.2679 -180.1401
0.6945342 0.4167817 0.1485918 121.7134 119.0618 -190.2164
0.6789092 0.3833344 -0.01156449 118.6294 117.9626 -200.2699
0.6364287 0.4387544 -0.1155684 110.1179 111.1152 -209.9874
0.7216338 0.2568696 -0.2622969 128.7744 128.7794 -224.8119
0.6896514 0.2961762 -0.4424727 108.2248 107.9778 -228.9951
0.6581573 0.1972993 -0.5428145 100.4309 94.71828 -228.9951
0.626419 0.05618603 -0.5752852 84.95763 92.42058 -228.9951
0.5895537 -0.03707568 -0.5752852 63.49961 82.67249 -228.9951
0.5810088 -0.1527983 -0.5752852 46.14847 68.0618 -228.9951
0.5858916 -0.289273 -0.5752852 40.36221 58.08471 -228.9951
0.579544 -0.3542144 -0.5752852 38.78969 47.0618 -228.9951
0.5312041 -0.4963042 -0.5752852 29.14084 33.13814 -228.9951
0.5436553 -0.6430327 -0.5752852 29.9729 20.39005 -228.9951
0.5116729 -0.7614409 -0.5752852 30.11794 6.222106 -228.9951
0.5028838 -0.8471343 -0.5752852 32.52252 -10.57942 -228.9951
0.485794 -0.9084136 -0.5752852 32.83549 -25.38858 -228.9951
0.4982451 -0.9843413 -0.5752852 32.07214 -42.48018 -228.9951
0.5126494 -1.052456 -0.5752852 32.93473 -57.76262 -224.3233
0.5436553 -1.102505 -0.5752852 34.29351 -72.14431 -217.6363
0.5561065 -1.121548 -0.5752852 34.0874 -85.64812 -210.7813
0.5819854 -1.134244 -0.5752852 31.72863 -98.48782 -203.7813
0.5971221 -1.140103 -0.5752852 29.98817 -109.0145 -195.8348
0.621292 -1.153287 -0.5752852 29.15611 -121.0145 -189.2623
0.6562041 -1.135953 -0.5752852 27.8355 -129.7626 -181.5294
0.6786651 -1.126187 -0.5752852 27.73626 -137.671 -174.4836
0.706253 -1.105191 -0.5291426 27.8355 -145.7245 -167.9569
0.7404326 -1.067837 -0.4466231 25.33168 -152.5413 -161.1554
0.7709502 -1.036099 -0.3599532 20.49199 -157.7397 -154.9416
0.800003 -1.013394 -0.2662032 14.59886 -161.7703 -148.7432
0.8107451 -1.016568 -0.2266524 9.072138 -163.5489 -143.3615
0.8078155 -1.006314 -0.1761153 -2.317176 -168.0374 -135.3997
0.8251494 -1.02438 -0.09261918 -13.23321 -170.2741 -128.4073
0.8393096 -1.057583 -0.001554728 -22.36298 -169.8695 -121.3615
0.8424834 -1.073941 0.07779098 -31.88206 -169.9764 -114.1477
0.8373565 -1.094449 0.1175859 -39.44695 -168.129 -107.4913
0.8100127 -1.150113 0.1607988 -42.81336 -167.8008 -100.5752
0.791458 -1.172574 0.1886308 -44.56908 -164.4496 -93.8653
0.7575225 -1.205044 0.2147539 -48.03473 -161.1596 -86.49889
0.7355498 -1.262173 0.2452714 -44.9813 -160.526 -80.41492
0.7360381 -1.305874 0.2460039 -38.68359 -159.9077 -75.67446
0.7240752 -1.336392 0.2430742 -30.59198 -159.2359 -69.0027
0.7248076 -1.356656 0.2547929 -19.72176 -159.7245 -63.50652
0.7248076 -1.322232 0.2511308 -6.286641 -159.3962 -59.09431
0.7099151 -1.330777 0.2594316 4.140839 -161.6634 -53.19354
0.7138213 -1.302701 0.277498 16.24771 -162.7626 -48.35385
0.7252959 -1.260464 0.3085039 27.07214 -164.3046 -43.33095
0.7301787 -1.204556 0.3419511 35.77443 -164.5031 -38.81186
0.7265166 -1.144498 0.3707597 40.76679 -164.0832 -33.51415
0.7248076 -1.113003 0.3907793 42.13321 -163.3275 -28.46072
0.7162627 -1.086392 0.4298418 44.10267 -162.6481 -23.30805
0.7553252 -1.124722 0.4310625 47.20954 -158.9077 -20.9569
0.702835 -1.028287 0.4957597 46.33931 -162.5947 -13.09431
0.7082061 -0.9740874 0.5531328 44.69809 -155.8237 -7.06377
0.7099151 -0.9528472 0.5658281 43.07977 -151.4725 -1.850031
0.6857451 -0.9340484 0.5704668 38.70572 -147.5947 3.417145
0.6452178 -0.92648 0.5646074 33.76679 -142.9611 8.47058
0.6278838 -0.9330718 0.532625 30.88893 -139.9993 12.94386
0.6234893 -0.9320952 0.499666 30.73626 -139.4802 17.56218
0.6317901 -0.9220855 0.4925859 33.21717 -137.381 20.34081
0.6254424 -0.9145171 0.4564531 37.51488 -136.2512 21.73012
0.6083526 -0.9345366 0.4403398 44.72863 -135.9 22.22631
0.5922393 -0.971646 0.4044511 54.46908 -135.6481 22.47821
0.577835 -0.9916656 0.3675859 64.91183 -136.4725 22.92096
0.5688018 -1.030972 0.3236406 76.20954 -137.1901 22.86753
0.5565948 -1.085171 0.2970293 87.49199 -139.2664 23.98203
0.5546416 -1.133999 0.2772539 99.32405 -141.5413 25.55455
0.5509795 -1.184781 0.2550371 109.7897 -143.7932 27.30264
0.5597686 -1.210415 0.2523515 119.5912 -146.0298 30.12707
0.5585479 -1.239956 0.2438066 127.6218 -149.1825 34.30264
0.565628 -1.254117 0.2345293 131.5302 -150.8237 39.02783
0.5453643 -1.257779 0.2413652 131.5072 -153.1748 43.95913
0.5456084 -1.292935 0.2567461 130.3317 -155.0909 50.24157
0.5399932 -1.316128 0.2525957 128.3927 -157.3351 56.05836
0.5534209 -1.362027 0.2626054 126.4462 -158.9 62.77592
0.5648955 -1.4194 0.2833574 121.6981 -160.442 71.39424
0.5502471 -1.423306 0.3412187 117.0645 -161.9916 79.63852
0.2492217 -0.5768706 0.3202226 -24.92023 -37.80079 40.88279
0.3700713 -0.4211089 0.5907304 -68.27901 -40.60995 71.16524
0.3681182 -0.4176909 0.5907304 -66.67596 -38.74736 70.41714
0.3664092 -0.4115874 0.5926836 -64.31718 -37.21301 69.9744
0.3671416 -0.4032866 0.5768144 -60.43932 -35.91529 69.066
0.3620147 -0.3915679 0.5978105 -53.73703 -34.57942 67.14997
0.3581084 -0.3400542 0.5880449 -50.64542 -32.39621 65.61562
0.3361357 -0.3551909 0.5814531 -50.04237 -31.14431 65.00493
0.3495635 -0.3417632 0.5782793 -43.72939 -30.67866 62.58508
0.3515166 -0.322232 0.5851152 -39.20267 -28.80843 60.2263
0.3502959 -0.3034331 0.5878007 -37.37825 -27.15957 58.51638
0.3424834 -0.3127105 0.5753496 -34.68359 -25.9153 56.34081
0.3368682 -0.3034331 0.5836504 -31.72176 -24.60232 54.47058
0.3354033 -0.2946441 0.5758379 -30.0271 -23.0527 52.87516
0.3249053 -0.3029449 0.5843828 -28.50801 -21.94583 51.79119
0.3275908 -0.2946441 0.5890214 -28.0271 -20.09087 50.44768
0.3249053 -0.298062 0.588289 -29.62252 -18.26644 49.60799
0.3219756 -0.3041656 0.58658 -31.75992 -16.29698 49.40188
0.3080596 -0.3256499 0.5878007 -32.61489 -14.15957 48.60035
0.2941436 -0.3393218 0.5821855 -32.16451 -12.10614 48.21104
0.2938994 -0.3427398 0.5655839 -31.24847 -10.21301 47.77592
0.2890166 -0.3510406 0.5565507 -30.63015 -8.434381 47.21867
0.2831572 -0.3647124 0.5379961 -30.14924 -7.442015 47.65379
0.2836455 -0.3686187 0.5179765 -29.88206 -5.945832 47.40188
0.2743682 -0.3700835 0.4920976 -30.14924 -5.373313 47.65379
0.2765654 -0.3725249 0.4723222 -30.82862 -4.900031 48.0889
0.275833 -0.3788726 0.4815996 -31.08817 -4.900031 48.60799
0.2729033 -0.377896 0.4659746 -30.96603 -4.464916 49.30264
0.2731475 -0.3644683 0.4501054 -30.35534 -4.38858 49.53165
0.2628936 -0.3610503 0.4606035 -29.30954 -4.457283 49.77592
0.2570342 -0.3590972 0.449373 -27.66832 -4.411481 49.63089
0.2555693 -0.3444488 0.4483964 -26.10344 -4.17484 49.33318
0.2438506 -0.3393218 0.4584062 -25.05763 -3.79316 49.51638
0.2414092 -0.3515288 0.4437578 -23.94313 -3.022168 49.2263
0.2357939 -0.3432281 0.4430254 -23.0958 -3.029802 48.98203
0.227249 -0.3520171 0.4444902 -22.21794 -3.129038 49.21867
0.2284697 -0.3544585 0.4305742 -21.78283 -3.129038 49.76066
0.2179717 -0.3669097 0.4247148 -21.38588 -3.403847 50.08127
0.2140654 -0.3700835 0.4208086 -21.14924 -3.861863 50.85989
0.2064971 -0.3783843 0.4266679 -21.38588 -4.518351 51.60799
0.2038115 -0.3810699 0.4208086 -21.85153 -5.380947 52.89806
0.209915 -0.3822906 0.4193437 -21.97366 -6.144305 53.87516
0.2104033 -0.3891265 0.4269121 -21.27137 -6.671023 54.94386
0.2130889 -0.3835113 0.4420488 -20.52328 -7.197741 55.58508
0.2152861 -0.3713042 0.4559648 -19.29428 -8.205374 56.55455
0.227249 -0.3671538 0.4645097 -19.50038 -8.510717 57.27974
0.2245635 -0.3573882 0.4732988 -19.0729 -8.396214 57.81409
0.2338408 -0.3434722 0.4950273 -19.04237 -8.9611 58.50111
0.2362822 -0.33273 0.5106523 -18.38588 -8.991633 58.9973
0.2387236 -0.331021 0.5294511 -16.94313 -8.609955 58.93623
0.2516631 -0.3258941 0.5306718 -15.34008 -8.136671 59.16524
0.2475127 -0.3078277 0.5445879 -13.21794 -7.296977 58.54691
0.2548369 -0.2756011 0.5497148 -11.89733 -7.235909 58.76829
0.2575225 -0.2604644 0.5741289 -12.0042 -6.518351 58.39424
0.2553252 -0.2492339 0.5758379 -11.33244 -5.197741 58.26447
0.2572783 -0.2331206 0.5831621 -10.27137 -4.434381 57.60799
0.2506865 -0.2126128 0.5790117 -9.011832 -3.457283 56.89806
0.2519072 -0.1967437 0.5929277 -9.05 -2.228275 56.40951
0.2436064 -0.1791655 0.5792558 -9.202672 -0.6939237 55.78355
0.2472686 -0.1637847 0.5731523 -10.46985 0.2908092 55.53165
0.2377471 -0.1579253 0.572664 -12.76756 1.328977 55.44005
0.2394561 -0.1423003 0.5577714 -16.34771 2.359511 55.45531
0.2345732 -0.133023 0.5565507 -19.59962 3.092336 55.38661
0.2301787 -0.1249663 0.5416582 -23.35534 4.145771 55.49348
0.2353057 -0.124478 0.5321367 -27.10344 4.298443 55.79119
