1.59182 0.3282944 0.6382998 104.7838 -254.2429 251.6963
1.655785 0.3695542 0.7174014 109.8067 -254.2429 251.6963
1.647729 0.4440171 0.7752627 105.5777 -254.2429 251.6963
1.620141 0.4825913 0.8377627 98.196 -254.2429 251.6963
1.563256 0.5343491 0.9161319 90.18073 -254.2429 251.6963
1.540063 0.5961166 0.9759463 81.65401 -254.2429 251.6963
1.48977 0.6381088 1.041376 71.81432 -254.2429 251.6963
1.483666 0.7013412 1.120478 65.31814 -254.2429 251.6963
1.425072 0.770433 1.263544 57.00516 -254.2429 251.6963
1.422143 0.702562 1.295526 67.37157 -254.2429 251.6963
1.215111 1.358324 1.823603 11.97463 -254.2429 251.6963
1.40017 0.9200912 1.672968 -16.04064 -254.2429 251.6963
1.401391 1.004808 1.806513 -31.90324 -254.2429 251.6963
1.343041 1.01555 1.764521 -41.76583 -254.2429 233.8871
1.107934 1.12932 1.875849 -57.30782 -254.2429 218.9711
1.086449 1.020433 2.027704 -52.8727 -254.2429 209.9787
1.186791 1.072679 2.101923 -66.76583 -254.2429 183.1008
1.067895 1.02849 2.059443 -65.90324 -254.2429 190.4978
1.057152 0.8405014 2.218378 -30.43759 -237.0979 156.0092
0.6145254 1.373949 2.481562 -60.10171 -208.5253 116.91
0.7414785 1.114183 2.451532 -81.01011 -234.1971 144.8337
0.8908926 1.092943 2.586542 -104.1551 -193.9681 110.4825
0.6147695 1.039964 2.45373 -118.5674 -193.7009 114.994
0.6098867 0.8763901 2.462519 -126.1399 -167.7849 96.89475
0.3088613 0.7889877 2.695673 -97.42995 -148.1208 65.81078
0.2426992 0.575853 2.82873 -67.90324 -138.0902 43.89475
0.3093496 0.5834213 2.824091 -43.97194 -132.9223 41.60467
0.1911856 0.6327377 2.836298 -28.26965 -127.6857 36.92529
1.134301 -0.0642837 -0.06165135 -64.8269 246.0243 -233.3801
0.6516347 -0.5591568 0.01012599 47.13493 -115.762 128.4215
0.6135488 -0.5623306 -0.06165135 50.32577 -120.304 130.4367
0.561791 -0.5574478 -0.06165135 51.34104 -126.1437 133.3146
0.5068594 -0.5628189 -0.06165135 50.80669 -132.1589 136.4138
0.4634023 -0.5672134 -0.06165135 48.34867 -139.6246 140.994
0.4092031 -0.5850357 -0.06165135 45.32577 -147.3879 146.2612
0.3650136 -0.594313 -0.06165135 41.72272 -155.7925 150.5283
0.3303457 -0.6077408 -0.06165135 36.86012 -165.304 155.4673
0.3122793 -0.628981 -0.06165135 32.85249 -175.7086 161.4291
0.2658926 -0.6648697 -0.06165135 27.32577 -187.8841 167.2383
0.2461172 -0.7063736 -0.06165135 22.76089 -200.5101 172.5665
0.2444082 -0.734938 -0.06165135 17.2189 -214.0139 178.5512
0.2605215 -0.7888931 -0.06165135 13.1502 -228.6551 185.681
0.2802969 -0.8152603 -0.06165135 11.53188 -243.1208 191.2841
0.2895742 -0.8074478 -0.06165135 10.70745 -254.2429 196.368
0.3645254 -0.8162369 -0.06165135 11.3334 -254.2429 202.307
0.4231191 -0.833815 -0.06165135 11.90592 -254.2429 206.3528
0.4809804 -0.8306412 -0.06165135 15.18073 -254.2429 210.3909
0.556664 -0.7949966 -0.06165135 17.08913 -254.2429 214.8718
0.6384511 -0.7940201 -0.06165135 19.95936 -254.2429 218.2001
0.7175527 -0.7898697 -0.06165135 24.60822 -254.2429 221.3451
0.7903066 -0.7627701 -0.06165135 29.36394 -254.2429 223.7421
0.8486563 -0.7483658 -0.06165135 34.51661 -254.2429 225.6505
0.9011465 -0.7361588 -0.06165135 40.76852 -254.2429 227.0169
0.9724356 -0.7127213 -0.06165135 48.50898 -254.2429 227.6505
1.041527 -0.7041763 -0.06165135 56.1731 -254.2429 229.1925
1.071557 -0.7075943 -0.06165135 64.73035 -254.2429 229.3146
1.128686 -0.7029556 -0.06165135 74.41737 -254.2429 230.2917
1.141625 -0.7085709 -0.06165135 82.63112 -254.2429 231.9863
1.192895 -0.6944107 -0.06165135 92.18837 -254.2429 232.6428
1.239281 -0.6472916 -0.06165135 98.28761 -254.2429 236.4978
1.248803 -0.6262955 -0.06165135 107.4174 -254.2429 238.1696
1.264184 -0.6016373 -0.06165135 114.3868 -254.2429 237.7344
1.322045 -0.6004166 -0.06165135 122.8907 -254.2429 234.7955
1.363793 -0.5379166 -0.06165135 132.4021 -254.2429 241.1543
1.357445 -0.5191177 -0.06165135 139.4174 -254.2429 244.0856
1.448754 -0.4605239 -0.06165135 148.2189 -254.2429 243.2306
1.500023 -0.4177993 -0.06165135 157.3563 -254.2429 239.1161
1.619897 -0.344313 -0.06165135 174.8754 -254.2429 233.4215
1.706566 -0.2293228 -0.06165135 185.7151 -254.2429 240.7955
1.803734 -0.3545669 -0.06165135 198.738 -254.2429 232.1467
1.842309 -0.2351821 0.05089748 216.9364 -254.2429 234.0856
1.857934 -0.016188 0.3008975 221.7074 -254.2429 236.223
1.869897 0.05510107 0.5086612 226.5624 -254.2429 242.5741
1.863061 0.03288427 0.6404971 232.1655 -254.2429 225.8642
1.932641 0.2447983 0.7222842 239.738 -254.2429 231.7802
1.956078 0.2113511 0.6627139 249.5319 -254.2429 241.0856
1.791039 0.21306 0.8655948 251.7533 -254.2429 200.0627
1.667748 0.5660873 1.084101 251.7533 -254.2429 211.4367
1.690453 0.8343979 1.200556 237.0739 -254.2429 227.5054
1.693139 1.124925 1.393915 208.6998 -254.2429 229.3222
1.454369 1.026048 1.661737 140.5471 -254.2429 251.6963
1.637963 0.7399155 1.391474 137.9899 -254.2429 243.1314
1.547631 0.9349838 1.642206 105.8525 -254.2429 234.7115
1.448754 0.8351303 1.688349 73.98989 -254.2429 231.3451
1.372582 0.7672592 1.900019 66.93646 -254.2429 236.9329
1.424096 0.3343979 1.770868 73.44028 -254.2429 245.5054
1.293481 0.4723374 2.195185 86.94409 -254.2429 231.8108
1.385277 0.9347397 2.560175 66.83722 -254.2429 210.8108
1.140648 0.2726304 2.364618 57.2647 -254.2429 224.3451
1.094994 0.07463232 2.258661 74.28761 -251.304 216.0245
1.112816 0.09098974 2.534296 112.3792 -242.5024 199.5207
0.8645254 0.03801122 2.564569 139.8678 -240.9223 175.8337
1.168725 0.6417709 2.783075 96.39448 -155.9605 113.3451
1.113793 0.9235092 2.878046 7.463175 -179.6322 97.09322
0.7763906 0.9808823 3.165155 -53.14751 -150.4719 106.6505
0.8156973 0.7804428 3.388056 -137.3155 -98.59405 138.7115
0.5827871 0.4642807 3.295038 -116.9643 -86.72382 124.4978
0.4641347 0.6551987 3.45495 -110.1857 -124.6475 131.6505
0.2468496 0.553392 3.268915 -91.19331 -143.2658 134.7497
0.1753164 0.5087143 3.374872 -35.51392 -127.4872 130.8795
0.2998281 0.5455795 3.315302 4.310504 -90.97573 110.8566
0.2107168 0.6017319 3.354853 25.64638 -104.7085 119.8337
0.1523672 0.6908432 3.2987 60.76089 -104.1742 116.4291
0.08522852 0.9655014 3.013056 53.92119 -97.86122 112.0932
0.02858789 1.031908 2.949335 35.01279 -71.1055 106.2383
0.009544924 1.052415 2.828241 25.96699 -51.12076 98.09322
-0.07077734 1.120531 2.788446 14.74562 -45.80779 90.23826
-0.1156992 1.083665 2.741327 3.211267 -41.92992 82.18483
-0.1318125 1.024339 2.734491 -1.31545 -34.04443 75.77261
-0.1689219 1.015062 2.705194 -5.475756 -25.65511 68.52834
-0.1872324 1.020433 2.666864 -15.804 -20.92992 59.83368
-0.1930918 0.9520737 2.645624 -23.9414 -11.80015 50.81841
-0.2167734 0.8842026 2.644403 -29.39178 -5.41084 41.85658
-0.2214121 0.7989975 2.642206 -26.24675 0.9403052 32.14666
-0.2365488 0.749437 2.643671 -20.85744 4.841068 22.6123
-0.2233652 0.7057358 2.609491 -14.52919 10.23802 13.02452
-0.231666 0.6718002 2.612909 -7.323084 15.20748 3.574138
-0.2099375 0.6305405 2.604609 2.470809 18.45176 -5.280824
-0.6550059 0.520433 1.809687 -11.47576 40.00901 -24.83808
-0.799293 0.1046616 1.46789 -1.765832 47.36779 -45.24266
-0.7990489 0.05778661 1.448114 -3.055909 47.24565 -45.16632
-0.8068613 0.06901708 1.46496 -4.368886 45.45176 -43.54036
-0.8061289 0.07243505 1.478632 -6.29255 43.13878 -40.92968
-0.795875 0.0763413 1.492304 -8.8269 42.59679 -38.80754
-0.7907481 0.08586279 1.512812 -11.03301 43.32962 -38.03655
-0.799293 0.1058823 1.537958 -13.49866 43.79527 -36.02128
-0.8017344 0.1246811 1.548212 -15.44522 44.11588 -34.36479
-0.7936778 0.1381089 1.558222 -16.92614 44.78764 -33.62433
-0.785377 0.1478745 1.558222 -17.68186 45.7342 -33.05945
-0.7724375 0.1649643 1.54455 -17.42995 47.03954 -33.48693
-0.7743906 0.1754624 1.533808 -15.84217 48.26092 -34.6854
-0.78025 0.1708237 1.513788 -13.74293 49.46702 -36.31136
-0.7917246 0.1700913 1.473017 -12.52156 50.12351 -37.11288
-0.7912364 0.1644761 1.448358 -11.42995 50.77237 -38.28846
-0.7924571 0.1681382 1.424921 -11.10171 51.34489 -39.60907
-0.8158945 0.1605698 1.393183 -11.52919 51.52046 -40.41823
-0.8366465 0.1403061 1.365106 -11.67423 50.41359 -40.89151
-0.8361582 0.1205307 1.34289 -12.59026 49.8258 -40.35716
-0.8246836 0.09147802 1.316278 -12.7353 50.74183 -41.38006
-0.8259043 0.1027085 1.303583 -15.57499 51.7113 -42.18159
-0.8222422 0.06169286 1.267938 -16.06354 50.03191 -39.05182
-0.8429941 -0.08723291 1.276239 -7.796367 46.48229 -37.95258
-0.8488535 -0.01057276 1.27453 -10.27728 47.04718 -40.56327
-0.8320078 -0.02766261 1.223017 -16.42232 44.02428 -34.90678
-0.8417734 -0.07160792 1.221552 -19.88797 41.40596 -31.05182
-0.8281015 -0.04572901 1.245478 -26.23148 40.55099 -28.34953
-0.853248 -0.08210596 1.244501 -30.02537 38.40596 -24.62434
-0.8437265 -0.09602198 1.241083 -29.9185 36.38305 -21.51747
-0.8461679 -0.1226333 1.253046 -29.7811 34.36015 -19.86861
-0.8466562 -0.08064112 1.283808 -27.88033 32.93267 -18.67014
