1.172317 -0.04757373 1.067293 -8.866794 -11.28934 30.56218
1.173782 -0.03683154 1.061922 -10.01947 -11.35805 30.70722
1.17012 -0.04806201 1.076326 -10.51565 -10.83896 30.23394
1.175735 -0.03854053 1.073396 -11.03473 -10.71682 30.19577
1.176712 -0.03878467 1.077059 -11.21794 -10.42675 29.83699
1.176712 -0.04244678 1.085359 -10.95076 -10.06034 29.90569
1.176224 -0.03854053 1.089266 -10.53092 -9.396214 29.39425
1.178665 -0.03243701 1.088045 -10.13397 -8.739725 28.92096
1.185257 -0.0287749 1.092928 -10.61489 -8.129038 28.83699
1.188187 -0.02926318 1.103182 -10.83626 -7.205374 28.57745
1.189896 -0.02779834 1.10074 -12.08817 -6.251175 28.50875
1.19136 -0.02853076 1.100984 -12.46221 -5.113771 28.01257
1.19722 -0.02608936 1.094881 -13.19504 -3.907664 27.60798
1.196243 -0.02608936 1.112459 -13.56908 -2.419115 27.03547
1.198685 -0.01925342 1.111482 -13.53855 -0.8236947 26.36371
1.202591 -0.02169482 1.111727 -13.15687 0.6877558 25.34081
1.202347 -0.02120654 1.112947 -12.9355 2.351878 24.20341
1.198929 -0.01412647 1.120271 -13.0042 4.245008 23.27211
1.195999 -0.01803271 1.11075 -12.42405 6.260274 22.09653
1.199905 -0.01363818 1.112703 -11.96603 8.412947 21.0202
1.192093 -0.01754443 1.115144 -10.56145 10.38241 19.34844
1.193802 -0.01949756 1.116609 -9.263741 12.42821 17.78356
1.193313 -0.02047412 1.115144 -7.889695 14.51982 16.44005
1.183792 -0.02145068 1.100008 -6.843893 16.50455 15.21867
1.178909 -0.0275542 1.087068 -5.981298 18.32898 13.85989
1.178665 -0.02901904 1.08951 -5.279008 20.07707 12.74539
1.16719 -0.03927295 1.070711 -4.744657 21.64959 12.00493
1.157181 -0.04244678 1.059725 -4.500381 22.74882 11.21867
1.149612 -0.04928271 1.047762 -3.874428 23.80226 10.46295
1.150101 -0.06002491 1.030672 -3.0271 24.41295 9.966763
1.149856 -0.06100147 1.022127 -3.126336 24.95493 10.01256
1.134231 -0.06588428 1.011873 -3.477481 25.60379 9.768291
1.136185 -0.05807178 1.009676 -4.011832 25.58088 10.21104
1.126175 -0.07491748 0.9906328 -4.927863 25.57325 10.17287
1.155716 -0.02047412 1.076326 -14.83626 -27.17484 31.9515
1.168899 -0.07149951 1.123445 -5.828626 -15.01453 17.76066
1.173538 -0.07052295 1.114412 -5.889695 -13.29698 17.47058
1.171097 -0.07784717 1.105379 -5.897328 -11.8924 16.98966
1.169876 -0.09176319 1.102937 -6.485115 -10.37331 16.69195
1.179886 -0.09689014 1.100984 -7.072901 -9.243542 16.9515
1.174026 -0.1068999 1.100252 -7.660687 -7.678657 17.07363
1.175247 -0.1134917 1.099764 -8.034733 -6.274076 17.16524
1.172562 -0.1127593 1.086336 -7.958397 -4.907664 17.53928
1.175735 -0.1198394 1.076814 -8.011832 -3.464916 17.80646
1.175247 -0.1247222 1.070711 -7.988932 -2.258809 18.20341
1.173538 -0.124478 1.054598 -7.988932 -0.9992672 18.64615
1.176468 -0.133023 1.053377 -8.332443 0.4511144 19.20341
1.176712 -0.1310698 1.042879 -8.263741 1.725924 19.59272
1.173294 -0.1342437 1.044344 -7.775191 2.855695 19.82936
1.172317 -0.1327788 1.030916 -6.897328 3.977832 20.1576
1.166702 -0.1347319 1.018709 -6.126336 5.260275 20.37134
1.165237 -0.1347319 1.015535 -5.469848 6.099969 20.50875
1.168899 -0.1259429 1.011385 -4.843893 7.290809 20.40951
1.164505 -0.1249663 0.9991777 -4.133969 8.054169 20.70722
1.164505 -0.1247222 0.9916094 -3.64542 8.619053 20.72249
1.162552 -0.1203276 0.9884356 -2.111069 9.0389 20.43241
1.157425 -0.122769 0.984041 -0.06526709 9.145771 19.85226
1.158157 -0.1144683 0.9740313 1.148473 9.474016 19.67669
1.144729 -0.1039702 0.9654863 -2.095802 9.298443 21.01257
1.129837 -0.107144 0.9652422 -4.05 9.016001 21.60035
1.121536 -0.1076323 0.9642656 -5.85916 8.771725 22.55455
1.110794 -0.1115386 0.9486406 -7.042367 8.351877 23.20341
1.101272 -0.1132476 0.9547441 -8.279008 7.550352 24.02783
1.108353 -0.1051909 0.9491289 -9.889694 7.359512 25.26447
1.111526 -0.09835499 0.9432695 -11.43168 6.619053 26.1805
1.123733 -0.08663624 0.9361895 -12.46221 6.298442 26.58508
1.139114 -0.07589405 0.9449785 -13.26374 5.9931 27.22631
1.146927 -0.06686084 0.9317949 -13.59962 6.443481 27.0431
1.164993 -0.06026905 0.9217852 -13.32481 6.626687 26.76829
1.181106 -0.04659717 0.9188555 -12.31718 6.649588 25.69195
1.196976 -0.04098193 0.9156816 -11.53855 6.756458 25.08127
1.203079 -0.03854053 0.9173906 -10.66069 6.939664 23.77592
1.211868 -0.04000537 0.9134844 -9.43168 7.084702 22.38661
1.202835 -0.03829639 0.9325274 -8.355344 7.50455 21.24921
1.201858 -0.03976123 0.9308184 -7.202672 8.458748 20.14997
1.203812 -0.04610888 0.9435137 -5.973664 9.328978 19.1347
1.195267 -0.05856006 0.9476641 -5.042367 10.02363 18.37134
1.181595 -0.06002491 0.9513262 -4.164504 10.56562 17.91333
1.173538 -0.07369678 0.9659746 -3.004199 11.64195 17.1118
1.160843 -0.07735889 0.9623125 -1.500382 12.51982 16.63852
1.159622 -0.081021 0.9808672 0.278244 13.26791 16.31791
1.151077 -0.07809131 0.9798906 1.278244 13.63432 15.9744
1.143997 -0.08224171 0.9769609 2.499618 14.53508 16.00493
1.136429 -0.07784717 0.9815996 2.54542 14.83279 16.1347
1.126907 -0.07760303 0.9818438 2.35458 15.20684 16.91333
1.124222 -0.08614796 0.9872149 1.514885 15.36714 17.41714
1.114212 -0.08932178 0.9806231 1.385114 15.55798 17.98966
1.105667 -0.07931201 0.9728106 0.9805341 15.85569 19.03547
1.096878 -0.08419483 0.9708574 0.5301523 15.57325 19.75302
1.09346 -0.07272022 0.9628008 0.117939 15.03127 20.48585
1.088333 -0.07174366 0.9584063 -0.05000019 14.45875 21.55455
1.08931 -0.0744292 0.956209 -0.6454201 13.82516 22.25684
1.081741 -0.06148975 0.9625566 -1.691222 13.04653 23.0202
1.077347 -0.04928271 0.9591387 -3.294275 11.93966 23.78356
1.066849 -0.04537646 0.9623125 -5.149237 11.22211 24.45531
1.057083 -0.03439014 0.9606035 -7.309542 10.38241 25.09653
1.068802 -0.02950732 0.968416 -8.935496 9.901497 25.19577
1.064407 -0.02486865 0.9657305 -9.286641 8.924397 24.83699
1.079056 -0.02047412 0.9842852 -8.691221 8.359512 23.83699
1.069534 -0.01095264 0.9920977 -7.065267 8.115236 22.37898
1.07637 -0.01022022 0.9972246 -4.882061 7.626687 20.90569
1.077835 -0.007046387 1.002107 -1.927863 8.168673 18.53928
1.082718 -0.00436084 1.00992 1.125573 9.069435 15.94386
1.09053 0.008090332 1.010164 4.27061 9.970198 13.08127
1.093948 0.006381348 1.003572 7.117939 10.63432 10.47058
1.111771 0.008090332 0.9952715 9.54542 11.29081 7.806458
1.116409 0.001498535 0.9869707 12.53779 12.1076 4.707222
1.131302 -0.01241748 0.9754961 17.70572 12.16867 2.050734
1.139358 -0.01730029 0.966707 22.48435 12.95493 -1.521786
1.13887 -0.009243652 0.9564531 25.17137 12.57325 -3.750793
1.148392 -0.01119678 0.944002 25.96527 12.06944 -5.80423
1.152298 -0.01388232 0.9383867 24.55305 11.78699 -7.109573
1.150833 -0.01900928 0.9330156 22.07214 11.1305 -7.827129
1.15181 -0.03951709 0.9234941 18.36985 9.115236 -7.689726
1.168167 -0.06148975 0.9300859 15.27061 7.489282 -7.346214
1.166214 -0.08175343 0.9464434 14.55305 6.168672 -7.369114
1.160599 -0.09347218 0.9493731 13.69809 4.306077 -6.903465
1.166702 -0.1015288 0.9584063 11.95 2.321343 -6.132473
1.166214 -0.1042144 0.9547441 9.148474 0.4205801 -4.796595
1.170853 -0.1054351 0.98575 5.095038 -1.022168 -3.079039
1.172317 -0.101773 0.9969805 0.4232821 -1.915298 -1.498886
1.165726 -0.1130034 1.017977 -2.149237 -3.121405 -0.8042297
1.190628 -0.1003081 0.9435137 -9.660687 -16.67102 50.92096
1.217972 -0.03634326 1.05533 -6.553817 -24.13667 65.2263
1.21553 -0.03927295 1.065584 -5.324809 -23.83133 65.1805
1.207718 -0.03121631 1.072176 -3.958397 -24.04507 65.03547
1.204788 -0.02657764 1.065828 -3.477481 -24.04507 65.0202
1.206741 -0.01607959 1.079256 -3.431679 -24.0756 65.14997
1.193069 -0.01217334 1.076814 -3.805725 -23.80843 65.20341
1.199661 -0.01022022 1.083162 -4.576717 -23.8695 65.60799
1.203567 -0.01485889 1.08658 -6.141603 -23.8466 65.72249
1.200149 -0.00826709 1.098543 -7.340076 -23.90767 66.27974
1.198929 0.001010254 1.106111 -8.889695 -24.0527 66.40188
1.190628 0.0007661134 1.103182 -9.64542 -23.69392 66.21104
1.191849 0.01077588 1.124666 -10.33244 -23.86186 66.24157
1.182327 0.01077588 1.116121 -11.31718 -23.27408 65.93623
1.18306 0.01614697 1.119051 -12.06527 -22.83896 65.40188
1.178909 0.012729 1.13199 -12.20267 -22.59469 64.67669
1.19014 0.01834424 1.138582 -12.79809 -21.83133 63.90569
1.191116 0.01785596 1.136629 -12.63015 -21.43438 62.9515
1.184036 0.03274853 1.148103 -13.64542 -20.60995 62.10417
1.186966 0.0349458 1.147859 -14.88969 -20.10614 61.28738
1.187698 0.04104932 1.153475 -15.89733 -19.31224 60.18814
1.183792 0.04300244 1.158357 -16.74466 -18.41912 58.8828
1.177933 0.04397901 1.173494 -17.24847 -16.97637 57.24921
1.167923 0.05032666 1.1774 -17.21031 -15.59469 55.61562
1.170853 0.05398877 1.179842 -16.83626 -14.65576 53.86752
1.162308 0.05350049 1.181062 -16.59199 -13.14431 51.89043
1.166214 0.04910596 1.174959 -16.34008 -11.35805 50.0431
1.167679 0.05545361 1.180574 -15.74466 -10.0527 47.9973
