0.5436553 -0.4677398 0.6083086 -43.40878 -8.808428 26.89806
0.5395049 -0.462857 0.6048906 -41.66069 -7.587053 26.44768
0.5302276 -0.4555327 0.5816972 -40.52328 -6.289343 26.62325
0.5238799 -0.4535796 0.576082 -39.60725 -5.457283 26.53165
0.5189971 -0.4572417 0.5599687 -38.57672 -4.49545 26.61562
0.5163116 -0.4711577 0.54825 -36.97366 -4.121405 26.65379
0.5001983 -0.4523589 0.5304277 -36.94313 -3.274076 26.90569
0.4906768 -0.443814 0.5301836 -35.87443 -3.480183 26.73012
0.4918975 -0.4377105 0.5065019 -37.37061 -3.266443 27.76829
0.4833526 -0.4272124 0.5045488 -37.54618 -2.930565 28.34844
0.4657744 -0.443814 0.4820879 -38.28664 -2.754992 29.09653
0.4606475 -0.4440581 0.4779375 -38.48512 -3.632855 30.0889
0.5653838 -0.7336089 0.2933671 75.77443 -103.7932 -63.39965
0.5355987 -1.254849 0.3048418 111.721 -144.8924 32.77592
0.5312041 -1.235074 0.3368242 116.8431 -144.6252 37.50111
0.5434112 -1.193814 0.3475664 115.3164 -143.9687 42.30264
0.5575713 -1.20065 0.3504961 128.2401 -146.6252 43.88279
0.5504912 -1.169888 0.3592851 131.2782 -145.6634 47.38661
0.5426787 -1.160855 0.3617265 135.1714 -145.4039 49.93623
0.5451201 -1.169644 0.3602617 135.5836 -145.3122 53.84463
0.5453643 -1.162808 0.3504961 133.263 -145.5641 57.98203
0.5631866 -1.240201 0.3473222 139.8279 -147.1214 60.38661
0.5663604 -1.23605 0.3504961 145.1866 -147.2054 62.95913
0.5565948 -1.269498 0.3490312 151.2553 -148.4191 65.80646
0.5580596 -1.298794 0.3385332 154.7897 -150.3504 69.75302
0.5788116 -1.326626 0.3639238 159.9271 -151.2054 73.92096
0.5890655 -1.352749 0.3690507 160.9653 -151.1748 79.24921
0.5998076 -1.36813 0.3819902 161.6752 -152.129 85.35607
0.6388701 -1.345914 0.390291 162.637 -151.9611 90.31791
0.6269073 -1.348355 0.4000566 161.4309 -152.7626 96.93623
0.6422881 -1.362515 0.4313066 157.7439 -153.2283 103.9591
0.6608428 -1.356167 0.468416 154.866 -153.7168 110.3942
0.6725616 -1.343716 0.5074785 150.2706 -152.6558 117.3713
0.6642608 -1.341519 0.5299394 146.6523 -153.3122 123.9897
0.6754912 -1.349087 0.5729082 145.6217 -153.1748 129.6843
0.6842803 -1.342984 0.6261308 145.9424 -153.8084 134.9286
0.7038116 -1.342251 0.6764238 149.3088 -152.8848 139.3637
0.7143096 -1.336148 0.7135332 154.1103 -151.8084 143.2339
0.7221221 -1.323697 0.7569902 158.095 -149.7321 147.524
0.7191924 -1.306607 0.8097246 164.6065 -147.442 151.3942
0.8666533 -1.557828 0.633455 183.3393 -136.5184 145.6156
0.7313994 -1.284878 0.7308671 170.179 -160.8848 153.6461
0.7079619 -1.256802 0.9740313 171.4156 -146.6176 158.15
0.7458037 -1.277554 0.9501055 183.1637 -133.8695 162.6385
0.728958 -1.234097 0.9024981 181.866 -130.5947 169.211
0.7318877 -1.222867 0.9471758 182.1332 -127.1596 173.5927
0.7331084 -1.19772 0.9576738 185.5836 -121.5718 177.6614
0.735794 -1.153042 0.9293535 179.3698 -115.0145 183.0278
0.7294463 -1.112271 0.9200762 173.1714 -112.6481 188.8446
0.7272491 -1.081265 0.9117754 166.1332 -108.7016 193.7301
0.7238311 -1.057583 0.9183672 156.8355 -103.9077 199.379
0.7074737 -1.038296 0.9115313 148.5149 -102.0985 204.2721
0.6979522 -1.012906 0.9159258 142.2706 -99.35042 208.3255
0.6867217 -0.9809234 0.9325274 136.1561 -96.51836 212.0431
0.6737823 -0.9818999 0.9098223 133.2095 -94.50309 214.8217
0.6757354 -0.9228179 0.9234941 130.0874 -96.48782 218.1118
0.669876 -0.7677886 0.9750078 104.9042 -88.32751 223.1347
0.6291045 -0.9447906 0.9645098 114.0645 -91.73973 222.8065
0.6591338 -0.8332183 0.9967363 109.3851 -90.984 224.1194
0.659378 -0.8456695 1.069978 112.2477 -88.86186 224.4477
0.6676787 -0.8363921 1.095125 118.1256 -85.95347 222.9057
0.6356963 -0.8117339 1.085848 120.1561 -88.34278 223.7149
0.6405791 -0.7651031 1.16324 128.3698 -87.69392 220.837
0.6459502 -0.7602202 1.266023 138.5759 -81.67866 218.3179
0.6234893 -0.8068511 1.249178 149.2324 -75.44202 213.0507
0.6278838 -0.7392241 1.323152 160.7286 -73.02217 212.2339
0.6151885 -0.6999175 1.351717 169.7973 -64.79316 210.15
0.6071319 -0.6762359 1.376863 177.5759 -57.31988 206.9973
0.5998076 -0.643521 1.362459 187.8355 -51.0298 203.44
0.590042 -0.6093413 1.365633 196.5607 -46.17484 200.1423
0.5866241 -0.5934722 1.349031 206.1179 -39.40385 196.6461
0.5531768 -0.5617339 1.355379 216.5454 -31.36568 193.6385
0.5214385 -0.4994781 1.31241 218.9882 -23.42675 191.4019
0.4843291 -0.438687 1.244539 213.9958 -17.06797 190.692
0.4599151 -0.4027984 1.203279 202.8584 -13.0298 190.6843
0.4418487 -0.3705718 1.168123 189.5759 -9.373313 191.4324
0.4228057 -0.3678863 1.150789 176.3927 -5.205374 191.3332
0.3896025 -0.3554351 1.126375 166.805 -2.816061 191.7836
0.373001 -0.353482 1.12198 153.2248 -0.6099543 192.0202
0.3295439 -0.3554351 1.119295 140.095 1.161038 191.8752
0.31929 -0.3573882 1.13907 139.2477 0.886229 189.4706
0.3175811 -0.336148 1.162752 136.7668 2.619053 188.2797
0.2995147 -0.2924468 1.183748 133.4385 4.283175 186.9515
0.303665 -0.2038237 1.220857 119.0874 8.39768 187.4935
0.2309111 -0.2787749 1.23282 116.7057 7.74119 185.8217
0.2279814 -0.3056304 1.271883 114.5912 6.80226 183.5011
0.2189482 -0.2143218 1.348055 117.8737 13.61142 178.3332
0.228958 -0.219937 1.364168 121.6523 16.43585 174.2492
0.2421416 -0.1564605 1.392488 125.095 19.18394 169.9744
0.2201689 -0.1381499 1.393709 129.4767 21.52745 165.6003
0.19429 -0.07223194 1.463533 136.5912 24.22211 157.7225
0.18721 -0.03439014 1.500154 145.8966 30.16104 150.3255
0.1718291 -0.007534668 1.488924 151.1485 36.97783 141.753
0.1688994 0.003939941 1.482576 159.9729 42.18394 131.9286
0.1718291 0.01614697 1.488436 169.9042 47.9931 122.2721
0.1459502 0.02371533 1.479402 178.0111 55.64959 113.0126
0.1183623 0.01785596 1.436678 180.3164 64.00836 104.4019
0.08857716 -0.01583545 1.370516 181.1408 68.9015 97.74538
0.05805957 -0.0563628 1.318514 179.3393 72.90913 92.066
0.5363311 -0.6164214 0.3707597 0.3011451 -5.17484 27.37898
0.5993194 -0.4711577 0.4808671 -5.843893 -9.220641 30.72249
0.5927276 -0.4599273 0.4877031 -7.072901 -9.419115 29.70722
0.5885772 -0.4496734 0.4989336 -9.378244 -9.373313 29.26447
0.5758819 -0.4572417 0.5148027 -11.19504 -9.732092 28.85226
0.5766143 -0.4606597 0.5316484 -13.66069 -9.335145 28.11943
0.5775908 -0.4765288 0.5567949 -15.77519 -8.754992 28.09653
0.5722198 -0.4914214 0.557039 -16.06527 -8.067969 27.69195
0.5683135 -0.5002105 0.5836504 -14.40114 -7.503084 27.17287
0.5619658 -0.5136382 0.5807207 -11.40114 -6.754992 26.37134
0.5614776 -0.5124175 0.5843828 -7.882061 -5.907664 25.63852
0.557083 -0.5102202 0.5812089 -5.057633 -4.953465 24.91333
0.5539092 -0.5129058 0.5897539 -3.721756 -4.045069 24.66905
0.5338897 -0.5114409 0.5690019 -2.744657 -3.472549 24.14997
0.5351104 -0.5070464 0.544832 -2.85916 -2.884763 24.18814
0.5182647 -0.5087554 0.5296953 -3.904962 -2.68629 24.20341
0.5114287 -0.5155913 0.52408 -5.080534 -2.961099 24.42478
0.5075225 -0.5295074 0.5065019 -5.004199 -3.38858 24.78356
0.5050811 -0.5314605 0.4874589 -4.737023 -4.17484 25.50111
0.4972686 -0.5204741 0.4850175 -4.630153 -5.426748 25.79119
0.4809112 -0.5107085 0.48575 -5.683588 -6.525985 26.22631
0.4733428 -0.5041167 0.4869707 -7.935496 -7.541252 26.71486
0.46846 -0.5190093 0.4974687 -10.82863 -8.243542 27.40951
0.4872588 -0.5043609 0.5196855 -13.42405 -10.02217 28.18814
0.4716338 -0.5356109 0.5055254 -23.05763 -8.442015 31.2034
0.4777373 -0.5622222 0.511873 -25.28664 -10.43438 33.0202
0.5004424 -0.5553863 0.5401933 -28.98893 -11.79316 35.56218
0.4831084 -0.549771 0.5555742 -33.34008 -10.64812 37.67669
0.4867705 -0.5400054 0.5892656 -33.41641 -11.17484 38.01257
0.5006866 -0.521939 0.5887773 -36.79809 -11.64812 40.1347
0.5036162 -0.5048491 0.5970781 -39.0042 -11.71682 41.33318
0.5126494 -0.487271 0.6236894 -41.01183 -10.9382 42.30264
0.5307158 -0.4640777 0.6346757 -39.97367 -9.686291 42.2263
0.513626 -0.4445464 0.6529863 -45.04237 -8.113771 43.48585
0.5207061 -0.4399077 0.650789 -43.57672 -7.693923 42.95913
0.5260772 -0.4193999 0.6561601 -45.32481 -6.350412 41.91333
0.5121612 -0.4779937 0.6654375 -28.50038 -7.999267 35.85989
0.4897002 -0.3805816 0.6832597 -48.34008 -2.968733 41.24157
0.4643096 -0.4147613 0.6534746 -43.72176 -2.213008 39.93623
0.4740752 -0.4037749 0.6434648 -42.19504 -2.442015 39.12707
0.4940948 -0.3903472 0.635164 -45.0729 -1.151939 39.66905
0.4955596 -0.4006011 0.6168535 -41.21794 -0.556519 38.02783
0.4921416 -0.4062163 0.6004961 -40.24847 -0.09087014 37.61562
0.4862823 -0.4098784 0.5858476 -36.68359 -0.6557558 36.1576
0.4918975 -0.4086577 0.5765703 -32.90496 -1.106137 34.82936
0.4989776 -0.4186675 0.5646074 -29.08817 -1.098504 33.67669
0.5077666 -0.4140288 0.5746171 -26.9813 -1.648122 33.066
0.5158233 -0.4040191 0.5736406 -26.40878 -1.930565 32.98203
0.5246123 -0.400357 0.5809648 -26.0042 -1.47255 32.58508
0.5314483 -0.3820464 0.6083086 -27.63779 -0.556519 32.27211
0.5368194 -0.3769195 0.6134355 -30.1416 -0.2740763 32.66905
