0.809147 -1.329406 1.630778 269.6508 -218.7896 226.0552
0.8589517 -0.7686152 1.523112 269.6508 -191.9041 233.6124
0.6016274 -0.9392694 1.673503 269.6508 -195.843 220.9789
0.6375161 -0.7964472 1.625651 269.6508 -154.9346 251.0628
0.6133462 -0.5711054 1.512614 269.6508 -140.6446 251.8109
0.7359048 -0.4382929 1.40861 269.6508 -128.3927 251.8109
0.7732583 -0.4563593 1.364421 254.7806 -115.2782 251.8109
0.7703286 -0.4041132 1.326823 237.147 -100.8202 251.8109
0.7808267 -0.3394159 1.260417 224.5898 -89.54535 251.8109
0.7852212 -0.2617792 1.222575 213.5898 -78.70565 251.8109
0.7634927 -0.2722772 1.131511 206.5669 -66.33923 251.8109
0.6756021 -0.1487421 1.051433 194.0249 -63.88885 251.8109
0.6370278 -0.03936707 0.9845381 185.2081 -58.72855 251.8109
0.6814614 0.03631653 0.9000654 175.3073 -55.05679 251.8109
0.6868325 0.1185919 0.8016768 165.0478 -55.67511 251.8109
0.6599771 0.1522833 0.7318525 159.8493 -56.04916 251.8109
0.684147 0.2142951 0.6515303 155.3531 -58.04916 251.8109
0.7134439 0.2064826 0.5980635 155.4218 -60.1942 251.8109
0.7456704 0.188172 0.5026045 159.5898 -62.90412 251.8109
0.7642251 0.3092657 0.4811201 164.0554 -68.65221 251.8109
0.7793618 0.3595587 0.4474287 173.4142 -70.88123 251.8109
0.7788735 0.2938849 0.34196 181.2005 -72.40794 251.8109
0.8164712 0.2597052 0.201335 195.8799 -81.16367 251.8109
0.8399087 0.2265021 0.13029 213.315 -87.78198 251.8109
0.885563 0.3920294 0.0333662 219.147 -94.9881 251.8109
0.9080239 0.4481817 -0.009114265 220.628 -104.4843 251.8109
0.9363442 0.5106817 0.01334667 229.0249 -112.095 251.8109
0.9693032 0.6215216 0.01920605 234.0249 -119.4537 251.8109
0.9934731 0.809754 0.06510448 243.3684 -119.4003 251.8109
0.7688638 0.9647833 0.09488964 235.7654 -163.3163 251.8109
0.6721841 0.8527227 0.2665205 247.7272 -131.6446 251.8109
1.251774 1.657166 -0.2605791 201.1776 -149.011 251.8109
1.228825 1.381531 -0.06526661 213.8799 -160.7362 251.8109
1.302555 1.610047 -0.03011036 186.0402 -167.5301 251.8109
1.254948 1.688904 0.06388378 162.8341 -175.698 251.8109
1.336491 1.747254 0.1185713 146.2539 -186.9652 251.8109
1.434879 1.747742 0.2643232 140.2157 -196.6522 251.8109
1.589909 1.757752 0.2987471 140.9486 -202.1789 251.8109
1.571354 1.863953 0.4176435 128.2997 -211.698 251.8109
1.698795 1.839295 0.5653486 131.6356 -224.1484 251.8109
1.754948 1.992859 0.6976728 142.3989 -228.2247 251.8109
1.759342 2.032899 0.871501 142.2386 -220.2934 251.8109
1.916081 2.010194 0.9886885 161.8951 -219.9652 251.8109
1.931706 2.055604 1.159831 179.1165 -219.4308 251.8109
2.030094 2.023621 1.210612 208.8646 -214.9957 251.8109
2.097233 2.10785 1.236735 231.231 -213.5988 251.8109
2.151676 2.178406 1.26945 269.6508 -202.2858 251.8109
2.15485 2.224976 1.29069 269.6508 -195.5606 251.8109
2.118229 2.224976 1.227214 269.6508 -177.7056 251.8109
1.909977 2.224976 1.076335 269.6508 -182.2858 251.8109
1.770573 2.224976 1.135905 269.6508 -199.0721 251.8109
2.0965 2.224976 1.283854 233.6051 -212.9957 251.8109
2.289799 2.224976 1.413493 214.5745 -137.8202 240.0934
1.432682 2.224976 1.410319 122.002 -124.6751 181.8338
1.441715 2.224976 1.575358 74.28444 -107.3163 157.185
1.394108 2.224976 1.579265 40.42948 -95.14076 128.33
1.38361 2.224976 1.547038 21.24627 -83.38504 94.49792
1.385075 2.224976 1.556315 -13.55525 -72.3774 63.32998
1.400211 2.224976 1.613444 -34.12014 -59.02626 26.03227
1.391911 2.224976 1.645427 -40.89113 -48.83542 -12.86849
1.402409 2.224976 1.668864 -41.09724 -37.03389 -55.93719
1.420719 2.224976 1.683513 -48.05907 -24.40794 -99.31887
1.525944 2.224976 1.672771 -35.60869 -6.423206 -144.9296
1.568668 2.224976 1.576579 -46.92167 7.050076 -185.1967
1.66193 2.224976 1.554118 -51.19648 19.01954 -227.4486
1.828434 2.224976 1.395671 -61.40258 38.43939 -248.4563
1.85944 2.224976 1.259685 -78.45601 46.37832 -248.4563
1.884342 2.224976 1.201579 -106.6469 51.77526 -248.4563
1.909733 2.224976 1.246013 -116.311 65.85161 -248.4563
1.909733 2.224976 1.116374 -120.4026 77.43176 -248.4563
1.930241 2.224976 1.034099 -108.8682 87.98901 -248.4563
1.969303 2.224976 0.9064131 -112.4255 93.29436 -248.4563
2.032047 2.224976 0.8671064 -118.5094 100.2256 -248.4563
2.153141 2.164979 0.795085 -125.1659 109.0043 -248.4563
2.192692 1.874451 0.7372236 -137.1354 119.8974 -248.4563
2.264225 1.718934 0.6236982 -163.8453 127.5386 -248.4563
2.289799 1.759705 0.5543623 -200.7614 135.0654 -248.4563
2.289799 1.645691 0.543376 -225.2346 142.5921 -248.4563
2.289799 1.531678 0.5819502 -230.6163 159.2715 -248.4563
2.289799 1.303406 0.5494795 -230.6163 178.3631 -248.4563
2.289799 1.186951 0.4681807 -230.6163 196.3401 -248.4563
2.289799 1.069275 0.38029 -230.6163 218.6379 -248.4563
0.6299478 -1.774963 0.7948408 87.84933 -269.1713 85.75746
0.7332192 -0.6267694 1.339274 100.5592 -126.1484 251.8109
0.77277 -0.5813593 1.350993 105.7272 -124.1026 251.8109
0.7422524 -0.6382441 1.34904 118.8264 -117.2095 251.8109
0.7100259 -0.6213984 1.345378 123.9562 -111.9576 251.8109
0.7112466 -0.6379999 1.332194 131.9104 -106.9423 251.8109
0.6907388 -0.6694941 1.335124 131.8035 -102.6675 251.8109
0.6953774 -0.6499628 1.301677 139.0936 -96.1026 251.8109
0.7088052 -0.5906366 1.252604 144.2692 -90.85069 251.8109
0.7290689 -0.5630487 1.197917 148.0173 -88.06442 251.8109
0.7388345 -0.5388788 1.191569 152.4142 -85.84305 251.8109
0.7505532 -0.5227655 1.173503 155.9257 -81.94992 251.8109
0.80402 -0.5132441 1.143229 157.3531 -78.66748 251.8109
0.8809243 -0.5525507 1.083171 160.5058 -75.25526 251.8109
0.8413735 -0.5269159 1.119304 161.4906 -71.96519 251.8109
0.9422036 -0.5830683 0.975749 169.7577 -66.81252 251.8109
1.052067 -0.3467401 0.9471846 162.8875 -69.59114 251.8109
1.107243 -0.3320917 0.9015303 168.7348 -62.64458 251.8109
1.171452 -0.2686151 0.7762861 163.1394 -62.2629 251.8109
1.203678 -0.2647089 0.732585 157.7348 -64.38504 251.8109
1.283756 -0.1702264 0.6901045 158.9867 -60.42321 251.8109
1.333073 0.07708801 0.6156416 146.2463 -59.88885 251.8109
1.384831 0.08392395 0.5316572 159.1165 -57.83542 251.8109
1.479801 0.2240607 0.418376 161.0936 -65.88885 251.8109
1.559635 0.275086 0.3260908 147.0173 -57.95756 251.8109
1.648502 0.5282598 0.2154951 148.8035 -65.41557 251.8109
1.631168 0.7296759 0.1422529 135.4218 -72.40031 251.8109
1.68317 0.7538458 0.1686201 139.9333 -78.58351 251.8109
1.963444 1.046326 0.1847334 115.6661 -88.54535 251.8109
1.763737 0.9494024 0.1749678 111.1318 -72.07206 251.8109
1.717594 1.272645 -0.00325489 97.00963 -95.16367 251.8109
1.882877 1.336121 -0.104085 86.31497 -105.6446 251.8109
1.936588 1.52118 0.02115917 83.80353 -113.0339 251.8109
2.037663 1.625672 -0.01961231 67.61269 -126.0263 251.8109
2.100651 1.627137 0.01896191 64.28444 -134.4614 251.8109
2.14069 1.713563 0.05924511 55.76536 -146.3927 251.8109
2.17902 1.768983 0.1236982 55.77299 -155.9118 251.8109
2.248356 1.786072 0.1647139 67.002 -171.9041 251.8109
2.222965 1.942322 0.1940107 82.81116 -191.3316 251.8109
2.289799 2.079774 0.2372236 88.96384 -202.3316 251.8109
2.289799 2.224976 0.4042158 105.5745 -198.469 251.8109
2.289799 2.224976 0.6144209 133.4447 -207.7438 251.8109
2.289799 2.224976 0.6446943 166.689 -214.4385 251.8109
2.289799 2.224976 0.7062178 194.1012 -222.7514 251.8109
2.289799 2.224976 0.8436689 214.9333 -219.8201 251.8109
2.289799 2.224976 0.8610029 243.7959 -217.3621 251.8109
2.289799 2.224976 0.9127607 252.8341 -223.7056 251.8109
2.289799 2.224976 0.9972334 247.7654 -223.9041 251.8109
2.284489 2.224976 0.9647627 231.9104 -228.7209 251.8109
2.289799 2.224976 1.12028 222.8646 -202.9041 251.8109
2.083073 2.224976 1.380534 206.0783 -207.6675 251.8109
2.034733 2.224976 1.217204 199.773 -198.1331 251.8109
1.916081 2.224976 1.363688 164.1699 -194.5377 243.5514
1.839176 2.224976 1.549235 145.918 -190.1789 201.872
1.588444 2.224976 1.70988 110.8188 -173.5453 160.5972
1.495426 2.224976 1.720866 77.99437 -157.5224 122.162
1.436344 2.224976 1.79069 64.86459 -151.1637 77.42159
1.459782 2.224976 1.865886 42.52872 -139.9194 29.32998
1.479557 2.224976 1.891521 29.1394 -122.5682 -18.04406
1.483708 2.224976 1.857097 12.53635 -114.24 -64.60131
1.578678 2.224976 1.788981 9.147038 -96.99573 -113.1509
1.644108 2.224976 1.688396 30.75772 -78.49954 -166.8914
1.634586 2.224976 1.461833 55.34551 -73.53008 -211.0211
1.669254 2.224976 1.256755 52.68902 -69.32397 -245.441
1.713444 2.224976 1.199626 47.55162 -61.91175 -248.4563
1.676579 2.224976 1.161296 15.0249 -55.20947 -248.4563
1.712711 2.224976 1.118327 -6.059069 -49.63695 -248.4563
1.792057 2.224976 1.217204 -5.349146 -47.2858 -248.4563
