0.1127471 -0.3156402 0.372957 22.69046 2.099969 29.40188
0.1159209 -0.2973296 0.3707597 18.28588 1.458748 30.69196
0.1168975 -0.2870757 0.3758867 16.16374 0.832794 31.40188
0.1120147 -0.2624175 0.3700273 12.50725 0.275542 32.07363
0.1190947 -0.2621734 0.3710039 10.94237 -0.4038473 32.35608
0.1110381 -0.2426421 0.369539 8.48435 -0.984 32.00493
0.1115264 -0.2287261 0.3656328 6.507252 -1.663389 31.64615
0.123001 -0.2365386 0.3524492 2.988168 -2.121405 31.63089
0.1234893 -0.2270171 0.3397539 -0.6377864 -2.938199 31.82936
0.1264189 -0.2323882 0.3397539 -4.660687 -3.785527 32.02783
0.1261748 -0.2353179 0.3302324 -9.271374 -4.449649 32.26447
0.1210479 -0.2475249 0.3380449 -14.19504 -5.419115 33.2263
0.12471 -0.249478 0.3456132 -18.98893 -6.235909 33.9286
0.1256865 -0.2646148 0.322664 -23.59962 -7.28171 35.00493
0.1376494 -0.2751128 0.3231523 -27.46985 -8.403847 35.41714
0.1479033 -0.2773101 0.3292558 -31.12634 -9.632854 36.17287
0.1461943 -0.2817046 0.3463457 -33.82862 -10.93056 36.66142
0.1417998 -0.2853667 0.3470781 -36.20267 -12.03744 37.18814
0.149124 -0.2953765 0.3673418 -37.17214 -12.99163 37.1347
0.1510772 -0.3083159 0.390291 -36.97366 -13.90003 37.34844
0.1584014 -0.3227202 0.4051836 -36.68359 -14.53362 37.59272
0.1674346 -0.3083159 0.4322832 -37.0729 -14.8695 37.98966
0.1759795 -0.3078277 0.4437578 -39.24084 -14.56415 38.45531
0.1762236 -0.317105 0.4584062 -41.96603 -14.25117 39.42478
0.1830596 -0.3180816 0.4728105 -44.20267 -13.76263 40.24157
0.1842803 -0.3200347 0.4982011 -46.45458 -13.44201 40.81409
0.1945342 -0.3329741 0.5072343 -47.97367 -12.72446 41.65379
0.1984404 -0.3312652 0.5172441 -47.24084 -11.9382 41.82936
0.1906279 -0.3183257 0.5318925 -47.27137 -11.15957 41.89806
0.1938018 -0.3283355 0.5477617 -46.87443 -9.922932 42.1805
0.1923369 -0.3363921 0.5533769 -44.21031 -8.945832 42.14233
0.1911162 -0.3305327 0.5646074 -41.58435 -8.052702 42.03547
0.1845244 -0.3337066 0.5641191 -39.17977 -7.121405 42.29501
0.1833037 -0.3229644 0.5572832 -37.69122 -6.220641 42.50111
0.5133819 -0.8510406 0.1832597 71.38512 -136.5794 28.49348
0.5478057 -0.9215972 0.3688066 93.05687 -191.068 131.7149
0.546585 -0.9179351 0.3502519 93.59122 -191.5336 135.15
0.5485381 -0.9228179 0.3419511 92.63702 -191.9382 139.0278
0.5529326 -0.9215972 0.3295 90.59885 -193.4191 143.0431
0.5602569 -0.9220855 0.3175371 88.00344 -194.7626 147.3332
0.5668487 -0.9208648 0.3297441 85.88893 -196.6634 151.6538
0.5775908 -0.9113433 0.3424394 83.8126 -199.3657 156.2339
0.577835 -0.9086577 0.3634355 81.80496 -201.1214 160.1881
0.5932158 -0.8962066 0.4078691 81.07214 -202.4115 163.4477
0.6115264 -0.8390777 0.4291093 78.56832 -200.8008 166.3255
0.6200713 -0.8708159 0.5126054 85.78207 -202.5641 167.7912
0.6015166 -0.8495757 0.5399492 84.68282 -200.8619 169.7454
0.5819854 -0.815396 0.5514238 90.20954 -200.2054 170.1881
0.5636748 -0.8114898 0.5792558 93.79733 -198.5871 170.4248
0.5773467 -0.804898 0.5831621 96.61413 -196.6329 171.4019
0.5746612 -0.7975738 0.5936601 99.36985 -195.2588 171.8217
0.5890655 -0.8131988 0.6009843 102.7973 -194.1901 172.7683
0.5976104 -0.8168609 0.5892656 108.1179 -193.068 173.4858
0.5844268 -0.7958648 0.6017168 116.0721 -192.1214 173.982
0.5583037 -0.7814605 0.5987871 122.8126 -191.61 174.066
0.5297393 -0.7611968 0.6034257 129.5302 -191.9077 174.1042
0.5138701 -0.7367827 0.6139238 134.1485 -191.5336 174.7988
0.5138701 -0.7116363 0.6288164 135.5454 -190.9535 175.8217
0.5146026 -0.678189 0.6488359 134.5912 -190.2741 177.5927
0.5438994 -0.6794097 0.6651933 133.3317 -190.213 179.3408
0.5412139 -0.6647613 0.7042558 132.805 -189.3962 180.7377
0.5351104 -0.6567046 0.7240312 133.492 -188.1443 181.6232
0.529251 -0.6288726 0.7616289 133.4233 -187.5107 182.5851
0.5236358 -0.6318023 0.8097246 134.2248 -187.0145 183.4858
0.5160674 -0.6086089 0.8539141 132.2324 -183.7855 184.921
0.4999541 -0.6078765 0.8751543 132.4462 -181.4268 185.6614
0.4906768 -0.5988433 0.92325 133.1714 -180.2588 186.8446
0.470169 -0.5837066 0.9545 132.5988 -176.7855 187.4095
0.4547881 -0.570523 0.9764727 132.4309 -173.2206 188.7225
0.4184112 -0.5517241 0.9977129 131.0721 -167.9916 189.5546
0.3937529 -0.5348784 0.9872149 130.095 -163.8466 190.2034
0.3659209 -0.521939 0.9725664 127.8431 -161.4496 190.379
0.3488311 -0.5290191 0.9835527 127.095 -159.4344 190.0202
0.324417 -0.5439116 0.9830645 126.7821 -157.2512 189.8294
0.2855986 -0.5292632 1.013582 124.7668 -154.5184 189.2339
0.2736357 -0.5573394 1.020662 122.8737 -151.4115 188.15
0.18721 -0.6142241 1.027986 126.3699 -151.3657 189.15
0.2223662 -0.5741851 1.001619 129.4767 -149.8619 187.1881
0.2313994 -0.6420562 1.009187 138.3088 -150.358 183.7377
0.2638701 -0.6593902 1.022615 146.4004 -149.8695 181.753
0.2960967 -0.6491363 1.031648 155.0874 -149.6023 179.5469
0.3139189 -0.6916167 1.037019 163.3164 -149.4268 178.4935
0.3266143 -0.7287261 1.069734 171.2248 -149.8695 179.3561
0.3222197 -0.7399566 1.088777 184.5988 -147.7855 177.5087
0.3119658 -0.7416656 1.114168 194.7439 -146.3351 178.4324
0.3078154 -0.7350738 1.148103 199.6981 -141.9458 180.8599
0.2379912 -0.7065093 1.18741 201.3927 -137.8695 185.8981
0.2675322 -0.6928374 1.160311 189.6828 -132.1825 192.8752
0.2824248 -0.6925933 1.191805 193.2782 -129.8084 195.9591
0.2536162 -0.674771 1.245516 185.6676 -123.8695 201.6843
0.2418975 -0.5942046 1.223055 177.7515 -117.5871 206.3561
0.2333525 -0.6083648 1.260164 174.2782 -118.3275 213.753
0.2628936 -0.5258452 1.312166 166.5836 -109.4573 219.3561
0.2812041 -0.5270659 1.307771 158.4233 -105.0909 224.692
0.279251 -0.4919097 1.323152 147.263 -100.7855 230.15
0.2426299 -0.5087554 1.373445 135.4233 -95.70156 236.2645
0.2384795 -0.3820464 1.358797 130.1332 -89.93056 239.6156
0.2665557 -0.3747222 1.389803 126.4004 -89.12904 241.2797
0.2321318 -0.3173491 1.428133 128.0492 -81.51836 239.8523
0.2169951 -0.3193023 1.456209 129.2401 -77.06034 240.2187
0.2209014 -0.290982 1.433992 128.6752 -71.88477 239.8294
0.2484893 -0.2492339 1.469393 130.9882 -65.72446 239.0431
0.2284697 -0.2565581 1.445467 132.1408 -63.0527 237.3484
0.1989287 -0.2450835 1.464021 134.5149 -57.91529 236.8675
0.1798857 -0.2135894 1.466463 133.4004 -52.81606 237.4553
0.1601104 -0.1923491 1.471346 130.2935 -49.04507 239.0965
0.1540068 -0.1437651 1.481844 125.7515 -42.01453 237.7607
0.1464385 -0.1259429 1.48868 123.6981 -36.73209 236.6843
0.13179 -0.1120269 1.490877 120.9805 -31.1214 235.921
0.1305693 -0.1110503 1.473543 119.9118 -25.79316 235.4706
0.1325225 -0.09103077 1.470857 118.7897 -20.78553 233.9286
0.1215361 -0.07760303 1.46573 121.0874 -15.78553 232.0813
0.1244658 -0.05294483 1.454256 122.5531 -13.40385 230.0126
0.1249541 0.05667431 1.473055 119.9729 -1.014534 223.1805
0.1227568 0.07596142 1.479402 116.0416 2.397679 221.1729
0.09492481 0.1091645 1.491121 113.0187 6.748825 218.44
0.0822295 0.1142915 1.525057 110.6447 10.83279 216.3332
0.06294239 0.1350435 1.525057 107.0263 15.45875 215.0202
0.03974903 0.158481 1.534822 102.2401 19.59615 213.9744
0.1676787 -0.33273 0.4691484 -8.927863 -6.984 31.94386
0.1969756 -0.2802398 0.525789 -2.309542 -5.289344 23.66905
0.1920928 -0.3058745 0.5223711 -2.164504 -4.350412 22.96676
0.1996611 -0.3117339 0.5267656 -2.828626 -3.167206 22.91333
0.1920928 -0.3227202 0.5355546 -4.737023 -1.785527 22.85989
0.1884307 -0.3476226 0.5231035 -5.164504 -0.8618626 23.36371
0.1801299 -0.3595855 0.5111406 -5.920229 -0.02980161 23.93623
0.1764678 -0.3634917 0.4923418 -6.133969 0.5427175 24.50875
0.1796416 -0.3649566 0.4891679 -7.080534 1.054168 25.47058
0.1842803 -0.3551909 0.4671953 -9.790459 1.733557 26.33318
0.1767119 -0.36398 0.4523027 -11.73702 1.817527 27.27974
0.1757354 -0.3730132 0.447664 -12.68359 1.298443 27.89043
0.1793975 -0.367398 0.4383867 -14.48512 1.779359 28.92096
0.1857451 -0.3652007 0.4227617 -15.23321 1.496916 29.49348
0.1823272 -0.3786284 0.419832 -13.89733 0.9701984 29.71486
0.1728057 -0.3781402 0.4105546 -13.56145 -0.1290381 30.21104
0.1679229 -0.362271 0.4125078 -13.0729 -0.7626259 30.26447
0.168167 -0.3625152 0.405916 -12.79809 -0.8847633 30.39425
0.1701201 -0.3644683 0.4156816 -12.33244 -1.648122 30.42478
0.1657256 -0.3561675 0.4098222 -10.44695 -2.503084 30.47821
0.1547393 -0.3525054 0.43033 -7.660687 -3.213008 29.76066
0.1522979 -0.3544585 0.4352129 -4.45458 -3.510717 28.98966
0.1510772 -0.3478667 0.4237382 -2.767558 -3.961099 28.14997
0.1522979 -0.3395659 0.4278886 -2.477481 -4.838962 28.24157
0.1576689 -0.350064 0.4339921 -2.477481 -4.900031 28.25684
0.150833 -0.3556792 0.4322832 -2.477481 -5.17484 27.98203
0.152542 -0.3603179 0.4444902 -2.530916 -5.136672 28.40188
0.1593779 -0.3710601 0.4591386 -2.966031 -5.319878 28.66905
0.1576689 -0.3708159 0.4508379 -2.75229 -5.258809 28.89043
0.1627959 -0.3612945 0.4603593 -4.080534 -5.457283 29.57745
0.1605986 -0.3647124 0.4676836 -5.660687 -4.907664 30.63089
