-0.6315684 0.2655503 1.647577 -16.15514 -2.464275 -18.75411
-0.6435313 0.270189 1.65954 -12.72003 -1.403206 -20.07472
-0.6376719 0.2643296 1.653192 -9.61316 -1.700916 -20.10525
-0.6325449 0.2552964 1.640985 -5.704763 -0.5787787 -21.54037
-0.6298594 0.2626206 1.624628 -1.903237 0.6654959 -23.44876
-0.6408457 0.2762925 1.627314 2.531878 0.7647328 -25.27319
-0.6342539 0.2884995 1.623896 6.043328 0.6273279 -26.96785
-0.6449961 0.3099839 1.642206 8.844855 1.474656 -28.5938
-0.6432871 0.327562 1.645136 10.92882 1.940305 -29.99838
-0.6376719 0.3392807 1.661737 12.63875 3.154046 -31.21976
-0.6313242 0.3512436 1.679315 14.67692 4.955572 -33.02128
-0.6357188 0.3661362 1.665888 15.54714 7.215115 -34.67777
-0.6279063 0.36931 1.646601 14.34104 9.749465 -36.15105
-0.6457285 0.3597886 1.625849 11.3105 12.14641 -36.83044
-0.677711 0.3375718 1.588739 7.592947 14.17695 -36.67014
-0.7045664 0.3048569 1.547968 3.394473 15.29908 -35.7312
-0.7013926 0.2816636 1.49328 -1.31545 17.16168 -35.41823
-0.7277598 0.2592026 1.46789 -3.681863 16.23801 -35.7312
-0.7243418 0.2391831 1.435663 -7.498656 14.30672 -32.6854
-0.7265391 0.1840073 1.389032 -11.30018 14.87924 -31.92204
-0.7687754 0.185228 1.36706 -11.22385 13.24565 -32.76174
-0.7909922 0.1940171 1.377802 -13.64369 10.95557 -30.65487
-0.7939219 0.1718003 1.381708 -15.19331 9.131145 -29.48693
-0.7848887 0.169603 1.394647 -15.53682 7.680763 -28.41823
-0.7787852 0.1483628 1.420526 -14.24675 6.329618 -28.86861
-0.7709727 0.1566636 1.432978 -12.10934 5.329618 -28.86861
-0.7587656 0.1503159 1.466181 -9.162779 5.245648 -29.65487
-0.7438731 0.1576401 1.486689 -6.788733 4.863969 -30.09762
-0.7428965 0.1537339 1.504267 -3.773466 4.986107 -30.73121
-0.7397227 0.1774155 1.524042 -0.582626 6.054809 -32.01365
-0.731666 0.1820542 1.523554 2.142565 6.894504 -32.86861
-0.7306895 0.1945054 1.516474 4.218901 8.18458 -34.23502
-0.7448496 0.2028061 1.489374 5.684549 8.97084 -35.42586
-0.7577891 0.1993882 1.451776 6.585313 9.299084 -36.09762
-0.7724375 0.1857163 1.415644 6.646381 9.688396 -36.96785
-0.7861094 0.1739975 1.370478 7.944091 8.421221 -37.54036
-0.7961192 0.1654526 1.345819 7.730351 5.947939 -37.10525
-0.7939219 0.1395737 1.317987 7.715084 4.337252 -38.16632
-0.8163828 0.1239487 1.314081 7.799053 2.428855 -38.79227
-0.8107676 0.1058823 1.31286 4.852489 0.6273279 -37.21212
-0.8056406 0.06901708 1.309687 2.371572 1.634962 -37.54036
-0.8246836 0.02775732 1.31286 1.379206 0.7876334 -36.33426
-0.8564219 0.007005363 1.320673 -1.330717 -4.914657 -31.46403
-0.8295664 -0.03010401 1.317987 -2.452855 -8.914657 -28.4564
-0.7948985 -0.04328761 1.35998 -3.971939 -9.62458 -25.4564
-0.8173594 -0.07478175 1.384882 -2.445221 -12.72382 -22.51747
-0.7726817 -0.09187159 1.417108 0.05096185 -13.80015 -19.78464
-0.7726817 -0.06013331 1.473017 -0.3001832 -12.68565 -17.99838
-0.7656016 -0.02888331 1.515497 -1.178046 -13.02916 -14.85334
-0.7526621 -0.009107918 1.534296 -2.239114 -12.64748 -12.34189
-0.7270274 0.02336278 1.557978 -3.620794 -10.80779 -10.98312
-0.7157969 0.05485693 1.580194 -4.964305 -8.94519 -9.891512
-0.7167735 0.07292333 1.59704 -5.903237 -7.952825 -8.387695
-0.7179942 0.09489599 1.608515 -6.788733 -6.678016 -7.089984
0.1440664 0.6915756 2.68786 -13.22385 148.5128 -84.78464
0.1604238 0.6761948 2.632196 -16.9185 156.8334 -89.35716
0.1801992 0.697435 2.623652 -19.77346 163.3449 -93.96021
0.2153555 0.6652084 2.598505 -22.43759 172.8563 -98.48693
0.2439199 0.6735092 2.600214 -23.35362 180.1846 -103.3648
0.283959 0.683519 2.575312 -23.7124 187.1464 -108.9373
0.3352285 0.6847397 2.565546 -23.55209 195.8105 -115.0136
0.3662344 0.6725327 2.550165 -22.7124 204.0014 -121.4182
0.4050527 0.6808334 2.530634 -21.23911 212.5663 -128.4106
0.4553457 0.6705795 2.501337 -19.65896 222.0472 -135.693
0.4936758 0.6576401 2.476923 -18.74293 229.8258 -143.1358
0.5412832 0.6559311 2.445429 -19.12461 238.7266 -150.174
0.6013418 0.6508041 2.403681 -21.17041 246.0243 -157.2045
0.6562734 0.6095444 2.376581 -19.55209 246.0243 -164.9144
0.7119375 0.608812 2.374384 -18.44522 246.0243 -170.8992
0.7668691 0.541185 2.314814 -12.32308 246.0243 -177.6167
0.8232656 0.5030991 2.257441 -10.51392 246.0243 -185.2656
0.8625723 0.4659897 2.227655 -7.758199 246.0243 -191.9678
0.9343496 0.4122788 2.111444 -5.498657 246.0243 -201.6472
0.9790274 0.3876206 2.088984 -6.651328 246.0243 -208.6014
0.9914785 0.2936265 2.0404 -4.865069 246.0243 -212.4335
1.028832 0.2411362 1.968134 -11.43759 246.0243 -215.9297
1.192895 0.1544663 2.004755 -16.33835 246.0243 -216.9144
1.291039 0.1420151 1.647333 -60.96431 246.0243 -221.8304
1.273461 0.07829443 1.725458 -71.57499 246.0243 -223.4564
1.269799 -0.01154932 1.712274 -79.94904 246.0243 -217.235
1.293236 -0.07771143 1.627314 -86.22385 246.0243 -211.4411
1.340111 -0.07771143 1.530878 -93.55972 246.0243 -204.2808
1.352563 -0.08308252 1.458368 -107.9643 246.0243 -195.5709
1.409447 -0.01447901 1.466669 -130.2315 246.0243 -182.6014
1.295434 0.07951513 1.530634 -140.5292 246.0243 -164.6396
1.245629 0.1888901 1.475946 -170.6666 246.0243 -123.1205
1.547387 0.006761223 0.8648623 -178.7658 246.0243 -131.8915
1.195092 -0.5464615 0.8743838 -139.2926 246.0243 -158.8304
1.489525 -0.4073013 0.6961612 -110.7811 246.0243 -199.4869
1.497338 -0.1243423 0.5799502 -82.04064 246.0243 -143.4106
1.615014 -0.05256495 0.5054873 -104.3613 246.0243 -154.1434
1.536645 -0.003980964 0.7589053 -102.3689 246.0243 -153.8686
1.621117 0.1000229 0.7752627 -96.98721 246.0243 -156.3266
1.653344 0.1967026 0.8043155 -93.63606 246.0243 -162.2427
1.684838 0.1542222 0.8204288 -94.75056 246.0243 -165.0976
1.723412 0.1486069 0.9178409 -92.53683 246.0243 -169.4717
1.800561 0.1393296 0.9112491 -91.36888 246.0243 -172.5938
1.913842 0.1600815 0.9346866 -95.47575 246.0243 -175.5404
1.963402 0.1583725 0.9376163 -103.5292 246.0243 -176.174
2.045678 0.138353 0.9454288 -114.2391 246.0243 -175.9526
2.064904 0.07023778 0.9588565 -123.7277 246.0243 -174.8304
2.064904 -0.05793604 0.8748721 -129.5597 246.0243 -171.6167
2.064904 -0.1292251 0.8155459 -133.2697 246.0243 -168.861
2.064904 -0.1941665 0.7388858 -136.5674 246.0243 -163.5556
1.836938 -0.4483169 0.3807315 -118.0788 246.0243 -144.3037
2.034935 -0.3994888 -0.06165135 -127.575 246.0243 -125.2274
1.561547 -0.5996841 -0.06165135 -121.0254 246.0243 -99.17395
1.746117 -0.519606 -0.06165135 -123.9185 246.0243 -99.40296
1.643578 -0.7161392 -0.06165135 -103.4681 246.0243 -102.1816
1.468773 -0.5672134 -0.06165135 -83.56736 246.0243 -98.99075
1.257592 -0.4607681 -0.06165135 -76.9643 246.0243 -93.05182
1.21682 -0.3941177 -0.06165135 -76.23148 246.0243 -89.97548
1.110131 -0.3142837 -0.06165135 -61.76583 246.0243 -94.39532
1.017846 -0.3574966 -0.06165135 -40.15514 246.0243 -94.11288
1.01809 -0.2317642 -0.06165135 -35.804 246.0243 -99.5938
0.8789297 -0.1548599 -0.06165135 -25.53682 246.0243 -104.6014
0.8388906 -0.09626612 -0.06165135 -23.88797 246.0243 -111.9984
0.7412344 -0.1172622 -0.06165135 -11.88034 246.0243 -119.235
0.7082754 -0.1055435 -0.06165135 2.066229 246.0243 -127.2427
0.6262441 -0.1060318 -0.06165135 11.73035 246.0243 -133.9221
0.5825429 -0.1453384 -0.06165135 18.66928 246.0243 -139.0442
0.5302969 -0.2005142 -0.06165135 22.02043 246.0243 -142.1969
0.5068594 -0.2632583 -0.06165135 22.11967 246.0243 -142.6014
0.4685293 -0.3333267 -0.06165135 19.49371 246.0243 -141.0671
0.4878164 -0.4097427 -0.06165135 14.43264 245.1769 -137.7465
0.5088125 -0.4800552 -0.06165135 8.661649 231.4823 -133.6167
0.5434804 -0.5445084 -0.06165135 -0.05590844 218.5968 -125.922
0.6006094 -0.6040787 -0.06165135 -10.39942 207.3449 -117.1969
0.655541 -0.6616959 -0.06165135 -19.36889 197.0853 -108.6778
0.7219472 -0.7342056 0.0006045103 -24.26201 188.2991 -100.6243
0.8276602 -0.7859634 0.1163272 -28.45285 181.2227 -92.56326
0.9038321 -0.838942 0.2073916 -30.47575 175.8029 -84.47929
1.026391 -0.8814224 0.3211612 -34.58263 171.7495 -74.91441
1.138207 -0.9988541 0.3929385 -30.52156 181.1617 -69.17395
1.155297 -1.024245 0.6097354 -17.94904 172.2227 -62.11288
1.256127 -1.020583 0.616083 -5.819267 170.2227 -56.18159
1.262719 -1.021803 0.6766299 5.27997 172.6808 -52.15868
1.291283 -1.045729 0.7195987 20.29524 178.0014 -47.58617
1.277123 -1.022047 0.7193545 32.49371 180.7724 -41.4793
1.252953 -0.9903091 0.6453799 43.43264 182.2533 -36.31136
1.22976 -0.9712662 0.5797061 55.58532 182.3449 -31.40296
1.175561 -0.8506607 0.4752139 60.2418 182.2075 -25.11289
1.092309 -0.7649673 0.3582705 60.05096 180.4823 -17.96785
1.034936 -0.6734146 0.2857608 54.04333 177.3907 -9.723573
-0.5300059 -0.3701919 1.464716 -2.307817 -48.44137 23.00925
-0.6799082 -0.1072525 1.527216 19.95936 2.97084 -6.555633
-0.7018809 -0.1179946 1.482294 22.64638 4.528091 -7.601435
-0.719459 -0.1228775 1.440058 24.79906 5.024275 -8.616703
-0.7468028 -0.1145767 1.384394 25.84486 4.48229 -8.303725
-0.7631602 -0.127272 1.340204 25.22654 3.688397 -7.799908
