1.001419 -0.08663624 0.8385332 -9.355344 5.90913 13.48585
1.004593 -0.09762257 0.834627 -8.874428 5.985466 13.07363
0.9999541 -0.1010405 0.8326738 -8.210305 6.138137 12.64615
1.004593 -0.1093413 0.8309649 -7.279008 6.054168 12.07363
1.004349 -0.1061675 0.810457 -6.523283 5.840428 12.18814
1.001907 -0.1125151 0.8158281 -6.714122 5.703023 12.05837
0.9953155 -0.1134917 0.8065508 -6.737023 5.374779 12.02783
1.002396 -0.1222808 0.8026445 -7.370611 4.848061 12.54692
1.007278 -0.1235015 0.7977617 -7.653054 4.687756 12.80646
1.004104 -0.1332671 0.7962968 -7.714122 4.390046 13.066
0.9999541 -0.131314 0.7984941 -7.607252 3.733557 13.96676
1.004104 -0.1386382 0.7860429 -7.15687 3.298443 14.24921
1.006546 -0.1444976 0.7877519 -6.675954 2.825161 14.79119
1.008011 -0.1425444 0.7796953 -6.45458 2.168672 15.85989
1.008743 -0.1430327 0.7748125 -5.920229 1.764091 16.47058
1.014847 -0.1447417 0.7921464 -5.393512 1.22974 17.23394
1.00972 -0.1398589 0.7787187 -4.889695 0.5808854 17.84463
1.002884 -0.1308257 0.7811601 -4.508016 0.5503511 18.69959
1.006302 -0.1342437 0.7782304 -4.43168 0.1992061 19.31791
1.003616 -0.1237456 0.7838457 -4.149237 0.08470225 19.72249
0.9950713 -0.1266753 0.7794511 -3.996565 -0.113771 20.23394
0.9970244 -0.1220366 0.7828691 -3.546183 -0.2817099 20.78356
0.9955596 -0.1200835 0.775789 -2.988932 -0.243542 21.08127
0.9904326 -0.1166655 0.7706621 -2.385878 -0.6252213 21.23394
0.9953155 -0.1127593 0.7779863 -1.653054 -0.6099543 21.58508
0.9909209 -0.1061675 0.7784746 -0.9889317 -0.8236947 21.64615
0.9970244 -0.1020171 0.7738359 -0.24084 -1.106137 21.50111
0.9867705 -0.100064 0.7728593 0.6904578 -0.9610992 21.59272
0.9911651 -0.1029937 0.7679765 1.904198 -1.510718 21.21104
0.9916533 -0.08517139 0.7650468 2.736259 -1.823695 21.26447
0.9901885 -0.08834522 0.7716386 3.308778 -2.197741 21.16524
0.9904326 -0.08736866 0.7611406 3.904198 -2.640489 21.1118
0.9931182 -0.07491748 0.7679765 5.095038 -2.816061 20.53165
0.9992217 -0.08346241 0.7648027 6.148473 -3.632855 20.41714
1.002151 -0.1056792 0.7782304 9.583588 -4.220641 19.78356
0.9894561 -0.07394092 0.845125 -9.64542 4.12287 19.33318
1.020218 -0.1134917 0.782625 -10.66069 5.275542 16.42478
1.018021 -0.1083647 0.7745683 -10.83626 4.939664 17.0431
1.010452 -0.1073882 0.7796953 -11.08817 4.725924 17.61562
1.008499 -0.09835499 0.7806718 -11.04237 4.596153 17.83699
1.014603 -0.1054351 0.775789 -10.69122 4.237374 18.03547
1.013626 -0.1076323 0.7860429 -10.11107 4.298443 18.19577
1.013138 -0.09566944 0.7845781 -9.920229 3.779359 18.38661
1.010452 -0.09225147 0.775789 -10.77519 3.825161 18.76066
1.010452 -0.09566944 0.7906816 -11.01183 4.016 18.84463
1.011917 -0.1039702 0.7901933 -9.897328 3.710657 19.05837
1.014358 -0.09103077 0.7850664 -9.042366 3.817527 18.79882
1.018265 -0.09127491 0.7906816 -9.15687 3.756458 19.22631
1.017776 -0.100064 0.7857988 -8.935496 3.344244 19.23394
1.007522 -0.09371632 0.8043535 -8.996565 3.573252 19.66905
1.011429 -0.096646 0.7999589 -8.584352 3.367145 19.98966
1.011185 -0.096646 0.8075274 -8.500381 3.328977 20.0202
1.009476 -0.09103077 0.8180254 -8.042367 3.138137 20.47058
1.016312 -0.08858936 0.8109453 -7.973664 2.855695 20.66905
1.008011 -0.08858936 0.8092363 -7.393512 2.825161 21.0431
1.011673 -0.07735889 0.8099688 -8.614885 2.802259 21.25684
1.016312 -0.07491748 0.8065508 -10.34771 2.474015 21.88279
1.020706 -0.07369678 0.8253496 -12.32481 2.161038 22.58508
1.018509 -0.0744292 0.8285234 -12.95076 2.31371 22.68432
1.023392 -0.06075733 0.8204668 -12.90496 2.275542 22.79119
1.015823 -0.06930225 0.8324297 -12.66069 2.374779 22.60035
1.025833 -0.06124561 0.8270586 -12.47748 2.458748 22.31791
1.015091 -0.05416553 0.8392656 -13.1187 2.809893 22.28737
1.01387 -0.05514209 0.8399981 -13.79046 3.107603 22.26447
1.005813 -0.05294483 0.8402422 -14.39351 3.336611 21.93623
0.9948272 -0.04855029 0.8439043 -14.73702 3.848061 21.60798
0.9967803 -0.04977099 0.8509844 -14.52328 4.863328 21.34081
0.9950713 -0.04342334 0.8353594 -16.1645 5.092336 21.38661
0.9987334 -0.04684131 0.8263262 -18.34008 5.145771 21.9744
0.9855498 -0.03756397 0.8307207 -22.21031 5.054168 22.92096
0.9972686 -0.05245655 0.848543 -27.38588 5.252641 24.21867
1.002151 -0.06686084 0.834627 -27.9813 5.756458 24.11943
0.9855498 -0.06832569 0.8316973 -28.30191 6.061801 24.84463
0.9877471 -0.06124561 0.8233965 -28.53855 5.878596 25.1576
1.018997 -0.06612842 0.8436602 -32.40878 5.809893 27.27211
1.013382 -0.06173389 0.848543 -31.15687 6.183939 26.61562
1.00972 -0.05709522 0.8680742 -29.45458 6.603786 25.9744
1.002396 -0.05416553 0.8651445 -27.73702 7.107603 24.88279
0.9938506 -0.03951709 0.8663652 -26.86679 8.092337 23.92096
0.9865264 -0.03585498 0.8609941 -26.20267 8.710657 22.49348
0.9772491 -0.0287749 0.8690508 -25.56908 9.786993 20.98966
0.9809112 -0.02486865 0.8605059 -24.94313 10.53508 19.30264
0.9733428 -0.03316943 0.8663652 -22.86679 10.83279 17.63852
0.9777373 -0.02242725 0.8627031 -21.50038 11.84043 15.86753
0.9721221 -0.02804248 0.8522051 -20.69122 12.82516 13.79119
0.9765166 -0.0263335 0.8363359 -20.1874 13.12287 12.33318
0.9818877 -0.05904834 0.8316973 -17.88206 13.88623 10.80646
0.9696807 -0.04415576 0.8236406 -16.63779 13.74119 9.264473
0.9662627 -0.04610888 0.8067949 -15.34008 13.89386 8.165236
0.9665069 -0.03731982 0.7970293 -16.74466 13.76409 7.348443
0.9804229 -0.04708545 0.7911699 -16.53855 13.48165 6.233939
0.9833526 -0.04635303 0.7933671 -17.9584 14.06944 5.524015
0.9760283 -0.05733936 0.7748125 -19.19504 13.29081 4.806458
0.998001 -0.06246631 0.7667558 -19.83626 12.60379 4.501114
1.005325 -0.07931201 0.7748125 -20.72176 12.46638 4.340809
1.012649 -0.08150928 0.7613847 -20.1874 12.21447 3.691954
1.016067 -0.08688038 0.7711504 -19.08817 11.31371 3.38661
1.024368 -0.09225147 0.7638261 -18.63015 10.64959 3.585085
1.036575 -0.101773 0.7506425 -18.73702 10.03127 3.524015
1.039261 -0.1037261 0.7494218 -18.43168 9.321344 3.600351
1.044876 -0.1188628 0.7508867 -18.08053 8.458748 4.149969
1.05806 -0.1235015 0.7557695 -17.73702 7.237374 4.722488
1.071976 -0.127896 0.7611406 -16.86679 7.168672 4.974398
1.076614 -0.1325347 0.751375 -15.50038 6.428214 5.27974
1.080032 -0.1332671 0.7621171 -14.65305 5.886229 5.630885
1.075882 -0.1359526 0.7464921 -13.43931 5.435847 6.325542
1.081497 -0.1322905 0.7574785 -12.79809 4.947298 6.531649
1.077835 -0.131314 0.7552812 -11.81336 4.42058 6.85226
1.075394 -0.1347319 0.7643144 -11.11107 3.474015 7.508748
1.06636 -0.1352202 0.7662675 -9.94313 3.176305 7.928596
1.063675 -0.1332671 0.775789 -8.43168 2.886229 8.035465
1.050247 -0.1339995 0.782625 -6.737023 2.557985 8.455313
1.056106 -0.1354644 0.793123 -5.94313 2.214473 9.25684
1.048538 -0.1359526 0.8060625 -5.256107 2.145771 9.524015
1.043411 -0.1325347 0.8097246 -4.500381 1.886229 10.37134
1.044388 -0.143521 0.8194902 -4.309542 1.687756 11.18814
1.036331 -0.1379058 0.8270586 -4.187405 1.672488 12.05073
1.033646 -0.1318022 0.8275469 -4.607252 1.63432 12.95913
1.033157 -0.1325347 0.8319414 -5.324809 1.664855 13.92096
1.02681 -0.1318022 0.8465899 -6.042367 1.672488 14.94386
1.020706 -0.1232573 0.8412188 -6.477481 1.764091 15.83699
1.026565 -0.1215483 0.8431719 -7.164504 2.038901 16.40951
1.019485 -0.1232573 0.8534258 -7.981298 2.046535 17.07363
1.024856 -0.1203276 0.8473223 -8.416412 2.283175 17.94386
1.226272 -0.1894194 0.9518145 -14.75229 9.283176 38.63852
1.220413 -0.1662261 0.9913652 18.71336 5.245008 15.69195
1.20845 -0.1664702 0.9889238 21.00344 4.924397 13.43241
1.197952 -0.1676909 0.9806231 23.27061 5.168672 10.72249
1.181595 -0.1562163 0.9789141 23.46908 4.932031 8.623252
1.18428 -0.1601226 0.9706133 22.7897 4.527451 7.081267
1.189407 -0.1579253 0.9649981 20.89656 4.374779 5.623252
1.187698 -0.1613433 0.9637774 18.56069 4.107603 4.279741
1.190628 -0.160855 0.9606035 15.63702 3.687756 3.516382
1.200638 -0.1674468 0.9581621 13.65992 3.000733 2.455313
1.193802 -0.1825835 0.9745195 13.02634 2.596153 1.134703
1.193069 -0.195523 0.9711016 12.98054 1.985466 0.38661
1.186478 -0.200894 0.9657305 13.11031 1.397679 -0.6362896
1.186478 -0.2150542 0.9723223 13.28588 0.1763053 -1.277512
1.182327 -0.2211577 0.9669512 12.84313 -0.5717863 -1.666824
1.179886 -0.2360503 0.9806231 13.0416 -1.892397 -2.262245
1.185013 -0.2470366 0.9725664 12.9271 -2.915298 -2.598122
1.178421 -0.2611968 0.9796465 13.0645 -4.121405 -2.911098
1.18306 -0.2602202 0.9828203 13.15611 -5.060336 -3.208809
1.178421 -0.2726714 0.9859941 13.64466 -5.945832 -3.811863
1.178421 -0.2790191 0.9781816 12.12557 -6.602321 -4.117207
1.191116 -0.2787749 0.9794024 9.751528 -7.243542 -3.720259
1.196976 -0.2799956 0.966707 6.84313 -7.854229 -3.704992
1.201614 -0.3019683 0.9674395 4.84313 -8.525985 -3.659191
1.213821 -0.3163726 0.9593828 3.102671 -9.426748 -3.559954
1.222366 -0.3232085 0.9613359 2.95 -10.32751 -3.880566
