1.142532 -0.06954639 0.8841875 41.63702 11.54272 9.85226
1.143021 -0.06783741 0.9169024 48.93473 10.11524 9.356076
1.131546 -0.06441944 0.924959 55.85076 11.77936 8.340809
1.125687 -0.07369678 0.9032305 63.37748 10.50455 7.997297
1.141556 -0.06979053 0.9086016 68.80496 9.153404 8.531649
1.138382 -0.04024951 0.9134844 69.32405 7.9931 9.890428
1.160354 -0.07125537 0.9383867 72.19427 7.962565 11.72249
1.147171 -0.04171435 0.9300859 65.82023 6.138137 14.26447
1.168899 -0.008999512 0.9344805 63.25534 4.20684 17.31791
1.172317 -0.007534668 0.9525469 55.43855 3.138137 19.83699
1.173538 0.008090332 0.9786699 52.72863 4.046535 20.66905
1.170853 -0.009487793 0.9806231 51.91946 3.947298 21.43241
1.195267 0.0002778322 0.9886797 55.48435 4.038901 20.42478
1.210403 -0.0002104491 1.019197 63.46145 5.580885 18.07363
1.227249 0.03885205 0.9989336 61.65229 7.985466 17.77592
1.223343 0.05423291 0.9706133 56.27824 7.214473 18.50111
1.226272 0.08035595 0.9759844 45.85076 7.168672 19.02783
1.221878 0.08645947 1.017977 40.0416 8.542717 18.76829
1.219925 0.08328564 1.023103 33.77443 10.42058 17.79119
1.203567 0.07913525 1.012361 29.61412 11.81753 16.69959
1.189651 0.07840283 1.028719 26.62176 12.14577 15.27211
1.175003 0.06521924 1.047762 24.49962 13.73356 13.32554
1.173538 0.06351025 1.046053 22.03397 15.54272 12.24921
1.154739 0.06766064 1.045076 20.30878 16.46638 10.76066
1.137405 0.059604 1.050691 18.55305 18.02363 9.004931
1.126419 0.05935986 1.046785 15.7897 19.44348 7.577451
1.109817 0.05789502 1.064607 12.50725 21.26791 6.760656
1.099563 0.04739697 1.065096 8.827862 23.016 6.172871
1.09053 0.04202588 1.07242 4.850763 24.71829 5.707221
1.078567 0.03299268 1.061189 2.217175 25.62669 5.524015
1.076858 0.02005322 1.069734 0.3316793 27.30608 4.920961
1.063187 0.01687939 1.072176 -0.5614505 28.86333 4.188137
1.079544 -0.003140137 1.071443 -1.530916 30.30607 4.165237
1.090286 -0.007534668 1.056062 -1.111069 31.57325 3.241573
1.137161 -0.02193897 1.037508 2.491985 35.47402 0.6003513
1.151077 -0.02853076 1.042635 3.774427 36.41295 -0.2393436
1.156204 -0.03390186 1.022127 4.858397 37.13814 -1.017969
1.154495 -0.0353667 1.014314 6.362214 37.26028 -1.796595
1.163772 -0.04293506 1.00992 8.369846 37.02364 -2.63629
1.168167 -0.04391162 1.000398 9.782061 36.89386 -3.414915
1.170364 -0.04635303 0.9930742 11.54542 36.28318 -4.369114
1.159378 -0.04806201 1.00699 13.14847 35.9473 -5.033237
1.157913 -0.06295459 0.9940508 14.44618 35.17631 -5.773695
1.139847 -0.05343311 0.9859941 15.64466 34.64196 -6.392015
1.139114 -0.05733936 0.9889238 15.72863 34.23738 -6.437817
1.133743 -0.05831592 0.9825762 15.41565 34.03127 -6.285145
1.12471 -0.06246631 0.9801348 14.91183 33.56562 -5.811863
1.108353 -0.07076709 0.9820879 14.69809 32.80989 -5.323313
1.101272 -0.07101123 0.9728106 14.88893 31.95493 -4.689726
1.094437 -0.07296436 0.9711016 14.9042 30.90913 -3.773695
1.082229 -0.07833545 0.9711016 14.82786 30.29081 -2.704992
1.074661 -0.07491748 0.9720781 14.82023 29.48928 -1.559954
1.077103 -0.07076709 0.9664629 14.31641 28.65722 -0.1859093
1.077835 -0.07345264 0.9586504 13.49962 27.90913 1.478214
1.087112 -0.06734912 0.9540117 12.03397 27.61905 3.203405
1.102737 -0.06100147 0.9537676 10.9958 26.70302 5.00493
1.105179 -0.0575835 0.9537676 10.53779 26.26791 6.714855
1.112747 -0.05050342 0.9503496 10.51488 25.52745 8.058367
1.117386 -0.05050342 0.9410723 11.46908 24.9473 9.073633
1.135452 -0.04757373 0.9322832 13.19427 23.77172 9.783557
1.159866 -0.05538623 0.9288652 15.9729 23.35188 10.12707
1.184524 -0.04488818 0.9171465 19.21718 22.04653 10.27211
1.205032 -0.05050342 0.9144609 23.25534 20.52745 9.943863
1.218216 -0.04684131 0.92325 27.36985 18.84806 9.371344
1.215286 -0.03927295 0.9220293 30.91183 16.93203 8.974397
1.212356 -0.03634326 0.9310625 33.55305 15.51982 8.035465
1.200882 -0.0287749 0.9227617 35.66756 13.80226 7.531649
1.188675 -0.02389209 0.9400957 36.40801 12.35188 6.615619
1.163772 -0.01388232 0.9403399 35.95 11.19157 6.630885
1.145462 -0.007778809 0.9449785 34.86603 9.695389 6.417145
1.122024 -0.009976074 0.9452227 32.93473 8.71829 6.386611
1.105179 -0.009487793 0.9593828 30.78206 8.0389 6.562183
1.087845 -0.01022022 0.9693926 27.98054 7.374778 7.027832
1.078567 -0.006313965 0.9784258 24.15611 7.061801 7.745389
1.067825 -0.01388232 0.9740313 20.11031 6.519817 9.066
1.067337 -0.02047412 0.9613359 15.25534 5.779359 10.70722
1.065872 -0.02413623 0.9757402 10.61412 5.664855 12.89043
1.069778 -0.02242725 0.9732988 6.629389 5.779359 14.68432
1.074905 -0.01363818 0.9713457 3.850763 6.092336 15.96676
1.171829 0.009799316 1.025301 -23.55382 5.20684 24.20341
1.191604 -0.03316943 0.937166 -66.63779 0.5121832 22.86753
1.220657 -0.05196826 0.9313066 -69.76756 -1.823695 24.27211
1.248001 -0.05904834 0.9176348 -70.26374 -3.701557 25.1118
1.267044 -0.07149951 0.9181231 -69.26374 -6.709191 25.68432
1.287308 -0.07906787 0.9169024 -68.69885 -9.09087 26.39425
1.302933 -0.08517139 0.9117754 -67.61488 -11.94583 26.96676
1.303177 -0.08395069 0.911043 -67.11871 -14.10614 27.50111
1.302688 -0.08175343 0.9054277 -66.46221 -16.35805 27.9744
1.304397 -0.07809131 0.9156816 -65.20267 -18.39621 28.21104
1.294388 -0.08443897 0.9208086 -63.08054 -20.26644 27.69959
1.277298 -0.08346241 0.9408281 -60.9355 -21.69392 27.37134
1.265823 -0.09054249 0.9518145 -58.50038 -22.55652 26.83699
1.252396 -0.08956593 0.9676836 -55.35535 -22.8695 25.87516
1.234085 -0.08663624 0.9867266 -52.44695 -22.9382 24.71486
1.224563 -0.08614796 0.9977129 -49.9584 -22.43438 23.60035
1.205276 -0.09273975 1.012361 -48.50038 -22.25881 23.0431
1.182571 -0.09713428 1.01285 -49.01183 -21.15194 23.0889
1.16304 -0.09225147 1.024812 -50.0958 -19.97637 23.16524
1.144729 -0.1010405 1.027742 -52.42405 -18.70919 23.94386
1.12886 -0.1042144 1.030184 -55.9584 -17.76263 25.17287
1.129104 -0.108853 1.037264 -58.57672 -16.41148 26.48585
1.127884 -0.1134917 1.043855 -61.79809 -14.8924 27.84463
1.121536 -0.1264312 1.044588 -65.17213 -13.71682 29.66142
1.123978 -0.1366851 1.033846 -67.84389 -12.17484 31.29501
1.130813 -0.1488921 1.043611 -69.95076 -11.33515 33.00493
1.149856 -0.1488921 1.032869 -71.72939 -10.25117 34.83699
1.158157 -0.1444976 1.049959 -72.54618 -9.816061 36.31028
1.172073 -0.1645171 1.067537 -69.26374 -7.648122 36.77592
1.188187 -0.1637847 1.064607 -65.2103 -5.205374 36.47058
1.206497 -0.1447417 1.050203 -60.88206 -3.808427 36.066
1.217239 -0.1381499 1.0524 -56.98893 -2.014534 35.25684
1.235794 -0.1188628 1.056551 -52.78283 -0.1519389 33.86753
1.252151 -0.1178862 1.055574 -47.65305 2.390046 32.35608
1.254837 -0.09640186 1.056307 -43.9126 4.771725 30.76066
1.251175 -0.09151905 1.054109 -40.90496 7.306077 28.90569
1.249954 -0.06759326 1.051912 -39.48512 9.603786 27.31791
1.242386 -0.04806201 1.054598 -38.9355 12.14577 25.72249
1.231888 -0.04537646 1.059969 -38.86679 14.74882 23.53928
1.215774 -0.04488818 1.060213 -39.34771 17.30608 21.9515
1.205521 -0.0443999 1.060213 -39.9584 19.83279 19.81409
1.191849 -0.04244678 1.05948 -40.48512 22.1305 17.9973
1.183792 -0.04220263 1.074861 -41.34771 24.81753 16.03547
1.166214 -0.0431792 1.063143 -42.60725 27.20684 14.24921
1.150345 -0.0509917 1.073396 -44.37825 28.84043 13.16524
1.130569 -0.05563037 1.053377 -46.61489 31.17631 11.56218
1.112503 -0.06881397 1.059969 -49.08054 32.9473 10.14997
1.095657 -0.0744292 1.0524 -51.59199 34.71829 9.004931
1.092972 -0.08956593 1.049227 -53.97367 36.63432 7.85226
1.095901 -0.09689014 1.035555 -58.48512 38.28318 7.211039
1.097122 -0.1144683 1.031893 -63.66069 39.37478 7.195771
1.119339 -0.1393706 1.023592 -66.77519 40.09997 6.898061
1.119827 -0.1728179 1.026277 -67.17213 41.16867 6.073633
1.123733 -0.1906401 1.022615 -65.47748 41.9931 4.74539
1.119095 -0.2011382 1.008699 -62.73703 42.26791 3.539282
1.119827 -0.2187163 1.015047 -60.05 42.54272 1.966763
1.115677 -0.2345855 1.018465 -57.23321 42.64196 0.8140907
1.111282 -0.2375151 1.025545 -54.08054 43.20684 -0.3538475
1.104935 -0.2458159 1.027742 -51.79046 44.1076 -1.392015
1.092972 -0.256314 1.024568 -49.34771 45.00073 -2.147741
1.082474 -0.2658355 1.025301 -46.83626 45.41295 -2.987434
1.071731 -0.2751128 1.027742 -43.86679 46.0618 -3.147741
1.061966 -0.2873199 1.032625 -40.26374 46.90913 -3.956902
1.055618 -0.2992827 1.013582 -36.34008 46.64196 -4.170641
1.046829 -0.3166167 1.011141 -32.31718 46.8557 -3.628656
1.046829 -0.3239409 1.015291 -29.15687 47.06944 -2.63629
1.050003 -0.3359038 1.014559 -26.72176 47.81753 -0.5981216
1.051224 -0.3346831 1.009432 -24.54618 48.95493 1.333176
1.049515 -0.3376128 0.990877 -22.69885 49.54272 3.432413
1.044876 -0.3305327 0.9750078 -20.88969 49.49692 5.791191
1.040481 -0.3261382 0.9471758 -19.87443 48.84043 8.791191
