0.002220705 0.3514878 1.661981 57.70745 16.97847 -48.10525
0.009056643 0.3463608 1.60705 60.46318 22.48992 -48.89914
-0.005347654 0.2562729 1.531855 62.37921 27.28382 -47.24266
0.00417383 0.2086655 1.484247 71.57005 30.8945 -45.5709
-0.0483164 0.1976792 1.365351 76.49371 33.01664 -41.89151
-0.07248633 0.1656968 1.355829 86.63112 32.86397 -45.19685
-0.06858008 0.1727768 1.320917 100.9899 33.79527 -45.44113
-0.08054296 0.200853 1.295282 109.7533 37.21511 -45.38006
-0.05075781 0.2526108 1.199091 120.2265 40.11588 -46.13578
-0.06076758 0.33806 1.13122 128.0891 39.19985 -47.06708
-0.04465429 0.4779526 1.062128 127.6617 42.53572 -45.08235
-0.07126563 0.4991929 1.004755 131.341 46.97084 -45.17395
-0.09787695 0.3688218 1.091425 149.738 38.76473 -50.24266
-0.2450938 0.7189194 0.8648623 147.9746 27.29145 -46.85334
-0.1371836 0.9064194 0.7042178 151.7838 27.97084 -62.36479
-0.2013926 0.9747787 0.6216983 157.1502 26.42886 -66.48693
-0.1637949 1.266527 0.2742862 137.9594 51.94794 -101.8839
-0.3007578 1.269457 0.3968447 133.4479 55.90977 -104.174
-0.4845957 1.340501 0.499628 133.967 23.61206 -104.1358
-0.4096446 1.471605 0.348749 120.7685 7.48229 -95.01365
-0.3300547 1.464769 0.2623233 108.6082 3.711298 -104.9678
-0.3403086 1.507249 0.2203311 94.82959 5.772367 -124.9907
-0.3815684 1.533617 0.2029971 81.18073 1.283816 -143.2503
-0.4438242 1.603441 0.1783389 65.36394 -6.845954 -143.4259
-0.4682383 1.633714 0.1627139 49.63111 -20.51008 -147.4335
-0.4201426 1.638841 0.1246279 31.94409 -30.2658 -145.319
-0.3698496 1.632982 0.1138858 14.80669 -37.1742 -151.0213
-0.3078379 1.624437 0.07848537 -3.643695 -42.44137 -161.8152
-0.2497324 1.643724 0.1024112 -24.95667 -47.95282 -169.8457
-0.2070078 1.65349 0.1216983 -46.49102 -55.42611 -175.7312
-0.1703867 1.634203 0.1380557 -68.033 -61.57878 -182.3343
-0.1142344 1.574632 0.182001 -90.20858 -66.38794 -189.319
-0.06394141 1.527025 0.2381533 -109.8269 -71.90703 -195.7159
0.02004297 1.476488 0.2772158 -128.2239 -77.0368 -200.9449
0.09767969 1.432054 0.303583 -143.8193 -80.88412 -208.2808
0.1858145 1.375169 0.3297061 -156.7124 -81.95283 -218.1282
0.2610097 1.314623 0.3697451 -166.4071 -82.76199 -228.8533
0.3960195 0.4518296 2.671259 -29.08644 -87.96809 65.50543
0.07497461 0.4313218 2.022089 9.837221 8.512824 51.83368
0.06032617 0.4310776 1.984003 5.325771 14.19221 53.11612
0.06032617 0.4513413 1.956659 -2.31545 18.48992 53.82605
-0.01389258 0.4457261 1.987909 -5.300183 24.58916 56.95582
-0.009253904 0.4347397 1.866083 -6.078809 27.15405 54.3375
-0.0483164 0.4242417 1.868769 -6.178046 29.88687 54.51307
-0.07321875 0.4276597 1.83703 -4.933771 33.35252 53.18483
-0.09616796 0.4481675 1.802118 -0.582626 34.95557 53.45964
-0.1227793 0.4623276 1.770868 5.043328 35.6655 52.00162
-0.1408457 0.5275131 1.675165 9.264703 40.05481 49.4749
-0.1244883 0.5282455 1.584589 15.74562 46.99374 46.11612
-0.2023691 0.6305405 1.549921 19.3105 47.90977 44.50544
-0.2223887 0.6595932 1.453974 24.09676 47.6884 38.20009
-0.3227305 0.6996323 1.367304 39.75325 50.6884 23.14666
-0.3837656 0.8041245 1.244013 48.80669 42.40596 12.99398
-0.4362559 0.8685776 1.19372 46.88302 34.14641 13.07795
-0.4367442 0.9298569 1.151239 44.44028 32.11588 8.688642
-0.4406504 0.9532944 1.16247 46.06623 25.12351 7.26116
-0.4511485 1.047044 1.127069 43.40974 17.7342 4.108489
-0.3969492 1.111986 1.129267 35.1502 13.52046 4.574138
-0.3437266 1.069017 1.195429 34.31814 12.65023 -1.975481
-0.3156504 1.125658 1.227899 35.39447 13.14641 -10.99075
-0.3136973 1.176439 1.259149 35.34104 11.85634 -17.86098
-0.3014903 1.205248 1.27746 34.40211 10.7342 -25.22739
-0.2826914 1.236253 1.279901 32.57768 11.03191 -32.97548
-0.2521739 1.252367 1.292353 30.14256 11.20748 -39.6625
-0.2226328 1.253587 1.278681 27.63875 11.90977 -47.05182
-0.1979746 1.24016 1.262567 27.59295 12.9403 -54.7312
-0.1928477 1.236009 1.260614 26.87539 14.45175 -62.82281
-0.1972422 1.237962 1.229853 25.79906 15.45175 -70.32662
-0.2026133 1.24138 1.189569 24.57005 15.92504 -76.58617
-0.1935801 1.223802 1.158808 24.66928 15.6655 -84.18922
-0.1752695 1.223802 1.13244 24.86776 15.23802 -92.65487
-0.1591563 1.256273 1.096063 22.11203 16.59679 -99.26556
-0.1994394 1.266771 1.089228 21.18073 19.48229 -107.2656
-0.2514414 1.282396 1.055048 20.99753 17.95557 -114.2961
-0.2568125 1.313402 1.043573 20.48608 14.09298 -120.1282
-0.2172617 1.452806 0.8865909 9.447908 9.18458 -143.1969
-0.203834 1.510912 0.8279971 2.081496 6.88687 -150.5633
-0.1791758 1.519456 0.7872256 -4.811634 4.054809 -159.0824
-0.1440195 1.551439 0.791376 -10.8498 1.009007 -165.0366
-0.1103281 1.551927 0.7767276 -13.70476 0.09297705 -175.3801
-0.06052344 1.614183 0.744501 -22.7811 2.146412 -181.5175
-0.04392187 1.605638 0.7408389 -26.42232 1.062442 -191.0976
-0.09934179 1.586595 0.7620791 -31.05591 -1.784886 -200.9678
-0.06540625 1.552171 0.7152041 -35.84217 -25.89939 -198.8152
0.05519922 1.505052 0.5753116 -39.56736 -19.60931 -214.6243
0.06398828 1.442064 0.4942569 -41.58263 -14.36504 -234.0824
0.07277734 1.510423 0.4017276 -46.35362 -15.41847 -239.6549
0.08596094 1.494798 0.2286319 -59.46812 -15.44137 -247.9373
0.1279531 1.406908 0.1656436 -69.64369 -15.54824 -248.5709
0.1035391 1.358568 0.1131533 -80.39942 -22.28107 -248.5709
0.1184316 1.298753 0.02111232 -92.09408 -30.72382 -248.5709
0.1059805 1.200609 -0.06165135 -104.3002 -38.48717 -248.5709
0.02004297 1.050218 0.07726467 -114.43 -63.50244 -248.5709
0.3064199 0.9376694 -0.06165135 -126.4758 -55.39557 -248.5709
0.2090078 0.8322006 -0.06165135 -136.7964 -56.72382 -248.5709
0.2861562 0.7592026 -0.06165135 -166.4452 -67.02916 -248.5709
0.3340078 0.4540268 -0.05286229 -174.7429 -71.79252 -248.5709
0.3923574 0.3339097 -0.02210057 -180.4681 -80.32687 -248.5709
0.4323965 0.204271 0.1016787 -187.2544 -83.54061 -248.5709
0.4885488 0.05729833 0.1754092 -191.117 -87.31924 -248.5709
0.4956289 -0.01545557 0.3001651 -195.6284 -92.58642 -248.5709
0.5317617 -0.2906021 0.4549502 -184.9948 -94.27344 -248.5709
0.579125 -0.5586685 0.4349307 -184.9948 -91.96809 -248.5709
0.5346914 -0.6040787 0.5762881 -176.6742 -100.1742 -248.5709
0.5498281 -0.8115982 0.6382998 -158.3231 -97.45664 -248.5709
0.5573965 -0.8469986 0.7091006 -147.2697 -98.48717 -248.5709
0.5925527 -1.043532 0.6905459 -138.2926 -93.44901 -248.5709
0.6679922 -1.118727 0.7628116 -138.5674 -76.00626 -248.5709
0.3469472 -0.8626236 1.083612 -178.9796 -75.80016 -248.5709
0.6203847 -1.157301 0.4879092 -208.1857 -106.8078 -248.5709
0.5613027 -1.590407 0.591669 -226.9948 -80.12077 -248.1587
0.3493886 -1.636305 0.8265323 -233.1093 -95.32687 -248.5709
0.3713613 -1.836256 0.7093448 -235.804 -95.36504 -228.3801
0.3061758 -1.836256 0.6551455 -226.1322 -90.71619 -216.4488
0.2898183 -1.836256 0.8126163 -214.0865 -85.19711 -203.174
0.2192617 -1.836256 0.8721866 -183.7887 -77.83069 -188.9449
0.306664 -1.836256 0.8214053 -145.43 -71.93756 -174.5556
0.1579824 -1.836256 1.059442 -106.8651 -59.62458 -175.6396
0.2690664 -1.836256 1.320673 -101.8498 -55.91466 -156.7083
0.1377187 -1.836256 1.447382 -96.78873 -53.92229 -135.2045
0.1670156 -1.836256 1.541864 -84.69713 -47.83068 -133.3953
0.1809316 -1.836256 1.552362 -65.54446 -38.41847 -117.9755
0.1159902 -1.826735 1.593622 -42.78873 -30.94519 -106.7083
0.07448633 -1.638503 1.632196 -25.17041 -28.88412 -104.9297
0.0454336 -1.487624 1.621942 -12.53682 -24.44138 -102.2808
-0.2895274 0.4830796 1.054315 -22.57499 22.45176 -4.235023
-0.2336191 1.140062 0.6109561 50.23417 -40.09023 -47.71594
-0.1801523 1.201585 0.5894717 49.69218 -40.1513 -58.95258
-0.1855234 1.254808 0.5674991 46.37157 -39.45664 -70.02892
-0.1955332 1.302415 0.5421084 43.05096 -43.83068 -77.82281
-0.1696543 1.337328 0.4837588 43.16547 -48.09786 -90.78464
-0.1723398 1.429613 0.414667 36.92883 -45.54061 -102.4259
-0.2243418 1.466478 0.4327334 28.86012 -53.2429 -106.9602
-0.2106699 1.480394 0.3926944 20.11967 -64.55588 -108.6167
-0.1594004 1.445482 0.3565615 12.36394 -71.30397 -115.9907
-0.1105723 1.39763 0.3284854 8.089129 -72.35741 -129.6549
-0.104957 1.399828 0.3370303 4.066229 -74.92229 -141.5404
-0.110084 1.411302 0.348749 -1.010107 -81.59405 -149.693
-0.077125 1.426683 0.3355654 -8.040642 -88.71619 -156.7694
-0.02048437 1.428392 0.3394717 -16.62843 -94.51008 -165.09
0.03371485 1.448412 0.3475283 -25.43759 -97.62458 -174.777
0.05910547 1.465257 0.3804873 -35.06354 -101.7315 -184.632
0.106957 1.482103 0.412958 -45.62843 -108.3803 -192.9602
0.1621328 1.479173 0.4581241 -56.04064 -112.8536 -201.693
0.2402578 1.452318 0.5098819 -64.44522 -114.9681 -212.7159
0.2878652 1.418382 0.5469913 -71.18568 -117.6857 -222.4717
0.3662344 1.390062 0.6024112 -77.84217 -120.2658 -232.5785
0.4516836 1.344896 0.6199893 -81.74293 -121.4032 -244.1892
0.5078359 1.310716 0.6512393 -88.36888 -120.533 -248.5709
0.544457 1.251878 0.6622256 -93.56736 -120.5101 -248.5709
