0.9353262 -1.309401 0.9456729 -117.5368 -254.2429 229.0245
0.9804922 -1.253493 0.9617862 -115.4605 -254.2429 236.2917
0.9897696 -1.273268 0.977167 -111.1093 -254.2429 248.3528
1.037377 -1.260573 1.086542 -107.1322 -254.2429 251.6963
1.110863 -1.263991 1.106806 -100.43 -252.7391 251.6963
1.067406 -1.198317 1.221063 -94.75056 -251.8994 251.6963
1.131371 -1.204909 1.245478 -91.18568 -251.3879 251.6963
1.094262 -1.240553 1.382685 -85.18568 -246.2734 251.6963
1.14724 -1.149977 1.481317 -78.02538 -254.2429 251.6963
1.1885 -1.117751 1.508905 -72.18568 -254.2429 251.6963
1.278344 -1.023268 1.598505 -65.50629 -253.8612 251.6963
1.356713 -0.97444 1.66247 -58.804 -235.2811 251.6963
1.387475 -0.9004654 1.687616 -49.35362 -216.8765 251.6963
1.334984 -0.9038834 1.821405 -40.04064 -212.3421 251.6963
1.366967 -0.9827408 1.816034 -20.42995 -205.6475 251.6963
1.430443 -0.9495377 2.025263 -1.185679 -187.991 251.6963
1.455834 -0.7356705 2.141962 14.18837 -171.846 251.6963
1.399193 -0.6721939 2.411249 28.92119 -162.7543 251.6963
1.400658 -0.6284927 2.421747 38.72272 -153.9452 251.6963
1.425805 -0.6763443 2.414911 59.21127 -160.3879 251.6963
1.395531 -0.658522 2.473017 72.45554 -133.8918 251.6963
1.371606 -0.4739517 2.529169 79.94409 -116.7773 251.6963
1.311303 -0.5027603 2.57165 82.91356 -105.5864 251.6963
1.222924 -0.4915298 2.50036 84.3105 -102.3803 251.6963
1.168481 -0.5589127 2.353632 89.98989 -100.2505 251.6963
1.171166 -0.4864028 2.193964 91.55478 -83.22764 251.6963
1.241234 -0.3850845 2.07995 89.61584 -72.14367 251.6963
1.206811 -0.3621353 1.969843 86.30287 -63.1284 251.6963
1.195824 -0.3108657 1.880243 83.63112 -55.49481 251.6963
1.174096 -0.2271255 1.827265 81.34867 -52.3574 251.6963
1.143578 -0.2224868 1.763788 82.00516 -55.41084 251.6963
1.141381 -0.1983169 1.738398 87.85249 -50.1055 251.6963
1.161889 -0.104811 1.692011 101.425 -40.44901 251.6963
1.100365 0.07267919 1.672724 113.2647 -29.1284 251.6963
0.976586 0.1830307 1.619257 131.3563 -19.51008 251.6963
0.9463125 0.2328354 1.551142 144.2723 -32.38031 251.6963
0.9494864 0.1964585 1.368036 173.4708 -31.75435 251.6963
0.9782949 0.2992417 1.393671 213.9899 -44.60168 251.6963
0.9746328 0.4313218 1.254755 243.5242 -42.0826 251.6963
0.881127 1.142503 0.6260928 201.9364 7.428855 251.6963
0.6596914 1.462816 0.5123233 199.4326 4.260916 251.6963
0.5910879 1.425706 0.5411319 163.5853 8.154045 251.6963
0.5908437 1.292894 0.4761905 170.7838 12.30672 251.6963
0.5569082 1.385667 0.4127139 176.196 8.291451 251.6963
0.5129629 1.559496 0.2359561 162.1578 2.161679 250.6276
0.3762441 1.58098 0.1265811 163.4097 -5.632214 234.1619
0.3391347 1.729417 0.2069033 180.5624 -40.60168 230.1161
0.46975 1.797044 -0.0355283 145.8219 -5.449008 203.1772
0.1699453 1.76433 0.09679592 153.4861 -17.29634 183.3909
0.08498438 1.839037 0.1844424 152.6006 -41.60931 180.5283
0.2212148 1.816576 0.1536807 144.7914 -37.1513 155.6276
0.1491934 1.830003 0.2796572 134.8372 -39.44137 142.6886
0.1196523 1.90349 0.3167666 121.1197 -51.98336 140.3604
0.2033926 1.875169 0.3616885 96.63875 -59.63221 134.0856
0.752709 1.832933 0.2100772 70.53951 -51.60931 119.8718
0.3935781 1.571214 0.7064151 109.7609 -34.03679 78.16956
-0.06735938 1.92766 1.001581 103.4632 -26.98336 67.5436
-0.1789316 1.794603 0.9019717 62.00516 -50.52534 86.96346
-0.05539649 1.68596 0.749628 35.42501 -52.76962 81.62757
0.07106836 1.611742 0.6168155 27.67692 -41.04443 64.69627
2.343952e-05 1.481859 0.6002139 7.043328 -36.63985 54.06269
-0.09445898 1.438158 0.6175479 -15.81163 -39.49481 47.59704
-0.05930274 1.308763 0.6133975 -38.03301 -49.77725 53.75734
-0.02512305 1.159105 0.5369815 -49.72766 -43.30397 37.56651
-0.02951758 0.9972397 0.4830264 -68.24675 -39.41084 36.61994
-0.0759043 0.7750717 0.4871768 -67.92614 -46.95282 33.52834
-0.05734961 0.725267 0.4539737 -71.51392 -49.18183 30.60467
-0.1323008 0.5748764 0.4901065 -66.06354 -54.56351 27.42146
-0.1393809 0.5172592 0.4808291 -56.46812 -59.69328 21.36803
-0.1269297 0.436937 0.5264834 -45.6666 -64.86122 15.94055
-0.120582 0.4908921 0.5150088 -49.39178 -67.69328 18.4749
-0.1410898 0.4393784 0.5179385 -51.07881 -70.0597 17.81078
-0.1718516 0.4481675 0.5931338 -40.61316 -77.80779 16.17719
-0.165748 0.4657456 0.6280459 -37.08644 -76.66275 11.48253
-0.1342539 0.4332749 0.6346377 -28.48339 -78.991 8.238259
-0.137916 0.3771225 0.5823916 -23.79637 -77.99863 3.94055
-0.1825937 0.3785874 0.5838565 -15.55209 -82.74672 0.2535268
-0.1366953 0.36223 0.5521182 -7.368886 -82.99863 -4.853343
-0.2001719 0.310228 0.5186709 -7.811634 -83.72382 -5.46403
-0.2585215 0.2098862 0.4361514 0.9288244 -82.84595 -8.311359
-0.3107676 0.2230698 0.3724307 2.096763 -88.18183 -5.097618
-0.3185801 0.1859604 0.3138369 3.356305 -91.96809 -3.189221
-0.283668 0.3046128 0.2034854 -1.918504 -100.5253 2.329863
-0.233375 0.4694077 0.178583 -17.65896 -98.63222 5.948184
-0.2326426 0.4911362 0.1634463 -36.59789 -99.92229 10.23063
-0.1906504 0.4667222 0.103876 -42.9185 -100.9757 14.84131
-0.4240489 0.4847886 0.03307521 -36.62079 -108.0292 15.5207
0.2815176 1.65471 1.838251 16.48608 -81.62458 26.82605
0.01271875 0.4032456 1.815302 -40.24675 -19.14367 -25.21212
0.009056643 0.3129136 1.813105 -39.04827 -12.52534 -23.58617
-0.0007089824 0.2396714 1.822138 -38.56736 -5.525344 -19.91441
-0.01096289 0.2072007 1.806024 -35.93377 2.131145 -16.24266
-0.03171484 0.214769 1.774286 -34.85743 9.306717 -12.27319
-0.01877539 0.2145249 1.726923 -34.30782 16.30672 -8.540367
-0.06906836 0.2306382 1.700067 -32.68186 24.09298 -4.891511
-0.1012949 0.23723 1.588739 -31.38415 28.14641 -2.013649
-0.1391367 0.2584702 1.533319 -28.68186 32.08534 1.299328
-0.1640391 0.2760483 1.458124 -24.17805 33.93267 3.291695
-0.1681895 0.3343979 1.410273 -19.86507 36.42122 4.215359
-0.1786875 0.4225327 1.343866 -14.28492 38.40596 8.719175
-0.2294688 0.6202866 1.303827 -9.544458 42.19221 1.100855
-0.2856211 0.6327377 1.256952 -5.926137 42.26092 -1.196855
-0.2858653 0.7655502 1.212519 -7.284916 40.61206 -3.76174
-0.2536387 0.8007065 1.134882 -4.849802 40.61206 -6.95258
-0.2416758 0.8846909 1.075312 -2.941405 41.8945 -11.42586
-0.2590098 0.9840561 1.017206 -2.246748 41.32199 -16.23502
-0.281959 1.088792 0.9483584 -3.094077 38.97084 -21.42586
-0.2760996 1.165208 0.8995303 -6.979572 36.90214 -26.35716
-0.2934336 1.204759 0.8509463 -6.880336 35.03191 -27.62434
-0.2575449 1.317796 0.7955264 -13.72766 35.01664 -38.40296
-0.2673106 1.369798 0.687128 -17.38415 29.92504 -46.55563
-0.2780528 1.369066 0.6197452 -23.49102 26.68076 -54.13578
-0.2978281 1.419115 0.5928897 -27.69713 24.21511 -61.40296
-0.3017344 1.464769 0.5770205 -34.09407 20.64259 -67.55563
-0.3100352 1.490404 0.5196475 -37.51392 15.77237 -73.01365
-0.3095469 1.531175 0.484003 -38.96431 11.34488 -80.03654
-0.2846446 1.605882 0.4486026 -39.6666 5.413588 -88.40296
-0.2660899 1.714281 0.4168643 -37.8956 -0.8001528 -100.1892
-0.2236094 1.86223 0.4205264 -37.92614 -6.960458 -111.6396
-0.1457285 2.029711 0.3646182 -36.98721 -11.21237 -120.3037
-0.1376719 2.133714 0.4141788 -32.32308 -29.47954 -140.7999
-0.04196875 2.163683 0.2852725 -32.94904 -23.35741 -159.0289
-0.004371092 2.163683 0.3333682 -36.72766 -31.3345 -175.4717
-0.0549082 2.163683 0.3148135 -34.20095 -45.28107 -196.1434
0.09621485 2.163683 0.2647647 -28.61316 -57.84595 -214.9068
0.2290273 2.163683 0.2352237 -20.804 -61.09023 -244.8457
0.237084 2.163683 0.3421572 -20.19331 -72.04443 -248.5709
0.2671133 2.163683 0.444208 -31.15514 -81.01389 -248.5709
0.4023672 2.163683 0.5294131 -40.14751 -89.02917 -248.5709
0.6367422 2.163683 0.569208 -53.78873 -90.86122 -248.5709
0.6960683 2.163683 0.6527041 -65.7353 -90.52534 -248.5709
0.7951894 2.163683 0.7291202 -74.81927 -94.82306 -248.5709
0.9238516 2.163683 0.7091006 -91.42995 -93.63222 -248.5709
1.012475 2.136156 0.7755069 -109.9796 -90.45664 -248.5709
1.090111 1.98723 0.7694034 -125.117 -88.54061 -248.5709
1.174584 1.905687 0.7725772 -140.8345 -87.00626 -248.5709
1.374047 1.70183 0.6551455 -154.9567 -75.0826 -248.5709
1.362328 1.628831 0.6981143 -167.0101 -76.20473 -248.5709
1.482689 1.467455 0.6551455 -180.2315 -70.00626 -248.5709
1.490502 1.372728 0.6605166 -189.6055 -68.58642 -248.5709
1.582543 1.273119 0.6109561 -197.7811 -65.46428 -248.5709
1.728539 1.174974 0.5364932 -209.3765 -61.2658 -248.5709
1.813744 1.049486 0.5108584 -217.6971 -57.51771 -248.5709
1.850121 0.9364487 0.4652041 -229.4758 -51.0826 -248.5709
1.868676 0.7452866 0.3953799 -240.491 -46.99099 -248.5709
1.904076 0.5087143 0.3326358 -248.5139 -38.39557 -248.5709
1.773217 0.2816636 0.2171572 -248.5139 -36.86122 -248.5709
1.767846 0.1229722 0.1478213 -248.5139 -38.38031 -248.5709
1.735619 -0.2139419 0.09142483 -247.4681 -32.76199 -248.5709
1.645287 -0.4890884 -0.01306736 -242.1246 -31.75435 -248.5709
