0.8574453 -0.6057877 -0.06165135 -39.804 246.0243 -147.4335
0.8401114 -0.658522 -0.06165135 -37.41468 246.0243 -142.5175
0.7688222 -0.6846451 -0.06165135 -42.7811 246.0243 -137.9908
0.759789 -0.7864517 -0.06165135 -51.13224 245.0014 -130.0976
0.7239004 -0.8145279 -0.06165135 -62.01011 240.696 -122.5938
0.7217031 -1.004225 -0.06165135 -62.90324 234.3449 -100.403
0.7029043 -1.11067 -0.06165135 -61.11698 230.6808 -97.30373
0.6518789 -1.070876 -0.06165135 -60.23911 220.1235 -81.21976
0.620873 -1.085036 -0.06165135 -67.14751 205.2685 -65.67014
0.6174551 -1.12654 -0.06165135 -59.9185 199.4365 -59.97548
0.6037832 -1.095778 -0.06165135 -48.03301 188.5815 -53.76937
0.5598379 -1.021559 -0.06165135 -38.08644 179.7647 -49.58617
0.5542226 -0.9109634 -0.06165135 -30.8498 168.3754 -42.71594
0.5051504 -0.8047623 -0.06165135 -26.76583 156.0319 -36.56327
0.5954824 -0.7481216 -0.06165135 -21.42232 148.0395 -32.6854
0.6098867 -0.6492447 -0.04114354 -18.61316 136.551 -27.74647
0.652123 -0.5618423 0.0281924 -15.7582 127.3067 -24.21212
0.7048574 -0.4737075 0.09923733 -13.14751 119.3907 -22.05182
0.7402578 -0.425856 0.1590518 -11.78873 111.4365 -18.42586
0.7705312 -0.4055923 0.1873721 -9.681863 104.2151 -16.11289
0.7810293 -0.3684829 0.2408389 -7.513924 96.90977 -13.82281
0.8391348 -0.3069595 0.2994326 -6.811634 90.83344 -14.05182
0.8850332 -0.2595962 0.3570498 -7.323084 85.43649 -11.22739
0.9289785 -0.2295669 0.3619326 -7.437588 80.52809 -8.639604
0.9585196 -0.2261489 0.3651065 -7.376519 74.57389 -8.395329
1.016625 -0.1968521 0.3895205 -6.361252 70.68839 -8.189221
1.038598 -0.1780532 0.3939151 -5.116977 65.48992 -6.822809
1.048607 -0.158522 0.3821963 -5.216214 61.42885 -6.891511
1.064965 -0.1392349 0.3619326 -7.147511 57.15405 -6.089984
1.071557 -0.1233657 0.3333682 -10.07118 52.8945 -5.196855
1.080834 -0.1070083 0.2923526 -13.30018 48.65023 -5.906778
1.07058 -0.1243423 0.2247256 -17.19331 42.87924 -5.548
1.066674 -0.1624282 0.1719912 -20.67423 37.02428 -5.983114
1.063744 -0.2178482 0.1007022 -23.02537 30.79527 -6.082351
1.053734 -0.2637466 0.03795803 -26.05591 24.00137 -5.662504
0.9797598 0.1471421 2.06579 -16.7353 197.0395 -82.6396
1.071313 0.121019 1.901483 9.066229 246.0243 -107.8991
1.086205 0.1476304 1.806757 14.25707 246.0243 -113.7846
1.085961 0.140062 1.747919 20.49371 246.0243 -118.4259
1.114281 0.1588608 1.66247 26.87539 246.0243 -124.6625
1.098412 0.2096421 1.620722 25.18073 246.0243 -129.1511
1.124779 0.1927964 1.579462 23.90592 246.0243 -133.9678
1.138451 0.1674057 1.572626 21.0357 246.0243 -136.8686
1.173607 0.121019 1.562128 17.79906 246.0243 -139.09
1.204857 0.1056382 1.571894 15.32577 246.0243 -140.9602
1.22976 0.08928076 1.552851 9.974626 246.0243 -141.7923
1.240258 0.06657568 1.533564 5.050962 246.0243 -142.5327
1.267602 0.0516831 1.508173 1.211267 246.0243 -142.4946
1.281029 0.03312841 1.429804 -0.7429313 246.0243 -143.0671
1.297631 0.04094091 1.340204 -1.834534 246.0243 -143.5785
1.30227 0.0541245 1.296015 -3.872703 246.0243 -144.1434
1.289086 0.04777685 1.206415 -3.620794 246.0243 -146.4411
1.324731 0.06096044 1.126337 -3.284916 246.0243 -148.174
1.317406 0.06022802 1.071894 -5.445221 246.0243 -150.5098
1.315941 0.04728857 1.019159 -4.971939 246.0243 -153.4717
1.328881 -0.01887354 0.9390811 -0.5291909 246.0243 -156.3801
1.369897 -0.016188 0.8550967 1.028061 246.0243 -160.403
1.359887 -0.02131495 0.8021182 1.00516 246.0243 -162.0976
1.380639 -0.06794581 0.7586612 2.70745 246.0243 -166.9678
1.196068 -0.08698877 0.7425479 5.867755 246.0243 -168.5709
1.294213 -0.2393325 0.5877627 3.615847 246.0243 -184.8533
1.357689 -0.1870864 0.5618838 2.821954 246.0243 -172.235
1.341576 -0.2947525 0.4305362 -1.407053 246.0243 -161.6243
1.493432 -0.2542251 0.1453799 -6.658962 246.0243 -171.3801
1.302514 -0.3421157 0.3038272 -11.81163 246.0243 -165.1892
1.354272 -0.3679946 0.1812686 -17.30782 246.0243 -149.7847
1.24392 -0.4851821 0.1146182 -23.58262 246.0243 -151.2427
1.244164 -0.5061783 0.107294 -32.14751 246.0243 -148.8304
1.138451 -0.5323013 0.06798732 -45.65896 246.0243 -147.1816
1.126488 -0.5794205 -0.06165135 -56.12461 246.0243 -138.3343
1.10476 -0.6675552 -0.06165135 -68.30782 246.0243 -122.9907
0.976586 -0.7381119 -0.06165135 -78.79636 246.0243 -115.5556
0.9936758 -0.9029068 -0.06165135 -83.14751 246.0243 -104.5098
0.9856192 -1.051344 -0.06165135 -73.8727 246.0243 -107.8686
0.8320547 -1.0157 -0.06165135 -71.54446 246.0243 -92.85334
0.7165761 -0.9453873 -0.06165135 -80.93377 246.0243 -87.23502
0.5512929 -0.9007095 -0.06165135 -107.6132 242.5052 -92.79227
0.6074453 -1.026686 -0.06165135 -123.5903 224.6273 -73.30373
0.6308828 -1.338698 -0.06165135 -104.2315 214.0624 -59.55563
0.4995351 -1.422926 -0.06165135 -76.94904 186.8182 -46.13578
0.4883047 -1.461745 -0.06165135 -43.01011 175.4212 -47.45639
0.4509511 -1.430495 -0.06165135 -12.90324 156.7266 -37.85334
0.4345937 -1.223952 -0.06165135 -11.75056 135.1922 -27.85334
0.4731679 -1.16487 -0.06165135 -12.37652 118.864 -15.81518
0.5210195 -1.089674 -0.06165135 -9.239115 104.5357 -6.853343
0.5857168 -1.000319 -0.06165135 -7.781099 94.42885 -3.593801
0.6516347 -0.9004654 -0.06165135 -5.567359 82.81053 4.932916
0.731957 -0.7761978 -0.06165135 -4.040641 73.61969 11.4749
0.7920156 -0.69319 -0.04114354 1.043328 65.42885 13.29933
0.8716055 -0.6187271 0.002313495 7.524244 57.45176 21.53597
0.851586 -0.5779556 0.0738467 18.44791 52.96321 18.01689
0.8860098 -0.4075454 0.1500186 22.94409 47.51283 18.79551
0.8935781 -0.269606 0.2376651 18.35631 37.39069 20.69627
0.9792715 -0.1939224 0.2679385 12.84486 34.20748 25.41383
1.032006 -0.0889419 0.2850283 6.89829 26.52809 25.07032
1.019066 -0.06330714 0.3057803 2.844855 20.7342 27.36803
1.066918 -0.02424464 0.3255557 0.4402748 14.15405 25.07032
1.116479 0.04557958 0.3826846 -3.544458 10.21511 22.46727
1.14309 0.08635107 0.4515323 -8.407054 4.917404 20.23063
1.155785 0.08586279 0.491083 -11.9414 -0.5864124 20.26116
1.192895 0.07365575 0.5562686 -18.10934 -3.151298 16.4978
1.222436 0.05705419 0.6046084 -25.05591 -5.120764 16.36803
1.230736 -0.003248543 0.6102237 -28.8498 -7.052061 15.3604
1.24807 -0.0420669 0.6050967 -31.09407 -8.81542 11.89475
1.245141 -0.08918604 0.6041202 -32.97194 -10.1971 11.29933
1.217309 -0.1702407 0.569208 -34.67423 -12.61695 9.894748
1.182152 -0.2617935 0.510126 -34.83453 -15.41084 8.719175
1.136986 -0.3560318 0.4424991 -34.16278 -19.2658 8.551236
1.108422 -0.422438 0.3814639 -33.9185 -24.51771 10.17719
1.057152 -0.5047134 0.2969912 -34.48339 -30.38794 11.64284
1.016869 -0.56819 0.2308291 -34.51392 -37.49481 14.42146
0.9914785 -0.6175064 0.1685733 -36.90324 -44.91466 16.80314
0.9751211 -0.6419205 0.1319522 -39.67423 -52.87649 19.06269
0.9485098 -0.6546158 0.1185244 -43.92614 -62.89175 23.31459
0.9353262 -0.6604752 0.1199893 -49.45285 -72.29634 27.34513
0.9331289 -0.7024673 0.1463565 -51.97957 -80.86122 30.96345
0.9387442 -0.7310318 0.1937197 -51.48339 -88.43375 32.91765
0.9455801 -0.7320084 0.2349795 -54.06354 -95.68565 36.03979
0.957543 -0.7583755 0.2794131 -57.77346 -101.8307 41.29169
0.9729239 -0.7732681 0.3082217 -62.97194 -108.2353 45.89475
0.9985586 -0.8225845 0.3375186 -64.83453 -113.0444 50.48254
1.009057 -0.8379654 0.3626651 -66.06354 -118.22 54.11612
1.001 -0.8787369 0.399042 -65.83453 -124.5864 56.97872
0.6167226 -0.4634536 -0.06165135 -61.69713 246.0243 -106.548
0.8969961 -0.01472315 0.2762393 -13.42995 43.90977 31.12375
0.9631582 0.006517082 0.3272647 -16.29255 40.16932 27.18482
0.9880606 0.01335302 0.3995303 -15.57499 34.74947 24.55124
1.040551 0.01994482 0.4796084 -14.47576 31.06244 23.45963
1.111596 0.04582372 0.5445498 -13.33072 29.55863 19.39857
1.148217 0.04557958 0.6380557 -13.14751 27.8487 16.99398
1.196068 0.07365575 0.6849307 -15.65896 28.34489 15.68101
1.232445 0.06584325 0.7249698 -18.14751 28.8029 16.19246
1.242455 0.02238622 0.7208194 -18.88033 31.65023 15.16956
1.236596 0.003343254 0.6700381 -18.93377 34.65786 12.06269
1.213891 -0.02082667 0.5963077 -19.46049 34.9174 12.6123
1.172143 -0.07502589 0.4674014 -19.74293 34.81054 10.5207
1.082055 -0.139479 0.3214053 -20.46049 31.7113 10.17719
0.9907461 -0.2386001 0.2020205 -18.88797 26.62733 8.26116
0.9555899 -0.2769302 0.09215725 -20.07117 21.58916 8.184824
0.8864981 -0.326979 -0.03040135 -25.01774 13.61969 11.80314
0.8257071 -0.3601821 -0.06165135 -31.35362 5.321984 15.29933
0.7861562 -0.4114517 -0.06165135 -42.37652 -8.120764 13.17719
0.7480703 -0.497145 -0.06165135 -45.76583 -17.97573 23.62757
0.7107168 -0.5623306 -0.06165135 -50.23911 -31.43374 23.07795
0.6985097 -0.6580338 -0.06165135 -46.72003 -41.31924 22.5207
0.7063222 -0.6594986 -0.06165135 -43.69713 -52.31924 23.51307
0.6933828 -0.6846451 -0.06165135 -45.93377 -64.42611 28.4291
0.7170644 -0.7288345 -0.06165135 -47.11698 -73.64748 30.88711
0.7322011 -0.7586197 -0.06165135 -46.65133 -82.81542 34.30696
0.7488027 -0.7967056 -0.03381932 -46.59026 -90.64748 37.4749
