-0.2959443 0.1489595 1.645662 -116.6378 -13.72446 -72.70499
-0.224167 0.1745942 1.755281 -118.1492 -12.984 -66.58286
-0.1914521 0.3005708 1.796297 -118.6683 -11.13667 -63.90347
-0.2266084 0.2077974 1.833895 -107.966 -13.0756 -64.49889
-0.2256318 0.247104 1.854402 -109.6149 -13.81606 -62.46072
-0.2505342 0.1999849 1.885164 -102.1798 -14.61759 -62.70499
-0.2261201 0.233188 1.919344 -102.363 -13.33515 -60.8882
-0.2292939 0.2038911 1.95865 -95.53091 -13.20537 -61.17828
-0.21904 0.2265962 1.959871 -93.95076 -11.8466 -60.12484
-0.2153779 0.2168306 1.963777 -90.94313 -11.13667 -59.7279
-0.2214814 0.2156099 1.961092 -87.63779 -10.41148 -59.88057
-0.2100068 0.195102 1.963289 -83.37824 -10.04507 -59.73553
-0.2058564 0.1816743 1.963289 -82.11107 -9.067969 -58.98743
-0.2107393 0.1555513 1.956453 -76.36298 -8.327511 -59.50652
-0.206833 0.1557954 1.949861 -74.45457 -8.90003 -58.78896
-0.2082978 0.1321138 1.942781 -69.78282 -9.442015 -59.01034
-0.2112275 0.1262544 1.928621 -66.43168 -9.648123 -58.8195
-0.2168428 0.1228364 1.917635 -63.20267 -10.62522 -58.26988
-0.2187959 0.1150239 1.903475 -62.21794 -11.26644 -57.45309
-0.2183076 0.1118501 1.893953 -59.59199 -12.31224 -57.05614
-0.8271943 -0.05318897 1.53824 12.56069 -4.678657 -25.81186
-0.7822724 -0.02218311 1.613924 0.5683203 3.000733 17.68432
-0.751999 -0.006313965 1.640291 -6.851527 6.535084 21.44768
-0.7278291 -0.01119678 1.688143 -10.76756 12.35951 23.86753
-0.7109834 -0.03683154 1.619783 -13.11107 15.9244 26.83699
-0.7063447 -0.06222217 1.512605 -14.83626 15.77936 28.76066
-0.7356416 -0.07833545 1.453279 -11.38588 13.75646 31.00493
-0.7490693 -0.1144683 1.431551 -8.133969 13.0618 33.09653
-0.7383271 -0.1154448 1.43033 -4.45458 12.28318 34.98203
-0.7351533 -0.1137358 1.446932 -1.64542 12.78699 37.03547
-0.708542 -0.0863921 1.475984 -1.637786 13.61905 39.73775
-0.6750947 -0.06148975 1.507234 -2.446947 14.95493 42.03547
-0.644333 -0.02218311 1.520662 -5.912596 16.88623 44.9973
-0.609665 -0.0004545897 1.550936 -9.538549 18.72592 47.79882
-0.5920869 0.03543408 1.560213 -15.37061 21.32898 49.71486
-0.5815888 0.0583833 1.576814 -20.55382 23.82516 49.90569
-0.6123506 -0.0107085 1.56534 -25.82862 25.39768 52.70722
-0.5898896 -0.02413623 1.581697 -28.04237 28.12287 56.66905
-0.5950166 0.01834424 1.556062 -31.36298 31.1305 57.54691
-0.614792 0.04422315 1.507234 -34.9584 30.25264 59.01257
-0.5605927 0.03518994 1.59366 -34.66832 37.07707 58.50111
-0.5207978 0.1155122 1.577303 -26.56908 41.58089 54.40951
-0.5581513 0.1015962 1.554598 -18.19504 41.77173 50.21104
-0.5708467 0.1535981 1.571687 -9.958397 39.88623 48.28738
-0.5647431 0.0608247 1.62491 -2.393512 41.68776 46.20341
-0.6055146 0.04642041 1.498689 -2.294275 42.53508 45.1347
-0.6023408 0.03421338 1.592928 4.362214 43.41295 44.03547
-0.6060029 0.1037935 1.548494 1.240077 46.55035 43.19577
-0.6538545 0.05105908 1.505525 7.965267 44.9702 41.76829
-0.6648408 0.08255322 1.502107 7.614122 44.1076 40.90569
-0.6570283 -0.02828662 1.450838 11.74389 44.51218 40.36371
-0.6921845 0.0661958 1.501619 10.56832 46.30608 39.55455
-0.7012177 0.02933057 1.517 9.65229 45.69539 40.86753
-0.6921845 0.06277783 1.504305 9.041603 46.60379 40.1118
-0.6682588 -0.02364795 1.5441 -5.0271 47.016 45.9515
-0.6746064 -0.005581543 1.535799 -11.96603 48.48165 48.35608
-0.6892549 0.02176221 1.541414 -13.44695 48.45875 49.02783
-0.7012177 0.05008252 1.549227 -19.24084 47.76409 50.84463
-0.7141572 0.02225049 1.531893 -23.73702 47.30608 52.46294
-0.6997529 0.02542432 1.552156 -26.44695 49.9931 52.85989
-0.7231904 0.04544385 1.495271 -32.04237 47.21447 55.24921
-0.7122041 0.04104932 1.562898 -32.51565 46.76409 55.47821
-0.7073213 0.07010205 1.603914 -37.38588 51.64959 55.63852
-0.7314912 0.06228955 1.522371 -39.67596 48.21447 56.78355
-0.7185517 0.03567822 1.600252 -43.25611 45.13814 58.1118
-0.6714326 0.1391938 1.691805 -39.94313 50.64959 56.05836
-0.7510224 0.1465181 1.507723 -35.82099 47.00837 53.9744
-0.8081513 0.08182079 1.430086 -33.79809 40.13814 53.34081
-0.753708 0.1233247 1.600496 -31.49275 42.78699 51.02783
-0.7195283 0.1457856 1.656648 -27.71412 46.83279 49.07363
-0.7307588 0.1889985 1.601228 -24.68359 45.17631 46.55455
-0.7419892 0.165561 1.509676 -21.49275 38.80989 45.24157
-0.6916963 0.1970552 1.613436 -20.95076 40.68776 42.44768
-0.6899873 0.174106 1.61075 -20.37824 43.26028 41.2263
-0.6975556 0.1660493 1.534334 -16.90496 40.93967 38.76066
-0.6899873 0.1609224 1.533602 -14.92023 37.32898 37.2263
-0.6814424 0.1994966 1.578768 -12.14924 37.68012 34.70722
-0.6758271 0.1594575 1.586824 -9.553817 37.64196 32.47058
-0.6753388 0.1455415 1.575105 -7.34771 35.86333 30.82172
-0.6748506 0.1450532 1.610018 -6.370611 35.30608 28.98966
-0.6614228 0.1294282 1.629305 -6.683588 36.14577 28.41714
-0.68779 0.1785005 1.631502 -7.553817 36.0618 27.08127
-0.6873017 0.1975434 1.611971 -7.897328 34.96257 25.53928
-0.6831513 0.2029145 1.633699 -6.004199 34.55035 22.72249
-0.6653291 0.2119478 1.645418 -3.714122 35.07707 19.96676
-0.642624 0.2173188 1.662752 -0.1263361 35.45111 16.82936
-0.6206513 0.2046235 1.650545 3.331679 35.0618 13.0202
-0.6128388 0.196811 1.687898 9.385115 36.20684 8.943863
-0.6001435 0.2163423 1.694002 11.49199 37.38241 5.898061
-0.5989228 0.2112153 1.715975 16.48435 39.30608 1.569817
-0.5984345 0.2395356 1.701326 16.36221 42.016 -1.773695
-0.6182099 0.2300142 1.660555 17.75916 42.74883 -4.750793
-0.6438447 0.2243989 1.664949 16.37748 44.13814 -7.582855
-0.6406709 0.2048677 1.687166 16.60649 47.06944 -10.9569
-0.6550752 0.2099946 1.666658 17.32405 48.61142 -14.30041
-0.6523896 0.212436 1.692537 16.41565 50.26028 -17.72789
-0.630417 0.186313 1.726473 15.8584 54.48928 -20.74316
-0.6196748 0.1719087 1.664217 14.7897 57.95493 -23.67446
-0.6201631 0.1716645 1.677156 11.13321 62.39005 -26.60576
-0.6191865 0.1103853 1.594148 6.835496 65.0847 -26.05614
-0.4915009 0.08572704 1.547518 -2.813359 71.77172 -37.53706
-0.6389619 -0.1349761 1.700594 -5.85916 73.1534 -30.99507
-0.5869599 0.1650728 1.482332 -19.17977 75.13814 -22.63629
-0.6184541 -0.01119678 1.459627 -23.84389 66.03889 -20.76606
-0.6069795 0.116977 1.565828 -36.50801 66.32897 -18.80423
-0.5691377 0.05276806 1.514559 -38.1874 67.77936 -17.35385
-0.5854951 0.006381348 1.574861 -40.46985 71.03127 -17.52179
-0.6523896 0.09622509 1.561189 -46.74466 72.78699 -16.9111
-0.7439424 0.0493501 1.502107 -47.43932 73.42058 -16.37675
-0.2827607 -0.5231597 0.7452714 -12.65305 21.70302 23.03547
-0.1238252 -0.4655425 0.4022539 -11.59198 12.81753 2.409512
-0.1306611 -0.4809234 0.4237382 -15.70649 10.19157 2.241573
-0.1528779 -0.4933745 0.4298418 -24.66069 9.970198 3.829359
-0.1704561 -0.4994781 0.4227617 -28.56908 7.077069 4.157602
-0.1846162 -0.4977691 0.4447343 -35.14924 5.191573 5.27974
-0.186081 -0.4965484 0.4593828 -38.38588 3.191573 5.653787
-0.2004853 -0.4975249 0.4845293 -41.70649 1.275542 5.722488
-0.2158662 -0.4970366 0.5003984 -42.52328 -0.1519389 5.325542
-0.220749 -0.4965484 0.5187089 -43.0271 -1.777893 5.310275
-0.2185518 -0.4797027 0.5174882 -42.59962 -3.045069 4.524015
-0.220749 -0.476773 0.5157793 -41.76756 -4.541252 4.302641
-0.2148896 -0.4662749 0.5362871 -40.51565 -5.350412 3.615618
-0.2180635 -0.4731109 0.5506914 -39.72939 -6.503084 3.027832
-0.2122041 -0.4670074 0.5624101 -38.05763 -7.014534 2.524015
-0.1924287 -0.4665191 0.5875566 -35.94313 -7.617588 1.913328
-0.1819307 -0.4718902 0.6083086 -33.04237 -8.235909 1.134703
-0.1804658 -0.45773 0.633455 -29.72939 -7.556519 -0.3614807
-0.1707002 -0.4533355 0.6571367 -26.68359 -6.915298 -1.040871
-0.1643525 -0.4489409 0.6734941 -23.54618 -5.907664 -2.850031
-0.1548311 -0.4508941 0.6886308 -21.17977 -5.037435 -4.323313
-0.1316377 -0.4430816 0.7113359 -20.82863 -3.312244 -4.201176
-0.1250459 -0.4242827 0.7040117 -19.11107 -0.724458 -5.323313
-0.1003877 -0.4218413 0.7062089 -18.75992 0.7717252 -6.056137
-0.09648144 -0.4357574 0.7088945 -18.21794 3.222107 -6.460718
-0.09257519 -0.4320952 0.7140214 -16.50801 5.267909 -7.605755
-0.08940136 -0.4416167 0.7120683 -15.72939 6.863328 -7.872931
-0.08720409 -0.440396 0.7284257 -14.56145 9.260275 -8.201176
-0.081833 -0.4494292 0.7460039 -12.99656 10.96256 -8.766062
-0.0908662 -0.4521148 0.7518632 -10.9355 12.93966 -9.147741
-0.09306347 -0.4513824 0.760164 -8.561451 15.32898 -9.74316
-0.1062471 -0.4572417 0.7643144 -6.508016 17.19157 -10.21644
-0.1160127 -0.4704253 0.7762773 -5.210305 19.05417 -10.46835
-0.1206514 -0.4843413 0.7691972 -4.927863 20.76409 -10.07904
-0.1255342 -0.5048491 0.7731035 -6.118702 22.21447 -9.460718
-0.132126 -0.5094878 0.7787187 -7.256107 24.016 -8.888199
-0.1472627 -0.5246245 0.7840898 -9.248473 25.80989 -7.819496
-0.1516572 -0.5414702 0.7818925 -10.43931 27.06944 -6.903465
0.1308135 -0.4269683 0.6788652 -8.714123 30.13814 -3.193542
0.05512989 -0.4980132 0.7523515 -14.06527 27.91676 -4.865297
-0.02616894 -0.5876128 0.7098711 -24.63779 29.54272 0.5545502
