-0.1459727 0.1832749 1.015009 1.188366 -0.4261072 0.02451921
-0.1425547 0.1759507 1.029657 1.531878 -0.5940461 0.02451921
-0.1369395 0.1766831 1.033075 1.257069 -0.4871757 0.2535268
-0.1408457 0.1674057 1.025995 0.5624123 0.02427435 0.07795429
-0.1486582 0.1752182 1.02038 0.3181374 -0.2200003 0.230626
-0.1469492 0.1815659 1.011591 0.7379847 -0.1131301 0.2153589
-0.139625 0.1796128 1.020868 1.127298 -0.3879392 -0.1739541
-0.1418223 0.1779038 1.020624 1.257069 -0.1741986 -0.03654957
-0.1423105 0.1749741 1.022333 0.9822596 -0.006259918 0.2229924
-0.1476816 0.176439 1.029413 0.2570688 0.1387782 0.08558786
-0.1418223 0.1744858 1.025263 0.1120305 0.2303815 0.3374963
-0.144752 0.1771714 1.026483 0.8830229 -0.03679419 0.2458932
-0.1445078 0.1742417 1.020136 1.00516 -0.4642751 0.01688552
-0.1454844 0.1757065 1.028437 1.035695 -0.08259583 0.06268704
-0.1371836 0.1742417 1.026728 1.050962 -0.09022903 0.03215277
-0.1452402 0.1759507 1.024042 0.7914199 -0.006259918 0.009251952
-0.1471934 0.1737534 1.014521 0.6540153 0.2609158 0.2077253
-0.1406016 0.1732651 1.024774 0.287603 0.03954172 0.2153589
-0.1384043 0.1771714 1.013788 0.4479084 -0.1360307 0.1848245
-0.1489023 0.176439 1.010614 0.7914199 -0.03679419 -0.1052518
-0.143043 0.1744858 1.011103 0.9288244 -0.2429011 0.3145955
-0.1415781 0.173021 1.028681 0.6234809 0.08534336 0.100855
-0.1440195 0.1725327 1.021112 0.676916 0.1540456 -0.09761822
-0.1489023 0.17473 1.021356 0.7303512 -0.02152681 0.1084886
-0.1449961 0.1786362 1.014276 0.7761527 0.02427435 0.009251952
-0.1418223 0.1739975 1.020624 1.028061 0.131145 -0.01364875
-0.1403574 0.176439 1.020868 0.7685191 0.02427435 0.001618385
-0.143043 0.1703354 1.029413 0.6082138 0.1006103 0.230626
-0.1445078 0.1786362 1.022821 0.6998168 0.29145 -0.03654957
-0.1376719 0.1739975 1.018183 0.7303512 -0.2200003 0.1084886
-0.1415781 0.1776597 1.009394 0.715084 -0.1283972 0.230626
-0.1410898 0.1757065 1.021112 0.936458 0.07007599 0.192458
-0.1464609 0.1749741 1.030878 0.5776794 -0.04442787 -0.04418314
-0.143043 0.1788804 1.021356 0.8601221 0.1158776 0.100855
-0.143043 0.1801011 1.027216 0.5929465 0.1464119 0.2077253
-0.1369395 0.173021 1.022089 0.4708091 0.1769462 0.06268704
-0.1474375 0.1791245 1.019892 0.5395114 0.4212213 0.009251952
-0.1425547 0.173021 1.024286 0.715084 0.07007599 0.100855
-0.1467051 0.1720444 1.016718 0.6463817 0.1235113 -0.006015182
-0.1457285 0.1779038 1.021845 0.6387481 0.08534336 0.1313894
-0.1418223 0.1769272 1.026483 0.7532519 -0.05206108 0.05505347
-0.1437754 0.1710679 1.022577 0.7456183 -0.1131301 0.2535268
-0.1371836 0.1776597 1.016718 0.4326413 0.07770967 0.2000917
-0.1386484 0.17473 1.020136 0.8295877 -0.1283972 -0.1357862
-0.1403574 0.1796128 1.019159 0.7303512 0.1082439 0.01688552
-0.1454844 0.176439 1.02453 0.7914199 -0.05206108 0.2000917
-0.1442637 0.173021 1.025507 0.7227176 0.09297705 0.2077253
-0.1440195 0.173021 1.020136 0.6692824 0.3830533 0.1848245
-0.1462168 0.1788804 1.025751 0.417374 0.01664114 0.07032073
-0.144752 0.1798569 1.020136 0.6463817 0.1616793 0.05505347
-0.1449961 0.1769272 1.027948 1.272336 0.08534336 0.01688552
-0.1427988 0.1759507 1.025751 0.6387481 0.1235113 0.4443665
-0.1357188 0.1752182 1.021112 0.417374 0.3754196 0.1313894
-0.1484141 0.173021 1.028925 0.8524886 -0.2734354 0.07032073
-0.1445078 0.1757065 1.022089 1.020427 -0.07496214 0.1390229
-0.1427988 0.1791245 1.018183 0.325771 0.07007599 0.2535268
-0.1437754 0.1779038 1.023554 1.081496 -0.08259583 0.07032073
-0.1445078 0.1722886 1.02038 0.6540153 -0.09786272 0.2611604
-0.1449961 0.1786362 1.015253 0.5547786 0.2685494 0.3069619
-0.1359629 0.1718003 1.016474 0.4326413 0.4822898 0.1771909
-0.1462168 0.1761948 1.021601 0.5318779 0.2303815 0.230626
-0.1393809 0.1822983 1.017694 0.5547786 0.1616793 0.02451921
-0.143043 0.1710679 1.02453 0.5166107 0.07770967 0.1390229
-0.1467051 0.1749741 1.017206 0.547145 0.1006103 0.4825344
-0.1332773 0.1822983 1.023798 0.6692824 0.1158776 0.100855
-0.1401133 0.1771714 1.02331 0.6082138 -0.02152681 0.100855
-0.1371836 0.1791245 1.027948 0.8982901 0.1769462 0.192458
-0.1440195 0.1757065 1.012323 0.7990534 0.01664114 0.07795429
-0.1464609 0.1779038 1.023554 0.6311145 0.05480909 0.2077253
-0.1371836 0.1808335 1.025263 0.5166107 -0.1054964 0.2229924
-0.1471934 0.1732651 1.0487 0.3105038 -1.181832 0.1619238
-0.1371836 0.1691147 1.039911 2.470809 0.58916 -0.158687
-0.1547617 0.1796128 0.9925479 1.341038 -0.06732845 0.2611604
-0.1449961 0.1700913 1.001337 -0.9032368 -0.1665652 0.3527634
-0.134498 0.1718003 1.061151 0.1730993 -0.9986262 0.4825344
-0.1420664 0.1786362 1.025263 2.821954 0.4822898 -0.1357862
-0.1471934 0.1774155 0.9901065 0.9593588 0.2074809 0.1848245
-0.1454844 0.1779038 1.020624 -0.6055268 -0.9909925 0.3298627
-0.1384043 0.1761948 1.061884 1.127298 -0.1131301 -0.006015182
-0.1459727 0.1796128 1.023554 1.883023 0.3601522 -0.01364875
-0.1540293 0.1844956 0.99621 0.1807328 -0.006259918 0.2382596
-0.1371836 0.1718003 1.022333 -0.284916 -0.4337406 0.3451298
-0.1398691 0.1749741 1.040888 1.180733 0.2151141 0.2687939
-0.1457285 0.1749741 1.014032 1.417374 -0.02152681 0.1084886
-0.1427988 0.1710679 1.0133 -0.04827476 0.009007454 0.2382596
-0.1425547 0.1725327 1.023065 0.3486718 -0.2963362 0.192458
-0.1437754 0.1735093 1.022089 0.8906565 0.4441218 0.1390229
-0.1457285 0.1803452 1.008905 0.508977 0.2074809 0.1619238
-0.1410898 0.1752182 1.012812 0.4326413 -0.1207635 0.03978634
-0.1388926 0.1822983 1.022333 0.7990534 -0.1970994 0.2000917
-0.1427988 0.1805893 1.026972 0.6158473 0.07770967 0.04741991
-0.1384043 0.1742417 1.015497 0.715084 0.29145 0.02451921
-0.1410898 0.176439 1.037226 0.8982901 -0.2581682 0.03978634
-0.1401133 0.1715561 1.027216 0.9975267 -0.1283972 -0.1128855
-0.1449961 0.1742417 1.01745 1.096763 -0.06732845 -0.01364875
-0.1454844 0.1793686 1.016962 0.7532519 -0.04442787 -0.028916
-0.1445078 0.1744858 1.030634 0.6005801 0.009007454 0.1542902
-0.1476816 0.1715561 1.025019 0.6158473 0.01664114 0.1237558
-0.1457285 0.176439 1.018427 0.6158473 0.03954172 0.2000917
-0.1464609 0.176439 1.02038 0.5242443 0.2227478 0.1619238
-0.1484141 0.1720444 1.015741 0.5624123 -0.3955727 0.2840612
-0.1393809 0.1798569 1.018427 0.9135572 -0.3803055 0.1848245
-0.1391367 0.1776597 1.021112 1.295237 -0.2200003 0.01688552
-0.1445078 0.1786362 1.01623 0.9135572 -0.2429011 -0.120519
-0.1418223 0.1798569 1.02038 1.012794 -0.09786272 0.03215277
-0.1462168 0.1744858 1.025263 1.104397 -0.3192368 -0.05945027
-0.1474375 0.173021 1.020868 0.7761527 0.001373768 0.02451921
-0.1469492 0.17473 1.017206 0.6692824 -0.08259583 0.07795429
-0.1486582 0.1808335 1.024042 0.5547786 -0.07496214 -0.05945027
-0.1364512 0.1688706 1.02331 0.6234809 0.1769462 0.1237558
-0.1420664 0.176439 1.018671 0.9059237 -0.3116033 -0.01364875
-0.1513438 0.17473 1.02038 0.5853129 -0.151298 -0.1128855
-0.1440195 0.1693589 1.024042 0.7608855 -0.1436644 0.1848245
-0.1432871 0.1783921 1.030146 0.8219542 -0.1818323 0.009251952
-0.143043 0.1798569 1.025751 0.5395114 0.08534336 0.1237558
-0.1384043 0.1754624 1.031855 0.4250076 0.1387782 0.2229924
-0.1510996 0.1774155 1.02038 0.6387481 0.1922135 0.1542902
-0.1415781 0.1776597 1.019403 0.5395114 0.1845798 0.07795429
-0.1418223 0.1822983 1.02038 0.5700459 0.03954172 0.02451921
-0.1467051 0.1803452 1.021112 0.4326413 -0.01389313 0.2153589
-0.1427988 0.1788804 1.026483 0.6540153 -0.1894658 0.3145955
-0.1474375 0.1769272 1.018183 0.6692824 0.1922135 0.07032073
-0.136207 0.1786362 1.024774 0.6234809 -0.09022903 -0.006015182
-0.144752 0.1786362 1.024286 0.7303512 -0.006259918 0.230626
-0.143043 0.1783921 1.025995 0.5776794 0.2609158 -0.03654957
-0.1471934 0.1735093 1.009882 0.3944733 0.03190804 0.1695573
-0.1406016 0.1771714 1.022577 0.2341679 0.03190804 0.06268704
-0.1437754 0.1725327 1.02038 0.4479084 0.3754196 0.01688552
-0.141334 0.1710679 1.030146 0.4021069 0.07007599 0.2153589
-0.1491465 0.1781479 1.022333 1.264702 -0.2352674 0.1161222
-0.1423105 0.1757065 1.018427 0.7227176 -0.2581682 0.2458932
-0.1398691 0.1722886 1.027216 0.5929465 -0.3879392 0.009251952
-0.1452402 0.1769272 1.021112 1.134931 0.009007454 0.01688552
-0.1435313 0.1822983 1.01745 0.5242443 -0.05206108 0.230626
-0.1418223 0.1766831 1.031855 0.7837862 -0.3039696 0.08558786
-0.1432871 0.1771714 1.018427 0.676916 0.2074809 0.2153589
-0.1479258 0.1757065 1.02038 0.5242443 0.0624423 0.3069619
-0.1432871 0.1842515 1.028192 0.325771 -0.02152681 0.1313894
-0.1479258 0.1759507 1.020136 0.3792061 0.2990837 0.07032073
-0.1462168 0.1732651 1.025995 0.5395114 -0.1207635 0.3832978
-0.1418223 0.1754624 1.021356 0.3028703 0.04717541 0.1848245
-0.1423105 0.1727768 1.027216 0.4097404 0.1540456 0.2458932
-0.141334 0.1801011 1.014521 0.3715725 -0.006259918 0.3374963
-0.1401133 0.1754624 1.020868 0.4784428 -0.1818323 0.2153589
-0.1398691 0.1822983 1.025019 0.4708091 -0.09022903 0.06268704
-0.141334 0.1781479 1.025263 0.715084 0.1540456 0.3832978
-0.1469492 0.1805893 1.024042 0.6311145 -0.2658017 0.2458932
-0.1381602 0.1757065 1.027216 0.6082138 -0.1436644 0.3374963
-0.141334 0.173021 1.035028 0.6692824 -0.151298 0.2458932
-0.1449961 0.1742417 1.015253 0.8601221 0.2609158 0.1084886
