-0.09079687 2.041918 0.7632998 -27.11698 -114.2887 -101.8915
-0.03659765 2.114183 0.8170108 -23.49866 -119.9147 -117.3266
0.02004297 2.143968 0.8792666 -19.17041 -124.846 -134.5098
0.1220937 2.163683 0.9507998 -18.60553 -123.0368 -154.7083
0.1736074 2.163683 1.067987 -25.69713 -120.1895 -169.2656
0.2290273 2.163683 1.137323 -35.92614 -121.8612 -182.5327
0.3017812 2.163683 1.15661 -45.78873 -119.7009 -197.4259
0.3764883 2.163683 1.279413 -57.83453 -116.3498 -211.1511
0.4199453 2.163683 1.352655 -76.44522 -111.7544 -223.3343
0.5017324 2.155199 1.403925 -82.69713 -108.907 -235.9297
0.5649648 2.126878 1.466425 -98.26202 -106.8002 -244.8533
0.6587148 2.041918 1.4862 -113.4147 -99.07497 -248.5709
0.7390371 1.975267 1.528681 -126.9261 -91.60931 -248.5709
0.8049551 1.887621 1.566278 -139.5063 -83.44138 -248.5709
0.8625723 1.788499 1.569452 -151.6895 -76.34214 -248.5709
0.9199453 1.700609 1.586542 -164.1781 -68.48717 -248.5709
0.9868399 1.576585 1.585077 -176.6437 -58.44137 -248.5709
1.02932 1.465257 1.55456 -188.1399 -47.87649 -248.5709
1.05642 1.385912 1.509638 -200.7582 -37.91466 -248.5709
1.074486 1.320482 1.483026 -211.9414 -29.74672 -248.5709
1.229272 1.146654 1.326532 -221.3307 0.2074809 -248.5709
1.178002 1.059007 1.298212 -238.4834 0.650229 -248.5709
1.20974 0.8341537 1.188593 -248.5139 10.14641 -248.5709
-0.02146094 1.767259 1.236688 -83.33835 -64.02916 18.85658
0.07180078 1.766039 1.45788 0.8906565 -54.38031 -128.5022
0.09206446 1.834642 1.504999 11.30287 -51.28107 -142.8228
0.09694727 1.908128 1.523798 17.11967 -49.57878 -155.0442
0.09890039 1.971361 1.525507 23.83722 -48.67801 -167.5175
0.1296621 2.051195 1.501825 31.02806 -46.41084 -184.2274
0.1330801 2.070238 1.537226 31.95173 -41.61695 -199.2961
0.1172109 2.081712 1.537714 33.67692 -45.36504 -205.7083
0.1714102 2.140306 1.483759 29.70745 -52.80779 -214.09
0.3020254 2.150804 1.401972 20.37921 -46.1513 -227.7999
0.3142324 2.074632 1.363642 12.87539 -39.72382 -242.8304
0.2810293 2.076341 1.373163 7.348671 -39.88412 -248.5709
0.3181386 2.097337 1.350214 -4.658962 -43.76962 -248.5709
0.4887929 2.017503 1.236444 -18.19331 -33.44138 -248.5709
0.4499746 2.008714 1.296991 -31.52156 -34.73145 -248.5709
0.4885488 2.059496 1.271845 -48.60553 -32.60168 -248.5709
0.5395742 2.027757 1.293329 -63.97194 -31.29634 -248.5709
0.6257558 1.96306 1.2987 -80.55209 -27.52534 -248.5709
0.7153554 1.896898 1.317743 -95.04064 -23.94519 -248.5709
0.7834707 1.837083 1.33288 -109.0941 -18.86885 -248.5709
0.8506094 1.756517 1.340448 -123.5063 -12.70855 -248.5709
0.9138418 1.675951 1.308222 -139.6132 -6.082596 -248.5709
0.9621817 1.574876 1.269159 -154.4758 0.1845798 -248.5709
1.005883 1.475267 1.225702 -171.5826 6.161679 -248.5709
1.029076 1.394457 1.199335 -191.4987 13.26855 -248.5709
1.057152 1.315599 1.196161 -207.9872 22.20748 -248.5709
1.076195 1.158128 1.123651 -222.0483 30.86397 -248.5709
1.137963 0.8671127 1.020624 -234.4681 40.36779 -248.5709
1.193139 0.7357651 0.916376 -248.5139 47.44412 -248.5709
1.194359 0.5743881 0.8760928 -248.5139 59.26092 -248.5709
1.152367 0.3558823 0.8467959 -248.5139 67.23038 -248.5709
1.189965 0.2399155 0.6949405 -248.5139 75.55099 -248.5709
1.122826 0.2565171 0.6500186 -248.5139 75.03191 -248.5709
1.014916 -0.06184229 0.4647159 -248.5139 86.72656 -248.5709
0.9184805 -0.333815 0.4556827 -248.5139 92.55099 -248.5709
0.7529531 -0.5830826 0.1656436 -248.5139 66.11588 -248.5709
0.8335196 -0.9082779 -0.03601658 -248.5139 76.00137 -248.5709
0.8025137 -1.048659 -0.02576268 -248.5139 81.71893 -248.5709
0.731957 -1.168288 -0.06165135 -248.5139 83.95557 -248.5709
0.6311269 -1.275465 -0.06165135 -248.5139 88.7571 -248.5709
0.4006582 -1.455885 -0.06165135 -248.5139 78.48992 -248.5709
0.3806386 -1.66194 -0.06165135 -248.5139 68.41358 -248.5709
0.4997793 -1.817458 -0.06165135 -248.5139 76.36015 -248.5709
0.4470449 -1.836256 -0.06165135 -248.5139 88.04717 -219.2503
0.2641836 -1.836256 -0.06165135 -248.5139 83.87923 -239.0824
0.08937891 -1.836256 0.008661151 -234.491 68.92503 -218.7617
0.04103907 -1.836256 0.03746974 -203.2239 52.00901 -229.4793
0.05275781 -1.836256 0.04479396 -177.1704 42.78764 -233.6472
-0.001197264 -1.817213 0.05480373 -155.0712 36.65786 -225.2579
-0.077125 -1.810866 0.07921779 -130.1704 30.55863 -220.8228
-0.1213145 -1.75984 0.08385647 -107.7506 25.06244 -218.5098
-0.1945566 -1.725905 0.07995021 -84.21621 15.97084 -215.09
-0.2514414 -1.690749 0.07457912 -61.86507 6.573893 -213.1587
-0.2936778 -1.671706 0.1019229 -41.62079 -3.670382 -209.2503
-0.3378672 -1.705397 0.1561221 -21.36889 -14.68565 -206.1816
-0.3530039 -1.703444 0.2073916 -2.162779 -24.54824 -202.3343
-0.3637461 -1.684889 0.2762393 14.52424 -33.60931 -195.6854
-0.2968516 -1.621413 0.3287295 27.99753 -37.12076 -184.2579
-0.3820567 -1.641676 0.4634952 40.71508 -42.95282 -179.7617
-0.3937754 -1.629958 0.5469913 52.61585 -58.42611 -176.9297
-0.3700938 -1.598952 0.6097354 72.38684 -64.97572 -170.3877
-0.4216074 -1.544508 0.727167 94.30287 -70.02153 -164.4335
-0.2570567 -1.300612 0.8297061 115.7685 -72.70092 -174.235
-0.2240977 -1.223219 0.9085635 118.5242 -72.37267 -157.2427
-0.358375 -1.130934 0.9595889 116.7533 -84.58642 -155.8381
-0.2616953 -1.116774 1.066278 123.4403 -94.51772 -149.403
-0.2077402 -1.052077 1.105097 133.9899 -102.449 -130.006
-0.1218027 -1.113844 1.103632 143.0968 -85.67039 -127.4106
-0.1537852 -1.023756 1.255731 150.1655 -79.54061 -119.2121
-0.1301035 -0.8899673 1.411005 142.4021 -85.85359 -103.7465
0.02101953 -0.8084244 1.584101 128.196 -75.15894 -92.30373
-0.0524668 -0.7815689 1.819452 98.48608 -62.96046 -93.87624
0.05226953 -0.8064713 1.911981 72.91356 -59.30397 -86.23502
0.09719141 -0.9004654 1.924677 59.08913 -51.86122 -81.54037
0.2297598 -0.9807877 1.881952 54.20364 -35.73908 -74.94495
0.237084 -0.9505142 2.002558 45.05096 -24.99863 -58.548
0.162377 -0.8982681 2.215448 20.2876 -16.84595 -44.93731
0.1760488 -0.922438 2.320673 -19.43759 -2.586412 -33.96021
0.2395254 -0.9698013 2.580194 -40.9414 23.42122 -37.67014
0.3130117 -1.069655 2.461786 -53.51392 23.24565 -19.79991
0.3813711 -1.218336 2.693476 -70.7811 43.42886 -5.563267
0.2798086 -1.323317 2.845575 -113.3231 83.11588 -2.158687
0.1628652 -1.572829 2.764032 -93.97957 79.14641 22.99398
0.1135488 -1.751051 2.365839 -55.59026 85.65022 29.6123
0.04177149 -1.595778 2.017694 -0.544458 89.05481 16.86421
0.1726309 -1.08235 1.890009 -13.62079 102.3372 21.75734
0.1289297 -0.9707779 1.825312 -26.84217 105.7266 43.02452
0.03908594 -1.02571 1.688105 -30.69713 106.154 48.3375
0.04689844 -0.9138931 1.602899 -34.84217 105.5205 53.61231
0.04201563 -0.8687271 1.593866 -39.65133 107.4365 60.29169
-0.1091074 -0.7351822 1.948603 -27.93377 -28.91466 -77.80754
0.315209 0.04069677 2.138788 71.76089 63.35252 -51.38006
0.2680898 0.06291357 1.998407 92.50134 72.7571 -59.92968
0.3174062 -0.008375496 1.998651 129.6082 68.8945 -87.62434
0.3215566 0.1351792 2.196161 170.1197 82.19221 -101.9755
0.3410879 0.2853257 2.167597 198.0891 83.48992 -114.7083
0.3286367 1.063402 2.557978 78.76852 78.64259 1.932916
0.1389395 0.8300034 2.418085 45.30287 127.8716 -150.5633
0.6213613 0.4042222 2.747187 17.47844 125.5739 -147.7388
0.6299062 0.7718979 2.742792 25.3334 120.3678 -125.2045
0.6345449 0.661058 2.588007 38.39447 127.4136 -122.4259
0.6145254 0.6000229 2.537226 45.1731 128.551 -135.7083
0.8137442 0.6927963 2.515009 54.03569 167.7495 -133.3037
0.7502676 0.6285873 2.407343 52.78379 182.78 -142.0213
0.7251211 0.5753647 2.428339 52.98989 185.1464 -153.235
0.8254629 0.5883041 2.356318 48.53188 195.0853 -160.6625
0.8432852 0.5470444 2.317499 43.02043 205.9632 -167.6243
0.8713614 0.4801499 2.24914 39.88302 214.6884 -172.3801
0.889916 0.4281479 2.230341 34.18837 222.3143 -175.235
0.9673086 0.3417222 2.210321 28.99753 232.9479 -178.0213
1.024926 0.2631089 2.187372 22.50134 243.6655 -180.006
1.059106 0.1993882 2.140253 15.37157 246.0243 -181.9602
1.126244 0.1354233 2.071894 9.371572 246.0243 -182.8915
1.185814 0.107103 2.023798 2.921191 246.0243 -182.1282
1.252709 0.08097998 1.968622 -4.078809 246.0243 -181.1358
1.28225 0.0607163 1.92956 -10.95667 246.0243 -180.6472
1.303002 0.02409521 1.845575 -16.55972 246.0243 -180.9221
1.354027 0.008226067 1.749628 -20.85744 246.0243 -182.7159
1.401391 -0.04255518 1.64538 -22.13224 246.0243 -186.8152
1.431664 -0.03156886 1.574823 -20.45285 246.0243 -189.9831
1.525658 -0.004957527 1.417841 -22.74293 246.0243 -193.4869
1.491479 -0.031813 1.427118 -19.92614 246.0243 -196.0366
1.396264 -0.1216568 1.32995 -9.323084 246.0243 -208.9755
1.378441 -0.1245864 1.300897 -6.61316 246.0243 -235.2656
1.395531 -0.1582778 1.231317 -4.498657 246.0243 -248.5709
1.472191 0.003343254 1.05456 3.341038 246.0243 -248.5709
1.756859 -0.2925552 0.744501 9.218901 246.0243 -248.5709
