2.289799 1.058289 0.1581221 157.7425 6.530993 251.8109
2.289799 1.216004 0.1200361 168.1547 8.508091 251.8109
2.289799 1.334656 -0.0525713 175.1852 8.989008 251.8109
2.289799 1.603943 -0.2539873 184.4142 -3.690382 251.8109
2.289799 1.938172 -0.2605791 198.0554 -12.15603 251.8109
2.289799 2.137879 -0.2605791 206.5287 -15.39267 251.8109
2.289799 2.224976 -0.2605791 221.2081 -20.48428 251.8109
2.289799 2.224976 -0.2605791 227.5516 -38.85832 251.8109
2.289799 2.224976 -0.2605791 214.544 -47.72855 251.8109
2.289799 2.224976 -0.2605791 203.6585 -58.69038 251.8109
2.289799 2.224976 -0.2605791 180.2921 -72.75908 251.8109
2.289799 2.224976 -0.2605791 152.8112 -77.85069 251.8109
2.289799 2.224976 -0.2605791 147.6051 -95.24763 251.8109
2.289799 2.224976 -0.2605791 145.6127 -95.18657 251.8109
2.054264 2.224976 -0.2605791 157.315 -105.7667 251.8109
1.86359 2.224976 -0.2605791 146.9638 -110.1408 223.4521
1.672917 2.224976 -0.2605791 101.6127 -131.7056 165.3605
1.741276 2.224976 0.1166182 73.36078 -133.2324 79.58952
1.557926 2.224976 0.6256514 43.24628 -140.9805 10.52082
1.612125 2.224976 0.8832197 27.61269 -121.5301 -92.46391
1.60529 2.224976 1.067546 -13.9064 -113.9041 -168.1509
1.810368 2.224976 1.143962 -40.57815 -104.1331 -248.4563
2.13483 2.224976 1.150798 -60.18884 -93.67511 -248.4563
2.289799 2.224976 1.090251 -80.80716 -81.07206 -248.4563
2.289799 2.224976 0.9017744 -86.86823 -67.65985 -248.4563
2.289799 2.224976 0.7677412 -105.3873 -64.54535 -248.4563
2.289799 2.224976 0.666667 -123.5247 -59.38504 -248.4563
2.289799 2.224976 0.6092939 -144.3568 -53.97282 -248.4563
2.289799 2.224976 0.6244307 -167.8301 -48.40031 -248.4563
2.289799 2.224976 0.6583662 -187.6469 -36.52245 -248.4563
2.289799 2.224976 0.6212568 -211.5323 -30.57588 -248.4563
2.289799 1.918885 0.6332197 -230.6163 -16.76672 -248.4563
2.289799 1.675721 0.6258955 -230.6163 -0.2171001 -248.4563
2.289799 1.600037 0.5992842 -230.6163 14.53099 -248.4563
2.289799 1.250916 0.4950361 -230.6163 31.57679 -248.4563
2.289799 0.9877325 0.4540205 -230.6163 49.88214 -248.4563
2.289799 0.7948614 0.387126 -230.6163 68.97374 -248.4563
2.289799 0.4767462 0.31779 -230.6163 95.73711 -248.4563
2.289799 0.3451544 0.24821 -230.6163 115.8592 -248.4563
2.289799 0.1591193 0.1893721 -230.6163 141.2256 -248.4563
2.289799 -0.1426385 -0.03450489 -230.6163 169.6684 -248.4563
2.289799 -0.3821405 -0.131917 -230.6163 202.0959 -248.4563
2.289799 -0.7151484 -0.2371416 -230.6163 231.0959 -248.4563
2.289799 -1.284728 -0.2605791 -230.6163 202.8516 -248.4563
2.289799 -1.408996 -0.2605791 -230.6163 211.7524 -248.4563
2.289799 -1.774963 -0.2605791 -230.6163 221.7753 -248.4563
2.289799 -1.774963 -0.2605791 -230.6163 231.0959 -248.4563
0.8836099 0.3851935 0.6534834 173.5592 -43.42321 251.8109
1.369206 1.302186 0.1149092 144.4753 -59.77435 251.8109
1.400944 1.328065 0.1149092 145.6203 -60.75145 251.8109
1.475895 1.375428 0.05485058 139.7043 -66.59114 251.8109
1.475651 1.413514 0.05216503 142.8493 -77.64458 251.8109
1.532536 1.436707 0.05509472 140.6203 -85.29344 251.8109
1.591129 1.501649 0.09025097 142.0783 -94.65985 251.8109
1.68317 1.560975 0.1373701 138.5745 -100.5377 251.8109
1.734684 1.555848 0.1566572 137.6967 -107.7438 251.8109
1.837223 1.598084 0.2049971 134.2692 -112.3316 251.8109
1.845036 1.588807 0.2027998 135.9791 -118.4537 251.8109
1.903385 1.608582 0.2394209 143.9333 -129.3163 251.8109
1.939274 1.59491 0.225749 153.5822 -144.7056 251.8109
2.087223 1.891297 0.3546553 153.3073 -141.5606 251.8109
2.141178 1.904481 0.3522139 155.8646 -138.6522 251.8109
2.28693 2.039246 0.3077803 170.6509 -138.1102 251.8109
2.289799 2.206727 0.3214521 176.8035 -139.7744 251.8109
2.289799 2.224976 0.3636885 184.4753 -140.5224 251.8109
2.289799 2.224976 0.3722334 189.2386 -142.698 251.8109
2.289799 2.224976 0.3829756 208.086 -146.7133 251.8109
2.289799 2.224976 0.3649092 205.8417 -136.9805 251.8109
2.289799 2.224976 0.4144697 212.8493 -128.9499 251.8109
2.169254 2.224976 0.7814131 185.9944 -112.7362 182.4674
2.134098 2.224976 0.8287764 194.5135 -100.3545 131.1391
1.970524 2.224976 0.989665 168.3226 -95.5377 87.21548
1.82819 2.224976 1.07487 171.086 -87.39267 32.62006
1.577946 2.224976 1.072673 110.1547 -75.70565 -3.776886
1.503483 2.224976 1.113933 72.08597 -75.35451 -52.79979
1.636051 2.224976 1.141521 30.8646 -64.58351 -115.4563
1.689274 2.224976 1.295573 2.986732 -56.73618 -180.1891
1.704655 2.224976 1.343181 -23.60106 -42.08733 -240.1738
1.931706 2.224976 1.245036 -50.41021 -32.3774 -248.4563
2.115055 2.224976 1.204997 -60.18884 -24.05679 -248.4563
2.289799 2.224976 0.9938154 -62.89876 -15.11023 -248.4563
2.289799 2.224976 0.7931318 -83.03616 -12.91176 -248.4563
2.289799 2.224976 0.6691084 -97.36441 -10.30107 -248.4563
2.289799 2.224976 0.6451826 -116.6774 -9.62168 -248.4563
2.289799 2.224976 0.6410322 -130.6239 -5.659848 -248.4563
2.289799 2.224976 0.6327314 -153.9827 -2.018627 -248.4563
2.289799 2.224976 0.6717939 -171.1278 7.447023 -248.4563
2.289799 2.14618 0.6495771 -189.5782 12.65313 -248.4563
2.289799 1.966981 0.6478682 -207.9446 21.7829 -248.4563
2.289799 1.8266 0.6520185 -230.6163 31.39359 -248.4563
2.289799 1.651795 0.6637373 -230.6163 46.96611 -248.4563
2.289799 1.468201 0.6600752 -230.6163 64.09587 -248.4563
2.289799 1.308777 0.5795088 -230.6163 82.52336 -248.4563
2.289799 1.129822 0.5174971 -230.6163 103.3783 -248.4563
2.289799 0.983338 0.3832197 -230.6163 122.3401 -248.4563
2.289799 0.7914434 0.2809248 -230.6163 145.8211 -248.4563
2.289799 0.4872442 0.1732588 -230.6163 173.6608 -248.4563
2.289799 0.4474493 0.08756542 -230.6163 189.5539 -248.4563
2.289799 0.2184454 0.02189159 -230.6163 222.8287 -248.4563
2.289799 -0.04132019 -0.2605791 -230.6163 231.0959 -248.4563
2.289799 -0.6878046 -0.2605791 -230.6163 231.0959 -248.4563
2.289799 -1.07135 -0.2605791 -230.6163 231.0959 -248.4563
2.289799 -1.020812 -0.2605791 -230.6163 231.0959 -248.4563
2.289799 -1.371642 -0.2605791 -230.6163 231.0959 -248.4563
2.289799 -1.774963 -0.2605791 -230.6163 231.0959 -248.4563
2.289799 -1.774963 -0.2605791 -230.6163 231.0959 -248.4563
2.289799 -1.774963 -0.2605791 -230.6163 231.0959 -248.4563
2.289799 -1.774963 -0.2605791 -230.6163 231.0959 -248.4563
2.016911 -1.774963 -0.2605791 -230.6163 231.0959 -248.4563
1.034733 -1.774963 -0.2605791 -230.6163 231.0959 -248.4563
1.319157 -1.774963 -0.2605791 -230.6163 231.0959 -248.4563
0.8313638 -1.774963 -0.2605791 -230.6163 221.5997 -248.4563
0.9426919 -1.774963 -0.2605791 -230.6163 144.2333 -248.4563
0.4090005 -1.774963 -0.2605791 -86.42548 67.33252 -214.6853
-0.5822104 -1.774963 -0.2605791 50.56689 -22.11786 -157.899
-1.384945 -1.774963 -0.2605791 137.1089 -113.2171 -84.31887
-1.591244 -1.774963 -0.2605791 123.857 -171.3316 -10.60131
-1.313412 -1.774963 -0.2605791 133.9791 -212.3698 38.78036
-0.8217124 -1.774963 -0.2605791 135.8341 -234.7896 69.57426
-0.4506186 -1.774963 -0.2605791 151.4218 -269.1713 90.6506
-0.07586279 -1.774963 -0.2605791 143.8188 -269.1713 118.1544
0.09381494 -1.774963 -0.2605791 174.6203 -269.1713 143.7422
0.3736001 -1.774963 0.05875683 194.5822 -269.1713 170.1773
0.6267739 -1.774963 0.4882002 212.1241 -269.1713 197.2308
0.9070474 -1.774963 0.8502607 235.5058 -269.1713 223.9559
1.050602 -1.774963 1.215007 260.147 -267.0186 242.4674
1.09528 -1.774963 1.306071 269.6508 -237.2171 251.8109
1.110172 -1.685607 1.399577 269.6508 -216.0339 251.8109
1.055973 -1.367736 1.433513 269.6508 -197.2476 251.8109
1.029362 -1.160949 1.424479 269.6508 -183.0873 251.8109
0.9964028 -0.9468378 1.440593 269.6508 -163.1179 251.8109
0.9080239 -0.803039 1.424479 269.6508 -141.7744 251.8109
0.8963052 -0.6336054 1.322429 269.6508 -125.5377 251.8109
0.9119302 -0.4783319 1.227946 269.6508 -113.7667 251.8109
0.9490396 -0.4131464 1.090495 269.6508 -101.469 251.8109
0.9119302 -0.3142694 1.050944 268.6814 -97.99573 251.8109
0.9597817 -0.2124628 0.9857588 256.9791 -91.01863 251.8109
0.9295083 -0.1580194 0.980876 251.0554 -84.59879 251.8109
0.9292642 -0.1174921 0.9518232 246.2692 -79.63695 251.8109
0.9295083 -0.08306824 0.9449873 244.9562 -75.08733 251.8109
1.852604 2.224976 1.075603 -58.72319 -47.73618 -248.4563
2.289799 1.142029 0.458415 -230.6163 115.7982 -248.4563
2.289799 0.8798223 0.3299971 -230.6163 134.1264 -248.4563
2.289799 0.6461798 0.3036299 -230.6163 161.386 -248.4563
2.289799 0.3385626 0.03116894 -230.6163 174.0806 -248.4563
2.289799 0.2365119 0.01212597 -230.6163 198.1035 -248.4563
2.289799 0.02972473 -0.07039356 -230.6163 223.1035 -248.4563
2.289799 -0.2227167 -0.2088213 -230.6163 231.0959 -248.4563
2.289799 -0.3584589 -0.2605791 -230.6163 231.0959 -248.4563
2.289799 -1.168517 -0.2605791 -230.6163 231.0959 -248.4563
