1.23391 0.6969467 1.718866 113.9823 -95.59405 251.6963
1.170434 0.8234116 1.643671 111.8525 -86.38031 251.6963
0.851586 1.097582 1.625605 118.1731 -73.57115 251.6963
0.8391348 1.381517 1.557978 104.2571 -58.70092 251.6963
0.7405019 1.399339 1.574823 97.05096 -64.2429 251.6963
0.7751699 1.470872 1.564569 94.79142 -56.40321 251.6963
0.7419668 1.551195 1.516718 103.3029 -53.86122 251.6963
0.6916738 1.771898 1.55163 97.82195 -44.88412 248.7726
0.5688711 1.835374 1.586786 85.13493 -42.14366 230.139
0.5190664 1.8593 1.549677 80.82959 -36.70855 208.7344
0.4460683 1.887621 1.534052 72.99753 -34.40321 184.8566
0.3542715 1.948412 1.47619 65.65401 -48.05206 168.6963
0.4336172 1.913255 1.30163 56.39447 -28.51008 155.0245
0.3630605 1.870531 1.271356 45.95173 -11.05969 141.1619
0.2224355 1.863939 1.264032 33.66928 -13.89176 133.9405
0.2094961 1.817064 1.127069 21.97463 -10.86122 121.1543
0.05739648 1.642259 1.164667 18.41738 -19.21237 105.7497
0.04616602 1.622972 1.052606 5.79142 -26.59405 101.765
0.05373437 1.580247 0.9730166 -6.437588 -18.67802 92.13902
0.003441408 1.488451 1.033563 -14.16278 -19.67802 84.01688
0.01613672 1.426195 1.043573 -20.6895 -21.43374 77.63521
0.005882814 1.383958 1.064081 -24.53682 -20.47954 69.60468
0.008568361 1.339769 1.081171 -27.28492 -21.1742 62.78788
0.01857813 1.309251 1.100214 -27.28492 -20.1055 53.66574
0.01589258 1.278734 1.116571 -26.19331 -20.57114 45.00925
0.007103518 1.274095 1.149774 -25.97957 -18.47954 36.88712
0.009544924 1.23308 1.151483 -22.59789 -16.85359 27.89475
0.03322656 1.210374 1.151239 -20.04827 -14.47954 19.14666
0.01857813 1.184007 1.138544 -15.7124 -13.47954 10.32986
0.0544668 1.163499 1.120722 -12.8498 -10.92229 1.742076
0.05300195 1.136888 1.099481 -9.689496 -9.32687 -5.815176
0.03151758 1.113939 1.098993 -12.04827 -7.387939 -10.92205
0.01149805 1.099779 1.070917 -12.65133 -5.059695 -15.94495
0.009789064 1.059984 0.9947452 -8.842168 -4.281069 -22.04418
-0.01950781 1.08098 0.9720401 -6.69713 -4.189466 -27.49457
1.006859 -1.471266 0.5528506 -66.01011 -254.2429 220.4902
1.376977 -1.163893 1.008173 -11.03301 -254.2429 251.6963
1.466576 -1.074293 1.02746 -10.30782 -254.2429 251.6963
1.528588 -1.099684 1.024042 -4.376519 -254.2429 251.6963
1.572045 -0.9607681 1.176874 -1.956672 -254.2429 251.6963
1.592553 -0.906813 1.216913 1.974626 -254.2429 251.6963
1.658471 -0.8098892 1.278681 7.654015 -254.2429 251.6963
1.538598 -0.8142838 1.401972 20.47844 -254.2429 251.6963
1.633568 -1.021071 1.340692 49.47844 -254.2429 251.6963
1.733666 -0.4151138 1.658808 67.77615 -254.2429 251.6963
1.654076 -0.3814224 1.643427 24.86012 -254.2429 251.6963
1.722436 -0.3592056 1.751337 34.73035 -248.2582 251.6963
1.644799 -0.2693618 1.85998 48.1502 -244.0444 251.6963
1.679223 -0.1277603 1.816034 54.59295 -225.5024 251.6963
1.60891 -0.08381495 1.900263 63.11203 -217.7391 251.6963
1.545189 0.05754247 1.949091 69.55478 -213.762 251.6963
1.498559 0.1019761 1.980341 70.24181 -202.8612 251.6963
1.457787 0.2037827 2.011835 71.68455 -197.6551 251.6963
1.429223 0.2965561 2.003534 71.18073 -185.5253 251.6963
1.347191 0.3629624 1.950067 71.88303 -174.3345 251.6963
1.294701 0.4198472 1.898798 74.80669 -165.3269 251.6963
1.241234 0.5145737 1.862177 71.30287 -154.533 251.6963
1.169945 0.6322495 1.795038 68.1273 -147.3727 251.6963
1.120629 0.7191635 1.768915 66.967 -139.6246 251.6963
1.074242 0.8136459 1.729364 65.10439 -132.7467 251.6963
1.052025 0.8947006 1.735224 65.98989 -123.0215 251.6963
0.9475332 0.9242416 1.695673 65.54714 -122.4108 251.6963
0.8779531 1.085619 1.723749 65.88303 -117.1208 251.6963
0.8293692 1.149339 1.71496 63.86776 -108.3345 251.6963
0.8496328 1.204515 1.700556 65.97462 -103.9528 251.6963
0.7224355 1.33806 1.765741 68.3105 -108.3879 251.6963
0.7275625 1.507005 1.763788 65.45554 -94.92229 237.6047
0.6467519 1.562181 1.741815 66.47081 -84.93756 217.9329
0.5801015 1.725023 1.773554 62.07386 -77.57878 198.9405
0.6445547 1.67058 1.729608 68.22653 -66.39558 197.0779
0.5222402 1.786546 1.731317 53.28761 -35.49481 159.2306
0.3213125 1.753099 1.744989 44.1731 -34.67038 154.2535
0.355248 1.692308 1.639032 41.58532 -36.96046 156.3757
0.2170645 1.699876 1.629999 26.06623 -26.79252 123.8337
0.1198965 1.655443 1.597528 16.90592 -39.54061 123.9329
0.06105859 1.57805 1.54455 2.379206 -47.63221 106.3604
0.08132227 1.475023 1.505243 -4.033008 -57.15893 103.3909
0.160668 1.347093 1.436884 -6.086443 -48.15893 86.07796
0.1281973 1.307298 1.473505 -8.162779 -42.22 71.85658
0.06911523 1.266527 1.56286 -8.895603 -46.39557 66.81841
0.1291738 1.197923 1.584101 -6.765832 -45.09786 58.03215
0.1323477 1.162523 1.623407 -0.8345343 -37.80015 43.61994
0.09890039 1.172289 1.704706 5.318137 -34.1284 32.58177
0.09938868 1.159837 1.767206 10.02043 -32.22 23.95582
0.1233145 1.131273 1.767206 14.89066 -26.0826 13.07795
0.1176992 1.11638 1.776483 18.0815 -18.57114 1.772611
0.09963282 1.092455 1.765497 19.55478 -13.76962 -6.792275
0.1167227 1.052904 1.715937 19.58531 -9.670382 -15.10525
0.1113516 0.9991928 1.714228 18.38684 -1.990993 -23.87625
0.08669336 0.9098373 1.667108 15.59295 2.726565 -29.89915
0.06618555 0.7960678 1.636347 13.32577 6.535725 -34.28846
0.06057031 0.7172104 1.614618 12.1731 11.39832 -38.45639
0.04445704 0.633226 1.600458 10.55478 17.49756 -42.777
0.01955469 0.5839096 1.559931 6.165465 22.86397 -43.62433
-0.004371092 0.5045639 1.519403 -1.269649 28.31435 -43.84571
0.005394533 0.4398667 1.460565 -3.376519 31.46702 -42.7541
-0.004859373 0.3944565 1.425898 -9.651328 37.97084 -42.62433
-0.05393164 0.3480698 1.375849 -14.52919 47.41359 -44.42586
-0.1711191 0.2596909 1.276728 -14.17805 41.6426 -34.56327
-0.2043223 0.1725327 1.184442 -11.64369 41.18458 -36.90678
-0.2248301 0.1422593 1.145868 -7.315451 40.72657 -35.90678
-0.2729258 0.140062 1.126093 -2.651329 40.43649 -35.11288
-0.283668 0.141771 1.091669 3.676916 35.57389 -33.45639
-0.2577891 0.1844956 1.081415 8.692183 33.39069 -30.86861
-0.2492441 0.2296616 1.063349 12.74562 31.65023 -32.48693
-0.2446055 0.2491929 1.025263 18.79906 30.55863 -33.09762
-0.2612071 0.2745835 1.002313 27.36394 29.51283 -36.44113
-0.2699961 0.3221909 0.952753 32.00516 30.32199 -42.04418
-0.3241953 0.3759018 0.932001 37.00516 33.07008 -47.65487
-0.3688731 0.3715073 0.9415225 44.54715 26.13878 -48.76174
-0.3720469 0.4042222 0.8968448 49.86776 20.57389 -48.7541
-0.3715586 0.4071518 0.8441104 53.32577 15.70366 -51.21212
-0.3918223 0.36223 0.7188663 57.69218 12.12351 -57.33426
-0.408668 0.3724839 0.6080264 60.57768 11.03954 -67.25029
-0.4445567 0.433519 0.5450381 56.41737 13.01664 -68.81517
-0.4645762 0.3944565 0.5296573 59.52425 9.940305 -74.11288
-0.5168223 0.4635483 0.5565127 59.16547 2.154046 -73.38006
-0.4968028 0.3922593 0.4378604 67.3105 -5.92229 -60.44876
-0.5187754 0.5497299 0.4847354 56.37921 3.383053 -80.89915
-0.5407481 0.6183334 0.5228213 45.61585 -5.395573 -76.7541
-0.5727305 0.6532455 0.5225772 33.53951 -21.03679 -71.08235
-0.5053477 0.6449448 0.4730166 24.22654 -32.80779 -65.88387
-0.4150156 0.6429916 0.4898623 17.1044 -30.61695 -72.72357
-0.4013438 0.7050034 0.5599307 11.1731 -27.72382 -80.5022
-0.4328379 0.7584702 0.6104678 6.180733 -33.0826 -81.24265
-0.4284434 0.8036362 0.6800479 2.363939 -41.18183 -78.4564
-0.3383555 0.8116928 0.688837 -0.712397 -45.40321 -80.48693
1.269311 -0.5708755 1.127069 41.47081 -249.3956 251.6963
1.201928 0.6747299 2.093134 82.92883 -146.4948 251.6963
1.103783 0.7145248 2.173944 90.27234 -148.3116 251.6963
1.06643 0.6234604 2.150751 91.92119 -140.7925 251.6963
1.03225 0.6622787 2.085321 89.60058 -134.3269 251.6963
0.9729239 0.7052475 2.084345 86.69981 -121.0902 243.9558
0.9355703 0.756517 2.098749 82.196 -111.6322 239.9329
0.9070059 0.7994858 2.067255 77.24181 -101.5788 234.9405
0.8491446 0.8580795 2.072626 68.44791 -90.991 229.536
0.8135 0.839769 2.056513 63.37921 -80.75436 226.2383
0.749291 0.8561264 2.023554 59.35631 -71.1055 221.2077
0.714623 0.8851791 1.993036 54.84486 -62.63985 217.2001
0.6985097 0.9108139 1.956659 52.40211 -54.30397 211.9863
0.667748 0.9586655 1.949579 50.77615 -47.12076 210.3146
0.6255117 1.059496 1.946894 44.43264 -37.80015 205.8718
0.5991445 1.088548 1.955927 36.50898 -31.06733 196.6505
0.5451894 1.104417 1.937128 37.45554 -22.53298 188.994
0.5102773 1.188646 1.925653 40.11203 -16.02153 178.5741
0.4782949 1.299486 1.904169 36.40211 -7.136031 168.7268
0.4516836 1.312669 1.878778 32.47081 2.314351 153.6123
0.3816152 1.348314 1.854853 31.92119 10.62733 142.0856
0.3254629 1.370531 1.789423 30.196 17.8258 132.1696
0.2558828 1.408617 1.736689 24.91356 21.76473 122.2764
