1.884586 -0.1682733 -0.1714678 269.6508 -37.11023 251.8109
1.873356 0.174256 -0.2605791 269.6508 -50.90412 251.8109
1.896549 0.3507696 -0.2281084 269.6508 -45.36977 251.8109
1.990543 0.5202032 -0.2605791 269.6508 -47.59114 251.8109
2.074772 0.8466192 -0.2605791 269.6508 -50.47664 251.8109
2.060856 0.8092657 -0.2605791 269.6508 -65.35451 251.8109
2.068668 0.9376837 -0.2605791 249.3913 -71.2171 251.8109
2.116276 1.048279 -0.2605791 231.1318 -73.03389 251.8109
2.118473 1.118836 -0.2605791 199.4295 -82.03389 251.8109
2.239811 1.073914 -0.2605791 182.147 -85.98045 251.8109
2.257877 1.278016 -0.2605791 163.3073 -110.24 251.8109
2.101627 1.492371 -0.2605791 122.2539 -108.011 251.8109
2.289799 1.461365 -0.2168779 120.2157 -123.4308 251.8109
2.289799 1.451356 -0.08479786 113.8646 -134.9194 251.8109
2.289799 1.511902 0.09977245 111.7654 -131.6904 251.8109
2.289799 1.46576 0.1066084 122.0478 -145.8125 251.8109
2.289799 1.612733 0.2132978 142.9257 -156.9728 251.8109
2.289799 1.710389 0.2772627 150.7883 -152.698 251.8109
2.289799 1.887635 0.2887373 160.9638 -146.5301 251.8109
2.289799 2.037781 0.3153486 193.3379 -152.2782 251.8109
2.289799 2.224976 0.3248701 211.2844 -147.3774 251.8109
2.289799 2.224976 0.2059736 229.4982 -141.8965 251.8109
2.289799 2.224976 0.07609081 233.147 -143.095 251.8109
2.289799 2.224976 -0.0213213 229.689 -145.1026 251.8109
2.289799 2.224976 -0.00325489 223.2692 -145.0415 251.8109
2.289799 2.224976 -0.05159473 215.1241 -145.0034 251.8109
2.289799 2.224976 -0.1165361 196.8417 -154.3927 251.8109
2.289799 2.224976 -0.06087208 172.7196 -164.3927 251.8109
2.289799 2.224976 0.05240917 153.2616 -170.0492 251.8109
2.289799 2.224976 0.163249 141.8646 -147.6751 251.8109
1.951969 2.224976 0.6044111 114.2386 -156.0034 167.1163
2.018864 2.224976 0.7731123 109.4524 -153.4079 109.0781
1.906559 2.224976 0.9755049 115.7577 -137.553 42.20785
1.771793 2.224976 0.9527998 95.25391 -137.0263 -13.47154
1.750309 2.224976 1.056315 86.71193 -129.24 -78.05933
1.663151 2.224976 1.100505 81.89513 -123.1713 -136.2731
1.682438 2.224976 1.096599 39.81879 -120.1713 -188.5555
1.778629 2.224976 1.172282 0.1394043 -116.2018 -242.4105
1.91779 2.224976 1.274333 -27.07434 -106.0568 -248.4563
2.066471 2.224976 1.2653 -52.08197 -96.59879 -248.4563
2.289127 2.224976 1.222087 -72.93694 -87.87358 -248.4563
2.289799 2.224976 1.236491 -85.6545 -79.74382 -248.4563
2.289799 2.224976 1.233806 -101.0972 -66.96519 -248.4563
2.289799 2.224976 1.179606 -114.6392 -56.83542 -248.4563
2.289799 2.224976 1.125896 -126.6316 -43.41557 -248.4563
2.289799 2.224976 1.150554 -148.082 -32.3774 -248.4563
2.289799 2.224976 1.118327 -155.8606 -18.61405 -248.4563
2.289799 2.150574 1.027751 -174.6774 -2.850687 -248.4563
2.289799 1.919861 0.9134932 -194.0438 13.34779 -248.4563
2.289799 1.668152 0.7867842 -215.4636 24.40122 -248.4563
2.289799 1.532899 0.6949873 -230.6163 36.75237 -248.4563
2.289799 1.189881 0.6515303 -230.6163 60.45465 -248.4563
2.289799 1.006531 0.4684248 -230.6163 79.43939 -248.4563
2.289799 0.867127 0.3370771 -230.6163 97.98901 -248.4563
2.289799 0.7013556 0.2736006 -230.6163 118.0043 -248.4563
2.289799 0.4896856 0.1534834 -230.6163 142.0501 -248.4563
2.289799 0.295838 0.04313183 -230.6163 167.0424 -248.4563
2.289799 0.240174 -0.09798145 -230.6163 196.1722 -248.4563
2.289799 -0.04864441 -0.2268877 -230.6163 221.4394 -248.4563
2.289799 -0.1135858 -0.2605791 -230.6163 231.0959 -248.4563
2.289799 -0.3792108 -0.2605791 -230.6163 231.0959 -248.4563
2.289799 -0.7085566 -0.2605791 -230.6163 231.0959 -248.4563
2.289799 -0.7686152 -0.2605791 -230.6163 231.0959 -248.4563
2.289799 -1.218566 -0.2605791 -230.6163 231.0959 -248.4563
2.289799 -1.381164 -0.2605791 -230.6163 231.0959 -248.4563
2.289799 -1.726135 -0.2605791 -230.6163 231.0959 -248.4563
2.289799 -1.774963 -0.2605791 -230.6163 231.0959 -248.4563
2.289799 -1.774963 -0.2605791 -230.6163 231.0959 -248.4563
2.289799 -1.774963 -0.2605791 -230.6163 231.0959 -248.4563
2.289799 -1.774963 -0.2605791 -230.6163 231.0959 -248.4563
1.858708 -1.774963 -0.2605791 -230.6163 231.0959 -248.4563
1.178776 -1.774963 -0.2605791 -230.6163 231.0959 -248.4563
-0.1403159 -1.774963 -0.2605791 -230.6163 212.8516 -248.4563
0.646061 -1.774963 -0.2605791 -230.6163 125.7218 -248.4563
0.8289224 -1.774963 -0.2605791 -194.8224 36.95847 -238.3952
0.2747231 -1.774963 -0.2605791 6.719557 -38.01863 -183.6166
-0.7560386 -1.774963 -0.2605791 145.6585 -119.8049 -127.3189
-1.370785 -1.774963 -0.2605791 200.6585 -179.9041 -63.86086
-1.382015 -1.774963 -0.2605791 189.5669 -208.8278 -2.173832
-0.8659019 -1.774963 -0.2605791 196.1699 -257.9347 34.23838
-0.4054526 -1.774963 -0.2605791 208.4218 -269.1713 45.91014
0.07721338 -1.774963 -0.2605791 218.086 -269.1713 71.73457
0.2991372 -1.774963 0.2902021 222.1852 -269.1713 98.06281
0.5222817 -1.774963 0.7340498 254.5364 -269.1713 119.8796
0.7959634 -1.774963 1.319499 268.6967 -269.1713 149.4827
0.942936 -1.774963 1.796794 269.6508 -225.7896 166.1391
1.009831 -1.774963 1.904704 269.6508 -195.927 195.8796
1.111881 -1.774963 1.914714 269.6508 -173.7285 220.0399
1.103336 -1.774963 1.986003 269.6508 -143.2782 242.8109
1.110661 -1.774963 1.901286 269.6508 -110.0644 251.8109
1.078434 -1.637756 1.70988 269.6508 -91.30107 251.8109
1.02277 -1.442443 1.57194 269.6508 -72.58351 251.8109
0.9824868 -1.220275 1.376628 269.6508 -55.68275 251.8109
0.9453774 -1.060363 1.186442 269.6508 -37.85069 251.8109
0.9361001 -1.014221 1.014323 269.6508 -29.2858 251.8109
0.9129067 -0.9258417 0.9488935 251.5822 -16.29344 251.8109
0.9688149 -0.9705194 0.8163252 241.4447 -0.9041233 251.8109
0.8980142 -0.7608027 0.539958 231.6127 4.660763 251.8109
0.9194985 -0.740539 0.2701826 220.9257 2.821068 251.8109
0.7185708 -0.7385859 0.2025557 201.8417 -3.301069 251.8109
0.8284341 -0.7817987 0.1246748 195.315 -4.484275 251.8109
0.7998696 -0.6685175 0.07828808 186.8875 -10.77435 251.8109
0.8877603 -0.6929316 -0.02620411 176.8112 -18.47664 251.8109
0.9954263 -0.6873163 0.02237988 172.4524 -25.24 251.8109
1.094059 -0.7163691 0.04239941 168.8417 -29.88122 251.8109
1.219059 -0.646789 0.0633955 170.6585 -33.85069 251.8109
1.358952 -0.5723261 0.07096386 170.6127 -38.70565 251.8109
1.483952 -0.4917597 0.1356611 171.9638 -41.94229 251.8109
1.631901 -0.487121 0.1952314 181.0707 -43.49954 251.8109
1.67194 -0.3665155 0.2679853 184.3761 -43.90412 251.8109
1.79401 -0.2490839 0.2296553 201.0783 -42.06443 251.8109
1.822819 0.02044739 0.201335 198.0402 -47.41557 251.8109
1.898991 0.06903137 0.1525068 214.0402 -46.75145 251.8109
1.836002 0.2438361 0.1136885 225.1089 -49.72092 251.8109
1.838932 0.4943243 0.02457714 236.7272 -51.24763 251.8109
1.866032 0.4396368 -0.1651201 251.9562 -58.99573 251.8109
1.92902 0.3910528 -0.1436357 249.7425 -65.65221 251.8109
1.995182 0.5443731 -0.1660967 268.1318 -63.75145 251.8109
2.026432 0.6749884 -0.2605791 257.1928 -69.74382 251.8109
2.054508 0.8554083 -0.2605791 240.3913 -75.72092 251.8109
2.072575 0.901795 -0.2605791 236.231 -84.61404 251.8109
2.112125 1.024354 -0.2605791 221.0783 -90.92702 251.8109
2.163151 1.092713 -0.2605791 208.5745 -96.39267 251.8109
2.151432 1.093934 -0.2605791 205.3608 -106.2629 251.8109
2.289799 1.23407 -0.2605791 212.8722 -122.8812 251.8109
2.249088 1.679627 -0.2605791 159.8875 -123.4614 251.8109
2.289799 1.781678 -0.1292315 155.6738 -135.4995 251.8109
2.289799 1.823182 0.08903027 150.1165 -140.4308 251.8109
2.289799 1.870789 0.1774092 140.5669 -136.1942 251.8109
2.289799 1.922791 0.2172041 150.1547 -144.9423 251.8109
2.289799 2.091981 0.3788252 151.689 -149.4766 251.8109
2.289799 -1.774963 -0.2605791 -230.6163 231.0959 -248.4563
-0.3031577 -1.774963 -0.2605791 134.9409 -269.1713 35.10861
-0.05022803 -1.774963 -0.2605791 154.3913 -269.1713 66.43685
0.2361489 -1.774963 0.08487988 164.9409 -269.1713 100.7804
0.5630532 -1.774963 0.5934248 178.9486 -269.1713 136.9712
0.8169595 -1.774963 1.174968 207.2157 -269.1713 167.788
1.035221 -1.774963 1.475993 223.5898 -254.3621 195.101
1.08234 -1.774963 1.622478 245.9562 -220.7667 223.0399
1.027165 -1.774963 1.632731 263.9257 -207.6599 241.6735
1.096501 -1.774963 1.69987 269.6508 -189.0186 251.8109
1.044743 -1.774963 1.735759 269.6508 -165.7591 251.8109
1.02985 -1.481506 1.607097 269.6508 -136.9957 251.8109
1.024967 -1.321105 1.492351 269.6508 -119.8965 251.8109
0.9883462 -1.025939 1.375896 269.6508 -102.9576 251.8109
0.9580728 -0.8799433 1.188151 269.6508 -92.88885 251.8109
0.9812661 -0.7312616 1.092204 253.3913 -82.00336 251.8109
0.9715005 -0.6465448 1.06779 245.4677 -72.31634 251.8109
0.9473306 -0.5725702 0.9672041 234.8264 -62.93466 251.8109
0.8303872 -0.4985956 0.88029 218.9028 -59.84306 251.8109
