0.9435576 -0.03243701 0.7623613 -62.58435 -23.13667 3.409512
0.9760283 0.009799316 0.7291582 -52.19504 -23.26644 0.5774498
1.043899 -0.0131499 0.7059648 -40.90496 -23.86186 -0.6362896
1.081985 -0.004116699 0.7052324 -28.59962 -23.51072 -3.31568
1.101517 0.01614697 0.6830156 -15.0042 -23.74736 -5.934
1.109085 0.02395947 0.6822832 -5.225573 -24.8695 -6.727894
1.092728 0.03592236 0.6900957 2.156106 -26.0527 -7.926367
1.06636 0.04544385 0.7008379 5.797328 -26.31988 -8.224077
1.037063 0.06131299 0.6937578 7.003435 -27.20537 -8.300413
1.007767 0.06888134 0.716707 5.041603 -27.64812 -8.323313
0.9818877 0.08060009 0.7157304 1.133206 -28.22828 -8.010336
0.9647979 0.08377392 0.7438066 -5.210305 -28.50308 -7.865297
0.9459991 0.08572704 0.7372148 -11.75229 -28.58705 -7.682091
0.9394073 0.08328564 0.7696855 -17.76756 -28.50308 -7.720259
0.9269561 0.07937939 0.7682207 -22.85916 -28.12904 -8.262245
0.9223174 0.06521924 0.7862871 -27.06527 -27.70156 -8.972168
0.9340362 -0.01217334 0.7411211 -8.187405 -4.816061 33.61562
0.9525908 0.01199658 0.744539 -9.622519 -3.785527 22.44768
0.9560088 0.01077588 0.7403886 -10.84389 -3.861863 21.85989
0.9438018 0.01858838 0.7494218 -11.69122 -3.541252 21.39425
0.947708 0.01736768 0.7408769 -12.38588 -3.525985 20.68432
0.9247588 0.01565869 0.7491777 -12.68359 -3.564153 20.30264
0.9242705 0.01346143 0.747957 -12.92786 -3.190107 19.77592
0.918167 0.006625488 0.7530839 -12.1416 -3.403847 19.31027
0.9057158 0.00711377 0.7455156 -12.0271 -3.327511 18.83699
0.9047393 0.00711377 0.7577226 -11.82863 -3.190107 18.68432
0.8971709 0.004428223 0.7528398 -12.24847 -3.113771 18.77592
0.9020537 -0.002407715 0.7540605 -13.13397 -3.289343 18.91333
0.8966826 -0.00826709 0.7506425 -13.9355 -3.434382 19.72249
0.9049834 -0.02462451 0.7486894 -14.52328 -3.609954 20.52402
0.9049834 -0.02779834 0.7540605 -14.11107 -4.17484 21.66142
0.9086455 -0.05147998 0.751375 -12.66069 -4.258809 22.41714
0.909378 -0.07003467 0.7359941 -8.561451 -4.854229 23.46295
0.9193877 -0.09054249 0.7384355 -3.317176 -4.961099 24.14997
0.9228057 -0.1076323 0.7386796 2.255343 -5.762626 25.16524
0.9201201 -0.1274077 0.7333086 8.278244 -6.380947 26.24921
0.9108428 -0.138394 0.7452714 13.04924 -6.556519 27.39425
0.9069366 -0.1513335 0.7291582 16.91183 -6.961099 28.66142
0.9074248 -0.1562163 0.7230546 18.23244 -7.57942 31.01257
0.9140166 -0.1669585 0.7333086 17.62176 -7.655756 33.02783
0.9191436 -0.1728179 0.7257402 18.27061 -8.060336 34.74539
0.9213408 -0.1820952 0.7362382 17.18664 -7.999267 36.19577
0.9396514 -0.1808745 0.7320879 15.8584 -7.808427 37.98966
0.947708 -0.1967437 0.7372148 15.19427 -7.541252 39.24157
0.9655303 -0.1923491 0.7391679 13.26298 -7.113771 40.34844
0.9770049 -0.1962554 0.7311113 11.07214 -6.907664 41.60035
0.9838408 -0.1977202 0.734041 8.240076 -6.327511 42.86753
0.9972686 -0.1935698 0.7379472 5.835496 -5.587053 43.92096
1.005569 -0.186978 0.7435625 3.904198 -4.77026 44.54692
1.014603 -0.1879546 0.7337968 2.560687 -4.09087 44.77592
1.020706 -0.1813628 0.7350175 1.774427 -3.808427 45.09653
1.024612 -0.1723296 0.7345293 0.4385495 -3.022168 45.21104
1.026077 -0.162564 0.7308671 -1.462214 -2.434382 45.1576
1.023392 -0.1525542 0.7333086 -4.057633 -1.846595 45.21867
1.008011 -0.1339995 0.7350175 -6.950764 -0.9763664 45.03547
1.010696 -0.1242339 0.7433183 -9.462214 -0.426748 45.19577
1.00972 -0.1154448 0.7386796 -11.75229 0.405313 44.37897
1.005325 -0.09786671 0.758455 -12.86679 0.924397 44.10417
0.9950713 -0.08297413 0.749666 -14.15687 1.50455 43.29501
0.9914092 -0.07296436 0.7460039 -14.36298 2.237374 42.21867
0.985794 -0.05807178 0.7572343 -14.15687 2.993099 40.84463
0.9582061 -0.01485889 0.7691972 -14.0958 5.489283 36.2263
0.9491729 -0.00826709 0.7691972 -14.50802 6.222106 34.9515
0.9396514 0.00711377 0.7735918 -15.96603 7.237374 33.53165
0.9313506 0.01102002 0.7753007 -16.56908 7.90913 32.0431
0.9264678 0.02347119 0.7682207 -17.15687 8.42058 31.01257
0.9267119 0.028354 0.7665117 -18.43931 8.451115 30.03547
0.9203643 0.03909619 0.7696855 -19.05 9.321344 29.03547
0.9274444 0.04007276 0.7662675 -19.42405 9.802259 28.12707
0.9188994 0.04227002 0.765291 -18.50038 10.1534 27.16524
0.9184112 0.04202588 0.7623613 -17.08053 10.34424 26.40188
0.9235381 0.03982861 0.7577226 -14.92023 10.40531 25.16524
0.9257354 0.05398877 0.7508867 -12.36298 10.84043 24.1805
0.9296416 0.04861768 0.7418535 -9.767557 11.05417 22.9515
0.9342803 0.04080518 0.734041 -7.416412 10.95493 22.066
0.9313506 0.05154736 0.73575 -6.011832 10.80989 21.50875
0.9247588 0.04495557 0.7276933 -5.469848 10.69539 20.57745
0.9242705 0.04373487 0.7308671 -5.874428 10.48165 20.1347
0.9313506 0.03885205 0.7193925 -6.706489 10.26027 19.66905
0.9286651 0.02615674 0.727205 -7.172138 10.32134 19.11943
0.9325713 0.01346143 0.7257402 -7.301908 10.07707 18.66142
0.9240264 0.00345166 0.734041 -6.958397 9.794626 18.00493
0.9269561 -0.006558105 0.7296464 -6.271374 10.12287 17.066
0.9206084 -0.01778857 0.7213457 -5.210305 9.74119 16.38661
0.9193877 -0.03854053 0.7254961 -4.370611 9.71829 15.63089
0.919876 -0.04220263 0.7203691 -3.775191 9.619053 14.88279
0.921585 -0.04806201 0.7223222 -4.080534 9.557985 14.27974
0.9369658 -0.05416553 0.7264726 -4.446947 9.809893 13.70722
0.9359893 -0.06515186 0.7191484 -5.225573 9.802259 12.76829
0.9435576 -0.08175343 0.7154863 -6.94313 9.855694 12.00493
0.9462432 -0.08053272 0.7130449 -8.340076 9.924397 11.57745
0.952835 -0.08395069 0.7040117 -10.53855 9.878595 10.82172
0.9643096 -0.08932178 0.7069414 -13.11107 10.0847 10.21867
0.9699248 -0.08688038 0.6979082 -16.1187 9.985466 9.806458
0.9782256 -0.08736866 0.7003496 -20.05763 9.840427 9.340809
0.9762725 -0.09127491 0.7008379 -23.05 9.832794 8.920961
0.9813994 -0.09322803 0.6996171 -24.97366 10.04653 8.241572
0.9909209 -0.08443897 0.6937578 -25.60725 9.893862 7.226305
0.987503 -0.08004444 0.701082 -25.49275 9.916763 6.058367
0.9796905 -0.05929248 0.7086504 -25.1645 9.93203 4.722488
0.9647979 -0.04879443 0.7169511 -24.71412 10.04653 3.088902
0.9499053 -0.03731982 0.7179277 -24.57672 9.924397 1.607985
0.9374541 -0.01290576 0.7286699 -24.89733 9.970198 0.2034054
0.9284209 0.004428223 0.7364824 -25.46221 9.802259 -1.25461
0.9218291 0.01565869 0.7399004 -26.98893 10.22974 -2.590488
0.9132842 -0.1098296 0.7037675 -5.133969 -3.625221 23.73012
0.9279326 -0.1198394 0.7220781 -3.309542 -3.190107 32.1118
0.9167022 -0.1161772 0.7215898 -1.935496 -3.159573 32.81409
0.9071807 -0.115689 0.7198808 -0.4316797 -3.045069 33.37897
0.900833 -0.1110503 0.7220781 0.5683203 -2.68629 33.69196
0.9040069 -0.107144 0.7196367 1.102671 -3.014534 34.37897
0.9052276 -0.1098296 0.7159746 1.110305 -3.029802 34.83699
0.9054717 -0.108853 0.7181718 0.9041982 -2.747359 35.35608
0.9101104 -0.1110503 0.7120683 0.5225191 -2.648122 36.05836
0.9154815 -0.1098296 0.720125 -0.03473282 -2.861863 36.81409
0.9125518 -0.1037261 0.7252519 -0.7904582 -2.602321 37.61562
0.9115752 -0.1051909 0.7191484 -0.6530538 -2.602321 38.2263
0.9188994 -0.1025054 0.716707 -0.7446566 -2.564153 38.58508
0.9120635 -0.1015288 0.7279375 -0.8744278 -2.480183 38.92096
0.9137725 -0.1047026 0.7171953 -1.324809 -2.38858 39.48585
0.9103545 -0.1044585 0.7235429 -0.7293897 -2.144305 40.05836
0.9086455 -0.1020171 0.7235429 -0.4087787 -2.144305 40.32554
0.9037627 -0.09518116 0.728914 -0.1568704 -1.991634 40.37135
0.9022979 -0.1047026 0.7179277 0.377481 -1.892397 40.56982
0.9020537 -0.1029937 0.7215898 0.9805341 -1.846595 40.78356
0.900833 -0.1039702 0.7176836 1.713358 -1.79316 40.89043
0.9049834 -0.1061675 0.7052324 2.156106 -1.625221 40.79882
0.9020537 -0.100064 0.7096269 2.033969 -1.594687 41.1118
0.9052276 -0.09957569 0.7093828 1.919466 -1.358046 40.93623
0.9074248 -0.09981983 0.7032793 1.827862 -1.747359 41.27211
0.9115752 -0.09640186 0.7108476 1.133206 -1.564153 41.066
0.8998565 -0.09640186 0.7062089 0.5835876 -1.617588 41.1347
0.9091338 -0.09737843 0.7042558 -0.5614505 -1.47255 40.89043
0.9047393 -0.09518116 0.6996171 -1.301908 -1.47255 40.9286
0.9069366 -0.09493702 0.7103593 -1.889695 -1.373313 40.74539
0.9154815 -0.09591358 0.7018144 -2.599618 -1.037435 40.40951
0.9103545 -0.0863921 0.7084062 -2.805725 -1.296977 40.29501
0.9088897 -0.08590382 0.7101152 -3.469847 -0.7931603 39.76066
0.9142608 -0.0888335 0.71158 -3.485115 -0.7855268 39.38661
0.9069366 -0.08150928 0.7130449 -3.782825 -0.3962138 38.89806
0.9069366 -0.09347218 0.7106035 -3.500382 -0.4878168 38.50111
0.9064483 -0.0863921 0.7047441 -3.424046 -0.5641527 38.1347
0.8947295 -0.08688038 0.7057207 -3.202672 -0.2588092 37.53928
0.8971709 -0.0798003 0.6991289 -2.775191 -0.2206413 37.02783
0.9091338 -0.08199757 0.6983964 -3.034733 -0.373313 36.63852
0.9032744 -0.08346241 0.7032793 -3.683588 -0.2130077 36.31028
0.9074248 -0.07931201 0.7093828 -4.385878 -0.2359084 36.0431
0.9110869 -0.0876128 0.7030351 -4.889695 -0.4114809 35.59272
0.9110869 -0.0863921 0.7086504 -5.088168 -0.113771 35.62325
0.9140166 -0.08492725 0.7176836 -5.202672 0.07706881 35.53165
