-0.7565684 0.08659521 1.3612 22.69982 31.61206 -9.082352
-0.7724375 0.09929052 1.348505 16.35631 30.46702 -7.067084
-0.7780528 0.09172216 1.314325 11.94409 29.14641 -5.586168
-0.7731699 0.09587255 1.307978 8.554779 27.96321 -4.723572
-0.7748789 0.1005112 1.303583 5.371572 26.52046 -4.265557
-0.7787852 0.1061265 1.295282 2.646382 24.60443 -3.677771
-0.7602305 0.1000229 1.299433 0.1883664 23.26855 -3.03655
-0.7453379 0.09391943 1.301874 -1.979572 22.00901 -2.807542
-0.7299571 0.08903662 1.320673 -4.223847 20.97847 -2.105252
-0.7150645 0.09050146 1.332636 -7.50629 20.44412 -0.990748
-0.7074961 0.09440771 1.342401 -11.02537 20.27618 0.1390229
-0.6987071 0.09001318 1.373407 -14.06354 20.11588 0.9787176
-0.6918711 0.09343115 1.387079 -16.20858 20.52809 1.894748
-0.6974864 0.08073584 1.395624 -18.14751 20.88687 2.719176
-0.7018809 0.08854834 1.397089 -19.9185 21.43649 3.513069
-0.6977305 0.08097998 1.406366 -21.23148 22.16931 4.444366
-0.6987071 0.08390966 1.412958 -22.13224 22.32198 4.848947
-0.6984629 0.08073584 1.408075 -23.07117 22.8716 5.597038
-0.6952891 0.07805028 1.403681 -23.98721 23.02427 6.543603
-0.6913828 0.08195654 1.404169 -24.93377 23.02427 7.215359
-0.6781992 0.07463232 1.409296 -25.17041 23.43649 7.688642
-0.6791758 0.06657568 1.402948 -25.38415 23.68076 8.085588
-0.6886973 0.05534521 1.410273 -24.7811 23.50519 8.337496
-0.674293 0.06364599 1.412958 -23.74293 24.00901 8.658107
-0.6740489 0.05534521 1.423212 -22.42995 24.46702 9.100855
-0.6664805 0.07243505 1.421747 -21.36889 24.59679 9.497802
-0.6576914 0.07707372 1.427118 -19.83453 25.22275 9.497802
-0.6459727 0.09294287 1.425409 -19.33835 25.7571 9.894748
-0.6530528 0.1136948 1.428339 -18.64369 26.31435 9.894748
-0.6484141 0.1256577 1.419794 -16.88033 27.17694 9.574137
-0.6403574 0.1373765 1.414911 -14.22385 28.02428 8.72681
-0.6418223 0.1495835 1.396601 -9.491023 28.32962 6.352764
-0.6476817 0.1718003 1.384394 -4.880336 28.35252 3.818412
-0.6523203 0.1757065 1.373407 -0.323084 28.97847 1.474901
-0.660377 0.1888901 1.350702 2.722718 28.74183 -0.7464732
-0.6645274 0.1822983 1.323358 5.371572 28.95557 -2.548
-0.6723399 0.1927964 1.307245 5.89829 28.56626 -3.693038
-0.6891856 0.2003647 1.276239 5.669282 27.7342 -4.670137
-0.6928477 0.1884018 1.24328 4.570046 26.67313 -5.402962
-0.7062754 0.1803452 1.235956 3.012794 25.06244 -5.532732
-0.705543 0.1969468 1.219599 1.165466 22.49756 -6.128152
-0.6945567 0.1610581 1.232782 -0.9414044 23.39832 -5.257924
-0.7294688 0.136644 1.191278 -1.552092 20.7113 -5.670137
-0.7289805 0.1307847 1.174921 0.1883664 17.03191 -5.525099
-0.7172617 0.126146 1.182245 0.3868398 16.18458 -6.112885
-0.7277598 0.1237046 1.185663 0.9593588 13.05481 -5.84571
-0.7118906 0.1285874 1.198847 1.516611 11.30672 -6.296092
-0.7087168 0.1276108 1.21081 2.112031 9.20748 -6.074718
-0.6965098 0.1390854 1.224726 2.623481 7.436488 -6.395328
-0.6918711 0.1410386 1.248407 2.730351 6.062443 -6.548
-0.670875 0.14348 1.277948 2.478443 5.154045 -6.95258
-0.6615977 0.1520249 1.313105 2.020427 4.337252 -7.204488
-0.6484141 0.1454331 1.32995 1.837221 4.436488 -7.418229
0.1159902 1.008226 3.161737 -132.9032 -80.13603 67.98635
0.6933828 0.4645249 1.681757 -54.39942 246.0243 -113.6701
0.747582 0.4930893 1.663202 -58.55972 246.0243 -117.861
0.811791 0.4952866 1.669794 -60.81163 246.0243 -123.3801
0.8713614 0.5131088 1.699335 -64.78873 246.0243 -128.3801
0.9065176 0.5414291 1.710565 -75.42232 246.0243 -132.1282
0.9204336 0.520433 1.703241 -82.91087 246.0243 -135.8381
0.954125 0.4779526 1.671991 -87.94141 246.0243 -139.9984
0.9819571 0.4398667 1.647333 -89.11697 246.0243 -144.8992
1.017357 0.3981186 1.579706 -86.8269 246.0243 -150.8381
1.064232 0.3402573 1.497431 -81.32308 246.0243 -156.632
1.150902 0.2955796 1.449579 -75.7811 246.0243 -161.8533
1.161645 0.2711655 1.374872 -75.75056 246.0243 -164.7999
1.156273 0.1998765 1.390253 -61.52156 246.0243 -168.0366
1.18142 0.1776597 1.235956 -49.22385 246.0243 -169.6243
1.150658 0.1444565 1.04162 -59.53682 246.0243 -172.9221
1.102318 0.1171128 0.9844913 -69.64369 246.0243 -172.3419
1.037621 0.07097021 1.12536 -72.42232 246.0243 -169.3953
1.053734 0.1305405 0.8909854 -90.41469 246.0243 -158.4106
1.029809 -0.0108169 0.6929873 -95.76583 246.0243 -150.09
1.246606 -0.08796534 0.2830752 -104.262 246.0243 -153.2961
1.378686 -0.2075943 0.07409084 -67.53683 246.0243 -150.7083
1.365258 -0.2527603 0.1182803 -26.13988 246.0243 -164.6014
1.3489 -0.1292251 0.168085 -58.04827 246.0243 -170.8457
1.377709 -0.05940089 0.1563662 -64.29255 246.0243 -170.3419
1.4385 -0.08064112 0.131708 -87.76583 246.0243 -170.6396
1.423852 -0.219313 0.4903506 -103.9261 246.0243 -168.2427
1.472436 -0.3667739 0.603876 -97.51392 246.0243 -166.8381
1.513451 -0.4009536 0.6805362 -90.94141 246.0243 -166.861
1.541283 -0.4466079 0.7037295 -86.16278 246.0243 -164.0747
1.566918 -0.517897 0.6934756 -80.76583 246.0243 -159.5862
1.56765 -0.5764908 0.6832217 -77.26965 246.0243 -153.0671
1.595727 -0.6228775 0.5862979 -67.48339 246.0243 -148.5404
1.568627 -0.4983657 0.4178409 -59.53682 246.0243 -145.9297
1.45852 -0.4781021 0.2542666 -51.70476 246.0243 -145.5251
1.394311 -0.465895 0.0762881 -43.20858 246.0243 -146.2808
1.237816 -0.4654068 0.05114162 -34.74293 246.0243 -138.548
1.159447 -0.458815 -0.06165135 -21.95667 246.0243 -130.464
1.003197 -0.5242447 -0.06165135 -10.65896 246.0243 -127.1511
0.7695547 -0.5432877 -0.06165135 22.66928 246.0243 -126.3495
0.9795156 -0.3987564 -0.06165135 44.76852 246.0243 -135.9526
0.6384511 -0.3416275 -0.06165135 77.89829 246.0243 -153.1205
0.3940664 -0.4986099 -0.06165135 104.196 246.0243 -146.7541
0.3130117 -0.3323501 -0.06165135 105.1655 246.0243 -151.7465
0.2263418 0.2235581 -0.06165135 43.01279 246.0243 -146.0442
0.2759023 0.04680028 -0.06165135 -27.7124 246.0243 -161.6472
-0.08518164 -0.5425552 -0.06165135 -42.67423 231.4212 -149.0289
0.02932031 -0.6717056 -0.06165135 -25.7582 217.2533 -155.5785
-0.05564063 -0.6443619 -0.06165135 -27.81927 191.4288 -148.1053
0.03078516 -0.8196548 -0.06165135 -20.20094 175.3372 -145.1969
0.04763086 -0.8106216 -0.06165135 -22.44522 154.5205 -137.2121
0.1067129 -0.8469986 -0.06165135 -26.95667 141.6197 -130.9144
0.1411367 -0.8645767 -0.06165135 -29.8498 124.1006 -122.8533
0.1777578 -0.8574966 -0.06165135 -37.34599 113.6197 -113.8152
0.2182852 -0.8694595 -0.06165135 -45.31545 104.2838 -103.8152
0.3249746 -0.9002213 -0.06165135 -53.24675 104.1464 -93.00601
0.3762441 -0.9422134 -0.06165135 -68.22385 89.40595 -78.12051
0.3884511 -0.9573502 -0.06165135 -76.7353 85.70366 -66.47929
0.3784414 -0.953688 -0.06165135 -85.78873 80.13114 -53.92204
0.3955312 -0.9671158 -0.06165135 -88.91087 76.55862 -44.15868
0.3718496 -0.9151138 -0.06165135 -88.74293 70.80289 -36.00601
0.3442617 -0.8643326 -0.06165135 -88.15514 63.43649 -29.08998
0.3193594 -0.8159927 -0.06165135 -84.51392 55.85634 -24.48693
0.2971426 -0.7844986 -0.06165135 -80.57499 47.69603 -20.77701
0.2578359 -0.7588638 -0.06165135 -74.99484 36.81817 -18.14342
0.2480703 -0.7622818 -0.06165135 -68.51392 26.58916 -16.27319
0.2444082 -0.7754654 -0.06165135 -62.09407 15.26092 -14.10525
0.2734609 -0.8152603 -0.06165135 -55.42995 5.37542 -12.09762
0.2917715 -0.8465103 -0.06165135 -51.7582 -3.731451 -8.296092
0.3076406 -0.9063248 -0.06165135 -47.804 -13.67802 -3.998382
0.3359609 -0.9485611 -0.06165135 -42.8727 -22.76199 0.6123054
0.3696523 -0.9798111 -0.06165135 -37.26202 -31.25817 5.421466
0.3886953 -0.9832291 -0.03967869 -32.11698 -39.31924 9.742076
0.4179922 -0.9820084 0.006463885 -28.7582 -45.80015 15.13139
0.4531484 -1.013258 0.08019436 -26.30782 -51.20473 21.98635
0.4826894 -1.044264 0.1448916 -23.28492 -55.02153 29.61994
0.497582 -1.058668 0.1715029 -22.14751 -58.46428 37.20009
0.5293203 -1.063063 0.1846865 -18.8269 -61.04443 44.19246
0.5681386 -1.015456 0.1570987 -16.34598 -57.15893 49.97108
0.5268789 -0.9646744 0.1883487 -13.84217 -57.67038 56.13902
0.53225 -0.9705338 0.2152041 -14.22385 -75.09786 64.92529
0.5578847 -0.9341568 0.1761416 -15.78873 -76.35741 71.99399
0.5642324 -0.9231705 0.2100772 -20.10934 -83.09023 81.16193
0.5842519 -0.9185318 0.2110537 -24.06354 -84.1513 88.91765
0.5659414 -0.9075455 0.2137393 -25.97194 -88.00626 96.52071
0.5605703 -0.8916763 0.2015322 -26.39178 -91.36504 102.4673
0.5481191 -0.8672623 0.1815127 -26.84217 -94.07497 107.9558
0.5364004 -0.8555435 0.1483096 -28.59789 -98.89176 113.6428
-0.6242442 0.2277085 1.328974 12.95936 7.520458 -20.96021
-0.5864024 0.2364975 1.353876 0.3792061 7.558626 -25.27319
-0.5820078 0.2279526 1.369013 -1.620794 8.37542 -24.86861
-0.5837168 0.2120835 1.37414 -1.804 10.17695 -25.67014
-0.5837168 0.2052475 1.367792 0.02042747 10.16168 -26.21212
-0.5698008 0.200853 1.380731 -0.4375878 10.09298 -25.47166
-0.5590586 0.1879136 1.373407 0.3792061 11.45939 -26.78464
-0.5600352 0.1793686 1.377069 1.562412 12.90214 -27.90678
-0.5673594 0.155687 1.365839 3.974626 13.29145 -28.5022
