0.9192129 -1.044752 0.6583194 4.08913 -109.7238 88.03216
0.910668 -1.083327 0.6600284 5.348672 -113.3269 101.0932
0.9404531 -1.084792 0.5967959 4.318137 -106.8154 114.4367
0.891625 -1.128249 0.5963077 -3.460489 -107.8841 125.5741
0.8755117 -1.201491 0.5526065 0.4937099 -123.8994 124.6123
0.8398672 -1.170973 0.5472354 2.203634 -122.2658 133.2459
0.9182364 -1.166335 0.4942569 4.104397 -123.7085 143.4673
0.8381582 -1.195143 0.4847354 -1.002473 -133.1589 151.6428
0.8786856 -1.207838 0.4901065 -6.033008 -132.8765 160.3909
0.8449942 -1.216383 0.4935245 -14.81927 -137.7849 174.452
0.8349844 -1.28987 0.4569034 -21.60553 -141.1971 188.826
0.8261953 -1.372633 0.4280948 -21.88797 -144.3879 197.7497
0.7790761 -1.355055 0.3594912 -20.9185 -147.449 208.826
0.8003164 -1.369704 0.2928408 -24.7124 -156.2811 221.1008
0.7949453 -1.337965 0.27746 -26.94904 -160.9376 230.5818
0.7051015 -1.321608 0.2755069 -28.39942 -166.9986 237.1237
0.7546621 -1.255202 0.1739444 -28.17041 -171.8918 248.4291
0.7607656 -1.279616 0.1070498 -33.20858 -183.9757 251.6963
0.7656484 -1.329665 0.1077822 -30.37652 -191.5559 251.6963
0.8835684 -1.16609 0.1224307 -31.09407 -198.5712 251.6963
0.8506094 -1.19026 0.09069241 -37.43759 -210.075 251.6963
0.9150625 -1.173415 0.1180362 -35.97194 -218.0673 251.6963
0.9812246 -1.134108 0.1910342 -33.59026 -225.8918 251.6963
1.003197 -1.132155 0.2183779 -30.50629 -232.1895 251.6963
1.042504 -1.126051 0.2593936 -24.88033 -238.3421 251.6963
1.080102 -1.127028 0.2835635 -18.94904 -243.6857 251.6963
1.130883 -1.08821 0.2679385 -15.58263 -248.991 251.6963
1.159447 -1.05403 0.2620791 -14.37652 -254.2429 251.6963
1.19851 -1.013502 0.2679385 -15.42995 -254.2429 251.6963
1.248559 -1.000807 0.2423037 -17.30782 -254.2429 251.6963
1.210961 -0.8787369 0.2882022 -20.54446 -254.2429 251.6963
1.282738 -0.7959732 0.289667 -24.56736 -254.2429 251.6963
1.345238 -0.7207779 0.2703799 -29.59026 -254.2429 251.6963
1.331078 -0.7825455 0.2960147 -28.11698 -254.2429 251.6963
1.40432 -0.7898697 0.2967471 -27.25438 -254.2429 251.6963
1.50393 -0.6887955 0.2989444 -31.77346 -254.2429 251.6963
1.483422 -0.7376236 0.4363955 -33.42232 -254.2429 251.6963
1.548119 -0.7342056 0.4810733 -26.92614 -254.2429 251.6963
1.563012 -0.7041763 0.5565127 -27.7124 -254.2429 251.6963
1.619408 -0.6526627 0.6478213 -25.08644 -254.2429 251.6963
1.770775 -0.5132584 0.6395205 -29.84217 -254.2429 251.6963
1.648705 -0.5432877 0.8077334 -33.97194 -254.2429 251.6963
1.595971 -0.6060318 0.9454288 -39.41468 -254.2429 251.6963
1.669213 -0.5186295 0.9737491 -43.7353 -254.2429 251.6963
1.721703 -0.5613541 1.009149 -48.43759 -254.2429 251.6963
1.736352 -0.524733 1.153192 -50.7353 -254.2429 251.6963
1.760522 -0.4732193 1.231317 -50.68186 -254.2429 251.6963
1.795678 -0.4402603 1.305048 -51.76583 -254.2429 251.6963
1.645287 -0.6922134 1.365839 -30.99484 -254.2429 251.6963
1.739525 -0.3518814 1.55871 -10.83453 -254.2429 251.6963
1.707299 -0.2346939 1.647089 -10.69713 -254.2429 251.6963
1.819359 -0.2808364 1.673456 17.2876 -254.2429 251.6963
1.829613 -0.2232193 1.69494 38.16547 -254.2429 251.6963
1.751977 -0.1338638 1.901972 68.68455 -254.2429 251.6963
1.775902 0.07341161 2.015497 105.2418 -254.2429 251.6963
1.511742 1.085374 2.43664 51.03569 -254.2429 251.6963
1.760033 0.0997788 2.071894 95.98989 -230.2658 251.6963
1.625023 0.496019 2.452997 108.341 -201.4643 251.6963
1.560814 0.4432847 2.187616 124.9212 -168.8002 251.6963
1.438012 0.4020249 2.599482 165.7303 -154.5101 251.6963
1.323754 1.034349 2.467646 139.5471 -136.533 251.6963
1.307152 0.8942123 2.508173 148.112 -115.304 251.6963
1.195336 0.8649155 2.582148 170.6616 -112.8307 251.6963
1.148705 1.097582 2.532587 168.8448 -104.9681 247.3604
1.162133 1.323167 2.677362 161.57 -79.48717 222.994
0.8554922 0.9425522 2.556025 169.4708 -82.2887 229.9405
0.8000723 1.732103 2.879999 126.6998 -36.73908 193.5436
0.5373769 1.406908 2.624872 99.21127 -57.46428 199.4825
0.5766836 1.315355 2.300165 103.8678 -43.82305 197.2993
0.6159902 1.337083 2.015009 82.98226 -25.73908 182.0551
0.2763906 1.584642 1.886347 66.196 -28.05206 175.2077
0.4096914 1.394457 1.803339 53.47844 -30.85359 175.2306
0.4135976 1.350755 1.736933 47.02043 5.535725 153.6963
0.1999746 1.486497 1.663202 35.22654 7.016641 148.6123
1.393822 -0.6802505 -0.06165135 -75.88033 -254.2429 251.6963
2.052758 -0.5735611 0.3543643 -55.97194 -254.2429 251.6963
2.064904 -0.5769791 0.437128 -39.40705 -254.2429 251.6963
2.064904 -0.5142349 0.6695498 -18.70476 -254.2429 251.6963
2.064904 -0.3174575 0.68371 -10.33072 -254.2429 251.6963
2.064904 -0.2256607 0.8804873 5.49371 -254.2429 251.6963
2.064904 -0.1634048 1.134882 39.67692 -254.2429 251.6963
2.064904 -0.3015884 1.371454 87.1731 -254.2429 251.6963
2.064904 -0.2642349 1.606317 127.1197 -254.2429 251.6963
2.064904 1.017992 2.025263 127.3716 -254.2429 251.6963
2.064904 -0.01228175 1.860468 93.13493 -254.2429 251.6963
2.064904 0.4586655 2.344843 86.86776 -254.2429 251.6963
1.993432 0.5074936 2.680292 115.967 -254.2429 243.2917
2.064904 0.2440659 2.465448 126.3868 -227.0597 229.4444
1.784203 0.589769 2.859491 122.1655 -222.6093 228.0169
1.770287 0.5956284 2.951777 128.0968 -201.0215 223.7039
1.899682 0.5419174 3.164179 145.4937 -167.0597 207.2688
1.317895 0.9076401 3.195673 129.6693 -164.304 216.8871
1.388451 0.5875717 2.932001 152.5548 -173.2582 228.1772
1.347191 0.4545151 3.005487 180.28 -157.2276 194.8566
1.231225 0.6442123 2.972773 182.799 -129.4032 211.4062
1.020043 1.094896 3.111444 127.4555 -78.96809 128.6505
0.8650137 0.8722397 2.967402 83.01279 -103.0444 163.6199
0.9057852 0.7504135 2.935907 36.1731 -110.8002 198.2153
0.5837636 0.5301987 2.989862 67.967 -107.8536 198.1619
0.6318594 0.754808 2.579706 92.57005 -104.449 195.8718
0.6584707 0.8593002 2.377558 77.90592 -85.02917 193.4749
0.6338125 0.9330307 2.238398 68.63875 -50.95282 188.9024
0.5039297 0.9733139 2.193964 50.95936 -41.67038 181.4902
0.4240957 0.96306 2.175409 44.02806 -48.72382 180.7268
0.3723379 1.059984 2.147577 40.95173 -48.51007 180.368
0.2998281 1.047289 2.057978 30.53188 -40.28107 174.3375
0.2141348 1.242601 2.061396 31.60058 -29.67038 168.0169
0.252709 1.325609 1.840692 5.715084 -6.052061 154.7497
0.1067129 1.291917 1.94372 -7.330718 1.665496 146.4673
0.02248438 1.238207 1.935419 -13.25438 -7.036794 141.5436
-0.03830664 1.277757 1.843134 -16.38415 -13.46428 134.6657
-0.04807226 1.314623 1.768183 -19.8269 -22.63221 123.6657
-0.0470957 1.326585 1.662958 -23.804 -20.22 112.6734
-0.077125 1.309496 1.629023 -26.9643 -16.3574 101.6352
-0.07077734 1.236009 1.577509 -31.25438 -6.418473 90.62757
-0.1249766 1.259691 1.55163 -38.60553 9.978473 80.29933
-0.1169199 1.225999 1.536493 -42.49102 17.26092 82.43674
-0.1386484 1.197679 1.519403 -48.10934 20.71893 82.74208
-0.2082285 1.119554 1.465448 -52.6666 24.08534 72.32223
-0.3820567 0.8595444 1.228388 -49.51392 30.6426 55.62757
-0.1474375 0.8561264 1.109003 -52.52156 52.70367 26.44437
-0.3056406 0.9813705 1.268183 -59.00247 51.52809 28.18482
-0.2638926 0.8046127 1.238642 -53.06354 49.39069 22.24589
-0.3691172 0.8209702 1.212763 -41.98721 47.72657 9.96345
-0.3476328 0.7218491 1.147333 -35.78873 43.52046 0.8565802
-0.5383067 0.8248764 1.186396 -31.72003 39.12351 -6.601435
-0.5419688 0.6490952 1.188593 -25.17041 19.01664 -12.65487
-0.4352793 0.5988022 0.90246 -23.04064 10.08534 -12.02892
-0.4526133 0.6185776 0.9229678 -16.08644 12.08534 -31.13579
-0.4892344 0.7098862 0.8201846 -24.58262 12.08534 -31.86861
-0.4721446 0.6041733 0.6851748 -20.56736 22.10061 -29.96021
-0.5434336 0.5655991 0.7257022 -19.52919 19.63496 -31.63197
-0.5885996 0.5729233 0.5965518 -10.46049 -1.968092 -42.91441
-0.6144785 0.5162827 0.5975284 -10.46049 -4.242901 -39.08998
-0.6235117 0.5267807 0.6309756 -9.636061 -10.2658 -38.70831
-0.5712656 0.5309311 0.6727237 -10.6895 -18.37267 -36.5251
-0.5138926 0.5153061 0.6509952 -11.52156 -18.51771 -38.67014
-0.5077891 0.4913804 0.6929873 -11.81163 -17.2887 -44.07471
-0.531959 0.5004135 0.7442569 -12.59789 -20.94519 -44.41059
-0.5331797 0.5109116 0.774042 -12.36125 -27.80015 -42.7541
-0.502418 0.5226303 0.7684268 -13.96431 -30.57114 -43.05182
-0.4797129 0.5319077 0.7850284 -14.30782 -31.1055 -45.34953
-0.4704356 0.5509506 0.8082217 -14.49102 -33.15893 -46.777
-0.46775 0.5717026 0.8165225 -13.31545 -36.70092 -47.70831
-0.4365 0.5990463 0.8135928 -11.01774 -39.16656 -50.48693
-0.4111094 0.6554428 0.8211612 -8.811634 -40.53298 -54.5022
-0.4023203 0.7186752 0.8299502 -8.8269 -41.93756 -58.39533
-0.403541 0.7484604 0.8375186 -7.865068 -44.04443 -62.35716
-0.3967051 0.8009506 0.8673038 -5.345985 -46.28107 -66.92204
-0.4118418 0.843187 0.8753604 -0.6436948 -47.34214 -72.23502
