0.135563 -1.774963 0.3522139 -10.74609 -141.0492 99.95594
0.1533853 -1.774963 0.3273115 -13.70792 -142.5682 136.6735
0.2027017 -1.774963 0.3358564 -6.72319 -148.8125 165.4292
0.3252603 -1.774963 0.4022627 -5.364412 -151.2247 196.0246
0.3762856 -1.774963 0.3256025 2.139404 -148.0186 214.1773
0.4234048 -1.774963 0.4491377 16.40658 -160.9881 231.1391
0.4634439 -1.774963 0.6139326 24.9562 -160.8812 241.7193
0.4993325 -1.774963 0.6681318 41.29208 -156.1484 251.8109
0.5982095 -1.612121 0.7262373 58.84169 -153.2095 251.8109
0.5073892 -1.607238 0.7001143 77.46765 -153.2934 251.8109
0.5474282 -1.482482 0.7855635 91.24628 -152.1713 251.8109
0.6184731 -1.280334 0.8480635 100.1547 -147.7514 251.8109
0.5982095 -1.339904 0.8480635 115.3837 -141.9576 251.8109
0.5999185 -1.240051 0.8400068 130.8035 -137.2247 251.8109
0.6204263 -1.177795 0.8129072 141.4753 -133.3163 251.8109
0.618229 -1.102111 0.7782393 149.5287 -130.1713 251.8109
0.6563149 -1.080139 0.7704268 155.2005 -127.6904 251.8109
0.6621743 -1.07135 0.713542 160.8417 -122.866 251.8109
0.6316567 -1.098449 0.649333 169.1394 -124.0034 251.8109
0.6687661 -0.9956659 0.6898603 172.4142 -120.614 251.8109
0.6204263 -0.9473261 0.6300459 178.689 -121.469 251.8109
0.6631509 -0.8001093 0.7147627 175.2921 -118.4614 251.8109
0.6643716 -0.8501581 0.6349287 178.7654 -116.0339 251.8109
0.6397134 -0.9895624 0.4784346 173.5135 -123.4843 251.8109
0.7212564 -0.9500116 0.4801435 177.9791 -125.4003 251.8109
0.7783853 -0.8596796 0.5174971 174.6661 -129.6293 251.8109
0.869938 -0.8589472 0.5211592 174.7348 -131.5072 251.8109
1.004704 -0.8340448 0.5345869 179.773 -134.469 251.8109
1.140934 -0.7974237 0.574626 186.002 -135.3087 251.8109
1.30402 -0.721496 0.5397139 187.2844 -141.9041 251.8109
1.414127 -0.6240839 0.6454268 199.2081 -143.3087 251.8109
1.48151 -0.5855097 0.7440596 205.231 -142.866 251.8109
1.638981 -0.5615839 0.7770185 209.8341 -143.1942 251.8109
1.765934 -0.4563593 0.8736982 218.4829 -136.7896 251.8109
1.892399 -0.388244 0.8592939 223.4906 -131.156 251.8109
1.917545 -0.3401483 0.8483076 227.3608 -130.2934 251.8109
2.025455 -0.2593378 0.8929853 230.1012 -124.2171 251.8109
2.149479 -0.2173456 0.8114424 230.3379 -115.4614 251.8109
2.246647 -0.157287 0.7206221 228.3837 -110.0873 251.8109
2.289799 -0.08868347 0.6027021 222.9562 -106.3392 251.8109
2.289799 0.01458801 0.4440107 210.7272 -101.4232 251.8109
2.289799 -0.009581908 0.2123213 199.8417 -107.5911 251.8109
2.289799 0.05877747 0.07853222 191.8341 -110.5301 251.8109
2.289799 0.08538879 -0.009114265 190.7043 -116.3163 251.8109
2.289799 0.1903693 -0.1660967 188.9715 -123.4537 251.8109
2.289799 0.1837775 -0.2605791 202.4753 -131.843 251.8109
2.289799 0.2890021 -0.2605791 218.7959 -143.3011 251.8109
2.289799 0.5568243 -0.2605791 238.918 -153.5224 251.8109
2.289799 0.5641485 -0.2605791 254.1318 -172.5072 251.8109
2.289799 0.9684454 -0.2605791 269.6508 -177.9041 251.8109
2.289799 0.7453009 -0.2605791 269.6508 -189.4232 251.8109
1.912663 2.224976 -0.2605791 269.6508 -269.1713 251.8109
2.289799 2.224976 -0.1604815 254.6509 -235.9576 251.8109
2.289799 2.224976 0.149333 269.6508 -202.8889 251.8109
2.289799 2.224976 -0.1126299 263.8188 -218.9423 251.8109
2.289799 2.224976 -0.02864552 269.6508 -243.095 251.8109
2.289799 2.224976 0.3382978 269.6508 -237.4614 251.8109
2.289799 2.224976 0.418376 259.6203 -235.2934 251.8109
2.289799 2.224976 0.5690107 242.4753 -254.5072 251.8109
2.289799 2.224976 0.7189131 209.2386 -250.8354 251.8109
2.289799 2.224976 1.085368 181.2157 -242.5148 251.8109
2.289799 2.224976 1.639812 204.1318 -219.1331 251.8109
2.289799 2.224976 1.756511 211.6967 -192.3621 251.8109
2.289799 2.224976 1.694011 193.5287 -159.0415 251.8109
2.289799 2.224976 0.9672041 -153.2499 175.2944 -248.4563
2.289799 -0.4304804 -0.2605791 -230.6163 231.0959 -248.4563
2.289799 -0.5884394 -0.2605791 -230.6163 231.0959 -248.4563
2.289799 -0.6983027 -0.2605791 -230.6163 231.0959 -248.4563
2.289799 -0.7012323 -0.2605791 -223.3339 231.0959 -248.4563
2.289799 -0.8504023 -0.2605791 -202.7003 231.0959 -248.4563
2.289799 -0.9048456 -0.2605791 -185.1507 231.0959 -248.4563
2.289799 -1.111389 -0.2605791 -150.5247 231.0959 -248.4563
2.289799 -1.172424 -0.2605791 -151.2041 231.0959 -248.4563
2.289799 -1.354797 -0.2605791 -153.601 231.0959 -248.4563
2.289799 -1.550842 -0.2605791 -145.3415 231.0959 -248.4563
2.289799 -1.774963 -0.2605791 -136.3033 231.0959 -248.4563
2.289799 -1.774963 -0.2605791 -152.3873 231.0959 -248.4563
1.682682 -1.774963 -0.2605791 -138.3491 231.0959 -248.4563
2.089909 -1.774963 -0.2605791 -174.3186 231.0959 -248.4563
2.122135 -1.774963 -0.2605791 -230.6163 181.76 -248.4563
0.6062661 -1.774963 -0.2605791 -230.6163 86.12642 -248.4563
-1.71014 -1.774963 -0.2605791 254.0096 -19.75145 -248.4563
0.3591958 -1.774963 -0.2605791 162.086 -55.42321 -248.4563
0.5867349 -1.774963 -0.2605791 229.7501 -98.26289 -248.4563
0.1399575 -1.774963 -0.2605791 269.2386 -137.7591 -248.4563
-0.4013022 -1.774963 -0.2605791 259.6508 -159.1408 -248.4563
-0.4733237 -1.774963 -0.2605791 240.8264 -176.3011 -248.4563
-0.4049644 -1.774963 -0.2605791 198.4753 -192.0644 -212.9754
-0.2389487 -1.774963 -0.2605791 171.2692 -199.3087 -171.8685
-0.05169287 -1.774963 -0.194417 144.2081 -207.3545 -130.8914
0.1453286 -1.774963 -0.002034187 115.0096 -195.2095 -89.44864
0.2073403 -1.774963 0.138835 82.87223 -197.5072 -41.02879
0.255436 -1.774963 0.368083 72.35315 -197.3774 -3.799786
0.3631021 -1.774963 0.3910322 49.46001 -189.095 46.32998
0.557438 -1.774963 0.5174971 44.09361 -185.6217 80.42159
0.5293618 -1.774963 0.6222334 32.81116 -183.3163 116.1086
0.5994302 -1.774963 0.7120771 13.26154 -177.4537 148.2918
0.6057778 -1.774963 0.7926435 2.818794 -173.0034 177.0094
0.6548501 -1.774963 0.8204756 -1.707924 -165.2171 204.0628
0.6367837 -1.774963 0.8639326 0.5516186 -163.553 222.6659
0.6575356 -1.774963 0.8876143 7.62032 -159.5453 241.0552
0.6721841 -1.774963 0.8761396 18.35315 -154.4003 251.8109
0.7229653 -1.774963 0.8534346 32.20047 -153.7209 251.8109
0.7219888 -1.774963 0.8661299 44.36078 -156.3087 251.8109
0.7717935 -1.773498 0.9571943 60.58979 -152.3392 251.8109
0.7634927 -1.74591 0.8722334 80.20811 -146.0415 251.8109
0.6848794 -1.621887 0.8375654 104.7806 -145.2095 251.8109
0.7647134 -1.457824 0.7736006 125.3531 -145.927 251.8109
0.8069497 -1.394592 0.7804365 140.0783 -146.7285 251.8109
0.8345376 -1.321105 0.836833 158.2157 -143.9881 251.8109
0.8945962 -1.269592 0.8800459 172.2081 -139.0797 251.8109
0.9544106 -1.240295 0.8556318 186.4524 -136.1484 251.8109
0.9666177 -1.126769 0.9117842 198.2157 -132.1026 251.8109
1.015202 -1.073791 0.963542 205.1623 -121.7667 251.8109
0.9854165 -1.02008 0.9691572 211.7806 -116.4079 251.8109
1.013981 -0.9392694 0.9657393 224.773 -109.7133 251.8109
1.040348 -0.8897089 0.965251 231.4218 -104.4843 251.8109
1.104069 -0.8269648 0.987956 240.4142 -97.11023 251.8109
1.206608 -0.7434687 0.9423018 241.4677 -87.52245 251.8109
1.232487 -0.6758417 0.9452314 237.9944 -78.46901 251.8109
1.253239 -0.5493769 0.9161787 236.4524 -73.49191 251.8109
1.270085 -0.4873652 0.8514814 233.0478 -71.78198 251.8109
1.330876 -0.408996 0.8111982 227.5669 -63.3316 251.8109
1.361393 -0.3362421 0.7057295 221.2921 -63.56824 251.8109
1.365055 -0.2307733 0.6676435 213.7959 -64.51481 251.8109
1.391178 -0.2188104 0.6410322 206.8341 -66.81252 251.8109
1.422184 -0.1624139 0.6422529 202.8646 -67.99573 251.8109
1.46735 -0.09210144 0.6373701 199.2157 -68.99573 251.8109
1.453434 -0.02349792 0.6349287 194.6432 -69.94229 251.8109
1.532536 -0.02105652 0.5738935 189.399 -70.84306 251.8109
1.599674 0.05047668 0.5675459 185.6738 -73.79726 251.8109
1.698307 0.02288879 0.5519209 187.7196 -76.76672 251.8109
1.76862 0.0890509 0.4921064 181.544 -80.39267 251.8109
1.847233 0.08490051 0.4425459 185.9562 -83.26289 251.8109
1.930973 0.1105353 0.4076338 189.6356 -87.2171 251.8109
2.113102 0.123963 0.3277998 192.0707 -88.24763 251.8109
2.234196 0.1129767 0.2550459 206.399 -91.66748 251.8109
2.289799 0.1969611 0.1656904 206.8188 -100.1484 251.8109
2.289799 0.2079474 0.09098339 221.6203 -105.8965 251.8109
2.289799 0.2687384 0.009196281 234.46 -110.9728 251.8109
2.289799 0.3993536 -0.1763506 242.9944 -116.8354 251.8109
2.289799 0.4032598 -0.2605791 255.4982 -126.9194 251.8109
2.289799 0.6325079 -0.2605791 259.3913 -127.7973 251.8109
2.289799 2.039002 -0.2605791 223.5669 -164.5453 251.8109
2.289799 2.119813 -0.2605791 216.3608 -256.8049 251.8109
2.289799 2.224976 -0.2605791 268.399 -184.1713 251.8109
2.289799 2.224976 -0.2605791 269.6508 -185.8125 251.8109
2.289799 2.224976 -0.2605791 269.6508 -216.9041 251.8109
2.289799 2.224976 -0.2605791 269.6508 -233.8278 251.8109
2.289799 2.224976 -0.2605791 269.6508 -241.011 251.8109
