0.7646026 -0.202603 0.622957 -19.08817 -7.991633 30.79119
0.7650908 -0.1857573 0.6329668 -19.85153 -8.403847 30.96676
0.7755889 -0.1881987 0.6566484 -20.79046 -8.411481 30.0889
0.7738799 -0.1850249 0.6617754 -21.30191 -8.525985 29.60798
0.7741241 -0.1935698 0.6727617 -21.21794 -8.151939 28.76066
0.7719268 -0.1962554 0.6712968 -21.1874 -7.823695 27.98966
0.782669 -0.2045562 0.6830156 -21.46985 -6.854229 27.22631
0.7902373 -0.2140776 0.682039 -20.98893 -6.274076 26.0889
0.8056182 -0.2323882 0.6793535 -21.08817 -5.510717 25.40951
0.8083037 -0.2489897 0.6813066 -21.22557 -4.655756 24.59272
0.8163604 -0.2626616 0.6852129 -21.69122 -3.648122 24.59272
0.8158721 -0.2843902 0.6805742 -21.84389 -3.220641 23.87516
0.8158721 -0.3107574 0.6805742 -22.14924 -2.602321 24.20341
0.8146514 -0.3319976 0.6786211 -22.17977 -2.411481 24.92096
0.8209991 -0.3537261 0.6839921 -22.29428 -1.732092 25.39425
0.8090362 -0.3732574 0.6927812 -22.27137 -1.144305 26.65379
0.8136748 -0.3942534 0.6842363 -22.43931 -0.7168244 27.79119
0.8117217 -0.4172027 0.701082 -22.46221 0.03890085 29.49348
0.810501 -0.4235503 0.6969316 -22.58435 1.214473 31.24921
0.8107451 -0.4379546 0.7069414 -22.17214 1.962565 33.14233
0.8146514 -0.4401519 0.7069414 -21.74466 2.794626 35.28738
0.8009795 -0.3036773 0.7049882 0.5148854 -0.3427787 6.241572
0.7846221 -0.4530913 0.5707109 17.53779 4.008367 12.35608
0.78096 -0.4513824 0.5716875 16.73626 3.779359 14.23394
0.7841338 -0.4518706 0.5680254 16.01107 3.328977 15.95913
0.78096 -0.4460113 0.5560625 15.80496 3.008367 17.34081
0.7865752 -0.4389312 0.5572832 15.43092 2.069435 18.77592
0.7865752 -0.4172027 0.5455644 14.40038 1.687756 20.42478
0.7853545 -0.4067046 0.5416582 12.54542 1.390046 21.48585
0.7917022 -0.3913238 0.5318925 11.20191 0.5961528 22.23394
0.7863311 -0.3788726 0.5455644 9.659924 0.2450078 23.37134
0.7855987 -0.369107 0.546541 7.881298 -0.1443052 24.1576
0.7917022 -0.3564116 0.5531328 6.224809 -0.2664428 24.78356
0.7941436 -0.3363921 0.5597246 4.217175 -0.335145 25.50875
0.7951201 -0.3212554 0.5519121 2.186641 -0.296977 26.1576
0.8046416 -0.3100249 0.5531328 -0.3553438 -0.335145 26.56218
0.8075713 -0.2956206 0.5555742 -2.798092 -0.5412519 27.1118
0.813919 -0.2826812 0.5526445 -5.332443 -0.4572824 27.14234
0.8092803 -0.2770659 0.5497148 -7.424046 -0.7320915 27.47821
0.8065948 -0.2616851 0.5548418 -9.698855 -0.984 27.33318
0.7936553 -0.251187 0.5558183 -11.70649 -1.342779 27.34081
0.793167 -0.23898 0.5528886 -13.76756 -1.831328 26.79882
0.7919463 -0.2414214 0.5519121 -14.69122 -2.510718 26.48585
0.7816924 -0.2380034 0.5624101 -15.48512 -2.953466 25.81409
0.7794951 -0.2428862 0.5589921 -15.28664 -3.510717 24.83699
0.7838897 -0.2370269 0.5729082 -15.0729 -3.693924 24.14997
0.782669 -0.2428862 0.5643632 -14.24847 -3.716825 22.98966
0.777542 -0.2443511 0.5733964 -13.29428 -3.587053 21.83699
0.7787627 -0.2350737 0.5533769 -12.40114 -3.274076 20.0202
0.7672881 -0.240689 0.5350664 -12.48512 -3.503084 18.93623
0.7597198 -0.2411772 0.5348222 -12.24084 -3.678657 17.40188
0.7628936 -0.2519195 0.5231035 -11.89733 -4.197741 16.02783
0.7550811 -0.2602202 0.5067461 -11.31718 -4.915298 14.69959
0.7594756 -0.271939 0.5025957 -9.950764 -5.838962 13.37134
0.7553252 -0.2912261 0.4977129 -9.0271 -6.777893 12.09653
0.7538604 -0.3024566 0.5018632 -8.15687 -7.938199 11.43241
0.7543487 -0.3100249 0.4935625 -7.683588 -9.121405 10.63852
0.7523955 -0.3200347 0.5033281 -6.882061 -10.10614 9.989664
0.7397002 -0.337857 0.5235918 -6.477481 -10.83133 9.417145
0.7458037 -0.3498199 0.5314043 -5.973664 -11.42675 9.287374
0.7416533 -0.3625152 0.5548418 -5.737023 -11.96873 9.317908
0.7248076 -0.3698394 0.558748 -4.996565 -11.70919 9.401877
0.7272491 -0.383023 0.5736406 -4.424046 -11.64812 9.340809
0.7216338 -0.4001128 0.5829179 -3.187405 -11.58705 9.524015
0.7221221 -0.4047515 0.5790117 -2.279008 -11.13667 9.936229
0.71846 -0.4132964 0.5741289 -1.401145 -10.97637 10.53165
0.716751 -0.4147613 0.5716875 -0.7828245 -10.53362 11.24921
0.7113799 -0.4198882 0.5719316 -0.07290077 -10.38095 12.36371
0.7094268 -0.4333159 0.55533 0.1255722 -10.53362 13.68432
0.7145537 -0.429898 0.5470293 0.2248092 -10.73209 15.0889
0.7140655 -0.4289214 0.5375078 -0.05763388 -11.35041 16.57745
0.7130889 -0.4277007 0.5318925 -0.1645041 -11.85423 18.11943
0.715042 -0.4350249 0.5255449 -1.103435 -12.36568 19.89806
0.7182158 -0.4296538 0.5160234 -1.462214 -13.55652 21.92096
0.730667 -0.4223296 0.5138261 -2.56145 -14.36568 23.55455
0.737503 -0.415982 0.5074785 -3.660687 -15.33515 25.74539
0.7392119 -0.4047515 0.5245683 -5.103436 -16.40385 27.44768
0.7443389 -0.3908355 0.5157793 -6.85916 -17.44201 29.39425
0.7487334 -0.3727691 0.5279863 -8.546184 -17.81606 30.78356
0.7550811 -0.3493316 0.5470293 -9.866795 -18.87713 32.14997
0.74971 -0.3273589 0.5572832 -11.25611 -19.51072 33.35608
0.7624053 -0.3146636 0.5650957 -12.46221 -20.08324 34.066
0.7624053 -0.2936675 0.5785234 -13.40114 -20.39621 34.44768
0.7741241 -0.2726714 0.5970781 -14.08053 -20.52599 34.66905
0.7848662 -0.2616851 0.6075761 -14.76756 -20.44965 34.62325
0.7765655 -0.2509429 0.6192949 -15.47748 -20.49545 34.21104
0.7863311 -0.2289702 0.6454179 -16.46221 -20.24354 33.86753
0.7975616 -0.2152983 0.6556718 -17.57672 -19.79316 33.53928
0.7960967 -0.2004058 0.6800859 -18.34771 -19.19774 32.96676
0.8017119 -0.1982085 0.7069414 -18.85916 -18.62522 32.26447
0.8022002 -0.1916167 0.714998 -19.24084 -17.61759 31.46295
0.8022002 -0.1833159 0.7313554 -19.50038 -16.42675 30.01257
0.8058623 -0.1740386 0.7486894 -19.14924 -15.69392 28.98203
0.8097686 -0.1806304 0.7735918 -18.37061 -14.14431 27.56218
0.8166045 -0.1723296 0.7836015 -18.26374 -12.15957 26.03547
0.8200225 -0.1757476 0.8009356 -17.37824 -10.34278 24.56218
0.8266143 -0.1706206 0.8141191 -16.86679 -8.671022 23.05073
0.8246612 -0.1777007 0.8248613 -16.13397 -6.678657 21.58508
0.8170928 -0.1830718 0.8187578 -15.1874 -4.518351 19.86753
0.824417 -0.1881987 0.8268145 -14.0729 -2.312244 18.44005
0.8207549 -0.1964995 0.8297441 -12.84389 0.1610382 16.82173
0.8183135 -0.2045562 0.8177813 -11.72939 2.290809 15.76066
0.8163604 -0.2113921 0.8126543 -10.46221 4.321343 14.10417
0.8190459 -0.2196929 0.8131426 -8.843893 6.275542 12.58508
0.8185576 -0.2238433 0.8043535 -7.15687 8.275541 11.07363
0.8188018 -0.2345855 0.79825 -5.378244 9.93203 9.737756
0.8102569 -0.2382476 0.7840898 -3.233206 11.80226 7.966763
0.7855987 -0.5507476 0.3666093 0.9423661 15.16867 -0.2240772
0.8705596 -0.5961577 0.2901933 -17.73702 -0.7702595 26.47058
0.8634795 -0.5668609 0.2943437 -20.80573 -5.258809 32.17287
0.8500518 -0.535855 0.3282793 -24.98893 -8.922932 37.33318
0.846878 -0.4779937 0.3690507 -28.90496 -12.35041 41.91333
0.8566436 -0.4252593 0.4310625 -31.86679 -15.14431 45.34081
0.8598174 -0.3774077 0.4750078 -33.95076 -16.44965 47.91333
0.8605498 -0.3100249 0.5238359 -35.48512 -16.45728 48.85989
0.8437041 -0.2675445 0.5719316 -37.04237 -15.76263 48.96676
0.8205108 -0.2143218 0.5965898 -37.24847 -14.83896 47.82172
0.7926787 -0.1586577 0.609041 -37.54618 -14.25881 46.46294
0.7570342 -0.1518218 0.6224687 -34.66832 -13.54889 42.92096
0.7245635 -0.1476714 0.6461504 -22.39351 -17.22828 38.80646
0.7785186 -0.06808155 0.6908281 -23.04237 -12.62522 36.32554
0.7538604 -0.05489795 0.7032793 -16.85153 -13.06034 30.23394
0.7541045 -0.05489795 0.716707 -19.29428 -10.61759 25.51638
0.7663116 -0.05270069 0.7193925 -17.66069 -9.693924 20.96676
0.7614287 -0.07003467 0.7276933 -16.08053 -9.136671 16.75302
0.7536162 -0.08810108 0.7547929 -14.95076 -7.365679 12.44768
0.7592315 -0.1198394 0.7796953 -13.1874 -5.938199 8.47058
0.7580108 -0.1525542 0.7938554 -12.74466 -3.38858 5.417145
0.7389678 -0.1940581 0.8043535 -10.76756 -1.159572 2.111801
0.7309112 -0.2196929 0.7977617 -8.546184 0.7106564 -0.3767471
0.7199248 -0.2492339 0.79825 -6.996565 2.710657 -2.056137
0.7257842 -0.2821929 0.8019121 -5.866794 4.771725 -3.208809
0.7309112 -0.3107574 0.7831132 -5.034733 6.52745 -3.903465
0.7309112 -0.3359038 0.7838457 -4.332443 8.252642 -3.911098
0.7260283 -0.3554351 0.7723711 -3.370611 9.573252 -3.934
0.7213897 -0.3732574 0.7411211 -2.43168 10.96256 -3.453083
0.7196807 -0.3815581 0.7269609 -0.981298 11.11524 -2.643923
0.7160186 -0.3842437 0.7069414 -0.004198551 11.75646 -2.292778
0.7272491 -0.3756988 0.6891191 1.400382 12.23737 -1.621023
0.737503 -0.3800933 0.685457 2.179007 12.80226 -1.163008
0.7528838 -0.3617827 0.6468828 2.827862 13.22211 -0.8042297
0.7824248 -0.3515288 0.6439531 2.782061 13.69539 -0.3080463
0.7941436 -0.3349273 0.6127031 2.278244 14.0847 0.2568398
0.7990264 -0.3266265 0.5958574 2.232442 14.32134 0.6003513
0.822708 -0.3185699 0.5838945 2.560687 14.45875 0.9133282
0.8332061 -0.3263824 0.5560625 2.720993 14.65722 1.57745
0.873001 -0.3295562 0.5338457 4.102671 14.37478 2.172871
0.9096221 -0.3437163 0.5143144 5.049237 14.17631 3.066
0.9408721 -0.3490874 0.4942949 5.629389 13.58088 4.348442
0.9796905 -0.3410308 0.4781816 6.087405 13.39768 5.989664
