0.3540273 -0.4995864 2.074579 20.83722 122.4441 -42.51746
0.419457 -0.5049576 2.195917 17.24944 126.6579 -44.96021
0.5613027 -0.5012955 2.243769 16.15783 136.551 -37.06708
0.6606679 -0.4510025 2.289179 12.09676 151.2991 -35.46403
0.8081289 -0.4500259 2.245478 -1.979572 173.9174 -21.28082
0.8747793 -0.5152115 2.177362 -4.521557 212.4747 -18.05182
0.7900625 -0.5708755 2.272821 5.058596 219.5663 11.29933
0.8086172 -0.5064224 2.628046 3.631114 242.8411 -14.08998
0.8991934 -0.1804946 2.57287 5.623481 241.6426 16.00162
1.024438 -0.3128189 2.522089 12.27997 246.0243 35.32986
0.9929434 -0.1643814 2.632196 11.80669 246.0243 18.35276
0.9497305 -0.4011978 2.51037 48.73035 246.0243 -1.769374
1.308373 0.2045151 2.598017 72.87539 246.0243 -18.89151
1.231713 0.2306382 2.439325 54.75325 246.0243 -1.960214
1.383813 0.4779526 2.500849 68.01279 246.0243 -31.50983
1.422875 0.6041733 2.676142 48.40974 246.0243 -44.4793
1.322777 0.6073471 2.641718 27.58531 246.0243 -35.55563
1.350365 0.4611069 2.323359 41.92883 246.0243 -48.33426
1.563012 0.584642 2.178339 41.03569 246.0243 -57.49456
1.562768 0.5250717 2.00915 39.84486 246.0243 -66.83807
1.531518 0.4171616 1.94494 46.87539 246.0243 -77.63197
1.606469 0.3307358 1.719599 59.86776 246.0243 -93.46403
1.667504 0.3488022 1.515741 57.37921 246.0243 -96.76174
1.689477 0.2843491 1.393915 64.30287 246.0243 -104.6472
1.689232 0.2733628 1.283563 62.43264 246.0243 -110.5709
1.631615 0.1876694 1.148798 65.06623 246.0243 -120.1892
1.639916 0.1561753 1.003778 70.50898 246.0243 -134.1129
1.539574 0.2032944 0.9571475 65.30287 246.0243 -137.3037
1.565453 0.09831396 0.8372745 67.16547 246.0243 -144.4182
1.727563 0.02482763 0.6404971 61.16547 246.0243 -171.2732
2.002465 0.1825425 0.4515323 53.86776 246.0243 -185.8992
1.934838 0.1212632 0.3350772 54.53951 246.0243 -150.7999
1.848656 0.1124741 0.3189639 52.14257 246.0243 -139.7007
1.775902 0.05900732 0.3113955 49.78379 246.0243 -148.1892
1.652123 0.08024755 0.3736514 56.70745 246.0243 -148.2579
1.7156 -0.01325831 0.1168154 51.13493 246.0243 -157.3419
1.71975 -0.05036768 0.08361233 44.13493 246.0243 -154.9297
1.794945 -0.01692042 0.01281154 41.86776 246.0243 -161.2961
1.638451 -0.07453761 0.07872951 41.07386 246.0243 -164.9068
1.680443 -0.08747705 -0.06165135 36.69218 246.0243 -166.5633
1.654809 -0.1336196 -0.06165135 31.94409 246.0243 -170.0595
1.643334 -0.1338638 -0.06165135 23.0586 246.0243 -173.8152
1.520287 -0.2405532 -0.06165135 10.69218 246.0243 -181.3801
1.466088 -0.2168716 -0.06165135 -1.842168 246.0243 -178.2885
1.271264 -0.3826431 -0.06165135 -8.185679 246.0243 -173.6396
1.140404 -0.4688247 -0.06165135 -36.8956 246.0243 -162.861
1.181176 -0.5662369 -0.06165135 -56.42995 246.0243 -156.2198
1.070824 -0.6367935 -0.06165135 -83.78873 246.0243 -152.5633
0.9565664 -0.6389908 -0.06165135 -118.2696 246.0243 -133.0366
0.8266836 -1.073805 -0.06165135 -125.2009 246.0243 -122.2961
0.4182363 -1.287184 -0.06165135 -115.3918 246.0243 -98.15868
0.4057851 -1.438307 -0.06165135 -114.4605 246.0243 -98.21976
0.2590566 -1.553297 -0.06165135 -107.804 246.0243 -90.18159
-0.009253904 -1.192458 -0.06165135 -116.5826 240.3372 -11.5709
1.905297 -0.6092056 0.3546084 19.56241 246.0243 -195.6625
1.888695 -0.7552017 0.3890322 18.53188 246.0243 -189.0976
1.831078 -0.8054947 0.3297061 10.60058 246.0243 -186.6396
1.793236 -0.7810806 0.3236026 4.447908 246.0243 -178.3266
1.725121 -0.81819 0.3016299 -10.78873 246.0243 -155.7159
1.757104 -0.9146255 0.1553897 -19.01011 246.0243 -145.4869
1.648217 -0.9405045 0.05138576 -28.94904 246.0243 -153.7617
1.643578 -0.851149 0.04845607 -46.65133 246.0243 -117.3495
1.540551 -0.8936295 -0.06165135 -79.22385 246.0243 -112.3419
1.37307 -1.065993 -0.06165135 -102.888 246.0243 -109.9678
1.318871 -1.156081 -0.06165135 -102.9185 246.0243 -87.31899
1.180688 -1.136305 -0.06165135 -120.0177 246.0243 -78.49456
0.8115469 -1.177077 -0.06165135 -137.804 246.0243 -43.7541
0.3774648 -1.684645 -0.06165135 -100.7353 246.0243 -60.49456
0.6762929 -1.805739 -0.06165135 -71.79636 246.0243 -36.7541
0.07839258 -1.474928 -0.06165135 -72.88033 246.0243 -46.26556
-0.1635508 -1.616286 -0.06165135 -44.13988 246.0243 -13.12815
-0.3261485 -1.748366 -0.06165135 -13.92614 246.0243 -8.181588
-0.3224864 -1.754958 -0.06165135 13.02806 210.9556 -8.273191
-0.3871836 -1.566969 -0.06165135 26.81432 179.5434 19.20773
-0.3464121 -1.330397 -0.06165135 11.58531 152.7953 6.123756
-0.5322031 -1.384596 -0.06165135 -20.03301 82.7571 29.96345
-0.4543223 -1.396803 -0.06165135 -16.92614 50.57389 41.58177
-0.3107676 -1.229323 -0.06165135 -15.20095 17.8945 50.91002
-0.01755469 -1.030592 -0.06165135 -16.13224 -2.242901 61.4062
0.1758047 -0.8804459 -0.06165135 -15.97194 -22.76962 69.74971
0.3972402 -0.8916763 -0.06165135 -1.872702 -32.82306 63.88712
0.5979238 -0.677565 -0.06165135 13.96699 -33.54061 56.17719
0.5901113 -0.1175064 -0.06165135 4.531878 -47.56351 88.68101
0.7387929 -0.1338638 -0.06165135 -7.910871 -71.46428 73.91002
0.8567129 -0.07111964 0.162958 -3.361252 -71.51008 69.00162
0.9321524 0.09806982 0.2684268 1.547145 -82.86886 63.07032
1.050316 0.1659409 0.4161319 16.66165 -80.37267 56.85658
1.044945 0.3473374 0.6129092 16.02806 -94.82306 68.95582
1.116723 0.2606675 0.7408389 21.42501 -90.67039 36.3146
1.123803 0.6041733 1.031366 23.40974 -90.1742 50.17719
1.218041 0.497728 1.083124 42.86012 -113.5559 74.71154
1.492699 1.572435 1.497431 10.44027 -58.18183 -4.990748
2.017357 0.6390854 1.019159 -70.68186 -103.9452 60.01689
1.427025 0.7504135 1.530878 -59.43759 -71.63985 28.29933
1.355004 0.7006088 1.581903 -60.70476 -63.95282 23.64284
1.407494 0.6988998 1.671747 -67.21621 -51.81542 9.497802
1.417504 0.6329819 1.769892 -75.49102 -50.06733 -0.4869312
1.485619 0.4591538 1.735956 -78.8956 -30.60931 -10.50983
1.465355 0.2765366 1.710321 -80.88797 -16.3116 -13.5022
1.403588 0.08757177 1.607782 -80.36125 -13.37267 4.375664
1.235131 -0.2405532 1.548212 -79.8727 -1.731451 -23.89915
1.189721 -0.307936 1.371942 -75.95667 1.085343 -17.25792
1.140648 -0.422438 1.224237 -73.53683 8.154045 -11.4106
1.066186 -0.5286392 1.086542 -73.033 12.21511 -12.05182
1.016869 -0.7354263 0.9237002 -78.02538 30.79527 -3.609068
0.7365957 -0.8560318 0.7210635 -101.6895 4.863969 30.55887
0.730248 -1.055006 0.4656924 -98.90324 -19.97573 34.20773
0.7072988 -1.16487 0.3592471 -82.37652 -17.53298 26.93292
0.653832 -1.114333 0.3319033 -71.033 -21.49481 34.49017
0.6313711 -1.146803 0.2684268 -59.39942 -29.11313 40.27643
0.6113515 -1.080641 0.280878 -55.23911 -40.34977 47.20009
0.6303945 -1.106032 0.2833194 -52.20858 -49.80779 53.76498
0.6587148 -1.071608 0.3255557 -49.01774 -58.76199 61.08559
0.7065664 -1.020583 0.3773135 -48.16278 -66.2887 68.48254
0.7278066 -1.009352 0.430292 -46.97194 -72.63222 75.50544
0.7690664 -0.9820084 0.4859561 -45.19331 -76.47191 82.01688
0.8017813 -0.9522232 0.5294131 -44.14751 -80.99863 88.17719
0.8318106 -0.929274 0.5528506 -43.10171 -84.93756 93.71154
0.8437735 -0.8985123 0.5611514 -42.43759 -87.96046 100.1238
0.8540274 -0.8780045 0.5674991 -43.24675 -92.1284 106.681
0.8664785 -0.8567642 0.5635928 -43.42995 -95.92229 112.078
0.8825918 -0.8206314 0.5694522 -42.9185 -99.94519 117.8489
0.8940664 -0.7830338 0.5628604 -42.42232 -103.7467 121.8031
0.8923574 -0.7693619 0.560419 -41.85743 -108.4643 126.1009
0.8955313 -0.7654556 0.5611514 -43.10934 -110.6551 130.6581
0.8886953 -0.7703384 0.5399112 -45.45285 -115.6933 136.1314
0.8928457 -0.7786392 0.5237979 -47.09407 -118.6093 140.6199
0.895043 -0.7718033 0.5071963 -49.19331 -122.6398 145.3528
0.8791739 -0.7671646 0.4998721 -52.62079 -126.2047 150.0627
0.8703848 -0.7932877 0.4686221 -55.8498 -129.7773 155.139
0.8725821 -0.8313736 0.4381045 -59.35362 -133.1513 160.3604
0.8454824 -0.8845963 0.4100284 -60.91087 -138.0979 164.9711
0.8249746 -0.9158463 0.3604678 -63.10171 -143.3498 170.3451
0.7934804 -0.963942 0.3323916 -65.93377 -149.6246 176.5741
0.8022696 -0.9717545 0.3297061 -68.30782 -155.1742 180.681
0.7578359 -1.053542 0.2579287 -73.47575 -163.1208 191.2153
0.8257071 -1.098219 0.2388858 -76.38416 -168.7238 197.5589
0.8271719 -1.099196 0.2589053 -78.58263 -176.5253 203.6886
0.8491446 -1.093092 0.272333 -81.6208 -182.8994 210.4596
0.8686758 -1.112868 0.2928408 -83.25438 -188.9986 217.5436
0.9336172 -1.037672 0.3211612 -84.00247 -195.1666 220.4444
0.8572012 -1.160475 0.3563174 -84.804 -199.8612 228.4367
0.9363028 -1.115065 0.3819522 -81.92614 -205.6933 234.0932
1.204613 0.1312729 1.502069 -30.32308 -11.53298 -10.15105
0.4406972 -0.7271255 0.1448916 -41.99484 -42.70092 32.2459
0.4043203 -0.7710709 0.03551662 -39.53682 -52.39557 36.55124
0.3735586 -0.8787369 -0.04749119 -34.65896 -63.44137 42.21536
0.3550039 -0.9070572 -0.06165135 -32.95667 -70.83833 43.223
0.329125 -0.9019302 -0.06165135 -35.95667 -84.79252 51.04742
0.330834 -0.9624771 -0.06165135 -41.26965 -99.26581 61.74971
