0.6665273 1.75139 0.7733096 -126.0101 -75.0826 -248.5709
0.7663808 1.629076 0.734003 -146.8727 -72.51772 -248.5709
0.8113028 1.490648 0.7547549 -166.5597 -71.74672 -248.5709
0.8867422 1.320726 0.7501163 -183.0559 -68.89176 -248.5709
0.9389883 1.189378 0.7471866 -198.0941 -66.60168 -248.5709
0.9868399 1.031419 0.7459659 -211.3155 -62.34214 -248.5709
1.048852 0.9034897 0.701044 -218.9719 -60.72382 -248.5709
1.13015 0.6788803 0.7161807 -226.2239 -56.03679 -248.5709
1.165063 0.4166733 0.6549014 -235.9643 -48.78489 -248.5709
1.140404 0.2677475 0.6595401 -243.0254 -44.78489 -248.5709
1.144066 0.0450913 0.5902041 -247.659 -37.92229 -248.5709
1.05642 -0.1326431 0.4761905 -246.5674 -41.60168 -248.5709
1.060082 -0.2510513 0.4671573 -247.1475 -39.96809 -248.5709
0.7834707 -0.2573989 0.548212 -248.5139 -51.96809 -248.5709
0.9616934 -0.6499771 0.4554385 -248.5139 -39.18183 -248.5709
0.959252 -1.192458 0.4390811 -248.5139 -44.04443 -248.5709
0.6877676 -1.442946 0.5406436 -248.5139 -36.88412 -248.5709
0.6570058 -1.755202 0.4681338 -248.5139 -50.65511 -248.5709
0.7339101 -1.836256 0.3880557 -248.5139 -43.49481 -248.5709
0.5818105 -1.836256 0.364374 -232.3689 -44.73145 -248.5709
0.436791 -1.836256 0.4019717 -200.4987 -40.21236 -248.5709
0.5312734 -1.836256 0.4444522 -168.7658 -38.1742 -248.5709
0.337914 -1.836256 0.5989932 -138.8727 -39.99099 -248.5709
0.3059316 -1.836256 0.7415713 -131.6208 -44.80015 -248.5709
0.2612539 -1.836256 0.7962588 -125.3307 -39.97572 -248.5709
-0.06320899 0.7611557 1.075312 -24.59789 10.8487 -133.1053
-0.1620859 1.046312 0.4903506 54.02806 -25.23527 -204.9297
-0.2214121 1.068285 0.4676455 71.1044 -35.67038 -214.8686
-0.1716074 1.184496 0.381708 76.25707 -47.80015 -220.4869
-0.09104101 1.298753 0.2852725 69.95936 -52.02153 -229.006
-0.08420507 1.371751 0.2061709 57.69982 -53.28107 -239.0518
-0.09934179 1.524339 0.1199893 32.85249 -59.99863 -241.1511
-0.1010508 1.570482 0.03893459 1.623481 -69.06733 -236.6854
-0.06858008 1.580492 -0.05579197 -31.30782 -78.28107 -232.8381
-0.03488867 1.597093 -0.06165135 -68.70477 -86.36504 -227.6854
-0.0002207011 1.528001 -0.06165135 -106.0941 -91.25053 -228.2579
0.01760156 1.482347 -0.06165135 -141.0177 -100.8078 -227.4106
0.1423574 1.353441 -0.06165135 -173.3307 -96.95283 -238.8915
0.1484609 1.209398 -0.06165135 -201.8269 -111.2047 -236.4411
0.2124258 1.114183 -0.06165135 -227.6208 -116.8154 -238.1511
0.2697988 0.9928452 -0.06165135 -248.5139 -122.3727 -242.8686
0.3608633 0.8251205 -0.06165135 -248.5139 -129.5482 -245.3953
0.579125 0.2860581 0.05016506 -248.5139 -138.2887 -248.5709
0.5886465 0.325853 0.2029971 -248.5139 -137.8231 -248.5709
0.6054922 0.1171128 0.3079776 -248.5139 -138.7773 -248.5709
0.7478261 0.00944677 0.2315615 -248.5139 -135.762 -248.5709
0.6860586 -0.1531509 0.3001651 -248.5139 -144.1589 -248.5709
0.8093496 -0.4453872 0.4031924 -248.5139 -141.4948 -248.5709
0.7719961 -0.4759048 0.4781436 -248.5139 -140.6093 -248.5709
0.7556386 -0.6175064 0.5023135 -248.5139 -135.3498 -248.5709
0.752709 -0.7373795 0.4976748 -241.7277 -136.0597 -248.5709
0.7104726 -0.8299088 0.5335635 -235.4223 -134.991 -248.5709
0.7107168 -0.9932388 0.5284366 -234.8498 -137.846 -248.5709
0.6533437 -0.7849869 0.7696475 -238.6742 -142.9223 -248.5709
0.8066641 -0.9077896 0.5887393 -248.5139 -147.0826 -248.5709
0.5886465 -1.141432 0.7315616 -248.5139 -127.6017 -248.5709
0.6101308 -1.237379 0.6614932 -237.9872 -127.0673 -248.5709
0.6357656 -1.394362 0.6685733 -208.7048 -123.6857 -237.5785
0.5085683 -1.478102 0.7354678 -186.1246 -121.7162 -248.5709
0.5425039 -1.49568 0.77746 -162.0636 -128.2353 -248.5709
0.4634023 -1.451003 0.8594913 -144.7506 -121.4719 -248.5709
0.4399648 -1.425612 0.9044131 -139.5903 -123.6551 -245.0595
0.3591543 -1.405592 0.9415225 -146.1246 -117.3269 -227.9678
0.2712636 -1.399733 0.9798526 -163.6284 -113.8383 -217.1587
0.2580801 -1.500807 0.9881534 -178.033 -120.0215 -207.5556
0.1701895 -1.571364 0.9532413 -180.2926 -120.2811 -194.7923
0.1743398 -1.680983 0.8553409 -175.6971 -115.2353 -183.9144
0.2021719 -1.812331 0.9227237 -155.6284 -108.6093 -168.5022
0.1626211 -1.784743 1.036249 -144.6513 -104.0979 -163.7617
0.1404043 -1.741774 1.059931 -132.7277 -96.44901 -152.632
0.06545312 -1.569655 1.255731 -123.7811 -95.63222 -144.4869
0.1892324 -1.513503 1.177606 -116.575 -101.6322 -111.464
0.1797109 -1.574782 1.224481 -116.178 -73.60931 -115.632
0.06325586 -1.465895 1.471308 -111.7429 -84.1284 -102.2427
0.1233145 -1.550856 1.513544 -106.7735 -75.83833 -84.01365
0.2768789 -1.592604 1.627558 -119.2544 -53.13603 -87.58617
0.1592031 -1.754469 2.039423 -142.0483 -43.1971 -71.3877
0.238793 -1.8282 2.153681 -154.2926 -27.22763 -36.6396
0.1633535 -1.836256 1.900019 -152.5445 -7.074962 -38.21975
0.1445547 -1.836256 1.946161 -138.0025 13.03191 -15.23502
0.03273828 -1.836256 2.035517 -114.0483 3.299084 4.574138
-0.01218359 -1.836256 2.264521 -89.8269 26.94794 -16.68541
-0.1340098 -1.765944 2.316523 -85.19331 19.56626 -21.84571
-0.1254648 -1.643141 2.550898 -71.14751 -19.90702 -3.830442
0.0622793 -1.780104 2.322626 -28.86507 -2.929924 -12.4335
-0.009009764 -1.53279 2.071405 3.241802 -3.960458 0.07032073
-0.04221289 -1.341872 1.978876 11.2418 -0.1970994 -13.63197
0.0100332 -1.165358 1.885858 19.34867 6.062443 -13.6625
0.1037832 -1.094313 1.75744 37.92119 9.024275 -6.16632
0.05031641 -0.9048599 1.764765 51.11203 15.15405 5.871848
0.05422266 -0.753981 1.74914 49.47844 16.01664 13.05505
-0.02292578 -0.7693619 1.713251 50.89066 17.02427 12.15429
-0.04099218 -0.7530045 1.698358 59.1044 18.29145 9.062687
0.02175195 -0.6988052 1.704706 64.39447 22.65023 7.116122
0.02394922 -0.6304459 1.718378 69.09676 25.45939 10.70391
0.04982813 -0.5401138 1.738642 72.51661 28.51283 13.3146
0.05544336 -0.5166763 1.712763 79.35631 31.7571 13.86421
0.04518946 -0.4412368 1.712519 86.68455 33.21511 13.58177
0.02516992 -0.3601821 1.737665 91.50898 34.90977 10.49017
0.04836329 -0.3145278 1.747431 96.0357 34.78 4.673374
0.1045156 -0.1665786 1.77331 97.34867 36.87924 16.3833
0.1350332 -0.0991958 1.838495 84.20364 41.29145 18.79551
0.1167227 -0.1243423 1.860956 71.75325 51.25328 10.44437
0.1428457 -0.1197036 1.891718 63.57768 55.09298 7.597038
0.191918 -0.09284815 1.917841 54.08913 62.01664 12.4291
0.1843496 -0.1165298 1.9237 48.00516 66.34488 13.39093
0.2158437 -0.1338638 1.92663 47.46318 72.26855 12.5207
0.2204824 -0.1018814 1.914911 46.67692 77.35252 13.03215
0.2700429 -0.1021255 1.920282 48.53951 83.35252 11.16192
0.3010488 -0.06477198 1.932245 52.66165 89.17694 9.787878
0.356957 -0.03449854 1.93786 56.2418 92.16167 9.734443
0.3564687 0.01799169 1.980829 61.81432 97.77236 10.26879
0.3374258 0.0804917 2.01037 72.23417 97.87923 8.337496
-0.2494883 -1.254713 1.022821 20.94409 -109.846 -113.2808
-0.1323008 -0.4746841 2.009394 -61.47575 4.955572 -19.09762
-0.1630625 -0.5186295 2.016718 -61.09407 5.291451 -22.70067
-0.205543 -0.5867447 2.096552 -55.55972 -2.769619 -23.58617
-0.2028574 -0.6004166 2.039179 -45.90324 -4.853588 -26.10525
-0.2135996 -0.6248306 1.991571 -39.49866 -8.708549 -26.20449
-0.2065195 -0.6406998 1.965692 -35.24675 -11.3345 -22.05945
0.2583242 -0.8262466 1.683222 -22.39178 18.13878 -37.53273
-0.05222266 -0.6367935 1.931269 -9.452855 9.344885 -15.60143
-0.1523203 -0.7012466 1.919062 -4.063542 14.65023 -14.09762
-0.1589121 -0.7127213 1.930536 0.6616488 22.65786 -20.16632
-0.1327891 -0.7176041 1.972284 10.52424 22.46702 -13.55563
-0.1266855 -0.7046646 1.962519 19.24944 25.70366 -9.418229
-0.134498 -0.6909927 1.956415 27.88302 29.45939 -8.822809
-0.1369395 -0.6499771 1.957636 38.22654 32.20748 -7.731205
-0.120582 -0.5965103 1.949335 46.52425 35.74947 -5.326626
-0.120582 -0.5071548 1.923212 51.2647 39.9174 -3.830442
-0.09348242 -0.4529556 1.858759 59.35631 41.8716 1.658107
-0.1122813 -0.3689712 1.896356 65.81432 44.12351 1.299328
-0.1022715 -0.3137954 1.905634 66.53188 47.27618 1.955817
-0.06955664 -0.222731 1.927606 64.75325 50.10825 5.108489
-0.03586523 -0.1892837 1.931757 66.27234 51.81817 10.69627
0.001000002 -0.1485122 1.943476 70.1731 56.16932 9.26116
0.02394922 -0.1795181 1.959589 77.63112 60.02427 2.055053
0.03542383 -0.03108057 2.046259 88.3334 64.86397 3.993985
0.05324609 0.3873765 2.243036 53.88302 62.28382 32.94055
0.1841055 0.1561753 2.059443 55.2647 77.05481 8.299328
0.1350332 0.3011948 2.053583 51.18837 76.36015 19.78024
0.3557363 0.278978 2.043329 43.48608 90.56625 12.88711
0.3427969 0.3524643 2.233515 37.78379 108.9861 13.87185
0.3996816 0.3680893 2.27453 43.08913 111.6731 17.62757
0.4655996 0.5753647 2.30578 30.86012 135.9021 7.925282
0.5700918 0.464769 2.352655 33.52424 145.2838 20.91002
0.7195058 0.2828843 2.163935 60.69982 182.0853 7.696275
0.422875 0.5668198 2.644892 34.88302 181.4899 4.673374
0.5984121 0.5655991 2.688105 29.30287 208.8792 -65.34189
0.9167715 0.7462631 3.020868 -8.895603 246.0243 -70.25792
