0.8645669 0.2946173 0.6730146 269.6508 -144.0644 251.8109
0.887272 0.4655157 0.6854658 269.6508 -138.5072 251.8109
0.8757974 0.5536505 0.6998701 260.6508 -136.3011 251.8109
0.8762856 0.5756231 0.7423506 251.9638 -137.2858 251.8109
0.9407388 0.6806036 0.7850752 235.0173 -130.8889 251.8109
0.965397 0.7255255 0.8092451 215.5974 -123.9957 251.8109
0.9612466 0.6857306 0.7853193 192.5364 -120.2095 251.8109
1.069889 0.7828985 0.7696943 162.4906 -117.8125 251.8109
0.949772 0.8148809 0.7953291 137.8112 -117.3392 251.8109
1.047672 0.8622442 0.7945967 127.2615 -122.9881 251.8109
1.130436 0.8200079 0.8868818 108.7348 -122.1942 251.8109
1.174626 0.7015997 0.9838057 95.70428 -117.1026 251.8109
1.197819 0.6835333 0.9569502 84.95619 -115.5301 251.8109
1.219547 0.7272345 0.9645185 75.12414 -117.5606 251.8109
1.2486 0.7514044 0.9884443 69.04781 -118.0721 251.8109
1.265446 0.7992559 1.009685 63.74246 -118.2934 251.8109
1.253727 0.7492071 1.050212 64.87223 -127.0492 251.8109
1.423405 0.7992559 1.12028 69.51345 -122.1026 251.8109
1.620426 0.8273321 1.092448 83.47528 -121.385 251.8109
1.486393 1.135193 1.362224 107.6051 -123.4079 251.8109
1.680241 1.30658 1.2382 118.086 -111.2171 251.8109
1.703922 1.40741 1.215983 133.4829 -107.5072 251.8109
1.799625 1.573426 1.152263 155.0707 -102.5682 251.8109
1.867985 1.721131 1.058269 178.7501 -98.89648 251.8109
1.82111 1.924256 0.9557295 198.3684 -98.98045 251.8109
1.840641 2.071473 0.9449873 227.7272 -89.56824 251.8109
1.725407 2.224976 0.9083662 255.4906 -97.20183 251.8109
1.756413 2.224976 0.8495283 269.6508 -92.86595 251.8109
1.972477 2.224976 0.7567549 269.6508 -80.67511 251.8109
2.008121 2.224976 0.44279 269.6508 -66.83542 251.8109
1.994938 2.224976 0.1905928 269.6508 -78.20183 236.414
1.922184 2.224976 0.1202803 249.7425 -87.69038 240.6201
1.849918 2.224976 0.07706738 196.689 -93.1713 236.4598
2.018375 2.224976 0.09611034 132.46 -91.69038 225.5514
1.958073 2.224976 0.100749 115.1165 -100.1637 179.4369
1.858952 2.224976 0.3690596 110.2463 -99.01099 137.3834
1.876042 2.224976 0.4269209 82.52872 -88.74382 100.5437
1.606022 2.224976 0.5343428 58.1394 -98.60641 81.87197
1.856754 2.224976 0.5128584 69.62032 -93.88885 28.64296
1.627506 2.224976 0.6876631 -5.08197 -92.95757 -9.181466
1.665836 2.224976 0.9593916 13.64322 -91.50717 -52.49444
1.488102 2.224976 1.068034 6.376045 -105.9347 -91.15856
1.748356 2.224976 1.262614 -50.64685 -61.45374 -167.8609
1.51569 2.224976 1.632976 -74.59341 -53.75145 -211.3418
1.625065 2.224976 1.444987 -83.63159 -37.17893 -248.4563
1.695133 2.224976 1.396159 -90.10487 -31.86596 -248.4563
1.948551 2.224976 1.445231 -106.3033 -20.94992 -248.4563
2.11652 2.224976 1.204265 -106.3262 11.75237 -248.4563
2.266911 2.224976 1.093425 -101.5782 3.103512 -248.4563
2.289799 2.224976 0.7557783 -104.3186 6.118778 -248.4563
2.289799 2.224976 0.9349775 -105.8072 9.698931 -248.4563
2.289799 2.224976 0.9110518 -108.4865 18.09588 -248.4563
2.289799 2.040711 0.8917646 -115.1659 26.06534 -248.4563
2.289799 1.706238 0.7792158 -125.3186 31.38595 -248.4563
2.289799 1.393494 0.7489424 -134.6316 34.30198 -248.4563
2.289799 1.178406 0.7233076 -149.7308 40.61496 -248.4563
2.289799 0.9530645 0.7010908 -166.0285 49.62259 -248.4563
2.289799 0.8170782 0.6478682 -181.4102 60.20275 -248.4563
2.289799 0.5968634 0.6022139 -187.4942 70.8974 -248.4563
2.289799 0.3700567 0.4882002 -195.3186 82.70656 -248.4563
2.289799 0.2521368 0.385417 -200.5858 94.63023 -248.4563
0.7283364 -0.5068964 1.241862 158.0402 -141.4385 251.8109
2.21027 1.342469 0.6317549 126.1852 -175.8965 251.8109
2.289799 1.382996 0.7418623 153.6814 -186.9194 251.8109
2.289799 1.467957 0.7694502 172.773 -176.7514 251.8109
2.216373 1.521424 1.049968 236.5974 -186.6217 251.8109
2.289799 1.844422 0.9891768 269.6508 -187.2095 251.8109
2.289799 1.721131 1.322429 269.6508 -172.4919 251.8109
2.289799 1.689637 1.2653 269.6508 -158.0644 251.8109
2.289799 1.644227 1.18864 269.6508 -141.8507 251.8109
2.289799 1.783875 1.088542 269.6508 -125.6446 251.8109
2.289799 2.214539 1.094157 269.6508 -130.866 251.8109
2.289799 2.224976 1.222087 269.6508 -138.5988 251.8109
2.289799 2.224976 0.369792 269.6508 63.56916 251.8109
2.289799 2.224976 0.1393232 187.3684 41.10351 251.8109
2.175846 2.224976 0.1630049 145.8264 20.83633 186.2842
2.090153 2.224976 0.7494307 69.14703 47.49282 114.9865
2.059147 2.224976 1.054118 13.75009 71.91267 22.97121
1.842594 2.224976 0.9852705 45.37605 89.86687 -74.85322
1.677067 2.224976 1.03239 95.10887 103.2562 -178.5708
1.425846 2.224976 0.9303389 123.7348 108.1111 -248.4563
1.394108 2.224976 0.8216963 90.81116 112.0195 -248.4563
1.493229 2.224976 0.6254072 24.46001 105.905 -248.4563
1.723209 2.224976 0.381999 -10.37205 105.7982 -248.4563
1.904118 2.224976 0.05948925 -56.11251 97.69893 -248.4563
2.202213 2.224976 -0.008137703 -97.59341 98.28671 -248.4563
2.289799 2.224976 -0.2605791 -135.769 82.33252 -248.4563
2.289799 2.224976 -0.2605791 -146.6239 73.66077 -248.4563
2.289799 2.224976 -0.2605791 -148.9522 75.92793 -248.4563
2.289799 2.205506 -0.2544756 -166.2117 73.34015 -248.4563
2.289799 1.904236 -0.2605791 -175.6621 69.49283 -248.4563
2.289799 1.525818 -0.2605791 -185.2957 69.56152 -248.4563
2.289799 1.238221 -0.2605791 -197.0896 67.48518 -248.4563
2.289799 1.009461 -0.2605791 -227.143 78.11115 -248.4563
2.289799 0.7494513 -0.2605791 -230.6163 82.63023 -248.4563
2.289799 0.526795 -0.2605791 -230.6163 91.25618 -248.4563
2.289799 0.233338 -0.2605791 -230.6163 98.49283 -248.4563
2.289799 -0.06524597 -0.2605791 -230.6163 112.9585 -248.4563
2.289799 -0.4321894 -0.2605791 -230.6163 130.2486 -248.4563
2.289799 -0.7832636 -0.2605791 -230.6163 125.3401 -248.4563
2.289799 -1.102355 -0.2605791 -230.6163 158.4318 -248.4563
2.289799 -1.583801 -0.2605791 -230.6163 142.9966 -248.4563
2.289799 -1.774963 -0.2605791 -230.6163 153.2867 -248.4563
2.289799 -1.774963 -0.2605791 -230.6163 150.3401 -248.4563
2.289799 -1.774963 -0.2605791 -230.6163 141.7829 -248.4563
2.289799 -1.774963 -0.2605791 -230.6163 157.3173 -248.4563
2.289799 -1.774963 -0.2605791 -230.6163 105.8898 -248.4563
1.343571 -1.774963 -0.2605791 -230.6163 109.447 -248.4563
1.514225 -1.774963 -0.2605791 -230.6163 84.59206 -248.4563
1.191959 -1.774963 -0.2605791 -230.6163 135.0577 -248.4563
1.242985 -1.774963 -0.2605791 -230.6163 94.49283 -248.4563
0.6016274 -1.774963 -0.2605791 -230.6163 61.11878 -248.4563
0.009586424 -1.774963 -0.2605791 -230.6163 8.447023 -248.4563
0.1865884 -1.774963 -0.2605791 -230.6163 -41.27053 -194.8227
-0.2711753 -1.774963 -0.2605791 -230.6163 -81.57588 -161.5402
-0.5922202 -1.774963 -0.2605791 -197.4255 -120.7514 -109.5937
-0.6483726 -1.774963 -0.2605791 -87.03616 -155.6522 -77.0517
-0.7194175 -1.774963 -0.2605791 27.63559 -196.9881 -61.87612
-0.8705405 -1.774963 -0.2605791 99.75009 -217.9728 -31.41811
-0.6285972 -1.774963 -0.2605791 119.8417 -228.9423 15.27655
-0.4122886 -1.774963 -0.2605791 164.8264 -248.8125 52.25365
-0.07586279 -1.774963 -0.2107744 168.3761 -247.3163 94.87197
0.1956216 -1.774963 0.08610058 194.0249 -252.0797 117.3834
0.4204751 -1.774963 0.3749189 213.2844 -248.9576 155.7727
0.5733071 -1.774963 0.5968428 218.8035 -230.2553 189.7422
0.5359536 -1.774963 0.7181807 211.8722 -224.6599 224.8338
0.6458169 -1.774963 0.9020185 204.9409 -214.3011 251.1163
0.7131997 -1.774963 0.9488935 212.0096 -201.3774 251.8109
0.7473794 -1.538391 0.9366865 234.918 -192.1179 251.8109
0.7908364 -1.19635 0.895915 269.6508 -186.7896 251.8109
1.066471 -0.8020624 0.8588057 269.6508 -174.7362 251.8109
1.060856 -0.3345331 0.8585615 269.6508 -159.7362 251.8109
0.9954263 -0.1734003 0.9178877 269.6508 -150.3698 251.8109
0.7898599 -0.2776483 0.7648115 269.6508 -139.1255 251.8109
0.8137856 -0.2022089 0.7736006 269.6508 -143.6599 251.8109
0.8364907 -0.2090448 0.7069502 269.6508 -128.927 251.8109
0.8457681 -0.1475214 0.7176924 269.6508 -129.1484 251.8109
0.8618814 0.02996887 0.7255049 269.6508 -125.8049 251.8109
0.8696939 0.07025208 0.7215986 269.6508 -120.24 251.8109
0.9055825 0.1820685 0.730876 269.6508 -114.7209 251.8109
0.9002114 0.2225958 0.6976728 268.9638 -111.782 251.8109
0.9229165 0.2826544 0.701335 256.8188 -109.8965 251.8109
0.9124185 0.2743536 0.7342939 247.5211 -106.8202 251.8109
0.9336587 0.3187872 0.7521162 237.1776 -103.3927 251.8109
0.9356118 0.3602911 0.7338057 229.0173 -99.43848 251.8109
0.9426919 0.3925177 0.7296553 213.0402 -98.39267 251.8109
0.9829751 0.3466192 0.7455244 202.4447 -94.55298 251.8109
0.9124185 0.4337774 0.7850752 191.628 -97.88885 251.8109
0.8132974 0.5870977 0.9391279 176.147 -98.1255 251.8109
0.9959146 0.4950567 0.793376 183.1318 -88.08733 251.8109
