0.9399649 -0.9409927 0.6375674 -91.6666 -234.8689 139.5512
0.9677969 -0.9424576 0.6180362 -85.13988 -233.2124 147.3451
0.9148184 -0.9966568 0.7100772 -80.34599 -237.0826 147.4138
0.9187246 -1.004958 0.7608584 -76.75056 -240.3803 151.6276
0.881127 -1.034499 0.7696475 -72.28491 -243.0139 156.3298
0.914086 -1.074782 0.7901553 -68.67422 -241.4719 161.9024
0.8589102 -1.165602 0.7571963 -64.22385 -244.4643 169.681
0.8523184 -1.215163 0.7386416 -63.75819 -246.846 178.4367
0.8193594 -1.167311 0.7342471 -70.77347 -247.3345 187.2841
0.8454824 -1.13777 0.71496 -75.04827 -249.6169 197.4367
0.8918692 -1.184401 0.7391299 -75.38416 -254.2429 203.0779
0.9468008 -1.179762 0.8262881 -73.15514 -254.2429 208.9787
0.9570547 -1.204176 0.8782901 -71.86507 -254.2429 217.5207
0.9448477 -1.177321 0.9149112 -72.16278 -253.136 223.9863
0.9406973 -1.184401 0.963251 -66.98721 -248.8841 231.8566
0.8891836 -1.142409 0.9766788 -58.90324 -247.1818 235.1008
0.8882071 -1.132643 0.8963565 -54.79636 -248.9986 241.2535
0.8510977 -1.154127 0.8375186 -50.8956 -248.762 246.0016
0.8222891 -1.160719 0.7711123 -47.08644 -251.3192 251.6963
0.8193594 -1.126051 0.6903018 -46.95667 -254.2429 251.6963
0.8247305 -1.108229 0.650751 -48.64369 -254.2429 251.6963
0.8374258 -1.10359 0.6124209 -48.54446 -254.2429 251.6963
0.863793 -1.079909 0.5963077 -47.90324 -254.2429 251.6963
0.9153067 -1.039381 0.5970401 -46.01011 -254.2429 251.6963
0.9450918 -1.009108 0.6207217 -45.04827 -254.2429 251.6963
1.007836 -0.9490494 0.68371 -44.96431 -254.2429 251.6963
1.053002 -0.9468521 0.7459659 -41.52156 -254.2429 251.6963
1.064477 -0.9185318 0.8702334 -36.26202 -254.2429 251.6963
1.163598 -0.859938 0.9446963 -29.38415 -254.2429 251.6963
1.347924 -0.8721451 0.9549502 -20.55972 -254.2429 251.6963
1.398461 -0.6304459 1.3258 6.768519 -254.2429 251.6963
1.41848 -0.5720963 1.402704 17.34867 -254.2429 251.6963
1.511254 -0.45027 1.46496 23.86776 -254.2429 251.6963
1.448998 -0.1504653 1.639276 27.82195 -254.2429 251.6963
1.622338 -0.2388443 1.615839 64.18073 -254.2429 251.6963
1.567895 -0.4336685 1.885614 104.9975 -254.2429 251.6963
1.59475 -0.2740005 1.936151 122.1731 -244.2505 251.6963
1.474877 -0.07795557 2.046747 128.7914 -234.6704 251.6963
1.498559 1.08806 2.626093 84.23417 -233.2734 251.6963
1.499535 -0.07234034 2.032587 92.34867 -212.762 251.6963
1.486352 0.1576401 2.140985 98.05859 -201.2658 251.6963
1.529564 0.1429917 2.148798 111.8754 -182.0292 251.6963
1.474145 0.2704331 2.263056 117.4555 -167.1895 251.6963
1.389428 0.2064682 2.230341 129.196 -155.2276 251.6963
1.428002 0.5658432 2.375605 135.0204 -132.3116 251.6963
1.456078 0.4840561 2.361933 139.0433 -103.3116 251.6963
1.25393 0.5726791 2.331415 152.7685 -92.62458 251.6963
1.175561 0.7084213 2.333124 150.9288 -83.54825 251.6963
1.038598 0.8014389 2.394892 146.7685 -79.89939 251.6963
1.017846 0.8629623 2.169794 134.2723 -74.8765 251.6963
1.037621 0.8378159 2.004511 136.7227 -60.28107 251.6963
0.9394766 1.00139 1.973017 136.2189 -49.43374 251.0245
0.8254629 1.086107 1.901972 127.9899 -40.71618 245.1772
0.8510977 1.049486 1.803339 122.6006 -31.41847 241.1543
0.7253652 1.197679 1.768671 123.2494 -29.72382 232.4749
0.6841054 1.266771 1.634882 119.6311 -26.96809 223.0092
0.6167226 1.36516 1.601679 111.9136 -20.90702 213.536
0.5669179 1.383226 1.564325 103.9288 -13.71618 205.5741
0.5061269 1.436449 1.563837 95.60058 -11.1513 197.7268
0.4848867 1.466478 1.515985 89.63875 -5.800153 191.7344
0.4033437 1.521898 1.487177 85.22653 -1.990993 183.9634
0.4013906 1.60222 1.397821 79.3105 3.199847 173.7726
0.264916 1.745775 1.359003 81.21127 2.78 161.1237
0.1648184 1.77971 1.206415 67.41737 4.467023 141.8642
0.1308828 1.718675 1.129022 53.04333 9.253283 132.3451
0.06716211 1.658861 1.066767 46.70745 9.863969 121.4596
0.04152735 1.670824 1.011347 37.81432 5.795267 111.8184
0.04055079 1.673753 0.9627627 29.49371 5.161679 103.1467
-0.03025 1.642992 0.9637393 21.79906 7.947939 89.90238
-0.08640234 1.62639 1.03161 14.11203 2.222748 80.2688
-0.06394141 1.569749 1.050653 10.36394 -4.609313 75.12376
-0.006568357 1.516283 1.068476 10.69218 -3.777252 62.08559
-0.02072851 1.486009 1.100946 10.43264 0.1922135 47.59704
-0.01218359 1.479417 1.136591 9.501344 -1.540611 38.83368
0.01564844 1.441576 1.140985 8.57768 -5.212367 33.56651
0.1101309 1.385667 1.070673 8.974627 0.9021373 18.452
0.01882227 1.427415 1.084833 3.959359 3.268549 10.39856
0.06740625 1.392992 1.006952 -2.132244 3.161679 3.009252
0.02687891 1.384203 1.014521 -9.536824 6.146412 -4.769374
0.02053125 1.337083 0.9407901 -13.97957 5.955572 -12.50983
-0.01316015 1.27263 0.8875674 -17.30782 6.031908 -19.67777
-0.02805273 1.226976 0.8550967 -19.39178 5.451756 -25.79991
-0.09714453 1.145677 0.8511905 -18.40705 -0.9757254 -32.50983
-0.04929296 1.133714 0.7454776 -21.35362 -0.7467177 -40.25029
-0.09030859 1.117357 0.7681827 -22.00247 -3.784886 -40.96785
1.029809 0.8673569 1.397089 122.1197 -84.89939 251.6963
0.9424063 0.9073959 1.316767 109.7075 -80.60168 251.6963
0.7800527 1.056078 1.315058 105.8296 -85.41848 251.6963
0.7734609 1.125169 1.162714 86.67692 -82.36504 251.6963
0.7448965 1.179124 1.160761 74.68455 -73.27344 251.6963
0.7029043 1.227464 1.139521 65.1502 -69.73145 251.6963
0.6333242 1.373216 1.10998 51.70745 -69.991 251.6963
0.5263906 1.595628 1.158808 44.11966 -72.91466 251.6963
0.4824453 1.761156 1.143671 37.48608 -80.68565 236.9558
0.5207754 1.621263 1.201776 24.89066 -73.51008 221.5131
0.4655996 1.649583 1.272089 19.32577 -72.21237 208.0474
0.4358144 1.621751 1.296747 20.95173 -66.96809 190.0169
0.3913808 1.632982 1.27453 18.41738 -63.05206 174.2459
0.3393789 1.638109 1.254999 8.79142 -60.39557 161.4902
0.28225 1.573656 1.226679 0.2647023 -58.88412 149.1925
0.2485586 1.539964 1.217401 -10.53682 -57.47954 139.6428
0.2195059 1.474535 1.197382 -21.16278 -55.43374 131.5818
0.1994863 1.396898 1.185663 -29.99484 -53.92992 123.597
0.1933828 1.346849 1.160272 -37.04827 -51.96046 115.3909
0.1457754 1.288255 1.154413 -41.95667 -51.61695 107.6963
0.1096426 1.237962 1.134149 -44.44522 -51.60168 100.3222
0.06691797 1.206957 1.116815 -46.9414 -51.38794 92.87185
0.04348047 1.174242 1.099726 -47.85743 -51.61695 84.78024
0.02712305 1.135912 1.064813 -46.59789 -53.14366 77.03216
0.02394922 1.111986 1.054071 -43.53682 -55.57114 69.22299
0.0219961 1.101976 1.068476 -38.62843 -58.63221 61.4978
0.03225 1.099535 1.100214 -33.15514 -60.81542 52.93292
0.03517969 1.113939 1.131952 -27.56736 -62.31924 45.03215
0.047875 1.145433 1.182733 -21.6666 -63.00626 36.49017
0.0544668 1.19182 1.242792 -16.36889 -62.1055 27.94818
0.0622793 1.221605 1.255243 -10.9185 -61.04443 18.32986
0.05861719 1.2614 1.285028 -6.460488 -59.2887 9.123755
0.04885157 1.28679 1.297724 -1.605527 -57.41084 -0.3418931
0.03322656 1.322191 1.306513 1.79142 -55.45664 -9.548
0.02809961 1.339281 1.290644 3.913557 -54.03679 -18.63197
0.01735742 1.340257 1.285761 5.852489 -53.05969 -27.51747
0.01393945 1.34099 1.285028 8.661649 -51.41847 -36.56327
0.006126955 1.311205 1.278437 10.62348 -49.67038 -45.25792
0.005394533 1.299974 1.266718 12.60058 -48.23527 -53.548
0.01247461 1.269457 1.21911 14.51661 -46.3345 -61.56327
0.01223047 1.239671 1.169794 15.96699 -45.16656 -69.05182
0.005638674 1.313158 1.100214 13.64638 -43.65511 -75.7999
-0.006080076 1.249925 1.073114 10.88302 -43.78489 -79.83807
-0.0158457 1.262132 1.003046 7.264702 -42.15893 -84.70831
-0.03464453 1.325121 0.9561709 -1.788733 -43.51771 -87.21212
-0.04514257 1.306566 0.9490909 -10.00247 -44.98336 -90.4564
-0.06198828 1.397874 0.8760928 -19.88033 -53.29633 -90.3877
-0.04807226 1.388597 0.8494815 -32.12461 -47.92992 -95.78464
-0.06174414 1.444994 0.8638858 -42.28492 -46.64748 -99.13579
-0.02024023 1.485277 0.8170108 -47.6895 -48.18946 -106.006
-0.014625 1.552415 0.8257998 -51.75056 -50.57878 -113.2427
0.002220705 1.617113 0.8106631 -52.97957 -52.05206 -123.5327
0.006126955 1.689622 0.8162784 -52.25438 -54.41847 -135.7388
-0.002417967 1.732591 0.8270205 -49.75056 -57.87649 -148.2656
0.04616602 1.805833 0.8441104 -45.61316 -59.42611 -162.0976
0.04494532 1.898851 0.8323916 -38.78873 -61.78489 -181.2198
0.09597071 1.926195 0.793085 -35.37652 -65.80016 -195.4411
0.1323477 2.000414 0.8008975 -33.11698 -67.68565 -213.0137
0.1675039 2.073656 0.7816104 -30.34598 -71.98336 -229.3953
0.2444082 2.151293 0.782587 -37.39178 -73.80779 -247.1587
0.3110586 2.159105 0.7813663 -47.31545 -75.48717 -248.5709
0.4311758 2.127123 0.7503604 -58.70476 -71.54825 -248.5709
0.4961172 2.073656 0.735712 -71.67422 -79.07497 -248.5709
0.5039297 1.995042 0.7847842 -89.12461 -77.41084 -248.5709
0.6176992 1.844408 0.7642764 -106.8422 -76.11314 -248.5709
