-0.0559541 -0.5463531 0.6437089 -27.44695 31.09234 1.027832
-0.09306347 -0.570523 0.6329668 -30.24847 26.16867 3.287374
-0.130417 -0.5602691 0.6324785 -34.74466 26.68776 5.737756
-0.1631318 -0.5348784 0.6268632 -37.0958 26.31371 7.722488
-0.1926728 -0.523648 0.6158769 -39.92023 24.88623 9.920961
-0.2192842 -0.5163238 0.5936601 -40.66832 23.26027 11.1118
-0.2366182 -0.5119292 0.5802324 -43.05 21.56562 12.70722
-0.2549287 -0.4958159 0.5775468 -44.41641 19.62669 13.9286
-0.2483369 -0.4718902 0.5704668 -45.44695 18.0847 15.08127
-0.2488252 -0.4528472 0.5751054 -45.21794 16.23737 15.72249
-0.2383271 -0.4218413 0.5787675 -47.45458 15.91676 16.1805
-0.2356416 -0.396939 0.5733964 -50.63015 15.016 17.28737
-0.2285615 -0.3698394 0.5670488 -54.72939 15.28317 17.95913
-0.224167 -0.3581206 0.5582597 -57.27901 14.26027 18.43241
-0.2012178 -0.3312652 0.5668046 -59.29428 14.09997 18.40951
-0.1907197 -0.2953765 0.5870683 -60.08817 14.02363 17.17287
-0.1846162 -0.2846343 0.6009843 -61.26374 14.48165 15.88279
-0.1733857 -0.2716949 0.6114824 -59.48512 14.86333 13.87516
-0.1406709 -0.2641265 0.6293046 -55.33244 15.05417 11.09653
-0.1404268 -0.2577788 0.6534746 -49.01947 15.52745 7.524015
-0.12529 -0.2428862 0.6700761 -41.36298 16.88623 3.340809
-0.1074678 -0.2323882 0.6761796 -32.63015 18.82516 -1.697359
-0.1160127 -0.2201812 0.6612871 -23.9584 19.19157 -6.155375
-0.1218721 -0.2326323 0.6661699 -17.68359 20.62669 -10.59812
-0.1318818 -0.2384917 0.6393144 -13.27901 21.57325 -13.934
-0.1323701 -0.2419097 0.6119707 -11.79046 22.56562 -16.49888
-0.1506807 -0.2460601 0.6075761 -12.0729 23.41295 -18.65919
-0.1418916 -0.2499663 0.6053789 -13.79046 24.88623 -20.45308
-0.1433564 -0.2587554 0.5831621 -16.22557 24.60379 -22.12484
-0.1211396 -0.2756011 0.6034257 -20.58435 25.68012 -22.80423
-0.09452831 -0.2951324 0.6180742 -24.75992 27.39768 -23.934
-0.07963574 -0.303189 0.61783 -29.40114 29.06944 -24.65919
-0.07450879 -0.3012359 0.6180742 -33.42405 30.64959 -25.14774
-0.07719433 -0.3009917 0.6166093 -36.36298 32.23738 -26.36912
-0.0740205 -0.2953765 0.6119707 -39.43932 33.39768 -27.08667
-0.07353222 -0.2914702 0.6119707 -44.21794 35.19157 -27.36148
-0.07524121 -0.2724273 0.6007402 -50.87443 36.95493 -27.43782
-0.07597363 -0.2692534 0.5870683 -57.43932 38.63432 -27.0485
-0.08573925 -0.2809722 0.5807207 -63.69886 40.48165 -25.78896
-0.06401074 -0.3859527 0.6598222 -60.98893 44.30608 -23.67446
0.02534473 -0.5788238 0.8719805 -45.70649 51.19921 -19.8424
0.1886748 -0.5429351 0.957918 -18.81336 49.45111 -20.89583
0.3429717 -0.7453277 0.9647539 -1.83626 63.44349 -21.40728
0.1750029 -0.8478667 1.150545 39.78206 87.77936 -14.8653
0.1989287 -0.6657378 1.023103 48.44618 98.56561 -5.109573
0.1432647 -0.6498687 0.9850176 88.9958 102.7183 -6.811863
-0.01078808 -0.1864898 0.4879472 -123.2103 3.825161 56.51638
0.03071582 0.08572704 0.650789 -13.50038 -0.8007938 23.63089
0.04170215 0.09573681 0.6520097 -13.37061 0.4969161 22.28737
0.04341114 0.09549267 0.668123 -15.08053 1.42058 21.87516
0.05805957 0.09598095 0.6639726 -16.9126 2.985466 21.25684
0.06831348 0.08792431 0.6607988 -18.72176 4.016 20.53928
0.08174122 0.06424267 0.6734941 -18.08053 5.527451 20.12707
0.08686817 0.07596142 0.6554277 -18.05 7.916764 19.50111
0.09175098 0.09695751 0.6344316 -23.0042 10.45111 20.066
0.07637012 0.1094087 0.5875566 -29.30954 11.97783 21.42478
0.05683887 0.1118501 0.5560625 -38.88969 12.74883 24.70722
0.04707325 0.103061 0.5231035 -52.79046 13.56562 28.01257
0.04731739 0.09012157 0.5069902 -56.28664 13.17631 30.23394
0.04072559 0.06448681 0.4869707 -64.01946 13.91676 32.45531
0.05586231 0.04642041 0.4759843 -62.83626 13.58852 32.51638
0.04927051 0.04666455 0.4623125 -65.40878 13.98547 33.066
0.043167 0.05716259 0.4393632 -68.74466 13.9244 34.02783
0.03218067 0.05643017 0.4203203 -72.89732 13.04653 35.80646
0.02827442 0.04422315 0.4022539 -72.59962 12.00073 36.41714
0.011917 0.08108837 0.3815019 -75.0958 11.9015 36.9744
0.01167285 0.07205517 0.3553789 -72.89732 4.603786 37.66142
-0.007614255 0.05032666 0.3783281 -72.20267 3.046535 37.50875
-0.006393552 0.05105908 0.3927324 -67.85916 0.6877558 36.2263
-0.005416989 0.04666455 0.3988359 -60.62252 -0.9076642 34.82172
-0.006149411 0.05203564 0.4335039 -53.80573 -2.854229 33.12707
-0.002243161 0.07913525 0.445955 -47.82863 -4.17484 31.59272
-0.001999021 0.09158642 0.4444902 -44.52328 -5.671023 31.45531
-0.001999021 0.09964306 0.4557207 -42.40115 -7.655756 31.70722
0.007522464 0.120395 0.4759843 -41.08054 -8.457283 31.92096
0.0233916 0.1274751 0.4820879 -39.05763 -9.663389 31.30264
0.03218067 0.1299165 0.5021074 -37.9355 -10.17484 31.40188
0.03999317 0.123813 0.5011308 -36.82862 -11.13667 31.43241
0.0534209 0.1260103 0.5196855 -37.23321 -11.63285 32.1576
0.06367481 0.1196626 0.532625 -36.62252 -11.77026 32.53928
0.07490528 0.1369966 0.543123 -39.33244 -11.04507 33.82936
0.06538379 0.1538423 0.5555742 -43.63779 -10.54889 35.98203
0.06220996 0.1743501 0.5563066 -47.71412 -10.13667 38.41714
0.05903614 0.1994966 0.5497148 -51.45458 -10.22828 39.18814
0.05854785 0.205356 0.5658281 -52.64542 -10.54125 38.20341
0.06953418 0.2016938 0.5577714 -53.76756 -10.21301 37.50875
0.08735645 0.1907075 0.5733964 -54.10344 -10.22828 37.16524
0.1117705 0.1924165 0.5660722 -52.52328 -10.41912 35.57745
0.1325225 0.1875337 0.5682695 -51.95076 -9.693924 34.066
0.1432647 0.1785005 0.5807207 -51.53092 -9.144305 32.41714
0.1640166 0.1858247 0.5814531 -51.21794 -7.747359 30.98203
0.1627959 0.2156099 0.5746171 -55.76756 -6.701557 30.40188
0.1654814 0.2602876 0.5384843 -69.46221 -5.915298 32.1347
0.1479033 0.2693208 0.513582 -86.48512 -6.182473 34.10417
0.1576689 0.2466157 0.4786699 -97.52328 -8.121405 34.76829
0.1549834 0.2351411 0.4545 -104.1874 -10.38095 34.24157
0.1562041 0.2204927 0.4581621 -102.1874 -12.80079 31.69959
0.135208 0.2087739 0.4549882 -97.98129 -14.54125 28.40951
0.1137236 0.2073091 0.4352129 -91.59962 -16.96873 24.79882
0.07759082 0.1855806 0.4444902 -82.12634 -19.96873 20.35608
0.07173145 0.1860688 0.451082 -67.84389 -22.46492 15.47058
0.0312041 0.1999849 0.4581621 -66.08817 -23.64812 12.98203
0.02534473 0.2222017 0.4693925 -60.11107 -27.24354 10.37134
0.03413379 0.1872895 0.4935625 -60.16451 -29.38095 10.46295
0.05781543 0.1799653 0.5050371 -62.22557 -32.08324 10.17287
0.07832325 0.1802095 0.5262773 -66.2103 -32.87713 11.47821
0.09297169 0.137729 0.5419023 -73.28664 -34.02217 13.28737
0.09028614 0.1321138 0.5506914 -75.76756 -35.67102 14.33318
0.09980762 0.09842236 0.5860918 -76.24084 -36.72446 15.53928
0.09297169 0.07352002 0.6092851 -71.98129 -37.59468 15.63089
0.08296192 0.06399853 0.6485918 -66.78282 -37.56415 15.82173
0.0690459 0.07547314 0.6651933 -64.23321 -36.984 17.05073
0.04487598 0.08499462 0.6783769 -62.20267 -36.01453 17.24157
0.03681934 0.08841259 0.7015703 -57.70649 -35.67102 17.65379
0.05610645 0.132602 0.6927812 -58.37825 -35.30461 19.40951
0.07734668 0.1804536 0.6949785 -70.96603 -34.40385 23.18814
0.1120147 0.2507661 0.6727617 -93.0729 -33.31988 28.44768
0.1532744 0.2634614 0.6317461 -114.5156 -32.88476 33.83699
0.168167 0.3088716 0.6068437 -139.0805 -33.46492 38.98203
0.1852568 0.2988618 0.6222246 -157.0042 -32.03743 42.63852
0.1869658 0.3313325 0.6349199 -169.3019 -32.86186 41.85989
0.1906279 0.2222017 0.6817949 -174.3095 -32.35041 44.58508
0.1566924 0.2951997 0.6969316 -192.592 -28.39621 47.95913
0.1083525 0.3398774 0.6883867 -209.2027 -28.69392 49.38661
0.07734668 0.3225434 0.7057207 -218.363 -26.984 52.79119
0.06416309 0.3159516 0.7298906 -220.3706 -26.01453 52.82936
0.02680957 0.3423188 0.7784746 -218.1416 -27.06797 50.84463
0.004592776 0.3074067 0.832918 -210.7447 -25.90767 48.91333
0.0155791 0.2837251 0.8412188 -197.9813 -27.35041 47.82172
0.03144825 0.3188813 0.8932207 -192.8821 -23.60232 45.41714
0.02485645 0.2834809 0.9288652 -186.2867 -20.34278 44.44005
0.02021778 0.2837251 0.9437578 -180.4622 -19.48018 43.01257
0.01728809 0.2834809 0.9601152 -174.0271 -16.97637 41.54692
0.4647979 1.081333 0.9852617 -8.256107 30.00837 77.16524
0.4357451 0.7339204 1.048006 31.53015 12.78699 21.9744
0.4525908 0.7048676 1.038973 15.13321 12.16104 24.43241
0.4672393 0.6272309 1.05826 10.65992 13.27554 25.80646
0.4752959 0.5639985 1.060213 3.224809 16.39768 27.69195
0.4647979 0.554477 1.060457 -1.904962 17.75646 30.14997
0.4298858 0.5107759 1.055086 -4.401145 18.81753 32.33318
0.4223174 0.5325044 1.046053 -6.111069 20.05417 34.50111
0.425003 0.4949067 1.06241 -5.828626 22.02363 36.60035
0.4108428 0.5049165 1.061189 -1.607252 23.30608 37.66142
0.402542 0.5068696 1.074373 1.240077 24.30608 38.80646
0.3813018 0.5171235 1.079988 3.186641 24.66485 40.49348
0.385208 0.5415376 1.102937 5.560687 27.71066 40.77592
0.3959502 0.5542329 1.099764 4.698091 27.29844 42.21104
0.3915557 0.5493501 1.085603 6.125573 29.73356 43.0202
0.4135283 0.5608247 1.088045 3.86603 29.27554 44.44768
0.4010772 0.5342134 1.084383 8.789694 33.69539 44.03547
