1.449772 -0.8630976 -0.2605791 -230.6163 231.0959 -248.4563
1.485417 -1.06842 -0.2605791 -230.6163 231.0959 -248.4563
1.457096 -1.440002 -0.2605791 -230.6163 231.0959 -248.4563
1.415592 -1.622863 -0.2605791 -230.6163 231.0959 -248.4563
1.582096 -1.721984 -0.2605791 -230.6163 231.0959 -248.4563
1.077946 -1.774963 -0.2605791 -230.6163 231.0959 -248.4563
1.121891 -1.774963 -0.2605791 -230.6163 231.0959 -248.4563
1.363102 -1.774963 -0.2605791 -230.6163 231.0959 -248.4563
0.8870278 -1.774963 -0.2605791 -215.9827 231.0959 -248.4563
0.4231606 -1.774963 -0.2605791 -152.7614 231.0959 -248.4563
-0.4047202 -1.774963 -0.2605791 -5.700291 228.8898 -248.4563
-1.002865 -1.774963 -0.2605791 80.40659 145.1111 -248.4563
-1.43597 -1.774963 -0.2605791 156.0707 38.98901 -198.0441
-1.351498 -1.774963 -0.2605791 224.5592 -23.66748 -149.5021
-1.332943 -1.774963 -0.2605791 259.6967 -76.22473 -109.9143
-1.454769 -1.774963 -0.2605791 239.7577 -118.7667 -65.76162
0.6648599 -0.2495721 0.7501631 216.2157 -168.7362 251.8109
1.533756 1.643494 0.2237959 172.2386 -227.0339 251.8109
1.569889 1.771912 0.3041182 162.7043 -234.0339 251.8109
1.585758 1.82782 0.3964033 157.147 -234.4461 251.8109
1.709538 1.92743 0.4059248 147.4295 -241.2629 251.8109
1.79279 2.025086 0.4911299 140.6814 -244.2782 251.8109
1.71442 1.963074 0.5987959 137.3989 -269.1713 251.8109
1.74445 2.224976 0.8761396 128.4371 -246.3469 251.8109
1.837711 2.205018 0.9657393 107.8035 -243.5224 251.8109
1.90778 2.224976 0.963542 111.3455 -241.324 251.8109
1.878483 2.224976 1.333171 103.857 -228.6293 251.8109
1.861881 2.224976 1.430827 103.3913 -222.4308 251.8109
1.839176 2.224976 1.553386 111.5898 -221.6522 251.8109
1.769108 2.224976 1.583171 114.6051 -207.9499 251.8109
1.845524 2.224976 1.679362 109.2081 -196.7972 238.2155
1.743473 2.224976 1.823161 108.2997 -172.1026 205.8185
1.722233 2.224976 1.837565 120.4295 -154.2476 184.1086
1.566471 2.224976 1.785075 98.51344 -148.3469 172.0628
1.543766 2.224976 1.800456 85.65085 -134.1026 155.788
1.48859 2.224976 1.810222 64.18521 -123.2095 137.6811
1.444889 2.224976 1.833903 45.99437 -115.3927 117.2689
1.379948 2.224976 1.878581 24.36078 -103.0644 92.67349
1.462467 2.224976 1.90031 3.482916 -90.24763 66.20785
1.444889 2.224976 1.97697 -26.79953 -79.49191 40.17731
1.471256 2.224976 2.040446 -26.33388 -66.40794 7.375786
1.461735 2.224976 2.097575 -37.57815 -51.32397 -25.67002
1.502018 2.224976 2.1132 -45.63159 -36.3774 -59.67002
1.624088 2.224976 2.170329 -48.59342 -19.39267 -97.1662
1.55817 2.224976 2.163249 -52.34915 -4.110229 -128.983
1.670475 2.224976 2.161052 -56.48655 11.53099 -164.0975
1.708317 2.224976 2.079021 -65.83769 25.83633 -196.8074
1.729313 2.224976 2.058024 -70.32625 40.10351 -228.5708
1.735661 2.224976 2.01945 -75.92166 52.6684 -248.4563
1.730534 2.224976 1.981364 -71.66212 66.65312 -248.4563
1.79279 2.224976 1.898112 -81.13541 82.06534 -248.4563
1.839176 2.224976 1.851726 -92.05907 93.40886 -248.4563
1.909245 2.224976 1.768474 -100.3568 109.1646 -248.4563
1.920475 2.224976 1.698649 -112.0056 119.2104 -248.4563
2.033756 2.224976 1.636882 -117.601 135.1111 -248.4563
2.096989 2.224976 1.525554 -125.2346 149.0501 -248.4563
2.131413 2.206971 1.483073 -136.9522 159.3631 -248.4563
2.285465 2.004578 1.41447 -143.1888 175.5157 -248.4563
2.171207 1.804139 1.329753 -155.853 196.6837 -248.4563
2.275211 1.591736 1.106364 -166.2041 206.134 -248.4563
2.258121 1.494324 1.077556 -175.8835 214.5997 -248.4563
2.289799 1.35907 1.001872 -195.2346 231.0959 -248.4563
2.289799 1.268494 0.920085 -209.7843 231.0959 -248.4563
2.289799 1.113465 0.805583 -225.8911 231.0959 -248.4563
2.289799 1.040223 0.6930342 -230.6163 231.0959 -248.4563
2.289799 0.8305059 0.576335 -230.6163 231.0959 -248.4563
2.289799 0.7523809 0.4198408 -230.6163 231.0959 -248.4563
2.286442 0.6254278 0.300456 -230.6163 231.0959 -248.4563
2.289799 0.5053106 0.06681347 -230.6163 231.0959 -248.4563
2.289799 0.2023322 -0.1883135 -230.6163 231.0959 -248.4563
2.19025 0.0253302 -0.2605791 -230.6163 231.0959 -248.4563
2.289799 -0.4895624 -0.2605791 -230.6163 231.0959 -248.4563
2.000065 -0.3372186 -0.2605791 -230.6163 231.0959 -248.4563
1.87653 -0.6514277 -0.2605791 -230.6163 231.0959 -248.4563
1.884831 -0.9255976 -0.2605791 -230.6163 231.0959 -248.4563
1.784489 -1.298644 -0.2605791 -230.6163 231.0959 -248.4563
1.593083 -1.388244 -0.2605791 -230.6163 231.0959 -248.4563
1.578678 -1.770568 -0.2605791 -230.6163 231.0959 -248.4563
1.239811 -1.774963 -0.2605791 -230.6163 231.0959 -248.4563
0.607731 -1.774963 -0.2605791 -230.6163 231.0959 -248.4563
0.1931802 -1.774963 -0.2605791 -230.6163 231.0959 -248.4563
0.2036782 -1.774963 -0.2605791 -230.6163 231.0959 -248.4563
-0.5382651 -1.774963 -0.2605791 -230.6163 231.0959 -248.4563
-0.9818686 -1.774963 -0.2605791 -222.1278 231.0959 -200.8837
-1.533382 -1.774963 -0.2605791 -71.93694 231.0959 -117.9372
-1.71014 -1.774963 -0.2605791 5.047801 98.85924 -43.99063
-1.71014 -1.774963 -0.2605791 59.68139 -9.667481 18.57426
-1.71014 -1.774963 -0.2605791 74.68903 -80.43084 69.38342
-1.71014 -1.774963 -0.2605791 49.45238 -125.4232 109.1315
-1.647152 -1.774963 -0.2605791 56.18521 -183.4537 142.9712
-1.358089 -1.774963 -0.2605791 34.61269 -183.7133 176.8262
-0.8341636 -1.774963 -0.2605791 45.33025 -238.6751 192.0399
-0.5927085 -1.774963 -0.2605791 57.96383 -262.4461 197.8033
-0.3729819 -1.774963 -0.2605791 68.39131 -269.1713 211.6582
-0.1263999 -1.774963 -0.2605791 110.689 -269.1713 218.704
0.1995278 -1.618957 -0.2605791 139.4753 -269.1713 232.9712
0.3694497 -1.00006 -0.2605791 156.8646 -269.1713 233.8185
0.6658364 0.08294739 0.227458 153.6127 -269.1713 251.8109
0.7678872 -0.341369 0.3722334 245.9333 -269.1713 227.3147
0.7808267 -0.4187616 0.3695478 269.6508 -269.1713 232.7651
0.7822915 -0.3457636 0.434001 269.6508 -269.1713 241.559
0.7849771 0.01287903 0.6066084 269.6508 -269.1713 242.33
0.7512856 0.1474005 0.6764326 269.6508 -269.1713 244.6811
0.6843911 0.207215 0.7279463 269.6508 -269.1713 245.2308
0.6880532 0.4061895 0.7723799 269.6508 -268.6904 251.4598
0.6658364 0.4701544 0.8373213 269.6508 -262.4767 251.8109
0.6658364 0.5534063 0.8661299 261.6508 -255.4614 251.8109
0.6690103 0.6264044 0.8846846 255.3073 -250.2934 251.8109
1.953922 2.224976 0.5316572 123.2921 -195.6675 251.8109
2.187565 2.224976 1.326091 -140.4255 147.3631 -248.4563
2.289799 2.224976 1.028728 -156.9598 162.6302 -248.4563
2.289799 2.224976 0.9691572 -145.8606 169.6913 -248.4563
2.289799 2.224976 0.96696 -157.8148 180.5539 -248.4563
2.289799 2.224976 0.869792 -153.3339 189.1417 -248.4563
2.289799 2.196961 0.8148603 -157.8911 195.8287 -248.4563
2.289799 1.966981 0.7052412 -163.1659 206.7447 -248.4563
2.289799 1.807557 0.6244307 -175.1201 215.4547 -248.4563
2.289799 1.678406 0.5580244 -188.685 224.7218 -248.4563
2.289799 1.465027 0.4918623 -200.9675 231.0959 -248.4563
2.289799 1.277527 0.40446 -211.3873 231.0959 -248.4563
2.289799 1.122254 0.2787275 -230.4178 231.0959 -248.4563
2.289799 1.005799 0.18571 -230.6163 231.0959 -248.4563
2.289799 0.8683477 -0.001301765 -230.6163 231.0959 -248.4563
2.289799 0.6737677 -0.2132158 -230.6163 231.0959 -248.4563
2.289799 0.702088 -0.2605791 -230.6163 231.0959 -248.4563
2.289799 0.6901251 -0.2605791 -230.6163 231.0959 -248.4563
2.289799 0.5053106 -0.2605791 -230.6163 231.0959 -248.4563
2.289799 0.2006232 -0.2605791 -230.6163 231.0959 -248.4563
2.289799 -0.4819941 -0.2605791 -230.6163 231.0959 -248.4563
2.289799 -0.7019648 -0.2605791 -230.6163 231.0959 -248.4563
2.289799 -0.8882441 -0.2605791 -230.6163 231.0959 -248.4563
2.289799 -1.197814 -0.2605791 -230.6163 231.0959 -248.4563
2.289799 -1.394592 -0.2605791 -230.6163 231.0959 -248.4563
2.289799 -1.598937 -0.2605791 -230.6163 231.0959 -248.4563
2.289799 -1.774963 -0.2605791 -230.6163 231.0959 -248.4563
2.27985 -1.774963 -0.2605791 -230.6163 231.0959 -248.4563
0.2039224 -1.774963 -0.2605791 -230.6163 231.0959 -248.4563
0.5344888 -1.774963 -0.2605791 -230.6163 231.0959 -248.4563
-0.05413428 -1.774963 -0.2605791 -230.6163 218.3631 -248.4563
-0.3925132 -1.774963 -0.2605791 -95.50945 30.39359 -248.4563
-0.1298179 -1.774963 -0.2605791 24.55162 -87.05679 -221.8914
-0.69598 -1.774963 -0.2605791 94.01727 -151.8049 -169.2196
-1.337582 -1.774963 -0.2605791 105.3684 -171.2324 -111.2502
-1.273617 -1.774963 -0.2605791 52.03254 -213.5148 -75.90665
-1.555111 -1.774963 -0.2605791 67.65086 -269.1713 -59.1662
-1.227718 -1.774963 -0.2605791 64.96384 -261.2782 -38.18147
-0.8446616 -1.774963 -0.2605791 86.26918 -266.9118 -32.0975
-0.4979819 -1.774963 -0.194417 104.8417 -269.1713 -6.647115
-0.1495933 -1.774963 0.2318525 124.1623 -269.1713 13.45212
0.04425439 -1.774963 0.3778486 140.0173 -257.4919 33.02464
