0.6630401 -1.143033 0.3644121 33.53015 -3.487817 -61.65156
0.6579131 -1.157925 0.357332 30.45382 -8.09087 -52.83476
0.6637725 -1.134732 0.3622148 28.78206 -13.08324 -44.10957
0.6584014 -1.103726 0.3668535 25.59122 -17.47255 -35.30804
0.6527862 -1.050015 0.3795488 23.02634 -21.56415 -27.43018
0.6554717 -0.9975249 0.3976152 19.45382 -25.34278 -19.74316
0.6444854 -0.9501616 0.4105546 17.03397 -29.78553 -13.0256
0.6442412 -0.8766753 0.4383867 13.38511 -33.57942 -6.674458
0.6454619 -0.8100249 0.466707 9.140841 -36.61759 -0.7278938
0.6618194 -0.7558257 0.4862382 3.667557 -39.33514 4.87516
0.6813506 -0.7018706 0.5096757 -5.385878 -42.34278 10.79119
0.6754912 -0.6867339 0.5453203 -11.30954 -44.03743 15.57745
0.6730498 -0.6369292 0.5787675 -16.54618 -45.55652 19.48585
0.6808623 -0.6025054 0.5995195 -20.15687 -47.10614 22.64615
0.6986846 -0.5771148 0.6332109 -24.25611 -48.97636 25.49348
0.7301787 -0.5573394 0.6610429 -27.82099 -49.12904 28.80646
0.7567901 -0.521939 0.6756914 -34.21794 -49.01453 31.86753
0.7709502 -0.5260894 0.7001054 -39.44695 -49.44201 34.46295
0.7978057 -0.5060699 0.7223222 -44.44695 -50.04507 36.80646
0.8090362 -0.4955718 0.7474687 -46.66069 -51.20537 38.80646
0.8376006 -0.4914214 0.7955644 -43.74466 -49.75499 39.09653
0.8610381 -0.4887359 0.8231524 -42.66832 -48.50308 39.81409
0.8800811 -0.4723784 0.857332 -37.64542 -47.88476 39.82172
0.8871612 -0.4530913 0.8949297 -33.46985 -46.1443 39.93623
0.8793487 -0.4237945 0.9298418 -30.37824 -42.9611 40.08127
0.6059112 -0.3078277 0.9803789 -47.9813 -38.1443 49.53165
0.6772002 -0.3024566 0.9513262 -62.69886 -39.60232 52.76066
0.7580108 -0.2260405 0.9764727 -52.96603 -38.45728 44.9286
0.9003448 -0.3737456 0.9745195 -42.80573 -31.0756 42.94386
0.9958037 -0.3317534 0.9278887 -33.10344 -25.15957 38.52402
1.06636 -0.3368804 0.8580645 -25.53092 -22.9153 35.77592
1.043411 -0.3244292 0.8214434 -24.41641 -19.38095 36.27974
1.015335 -0.2934234 0.7818925 -21.37061 -17.70919 34.49348
1.04219 -0.3556792 0.7503984 -16.40878 -12.8695 34.1347
0.9711455 -0.3402984 0.6712968 -14.55382 -17.67866 36.78356
0.9472198 -0.2887847 0.6918046 -8.072901 -15.35805 35.41714
0.9950713 -0.2900054 0.6708086 -7.698855 -12.18247 35.52402
0.8837432 -0.2367827 0.607332 -9.401145 -6.68629 34.87516
0.7899932 -0.2362944 0.4391191 -23.28664 30.9931 48.86753
0.8505401 -0.3190581 0.470125 -20.63779 22.72592 56.53928
0.8588408 -0.3070952 0.4659746 -18.99656 22.98547 57.28738
0.8366241 -0.2973296 0.46158 -17.61489 21.97783 57.86752
0.8378448 -0.2785308 0.4737871 -17.64542 22.39005 58.48585
0.8341826 -0.2756011 0.4796464 -17.92023 22.14577 59.32554
0.813919 -0.258023 0.4859941 -18.49275 21.98547 60.32554
0.7995147 -0.2555816 0.4950273 -19.23321 21.87096 61.35608
0.7926787 -0.2463042 0.5040605 -20.21794 21.74882 62.1576
0.7782744 -0.2375151 0.5121171 -20.80573 21.62669 63.27211
0.7694854 -0.2377593 0.532625 -21.63015 21.72592 64.57745
0.761917 -0.2402007 0.5245683 -21.99656 21.70302 65.51638
0.7611846 -0.2367827 0.5411699 -22.17214 21.90913 66.78355
0.7609405 -0.2367827 0.5555742 -21.98893 22.58852 68.11944
0.7521514 -0.2384917 0.5607011 -22.38588 23.02363 69.56982
0.7465362 -0.2292144 0.5670488 -22.78283 23.68012 70.59272
0.7274932 -0.2179839 0.5711992 -22.87443 23.51982 72.46294
0.7292022 -0.2179839 0.5690019 -23.43931 23.81753 73.86752
0.7194366 -0.2057769 0.5675371 -24.40878 24.29844 75.50875
0.7135772 -0.1774565 0.5545976 -25.89733 24.28317 77.20341
0.7162627 -0.1571929 0.5506914 -27.83626 24.07707 78.63088
0.7074737 -0.138394 0.5492265 -29.81336 23.29844 79.95913
0.7042998 -0.129605 0.5480058 -31.9584 23.22211 81.33318
0.697708 -0.1108062 0.5382402 -33.22557 22.68776 81.89043
0.6989287 -0.08150928 0.5362871 -34.13397 22.09997 81.73013
0.7128448 -0.09249561 0.54825 -34.27137 21.65722 83.16524
0.768753 -0.08736866 0.5355546 -35.57672 20.37478 84.27974
0.7333526 -0.01900928 0.5399492 -37.34008 19.35188 83.46294
0.688919 0.02688916 0.5680254 -34.77519 18.45875 80.56218
0.6896514 0.08108837 0.5643632 -37.89733 18.86333 78.10417
0.7064971 0.08890087 0.5687578 -37.99657 18.24501 75.11944
0.7123565 0.109897 0.570955 -39.84389 17.47401 72.01257
0.7199248 0.1257661 0.5936601 -39.17977 17.80226 67.8828
0.7257842 0.1467622 0.58658 -38.71412 17.30608 62.87516
0.7299346 0.1643403 0.6044023 -36.31718 17.58088 56.47058
0.7360381 0.1614106 0.6102617 -34.50801 18.26791 50.62325
0.7409209 0.1465181 0.605623 -32.17214 18.35951 44.79882
0.744583 0.153354 0.6034257 -28.39351 18.80226 37.63089
0.7436065 0.1431001 0.6080644 -24.95076 19.29081 31.14997
0.7377471 0.1291841 0.6141679 -20.80573 19.65722 23.95913
0.7335967 0.1052583 0.6024492 -17.53092 19.86333 17.24157
0.7362823 0.090854 0.6004961 -14.01947 20.19921 10.35608
0.7284698 0.06228955 0.591707 -10.99656 20.06944 3.74539
0.7335967 0.03103955 0.5968339 -7.607252 19.78699 -2.31568
0.7343291 -0.009976074 0.5921953 -4.813359 19.61905 -8.170641
0.7384795 -0.05685108 0.589998 -1.294275 19.016 -13.9569
0.7458037 -0.1015288 0.6031816 2.67519 18.51218 -19.01034
0.7504424 -0.1337554 0.5995195 7.316412 18.04653 -23.78133
0.7616729 -0.178189 0.6173418 11.72099 17.68012 -27.92637
0.7626494 -0.2238433 0.6163652 15.87366 17.45111 -31.49125
0.7799834 -0.249478 0.6258867 19.53779 17.50455 -34.60576
0.7777862 -0.2790191 0.6473711 22.72863 17.19157 -37.9111
0.779251 -0.3144195 0.642 25.87366 17.17631 -40.01797
0.7895049 -0.3495757 0.6627519 28.87366 17.88623 -41.08667
0.7909698 -0.3705718 0.6705644 32.95763 18.32134 -42.48362
0.7855987 -0.3964507 0.6710527 36.65229 18.54272 -43.23934
0.7860869 -0.3993804 0.6827714 39.59122 19.32898 -44.10957
0.7802276 -0.4015777 0.6749589 41.73626 19.52745 -44.20118
0.7907256 -0.4115874 0.6881425 43.53015 20.42821 -44.35385
0.784378 -0.4123199 0.6979082 45.96527 21.22974 -44.56759
0.7926787 -0.4164702 0.7023027 47.77443 22.58852 -44.43018
0.7890166 -0.4047515 0.6869218 49.30878 23.98547 -44.18591
0.7855987 -0.3974273 0.6857011 50.24007 25.26791 -44.30042
0.78096 -0.3866851 0.6861894 50.72099 26.40531 -43.934
0.775833 -0.3835113 0.657625 50.82023 27.22974 -43.92637
0.7697295 -0.381314 0.6488359 50.74389 27.95493 -43.38438
0.768753 -0.3710601 0.6205156 49.95 28.82516 -43.23934
0.7626494 -0.3664214 0.6117265 49.30114 29.36714 -42.79659
0.753128 -0.3654449 0.5816972 48.41565 29.80226 -42.43782
0.7555694 -0.3678863 0.563875 47.52252 29.74119 -42.0027
0.7553252 -0.3671538 0.5387285 46.03397 29.07707 -41.48362
0.7570342 -0.3700835 0.5077226 44.1103 28.50455 -40.78896
0.7541045 -0.3698394 0.494539 42.179 27.63432 -40.28515
0.7572783 -0.3735015 0.4669511 39.96527 26.39005 -39.43018
0.7643584 -0.3774077 0.4581621 37.59122 25.1076 -38.34621
0.7643584 -0.3793609 0.4403398 35.33168 24.22211 -37.36912
0.7611846 -0.3893706 0.4298418 33.18664 22.47401 -36.46072
0.7680205 -0.3901031 0.4186113 30.09504 20.79463 -35.27751
0.7633819 -0.3976714 0.4107988 27.01107 18.91676 -33.98743
0.7545928 -0.4018218 0.4054277 24.07977 17.68012 -32.80423
0.7550811 -0.4096343 0.4061601 21.78206 15.53508 -31.53705
0.7494658 -0.4203765 0.4051836 19.78206 13.83279 -30.72026
0.7521514 -0.424771 0.3895586 17.33931 11.9702 -29.39965
0.7519073 -0.4118316 0.385164 14.34695 9.954931 -28.45308
0.7426299 -0.4328277 0.4054277 13.17901 6.9931 -28.24698
0.7411651 -0.4601714 0.4005449 8.095037 5.542717 -25.82713
0.7362823 -0.4723784 0.3995683 5.491985 3.061801 -23.17064
0.7382354 -0.4799468 0.4166582 2.079771 1.12287 -21.24698
0.7301787 -0.4843413 0.4103105 -0.5156488 -0.8084274 -19.64392
0.7196807 -0.501187 0.4149492 -2.424046 -3.342779 -17.80423
0.7953643 -0.256314 0.5897539 1.820229 -13.67102 -26.20117
0.8078155 -0.2873199 0.6722734 4.179007 -13.79316 -33.24698
0.8085479 -0.2936675 0.6756914 4.614122 -13.20537 -33.934
0.810501 -0.2941558 0.6791093 5.133206 -12.90003 -34.70499
0.8043975 -0.2948882 0.682039 4.86603 -12.14431 -34.91873
0.8068389 -0.3029449 0.6788652 5.05687 -11.19011 -35.44545
0.8078155 -0.3053863 0.6727617 5.522519 -10.69392 -35.50652
0.8017119 -0.3105132 0.6778886 5.614122 -9.754992 -36.20881
0.8063506 -0.3080718 0.67325 5.888931 -9.442015 -36.57522
0.8026885 -0.3056304 0.6688554 5.888931 -8.686291 -36.72789
0.8043975 -0.3088042 0.6654375 5.54542 -8.380947 -36.92637
0.8002471 -0.3122222 0.6573808 5.301145 -7.831328 -37.16301
0.7980498 -0.3117339 0.6366289 5.05687 -7.777893 -37.03323
0.7892608 -0.3141753 0.6363847 4.453817 -7.251175 -37.06377
0.7885283 -0.3183257 0.6302812 2.896565 -7.380947 -36.49125
0.7865752 -0.3385894 0.6315019 1.232442 -7.228275 -35.41492
0.7882842 -0.3349273 0.6539629 0.0339694 -6.029801 -34.90347
0.7794951 -0.331021 0.6627519 -2.042367 -4.503084 -34.0714
0.7738799 -0.3393218 0.6427324 -5.24084 -3.892397 -32.54469
0.7626494 -0.3271148 0.6407793 -12.61489 -2.129038 -30.43782
0.7626494 -0.3424956 0.6207597 -18.72176 -1.79316 -28.68209
0.7665557 -0.3337066 0.6095293 -19.21031 -2.38858 -28.39202
