-0.5031504 -0.00593409 1.288202 -33.97957 55.8258 -4.616702
-0.5361094 0.00163427 1.266474 -32.81163 54.55099 -4.151053
-0.5419688 -0.01911768 1.227167 -30.31545 53.42122 -4.502198
-0.5448985 -0.01130518 1.205683 -27.19331 53.49756 -5.891511
-0.5507578 -7.471441e-05 1.191522 -25.59026 52.51283 -6.441129
-0.5541758 0.007493645 1.167108 -23.42995 52.78 -7.135787
-0.5834727 0.0216538 1.129267 -20.34598 50.06244 -8.71594
-0.5751719 0.009202629 1.111688 -17.50629 48.71893 -10.20449
-0.5832285 0.0138413 1.093866 -13.9414 46.93267 -11.37243
-0.5937266 0.01286474 1.077265 -11.35362 44.57389 -12.75411
-0.5802989 0.006761223 1.035761 -7.147511 44.29908 -13.5251
-0.6025156 -0.01521143 1.005487 -2.720031 40.21511 -16.34189
-0.5868906 -7.471441e-05 1.006464 0.676916 37.45176 -17.54037
-0.5785899 -0.01692042 0.9739932 5.814321 34.35252 -17.86098
-0.5888438 -0.02253565 0.9761905 8.440275 30.25328 -19.74647
-0.6296153 -0.06672511 0.9761905 15.79142 22.61969 -20.4335
-0.5939707 -0.0174087 0.9061221 17.66928 23.50519 -21.74647
-0.6069102 -0.02326807 0.9122256 18.1044 21.32198 -20.96785
-0.6022715 -0.1206802 0.952753 21.57768 16.23038 -20.15105
-0.5368418 0.01237646 1.058466 22.53951 19.78 -18.40296
-0.6144785 0.02189794 0.9742373 19.29524 18.97847 -17.62434
-0.6122813 -0.01228175 0.9359073 18.04333 11.48992 -15.70831
-0.5868906 -0.01716456 0.9271182 17.98226 9.39832 -16.06708
-0.5883555 -0.02326807 0.9249209 17.11967 7.009007 -15.23502
-0.5824961 -0.01887354 0.9407901 15.89829 3.253282 -13.24266
-0.5615 -0.007643074 0.9605655 14.95173 1.497557 -12.32663
-0.552711 -0.01057276 0.980585 14.49371 -1.120764 -11.21976
-0.5317149 0.001390129 1.014521 14.09676 -2.647481 -10.35716
-0.5138926 0.006517082 1.039911 13.48608 -3.204733 -9.380061
-0.4968028 0.02507177 1.076288 11.37157 -3.426107 -8.318993
-0.4916758 0.03947607 1.097772 9.615848 -3.975725 -7.181588
-0.474586 0.06096044 1.115839 7.234168 -3.678015 -5.922046
-0.4721446 0.06291357 1.137323 4.730351 -3.082596 -5.112885
-0.4623789 0.06901708 1.143915 3.096763 -2.739084 -4.296092
-0.4462656 0.0685288 1.157099 2.379206 -1.945191 -4.173954
-0.4274668 0.07487646 1.174188 2.287603 -1.288702 -4.555634
-0.4284434 0.07145849 1.17663 2.539511 -0.2429011 -4.700672
-0.4294199 0.07780614 1.193231 2.905924 0.5738931 -4.960214
-0.4299082 0.07682958 1.194696 3.554779 1.711298 -5.502198
-0.4235606 0.07829443 1.201532 3.913557 2.856336 -5.883878
-0.4137949 0.0841538 1.204706 4.050962 3.909771 -6.189221
-0.4174571 0.07829443 1.200312 4.287603 5.070076 -6.647236
-0.4184336 0.08122412 1.191278 3.959359 6.283816 -6.998381
-0.4274668 0.07487646 1.181269 3.310504 7.092977 -6.906779
-0.4301524 0.06022802 1.168573 2.730351 8.146412 -6.830443
-0.4430918 0.05534521 1.16247 3.196 8.612061 -7.181588
-0.4408946 0.04289403 1.140497 4.661649 8.604427 -7.555633
-0.4621348 0.03044286 1.127558 5.875389 8.573893 -7.777008
-0.4679942 0.02433935 1.113642 6.577679 8.383053 -7.914412
-0.4679942 0.02751318 1.114374 6.722717 7.764732 -7.502199
-0.4704356 0.03264013 1.098261 6.081496 7.222748 -6.723572
-0.2421641 0.7057358 2.646357 21.54715 -2.479542 12.18482
0.01076563 0.5504623 2.722773 43.59295 98.76473 -65.22739
0.02468164 0.5414291 2.719599 45.38684 107.2227 -69.6396
0.03688867 0.5311752 2.729364 46.27234 115.5968 -73.27319
0.04592188 0.5260483 2.708857 46.89829 124.0166 -76.73884
0.0647207 0.5223862 2.696405 46.18073 132.7571 -80.01365
0.07936914 0.5087143 2.658319 44.52425 141.2609 -82.6396
0.0779043 0.5089584 2.626093 41.32577 149.7189 -84.80754
0.1018301 0.5001694 2.576044 38.00516 158.9021 -87.12051
0.1091543 0.4974839 2.549433 33.2647 166.238 -88.70831
0.1318594 0.504808 2.505487 28.21127 174.5586 -90.3877
0.1592031 0.4899155 2.461542 23.40974 182.7876 -92.46403
0.185082 0.4686753 2.435419 21.3105 189.7037 -95.11288
0.1968008 0.4488999 2.396845 21.59295 196.6044 -98.08998
0.2258535 0.4222886 2.355341 25.83722 204.5128 -102.174
0.2375723 0.4261948 2.336298 29.34867 211.9098 -107.7617
0.264916 0.40056 2.28747 34.2189 215.7571 -112.8839
0.2690664 0.357103 2.266718 37.2418 218.7418 -118.9755
0.2800527 0.3273179 2.270868 45.75325 222.2914 -123.1358
0.3088613 0.2596909 2.24914 55.52425 226.3143 -127.006
0.3279043 0.2430893 2.232294 68.95173 230.0472 -130.6243
0.3645254 0.2111069 2.188593 78.66928 230.7037 -135.1205
0.4204336 0.2018296 2.146601 86.39448 231.3602 -140.9068
0.4555898 0.1896225 2.111689 86.11967 234.7571 -147.8992
0.5996328 0.2208725 1.938593 36.77615 245.3143 -156.9984
0.5656972 0.1149155 2.04748 38.34104 246.0243 -163.3037
0.5659414 0.08537451 2.071161 38.43264 246.0243 -166.4411
0.5901113 0.04728857 2.090937 38.23417 246.0243 -167.1434
0.6723867 0.02018896 2.021112 36.20364 246.0243 -169.1969
0.7290273 0.002366692 1.97619 31.29524 246.0243 -170.174
0.7556386 -0.01960596 1.940302 25.36394 246.0243 -169.6396
0.803002 -0.03132472 1.901483 18.88302 246.0243 -168.5785
0.876 -0.0498794 1.85412 10.60058 246.0243 -166.7999
0.9187246 -0.03571925 1.781366 0.005160332 246.0243 -162.6396
0.9458242 -0.02204737 1.72497 -11.7353 246.0243 -158.4564
0.983666 -0.04011378 1.671991 -20.62079 246.0243 -155.1816
1.028344 -0.02741847 1.589716 -30.42995 246.0243 -151.5633
1.0364 0.006028801 1.515741 -45.07117 246.0243 -147.7847
1.088158 -0.04182276 1.40954 -46.96431 246.0243 -146.7923
0.879418 0.1598374 1.809198 -70.28491 246.0243 -136.5938
0.8388906 0.2206284 1.804315 -108.3231 246.0243 -119.9984
1.207299 0.2089097 1.39123 -154.4834 246.0243 -63.60907
1.491479 -0.1824478 0.2259463 -168.8269 246.0243 -77.02128
0.8227774 -0.743483 0.355585 -140.7582 246.0243 -167.5327
0.6953359 -0.6316666 0.4495791 -93.49102 246.0243 -175.1205
0.5613027 -0.5769791 0.1585635 -64.17041 246.0243 -116.9678
0.8017813 -0.7356705 -0.06165135 -19.26201 246.0243 -106.8533
0.7947011 -0.2600845 -0.06165135 -20.81927 246.0243 -104.0671
0.5971914 0.01310888 -0.06165135 -46.02537 246.0243 -81.7999
0.5371328 -0.1524185 -0.06165135 -136.0025 246.0243 -98.10525
0.3108144 -0.3184341 0.06774318 -126.3231 246.0243 -79.22739
0.4736562 -0.2952407 -0.01502049 -121.7048 246.0243 -80.47929
0.4492422 -0.2278579 0.06994045 -108.43 246.0243 -83.97548
0.5171133 -0.245436 0.1397647 -95.58263 246.0243 -83.12051
0.5801015 -0.1697525 0.2716006 -72.93377 246.0243 -86.97548
0.6865469 0.01359716 0.5032901 -61.96431 246.0243 -97.23502
0.7549062 0.07267919 0.6155948 -47.15514 246.0243 -105.5404
0.7827383 0.1156479 0.7112979 -33.9185 246.0243 -113.1663
0.8904043 0.1307847 0.7999209 -20.02537 246.0243 -121.693
0.9516836 0.1112534 0.8524112 -2.330718 246.0243 -133.1205
0.9624258 0.1114975 0.8084659 9.463176 246.0243 -143.6549
0.9380117 0.08366552 0.7291202 16.27997 246.0243 -153.7465
0.8337637 -0.006422371 0.5838565 19.0586 246.0243 -160.1282
0.7673574 -0.09895166 0.3316592 13.41737 246.0243 -160.9449
0.6340566 -0.3279556 0.1221865 18.44028 246.0243 -159.0137
0.5014883 -0.3365005 0.03893459 13.1273 246.0243 -154.174
0.5556875 -0.3604263 -0.06165135 -4.689497 246.0243 -134.3724
0.4607168 -0.5408463 -0.06165135 -15.43759 246.0243 -141.8839
0.4143301 -0.6038345 -0.06165135 -27.12461 246.0243 -119.7694
0.2390371 -0.7769302 -0.06165135 -44.77346 246.0243 -127.3114
0.4338613 -0.8032974 -0.06165135 -50.70476 246.0243 -114.3953
0.346459 -0.9099869 -0.06165135 -58.36889 246.0243 -95.65487
0.3911367 -0.9971451 -0.06165135 -66.74293 246.0243 -79.98312
0.3405996 -1.077956 -0.06165135 -70.83453 234.8029 -62.81517
0.4294668 -0.8469986 -0.06165135 -68.85744 227.2609 -56.31136
0.4729238 -0.9336685 -0.001348615 -70.92614 225.6044 -44.15105
0.3945547 -0.9229263 0.04088771 -62.35362 218.4518 -35.64724
0.4480215 -0.7913345 0.09752834 -54.62843 211.5052 -28.86861
0.5036855 -0.6521744 0.2200869 -45.16278 207.3678 -28.54037
0.5239492 -0.5200943 0.3458194 -35.27728 204.0777 -27.98311
0.5798574 -0.3448013 0.3614444 -32.13988 208.4594 -21.56327
0.5310293 -0.332106 0.3441104 -24.51392 201.9632 -22.50983
0.5605703 -0.2200454 0.3751162 -14.08644 201.8487 -27.10525
0.558373 -0.1677993 0.3668154 -0.4223207 200.1769 -31.00601
0.5263906 -0.1638931 0.3631533 11.74562 194.1311 -39.06708
0.5276113 -0.1763443 0.3465518 30.89829 182.7876 -49.777
0.5542226 0.09782568 0.3550967 27.2876 177.467 -32.38769
0.6135488 -0.07502589 0.2994326 9.783786 179.2685 -42.92968
0.6211172 0.01799169 0.4390811 13.85249 176.8945 -42.33426
0.638207 -0.02131495 0.3187197 11.15783 177.7571 -44.25029
-0.4616465 -0.06135401 1.250116 -4.918504 -8.662748 -14.02892
-0.5505137 -0.01569971 1.129999 12.66165 5.20748 -8.212122
-0.5737071 -0.04328761 1.111688 14.75325 3.337252 -8.746473
-0.5829844 -0.04719386 1.096063 17.50134 0.7341981 -9.273191
-0.5732188 -0.04890284 1.119501 18.87539 -1.403206 -9.799909
-0.5905528 -0.09528955 1.099726 20.18837 -2.952825 -8.402962
-0.5739512 -0.1028579 1.115839 21.79906 -7.105496 -8.570901
-0.5698008 -0.1123794 1.141962 21.23417 -8.41084 -6.95258
-0.5429453 -0.1143325 1.174677 20.71508 -10.25817 -5.196855
