0.4274444 -0.6044585 0.6183183 1.86603 0.8633282 16.82936
0.4313506 -0.6130034 0.6083086 3.133206 1.870962 17.34081
0.43721 -0.6303374 0.6139238 3.751526 2.741191 18.0431
0.4357451 -0.6513335 0.6293046 4.637022 3.962565 19.01257
0.4401397 -0.6564605 0.6307695 5.553053 5.306077 19.89806
0.4396514 -0.6693999 0.6344316 7.156106 6.550352 20.83699
0.4413604 -0.6750152 0.6278398 8.285877 7.52745 22.17287
0.4496612 -0.6835601 0.6280839 9.026337 9.077068 22.94386
0.4391631 -0.3634917 0.570955 -13.87443 7.626687 -18.9569
0.6728057 -1.18771 0.7630937 34.9271 -102.5794 -54.65919
0.6793975 -1.134732 0.7467363 41.74389 -99.33514 -49.06377
0.6840362 -1.075162 0.7174394 49.78969 -95.87713 -44.0714
0.675003 -0.9931304 0.6722734 56.91946 -91.81606 -40.59812
0.6959991 -0.9462554 0.6185625 61.91946 -89.57942 -36.26987
0.6840362 -0.8759429 0.5470293 63.78206 -89.59469 -32.18591
0.6762237 -0.8129546 0.5060136 69.32405 -88.26644 -31.60576
0.6725616 -0.7629058 0.4352129 72.94237 -89.63286 -31.31568
0.6776885 -0.7377593 0.3778398 76.11794 -91.39622 -31.45308
0.6840362 -0.7174956 0.3492754 79.07977 -93.31225 -31.18591
0.6754912 -0.728482 0.3270586 82.79733 -93.74736 -31.03324
0.6654815 -0.7289702 0.2677324 87.07977 -95.03744 -31.07904
0.6564483 -0.7275054 0.2276933 89.80496 -97.31988 -30.44545
0.6422881 -0.7282378 0.1893632 91.14084 -99.54889 -29.83476
0.6415557 -0.7712066 0.1393144 93.65229 -100.8313 -29.51415
0.6293487 -0.8002593 0.08462691 96.56832 -103.5871 -29.01034
0.6051787 -0.8461577 0.01870894 98.73626 -106.8848 -27.85766
0.5939483 -0.8976714 -0.04427934 98.39275 -110.9687 -25.10957
0.5775908 -0.962857 -0.0999434 97.95763 -116.1061 -22.54469
0.5685576 -1.010708 -0.1746504 95.51488 -121.9 -18.82713
0.563919 -1.083462 -0.2510664 93.31641 -130.0527 -14.7508
0.5648955 -1.139126 -0.2754805 90.26298 -138.5031 -9.987434
0.5758819 -1.245572 -0.3001387 89.9271 -146.7932 -4.99507
0.6054229 -1.333951 -0.3260176 90.65229 -155.8084 0.6614189
0.635208 -1.420865 -0.3140547 94.25535 -165.4191 6.317908
0.6569366 -1.472378 -0.2945235 98.66756 -173.9535 12.22631
0.6649932 -1.509732 -0.2369063 104.637 -182.4268 16.57745
0.699417 -1.582242 -0.1846602 110.1943 -190.6558 23.19577
0.7438506 -1.627408 -0.1255782 112.9347 -196.9229 30.63089
0.7665557 -1.671109 -0.05453324 118.1027 -204.0222 37.78356
0.8024444 -1.713101 0.02163863 122.5073 -209.0298 45.47058
0.8209991 -1.764126 0.07705855 126.3011 -212.5184 52.08127
0.8439483 -1.85983 0.1581132 130.2935 -215.4725 63.48585
0.8996123 -1.884976 0.2565019 131.637 -215.9916 77.09653
0.8900908 -1.948697 0.2926347 139.4996 -214.9687 85.35607
0.8966826 -1.964322 0.3004472 138.3851 -217.4955 97.27974
0.9315948 -1.973355 0.3697832 137.095 -219.3122 110.5087
0.9779815 -1.94479 0.4051836 134.5912 -219.7474 121.1347
1.007767 -1.97189 0.4520586 127.8508 -218.8313 135.5775
1.019485 -2.017545 0.510164 122.4844 -218.0527 149.1042
1.037796 -2.024869 0.5296953 122.5836 -216.358 162.9362
1.060501 -1.975064 0.5455644 119.1332 -215.7932 176.5546
1.088089 -1.918912 0.5836504 114.6141 -215.6176 189.9133
1.008743 -1.826626 0.6156328 112.3164 -214.6787 204.8904
1.240677 -1.944546 0.3871171 134.2706 -205.671 204.1271
1.199173 -1.820523 0.5067461 118.6599 -243.6863 218.7377
1.204788 -1.659878 0.8458574 116.9347 -222.3046 226.4706
1.234817 -1.328091 0.9632891 117.9118 -206.0145 247.2645
1.246048 -1.239712 0.9427813 121.8355 -207.1748 252.7072
1.321243 -1.110806 1.025545 120.0645 -202.9687 261.15
1.315872 -1.061978 1.118807 130.9958 -197.6787 258.4782
1.309036 -1.010708 1.146639 135.5836 -188.1214 260.3637
1.267776 -0.95773 1.18033 141.6676 -182.2588 261.4171
1.237015 -0.9086577 1.226228 145.6981 -172.2588 261.7607
1.207718 -0.8998687 1.24991 151.9042 -162.6939 261.8675
1.170364 -0.8627593 1.226961 161.4385 -154.5565 261.1423
1.131058 -0.8193023 1.205232 172.5912 -147.2894 259.3561
1.086868 -0.7987945 1.180574 183.8508 -140.6558 257.5851
1.094192 -0.7585113 1.181307 195.3698 -134.8466 255.6843
1.049759 -0.7201812 1.171297 208.0569 -127.6863 252.8065
1.015823 -0.6801421 1.139559 219.7133 -121.0451 251.15
1.002884 -0.6552398 1.093416 229.5683 -114.3122 247.9897
0.9662627 -0.5985991 1.079012 238.1943 -108.0527 246.15
0.9369658 -0.5871245 1.060701 242.9729 -104.2741 244.5775
0.8993682 -0.5346343 1.02701 242.9729 -97.88477 242.4248
0.8722686 -0.5026519 1.020906 242.9729 -93.64812 239.9286
0.8280791 -0.4748199 1.02408 242.9729 -88.88477 236.3561
0.796585 -0.4440581 1.024568 242.9729 -84.9382 233.0049
0.7814483 -0.415982 1.032381 242.9729 -79.29698 229.9286
0.7511748 -0.3766753 1.021883 242.9729 -72.67866 227.4935
0.7235869 -0.3512847 1.013826 242.9729 -66.28934 226.066
0.6981963 -0.3354156 1.008699 242.9729 -62.41148 225.7454
0.6645049 -0.322232 1.030428 242.9729 -57.41148 224.5316
0.6522979 -0.3300445 1.048494 242.8202 -52.54125 223.1652
0.6159209 -0.3630034 1.077059 237.9576 -47.30461 221.3179
0.5792998 -0.3754546 1.108797 236.3851 -41.57178 219.0278
0.5424346 -0.3735015 1.117342 235.2019 -36.64812 216.8217
0.5060576 -0.3888824 1.134187 233.1714 -30.99163 214.6996
0.4923858 -0.3996245 1.142 230.4156 -25.31224 213.3408
0.4567412 -0.4032866 1.138582 228.1103 -20.09851 212.211
0.4257354 -0.3901031 1.142244 226.5302 -15.9382 210.4095
0.4057158 -0.3742339 1.145906 226.2553 -11.21301 208.8294
0.3727568 -0.3644683 1.142732 226.7133 -6.289343 207.2492
0.3415068 -0.3625152 1.142488 228.6294 -2.525985 206.5851
0.5729522 -0.5163238 0.6915605 -4.607252 -21.52599 41.73012
0.4242705 -0.4418609 0.468416 -9.118702 -8.739725 34.24157
0.4262237 -0.4513824 0.4623125 -10.71412 -9.289343 34.66905
0.4264678 -0.4555327 0.4549882 -12.24847 -9.9611 34.71486
0.425003 -0.4662749 0.4610918 -13.27901 -10.93056 35.0889
0.4245147 -0.4633452 0.466707 -13.76756 -11.64812 35.34844
0.4228057 -0.4677398 0.4794023 -13.77519 -12.31224 35.63089
0.4191436 -0.4631011 0.4796464 -13.40878 -12.88476 35.63089
0.419876 -0.4579741 0.4825761 -13.47748 -13.41148 35.77592
0.4240264 -0.4506499 0.4889238 -13.22557 -13.8695 36.16524
0.4262237 -0.4435699 0.4935625 -13.58435 -14.27408 36.54692
0.438919 -0.4289214 0.5111406 -14.71412 -14.41912 36.55455
0.4401397 -0.4096343 0.5133379 -15.73702 -13.87713 36.74539
0.4357451 -0.4020659 0.5040605 -16.53855 -13.90003 36.29501
0.432083 -0.3942534 0.5130937 -15.56908 -14.60995 36.28738
0.4328155 -0.391812 0.5357988 -15.87443 -14.42675 36.10417
0.4279326 -0.3588531 0.5506914 -15.17977 -13.72446 35.44768
0.4206084 -0.3410308 0.5511796 -13.79046 -13.15194 33.14233
0.4342803 -0.3576324 0.5543535 -14.20267 -14.0069 32.74539
0.456253 -0.320523 0.5890214 -14.23321 -12.90766 31.27211
0.4655303 -0.3112456 0.595125 -14.57672 -11.46492 30.08127
0.4682158 -0.3036773 0.5907304 -14.0729 -10.0985 28.0889
0.4618682 -0.2939116 0.6009843 -12.77519 -8.816061 25.83699
0.463333 -0.2856109 0.5961015 -11.69122 -7.220641 23.45531
0.4589385 -0.2865874 0.6012285 -10.9584 -5.472549 21.1576
0.4442901 -0.2919585 0.5780351 -10.14924 -3.945832 18.79882
0.4398955 -0.3046538 0.5528886 -9.294275 -2.999267 16.32554
0.4330596 -0.3249175 0.5333574 -8.737023 -2.838962 14.58508
0.4296416 -0.3505523 0.5045488 -8.416412 -2.907664 13.12707
0.4301299 -0.3747222 0.4911211 -8.133969 -2.968733 11.96676
0.4274444 -0.4013335 0.4769609 -8.210305 -3.663389 11.03547
0.4210967 -0.4167144 0.4515703 -8.477481 -4.28171 10.36371
0.4174346 -0.4413726 0.4413164 -8.889695 -5.411481 10.0202
0.4125518 -0.4591949 0.4420488 -9.798092 -6.571786 10.28737
0.4037627 -0.4801909 0.4339921 -11.17214 -7.403847 10.37898
0.3998565 -0.5031402 0.4430254 -12.1416 -8.70919 10.90569
0.4022979 -0.5141265 0.4481523 -13.67595 -9.846596 11.73012
0.4074248 -0.5356109 0.4610918 -15.0271 -10.35041 12.46295
0.4147491 -0.5426909 0.4762285 -16.40115 -10.78553 13.34081
0.4108428 -0.5597808 0.5074785 -17.65305 -11.54889 14.61562
0.4184112 -0.5605132 0.5113847 -18.1416 -11.54125 15.47821
0.4245147 -0.5707671 0.541414 -18.70649 -11.46492 16.66142
0.4345244 -0.5749175 0.5631425 -18.73702 -10.93056 17.80646
0.4452666 -0.5736968 0.5802324 -18.01183 -10.11377 18.77592
0.452835 -0.5756499 0.6129472 -17.58435 -8.846596 19.67669
0.4626006 -0.5736968 0.6197832 -16.58435 -7.075603 20.31791
0.4699248 -0.5541656 0.6424882 -15.0042 -5.029801 21.05837
0.470169 -0.5456206 0.6456621 -13.24084 -3.190107 21.56982
0.4630889 -0.5485503 0.6388261 -10.9126 -0.9610992 21.63089
0.4501494 -0.5312163 0.635164 -9.034733 1.603786 21.82173
0.4425811 -0.5280425 0.626375 -6.767557 3.741191 21.60035
0.4391631 -0.5175445 0.5990312 -4.706489 5.084702 21.66905
0.43721 -0.5077788 0.5714433 -3.599618 6.596153 21.37898
0.425003 -0.5024077 0.5477617 -2.683588 7.275542 21.54692
0.4074248 -0.4977691 0.5116289 -1.767558 7.725924 21.63089
0.4079131 -0.4950835 0.499666 -1.424046 7.573252 21.66905
0.3983916 -0.4777495 0.4796464 -1.072901 7.061801 22.0202
