-0.2707285 -0.2989028 1.757929 43.11203 1.238015 -3.746473
-0.2551035 -0.2854751 1.787714 43.15783 5.215115 -2.044183
-0.2458262 -0.2754653 1.805292 44.42501 8.543359 -1.586168
-0.2280039 -0.2515396 1.818476 43.79905 12.96321 0.1695573
-0.2199473 -0.214186 1.834833 40.95173 17.04718 1.841313
-0.1996836 -0.1853775 1.837519 36.69982 20.47466 3.871848
-0.1811289 -0.1529068 1.840204 31.92119 24.36779 6.062687
-0.1677012 -0.1438735 1.85119 28.57768 27.48992 7.574138
-0.1474375 -0.1121353 1.872919 25.61585 30.62733 8.413832
-0.1371836 -0.09382471 1.894648 22.66165 34.85634 9.337496
-0.1015391 -0.03986964 1.861689 15.0586 41.84107 9.887115
-0.1440195 -0.05671534 1.952753 16.36394 43.99374 8.993984
-0.0705332 -0.08405909 1.963739 22.65402 44.53572 7.062687
-0.009498045 0.00554052 1.975946 24.79906 49.23038 7.15429
0.04225977 0.04142919 1.949335 17.98226 56.16168 6.780244
0.03273828 0.1107651 2.035273 12.90592 61.48993 4.986351
0.06642969 0.05851903 2.085077 17.43264 67.15405 3.207725
0.1191641 0.09172216 2.147821 23.80669 73.24564 -3.624336
0.1347891 0.1197983 2.199335 32.74562 70.51283 -4.158687
0.3740469 0.2635972 2.171503 28.91356 82.13114 -12.69304
0.322289 0.2689682 2.248896 27.55478 87.42122 -14.5938
0.3125234 0.2504136 2.311884 41.21127 99.80289 -27.92205
0.3528066 0.2867905 2.37121 44.38684 107.1922 -33.02128
0.389916 0.2933823 2.447382 46.80669 115.9403 -39.5709
0.4197011 0.2562729 2.455194 55.01279 119.2075 -41.97548
0.4895254 0.332689 2.464716 55.88302 129.4976 -47.777
0.5193105 0.3922593 2.474482 53.15783 140.5205 -49.51746
0.6506582 0.3688218 2.43371 59.81432 173.925 -80.37243
0.5637441 0.5062729 2.606562 51.18837 175.1693 -67.05182
0.6821523 0.4723374 2.488886 50.39447 183.9937 -77.12051
0.712914 0.5353256 2.460077 40.81432 197.009 -78.33426
0.7766347 0.5321518 2.374628 30.66928 212.5281 -83.36479
0.8347403 0.5450912 2.323847 22.2876 220.1464 -87.30373
0.8708731 0.541185 2.279169 13.44791 232.6502 -90.69304
0.9006582 0.5218979 2.234247 4.867756 243.7724 -93.84571
0.9387442 0.5045639 2.157831 -1.758198 246.0243 -97.22739
0.9753653 0.4950425 2.099237 -7.643695 246.0243 -100.3419
1.000756 0.4930893 2.039179 -15.27728 246.0243 -102.8381
1.041039 0.4974839 1.972773 -22.8269 246.0243 -105.4335
1.074486 0.5023666 1.894892 -28.90324 246.0243 -107.7465
1.110131 0.508226 1.80871 -37.53682 246.0243 -110.319
1.116234 0.4791733 1.752802 -42.8498 246.0243 -112.4564
1.157982 0.4828354 1.668817 -47.35362 246.0243 -115.4488
1.195336 0.4811265 1.60705 -52.9185 246.0243 -118.922
1.217064 0.4930893 1.543329 -56.97194 246.0243 -122.6396
1.238061 0.4752671 1.52453 -60.07117 246.0243 -127.0976
1.219506 0.4857651 1.477899 -63.6208 246.0243 -131.1892
1.274438 0.4620835 1.441767 -67.90324 246.0243 -135.0518
1.30642 0.4266831 1.413202 -68.51392 246.0243 -140.5098
1.352318 0.390062 1.372187 -68.75056 246.0243 -144.7465
1.380639 0.3749253 1.338495 -68.49102 246.0243 -149.7388
1.445824 0.3392807 1.268671 -66.78873 246.0243 -155.5251
1.459252 0.2994858 1.166132 -65.26965 246.0243 -162.5404
1.458031 0.2550522 1.106806 -62.31545 246.0243 -170.632
1.411156 0.2162339 1.004267 -61.804 246.0243 -180.3648
1.478539 0.1881577 0.8665713 -57.85743 246.0243 -174.5022
1.480492 0.04240575 0.7259463 -50.97194 246.0243 -181.693
1.406273 0.003587395 0.5731143 -56.98721 246.0243 -183.1892
1.339135 -0.146315 0.5062198 -59.46049 246.0243 -183.0518
1.353295 -0.2964614 0.2557315 -65.72766 246.0243 -181.1969
1.323266 -0.4304946 0.232294 -64.20858 246.0243 -173.5251
1.329125 -0.4615005 0.1238955 -65.84217 246.0243 -167.7312
1.229516 -0.5457291 0.07555568 -64.06354 246.0243 -164.0518
1.182152 -0.6197037 0.001092792 -56.69713 246.0243 -160.5709
1.104027 -0.6333755 -0.06165135 -55.59026 246.0243 -155.9297
1.071801 -0.6519302 -0.06165135 -51.53682 246.0243 -150.5709
1.027611 -0.6807388 -0.06165135 -43.07881 246.0243 -148.2732
1.033227 -0.6924576 -0.06165135 -35.10171 246.0243 -146.0442
1.007104 -0.7117447 -0.06165135 -27.36125 246.0243 -144.7388
1.026879 -0.7796158 -0.06165135 -11.20858 246.0243 -145.6091
1.012231 -0.8050064 -0.06165135 1.371572 246.0243 -145.5785
0.9875723 -0.8448013 -0.06165135 14.41737 246.0243 -146.2885
0.954125 -0.8802017 -0.06165135 27.48608 246.0243 -147.3114
0.9253164 -0.88069 -0.06165135 33.87539 246.0243 -147.2427
0.9289785 -0.8992447 -0.06165135 33.72272 246.0243 -146.632
0.9441153 -0.9676041 -0.06165135 30.98226 246.0243 -144.9449
0.9677969 -1.074049 -0.06165135 32.60822 246.0243 -140.9526
0.9760977 -1.062819 -0.06165135 28.32577 246.0243 -140.3724
1.01101 -1.147292 -0.06165135 26.40211 246.0243 -125.5785
0.9846426 -1.345534 -0.06165135 44.92883 246.0243 -126.3114
0.9282461 -1.389723 -0.06165135 61.82196 239.6426 -115.9526
0.8320547 -1.333571 -0.06165135 64.78378 227.3525 -109.1892
0.8347403 -1.14778 -0.06165135 54.31814 213.6731 -96.99838
0.7390371 -1.192458 -0.06165135 34.73798 168.2075 -82.89915
0.6601797 -1.070387 -0.06165135 0.3410382 179.0243 -79.37243
0.8833242 -1.256911 -0.06165135 -9.636061 186.8182 -65.24265
0.6941152 -0.6780533 0.555292 -84.62843 -182.6857 73.3146
0.7173086 -0.7339615 0.9239444 -33.09407 -195.4643 118.1925
0.6885 -0.6951431 0.9366397 -28.13224 -194.22 123.2841
0.6726308 -0.6438736 0.9224795 -25.53682 -194.1513 127.9711
0.6543203 -0.6250748 0.9305362 -22.83453 -194.5635 132.2612
0.6408926 -0.6111588 0.9288272 -19.65896 -194.8994 136.7573
0.6374746 -0.5713638 0.932001 -20.02537 -194.9528 142.0322
0.6335683 -0.5552505 0.9339541 -21.88033 -196.1131 149.2993
0.6567617 -0.5740494 0.9102725 -23.49102 -193.8765 152.4749
0.6445547 -0.4912857 0.968378 -16.7582 -199.5559 154.452
0.6772695 -0.436354 0.9876651 -19.99484 -196.6017 157.8413
0.6650625 -0.4424575 1.019159 -17.39942 -196.3727 159.6352
0.669457 -0.4109634 1.047724 -16.16278 -193.2124 160.4367
0.6472402 -0.4038833 1.087274 -16.90324 -194.136 163.8642
0.6665273 -0.4070571 1.101923 -16.11698 -194.8383 165.7573
0.6943594 -0.3933853 1.160272 -15.72766 -194.0139 166.8642
0.7314687 -0.3740982 1.20373 -15.15514 -192.2734 168.4596
0.7385488 -0.3792251 1.269892 -11.13988 -189.8612 168.8337
0.7434316 -0.4011978 1.311151 -4.445221 -186.762 168.6047
0.7387929 -0.3640884 1.356073 3.066229 -184.2505 166.8489
0.7268301 -0.3636001 1.439325 11.92119 -184.4032 166.6428
0.7346426 -0.3784927 1.498407 23.69218 -180.3116 165.368
0.7448965 -0.4156021 1.545038 38.78379 -177.2124 163.6963
0.7505117 -0.4011978 1.566278 52.34867 -169.4337 161.9482
0.7334219 -0.4058364 1.560663 63.79905 -163.5406 162.0245
0.7248769 -0.405104 1.584101 73.73035 -160.7391 163.1237
0.7121816 -0.3792251 1.591425 82.83722 -156.2887 164.452
0.7092519 -0.3584732 1.601435 90.2189 -152.533 166.9482
0.7014394 -0.3240493 1.593134 96.63875 -146.5788 168.3528
0.6953359 -0.2864517 1.580927 102.822 -141.0215 170.4138
0.6928945 -0.2564224 1.581415 106.341 -136.2582 174.2612
0.7282949 -0.1714614 1.570673 107.8525 -128.0444 177.3833
0.6887441 -0.1438735 1.553339 109.1884 -121.4948 182.4673
0.6845937 -0.05671534 1.542353 111.654 -113.4872 183.5741
0.6450429 0.01481786 1.501581 113.112 -107.5559 185.3833
0.6096426 0.1512925 1.433466 108.9975 -98.91466 189.1543
0.5442129 0.1471421 1.396356 112.1884 -95.14367 188.9024
0.5185781 0.2103745 1.315058 115.57 -91.22764 189.5436
0.4909902 0.3519761 1.241815 113.2494 -89.55588 189.6428
0.4592519 0.4425522 1.199091 111.7456 -91.0597 187.4596
0.6015859 0.5695053 1.064813 109.0815 -87.83069 187.6199
0.4148183 0.6908432 0.9727725 108.8983 -91.38794 178.2612
0.3183828 0.7884995 1.171259 118.0433 -100.2047 172.3222
0.3254629 1.165453 1.139521 100.7304 -99.26581 167.0169
0.3266836 0.9257065 1.098505 72.23417 -90.65512 161.2383
0.3205801 0.9210678 1.117792 70.46317 -96.05206 156.3528
0.2925039 0.9764877 1.10412 65.22653 -92.22 148.3222
0.3572011 1.010667 1.123163 59.11966 -96.66275 144.7115
0.3711172 1.102708 1.110956 46.59295 -90.39558 139.5512
0.3427969 1.123949 1.116571 34.06623 -92.70092 135.2535
0.3496328 1.151292 1.132685 24.89066 -90.64748 128.4596
0.3530508 1.127367 1.204462 -2.055908 -89.22 99.94055
0.3784414 1.11638 1.234003 -2.193313 -87.62458 89.81841
0.353539 1.146654 1.207147 -8.941404 -84.1742 80.452
0.3171621 1.125658 1.201776 -11.58263 -84.06733 71.3604
0.2705312 1.104417 1.190058 -17.98721 -82.00626 63.03979
0.2365957 1.032884 1.163446 -24.90324 -81.86122 55.09322
0.2021719 0.9923569 1.172235 -29.12461 -81.43375 47.74971
0.1821523 0.9235092 1.153925 -34.13988 -81.16656 41.23826
0.1565176 0.8478256 1.150751 -38.14751 -80.98336 34.93292
0.1474844 0.7208725 1.177606 -35.55972 -82.25053 28.27643
0.15725 0.7123276 1.14953 -41.29255 -81.13603 24.10085
0.1487051 0.6093002 1.198114 -39.78873 -82.00626 19.68101
0.1584707 0.5470444 1.189325 -43.50629 -80.15894 15.55124
