-0.1015391 2.163683 0.7086123 75.94409 -19.84595 -122.0594
-0.07785742 2.163683 0.6492862 69.74562 -18.92229 -140.8763
-0.127418 2.163683 0.6148623 48.55478 -20.0826 -154.1663
-0.1381602 2.163683 0.5767764 33.58531 -30.48717 -165.3037
-0.06223242 2.163683 0.5516299 16.67692 -43.40321 -166.6243
0.08083399 2.163683 0.4678897 -2.269649 -46.83068 -183.3801
0.1577383 2.163683 0.461542 -20.7582 -44.54061 -209.5175
0.1870352 2.163683 0.5982608 -45.7353 -47.98336 -230.2885
0.2744375 2.163683 0.7335147 -69.8498 -59.38031 -239.1511
0.4824453 2.163683 0.7064151 -85.05591 -62.94519 -248.5709
0.6176992 2.163683 0.7537784 -102.0483 -54.96809 -248.5709
0.6628652 2.163683 0.7960147 -123.4758 -52.41847 -248.5709
0.735375 2.163683 0.8350772 -138.6055 -56.02153 -248.5709
0.8730703 2.163683 0.7750186 -155.8574 -57.62458 -248.5709
1.101342 2.120287 0.6531924 -173.7582 -46.25053 -248.5709
1.050561 2.050951 0.6922549 -189.9872 -31.92992 -248.5709
1.125268 1.819505 0.654169 -204.1933 -34.72382 -248.5709
1.233422 1.609544 0.6216983 -210.2926 -28.15893 -248.5709
1.368188 1.453539 0.5425967 -218.575 -26.3345 -248.5709
1.382836 1.216966 0.5965518 -222.8727 -22.25053 -248.5709
1.399193 1.192796 0.5609073 -239.4987 -18.18183 -248.5709
1.393822 0.8820053 0.4385928 -248.5139 -11.95282 -248.5709
1.338647 0.6813217 0.3917178 -248.5139 -16.90702 -248.5709
1.534936 0.421312 0.1295108 -248.5139 -6.22 -248.5709
1.447045 0.2711655 0.1414737 -248.5139 -5.761985 -248.5709
1.434594 0.04826513 0.06286037 -248.5139 -3.380306 -248.5709
-0.07370703 1.632249 1.34411 -34.7582 -22.37267 -93.38006
0.02809961 1.998216 1.072382 -13.98721 -15.27344 -191.403
0.07448633 2.163683 0.876337 -13.68186 -15.76962 -211.4564
0.06765039 2.163683 0.8221377 -26.54446 -18.11313 -226.4259
0.1474844 2.163683 0.7835635 -39.04064 -27.53298 -235.3266
0.1989981 2.163683 0.761835 -41.07117 -27.39557 -248.5709
0.2729726 2.163683 0.7518252 -49.26965 -36.44901 -248.5709
0.3733144 2.163683 0.7706241 -57.05591 -39.46428 -248.5709
0.4707265 2.114427 0.8597354 -65.97194 -45.16656 -248.5709
0.5835195 1.986742 0.9639834 -75.61316 -44.25817 -248.5709
0.690209 1.836107 1.043329 -85.33072 -43.53298 -248.5709
0.7546621 1.746019 1.088983 -95.00247 -39.15893 -248.5709
0.8232656 1.593187 1.07995 -103.1322 -36.69328 -248.5709
0.9145742 1.572435 1.054804 -117.0101 -32.1971 -248.5709
0.9372793 1.405443 1.046991 -130.0177 -28.50244 -248.5709
0.9729239 1.305589 1.051874 -147.3078 -21.96046 -248.5709
1.049584 1.175707 0.9942569 -164.3536 -14.74672 -248.5709
1.088891 0.9081284 0.9998721 -173.3918 -7.265801 -248.5709
1.105981 0.7872787 0.9073428 -179.5368 -0.9833591 -248.5709
1.110863 0.7067123 0.8812198 -192.5292 5.238015 -248.5709
1.152856 0.5485092 0.8106631 -210.4987 14.55099 -248.5709
1.123314 0.3534409 0.7354678 -226.2849 22.78763 -248.5709
1.107445 0.1317612 0.5880069 -243.0559 31.7342 -248.5709
1.0281 0.02751318 0.497919 -248.5139 39.76473 -248.5709
0.7429433 -0.3257583 0.4859561 -248.5139 45.49756 -248.5709
0.5818105 -0.8299088 -0.03699315 -248.5139 28.76473 -248.5709
0.5881582 -0.8296646 -0.02307713 -248.5139 25.65786 -248.5709
0.9333731 -1.035963 -0.06165135 -248.5139 48.57389 -248.5709
0.5862051 -1.129713 -0.06165135 -248.5139 41.47466 -248.5709
0.4074941 -1.342604 -0.06165135 -248.5139 11.04718 -248.5709
0.4170156 -1.836256 -0.06165135 -248.5139 13.99374 -248.5709
0.3557363 -1.836256 -0.06165135 -248.5139 22.16931 -248.5709
0.07180078 -1.836256 -0.06165135 -248.5139 -16.68565 -248.5709
0.3247304 -1.836256 -0.06165135 -248.5139 6.657863 -230.7007
-0.01169531 -1.836256 -0.06165135 -189.1781 25.01664 -170.174
-0.3022227 -1.836256 -0.06165135 -165.3155 21.15405 -246.1205
-0.2807383 -1.836256 0.06090724 -182.6666 -15.66275 -236.5556
-0.1313242 -1.836256 -0.06165135 -149.9643 -21.78489 -206.0824
-0.2795176 -1.836256 0.1151065 -136.6819 -31.58641 -208.0366
-0.2450938 -1.836256 0.1746768 -121.2009 -35.98336 -191.0824
-0.278541 -1.836256 0.2447451 -96.10171 -43.85359 -186.1969
-0.3061289 -1.735426 0.3074893 -70.13224 -50.29633 -178.1205
-0.3105235 -1.582594 0.4017276 -49.12461 -57.41084 -171.9526
-0.2922129 -1.480544 0.4708194 -29.34598 -62.75435 -163.5862
-0.3342051 -1.411208 0.5784854 -9.620794 -69.8765 -165.8763
-0.2365488 -1.226393 0.6624698 4.058596 -74.32687 -162.2274
-0.2165293 -1.065749 0.791376 11.75325 -80.89176 -156.1587
-0.189918 -0.9099869 0.8941592 14.62348 -85.60931 -154.8992
-0.1349863 -0.7305435 1.015497 -1.391786 -93.65512 -149.5938
-0.1276621 -0.9180435 1.032587 10.61585 -95.38794 -149.7999
-0.0236582 -0.9505142 1.029657 48.18837 -96.98336 -149.2579
-0.01950781 -0.8023209 1.167597 79.34104 -101.0597 -146.0518
0.02834375 -0.5237564 1.339472 90.75325 -100.5177 -150.1816
0.07350976 -0.4112075 1.470575 90.73035 -93.63985 -172.8228
0.1726309 -0.2793716 1.546991 93.196 -95.74672 -165.3801
0.237084 -0.3367446 1.620233 102.6082 -97.97573 -147.6167
0.252709 -0.3867935 1.702753 116.4784 -84.18947 -168.9755
0.315209 -0.1287368 2.023798 107.9059 -73.80016 -186.5098
0.3301015 0.1019761 2.109003 75.41737 -69.50245 -174.319
0.4563222 0.1881577 2.06579 40.27234 -48.14366 -157.403
0.3801504 0.2037827 2.314814 2.539511 -38.90702 -128.4106
0.5310293 -0.1546157 2.184198 -6.689496 -8.449008 -109.8686
0.4878164 -0.203688 2.205194 -22.56736 20.53572 -132.319
0.4323965 -0.3208755 2.293818 -29.92614 25.7342 -126.8762
0.4895254 -0.2063735 2.435419 -42.35362 39.39832 -129.548
0.3613515 -0.3831314 2.557489 -59.36889 52.45939 -129.8686
0.5090566 -0.4392837 2.512323 -64.6666 59.26855 -120.4946
0.5078359 -0.5391373 2.392939 -79.97194 75.30672 -123.1587
0.5146719 -0.5830826 2.46081 -90.52919 73.65786 -116.3953
0.4536367 -0.63069 2.551142 -100.1628 81.009 -121.5556
0.4226308 -0.7390884 2.49328 -107.9109 95.7571 -119.0594
0.4336172 -0.8301529 2.511835 -110.3765 99.77236 -110.1892
0.4187246 -0.8194107 2.3883 -116.5216 109.4212 -102.6778
0.3662344 -0.9993423 2.359491 -106.7277 112.696 -100.5709
0.3559804 -0.9959244 2.345819 -102.0254 113.5128 -104.1205
0.3979726 -1.012038 2.255243 -95.20094 119.2762 -103.0365
0.4121328 -0.9473404 2.186396 -88.30782 126.1693 -96.08235
0.40725 -0.8762955 2.142206 -86.04827 131.7037 -86.84571
0.416039 -0.8362564 2.12121 -90.10934 137.8029 -79.76174
0.4179922 -0.8186783 2.135614 -87.71239 143.9861 -77.89915
0.4341054 -0.7593521 2.152704 -84.57499 150.8716 -75.25792
0.455834 -0.7263931 2.159052 -80.72003 157.8029 -71.14342
0.481957 -0.6785416 2.163935 -73.71239 164.1998 -71.07471
0.5351797 -0.5935806 2.188105 -67.18568 171.1006 -69.77701
0.5681386 -0.5257095 2.192011 -59.30018 178.0777 -61.48693
0.5793691 -0.5110611 2.222773 -49.59026 182.8945 -65.48693
0.6350332 -0.5303482 2.168818 -27.03301 192.7037 -70.15105
-0.1474375 -1.836256 1.587274 19.36394 -27.30397 -45.4793
0.0544668 -0.4278091 1.785517 37.57005 62.26091 -15.65487
0.05910547 -0.3679946 1.841425 35.79905 60.09298 10.84131
0.06765039 -0.4759048 1.812128 43.3334 64.39832 6.222992
-0.03025 -0.4204849 1.813837 47.44791 66.1235 -6.311358
0.1035391 -0.3797134 1.802118 54.20364 72.20748 -15.11289
0.1440664 -0.2827896 1.895136 63.50898 73.81817 -13.55563
0.1530996 -0.2461685 1.923456 70.36394 76.7571 -10.34189
0.07863672 -0.08747705 2.132196 71.60058 78.41358 -17.37243
0.2685781 -0.08430323 2.014765 66.39448 88.71893 -18.06708
0.2134023 -0.08210596 2.054804 66.66928 90.8945 -23.85334
0.2588125 -0.09089502 2.091913 73.37157 95.50519 -33.96021
0.3374258 0.01530614 2.088251 79.60822 103.7113 -28.26556
0.3830801 0.08537451 2.100946 81.27234 107.6121 -35.76174
0.3596426 0.1473862 2.150263 83.76089 115.2915 -38.93731
0.4226308 0.14348 2.115839 88.30287 125.154 -52.96021
0.4258047 0.1857163 2.113153 88.98226 133.238 -64.05945
0.4494863 0.2247788 2.118525 91.1044 139.7647 -67.70831
0.4192129 0.2958237 2.153925 87.50134 144.7266 -68.83044
0.462914 0.2006089 2.119257 90.46317 155.635 -81.09762
0.4717031 -0.04841456 2.051874 114.4021 159.238 -107.5709
0.2844472 0.09904638 2.21789 129.4479 131.7953 -120.1587
0.5981679 0.4042222 2.011835 121.7304 154.7418 -121.6243
0.6596914 0.4286362 1.967646 105.0739 168.3525 -105.4335
0.5825429 0.3282944 2.105829 99.61584 174.6731 -106.5785
0.6955801 0.5292221 2.077753 72.40211 188.6579 -103.5175
0.6723867 0.3204819 2.012568 3.776153 213.238 -103.1129
0.6946035 0.2977768 1.993524 -1.31545 219.7876 -107.1434
0.7409902 0.3063218 1.972773 -6.987206 227.4441 -110.1663
0.8005606 0.2987534 1.927606 -14.21621 233.5205 -114.2121
0.801293 0.3246323 1.904657 -20.33835 238.467 -114.6014
0.8259512 0.3238999 1.86413 -24.804 243.093 -116.3495
0.8540274 0.3226792 1.809442 -28.94904 246.0243 -124.0136
0.8867422 0.2933823 1.778681 -26.56736 246.0243 -125.3419
0.8816153 0.2943589 1.690058 -35.36125 246.0243 -129.3419
0.877709 0.2699448 1.633173 -32.56736 246.0243 -138.0671
1.022973 0.3451401 1.528192 -32.03301 246.0243 -130.3037
