0.8938638 -1.378234 1.00236 37.31498 -148.9194 251.8109
0.8457681 -1.223449 0.7689619 49.41422 -140.3011 251.8109
0.7891274 -1.090637 0.7455244 56.33788 -152.7744 251.8109
0.8523599 -1.065246 0.9142256 71.60506 -151.5072 251.8109
0.913395 -0.9771112 0.9725752 80.96384 -147.9652 251.8109
0.8779946 -0.9373163 1.000896 93.81879 -144.5148 251.8109
0.8528481 -0.8469843 1.036052 103.0173 -141.2171 251.8109
0.8013345 -0.7998652 1.106364 118.7425 -139.2858 251.8109
0.868229 -0.7827753 1.039714 127.4142 -138.24 251.8109
0.9754067 -0.6165155 1.063396 137.7348 -131.6217 251.8109
0.9893228 -0.5559687 1.039714 147.1776 -124.6751 251.8109
0.9656411 -0.5232538 1.060222 151.9257 -123.9957 251.8109
1.01276 -0.4644159 1.049479 164.6967 -115.9423 251.8109
1.050846 -0.3748163 1.000896 169.6509 -112.385 251.8109
1.077213 -0.3198847 0.9813643 175.8112 -109.4995 251.8109
1.117985 -0.2588495 0.9413252 184.7043 -107.0568 251.8109
1.174626 -0.2192987 0.9039717 192.1241 -104.7438 251.8109
1.225895 -0.1646112 0.8678389 203.0325 -102.3316 251.8109
1.257877 -0.1279901 0.8339033 209.3302 -100.24 251.8109
1.30695 -0.07598816 0.7831221 214.8722 -98.88885 251.8109
1.351872 -0.002501831 0.732585 217.6509 -98.09496 251.8109
1.978825 2.224976 2.05656 77.28444 46.66076 -99.90665
2.289799 0.54242 -0.2605791 -230.6163 231.0959 -248.4563
2.289799 0.200379 -0.2605791 -230.6163 231.0959 -248.4563
2.289799 -0.2769159 -0.2605791 -230.6163 231.0959 -248.4563
2.289799 -1.04718 -0.2605791 -230.6163 231.0959 -248.4563
2.289799 -0.7361444 -0.2605791 -230.6163 231.0959 -248.4563
2.289799 -1.087463 -0.2605791 -230.6163 231.0959 -248.4563
2.289799 -1.299133 -0.2605791 -230.6163 231.0959 -248.4563
2.289799 -1.422668 -0.2605791 -230.6163 231.0959 -248.4563
2.289799 -1.774963 -0.2605791 -230.6163 231.0959 -248.4563
2.289799 -1.774963 -0.2605791 -230.6163 231.0959 -248.4563
2.289799 -1.774963 -0.2605791 -230.6163 231.0959 -248.4563
1.305973 -1.774963 -0.2605791 -230.6163 231.0959 -248.4563
1.069889 -1.774963 -0.2605791 -230.6163 199.5386 -248.4563
0.7215005 -1.774963 -0.2605791 -53.28045 92.42412 -248.4563
-0.2850913 -1.774963 -0.2605791 2.666122 13.50046 -248.4563
-1.20306 -1.774963 -0.2605791 16.10124 -70.88885 -246.5784
-1.71014 -1.774963 -0.2605791 54.65086 -138.0492 -204.0441
-1.648861 -1.774963 -0.2605791 57.29971 -175.5835 -151.1586
-1.196224 -1.774963 -0.2605791 52.78062 -219.8278 -103.8609
-0.6173667 -1.774963 -0.2605791 35.0707 -252.843 -56.60131
-0.1097983 -1.774963 -0.2605791 41.43711 -269.1713 -14.12803
-0.05413428 -1.774963 -0.2605791 53.90276 -269.1713 23.94831
0.3259927 -1.774963 -0.2605791 71.15467 -269.1713 62.6735
0.5965005 -1.774963 -0.1934404 80.81116 -269.1713 99.91777
0.8284341 -1.774963 0.3102217 89.28444 -269.1713 137.414
0.8062173 -1.774963 0.5550947 84.81116 -269.1713 155.9865
0.8843423 -1.774963 0.6786299 86.56688 -269.1713 176.5666
0.8623696 -1.774963 1.507243 88.8875 -236.9346 245.0934
0.8411294 -1.628967 1.581218 100.857 -221.6751 249.6811
0.9014321 -1.415344 1.626384 112.544 -206.1484 251.8109
0.8787271 -1.226623 1.425944 119.0096 -183.3774 251.8109
0.8465005 -1.075012 1.336345 133.0249 -179.614 251.8109
0.7818032 -0.9700312 1.266765 147.3455 -175.3163 251.8109
0.7647134 -0.8796991 1.268962 150.7272 -166.7285 251.8109
0.7439614 -0.7971796 1.218669 160.2844 -155.4003 251.8109
0.7366372 -0.7127069 1.166667 167.5822 -147.3163 251.8109
0.6809731 -0.6355585 1.059245 169.0096 -145.5606 251.8109
0.7007485 -0.5745234 1.036784 171.9638 -136.9499 251.8109
0.6936685 -0.4573359 1.010905 181.6051 -130.1637 251.8109
0.680729 -0.3963007 0.9396162 188.0707 -125.5377 251.8109
0.6873208 -0.3421015 0.9012861 196.0707 -124.4308 251.8109
0.6958657 -0.30133 0.8949385 204.8035 -121.4995 251.8109
0.7114907 -0.27716 0.8668623 216.0783 -116.324 251.8109
0.7222329 -0.2556757 0.8497725 227.9638 -112.1102 251.8109
0.7046548 -0.2207635 0.8632002 240.3531 -110.0797 251.8109
0.7232095 -0.1707147 0.7928877 250.8264 -105.5377 251.8109
0.7495767 -0.1060175 0.7870283 262.7806 -102.1637 251.8109
0.7879067 -0.06500183 0.7098799 269.4905 -97.82779 251.8109
0.7781411 0.000427857 0.7001143 269.6508 -94.16367 251.8109
0.8259927 -0.01055847 0.5995283 269.6508 -93.88885 251.8109
0.8867837 0.05169739 0.5062666 269.6508 -92.40794 251.8109
0.8572427 0.06658997 0.5062666 269.6508 -97.95757 251.8109
0.9041177 0.1566779 0.4249678 264.8112 -100.4919 251.8109
0.9612466 0.216004 0.3971357 261.7119 -99.75908 251.8109
1.01154 0.252381 0.3788252 262.9409 -103.2095 251.8109
1.066471 0.3349005 0.3165693 263.4905 -108.6675 251.8109
1.16071 0.4076544 0.3461103 252.315 -110.7514 251.8109
1.196598 0.4293829 0.324626 256.8264 -115.0568 251.8109
1.237858 0.5160528 0.3290205 252.9104 -117.1713 251.8109
1.29694 0.5504766 0.3075361 249.6203 -121.3163 251.8109
1.368473 0.5956427 0.3243818 244.2386 -123.7285 251.8109
1.420475 0.6464239 0.3363447 239.2005 -125.9347 251.8109
1.452458 0.6508184 0.3361006 234.1012 -132.24 251.8109
1.520329 0.6981817 0.3485518 228.3837 -135.8354 251.8109
1.569889 0.7128302 0.3805342 229.3226 -141.24 251.8109
1.507145 1.029481 0.3981123 213.8799 -149.5453 251.8109
1.365543 1.777527 0.3995771 169.0554 -172.2934 251.8109
1.879704 1.728211 0.4103193 178.2997 -185.6522 251.8109
2.007389 1.862977 0.5553389 186.8341 -154.6064 251.8109
1.819645 1.601502 0.6693525 197.7425 -151.1026 251.8109
1.656315 1.794129 0.5804853 190.1699 -162.2324 251.8109
1.717106 1.913025 0.5384932 205.5974 -169.7438 251.8109
1.621159 1.975525 0.6703291 191.5058 -166.24 251.8109
1.584782 2.122987 0.6727705 186.2768 -169.0263 251.8109
1.602604 2.147645 0.6073408 176.9104 -173.3927 251.8109
1.613346 2.174989 0.6859541 173.4982 -180.156 251.8109
1.639958 2.207703 0.7037764 175.2005 -182.1255 251.8109
1.680241 2.224976 0.7208662 182.5974 -187.7744 251.8109
1.720036 2.224976 0.741374 196.7196 -193.2858 251.8109
1.757145 2.224976 0.7699385 207.5135 -198.4461 251.8109
1.982243 2.224976 0.7972822 222.3226 -200.843 251.8109
2.165104 2.224976 0.7840986 255.5364 -201.0568 251.8109
2.160465 2.224976 0.8114424 248.6356 -201.9728 251.8109
2.23151 2.224976 0.8856611 263.0173 -209.4308 251.8109
2.287663 2.224976 0.8741865 269.6508 -218.7896 251.8109
2.118473 2.224976 1.198161 266.6203 -209.3774 251.8109
2.284 2.224976 1.200358 259.7348 -181.4995 246.3453
2.277409 2.224976 1.287761 241.1852 -175.2171 227.0781
2.289799 2.224976 1.360759 215.3837 -158.6293 205.1773
2.138248 2.224976 1.500163 181.8188 -155.3011 175.9407
2.123112 2.224976 1.713786 154.2157 -123.1179 132.0094
2.289799 -1.774963 -0.2605791 -230.6163 231.0959 -248.4563
0.7964517 -1.774963 1.266521 94.67375 -269.1713 182.2613
0.9739419 -1.774963 1.490886 98.36841 -259.927 210.6048
0.9964028 -1.774963 1.586101 122.9791 -233.7972 209.2842
1.028385 -1.774963 1.528972 121.9333 -214.9118 251.8109
0.9348794 -1.598693 1.388103 112.4677 -196.5301 251.8109
0.8987466 -1.686584 1.094646 178.6509 -217.3011 251.8109
0.5960122 -0.9426874 1.977214 152.9104 -185.2629 239.7117
0.8533364 -0.9461054 1.528239 155.7196 -161.1637 251.8109
0.7642251 -0.9243769 1.346843 166.7806 -149.5301 251.8109
0.7312661 -0.7407831 1.269206 174.689 -142.9499 251.8109
0.6880532 -0.672912 1.256022 180.6356 -135.9423 251.8109
0.6751138 -0.6250605 1.233073 187.0173 -123.9041 251.8109
0.6751138 -0.5733027 1.204997 192.9715 -111.6522 251.8109
0.6787759 -0.4080194 1.156657 196.6661 -103.2553 251.8109
0.5847817 -0.4595331 1.03239 211.1241 -96.30107 251.8109
0.6577798 -0.3047479 0.8968916 203.2234 -95.20947 251.8109
0.6096841 -0.3269647 0.9213057 208.4982 -90.3087 251.8109
0.6380044 -0.2131952 0.9220381 206.1928 -82.92702 251.8109
0.586979 -0.2239374 0.8636885 209.0402 -80.61404 251.8109
0.6128579 -0.1602167 0.8234053 205.7196 -79.3774 251.8109
0.5830728 -0.1289667 0.8026533 209.1012 -77.41557 251.8109
0.6350747 -0.06549011 0.7025557 209.231 -77.16367 251.8109
0.6218911 -0.03472839 0.6705732 212.1547 -79.82779 251.8109
0.649479 0.0578009 0.6876631 209.4371 -81.38504 251.8109
0.6934243 0.04168762 0.6488447 211.8264 -81.4232 251.8109
0.7278481 0.04827942 0.6202803 214.6051 -84.01863 251.8109
0.7503091 -0.09283386 0.5790205 224.3073 -89.78198 251.8109
0.8384439 0.2196661 0.6886396 203.5516 -82.20183 251.8109
0.8311196 0.09979309 0.5546064 220.5974 -90.69038 251.8109
0.9370767 0.2609259 0.5702314 215.6585 -93.01863 251.8109
0.9902993 0.2172247 0.607585 223.7272 -93.87358 251.8109
1.03278 0.2233283 0.6525068 230.2386 -95.77435 251.8109
1.221256 0.523377 0.7091475 213.7806 -103.0339 251.8109
1.109928 0.2372443 0.644206 216.1928 -85.48427 251.8109
1.181461 0.7223516 0.4784346 199.1928 -87.1942 251.8109
1.051823 0.9806524 0.4491377 201.4829 -108.4919 251.8109
