1.027786 -0.303189 0.8556231 -12.9584 -9.28171 36.96676
1.027542 -0.2943999 0.8602617 -12.78282 -8.884764 37.54692
1.027542 -0.289273 0.8788164 -13.28664 -8.541252 38.35608
1.041946 -0.2787749 0.8795488 -15.05 -7.671023 39.32554
1.043167 -0.2641265 0.8773516 -17.50801 -7.182473 40.32554
1.049759 -0.2521636 0.8810137 -20.26374 -6.274076 41.33318
1.060989 -0.2370269 0.8890703 -22.12634 -5.510717 41.85989
1.060013 -0.2145659 0.8898027 -23.47748 -4.709191 41.95913
1.055862 -0.206021 0.8775957 -24.66832 -4.052702 41.71486
1.061722 -0.1901519 0.8856524 -25.50038 -3.449649 40.90569
1.044388 -0.1808745 0.9105547 -26.33244 -3.510717 39.98203
1.080032 -0.1664702 0.9330156 -26.05763 -0.9152977 38.44005
1.087356 -0.1703765 0.9310625 -26.0042 -0.07560301 37.10417
1.087112 -0.1628081 0.9259356 -24.76756 0.6724885 35.37135
1.083694 -0.1488921 0.9234941 -23.51565 1.664855 33.12707
1.086868 -0.1549956 0.9327715 -21.75992 2.191573 30.85226
1.074173 -0.1535308 0.9386309 -20.72939 3.084702 28.75302
1.078567 -0.1542632 0.9503496 -19.34771 3.710657 26.76066
1.071487 -0.1623198 0.9393633 -18.90496 4.641954 24.92096
1.071976 -0.1701323 0.9313066 -19.17977 5.741191 23.24157
1.068069 -0.1733062 0.9242266 -19.30954 6.863328 21.77592
1.070755 -0.1879546 0.9256914 -19.68359 7.390046 20.75302
1.076126 -0.2045562 0.9173906 -19.88969 8.008366 19.53928
1.086868 -0.219937 0.9178789 -19.83626 8.756458 18.95913
1.086136 -0.2331206 0.8949297 -19.50801 9.176306 18.50875
1.092728 -0.2343413 0.8968828 -19.17214 9.725924 18.38661
1.100296 -0.237271 0.895418 -18.84389 10.47402 17.98966
1.096146 -0.2455718 0.8817461 -17.31717 11.29844 17.25684
1.10054 -0.2409331 0.8592852 -15.35534 11.87096 16.76066
1.090042 -0.2463042 0.8712481 -12.9126 12.19157 15.96676
1.085159 -0.2465483 0.8526934 -10.06527 12.46638 15.03547
1.067581 -0.2497222 0.8509844 -6.973664 12.90913 14.08127
1.045364 -0.2433745 0.8402422 -4.202672 13.0618 12.88279
1.03804 -0.2514312 0.8404863 -1.217939 12.93966 12.05837
1.010208 -0.2655913 0.8319414 1.018702 12.84806 11.14234
0.9916533 -0.2648589 0.8302324 3.705725 13.00073 10.40951
0.9696807 -0.2802398 0.8158281 6.278244 12.19921 10.24157
0.9523467 -0.2939116 0.8070391 8.766794 11.66485 9.882794
0.9301299 -0.3088042 0.7867754 10.9271 11.02363 10.27974
0.9140166 -0.3173491 0.7694414 13.75916 10.32134 10.54692
0.9010772 -0.3346831 0.7464921 16.55305 8.779358 11.24157
0.8871612 -0.3444488 0.7286699 19.37748 6.901496 12.21104
0.8793487 -0.3573882 0.7062089 21.0416 4.848061 13.60798
0.8703155 -0.3695952 0.6842363 21.57595 2.283175 15.53165
0.8708037 -0.3754546 0.6659257 20.85076 -0.2359084 18.10417
0.8617705 -0.3793609 0.652498 18.50725 -2.754992 20.89043
0.8654326 -0.391812 0.6393144 14.48435 -5.632855 24.47821
0.8805694 -0.3852202 0.621248 9.84313 -8.144305 28.34844
0.890335 -0.3940093 0.6173418 4.377481 -10.67866 31.9744
0.9069366 -0.3959624 0.6017168 -1.004199 -13.67102 36.30264
0.9237823 -0.39523 0.602205 -6.721756 -16.9611 40.41714
0.9452666 -0.3876616 0.6153886 -11.9355 -19.49545 44.2263
0.9635772 -0.3642241 0.6124589 -17.66069 -21.61759 47.82172
0.970169 -0.3471343 0.6253984 -23.08053 -23.77026 50.98966
0.9853057 -0.3346831 0.6454179 -28.83626 -25.8695 53.93623
0.9982451 -0.3122222 0.6717851 -33.70649 -27.21301 56.27211
1.017532 -0.2956206 0.6922929 -38.15687 -28.33515 58.31791
1.04097 -0.2726714 0.7142656 -41.33244 -29.47255 59.66905
1.051712 -0.2626616 0.7218339 -44.0958 -30.35041 60.68432
1.067093 -0.2487456 0.7391679 -46.11107 -31.15194 61.57745
0.8585967 -0.1405913 0.5074785 -58.26374 -1.831328 42.25684
0.9303741 -0.233853 0.6253984 21.8584 14.61142 -5.201176
0.9218291 -0.2480132 0.6175859 21.59122 12.67249 -3.827129
0.9235381 -0.2611968 0.6127031 19.26298 11.81753 -2.521786
0.9203643 -0.2770659 0.6078203 17.82023 10.87096 -1.12484
0.9179229 -0.2804839 0.6207597 15.72863 9.893862 0.8446255
0.904251 -0.2929351 0.633455 13.64466 9.008366 2.68432
0.8976592 -0.2987945 0.6590898 11.0645 8.405313 4.844625
0.8959502 -0.287564 0.6581132 8.415649 7.649588 7.111801
0.8935088 -0.2953765 0.68033 6.201909 7.573252 8.966763
0.8952178 -0.2939116 0.7103593 3.804962 7.962565 11.27211
0.8847198 -0.2963531 0.718416 1.606489 8.435848 13.1576
0.8808135 -0.2851226 0.7342851 0.3011451 8.863329 14.87516
0.8786162 -0.2873199 0.7506425 -0.1721377 9.031267 16.31791
0.8739776 -0.2848784 0.7574785 0.3240457 9.519817 17.26447
0.8737334 -0.2790191 0.767 0.3316793 10.22211 18.25684
0.878128 -0.2792632 0.7821367 -0.1339698 11.20684 18.95913
0.8842315 -0.2773101 0.7943437 -1.469848 11.8786 20.47058
0.8800811 -0.2721831 0.7911699 -2.866794 12.80226 21.59272
0.8832549 -0.2787749 0.8067949 -4.622519 14.00837 22.79882
0.8876494 -0.275357 0.8107012 -6.660687 15.42821 23.82173
0.8913116 -0.2731597 0.8163164 -8.630153 17.32898 24.72249
0.8988799 -0.268521 0.8146074 -10.46221 18.95493 25.83699
0.9003448 -0.2677886 0.8119219 -11.27137 20.35188 26.79882
0.8976592 -0.2604644 0.8107012 -11.40114 22.00073 27.1576
0.8991241 -0.259732 0.7836015 -11.26374 23.22211 27.73012
0.9069366 -0.2555816 0.7731035 -10.92786 24.32134 28.14234
0.8991241 -0.2536284 0.7613847 -10.55382 25.11524 28.63852
0.8988799 -0.2467925 0.7430742 -9.385878 25.74882 28.78356
0.8961944 -0.237271 0.7193925 -7.462214 26.0618 29.0202
0.8813018 -0.233853 0.7140214 -5.424046 26.18394 28.87516
0.8771514 -0.2272612 0.6883867 -3.385878 25.64959 28.65379
0.8749541 -0.2294585 0.6678789 -1.309542 25.80226 28.22631
0.8622588 -0.2309233 0.6537187 0.4919844 25.36714 27.79882
0.8634795 -0.2336089 0.6261308 1.583588 24.41295 28.11943
0.8581084 -0.2362944 0.6002519 2.011069 23.64195 28.94386
0.8610381 -0.2358062 0.5763261 1.179007 22.04653 29.65379
0.869583 -0.2370269 0.5707109 -1.714122 20.58088 31.24157
0.8803252 -0.2289702 0.5524004 -5.653053 19.46638 33.05836
0.8866729 -0.2226226 0.5379961 -11.05 17.59615 35.17287
0.8974151 -0.2150542 0.54825 -16.66069 16.16104 37.39425
0.9157256 -0.2123687 0.5375078 -22.01947 15.016 39.24921
0.9235381 -0.1982085 0.5484941 -26.30191 13.79463 40.84463
0.9301299 -0.1777007 0.5577714 -29.9813 12.64195 41.81409
0.93721 -0.1603667 0.5602129 -33.35534 11.19921 42.50111
0.9420928 -0.1501128 0.5831621 -36.05763 10.34424 42.55455
0.9484405 -0.1256987 0.6004961 -38.82862 9.451115 42.57745
0.9547881 -0.1159331 0.626375 -41.01183 8.809893 41.66905
0.9596709 -0.0942046 0.7066972 -42.38588 7.985466 37.86753
0.9657744 -0.09103077 0.7389238 -41.821 8.443481 36.51638
0.9606475 -0.09029835 0.7606523 -40.79809 9.046534 34.31028
0.9582061 -0.09273975 0.7933671 -39.15687 9.90913 32.27974
0.9594268 -0.1037261 0.812166 -36.89733 10.81753 30.11943
0.9508819 -0.112271 0.8251055 -33.69122 12.19157 28.27974
0.9491729 -0.1288726 0.8385332 -29.85916 13.84806 25.91333
0.9462432 -0.1344878 0.8487871 -25.12634 15.28317 23.81409
0.9391631 -0.146939 0.8553789 -21.0958 16.36714 21.83699
0.9350127 -0.1518218 0.8470781 -17.22557 18.00073 20.30264
0.9272002 -0.162564 0.8443926 -13.37061 19.13814 18.9744
0.9228057 -0.1652495 0.850252 -9.675955 20.42058 17.40188
0.9193877 -0.1855132 0.8319414 -6.195038 21.61905 16.46295
0.9186553 -0.1964995 0.8307207 -2.94313 22.93966 15.74539
0.9225616 -0.2069976 0.812166 -0.1797709 24.05417 15.36371
0.916458 -0.2170073 0.7980058 2.491985 25.22211 15.10417
0.9142608 -0.2289702 0.7726152 4.812595 25.97783 15.85989
0.9074248 -0.2436187 0.7442949 6.385114 26.61142 16.27974
0.9040069 -0.2519195 0.7276933 7.736259 26.87096 17.36371
0.8964385 -0.2565581 0.702791 8.65229 27.0618 18.73775
0.9022979 -0.2638824 0.6620195 8.911833 26.69539 20.50111
0.8947295 -0.2621734 0.6315019 7.667557 26.26791 22.79119
0.9022979 -0.2653472 0.6185625 5.476717 24.47401 25.22631
0.8993682 -0.2575347 0.5909746 1.95 23.00837 28.27211
0.904251 -0.2504546 0.5765703 -3.118702 21.34424 31.63089
0.9027862 -0.235562 0.5668046 -8.248473 19.77936 34.71486
0.8993682 -0.2140776 0.5677812 -13.79809 17.75646 37.69196
0.9057158 -0.1957671 0.5650957 -18.87443 16.18394 40.37135
0.9020537 -0.1686675 0.5792558 -23.79046 14.30608 42.31027
0.902542 -0.1503569 0.6012285 -28.05763 12.64195 43.89806
0.902542 -0.1281401 0.6168535 -31.29428 11.27554 44.59272
0.9105987 -0.1130034 0.6407793 -33.56908 10.04653 44.87516
0.9088897 -0.09444874 0.6642168 -34.63779 9.588518 44.31027
0.9125518 -0.07735889 0.6874101 -35.0271 9.122869 43.31791
0.9057158 -0.07223194 0.7120683 -34.23321 9.138138 41.88279
0.9135283 -0.05953662 0.73575 -32.26374 9.634321 39.9286
0.9044951 -0.05147998 0.7425859 -29.50038 10.31371 37.41714
0.9069366 -0.05221241 0.7364824 -25.17214 11.34424 34.23394
0.8988799 -0.0443999 0.7425859 -20.92786 12.19157 30.9515
0.9003448 -0.0443999 0.7408769 -16.40115 12.8786 27.77592
0.9005889 -0.04855029 0.7208574 -12.0729 13.68776 25.10417
0.9018096 -0.06319873 0.7037675 -8.256107 14.16104 22.62325
