0.748001 -0.2882964 0.5231035 -2.271374 11.34424 17.9515
0.7438506 -0.2970855 0.5289629 -4.195038 10.73356 17.82936
0.7453155 -0.3009917 0.5248125 -5.584352 10.16104 17.43241
0.7467803 -0.3161284 0.5245683 -6.973664 9.42058 17.21104
0.7592315 -0.3324859 0.5284746 -7.996565 8.794626 17.21104
0.7528838 -0.3373687 0.5248125 -8.607252 8.405313 17.44005
0.7592315 -0.3473784 0.532625 -9.05 7.573252 17.57745
0.7631377 -0.3549468 0.5348222 -8.996565 6.977832 17.89043
0.7721709 -0.3678863 0.5458086 -9.301908 6.840428 18.21104
0.7672881 -0.3617827 0.5516679 -9.439313 6.214473 18.49348
0.7682647 -0.3647124 0.5519121 -9.217939 6.183939 18.90569
0.775833 -0.3715484 0.54825 -8.790459 5.710657 19.17287
0.7731475 -0.3727691 0.557039 -8.263741 5.825161 19.34844
0.7714385 -0.3803374 0.5577714 -7.744657 5.733557 19.50875
0.7768096 -0.3747222 0.5648515 -6.996565 5.725924 19.41714
0.7807158 -0.3742339 0.5648515 -6.210305 5.703023 19.64615
0.7831573 -0.3664214 0.5641191 -5.958397 5.474015 19.44768
0.7821807 -0.3632476 0.5555742 -6.248473 5.31371 19.62325
0.7814483 -0.3637359 0.5614336 -6.744657 5.084702 19.9515
0.7895049 -0.3710601 0.5702226 -7.64542 4.939664 20.27211
0.7853545 -0.3693511 0.5575273 -8.225573 4.947298 20.43241
0.7924346 -0.3683745 0.5577714 -8.820992 5.138137 20.62325
0.7875518 -0.3612945 0.5685136 -9.530916 5.000733 21.01257
0.7907256 -0.3566558 0.5753496 -9.721756 4.878595 20.82936
0.796585 -0.3700835 0.5655839 -10.1416 4.901496 20.79882
0.7907256 -0.3581206 0.5765703 -10.65305 5.214473 20.94386
0.7990264 -0.3512847 0.5846269 -11.0271 5.367145 20.84463
0.7985381 -0.3461577 0.5834062 -11.83626 5.489283 21.03547
0.8007354 -0.3429839 0.5807207 -12.50038 5.542717 20.76066
0.798294 -0.3415191 0.5851152 -13.24084 5.832794 20.68432
0.7926787 -0.3407866 0.5834062 -13.72176 6.237374 20.05837
0.7899932 -0.334439 0.588289 -13.70649 6.260274 19.87516
0.7921905 -0.3295562 0.5970781 -13.62252 6.428214 19.29501
0.7877959 -0.3241851 0.6063554 -13.0958 6.748825 18.65379
0.7848662 -0.3134429 0.6087968 -12.53092 6.93203 17.76829
0.7799834 -0.3183257 0.6078203 -11.90496 7.008366 16.66905
0.7802276 -0.3041656 0.6151445 -11.57672 7.550352 15.67669
0.7787627 -0.299771 0.619539 -11.25611 7.703022 14.89806
0.7760772 -0.30148 0.619539 -10.89733 8.206841 13.91333
0.7692412 -0.30148 0.6293046 -10.9126 8.596153 12.75302
0.7597198 -0.3017241 0.624666 -10.32481 8.947298 11.68432
0.7702178 -0.3041656 0.6251543 -9.798092 9.313709 10.80646
0.7699737 -0.3090484 0.6202714 -9.309542 9.649588 9.760656
0.7621612 -0.3058745 0.6175859 -8.706489 10.06944 8.432412
0.7611846 -0.3224761 0.6117265 -7.958397 10.00837 7.485847
0.7606963 -0.3268706 0.6161211 -7.294275 10.1305 6.478213
0.7646026 -0.3266265 0.6087968 -6.981298 10.26027 5.844626
0.767044 -0.3261382 0.6046464 -7.523283 10.13814 5.386611
0.7704619 -0.3437163 0.6000078 -8.042367 10.1076 4.783558
0.765335 -0.3468902 0.5970781 -8.614885 10.20684 4.623253
0.7682647 -0.3566558 0.5973222 -8.904962 10.1305 4.233938
0.7621612 -0.3590972 0.5838945 -9.118702 10.07707 4.165237
0.7577666 -0.365689 0.58658 -8.85916 9.779358 3.989664
0.7565459 -0.3927886 0.5812089 -7.790458 9.527451 3.462946
0.7650908 -0.4030425 0.5773027 -7.057634 9.061802 3.485847
0.7689971 -0.4049956 0.5873125 -6.691222 9.069435 3.607985
0.7755889 -0.4147613 0.5836504 -6.591985 8.466381 3.836992
0.7616729 -0.4081695 0.5926836 -6.927863 8.351877 4.088902
0.7611846 -0.4233062 0.5856035 -5.53855 7.977832 4.088902
0.7592315 -0.4259917 0.5895097 -5.004199 7.680122 4.485847
0.7689971 -0.424771 0.5963457 -4.439313 7.412946 4.775923
0.7694854 -0.4228179 0.6031816 -4.935496 7.748825 5.333176
0.7038116 -0.5273101 0.7169511 -41.57672 -12.87713 78.73013
0.6688994 -0.2687652 0.5472734 -54.83626 0.8633282 87.74538
0.6723174 -0.2465483 0.529207 -53.36298 0.2984428 86.0202
0.6723174 -0.2245757 0.527498 -51.70649 -0.2893435 84.14997
0.6740264 -0.1994292 0.5453203 -49.81336 -0.816061 81.82172
0.669876 -0.1808745 0.5436113 -47.54618 -1.663389 79.43241
0.6813506 -0.1496245 0.5340898 -45.83626 -1.274076 78.33318
0.6535186 -0.1745269 0.5477617 -41.30191 -3.167206 73.28738
0.6847686 -0.09200733 0.5511796 -38.78283 -2.754992 70.44005
0.6764678 -0.09908741 0.563875 -36.75229 -2.915298 66.9973
0.6784209 -0.08907764 0.5685136 -32.89733 -3.258809 62.34081
0.6918487 -0.07638233 0.5851152 -30.9126 -2.800794 58.9744
0.6862334 -0.06441944 0.5836504 -28.77519 -2.327512 55.02783
0.685501 -0.05733936 0.5895097 -28.19504 -2.006901 51.066
0.6776885 -0.05245655 0.5970781 -27.9813 -1.205374 47.17287
0.6828155 -0.05270069 0.6029375 -28.04237 -0.6481222 43.73012
0.6808623 -0.07101123 0.6068437 -27.9584 -0.1366718 40.87516
0.6764678 -0.08199757 0.6097734 -28.0042 0.3289771 37.95913
0.6757354 -0.1015288 0.6031816 -27.74466 1.054168 35.37135
0.666458 -0.1142241 0.6139238 -27.1187 1.222107 33.37897
0.6713408 -0.1305815 0.6085527 -26.34008 1.496916 30.98966
0.6623076 -0.1442534 0.6139238 -25.21794 1.932031 29.05837
0.6613311 -0.157437 0.6097734 -23.98893 2.008367 27.41714
0.6645049 -0.1652495 0.6153886 -22.34008 2.084702 25.64615
0.6623076 -0.178189 0.6117265 -20.87443 2.229741 24.38661
0.6671905 -0.173062 0.6070879 -19.58435 2.382412 23.35608
0.6657256 -0.1693999 0.6124589 -18.1645 2.825161 21.53928
0.6637725 -0.1750151 0.6158769 -17.12634 2.954931 20.66905
0.6618194 -0.1693999 0.6202714 -16.32481 3.359511 19.32554
0.6630401 -0.1635405 0.6322343 -15.66832 3.31371 18.05837
0.6676787 -0.1610991 0.6297929 -15.24847 3.779359 16.98966
0.6747588 -0.1545073 0.6285722 -14.81336 4.20684 15.63089
0.6828155 -0.1415679 0.6439531 -14.80573 4.779359 14.21104
0.6784209 -0.1381499 0.6439531 -14.22557 5.20684 13.0889
0.6806182 -0.140103 0.6551836 -13.76756 6.084702 11.60798
0.6938018 -0.1371733 0.6517656 -13.53092 6.764092 10.32554
0.6920928 -0.129605 0.6573808 -13.22557 7.374778 8.722488
0.6964873 -0.1318022 0.6512773 -12.65305 7.924397 7.233939
0.6986846 -0.1293608 0.6544511 -12.17977 8.519817 5.836992
0.7069854 -0.1181304 0.6590898 -11.27901 9.054169 4.310274
0.7064971 -0.1183745 0.6607988 -10.57672 9.809893 2.569817
0.7113799 -0.115689 0.6546953 -10.03473 10.33661 0.9743977
0.7140655 -0.1149565 0.6586015 -9.530916 10.74119 -0.7660618
0.7147979 -0.1130034 0.6766679 -8.378244 11.30608 -2.155375
0.7174834 -0.1108062 0.6725175 -7.721756 12.38241 -4.208809
0.7238311 -0.1032378 0.6756914 -7.309542 13.50455 -5.628656
0.7267608 -0.1044585 0.6808183 -6.744657 13.97783 -7.369114
0.7240752 -0.09933155 0.6900957 -6.072901 15.12287 -9.491251
0.7277373 -0.096646 0.6844804 -6.210305 15.97783 -10.9798
0.7335967 -0.0954253 0.6891191 -5.530916 17.0618 -12.76606
0.7292022 -0.1005522 0.6896074 -5.584352 18.29844 -14.62866
0.7404326 -0.09371632 0.699373 -5.225573 19.64195 -16.30041
0.7443389 -0.09835499 0.6935136 -5.271374 20.77936 -17.9798
0.7470244 -0.09640186 0.6915605 -5.988932 22.1076 -19.36148
0.7536162 -0.09933155 0.6954668 -6.630153 23.25264 -20.88056
0.7545928 -0.107144 0.6908281 -7.362977 24.85569 -22.26988
0.7541045 -0.108853 0.688875 -7.675954 25.58852 -23.44545
0.7392119 -0.1237456 0.6788652 -8.286641 27.74882 -24.66683
0.7609405 -0.1403472 0.671541 -7.553817 27.84806 -25.58285
0.763626 -0.138394 0.682039 -6.843893 28.72592 -27.16301
0.7733916 -0.1349761 0.668123 -7.301908 30.0847 -28.0027
0.7699737 -0.143521 0.6588457 -5.828626 30.86333 -29.46835
0.7597198 -0.1466948 0.6456621 -4.233206 31.42821 -30.78896
0.7621612 -0.1606108 0.6434648 -1.446947 31.66485 -32.43782
0.7621612 -0.160855 0.6437089 1.194274 31.71829 -33.94926
0.7646026 -0.1737944 0.6405351 2.904198 32.65722 -35.26987
0.7768096 -0.1662261 0.638582 5.316412 32.8786 -36.62865
0.7672881 -0.1755034 0.6415117 6.644657 33.52745 -37.78133
0.7741241 -0.1757476 0.6412675 8.095037 33.93203 -39.13248
0.7699737 -0.1750151 0.6434648 8.988169 34.66486 -40.09431
0.7580108 -0.1833159 0.6446855 10.41565 34.76409 -40.90347
0.7631377 -0.1830718 0.6456621 10.70572 35.51982 -42.07904
0.7719268 -0.1899077 0.6476152 10.9958 36.8786 -42.59812
0.7724151 -0.1896636 0.638582 12.32405 37.24501 -43.43782
0.7675323 -0.1979644 0.624666 13.75153 37.27554 -44.17828
0.7765655 -0.2045562 0.6285722 15.15611 37.39005 -45.03324
0.7738799 -0.2052886 0.6227129 15.72099 38.00073 -45.55996
0.7643584 -0.2089507 0.602205 16.46145 38.29081 -46.33858
0.7609405 -0.2030913 0.593416 17.47672 37.51982 -46.97217
0.7541045 -0.2072417 0.605623 18.32405 37.45111 -47.63629
0.7582549 -0.2113921 0.5990312 19.17138 37.71066 -48.42255
0.7680205 -0.2174956 0.589998 20.03397 37.48928 -49.11721
0.7785186 -0.2133452 0.5985429 20.85076 37.60379 -49.65156
0.7838897 -0.206021 0.6000078 20.93473 37.56562 -50.33095
0.7782744 -0.2082183 0.5992754 21.34695 37.36715 -50.69736
0.7958526 -0.2040679 0.5946367 21.05687 38.0389 -51.29278
0.7968291 -0.2006499 0.5846269 20.40802 38.19921 -51.85003
0.8024444 -0.2013823 0.5795 19.69809 38.29081 -52.21645
