1.168411 0.05276806 1.182771 -14.95076 -9.09087 46.20341
1.169144 0.05350049 1.188143 -14.78282 -7.426748 44.40951
1.165726 0.05398877 1.183992 -14.13397 -6.159573 42.0431
1.166702 0.05374463 1.186678 -14.08817 -4.449649 40.1118
1.162552 0.05569775 1.192049 -14.01947 -2.87713 38.16524
1.16719 0.06058056 1.182283 -14.1645 -1.419115 36.0431
1.158157 0.05935986 1.183016 -14.78282 0.008366346 34.24921
1.164993 0.05691845 1.175936 -15.54618 1.451114 32.52402
1.163284 0.04642041 1.184969 -16.60725 2.779359 30.62325
1.159622 0.04837354 1.182039 -17.06527 4.260275 28.60035
1.164993 0.04422315 1.170076 -17.13397 5.756458 26.62325
1.164017 0.04202588 1.166902 -16.82863 7.138137 24.53928
1.155716 0.0349458 1.173982 -15.86679 8.351877 22.09653
1.157425 0.03909619 1.168367 -14.66069 9.61142 19.55455
1.155716 0.03006299 1.169344 -13.85916 10.87096 17.23394
1.15889 0.02664502 1.168855 -12.85916 12.22211 14.83699
1.167435 0.0259126 1.155916 -11.95076 13.36715 12.63089
1.165237 0.01980908 1.155184 -10.98893 14.88623 10.1805
1.164017 0.01443799 1.15616 -10.39351 15.80226 8.050733
1.156204 0.01761182 1.147371 -10.52328 17.17631 5.806458
1.159866 0.01565869 1.134676 -11.08817 18.55798 3.722488
1.150589 0.002475098 1.13492 -12.59198 19.60379 2.081266
1.157425 0.001986817 1.128572 -13.70649 20.91676 0.1270695
1.15303 -0.01095264 1.132478 -15.36298 22.74119 -1.453083
1.154007 -0.01266162 1.134676 -16.34008 24.25264 -3.017969
1.159622 -0.02853076 1.121004 -16.28664 25.83279 -4.941633
1.156937 -0.03023975 1.118318 -16.75992 27.18394 -6.567587
1.165237 -0.03585498 1.099031 -16.82099 28.23737 -7.888199
1.168655 -0.04269092 1.111482 -16.59962 29.61905 -9.246977
1.168899 -0.05196826 1.099031 -15.78283 30.64959 -10.68209
1.175491 -0.05611866 1.091951 -14.81336 31.95493 -12.03324
1.178421 -0.06148975 1.097811 -13.9813 33.14577 -13.47598
1.178665 -0.07052295 1.082918 -12.62252 34.55035 -14.92637
1.179397 -0.07638233 1.080232 -9.805725 35.74883 -16.19354
1.175491 -0.08077686 1.070955 -5.607252 36.51982 -17.68209
1.175735 -0.08956593 1.072176 -2.515649 37.64196 -19.35385
1.171585 -0.08785694 1.047762 0.2935114 38.54272 -20.52942
1.175979 -0.0798003 1.048494 2.400382 39.08471 -21.25461
1.171585 -0.07687061 1.039217 2.682825 39.9015 -22.19354
1.169388 -0.08272999 1.028963 2.896565 40.24501 -22.55995
1.171829 -0.07784717 1.041414 2.346946 40.89386 -23.01797
1.172562 -0.08028858 1.047518 1.530153 41.17631 -22.98744
1.168411 -0.07467334 1.036287 1.033969 42.33661 -23.23171
1.16304 -0.07784717 1.037019 0.09503794 42.68776 -22.98744
1.170608 -0.08272999 1.035555 -0.4087787 42.93203 -23.26988
1.175979 -0.09029835 1.035311 -0.2637405 43.32898 -22.94163
1.176224 -0.09469288 1.028475 -0.6148858 43.45111 -22.88056
1.175003 -0.09176319 1.026277 -0.683588 43.9931 -22.62866
1.174515 -0.09444874 1.020418 -0.05000019 44.24501 -22.79659
1.183792 -0.08932178 1.012117 1.041603 44.27554 -22.78133
1.185013 -0.1115386 1.011873 3.469084 43.95493 -22.63629
1.198685 -0.1152007 1.001863 5.782061 43.64196 -22.9798
1.205032 -0.1120269 0.987459 8.453817 43.25264 -22.85003
1.195999 -0.1086089 0.9659746 9.537786 41.80226 -22.62866
1.203323 -0.1134917 0.9415606 10.87366 40.38241 -21.96453
1.193069 -0.1130034 0.9359453 12.48435 38.31371 -21.63629
1.191849 -0.1130034 0.9193438 13.89656 36.60379 -20.85766
1.186233 -0.1076323 0.9134844 15.98054 34.31371 -20.62866
1.116897 -0.2162749 0.6549394 19.96527 23.00837 -18.26988
1.089798 -0.2834136 0.5785234 24.0416 17.48928 -17.55995
1.088577 -0.3664214 0.5328691 38.30878 13.90149 -16.88056
1.062698 -0.4269683 0.4706132 44.15611 8.771725 -14.48362
1.046829 -0.4235503 0.4464433 51.45382 3.275542 -11.69736
1.13472 0.05691845 1.050447 -24.23321 -17.9382 34.34844
1.124954 0.0349458 0.888582 -10.9126 -13.23591 10.44768
1.095657 0.02810986 0.9256914 -10.11107 -12.9382 9.44768
1.101517 0.03738721 0.9505938 -13.75992 -11.73209 8.920961
1.093948 0.02884229 0.9628008 -15.23321 -10.69392 8.066
1.087112 0.01858838 0.9632891 -17.23321 -10.75499 7.745389
1.096878 0.006869629 0.9762285 -18.65305 -10.60232 7.607985
1.156448 -0.008999512 0.9711016 -18.05 -8.915298 9.592717
1.170364 -0.0006987304 0.9671953 -15.21794 -8.938198 10.09653
1.190384 0.02029736 0.9669512 -13.92786 -9.067969 10.96676
1.227981 0.03470166 0.9879473 -12.19504 -8.739725 11.56218
1.253128 0.03445752 0.9925859 -10.56908 -8.312244 12.34844
1.290726 0.06717236 0.9796465 -8.828626 -8.495451 12.49348
1.301468 0.06985791 0.9801348 -8.011832 -8.472549 12.9744
1.321487 0.09109814 0.9720781 -8.927863 -8.991633 13.73012
1.312942 0.08157665 0.9696367 -9.828627 -8.922932 13.9973
1.301224 0.07840283 0.9630449 -10.92786 -8.79316 14.28737
1.286819 0.06717236 0.9569414 -12.34771 -9.006901 14.76066
1.260452 0.05374463 0.940584 -13.9355 -9.419115 15.01257
1.238724 0.04300244 0.9374102 -15.25611 -9.335145 15.03547
1.206497 0.0361665 0.9344805 -16.53092 -9.701557 15.30264
1.170608 0.03079541 0.940584 -17.97366 -9.602321 15.21104
1.133987 0.04080518 0.9454668 -19.43931 -9.800795 15.10417
1.095657 0.0530122 0.9671953 -20.46221 -9.999268 14.37898
1.078323 0.05789502 0.9947832 -20.61489 -9.77026 13.33318
1.063187 0.05594189 1.014559 -20.05 -9.197741 12.24921
1.043167 0.05911572 1.022615 -18.35534 -8.510717 10.83699
1.025101 0.06180127 1.043367 -18.89733 -7.739725 9.974397
1.002396 0.05276806 1.025057 -18.82099 -7.350412 9.172871
0.9931182 0.04764112 1.039705 -18.31717 -6.671023 8.539283
0.9755401 0.0481294 1.042391 -17.94313 -6.564153 7.959129
0.9638213 0.04837354 1.035555 -18.34008 -5.838962 7.898061
0.9599151 0.05008252 1.023836 -18.23321 -5.342779 7.417145
0.9640655 0.05325634 1.020906 -17.86679 -5.350412 7.562183
0.9669951 0.06351025 1.016268 -17.73702 -5.136672 7.592717
0.9721221 0.075229 1.015047 -17.67595 -4.884763 7.737756
0.9787139 0.07205517 0.9942949 -16.9584 -4.808428 7.87516
0.994583 0.07376416 0.9994219 -17.39351 -5.144305 8.27974
1.012649 0.06668408 1.00992 -17.92023 -5.777893 9.623252
1.029983 0.04544385 1.013338 -17.0729 -5.358046 10.37898
1.059524 0.04910596 1.029451 -15.26374 -5.09087 11.43241
1.087112 0.04837354 1.014559 -12.50038 -4.777893 12.44005
1.107132 0.08157665 1.002596 -9.164504 -5.006901 12.48585
1.120315 0.1020845 0.9811113 -6.301908 -5.380947 12.67669
1.126663 0.1355317 0.9745195 -4.515649 -5.167206 12.44768
1.133255 0.1438325 0.975252 -3.530916 -5.77026 12.19577
1.132034 0.1367524 0.9803789 -5.042367 -4.938199 12.76829
1.127151 0.1304048 0.989168 -6.233206 -4.380947 12.61562
1.120804 0.1167329 0.999666 -8.340076 -4.098504 13.56982
1.113235 0.09500439 0.9994219 -10.85153 -3.869496 14.34844
1.12471 0.06009228 0.9920977 -12.34771 -3.09087 15.18814
1.118118 0.05374463 0.9647539 -13.17214 -2.396214 15.92096
1.096146 0.05520947 0.9378984 -14.49275 -2.953466 16.76066
1.09053 0.08670361 0.9461992 -14.12634 -3.87713 17.27974
1.075394 0.08841259 0.9601152 -13.0042 -3.098504 17.22631
1.068313 0.08572704 0.9791582 -12.21031 -2.106138 16.9973
1.054153 0.0932954 0.9845293 -10.74466 -1.571786 16.69959
1.06636 0.07937939 0.9886797 -8.416412 -0.7626259 16.2034
1.075149 0.07669384 1.004793 -5.637786 0.5579848 15.34081
1.078567 0.07303174 0.9869707 -3.004199 1.099969 14.79119
1.095901 0.05667431 0.9811113 -0.09580183 1.710656 13.93623
1.10469 0.06351025 0.9884356 1.003435 1.993099 13.57745
1.106155 0.07083447 0.9767168 1.224809 2.466382 13.52402
1.088089 0.08182079 0.9649981 0.5301523 2.31371 13.1576
1.086868 0.08523876 0.9791582 0.01106834 2.161038 13.17287
1.063675 0.1067231 1.003084 -4.15687 1.733557 13.62325
1.07344 0.06936963 1.029939 -4.492748 2.596153 13.65379
1.069046 0.07547314 1.027742 -5.126336 3.840427 13.53928
1.058792 0.07693799 1.024324 -5.744657 4.359511 14.47058
1.045608 0.06839306 1.011141 -6.324809 4.619053 15.11944
1.02803 0.07327588 0.9911211 -5.256107 4.161038 15.0889
1.00972 0.08450634 0.9903887 -3.798092 4.145771 15.52402
1.011917 0.08621532 0.9901445 -3.683588 4.748825 15.98203
1.005569 0.09305126 0.990877 -1.45458 4.733557 16.10417
0.9999541 0.09793407 0.9906328 0.2629771 4.817527 15.90569
1.001907 0.1052583 1.004061 1.621755 4.512183 16.1576
1.011429 0.08157665 1.020418 3.705725 5.237374 15.72249
1.032181 0.06668408 1.027742 5.637022 6.084702 15.60035
1.050735 0.06570752 1.027254 7.018702 6.557985 15.48585
1.068069 0.08475048 1.013826 7.682825 7.428214 14.92096
1.105179 0.08890087 1.007478 7.324046 7.74119 14.74539
1.12178 0.090854 0.9957598 8.812595 8.382412 13.91333
1.142776 0.09451611 0.9899004 10.72863 9.481649 12.59272
1.137894 0.09158642 0.9671953 10.00344 10.88623 12.18814
1.122024 0.07962353 0.9398516 7.484351 9.954931 12.47058
1.134476 0.08011181 0.9278887 4.67519 9.405313 12.53165
1.161819 0.06473095 0.9222734 4.117939 9.657221 12.43241
