0.3444365 -0.1789214 0.3961504 0.6141219 -4.052702 28.0202
0.338333 -0.1850249 0.3873613 1.140839 -5.190107 27.77592
0.3419951 -0.1933257 0.3812578 1.43855 -6.235909 27.73775
0.3310088 -0.1994292 0.3873613 1.553053 -7.037435 28.17287
0.3341826 -0.2045562 0.3768632 0.9041982 -7.312244 28.33318
0.3290557 -0.202603 0.3697832 0.4232821 -8.541252 28.55455
0.322708 -0.2052886 0.3644121 -0.4393129 -9.556519 29.21104
0.3300322 -0.2118804 0.3680742 -1.202672 -10.51835 29.84463
0.3258818 -0.20773 0.3634355 -2.065267 -11.41148 30.56982
0.3256377 -0.204312 0.3707597 -2.828626 -12.81606 31.28737
0.3263701 -0.1950347 0.3710039 -3.981298 -14.13667 31.79119
0.3292998 -0.190396 0.3793046 -5.385878 -14.99927 32.28738
0.3322295 -0.1750151 0.3934648 -6.973664 -15.99927 32.68432
0.3351592 -0.1703765 0.4027421 -8.973664 -16.93056 33.17287
0.3388213 -0.1650054 0.4195879 -9.820992 -17.80843 33.30264
0.3378447 -0.157437 0.4298418 -10.74466 -18.22064 33.37897
0.3412627 -0.155728 0.4535234 -10.86679 -18.93056 32.9515
0.3537139 -0.1510894 0.4752519 -10.33244 -19.26644 32.98203
0.3600615 -0.141812 0.4955156 -10.05 -19.01453 32.45531
0.3766631 -0.1325347 0.5277421 -9.927862 -18.53362 32.11943
0.3751982 -0.1337554 0.5370195 -10.0271 -18.23591 31.66142
0.3732451 -0.127896 0.5487382 -10.49275 -17.15194 31.14234
0.3771514 -0.1181304 0.5819414 -11.0958 -16.03744 30.47821
0.3981475 -0.1181304 0.595125 -10.29428 -13.80843 29.76829
0.4001006 -0.1188628 0.5878007 -8.462214 -12.72446 28.89043
0.3891143 -0.1149565 0.5856035 -6.996565 -11.81606 27.86753
0.3842315 -0.1054351 0.5936601 -5.935496 -10.46492 26.93623
0.3874053 -0.1003081 0.5970781 -5.019465 -9.632854 26.1576
0.3952178 -0.09371632 0.5890214 -4.767557 -8.144305 25.30264
0.386917 -0.09103077 0.595125 -4.24084 -6.747359 24.39425
0.390335 -0.0876128 0.5868242 -4.004199 -5.182473 23.29501
0.3837432 -0.09737843 0.5785234 -4.263741 -4.006901 22.79119
0.3688506 -0.1020171 0.5663164 -4.790458 -2.846595 22.09653
0.3617705 -0.1181304 0.5582597 -4.973664 -2.037435 21.67669
0.3524932 -0.133023 0.541414 -4.988932 -1.587053 21.21104
0.3551787 -0.1415679 0.5143144 -4.874428 -1.266443 21.0889
0.3473662 -0.141812 0.5074785 -5.362977 -1.319878 21.28737
0.3424834 -0.1530425 0.496248 -5.75229 -1.380947 21.45531
0.35054 -0.1549956 0.4967363 -6.065268 -1.564153 21.34844
0.3422393 -0.1545073 0.496248 -6.378244 -1.671023 21.49348
0.3456572 -0.1510894 0.5025957 -6.118702 -1.449649 21.21104
0.334915 -0.1493804 0.4986894 -6.133969 -1.167206 21.01257
0.3451689 -0.1527983 0.5099199 -6.675954 -0.9534657 20.82173
0.3422393 -0.1488921 0.5099199 -7.095802 -0.6481222 20.73012
0.3439482 -0.1513335 0.5047929 -7.446947 -0.6404885 20.72249
0.2453154 -0.1684233 1.211092 85.34695 -59.18247 221.0278
0.2558135 -0.2856109 1.629793 89.30878 -33.64049 214.8294
0.2560576 -0.2834136 1.661775 94.88893 -27.23591 216.6156
0.2499541 -0.2538726 1.675936 77.82023 -21.8924 221.7377
0.2970732 -0.1681792 1.689852 86.54543 -10.83896 221.1118
0.2692412 -0.1835601 1.656893 81.33932 -2.999267 223.6309
0.2707061 -0.1127593 1.610506 78.80496 3.046535 223.8446
0.2729033 -0.1210601 1.586092 72.58359 7.893862 225.4019
0.2665557 -0.08688038 1.530916 66.19427 13.51218 225.7912
0.2475127 -0.06808155 1.504549 61.40038 18.76409 226.15
0.2118682 -0.05978076 1.475496 58.63702 22.30608 225.6996
0.1940459 -0.02804248 1.442049 55.20191 26.32898 224.0049
0.09590137 -0.03268115 1.451326 55.36221 25.58088 223.0355
0.0666045 0.02151807 1.48282 54.85839 29.53508 219.5164
0.05830371 0.04666455 1.475984 43.07977 33.89386 219.2797
0.1190947 0.0674165 1.46158 30.07977 36.66486 221.6461
0.1076201 0.04617627 1.399812 21.57595 41.56562 219.1423
0.04658496 0.05789502 1.443514 11.40038 34.9244 219.0965
0.0690459 0.04056104 1.548738 9.194275 39.43585 217.3332
0.08296192 0.06717236 1.57535 -5.607252 46.33661 219.4248
0.1322783 0.09060986 1.507478 -17.75229 52.50455 220.7988
0.1894072 0.07742627 1.401033 -42.50038 53.13814 224.6385
0.1591338 0.01785596 1.422029 -34.04237 49.26791 221.1194
0.15596 0.05984814 1.496492 -22.29428 55.32135 213.7301
0.1640166 0.06766064 1.494539 -4.019465 61.09234 208.3484
0.1095732 0.05130322 1.457918 4.064504 64.51981 204.4248
0.1332549 0.08768017 1.47867 23.41565 69.48164 199.6843
0.1127471 0.1286958 1.448885 24.8813 76.77172 196.9744
0.1051787 0.1391938 1.416658 37.46145 82.26791 192.2797
0.05171192 0.148227 1.375154 43.43092 87.98547 189.4095
0.01679981 0.1694673 1.365144 60.65992 91.22974 182.4248
-0.0415498 0.1975434 1.344881 73.24008 93.25264 175.5927
-0.03105175 0.2458833 1.35782 83.19427 98.42058 170.2568
-0.006637692 0.2629731 1.342195 81.29351 104.6725 167.5775
-0.02812207 0.2734712 1.341707 85.38512 109.9168 163.9286
-0.08207714 0.3318208 1.320955 92.36985 114.4282 158.9897
-0.03227246 0.3689301 1.276766 99.19427 115.6801 151.2034
-0.07328808 0.3957856 1.294344 95.41565 119.8481 146.3332
-0.04985058 0.4309419 1.348543 97.8584 128.2984 140.6156
-0.06474316 0.4597505 1.290926 91.98054 133.2526 138.4248
-0.05253613 0.5242036 1.285311 81.45382 136.4511 137.7072
-0.04203808 0.5080903 1.297029 73.46909 141.4282 135.2874
-0.0403291 0.6050141 1.315096 59.09504 147.0694 133.0813
-0.0337373 0.6208833 1.31949 49.28588 152.5961 130.0889
-0.034958 0.6311372 1.32535 41.22481 158.0007 127.3942
-0.01737988 0.6433442 1.328768 34.88893 163.1839 124.5087
0.004592776 0.6535981 1.328279 28.84313 168.0694 120.7607
0.04170215 0.6775239 1.310213 23.39275 173.0694 117.1958
0.1044463 0.686313 1.298738 22.41565 178.3213 110.8752
0.07905567 0.665561 1.269686 22.39275 182.1152 105.44
0.0990752 0.6323579 1.270418 27.0416 181.4587 109.4324
0.1867217 0.6479829 1.230867 32.07977 185.0618 106.9744
0.2565459 0.7187837 1.241121 36.32404 194.2145 77.9973
0.1757354 0.6623872 1.314119 48.94236 199.0313 63.93623
0.2506865 0.7439301 1.244295 46.62939 211.3595 52.24157
0.2182158 0.6514009 1.175691 57.08741 212.2145 39.58508
0.2218779 0.6401704 1.175936 66.77443 213.8175 26.46295
0.2494658 0.6089204 1.183504 76.43855 219.1381 12.25684
0.2506865 0.5976899 1.149324 83.56069 221.8633 -0.07140541
0.2423857 0.5295747 1.12491 91.43855 224.3671 -11.58285
0.2516631 0.4839204 1.104646 100.7286 227.8939 -24.16301
0.2631377 0.4216645 1.103182 106.7592 230.7259 -34.66682
0.2711943 0.3730805 1.073396 111.7744 234.4816 -43.52942
0.2665557 0.3291352 1.082674 114.2172 237.8633 -50.71263
0.2484893 0.2727387 1.064852 115.6905 241.0694 -56.18591
0.2372588 0.220981 1.05948 116.1561 244.474 -59.82713
0.2521514 0.1748384 1.042635 116.3546 247.9397 -63.11721
0.2575225 0.1438325 1.019197 118.4767 247.9397 -66.0256
0.2985381 0.1057466 0.9630449 120.3317 247.9397 -68.55996
0.3166045 0.09134228 0.9308184 122.6523 247.9397 -70.75843
0.3334502 0.09915478 0.8732012 125.3393 247.9397 -74.36148
0.3271025 0.06961377 0.7728593 126.9958 247.9397 -77.35385
0.3356475 0.05496533 0.7237871 128.6752 247.9397 -80.0256
0.3568877 0.06888134 0.6795976 127.8966 247.9397 -82.50652
0.3871611 0.08914501 0.5846269 127.9271 247.9397 -86.82713
0.388626 0.07425244 0.5223711 123.7363 247.9397 -90.10194
0.3859404 0.07547314 0.484041 125.0034 247.9397 -96.23934
0.3507842 0.08279736 0.4173906 126.95 247.9397 -103.6439
0.3224639 0.08987743 0.3697832 116.6065 247.9397 -107.9798
0.3185576 0.07376416 0.3248613 108.8126 247.9397 -112.163
0.3363799 0.05472119 0.2728593 97.56832 247.9397 -115.6668
0.3520049 -0.008999512 0.2108476 86.58359 247.9397 -117.6592
0.4018096 -0.01534717 0.1866777 74.13321 247.9397 -118.7737
0.4340362 -0.06686084 0.1859453 66.9042 247.9397 -120.5218
0.4513701 -0.06026905 0.157625 53.17137 247.9397 -120.5676
0.4770049 -0.1291167 0.1373613 44.37748 247.9397 -120.0409
0.1906279 -0.2270171 0.6449296 11.84313 -4.762626 29.22631
0.1879424 -0.08297413 0.605623 15.05687 8.428213 38.00493
0.1728057 -0.06051319 0.532625 15.69046 11.9473 36.35608
0.1750029 -0.06368701 0.5243242 15.49962 12.35951 35.76829
0.1601104 -0.0563628 0.5157793 15.65229 12.59615 35.35608
0.1520537 -0.0588042 0.4952714 14.8584 13.31371 34.62325
0.1713408 -0.06515186 0.4754961 15.0645 12.45111 34.48585
0.1776885 -0.05416553 0.4750078 13.03397 13.46638 34.34844
0.1596221 -0.07003467 0.4457109 13.79733 12.38241 34.2263
0.1605986 -0.04977099 0.4271562 13.07977 11.1534 33.89806
0.154251 -0.05367725 0.4083574 12.7897 10.25264 33.63089
0.1469268 -0.03146045 0.4037187 12.0187 8.664854 32.87516
0.1505889 -0.02731006 0.3900468 10.95763 6.779358 32.9515
0.1564482 -0.018521 0.3915117 8.217175 5.756458 32.50875
0.1623076 -0.01022022 0.3968828 5.965267 4.565619 32.50111
0.1679229 0.002719238 0.4032304 4.041603 3.138137 31.71486
0.1701201 0.01346143 0.4156816 2.499618 2.069435 31.1805
0.188919 0.02957471 0.4269121 1.575954 1.153404 29.88279
0.1772002 0.03787549 0.4352129 0.5301523 0.7717252 28.80646
