0.09687794 -0.2758452 0.3656328 -3.851527 -5.289344 30.47821
0.09858692 -0.2795074 0.3775957 -4.378244 -6.266443 30.94386
0.09590137 -0.2799956 0.3751543 -4.340076 -6.999267 31.34081
0.09761036 -0.2846343 0.3744218 -4.263741 -7.991633 31.9515
0.09956348 -0.282437 0.3780839 -4.263741 -8.831328 32.47058
0.1002959 -0.2760894 0.3778398 -4.317176 -9.777893 33.23394
0.1032256 -0.271939 0.3841875 -4.988932 -10.43438 34.16524
0.1085967 -0.2680327 0.3929765 -5.721756 -11.33515 34.79119
0.1066436 -0.2536284 0.404207 -6.004199 -11.86186 35.43241
0.1193389 -0.2465483 0.4137285 -5.782825 -12.9382 35.9973
0.1203154 -0.2326323 0.4293535 -6.607252 -13.34278 36.51638
0.1244658 -0.2162749 0.4376543 -6.94313 -13.64812 36.82936
0.1315459 -0.2082183 0.4601152 -7.996565 -13.64049 36.76066
0.1452178 -0.1867339 0.4664629 -8.523283 -13.8924 36.79119
0.1554717 -0.1711089 0.4830644 -9.553817 -13.41912 36.57745
0.1540068 -0.1606108 0.4950273 -9.935496 -13.31988 36.19577
0.1608428 -0.1471831 0.5189531 -9.927862 -13.03744 35.82172
0.1654814 -0.1493804 0.5262773 -9.500381 -12.73209 35.14997
0.1752471 -0.1344878 0.5375078 -8.790459 -11.71682 34.14233
0.1869658 -0.1860015 0.5524004 -7.576718 -10.77026 34.09653
0.1876982 -0.1193511 0.5567949 -7.340076 -10.22828 33.65379
0.1896514 -0.09981983 0.5663164 -7.889695 -8.999268 31.98203
0.182083 -0.1117827 0.5719316 -8.553817 -7.136672 30.56982
0.1879424 -0.1100737 0.5799882 -7.508016 -5.716825 29.12707
0.1869658 -0.1029937 0.5763261 -7.614886 -4.518351 28.32554
0.1779326 -0.08590382 0.5790117 -7.927863 -3.243542 27.26447
0.1864775 -0.0942046 0.574373 -8.508016 -2.342779 26.33318
0.1747588 -0.09615772 0.5792558 -8.973664 -1.045069 25.19577
0.1730498 -0.1051909 0.5609453 -8.981297 -0.3656794 24.21867
0.169876 -0.1039702 0.5624101 -9.378244 0.7717252 23.11943
0.1662139 -0.1081206 0.557039 -8.973664 1.428214 22.10417
0.1637725 -0.124478 0.5462968 -9.042366 2.489283 21.28737
0.1657256 -0.1249663 0.5470293 -9.004198 3.306077 20.35608
0.1576689 -0.1388823 0.5365312 -8.698855 3.703023 19.78356
0.1435088 -0.1493804 0.5191972 -8.43168 4.382412 19.24921
0.1513213 -0.1593901 0.5091875 -7.912596 4.725924 18.70722
0.1437529 -0.1728179 0.4933183 -7.53855 4.786993 18.47058
0.1425322 -0.1737944 0.4874589 -7.217939 4.924397 18.16524
0.1383818 -0.1864898 0.4779375 -7.141603 5.191573 18.01257
0.1291045 -0.1982085 0.4723222 -7.065267 4.954931 17.89043
0.1303252 -0.2006499 0.4613359 -6.950764 4.649588 18.39425
0.1313018 -0.2157866 0.4606035 -7.141603 4.374779 18.34844
0.1286162 -0.2172515 0.4591386 -6.530916 4.183939 18.72249
0.1315459 -0.2174956 0.451082 -6.034733 3.993099 18.81409
0.1217803 -0.2257964 0.4545 -5.408779 3.710657 19.17287
0.1273955 -0.2255522 0.451082 -4.904962 3.435847 19.066
0.1227568 -0.2255522 0.447664 -4.416412 3.038901 19.05073
0.1256865 -0.2209136 0.4579179 -4.088168 2.878595 19.40188
0.1308135 -0.2189605 0.4562089 -4.0271 2.580885 19.66142
0.1342314 -0.2221343 0.4571855 -3.843893 2.580885 19.63089
0.1391143 -0.2292144 0.4674394 -3.767557 2.046535 20.23394
0.1374053 -0.2172515 0.4601152 -4.34771 2.275542 20.62325
0.136917 -0.2196929 0.4593828 -4.897328 2.176305 21.08127
0.1405791 -0.2265288 0.4674394 -5.286641 1.970199 21.44768
0.1437529 -0.221646 0.4671953 -5.530916 2.20684 21.76829
0.1527861 -0.2270171 0.4598711 -5.362977 1.863328 22.29501
0.1552275 -0.2204253 0.4659746 -5.591985 1.764091 22.42478
0.1627959 -0.2150542 0.4654863 -5.576718 1.786992 22.91333
0.03437793 0.4866059 0.9842852 143.4691 186.329 83.1576
-0.01103222 0.490268 0.9427813 134.805 190.1229 80.43241
-0.02397168 0.4927094 0.8983477 125.95 194.474 78.05836
-0.0312959 0.4800141 0.8646563 117.8202 198.6267 75.34844
-0.02885449 0.4455903 0.8475664 111.4156 201.5427 72.95913
-0.03422558 0.427768 0.7970293 105.5912 205.4816 70.81409
-0.0403291 0.3923676 0.7208574 97.01107 207.8939 70.46294
-0.0391084 0.3642915 0.6656816 89.87366 208.2374 69.72249
-0.05082715 0.3979829 0.6129472 69.59885 210.3824 73.1118
-0.07548535 0.3240083 0.5780351 58.23244 208.4816 74.17287
-0.09404003 0.276645 0.5607011 54.45382 208.5351 76.37897
-0.1208955 0.2571137 0.5047929 55.28588 205.9168 76.66905
-0.1306611 0.2803071 0.4723222 55.19427 202.0847 78.1805
-0.1406709 0.2859223 0.4642656 56.39275 199.0313 78.67669
-0.1462861 0.3069184 0.4293535 60.52252 194.9626 77.62325
-0.1602021 0.334018 0.3968828 61.84313 190.6496 78.55455
-0.1416475 0.3528169 0.3675859 60.39275 186.3595 80.57745
-0.1265107 0.4338716 0.372957 65.20191 180.0007 78.21867
-0.1079561 0.5146821 0.3951738 65.45382 175.5275 75.73775
-0.1089326 0.5642426 0.4266679 65.30115 172.2755 72.62325
-0.08915722 0.5969575 0.4530351 65.12557 169.0389 69.60799
-0.08280956 0.655063 0.4825761 65.24008 166.0542 65.9744
-0.09721386 0.6567719 0.5428789 66.59122 163.6801 60.11944
0.04194629 0.7309907 0.5455644 65.7897 165.4435 57.98966
0.0197295 0.7637055 0.5738847 63.33168 162.9397 51.57745
-0.04472363 0.7466157 0.6527421 65.11794 163.245 41.88279
-0.03105175 0.7661469 0.6617754 63.46145 166.8633 38.94386
-0.1169893 0.7632173 0.6930254 60.2248 167.7565 35.31791
0.007278323 0.653354 0.699373 56.22481 171.8862 29.81409
0.01484668 0.6504243 0.6874101 55.69809 172.3519 22.35608
0.1471709 0.5520356 0.5753496 67.11031 180.6343 11.75302
0.1266631 0.651645 0.5682695 65.55305 179.5427 7.68432
0.1398467 0.6291841 0.5130937 56.83549 187.2145 5.226305
0.1273955 0.6660493 0.3929765 54.20954 184.4969 1.913328
0.1396025 0.6929048 0.3753984 52.53778 181.9549 -2.12484
0.09687794 0.6946137 0.3670976 47.57595 184.1839 -6.42255
0.1354522 0.7097505 0.2950761 44.04924 181.6878 -10.55232
0.1527861 0.7265962 0.2704179 38.42328 179.0847 -14.59049
0.1208037 0.6994966 0.2604082 36.98053 179.0694 -21.48362
0.1115264 0.696811 0.2423418 38.53015 175.787 -28.17827
0.1059111 0.655063 0.2179277 41.78969 172.5961 -35.20881
0.1032256 0.6333344 0.2120683 44.20954 170.2221 -42.50652
0.09980762 0.5910981 0.1940019 45.95 168.1305 -48.89584
0.1066436 0.5766938 0.1910722 46.74389 164.6572 -55.17828
0.116165 0.5359223 0.2040117 46.20954 162.8633 -60.70499
0.1117705 0.4709809 0.1815507 44.64465 161.619 -65.31568
0.123001 0.443393 0.1749589 44.91946 159.0007 -70.43782
0.1374053 0.3774751 0.1637285 45.26297 158.245 -75.36912
0.1315459 0.3386567 0.1429765 44.86603 156.6114 -78.80423
0.1029814 0.2781098 0.1344316 45.37748 153.8023 -82.45309
0.090042 0.2109712 0.1290605 44.36221 151.8404 -84.20881
0.07051075 0.153354 0.1000078 42.72099 148.6878 -84.85767
0.06318653 0.1184419 0.09341598 40.59122 145.1076 -85.09431
0.06465137 0.08328564 0.1004961 39.18664 141.1 -85.10194
0.07514942 0.028354 0.1114824 37.49962 137.8252 -84.36912
0.08247364 -0.03390186 0.1192949 36.91183 133.7412 -82.82713
0.090042 -0.05709522 0.1515214 38.55305 130.3671 -81.23934
0.1098174 -0.07613819 0.1754472 39.12557 127.4206 -79.23934
0.1190947 -0.08590382 0.2030351 40.29351 124.329 -77.44545
0.1408232 -0.09591358 0.2328203 40.77443 121.7183 -74.96454
0.16304 -0.08956593 0.2525957 41.77443 119.0236 -72.65156
0.1950225 -0.065396 0.3114336 42.68282 117.6343 -71.03324
0.2211455 -0.0443999 0.3600175 42.84313 117.5045 -69.57523
0.2521514 -0.03097217 0.3849199 45.78206 117.2832 -69.0714
0.2829131 0.001742676 0.4173906 49.36985 118.3824 -69.55232
0.3051299 0.04056104 0.43033 53.24007 120.0313 -70.8882
0.3173369 0.08792431 0.4322832 56.93473 122.0084 -72.9798
0.3341826 0.1318696 0.4220293 60.179 123.9091 -75.7737
0.3510283 0.1579927 0.4078691 63.14847 126.2832 -79.31568
0.3783721 0.1960786 0.3749101 63.82786 129.5045 -83.59049
0.3617705 0.2134126 0.3478105 67.22481 132.1 -89.16301
0.3681182 0.2463716 0.2870195 59.04924 135.9626 -90.85003
0.3473662 0.231479 0.2294023 56.28588 137.5427 -94.56759
0.3217314 0.210727 0.1756914 53.62175 137.9549 -98.7737
0.3180693 0.1833833 0.1415117 48.53015 139.329 -102.4989
0.2968291 0.156772 0.1007402 44.03397 139.4129 -105.4302
0.2917022 0.1167329 0.06118941 38.91946 138.2221 -107.8195
0.2794951 0.09842236 0.03262496 32.70572 136.3519 -109.5676
0.2704619 0.0608247 0.002595663 26.27061 133.4511 -110.6363
0.2917022 -0.002895996 -0.01083207 24.44618 130.3824 -112.0256
0.2770537 -0.03097217 -0.008146524 23.84313 126.6267 -113.9187
0.2870635 -0.05465381 0.004304647 22.33931 122.7794 -115.8882
0.2772979 -0.108853 0.03531051 20.17138 118.619 -116.5447
0.2870635 -0.1830718 0.04434371 18.43092 114.8481 -115.0714
0.2797393 -0.1774565 0.07388473 18.49962 108.9702 -114.2164
0.326126 -0.1811187 0.1395586 18.62939 106.9855 -114.3157
0.3764189 -0.1769683 0.1717851 18.18664 104.6725 -113.7966
0.4120635 -0.1808745 0.2049882 18.82023 102.2297 -114.7508
0.4496612 -0.2589995 0.2308671 23.40038 102.3366 -115.3539
0.454544 -0.2096831 0.21158 25.24771 99.06944 -114.9798
0.4672393 -0.2272612 0.2567461 28.86603 97.26027 -115.9416
0.4777373 -0.23898 0.2882402 33.40038 96.32134 -116.2241
