0.8217315 -0.2943999 0.7262285 24.09504 1.161038 -1.842398
0.8251494 -0.2961089 0.7284257 25.19428 0.6724885 -1.094305
0.846878 -0.2912261 0.7667558 25.37748 1.741191 0.2873745
0.8236846 -0.3249175 0.7535722 24.23244 6.046534 0.3789768
0.8405303 -0.2763335 0.7430742 25.30878 2.672489 1.546917
0.8358916 -0.3053863 0.7220781 23.05687 4.367145 3.585085
0.8444366 -0.313687 0.7359941 26.72099 3.886229 6.936229
0.8495635 -0.3073394 0.7489336 29.27061 3.428214 7.745389
0.853958 -0.3046538 0.7735918 31.25534 4.481649 8.707221
0.8681182 -0.303189 0.7794511 31.14084 6.199206 10.12707
0.8827666 -0.2992827 0.7704179 32.19427 6.466382 11.16524
0.888626 -0.3168609 0.7745683 35.61412 6.33661 12.42478
0.9132842 -0.2963531 0.7970293 35.65229 7.687756 13.47821
0.9193877 -0.3024566 0.7943437 37.27824 9.191572 14.85989
0.9296416 -0.3092925 0.7850664 38.98817 10.9931 16.0889
0.938919 -0.3017241 0.8006914 40.14084 11.9702 17.0431
0.9564971 -0.299771 0.810457 40.91946 13.87096 18.40188
0.9850616 -0.2970855 0.8124102 41.93473 16.16867 19.69959
1.001419 -0.2902495 0.8038652 42.94236 18.34424 20.67669
1.010208 -0.2834136 0.7984941 44.03397 20.49692 21.98966
1.026077 -0.2680327 0.8004473 43.48435 23.05417 23.46295
1.039017 -0.2301909 0.7945879 36.85839 27.31371 25.2034
1.024856 -0.2421538 0.7435625 35.80496 29.61142 26.07363
1.027786 -0.233853 0.7403886 36.9042 29.8557 26.43241
1.033157 -0.2311675 0.7408769 37.15611 32.64196 26.74539
1.039993 -0.2265288 0.7311113 38.84313 35.08471 27.0889
1.040237 -0.2192046 0.718416 38.25534 38.1305 27.63852
1.049515 -0.2170073 0.6810625 37.85076 40.13814 27.95913
1.041702 -0.2235991 0.6583574 38.53015 41.61906 28.73775
1.041214 -0.2304351 0.6456621 38.10267 43.54272 29.14997
1.030472 -0.2231108 0.6302812 37.53778 44.81753 30.26447
1.013626 -0.2287261 0.5982988 35.53015 46.07707 31.47821
0.998001 -0.2404448 0.5853593 34.85839 46.86333 32.79119
0.9909209 -0.2387358 0.5607011 33.89656 47.41295 34.0431
0.9738311 -0.2431304 0.5423906 32.62175 47.75646 35.72249
0.9503936 -0.2419097 0.5174882 30.95 47.49692 37.78356
0.940628 -0.2458159 0.5091875 28.38511 47.22211 40.03547
0.9154815 -0.2416655 0.4874589 24.93473 46.51218 42.03547
0.8376006 -0.2018706 0.515291 17.8584 43.89386 45.60799
0.8778838 -0.290982 0.5121171 20.56832 51.59615 46.66905
0.8378448 -0.211148 0.4471757 17.01107 40.8786 48.89043
0.815628 -0.2057769 0.4569414 13.58359 39.81753 51.93623
0.8031768 -0.1964995 0.4820879 9.316412 38.75646 54.56218
0.7787627 -0.1850249 0.4872148 5.201909 37.8786 56.89043
0.7660674 -0.1689116 0.4779375 0.2324424 35.58089 59.1347
0.761917 -0.1567046 0.4820879 -3.85916 33.19921 60.9973
0.746292 -0.1481597 0.4972246 -7.042367 31.42058 63.07363
0.7333526 -0.1247222 0.49283 -11.22557 30.03127 64.65379
0.7187041 -0.1161772 0.496248 -15.29428 28.36714 66.31027
0.7123565 -0.1044585 0.4955156 -17.71412 26.13814 67.21867
0.7128448 -0.08858936 0.494539 -18.38588 23.8786 67.65379
0.7064971 -0.06466358 0.5106523 -19.57672 21.84806 68.36371
0.702835 -0.05294483 0.5060136 -20.08053 20.80226 68.75302
0.6981963 -0.02657764 0.5065019 -19.59199 18.35188 68.08127
0.7038116 0.002963379 0.5082109 -19.96603 16.43585 67.69196
0.7179717 0.006625488 0.5350664 -22.14924 15.05417 66.9973
0.7255401 -0.001675293 0.5428789 -22.1874 14.16867 66.79883
0.7401885 0.02200635 0.5592363 -22.66069 13.74119 65.61562
0.737503 0.03103955 0.5670488 -22.9584 12.81753 64.79119
0.7343291 0.02420361 0.5753496 -24.40878 12.44348 63.56982
0.7624053 0.04861768 0.5870683 -25.26374 12.93966 61.60799
0.7599639 0.05569775 0.5804765 -24.0958 12.35188 59.11944
0.7816924 0.05154736 0.5643632 -23.23321 11.71829 56.60799
0.8058623 0.05789502 0.5687578 -20.81336 11.42821 53.71485
0.8166045 0.0842622 0.5594804 -18.13397 11.0847 49.11943
0.8283233 0.08694775 0.5594804 -17.79809 10.22974 46.31027
0.8334502 0.07815869 0.5455644 -17.30954 10.39768 42.76066
0.8393096 0.08108837 0.52408 -18.39351 11.04653 38.90569
0.8456573 0.08621532 0.5018632 -19.24847 8.008366 36.05836
0.8788604 -0.1752593 0.8045977 -9.233206 -14.54125 27.66142
0.7943877 -0.2240874 0.5626543 -43.65305 7.428214 27.82173
0.7829131 -0.2460601 0.5472734 -44.51565 7.481649 28.05073
0.7716826 -0.2665679 0.5182207 -45.85153 6.924397 28.64615
0.760208 -0.2748687 0.4964921 -46.12634 5.878596 29.53165
0.7499541 -0.2738921 0.4908769 -46.79809 4.725924 30.19577
0.7501983 -0.2882964 0.4718339 -46.14161 3.367145 30.45531
0.7448272 -0.2987945 0.4532793 -45.56145 1.748824 30.93623
0.7423858 -0.304898 0.4430254 -44.76756 -0.8084274 31.33318
0.7426299 -0.2992827 0.433748 -44.11107 -3.274076 31.63089
0.7292022 -0.3053863 0.4339921 -42.82863 -5.693924 31.76066
0.7387237 -0.315396 0.4266679 -41.81336 -8.197741 31.73012
0.7545928 -0.3178374 0.4269121 -41.31718 -10.78553 32.066
0.7560576 -0.3202788 0.432039 -40.26374 -13.55652 32.37897
0.7492217 -0.3271148 0.4461992 -38.16451 -15.94583 32.21104
0.7543487 -0.3329741 0.463289 -35.40878 -18.48018 31.65379
0.7565459 -0.3334624 0.4923418 -32.2103 -21.06034 31.27974
0.760208 -0.3263824 0.5204179 -29.05 -22.34278 30.31028
0.7714385 -0.3510406 0.5370195 -27.21794 -23.82369 30.34844
0.7807158 -0.3554351 0.5511796 -24.52328 -26.71683 30.74539
0.794876 -0.3573882 0.5809648 -21.56145 -28.25118 31.00493
0.798294 -0.3632476 0.622957 -17.43168 -28.48018 31.00493
0.8022002 -0.3637359 0.657625 -13.08817 -29.83896 30.86753
0.8131866 -0.3593413 0.685457 -8.851527 -30.64049 30.90569
0.8166045 -0.3559234 0.7269609 -5.103436 -30.70156 30.98966
0.8310088 -0.3319976 0.7657793 -2.424046 -29.43438 30.84463
0.8266143 -0.3161284 0.7906816 -0.2637405 -28.0298 30.84463
0.8188018 -0.266812 0.834627 -0.05763388 -26.10614 30.63089
0.8422393 -0.2592437 0.8324297 1.713358 -23.56415 28.83699
0.8510283 -0.2565581 0.827791 -0.8591604 -21.65576 29.29501
0.8537139 -0.2362944 0.8302324 -1.966031 -20.15957 28.93623
0.8563994 -0.2392241 0.8429277 -4.607252 -17.83896 29.54692
0.845169 -0.2367827 0.8497637 -7.882061 -15.39621 30.1118
0.8329619 -0.2340972 0.8297441 -9.759924 -12.80843 30.69196
0.8285674 -0.2404448 0.8290117 -11.69122 -10.19011 31.08127
0.8173369 -0.240689 0.8302324 -12.27137 -8.09087 31.57745
0.8039092 -0.2441069 0.8160723 -12.50038 -5.182473 31.45531
0.7968291 -0.2543609 0.8114336 -12.50038 -3.274076 32.51638
0.7936553 -0.2487456 0.8050859 -11.56145 -0.854229 32.69196
0.7917022 -0.2619292 0.8038652 -11.62252 1.664855 33.40951
0.7907256 -0.2558257 0.7818925 -11.46221 3.817527 33.98966
0.784378 -0.2594878 0.7735918 -12.06527 5.840428 34.76066
0.7753448 -0.2577788 0.7594316 -13.15687 7.939664 35.73012
0.7802276 -0.2594878 0.744539 -13.61489 9.283176 36.86753
0.7755889 -0.2611968 0.7254961 -14.40114 10.93966 37.62325
0.7731475 -0.27023 0.7084062 -15.0271 11.80226 38.69958
0.7655791 -0.2677886 0.6937578 -15.34008 12.87096 39.50111
0.7611846 -0.2721831 0.6581132 -15.79809 13.62669 40.33318
0.7580108 -0.2616851 0.6520097 -16.36298 13.65722 40.76829
0.7572783 -0.2607085 0.6346757 -17.9126 13.58852 42.0431
0.7526397 -0.2633941 0.6168535 -18.68359 13.24501 42.83699
0.7433623 -0.2587554 0.6095293 -19.28664 12.80226 43.55455
0.7379912 -0.2585113 0.6036699 -19.25611 12.25264 44.45531
0.7377471 -0.2506988 0.5909746 -19.1874 11.64959 45.20341
0.7399444 -0.2550933 0.5924394 -18.86679 11.0389 45.78356
0.7277373 -0.2431304 0.5812089 -18.35534 10.07707 46.0202
0.7333526 -0.237271 0.5851152 -18.59962 9.252642 46.56218
0.7299346 -0.2240874 0.5843828 -18.90496 8.779358 47.1118
0.7274932 -0.2179839 0.6024492 -18.78283 7.710657 47.44005
0.7309112 -0.2150542 0.6061113 -19.40115 7.443481 47.69958
0.7379912 -0.2062651 0.6048906 -19.56908 7.092336 47.79882
0.7472686 -0.1974761 0.6190507 -19.17214 7.031268 47.63089
0.7519073 -0.1894194 0.61783 -17.79046 6.93203 47.37135
0.7558135 -0.1881987 0.6253984 -15.1187 6.435848 46.27974
0.7655791 -0.1752593 0.6398027 -11.08817 6.443481 44.78356
0.7675323 -0.157437 0.6388261 -6.164504 6.138137 43.03547
0.7726592 -0.1466948 0.6583574 -0.4851146 6.328977 40.76829
0.7751006 -0.1325347 0.666414 5.835496 6.954932 37.93623
0.7814483 -0.1120269 0.6642168 13.15611 7.107603 35.21104
0.7819366 -0.09859913 0.657625 19.30115 7.641954 31.67669
0.7880401 -0.07125537 0.6644609 25.35458 8.573252 27.92096
0.7885283 -0.06515186 0.6720293 30.56069 9.496916 24.1347
0.7831573 -0.06612842 0.6815507 34.70572 11.1305 21.27211
0.7772979 -0.0563628 0.6612871 38.75153 12.52745 17.51638
0.7877959 -0.05685108 0.6595781 41.0187 13.61142 14.56218
0.7865752 -0.04342334 0.6376054 42.74389 14.31371 11.71486
0.793167 -0.03780811 0.6302812 43.52252 15.40531 8.737756
0.7973174 -0.04024951 0.622957 43.05687 16.16867 6.272107
0.7929229 -0.04757373 0.6092851 42.38511 16.41295 4.295008
0.7885283 -0.04806201 0.595125 40.93473 16.65722 2.753023
0.7807158 -0.05489795 0.5982988 39.43092 16.9244 0.9209614
