0.1621328 0.4537827 1.593378 4.203634 -166.5941 91.26116
0.1548086 0.5543686 1.66247 -9.865068 -160.0292 89.03216
0.1621328 0.4364487 1.652704 -15.60553 -154.075 85.87949
0.1584707 0.379564 1.654657 -10.08644 -151.8536 80.95582
0.172875 0.2831284 1.642694 5.554779 -147.4414 79.27643
0.07302148 0.4132554 1.752802 14.93646 -144.9223 77.71154
0.126 0.5643784 1.791132 7.669282 -142.0673 73.4749
0.124291 0.5153061 1.703485 -1.338351 -128.7696 58.78788
0.02516992 0.5363022 1.808954 -5.147511 -131.6704 60.4062
0.006859377 0.4935776 1.844355 -6.468122 -133.6551 62.81841
0.07766016 0.45598 1.811396 -6.452855 -123.0597 55.90238
0.04885157 0.4901597 1.834589 -10.13988 -106.2124 48.81841
-0.05319922 0.4816147 1.958368 -11.24675 -106.2124 47.49017
-0.07004492 0.4537827 1.949091 -11.09408 -101.0063 42.08559
-0.03391211 0.4410874 1.934931 -12.21621 -95.09786 40.18483
-0.05686133 0.3959214 1.94494 -13.94904 -86.38031 37.74971
-0.08933203 0.3683335 1.956415 -14.88034 -79.79252 35.78788
-0.110084 0.3549057 1.965692 -17.75056 -71.86886 34.17719
-0.106666 0.3434311 1.978876 -20.64369 -64.73908 33.49017
-0.1259531 0.3402573 1.994989 -22.06354 -56.1284 30.91002
-0.1342539 0.3026597 2.002314 -21.16278 -48.05206 28.87185
-0.1418223 0.3138901 2.016474 -20.86507 -39.21236 26.78788
-0.1489023 0.2880112 1.999384 -19.21621 -29.20473 23.85658
-0.1823496 0.2960679 2.001337 -17.19331 -20.73908 20.78788
-0.2121348 0.2921616 1.963007 -17.52156 -13.2429 18.34513
-0.2531504 0.2689682 1.927362 -15.30018 -7.02916 15.50543
-0.2526621 0.2872788 1.863153 -14.10171 -1.181832 13.00162
-0.2858653 0.2635972 1.825312 -13.94904 3.344885 12.25353
0.7114492 -0.7715591 -0.06165135 -1.155145 -118.5406 116.7268
0.8591543 -0.3264907 -0.06165135 4.363939 -204.0444 138.6963
0.8618399 -0.2830337 -0.06165135 6.241801 -214.4337 139.536
0.8579336 -0.2676528 -0.06165135 8.692183 -224.3879 139.2077
0.8535391 -0.2659439 -0.06165135 11.70745 -233.0673 137.9863
0.8486563 -0.2617935 -0.06165135 15.76089 -242.4872 137.8337
0.8413321 -0.271315 -0.06165135 19.53188 -250.6017 137.4596
0.8205801 -0.2803482 -0.06165135 23.64638 -254.2429 136.7039
0.8032461 -0.2918228 -0.06165135 27.14256 -254.2429 136.6199
0.7802969 -0.3108657 -0.06165135 30.74562 -254.2429 136.7192
0.7636953 -0.3262466 -0.06165135 33.82959 -254.2429 136.7802
0.7571035 -0.3672622 -0.06165135 36.69982 -254.2429 137.4062
0.7490469 -0.4180435 -0.06165135 40.73798 -254.2429 139.3909
0.7405019 -0.451979 -0.06165135 47.02043 -254.2429 138.4902
0.7480703 -0.4634536 -0.06165135 46.82959 -254.2429 142.2153
0.7568594 -0.4861587 -0.06165135 47.54715 -254.2429 144.8031
0.766625 -0.4698013 -0.06165135 43.44791 -254.2429 150.3986
0.803002 -0.4939712 -0.06165135 38.52425 -254.2429 155.8871
0.835961 -0.5337662 -0.06165135 34.92883 -254.2429 161.6657
0.8784414 -0.4990982 -0.06165135 28.11203 -254.2429 167.6505
0.9255606 -0.5183853 -0.06165135 21.59295 -254.2429 173.1237
0.974877 -0.5342545 -0.06165135 17.89829 -254.2429 177.3146
1.05642 -0.503981 -0.06165135 10.55478 -254.2429 182.9711
1.14016 -0.5183853 -0.06165135 5.341038 -254.2429 186.2383
1.206322 -0.4807876 -0.06165135 -1.834534 -254.2429 191.1237
1.279564 -0.5078873 -0.06165135 -6.987206 -254.2429 186.9482
1.312523 -0.4412368 -0.06165135 -13.86507 -254.2429 196.2612
1.362816 -0.5054459 -0.06165135 -18.10934 -254.2429 198.7726
1.428734 -0.5027603 -0.06165135 -21.7582 -254.2429 197.0322
1.443139 -0.4993423 -0.06165135 -25.00247 -254.2429 202.8718
1.453393 -0.563063 -0.04920018 -25.76583 -254.2429 204.2077
1.459008 -0.6136002 -0.006963849 -23.48339 -254.2429 204.2764
1.399926 -0.5425552 0.01940334 -30.32308 -254.2429 175.0016
1.559838 -0.4405044 0.1466006 -34.22385 -254.2429 184.0932
1.699242 -0.5791763 0.1661319 -24.38415 -254.2429 206.6276
1.708275 -0.6634048 0.1832217 -14.94904 -254.2429 213.1772
1.720238 -0.6785416 0.2972354 -12.10171 -254.2429 211.6734
1.737328 -0.7439713 0.3541201 0.3792061 -254.2429 215.0932
1.635522 -0.6712173 0.3421572 3.844855 -254.2429 208.5131
1.702904 -0.6438736 0.4949893 7.806687 -254.2429 207.0092
1.641137 -0.5408463 0.5594424 7.379206 -254.2429 198.7344
1.589379 -0.5545181 0.6695498 17.39447 -254.2429 218.597
1.685326 -0.392897 0.930292 23.30287 -254.2429 223.9558
1.823266 -0.3921646 0.9918155 25.97463 -254.2429 238.2917
1.768334 -0.323561 1.30456 80.25707 -254.2429 205.9329
1.850121 -0.2993911 1.286737 87.69218 -254.2429 221.3528
1.845727 -0.3550552 1.45495 135.0509 -254.2429 235.1237
1.707787 0.07682958 1.800898 146.6845 -254.2429 225.9405
1.966088 0.6207748 1.822626 95.22653 -254.2429 218.8566
1.733422 0.009202629 2.006952 100.0433 -254.2429 236.1085
1.706811 0.1967026 2.000605 106.9975 -254.2429 248.4902
1.67849 0.1395737 2.024286 123.2189 -254.2429 245.9253
1.531518 0.3773667 2.209589 136.0586 -254.2429 227.7726
1.434594 0.3839585 2.295282 141.112 -254.2429 214.3757
1.310326 0.9020248 2.558466 124.3487 -254.2429 218.3833
1.223656 0.3741929 2.296015 140.509 -254.2429 190.9329
1.128686 0.7169662 2.462763 151.6387 -254.2429 170.4825
1.047387 1.233568 2.714716 115.6464 -254.2429 201.8566
1.013695 0.8776108 2.515497 86.53188 -254.2429 173.6352
0.8716055 0.8090073 2.527704 82.90592 -254.2429 174.0092
0.8442617 0.9269272 2.575556 70.86012 -249.5712 168.5818
0.7270742 0.9349838 2.592157 60.45554 -232.8765 162.8413
0.6906972 0.8876205 2.562616 45.34104 -229.1589 166.307
0.6906972 0.9374252 2.538935 26.44028 -200.2658 165.9863
0.674584 1.008226 2.617792 22.80669 -168.8689 142.368
0.6404043 1.056078 2.861933 7.570045 -152.0368 134.3604
0.5534902 0.9991928 2.80578 -13.51392 -128.5559 130.1619
0.3803945 1.007249 2.857294 -32.74293 -124.3421 111.8566
0.2148672 0.9518295 2.848017 -51.88797 -120.1284 96.97872
0.4746328 0.8043686 2.901728 -29.41469 -125.8154 76.11613
0.4912344 0.9974838 2.998407 -32.63606 -87.41084 70.69627
0.2741933 1.109544 3.122919 -71.033 -69.51008 83.2688
0.2385488 1.00432 3.207636 -71.47575 -49.22763 77.55124
0.1352773 0.7797104 3.18664 -43.60553 -56.3345 79.02452
0.05812891 0.765062 3.065546 5.371572 -64.73145 66.35277
0.03249414 0.8746811 3.011347 25.62348 -73.95283 46.63521
0.1980215 0.9591537 2.839228 23.82959 -48.41847 47.76498
0.1579824 0.8722397 2.726435 15.03569 -12.1742 44.223
0.004662111 0.8739487 2.726191 5.760885 -10.1742 37.3833
0.02639063 0.8690659 2.662958 0.2036335 -8.30397 30.32986
0.03200586 0.7977768 2.632441 3.150198 6.550992 23.3375
-0.03513281 0.7687241 2.62414 6.768519 14.26855 17.28406
-0.0524668 0.725267 2.590204 6.585313 15.45175 13.07032
-0.03757422 0.6884018 2.532099 6.722717 24.52046 7.230626
-0.05271094 0.6573959 2.516474 6.226534 34.65023 1.978718
-0.07663672 0.6163803 2.492792 5.760885 39.30672 -2.670137
-0.09006445 0.5885483 2.460566 7.486076 43.94794 -6.853343
-0.1020273 0.5465561 2.441767 7.966992 47.87924 -11.14342
-0.103248 0.5629135 2.33288 -2.544458 51.24565 -15.28082
-0.08957617 0.4777085 2.380487 -3.773466 61.7113 -19.5022
-0.5920176 0.1002671 1.371454 10.60058 1.787633 -3.922046
-0.5888438 0.0997788 1.360468 5.310504 2.833435 0.74971
-0.6052012 0.1378647 1.391718 9.539512 0.7494655 0.4978015
-0.5627207 0.1241929 1.386835 10.66928 3.909771 -2.196855
-0.5776133 0.1271225 1.39245 13.34104 4.192213 -2.670137
-0.5575938 0.126146 1.389032 14.2876 6.764732 -4.212122
-0.5654063 0.122728 1.376093 14.3334 8.604427 -4.769374
-0.5873789 0.121019 1.368036 13.2876 9.58916 -4.929679
-0.6003184 0.1068589 1.352167 11.08913 11.45939 -5.03655
-0.6337656 0.1271225 1.344843 7.188366 11.86397 -3.532732
-0.6254649 0.1432358 1.352655 3.783786 11.98611 -2.677771
-0.596168 0.2452866 1.318231 -9.804 12.60443 3.123756
-0.5436778 0.03288427 1.328485 0.6692824 16.59679 -3.563267
-0.4494395 0.1478745 1.267694 -0.9414044 10.52046 4.123756
-0.4443125 0.08781591 1.269159 -18.72766 18.79527 3.421466
-0.6218028 0.1771714 1.379022 8.035695 16.21511 -5.647236
-0.577125 0.2269761 1.334833 -1.704763 13.86397 -1.16632
-0.5942149 0.1449448 1.414911 9.363939 20.26855 -10.69304
-0.6393809 0.1566636 1.434687 19.44028 14.54336 -9.830443
-0.5898203 0.167894 1.410273 19.47844 21.95557 -15.72357
-0.610084 0.1905991 1.402948 15.04333 23.6655 -14.65487
-0.5627207 0.1708237 1.364618 10.23417 23.26855 -12.01365
-0.575416 0.1822983 1.36706 3.463176 26.33725 -10.99838
-0.5834727 0.1588608 1.353144 -0.07117558 25.45939 -8.189221
-0.6034922 0.1307847 1.345575 2.425008 27.86397 -11.40296
-0.5976328 0.1932847 1.310419 -2.880336 27.34489 -8.532733
-0.5514903 0.1500718 1.273554 -9.414687 30.86397 -9.013649
-0.5673594 0.1918198 1.255976 -11.72766 29.6655 -8.280825
-0.5680918 0.1810776 1.241083 -13.41469 30.86397 -8.799909
-0.5932383 0.1862046 1.235224 -11.17805 30.34489 -10.85334
-0.6025156 0.1947495 1.216669 -11.9414 29.61206 -11.5022
-0.6198496 0.1605698 1.211298 -11.39942 30.25328 -13.76174
