0.1374053 -0.2255522 0.8888262 47.28588 16.75646 32.87516
0.1645049 -0.2126128 0.9064043 46.80496 19.71829 31.34844
0.1781768 -0.2109038 0.926668 47.68282 22.47401 29.57745
0.1815947 -0.1877105 0.9386309 46.94236 25.50455 27.98203
0.1696318 -0.179898 0.9437578 48.07977 27.42058 26.34081
0.1706084 -0.1701323 0.9542559 48.17137 30.12287 24.34844
0.1671904 -0.1593901 0.9750078 47.69809 33.1076 21.87516
0.1569365 -0.1498687 0.9740313 48.30114 36.02364 19.50875
0.16304 -0.1430327 0.9920977 49.24771 38.35951 16.82173
0.1669463 -0.141812 0.9986895 50.71336 40.79463 14.1576
0.1830596 -0.1369292 1.018953 53.48435 43.1534 11.49348
0.2001494 -0.1269194 1.03116 55.56068 46.31371 8.340809
0.2079619 -0.100064 1.043123 56.23244 49.71829 5.027832
0.2228545 -0.1215483 1.074617 60.85839 51.08471 1.569817
0.2472686 -0.08053272 1.093904 61.17138 55.33661 -0.773695
0.2682647 -0.07687061 1.115144 63.0416 59.72593 -3.834763
0.3119658 -0.03854053 1.133455 63.60649 63.79463 -7.437817
0.3373564 -0.007778809 1.144686 64.7897 68.1763 -11.65919
0.359085 0.01639111 1.177156 66.7897 72.67249 -16.66683
0.386917 0.05887158 1.199129 67.03397 77.07706 -21.43782
0.4206084 0.09549267 1.223787 70.18665 82.75645 -27.8195
0.4450225 0.1267427 1.25699 73.08741 88.51218 -33.8882
0.4801787 0.1670259 1.273103 77.00344 95.03127 -41.10957
0.4438018 0.2126802 1.308992 82.72863 101.0923 -47.43018
0.5585479 0.1555513 1.314852 96.64466 109.5885 -61.11721
0.5707549 0.2029145 1.329256 99.09504 117.245 -65.24698
0.6161651 0.2126802 1.274324 98.60649 122.0542 -68.87293
0.6601104 0.2839692 1.256014 102.6447 129.016 -75.49889
0.6491241 0.3757661 1.308992 104.7668 136.39 -91.64393
0.6645049 0.3694184 1.291902 116.7363 141.2755 -102.3462
0.7191924 0.4326509 1.286043 122.4691 149.5809 -113.8348
0.7816924 0.4514497 1.244051 125.9805 157.245 -125.1401
0.8341826 0.4834321 1.207918 127.7744 164.9549 -136.5142
0.8656768 0.5227387 1.145174 128.1332 172.0923 -148.85
0.8637237 0.5298188 1.067781 132.2782 179.4664 -163.3386
0.8703155 0.5176118 0.9703691 134.1943 186.6725 -176.6668
0.8817901 0.4912446 0.8321856 134.7363 191.932 -189.9187
0.8949737 0.4729341 0.6920488 131.1561 195.7794 -201.7126
0.9142608 0.4287446 0.5921953 125.2553 199.0007 -212.4225
0.9333037 0.3823579 0.4386308 118.179 201.2908 -222.8119
0.9425811 0.3171723 0.2818925 110.576 201.4206 -228.9951
0.932083 0.26102 0.1363847 103.6523 200.2832 -228.9951
1.142776 0.1767915 -0.04818559 95.86604 199.2297 -228.9951
0.994583 0.2268403 -0.02279496 92.25535 201.3595 -228.9951
0.8324737 0.002230957 -0.2681563 79.24008 189.932 -228.9951
0.8551787 -0.1054351 -0.4158614 78.20191 177.0084 -228.9951
0.826126 -0.1947905 -0.51425 68.58359 169.0771 -228.9951
0.8622588 -0.2939116 -0.5752852 64.7897 161.0618 -228.9951
0.8505401 -0.3554351 -0.5752852 66.33168 151.1 -228.9951
0.8283233 -0.4067046 -0.5752852 64.20191 138.8862 -228.9951
0.7909698 -0.5163238 -0.5752852 63.07977 125.0313 -228.9951
0.7846221 -0.539273 -0.5752852 61.74389 111.3824 -228.9951
0.7926787 -0.5942046 -0.5752852 61.2248 97.1076 -228.9951
0.7936553 -0.6379058 -0.5752852 58.43091 85.73356 -228.9951
0.8112334 -0.6674468 -0.5752852 56.85077 69.91676 -228.9951
0.8432158 -0.7426421 -0.5752852 47.53015 30.68012 -228.9951
0.8268584 -0.8039214 -0.5752852 44.77443 16.39005 -228.9951
0.8212432 -0.8371245 -0.5752852 42.52252 0.4205801 -228.9951
0.8529815 -0.89523 -0.5752852 38.30878 -13.0756 -228.9951
0.878128 -0.9513824 -0.5752852 34.84313 -27.20537 -228.9951
0.9152373 -0.9953277 -0.5752852 31.23244 -41.53362 -228.9951
0.9833526 -1.103482 -0.5752852 35.72099 -54.22064 -228.9951
0.9960479 -1.126431 -0.5752852 35.84313 -69.0985 -228.9951
0.9960479 -1.142544 -0.5752852 36.9271 -83.52599 -228.9951
1.013626 -1.168423 -0.5752852 38.36985 -97.99164 -228.9951
1.039017 -1.175503 -0.5752852 39.83549 -109.9229 -228.9951
1.057571 -1.176724 -0.5752852 40.65992 -124.8771 -228.9951
1.103226 -1.150601 -0.5752852 39.64465 -137.7168 -228.9951
1.140823 -1.092984 -0.5752852 31.53779 -151.129 -228.9951
1.175247 -1.064908 -0.5752852 20.34695 -159.1672 -228.9951
1.22139 -1.077603 -0.5752852 4.072137 -166.1672 -228.9951
1.237015 -1.099331 -0.5413496 -16.34008 -172.0909 -224.8348
1.28511 -1.194058 -0.4590743 -36.59962 -175.8542 -220.2164
1.307327 -1.356656 -0.3392012 -56.84389 -179.0451 -211.4149
1.32637 -1.492398 -0.2342207 -71.20267 -177.8619 -203.8806
1.323196 -1.630581 -0.1702559 -82.66068 -179.4268 -196.8424
1.255569 -1.905728 -0.08578324 -94.91259 -177.9153 -178.4225
1.234329 -1.906705 -0.002287149 -96.69122 -168.5489 -166.8195
0.9577178 -0.7936675 0.3060625 -17.55382 -26.15957 -95.68973
0.659378 -1.087124 0.376375 -35.23321 -15.56415 -83.36912
0.6510772 -1.135464 0.3348711 -31.77519 -18.0756 -79.20881
0.6464385 -1.167203 0.2853105 -28.76756 -21.76263 -74.08667
0.6515655 -1.188443 0.2543046 -26.32481 -25.71683 -68.48362
0.659378 -1.198208 0.2369707 -24.10344 -29.57179 -62.7279
0.6813506 -1.192105 0.2342851 -21.12634 -34.1214 -56.90347
0.7008819 -1.169644 0.2359941 -18.84389 -38.0756 -51.22408
0.7211455 -1.151578 0.2567461 -17.38588 -41.53362 -46.03324
0.7309112 -1.123013 0.2779863 -16.84389 -44.38858 -41.05614
0.7399444 -1.087124 0.313875 -17.20267 -46.67102 -35.87293
0.7411651 -1.059781 0.3360918 -17.9584 -47.8924 -31.09431
0.7484893 -1.029996 0.3587968 -18.80573 -48.61759 -27.22408
0.763626 -0.9994781 0.3829668 -19.63779 -49.47255 -23.20881
0.7633819 -0.9728667 0.4125078 -19.78283 -49.86186 -19.72026
0.7648467 -0.9430816 0.435457 -19.53092 -49.81606 -16.85766
0.7624053 -0.9215972 0.4447343 -19.63015 -49.15194 -14.1172
0.7665557 -0.9062163 0.4659746 -20.1874 -48.46492 -11.96453
0.7575225 -0.8749663 0.4559648 -23.06527 -47.88476 -9.246977
0.7326201 -0.8713042 0.4420488 -25.50801 -46.9611 -7.506519
0.7094268 -0.8791167 0.4203203 -23.94313 -46.79316 -5.979801
0.6979522 -0.9013335 0.3832109 -20.34008 -47.17484 -5.308046
0.7001494 -0.9206206 0.36075 -16.44695 -47.80843 -4.079039
0.7221221 -0.9494292 0.3085039 -12.62252 -49.54125 -2.811863
0.7516631 -0.9640777 0.2606523 -9.370611 -51.58705 -0.6820908
0.796585 -0.976773 0.2091386 -6.057634 -54.23591 1.485847
0.8324737 -0.9860503 0.1983964 -2.279008 -57.64812 3.775923
0.8637237 -0.9779937 0.1910722 1.774427 -60.68629 5.623252
0.8900908 -0.9550445 0.2032793 5.598855 -63.55652 7.104168
0.90596 -0.915982 0.220125 7.522519 -65.55652 8.707221
0.9201201 -0.881314 0.2547929 8.728626 -67.20538 9.836992
0.9374541 -0.8647124 0.2850664 10.23244 -67.59469 9.890428
0.9438018 -0.8341949 0.3194902 11.51488 -67.8237 9.149969
0.9711455 -0.8280913 0.3644121 13.02634 -67.17484 8.66142
0.9696807 -0.8124663 0.39908 14.00344 -65.59469 8.264473
0.9835967 -0.7956206 0.4376543 14.40802 -63.88476 7.699588
0.9870147 -0.7826812 0.4596269 12.43855 -61.22827 7.66142
0.9948272 -0.756314 0.4877031 5.240077 -57.80843 8.149969
0.9730987 -0.7577788 0.5038164 -3.920229 -53.86186 9.241572
0.9501494 -0.7746245 0.517 -13.40878 -49.25117 10.69195
0.918167 -0.8080718 0.5145586 -21.1416 -44.96873 11.89806
0.8727569 -0.8324859 0.4984453 -28.14924 -41.71682 13.58508
0.8263701 -0.8756988 0.4750078 -32.92786 -38.70156 14.71486
0.8026885 -0.9179351 0.451082 -35.29428 -36.95346 15.95913
0.7633819 -0.9482085 0.4335039 -36.61489 -35.39621 18.03547
0.7174834 -0.9538238 0.4166582 -40.44695 -35.48782 20.76829
0.6833037 -1.002896 0.4105546 -37.52328 -34.06797 22.1118
0.6693877 -1.042691 0.3751543 -36.37061 -34.01453 25.46295
0.6347198 -1.066617 0.3487871 -34.51565 -34.8466 28.16524
0.6203155 -1.074185 0.3329179 -32.49275 -36.24354 31.51638
0.5890655 -1.087613 0.3158281 -29.75229 -38.08324 34.69959
0.5648955 -1.095669 0.3033769 -27.41641 -40.73209 38.36371
0.5316924 -1.104458 0.3116777 -24.76756 -43.28171 42.18814
0.510208 -1.106412 0.3199785 -21.92786 -46.60995 46.60799
0.4967803 -1.103726 0.3251054 -19.63779 -49.38094 51.066
0.480667 -1.105191 0.3487871 -17.50038 -52.28171 55.51638
0.4760283 -1.094937 0.3753984 -14.42405 -54.80843 60.31027
0.463333 -1.084439 0.4137285 -11.1416 -57.18247 64.67669
0.4569854 -1.06564 0.4440019 -7.706489 -59.63285 69.09653
0.4582061 -1.032681 0.4796464 -4.828626 -60.78553 73.62325
0.4567412 -1.010464 0.5321367 -1.416412 -62.15957 77.37135
0.4584502 -0.9787261 0.5560625 1.430916 -62.83133 81.46294
0.4674834 -0.947232 0.5953691 4.293511 -63.15194 85.88279
0.4762725 -0.9084136 0.6302812 6.072137 -62.69392 89.75302
0.4772491 -0.8630034 0.6398027 5.568321 -62.34278 93.85989
0.480667 -0.8239409 0.6605546 5.308778 -61.77026 97.63852
0.4821319 -0.7868316 0.6852129 6.285878 -61.47255 100.9744
0.4821319 -0.7472808 0.7091386 7.927099 -59.83133 103.2568
0.4914092 -0.6945464 0.7193925 9.881298 -59.06797 105.8675
0.5319366 -0.6725738 0.7198808 13.0416 -57.19011 108.2568
0.5082549 -0.619107 0.7174394 15.12557 -55.61759 109.2645
0.4999541 -0.5871245 0.6969316 21.33168 -54.58705 107.6385
