-0.4567637 -0.07917628 0.8643741 2.432641 4.841068 -9.5251
-0.4628672 -0.08527979 0.8604678 0.9975267 1.871603 -7.723572
-0.4477305 -0.07746729 0.8734073 -0.002473235 -0.8612215 -6.105252
-0.4462656 -0.06648097 0.8738955 -1.491023 -3.609313 -4.822809
-0.4335703 -0.05085597 0.9014834 -1.69713 -6.456641 -3.677771
-0.4150156 -0.03571925 0.9305362 -3.086443 -8.143664 -2.876244
-0.4064707 -0.03278956 0.9534854 -3.315451 -10.18183 -2.395328
-0.3788828 -0.02082667 0.9908389 -3.735298 -10.95282 -2.173954
-0.3715586 -0.00227198 1.0133 -2.628428 -12.05969 -2.685404
-0.3576426 0.00163427 1.042353 -3.231481 -12.51008 -2.486931
-0.3469004 0.007737785 1.056513 -3.193313 -12.57878 -2.830442
-0.3447031 0.01701513 1.080683 -3.193313 -12.73908 -3.35716
-0.3317637 0.02214208 1.101435 -3.895603 -12.57115 -3.777008
-0.3241953 0.01823583 1.132685 -4.223847 -12.1055 -3.822809
-0.3161387 0.01603857 1.132196 -4.429955 -11.76198 -3.723572
-0.3180918 -0.002516121 1.147821 -5.254382 -10.96046 -3.876244
-0.316627 -0.005201668 1.157343 -6.086443 -9.914657 -3.25029
-0.3193125 -0.01838526 1.164179 -6.910871 -9.395573 -2.670137
-0.3356699 -0.02668604 1.16369 -7.368886 -8.708549 -2.006015
-0.3351817 -0.02204737 1.159052 -7.865068 -8.158932 -1.227389
-0.3417735 -0.02058253 1.167841 -8.07881 -8.357405 -0.4105953
-0.3412852 -0.02058253 1.165399 -7.712397 -8.365038 -0.03654957
-0.3417735 -0.008375496 1.172968 -7.216214 -8.357405 0.192458
-0.3278574 -0.005201668 1.189813 -6.437588 -8.082596 0.2077253
-0.3215098 0.002122551 1.199335 -5.132245 -8.242901 -0.1434197
-0.3024668 0.01310888 1.204706 -3.918504 -7.548244 -0.548
-0.2880625 0.01774755 1.221063 -2.605527 -6.761985 -1.257923
-0.2814707 0.02458349 1.240351 -1.055908 -5.716184 -1.95258
-0.2800059 0.02311864 1.24914 0.5700459 -4.1971 -3.006015
-0.2763438 0.03654638 1.254511 2.692183 -2.838321 -4.242656
-0.2809824 0.03703466 1.258905 4.066229 -0.7772522 -5.395328
-0.295875 0.03434911 1.23913 5.272336 0.8868699 -6.639603
-0.3005137 0.0384995 1.23498 6.608213 2.085343 -7.769373
-0.3002696 0.02385107 1.226435 8.562412 2.88687 -8.799909
-0.3049082 0.01213232 1.210077 9.501344 3.879236 -9.639604
-0.3144297 -0.008131355 1.202509 10.70745 4.833435 -9.998382
-0.325416 -0.009596199 1.184687 11.27997 5.78 -10.16632
-0.3366465 -0.02570948 1.16662 11.18837 5.421221 -9.609069
-0.3451914 -0.0264419 1.160517 9.142565 6.329618 -8.509832
-0.3547129 -0.03498682 1.14953 7.70745 6.741832 -7.532732
-0.3547129 -0.04304347 1.133661 6.554779 6.833435 -6.609068
-0.3666758 -0.05134425 1.115839 6.279969 6.176947 -5.456397
-0.3735117 -0.05280909 1.103632 6.104397 5.627328 -4.624336
-0.3681406 -0.05476222 1.100214 5.745618 5.253283 -3.76174
-0.3613047 -0.04890284 1.096308 5.776153 4.703664 -3.212122
-0.356666 -0.03083643 1.095819 6.028061 4.192213 -3.051816
-0.3500742 -0.02815089 1.104364 6.921191 3.787633 -2.906778
-0.3488535 -0.02107081 1.116327 7.165465 3.726565 -3.067084
-0.333961 -0.008131355 1.110468 6.921191 3.825801 -3.135786
-0.3307871 0.002122551 1.111933 7.821954 3.772366 -3.662504
-0.3298106 -0.003980964 1.112909 8.638748 4.031908 -4.555634
-0.3207774 0.00554052 1.115595 9.241801 4.39832 -5.135786
-0.3234629 0.01310888 1.1112 9.92119 4.619695 -5.715939
-0.3212656 0.006761223 1.108026 10.45554 4.940305 -6.303725
-0.3298106 0.00944677 1.095331 10.35631 4.963206 -6.517465
-0.3393321 0.0138413 1.073358 8.890656 5.451756 -6.525099
-0.3344492 0.009935051 1.066278 7.333405 5.39832 -6.051816
-0.3405528 -0.008863777 1.048212 5.524244 5.405954 -5.540366
-0.3420176 -0.02082667 1.043817 4.585313 5.474656 -5.212122
0.626 0.2714097 2.895624 13.40974 181.1235 -42.41059
0.8791739 0.4176499 2.512079 33.2647 246.0243 -74.16632
0.8803946 0.4117905 2.421259 33.44027 246.0243 -79.69304
0.8989492 0.3893296 2.297235 34.59295 246.0243 -85.60907
0.9006582 0.360521 2.181269 34.60058 246.0243 -90.87624
0.9070059 0.3353745 2.098017 34.25707 246.0243 -95.56326
0.912377 0.2787339 2.037958 35.50898 246.0243 -100.0671
0.9116446 0.2640854 1.894648 34.72272 246.0243 -104.4793
0.9209219 0.1942612 1.809442 33.11203 246.0243 -106.9068
0.952416 0.1610581 1.680048 32.196 246.0243 -109.4335
1.014672 0.1595932 1.572626 28.64638 246.0243 -110.4411
0.9646231 0.2093979 1.540399 20.24944 246.0243 -112.9144
0.9641348 0.0997788 1.409296 26.53188 246.0243 -117.2121
0.9265371 0.1078354 1.296991 23.66928 246.0243 -120.0671
0.8083731 0.07975927 1.201776 25.92883 246.0243 -123.1205
0.556664 0.003343254 1.23205 39.98226 246.0243 -122.3419
0.7539297 -0.1541275 0.7755069 49.83722 246.0243 -137.5938
0.3645254 -0.2188247 0.9481143 62.00516 246.0243 -127.9678
0.6255117 -0.2588638 0.4444522 75.45554 246.0243 -120.9144
0.7195058 -0.3631118 0.3211612 100.1884 246.0243 -119.1587
0.7566152 -0.2693618 0.03136623 128.2418 246.0243 -122.1434
0.6091543 -0.1143325 -0.06165135 143.6769 246.0243 -122.2656
0.7746816 1.013841 -0.06165135 62.37921 246.0243 -132.7465
0.5686269 0.3944565 -0.06165135 -28.7811 246.0243 -127.4717
0.5195547 0.1271225 0.1070498 -27.9643 246.0243 -123.861
0.5801015 0.2259995 0.2235049 -33.804 246.0243 -127.2656
0.6892324 0.2408921 0.3597354 -39.07117 246.0243 -126.7007
0.8069082 0.2809311 0.5797061 -42.52156 246.0243 -131.6167
0.9016348 0.3116929 0.6436709 -41.6666 246.0243 -135.8457
1.168969 0.3876206 0.9395694 -35.24675 246.0243 -155.6778
1.313988 0.3568589 0.8756045 -31.94904 246.0243 -165.6396
1.222924 0.3756577 1.046503 -27.38415 246.0243 -172.2045
1.371117 0.2811753 0.8912295 -22.35362 246.0243 -180.8533
1.389672 0.2491929 0.8338565 -18.67423 246.0243 -187.5404
1.39309 0.2240464 0.7249698 -19.52919 246.0243 -192.8152
1.369408 0.1671616 0.6109561 -16.05591 246.0243 -199.4488
1.365746 0.1171128 0.4893741 -15.97194 246.0243 -204.7999
1.353295 0.08220068 0.4019717 -18.26201 246.0243 -209.1892
1.203881 -0.03816065 0.21496 -25.804 246.0243 -207.5251
1.194359 -0.1660903 0.07579982 -31.91087 246.0243 -207.0289
1.087914 -0.2237075 0.03185451 -29.04064 246.0243 -206.4488
1.113305 -0.2676528 -0.05750096 -33.10171 246.0243 -207.8152
0.9909903 -0.3108657 -0.06165135 -40.63606 246.0243 -204.7312
0.974877 -0.4339126 -0.06165135 -44.52156 246.0243 -203.6091
0.9485098 -0.538649 -0.06165135 -45.94904 246.0243 -200.4946
0.8432852 -0.6192154 -0.06165135 -48.6666 246.0243 -195.4793
0.8215567 -0.6924576 -0.06165135 -48.90324 246.0243 -191.1282
0.7546621 -0.7063736 -0.06165135 -52.49866 246.0243 -184.0137
0.7392812 -0.8169693 -0.06165135 -51.53682 246.0243 -175.0289
0.7300039 -0.8391861 -0.06165135 -55.19331 246.0243 -168.9602
0.674584 -0.8064713 -0.06165135 -67.6208 242.7342 -160.9373
0.6072011 -0.7893814 -0.06165135 -93.21621 219.0777 -154.2045
0.6665273 -0.863356 -0.06165135 -116.0483 219.6579 -150.0976
0.608666 -0.9773697 -0.06165135 -134.0788 219.7495 -120.4869
0.4856191 -1.136793 -0.06165135 -151.5979 209.7724 -100.5098
0.5241933 -1.56111 -0.06165135 -125.575 180.2991 -88.90678
0.3540273 -1.698073 -0.06165135 -80.67422 190.6884 -95.86098
0.3987051 -1.297438 -0.06165135 -61.57499 189.7189 -78.76174
0.2693105 -1.194899 -0.06165135 -83.56736 165.9327 -57.80754
0.2502676 -1.131178 -0.06165135 -105.0788 156.238 -42.47166
0.07717187 -1.247145 -0.06165135 -111.8269 140.9937 -36.55563
0.1286855 -1.359938 -0.06165135 -108.6284 124.7037 -22.12815
0.09572657 -1.391432 -0.06165135 -87.30782 114.9403 -22.98311
0.08303125 -1.330885 -0.06165135 -66.36888 108.4899 -12.41823
0.01052149 -1.184157 -0.06165135 -52.59789 100.0166 5.879481
0.06765039 -1.026442 -0.06165135 -49.85743 77.90214 13.75734
0.07766016 -0.9612564 -0.06165135 -47.77346 62.15405 19.29933
0.1638418 -0.8775162 -0.06165135 -40.96431 46.71893 23.00162
0.249291 -0.7720474 -0.06165135 -42.9185 41.65023 35.4291
0.299584 -0.6902603 -0.06165135 -36.84217 24.02427 36.85658
0.3513418 -0.6438736 -0.06165135 -30.71239 15.30672 36.26116
0.4597402 -0.5547623 -0.06165135 -23.94904 7.528091 33.19246
0.5217519 -0.464186 0.04601467 -17.95667 1.505191 33.52834
0.6362539 -0.3614028 0.1497744 -15.7353 -2.754351 34.44437
0.6743398 -0.2769302 0.2659854 -20.68186 -10.96809 51.82605
0.7256094 -0.3245376 0.3008975 -15.81163 -13.51771 48.02452
0.7812734 -0.2588638 0.388544 -12.91087 -13.13603 48.20773
0.7986074 -0.207106 0.4363955 -12.02537 -14.70855 50.60467
0.8115469 -0.1582778 0.475458 -10.88034 -16.89176 51.78788
0.8305899 -0.1126235 0.4974307 -12.13224 -17.20473 52.62757
0.8479239 -0.09358057 0.5225772 -12.70476 -18.68565 53.00162
0.8703848 -0.06281886 0.5338077 -12.33835 -18.84595 53.3146
0.8987051 -0.03693995 0.5364932 -10.38415 -19.47191 52.66574
0.9035879 0.01432958 0.5267276 -9.987206 -19.14367 51.03215
0.8911367 0.07707372 0.5294131 -10.08644 -19.90702 50.63521
0.8818594 0.1224839 0.513544 -10.02537 -20.83832 48.51307
0.8706289 0.1761948 0.5167178 -10.51392 -21.86122 45.74208
0.8454824 0.204271 0.5030459 -10.45286 -23.41847 42.87185
-0.4772715 0.001390129 1.407099 1.249435 -20.36504 34.29933
-0.4533457 -0.03449854 1.421259 6.081496 -21.34977 28.07795
-0.4198985 0.09831396 1.486689 2.325771 -18.03679 27.17719
