0.3524932 -0.2821929 0.4349687 -6.660687 0.06943512 32.73775
0.3563994 -0.2690093 0.4435136 -6.332443 0.1534045 32.42478
0.3639678 -0.2533843 0.4530351 -6.508016 0.1305039 32.02783
0.3803252 -0.2402007 0.4603593 -6.72939 0.8480611 31.45531
0.3769072 -0.2331206 0.4735429 -7.118702 0.9091299 31.2034
0.3754424 -0.218228 0.4798906 -7.210306 1.687756 30.45531
0.3717803 -0.2131011 0.4911211 -6.706489 2.191573 29.33318
0.3725127 -0.2048003 0.4964921 -6.034733 2.512183 28.17287
0.3700713 -0.1928374 0.5003984 -5.45458 3.390046 26.9973
0.3617705 -0.1872222 0.5091875 -5.385878 3.993099 25.84463
0.3690947 -0.1862456 0.5108964 -5.355344 4.878595 24.51638
0.3688506 -0.1911284 0.5116289 -5.088168 5.626687 23.31027
0.3622588 -0.1901519 0.5148027 -5.057633 6.168672 22.25684
0.3676299 -0.1977202 0.5123613 -4.729389 6.840428 20.88279
0.369583 -0.2018706 0.5179765 -4.614885 7.825161 20.11943
0.3666533 -0.2211577 0.513582 -4.576717 8.840427 18.93623
0.3700713 -0.2277495 0.5050371 -4.164504 9.664854 17.91333
0.3722686 -0.2433745 0.4920976 -3.362977 10.63432 17.18814
0.3676299 -0.2541167 0.4896562 -2.111069 11.73356 16.40951
0.3686064 -0.2682769 0.4813554 -0.9889317 12.62669 15.46295
0.3605498 -0.2819488 0.4674394 0.3545799 13.32134 14.9973
0.3605498 -0.3017241 0.4457109 1.186641 13.64195 14.2034
0.3632354 -0.3183257 0.4234941 2.24771 14.07707 14.32554
0.3493193 -0.3261382 0.4044511 3.293511 14.05417 13.98203
0.3459014 -0.3407866 0.3954179 4.377481 14.05417 13.9744
0.3454131 -0.3556792 0.372957 5.400382 13.77172 13.90569
0.3419951 -0.3654449 0.3668535 6.751526 13.29844 14.27211
0.3344268 -0.3742339 0.3456132 7.385114 12.39005 14.69959
0.3307647 -0.3874175 0.3385332 7.278244 11.39768 15.22631
0.3329619 -0.3883941 0.324373 6.293511 10.56562 16.066
0.3166045 -0.3927886 0.3236406 5.27061 9.374779 17.09653
0.3136748 -0.3871734 0.3224199 4.606489 8.046534 17.86753
0.3170928 -0.4049956 0.3207109 1.751526 2.741191 21.05073
0.3170928 -0.4067046 0.3368242 0.4690838 1.214473 22.11943
0.3212432 -0.4020659 0.3468339 -1.05 -0.3122443 23.49348
0.3224639 -0.4047515 0.3666093 -2.874428 -1.342779 24.72249
0.3285674 -0.4027984 0.3880937 -4.378244 -2.671023 25.82936
0.3324736 -0.4045074 0.4110429 -5.500382 -3.464916 27.02783
0.3358916 -0.3966949 0.4393632 -6.553817 -4.022168 28.19577
0.3461455 -0.3925445 0.4588945 -7.401145 -4.671023 29.37898
0.3551787 -0.3815581 0.4918535 -7.904962 -4.777893 30.38661
0.3776397 -0.3727691 0.5204179 -8.111069 -5.182473 30.9286
0.3822783 -0.3549468 0.5406816 -8.187405 -4.671023 31.60798
0.3893584 -0.3471343 0.5650957 -8.828626 -3.587053 32.32554
0.3959502 -0.334439 0.5968339 -8.424046 -2.930565 32.52402
0.4054717 -0.3236968 0.6048906 -7.828626 -1.464916 32.1805
0.4147491 -0.304898 0.6251543 -6.759924 0.09996939 31.87516
0.4235381 -0.299771 0.6356523 -5.294275 1.557985 31.27211
0.4208526 -0.2817046 0.6495683 -4.103436 3.321343 30.56982
0.4284209 -0.2692534 0.6481035 -3.744657 4.962565 30.08127
0.425003 -0.2699859 0.6344316 -3.24084 6.786993 29.19577
0.1649932 -0.5749175 0.4833086 -37.04237 171.558 -96.0714
0.1759795 -0.549771 0.2845781 -13.1187 160.9931 -103.6592
0.1742705 -0.5360991 0.2745683 -12.40114 158.5809 -105.0867
0.1735381 -0.5180327 0.260164 -12.29428 155.3824 -106.3539
0.1750029 -0.4958159 0.2799394 -12.74466 152.2755 -107.7355
0.1935576 -0.4831206 0.2828691 -14.36298 150.6954 -109.4913
0.2143096 -0.4667632 0.2962968 -14.67595 149.2297 -111.537
0.2467803 -0.4740874 0.3148515 -13.72939 148.0007 -114.2241
0.2704619 -0.4457671 0.3536699 -12.19504 145.3442 -117.1325
0.2895049 -0.4267241 0.3932207 -11.49275 147.2603 -121.3309
0.3117217 -0.4479644 0.4105546 -11.22557 150.2908 -124.789
0.3156279 -0.4452788 0.3932207 -8.530916 150.2679 -128.8042
0.3297881 -0.4369781 0.3832109 -7.088168 150.8939 -132.8577
0.3317412 -0.454312 0.3666093 -4.950764 153.4511 -137.2546
0.326126 -0.4850738 0.2923906 -2.378244 155.5045 -141.8271
0.3173369 -0.5129058 0.2377031 -0.6530538 153.016 -144.9722
0.3393096 -0.5575835 0.2066972 0.6751909 155.1305 -150.1325
0.2892607 -0.6774566 0.2157304 0.2095418 151.2908 -151.8424
0.3146514 -0.7118804 0.03994918 1.087405 159.9626 -153.308
0.3073272 -0.6979644 -0.03402543 2.331679 145.5732 -155.2393
0.3173369 -0.7843902 -0.06307817 2.430916 142.39 -156.1554
0.3148955 -0.8498199 -0.09408402 4.201909 137.3824 -156.476
0.3031768 -0.8776519 -0.1314375 5.705725 131.5961 -156.6439
0.2917022 -0.9201324 -0.1502364 5.026336 127.2526 -156.0943
0.2829131 -0.9506499 -0.1741621 5.072137 119.7336 -154.537
0.2990264 -0.9706695 -0.2002852 2.904198 113.6496 -153.163
0.3134307 -0.9950835 -0.1988204 -0.8515267 105.9626 -150.6821
0.3334502 -1.028775 -0.1775801 -4.988932 100.642 -147.9645
0.3376006 -1.035611 -0.1502364 -6.111069 95.22974 -146.6134
0.3327178 -1.044644 -0.1297286 -7.492748 90.07706 -144.7508
0.3319854 -1.062955 -0.1026289 -8.599619 85.78699 -143.5294
0.3483428 -1.071744 -0.07430863 -9.675955 81.61142 -141.8806
0.3617705 -1.095181 -0.0518477 -11.05763 78.32134 -140.537
0.3620147 -1.105191 -0.0386641 -13.95076 75.78699 -138.9493
0.3495635 -1.13522 -0.03597856 -17.63015 72.71828 -136.7126
0.338333 -1.162808 -0.03719926 -23.40878 69.91676 -133.9416
0.3173369 -1.209195 -0.04061723 -31.47748 67.34424 -129.8271
0.3019561 -1.254117 -0.04989457 -37.46222 64.04653 -124.8577
0.2716826 -1.299039 -0.06966996 -42.96603 59.75646 -119.1325
0.2516631 -1.341519 -0.07992387 -48.52328 55.80226 -112.5523
0.2277373 -1.355923 -0.08456254 -54.22557 50.60379 -105.7508
0.2106475 -1.368863 -0.09774613 -58.9584 45.0389 -98.87293
0.2121123 -1.375943 -0.09506059 -63.90496 38.51218 -91.59049
0.2270049 -1.378384 -0.0699141 -67.66832 32.31371 -84.91873
0.2343291 -1.347623 -0.01620317 -70.69122 26.19157 -78.01797
0.2533721 -1.300503 0.04532027 -72.48512 21.14577 -72.67446
0.2697295 -1.239956 0.1256425 -72.69122 16.39005 -67.87293
0.2953643 -1.186734 0.1793535 -71.95076 13.16867 -64.42255
0.3117217 -1.107876 0.2672441 -70.70649 9.863329 -61.80423
0.3324736 -1.016568 0.3500078 -68.97366 8.878595 -60.19354
0.3725127 -0.9689605 0.4139726 -65.69885 7.50455 -60.0256
0.4137725 -0.9098784 0.4923418 -59.97367 7.672489 -61.14774
0.4481963 -0.8586089 0.543123 -54.29428 8.90913 -62.58286
0.4308623 -0.8285796 0.5826738 -47.17214 10.19921 -64.98743
0.4647979 -0.7704741 0.6083086 -37.26374 10.70302 -67.94164
0.485794 -0.7633941 0.6554277 -41.78283 15.71066 -69.30042
0.5016631 -0.7904937 0.6756914 -34.10344 18.16867 -72.8882
0.4906768 -0.8017241 0.6522539 -33.58435 22.53508 -73.51415
0.4831084 -0.8168609 0.6329668 -31.1874 25.84043 -75.28515
0.4757842 -0.8424956 0.6019609 -29.49275 27.22211 -75.46835
0.4752959 -0.8720366 0.5628984 -28.26374 28.79463 -75.68209
0.4711455 -0.9079253 0.5191972 -28.11107 29.45875 -75.41492
0.4616241 -0.9333159 0.4608476 -28.95076 28.88623 -74.14011
0.4503936 -0.9460113 0.4220293 -30.05 27.19921 -72.49889
0.4442901 -0.9657866 0.3968828 -31.85153 24.79463 -70.14011
0.4508819 -0.9743316 0.385164 -32.63015 22.49692 -68.33095
0.4762725 -0.9721343 0.372957 -33.37825 19.76409 -66.32332
0.4950713 -0.9601714 0.3873613 -33.37061 17.44348 -64.75843
0.5238799 -0.9545562 0.4017656 -32.65305 14.78699 -63.43018
0.5551299 -0.9174468 0.4281328 -31.79046 13.21447 -62.59049
0.5763701 -0.8903472 0.4654863 -29.85153 12.65722 -62.43782
0.5858916 -0.8520171 0.5079668 -26.33244 13.016 -63.14774
0.6034698 -0.8095366 0.5360429 -22.52328 13.9702 -65.04087
0.6205596 -0.7787749 0.5565507 -17.75992 15.41295 -67.23934
0.6466826 -0.7458159 0.5572832 -13.17977 17.09997 -69.90347
0.6623076 -0.7226226 0.572664 -9.088168 19.00837 -73.17065
0.6696319 -0.6964995 0.55533 -5.927863 21.00837 -76.55232
0.6725616 -0.6982085 0.5423906 -4.164504 23.45111 -80.0027
0.6652373 -0.7121245 0.5267656 -4.195038 25.28317 -82.50652
0.6530303 -0.737271 0.4679277 -4.309542 26.58852 -84.73553
0.6300811 -0.7621734 0.4156816 -3.83626 26.70302 -86.55996
0.6208037 -0.799771 0.3827226 -4.660687 26.74882 -87.81187
0.3808135 -0.5927398 0.5191972 -9.378244 7.298442 19.17287
0.3495635 -0.5693023 0.4610918 -5.813359 2.20684 27.72249
0.3478545 -0.5700347 0.4750078 -5.935496 1.489282 28.1576
0.3515166 -0.5590484 0.4794023 -6.492748 1.12287 28.60035
0.3490752 -0.5546538 0.4867265 -7.64542 1.283175 29.03547
0.3468779 -0.5453765 0.4874589 -8.149237 1.115237 29.03547
0.35054 -0.5356109 0.4972246 -8.477481 0.9396641 29.10417
0.352249 -0.5319488 0.5091875 -8.279008 0.1152368 29.26447
0.3639678 -0.5282866 0.5113847 -8.233206 0.3213434 29.12707
0.366165 -0.5317046 0.5189531 -8.042367 0.2068398 29.1347
0.37471 -0.5348784 0.5423906 -8.042367 0.7793589 28.59272
0.3668975 -0.5256011 0.5318925 -7.446947 0.8785954 28.50875
0.3659209 -0.5248687 0.544832 -7.195038 1.435847 28.24157
0.3598174 -0.532437 0.5545976 -6.889695 1.680122 28.16524
0.3656768 -0.534146 0.5572832 -6.355344 2.229741 27.82936
0.3612822 -0.5368316 0.5565507 -5.416412 2.405313 27.89043
0.367874 -0.5448882 0.5653398 -4.897328 2.985466 27.72249
