-0.04374707 -0.4640777 0.5724199 -1.271374 -38.35041 49.40951
-0.02201855 -0.631314 0.4811113 31.54542 -39.67865 52.50111
-0.07670605 -0.4279449 0.0328691 112.6828 -42.02217 33.16524
0.1488799 -0.461148 0.8202227 47.89656 -33.77789 47.77592
0.2172393 -0.3962066 0.8990801 46.56068 -31.85423 67.10417
-0.1243135 -0.3139312 0.133455 53.66756 -33.22828 50.77592
-0.08573925 -0.4213531 0.2245195 57.87366 -46.50308 53.1118
0.01655567 -0.3131988 0.2887285 33.77443 -43.10614 60.31027
0.09565723 -0.1684233 0.4242265 31.17137 -32.1214 60.1805
0.1693877 -0.1989409 0.3099687 7.629389 -37.41911 64.52402
0.2079619 -0.1039702 0.2936113 -10.21031 -34.15957 63.34081
0.2355498 -0.1864898 0.249666 -26.05 -40.99927 66.34081
0.2672881 -0.1986968 0.2591875 -40.17214 -43.01453 67.1118
0.2033232 -0.2621734 0.1109941 -32.89733 -46.99163 62.47821
0.2802275 -0.3537261 0.2472246 -57.96603 -49.79316 67.10417
0.3026885 -0.2152983 0.3500078 -56.24084 -46.91529 64.08127
0.3715361 -0.3290679 0.4332597 -62.45458 -44.41148 63.8828
0.4748076 -0.06612842 0.9808672 -79.2332 -30.78553 62.01257
0.2267607 -0.271939 0.2970293 -33.94313 -57.16721 57.27974
0.2875518 -0.2277495 0.3922441 -37.62252 -50.37331 47.75302
0.2904815 -0.216519 0.5753496 -3.637786 -48.16721 40.47821
0.2687529 -0.2585113 0.5990312 5.659923 -41.97636 35.44004
0.24971 -0.1820952 0.5846269 9.606489 -39.67865 31.01257
0.3559111 -0.2221343 0.9574297 -13.46221 -29.86186 34.51638
0.3310088 -0.3263824 1.108064 -31.36298 -18.03744 39.21104
0.2292022 -0.1620757 1.063875 -38.30954 -9.571787 29.87516
0.1110381 -0.3388335 0.9820879 -32.19504 0.443481 24.69195
0.01704395 -0.3747222 0.3312089 22.16374 -35.15957 15.35608
-0.2043916 0.05081494 0.2037675 30.24771 -27.76263 -13.69736
-0.9246064 1.765354 -0.5752852 164.034 -58.79316 -119.0027
0.4428252 -0.7211577 1.308016 64.7897 -6.648122 -43.01797
0.7145537 -0.131314 0.9247149 80.49199 -14.21301 -22.41492
0.3786162 -0.1100737 0.6046464 37.33168 9.016001 -36.79659
0.2209014 -0.3954741 0.4396074 20.61412 -3.541252 -36.26987
0.1762236 -0.2941558 0.5372636 1.011069 -2.258809 -40.50652
0.3073272 -0.4486968 0.7411211 -7.187405 -11.67102 -31.39965
0.2570342 -0.459439 0.6170976 -3.530916 -5.411481 -37.28515
0.2487334 -0.6271636 0.5599687 -15.53092 -7.258809 -32.0027
0.1840361 -0.4772613 0.4239824 -6.172138 -11.14431 -35.52942
0.1337432 -0.6298491 0.4122636 7.95 -15.46492 -36.0714
0.1452178 -0.4826324 0.4728105 -4.889695 -14.74736 -32.92637
0.02534473 -0.7729156 0.03311324 29.67519 -28.23591 -31.30805
0.04658496 -0.5656402 0.3397539 -2.843893 -24.23591 -24.40728
0.1415557 -0.5790679 0.6061113 -18.19504 -21.47255 -14.29278
0.02729785 -0.8383452 0.2088945 -1.485115 -32.13667 -10.01797
-0.09306347 -0.1928374 0.3629472 -14.08053 -36.0527 -22.53705
0.08442677 -0.3693511 0.8158281 -9.133969 -47.77026 -5.582855
-0.2200166 -0.8080718 0.1791093 70.11031 -49.44201 -29.46072
0.01045215 -0.8464019 0.720125 -7.675954 -47.09087 8.149969
0.1364287 -0.07955616 0.9332598 -35.44695 -36.69392 10.82172
0.03804004 -0.6235015 0.5548418 -32.89733 -48.43438 16.1347
-0.04350293 -0.3742339 0.359041 -64.87443 -62.57178 19.1576
0.0006865263 -0.5299956 0.5946367 -56.19504 -62.46492 17.1805
-0.0156709 -0.4428374 0.497957 -66.63015 -68.23591 22.64615
-0.09599316 -0.4115874 0.3304765 -66.85916 -65.51835 16.72249
-0.06767285 -0.4289214 0.5433671 -8.111069 1.573252 19.74539
-0.05546582 -0.4323394 0.5467851 -7.897328 1.832794 19.61562
-0.06181347 -0.431607 0.5475175 -7.515649 1.939664 19.87516
-0.0649873 -0.4352691 0.5357988 -7.149237 1.779359 19.34081
-0.06156933 -0.4338042 0.5372636 -7.164504 1.916763 19.37898
-0.06645215 -0.4362456 0.532625 -7.805725 1.870962 19.72249
-0.06425488 -0.4342925 0.5304277 -8.301908 2.099969 19.45531
-0.06083691 -0.4350249 0.5357988 -8.34771 2.092336 19.75302
-0.0703584 -0.4308745 0.5389726 -8.24084 1.50455 19.83699
-0.06547558 -0.4325835 0.5421464 -7.805725 1.687756 19.96676
-0.06425488 -0.4413726 0.5423906 -7.759924 1.52745 19.61562
-0.0649873 -0.4338042 0.5336015 -7.64542 1.863328 19.9515
-0.05693066 -0.4333159 0.5289629 -7.576718 1.672488 19.55455
-0.06571972 -0.4301421 0.5306718 -7.660687 1.748824 19.75302
-0.05815136 -0.4294097 0.5314043 -8.24084 1.870962 19.69195
-0.06791699 -0.4279449 0.5421464 -8.45458 1.756458 19.71486
-0.0637666 -0.4338042 0.539705 -8.210305 1.924397 20.01257
-0.06352246 -0.4306304 0.5328691 -8.141603 1.893863 19.82936
-0.06425488 -0.4335601 0.5367754 -7.820992 1.886229 19.68432
-0.06401074 -0.4369781 0.5367754 -7.439313 1.802259 19.45531
-0.06571972 -0.4328277 0.532625 -7.622519 1.710656 19.63089
-0.06401074 -0.4291656 0.5248125 -7.935496 1.878595 19.49348
-0.06352246 -0.4335601 0.5355546 -7.851527 1.825161 19.69195
-0.05815136 -0.4338042 0.5336015 -7.698855 1.893863 19.42478
-0.06205761 -0.4355132 0.5453203 -7.866794 1.939664 19.66905
-0.06352246 -0.4313628 0.532625 -7.805725 1.962565 19.56982
-0.06230175 -0.4279449 0.5387285 -7.691222 1.748824 19.63089
-0.06767285 -0.4303863 0.5318925 -7.744657 1.863328 19.77592
-0.06083691 -0.4284331 0.527498 -8.0271 1.672488 19.64615
-0.06156933 -0.4401519 0.5340898 -7.981298 1.840427 19.68432
-0.06156933 -0.429898 0.5384843 -8.210305 1.664855 19.92096
-0.06401074 -0.4330718 0.5340898 -8.179771 1.916763 19.85226
-0.06596386 -0.431607 0.5399492 -8.103436 2.138137 19.79119
-0.06279004 -0.4320952 0.5355546 -7.775191 1.893863 19.67669
-0.0637666 -0.4413726 0.5360429 -7.737023 1.626687 19.47821
-0.06303418 -0.4291656 0.5336015 -7.515649 1.802259 19.56218
-0.06547558 -0.4335601 0.5355546 -7.614886 1.832794 19.46295
-0.0625459 -0.4259917 0.5299394 -7.988932 1.764091 19.78356
-0.06547558 -0.4379546 0.5389726 -7.889695 1.603786 19.79119
-0.0625459 -0.4306304 0.532625 -8.202672 1.893863 19.85226
-0.06181347 -0.4333159 0.530916 -8.271374 2.000733 19.72249
-0.06156933 -0.4255034 0.5404375 -7.996565 1.893863 19.82173
-0.06474316 -0.4350249 0.5401933 -7.75229 2.161038 19.57745
-0.06230175 -0.4345366 0.5389726 -7.546184 1.939664 19.92096
-0.06108105 -0.4360015 0.5289629 -7.996565 2.016 19.54692
-0.07109082 -0.4296538 0.5379961 -8.080534 2.046535 19.65379
-0.06010449 -0.4357574 0.5284746 -8.172137 2.191573 19.85226
-0.06059277 -0.4381988 0.5350664 -7.935496 1.573252 19.76829
-0.05668652 -0.4342925 0.5423906 -8.080534 1.649588 19.69959
-0.06547558 -0.4338042 0.5379961 -7.912596 1.596153 19.69959
-0.05815136 -0.431607 0.5423906 -7.179771 1.733557 19.51638
-0.06230175 -0.4323394 0.539705 -7.111069 1.817527 19.47058
-0.06327832 -0.4350249 0.5172441 -7.75229 1.794626 19.40951
-0.05351269 -0.4340484 0.5318925 -8.179771 1.840427 19.74539
-0.05961621 -0.4306304 0.5404375 -7.958397 1.863328 19.75302
-0.06034863 -0.4355132 0.5272539 -7.805725 1.893863 19.75302
-0.06645215 -0.4401519 0.5375078 -7.94313 1.939664 19.60035
-0.06132519 -0.4320952 0.5345781 -7.607252 1.90913 19.53165
-0.06010449 -0.4320952 0.5365312 -6.988932 1.512183 19.60798
-0.06742871 -0.4330718 0.5362871 -7.759924 1.687756 19.91333
-0.05937207 -0.4272124 0.5323808 -7.996565 1.63432 19.75302
-0.06718457 -0.4362456 0.5338457 -8.248473 1.63432 19.74539
-0.06034863 -0.4328277 0.5336015 -7.920229 1.710656 19.85989
-0.05741894 -0.4267241 0.5401933 -7.591985 1.840427 19.79882
-0.06571972 -0.4425933 0.5384843 -7.439313 1.710656 19.48585
-0.06425488 -0.4328277 0.5387285 -7.64542 1.848061 19.56982
-0.06889355 -0.4350249 0.5379961 -7.782825 1.893863 19.55455
-0.06718457 -0.4294097 0.5299394 -8.0271 1.90913 19.56218
-0.06181347 -0.4235503 0.5409257 -8.179771 1.886229 19.81409
-0.06156933 -0.429898 0.5387285 -8.080534 1.825161 19.60798
-0.0625459 -0.4342925 0.5377519 -7.744657 1.939664 19.53928
-0.06669629 -0.4372222 0.5338457 -7.614886 1.542717 19.73012
-0.06547558 -0.4262359 0.5365312 -7.874428 1.695389 19.79119
-0.05888379 -0.4355132 0.5436113 -7.94313 1.863328 19.65379
-0.06669629 -0.4333159 0.5450761 -7.874428 1.947298 19.56982
-0.05961621 -0.4381988 0.5382402 -7.874428 1.977832 19.70722
-0.06669629 -0.4372222 0.5343339 -7.767557 1.962565 19.56218
-0.06596386 -0.4391753 0.5265214 -7.920229 2.069435 19.76066
-0.06352246 -0.4369781 0.5357988 -7.851527 1.741191 19.76829
-0.06181347 -0.4311187 0.5409257 -7.874428 1.878595 19.84463
-0.06156933 -0.4320952 0.5409257 -7.668321 1.725924 19.67669
-0.06669629 -0.4364898 0.5345781 -7.53855 1.596153 19.58508
-0.066208 -0.4377105 0.5458086 -7.775191 1.565618 19.63852
-0.06571972 -0.4384429 0.5279863 -7.866794 1.924397 19.79882
-0.05937207 -0.4325835 0.5323808 -8.080534 1.977832 19.51638
-0.06669629 -0.4384429 0.5399492 -7.927863 1.90913 19.50875
-0.06205761 -0.4338042 0.5294511 -7.775191 1.687756 19.41714
0.0233916 -0.2821929 0.5028398 -7.912596 1.603786 19.87516
0.02314746 -0.2804839 0.4913652 -8.057633 1.886229 19.84463
0.01924121 -0.2846343 0.4955156 -8.065268 1.725924 19.87516
0.02265918 -0.2860991 0.48575 -8.118702 1.954931 19.70722
0.01924121 -0.2863433 0.4889238 -8.019465 2.267909 19.50875
0.02925098 -0.2865874 0.48575 -8.004199 1.848061 19.74539
0.02778614 -0.2856109 0.4994218 -7.775191 2.107603 19.65379
0.01460254 -0.284146 0.5030839 -8.065268 1.970199 19.34081
