0.8098794 0.5590216 0.7789717 156.2157 -20.42321 251.8109
0.8150064 0.5368048 0.7418623 148.1394 -21.46137 251.8109
0.8154946 0.5516973 0.701335 136.1318 -22.90412 251.8109
0.8211099 0.5448614 0.6429853 125.4142 -26.86596 251.8109
0.849186 0.5236212 0.616374 114.6203 -32.04916 251.8109
0.8860513 0.5326544 0.5870771 108.2386 -36.82015 251.8109
0.9229165 0.5648809 0.5897627 101.0096 -42.25527 251.8109
0.9605142 0.5612188 0.5621748 96.32262 -48.11023 251.8109
1.001774 0.5961309 0.5253096 94.78825 -55.72092 251.8109
1.075016 0.6381231 0.5177412 92.06306 -63.31634 251.8109
1.123112 0.6469122 0.5321455 86.29208 -74.01099 251.8109
1.069401 0.7763067 0.6107588 91.3455 -75.18657 251.8109
1.233952 0.7597052 0.5592451 106.3379 -85.64458 251.8109
1.231266 0.8698126 0.6122236 102.6967 -93.56061 251.8109
1.305241 0.9120489 0.6127119 109.7501 -98.43848 251.8109
1.338932 1.006043 0.6573896 114.7043 -105.782 251.8109
1.649723 2.224976 1.273845 219.7119 -31.20947 121.3529
2.289799 2.224976 0.1263838 -184.9675 103.1493 -248.4563
2.289799 1.948426 0.05289745 -190.4636 100.3096 -248.4563
2.289799 1.697693 0.07877636 -194.54 99.98137 -248.4563
2.289799 1.368592 0.1266279 -196.4865 105.073 -248.4563
2.289799 1.140076 0.1210127 -199.3797 108.2409 -248.4563
2.289799 0.9403692 0.1312666 -200.1812 117.0882 -248.4563
2.289799 0.8458868 0.1200361 -206.3262 117.0501 -248.4563
2.289799 0.7235723 0.009684563 -225.2041 117.2409 -248.4563
2.289799 0.4987188 -0.1358232 -230.6163 136.8134 -248.4563
2.289799 0.2782599 -0.2605791 -230.6163 140.7829 -248.4563
2.289799 0.1095587 -0.2605791 -230.6163 145.1646 -248.4563
2.289799 -0.1362909 -0.2605791 -230.6163 166.3936 -248.4563
2.289799 -0.5413202 -0.2605791 -230.6163 168.6455 -248.4563
2.289799 -0.9129023 -0.2605791 -230.6163 198.5997 -248.4563
2.289799 -1.28009 -0.2605791 -230.6163 181.7371 -248.4563
2.289799 -1.329894 -0.2605791 -230.6163 187.3401 -248.4563
2.289799 -1.547668 -0.2605791 -230.6163 198.1493 -248.4563
2.289799 -1.763 -0.2605791 -230.6163 202.2409 -248.4563
2.289799 -1.774963 -0.2605791 -230.6163 218.7142 -248.4563
2.155827 -1.774963 -0.2605791 -230.6163 216.4394 -248.4563
1.606999 -1.774963 -0.2605791 -230.6163 204.7066 -248.4563
1.319645 -1.774963 -0.2605791 -230.6163 194.844 -248.4563
1.479801 -1.774963 -0.2605791 -230.6163 188.0119 -248.4563
1.813053 -1.774963 -0.2605791 -230.6163 203.2867 -248.4563
1.811588 -1.774963 -0.2605791 -230.6163 206.5921 -248.4563
1.079411 -1.774963 -0.2605791 -230.6163 130.073 -248.4563
-0.04900733 -1.774963 -0.2605791 -230.6163 88.55389 -248.4563
-0.1312827 -1.774963 -0.2605791 -230.6163 20.95084 -248.4563
-0.3346519 -1.774963 -0.2605791 -230.6163 -30.25527 -221.3723
-0.2819175 -1.774963 -0.2605791 -169.1583 -67.60641 -182.2273
-0.8759116 -1.774963 -0.2605791 -119.6698 -130.7744 -124.9906
-1.243099 -1.774963 -0.2605791 -55.63923 -168.7972 -76.76925
-1.146419 -1.774963 -0.2605791 0.8187943 -189.2782 -40.1204
-0.9406089 -1.774963 -0.2605791 10.03253 -217.1102 3.581893
-0.7191733 -1.774963 -0.2605791 32.49818 -226.8125 25.50556
-0.5736655 -1.774963 -0.2605791 48.74246 -244.5835 45.8109
-0.3424644 -1.774963 -0.02718067 62.53635 -246.7056 66.16205
-0.1522788 -1.774963 0.2938643 83.72719 -243.9041 87.82616
0.01373681 -1.774963 0.3656416 101.5363 -238.2705 107.8872
0.02667627 -1.774963 0.6483564 115.8035 -244.2934 118.2384
0.1345864 -1.774963 0.868083 131.5974 -237.0263 141.6888
0.3215981 -1.774963 1.022624 144.1928 -229.927 158.7346
0.4068032 -1.607238 1.12736 153.7119 -221.0721 169.7346
0.4566079 -1.374328 1.182048 169.6814 -203.8736 184.5437
0.4380532 -1.145568 1.226481 179.6356 -195.9499 191.2384
0.5112954 -1.094543 1.194255 189.0402 -185.5224 204.246
0.5911294 -0.9382929 1.230632 192.7883 -177.5988 211.1544
0.5642739 -0.8159784 1.291911 202.4524 -170.6446 219.1773
0.557438 -0.6213984 1.3007 210.3761 -160.0415 222.7575
0.6257974 -0.4859003 1.292644 208.147 -149.0415 225.5132
0.55402 -0.3435663 1.361003 218.4142 -149.4537 227.33
0.7525064 -0.4317011 1.123942 231.6509 -112.5835 224.2384
-0.1481284 0.7208868 1.002116 227.6967 -143.0797 224.7117
0.5191079 -0.549621 1.037272 213.9486 -124.5835 229.2537
0.3689614 0.07244934 1.221843 221.1012 -120.24 227.9559
0.2254067 -0.09747253 1.24528 208.9791 -112.4232 238.9636
0.2168618 0.002380982 1.101237 203.399 -101.7133 238.5361
0.2317544 0.02484192 1.050944 195.857 -103.3774 238.2308
0.279606 0.04827942 1.017985 188.8264 -102.2247 241.0246
0.274479 0.094422 0.9818525 182.1318 -99.25526 240.643
0.3101235 0.08367981 0.9730635 171.8951 -97.91176 243.704
0.350895 0.07611145 0.9996748 165.4829 -95.70564 246.9865
0.3740884 0.02435364 0.9996748 164.7959 -93.2858 250.6048
0.3645669 0.02313293 0.9613447 157.6127 -93.27054 251.8109
0.338688 0.0006719976 0.9867353 154.6738 -91.94229 251.8109
0.4292642 0.05072083 0.9078779 154.5745 -94.01863 251.8109
0.5149575 0.1383673 0.9759932 142.3913 -90.80489 251.8109
0.3884927 0.1542365 0.9637861 157.9562 -96.95757 251.8109
0.4033853 0.1676642 0.9918623 145.8875 -96.4003 251.8109
0.4014321 0.09271301 1.023845 147.0173 -97.39267 251.8109
0.4473306 0.09613098 1.042644 152.4142 -99.13313 251.8109
0.4578286 0.1852423 1.07072 155.9028 -99.1942 251.8109
0.4588052 0.2045294 1.077067 158.1928 -100.7514 251.8109
0.4756509 0.2462775 1.123942 159.231 -102.3621 251.8109
0.557438 0.3292853 1.167399 159.7196 -102.5377 251.8109
0.5632974 0.3244025 1.229899 163.5974 -100.7514 251.8109
0.6113931 0.3383185 1.231608 166.3761 -100.2629 251.8109
0.6802407 0.3292853 1.198894 169.0325 -99.1713 251.8109
0.7158853 0.300965 1.161784 171.0173 -98.4003 251.8109
0.805729 0.2399298 1.094157 171.4829 -99.89648 251.8109
0.8215981 0.1217657 1.047282 171.689 -101.1484 251.8109
0.9795571 0.1198126 0.9178877 167.8722 -101.6217 251.8109
0.9771157 -0.02105652 0.8661299 170.8875 -107.5453 251.8109
1.010075 0.2423712 0.9654951 168.7959 -118.9805 251.8109
1.332829 -0.02862488 0.7601728 185.7959 -116.0034 251.8109
1.435368 0.05706848 0.772624 183.8646 -114.469 251.8109
1.50568 0.177674 0.8173018 190.2997 -119.866 251.8109
1.696598 0.3290411 0.7945967 183.4295 -120.5148 251.8109
1.72736 0.3974005 0.8448896 179.9944 -119.6293 251.8109
1.959782 0.5897833 0.8336592 173.9333 -120.1484 251.8109
2.289799 2.224976 1.348552 -92.27281 99.5997 -248.4563
2.289799 0.531922 0.1171064 -173.0743 177.6837 -248.4563
2.289799 0.3983771 0.09147167 -178.5018 184.3631 -248.4563
2.289799 0.3034064 -0.06502247 -186.7537 192.3554 -248.4563
2.289799 0.1679083 -0.1472979 -184.8835 204.4547 -248.4563
2.289799 0.004089966 -0.2605791 -196.4331 218.676 -248.4563
2.289799 -0.27008 -0.2605791 -206.7843 231.0959 -248.4563
2.289799 -0.568664 -0.2605791 -230.6163 231.0959 -248.4563
2.289799 -0.7876581 -0.2605791 -230.6163 231.0959 -248.4563
2.289799 -1.428283 -0.2605791 -230.6163 231.0959 -248.4563
2.289799 -1.774963 -0.2605791 -230.6163 231.0959 -248.4563
2.289799 -1.774963 -0.2605791 -230.6163 231.0959 -248.4563
2.289799 -1.774963 -0.2605791 -230.6163 231.0959 -248.4563
1.719792 -1.774963 -0.2605791 -230.6163 231.0959 -248.4563
1.146305 -1.774963 -0.2605791 -230.6163 231.0959 -248.4563
0.4890786 -1.774963 -0.2605791 -230.6163 217.2333 -248.4563
0.6140786 -1.774963 -0.2605791 -230.6163 204.8516 -248.4563
0.7344399 -1.774963 -0.2605791 -230.6163 196.4089 -248.4563
-0.9486655 -1.774963 -0.2605791 -230.6163 160.3783 -248.4563
-0.1556968 -1.774963 -0.2605791 -230.6163 117.905 -248.4563
-0.1747397 -1.774963 -0.2605791 -230.6163 24.08061 -248.4563
-0.2015952 -1.774963 -0.2605791 -230.6163 -24.1942 -188.7005
-0.8090171 -1.774963 -0.2605791 -212.1354 -103.5453 -155.5479
-0.8207358 -1.774963 -0.2605791 -194.6239 -122.5224 -98.70055
-0.8915366 -1.774963 -0.2605791 -116.0896 -162.9041 -76.17384
-1.088558 -1.774963 -0.2605791 -32.13541 -187.24 -67.56315
-1.038753 -1.774963 -0.2605791 35.87986 -224.5453 -53.212
-0.7909507 -1.774963 -0.2605791 117.9104 -226.1789 -36.38757
-0.4923667 -1.774963 -0.2605791 162.0707 -237.5072 -7.837955
-0.1425132 -1.774963 -0.1360674 182.1241 -231.2629 19.70403
-0.053646 -1.774963 0.05607128 213.6356 -248.6827 39.57426
0.002262205 -1.774963 0.3502607 235.3913 -242.1179 56.31472
-0.05730811 -1.774963 0.6366377 246.1318 -245.5682 75.98647
0.04962549 -1.774963 0.777751 252.8722 -238.7972 105.8872
0.2080728 -1.774963 0.8553877 266.3684 -229.8201 123.414
0.2234536 -1.774963 0.927165 251.9715 -214.5759 146.2002
0.2417642 -1.774963 0.9230146 253.9028 -210.8736 169.7269
0.3482095 -1.591369 0.9581709 260.2463 -201.9957 185.9483
0.3328286 -1.533996 1.005778 263.1241 -193.3011 199.0934
0.404606 -1.267639 1.053874 266.8188 -185.0339 211.8796
0.4063149 -1.129455 1.074626 269.6508 -175.1637 220.8491
0.4522134 -1.064025 1.078288 269.6508 -162.7362 236.3987
0.4678384 -0.9553827 1.045573 266.376 -151.9805 248.2231
