-0.396461 0.1073472 1.211298 -14.31545 5.848702 5.085588
-0.3632578 0.1332261 1.258417 -9.277283 6.474656 2.894748
-0.3368906 0.1849839 1.310175 -6.254382 7.764732 1.887115
-0.3044199 0.2325913 1.351679 -4.926137 10.22275 0.2687939
-0.2997813 0.2787339 1.397577 -4.071176 12.93267 -1.46403
-0.2692637 0.3026597 1.398554 -3.918504 16.39069 -3.372427
-0.2638926 0.3392807 1.418085 -3.857435 20.56626 -6.868611
-0.2638926 0.3683335 1.412714 -4.361252 23.94794 -10.18159
-0.2553477 0.3607651 1.41955 -5.460489 28.43649 -13.28082
-0.2753672 0.3546616 1.410517 -8.109344 31.48993 -14.93731
-0.2795176 0.3302475 1.3883 -6.781099 34.83344 -18.31136
-0.2929453 0.3143784 1.362909 -7.872703 38.16932 -20.26556
-0.3080821 0.2723862 1.327265 -8.819267 41.26855 -22.17395
-0.3324961 0.2399155 1.290644 -8.689496 43.6655 -23.92205
-0.356666 0.2133042 1.2633 -9.376519 46.27618 -25.01365
-0.3871836 0.1715561 1.212519 -9.170412 48.52809 -26.38006
-0.4257578 0.124437 1.151239 -9.773466 49.74183 -26.53273
-0.438209 0.08268896 1.073114 -10.34598 50.35252 -25.81518
-0.4855723 0.01091161 1.051874 -11.91087 50.00901 -21.39533
-0.5202403 -0.03059229 0.9735049 -11.59789 49.69603 -20.12052
-0.5260996 -0.0252212 0.9310245 -11.63606 48.04718 -14.73121
-0.5363535 -0.05305323 0.8782901 -13.59789 45.94794 -15.5938
-0.5705332 -0.05207667 0.852167 -13.13224 43.14641 -12.91441
-0.5695567 -0.03498682 0.8392276 -12.58263 40.28382 -9.891512
-0.6015391 -0.04255518 0.8116397 -9.155145 36.23801 -9.792275
-0.6125254 -0.04768214 0.7779483 -5.094077 32.93267 -9.784641
-0.6203379 -0.02595362 0.7662295 -0.7963663 27.48229 -9.273191
-0.6098399 -0.0252212 0.7488955 4.081496 22.58153 -8.95258
-0.5920176 -0.04231104 0.7708682 13.1731 16.8716 -10.13579
-0.5453867 0.08244482 0.7725772 14.92882 14.00901 -9.670137
-0.5436778 0.05900732 0.7786807 15.50134 9.031908 -9.5251
-0.5175547 0.1066147 0.8030948 20.93646 5.467023 -11.32663
-0.5170664 0.1493393 0.8196963 20.57768 3.085343 -11.86098
-0.5046153 0.1532456 0.8531436 21.58531 -0.1970994 -13.14342
-0.4887461 0.1642319 0.8802432 23.46318 -2.30397 -15.22739
-0.4750742 0.1766831 0.9210147 24.08913 -4.418474 -16.73884
-0.4633555 0.1718003 0.9403018 25.72272 -5.800153 -18.6625
-0.4408946 0.1891343 0.9581241 24.64638 -6.945191 -19.32663
-0.4335703 0.1561753 0.9849795 28.14256 -8.616947 -21.65487
-0.4162364 0.1447007 1.01037 28.25707 -8.563512 -22.6625
-0.4220957 0.1234604 1.026483 25.58531 -8.281069 -22.72357
-0.4162364 0.08781591 1.028192 23.98226 -8.32687 -22.33426
-0.4286875 0.07267919 1.050897 19.78379 -7.052061 -20.21212
-0.4404063 0.04020849 1.05456 13.66165 -7.479542 -16.33426
-0.4628672 0.02336278 1.052118 12.14256 -7.968092 -14.63197
-0.4701914 0.004319817 1.049433 6.425007 -6.479542 -11.02128
-0.4877696 -0.01350245 1.040888 -0.9795724 -6.678016 -6.280824
-0.472877 0.002610832 1.001825 -8.407054 -6.616947 -1.967847
-0.2065195 0.05681005 2.462763 -16.75056 -36.76199 58.84895
-0.200416 0.08317724 2.479364 -13.55209 -30.72382 57.89475
-0.2016367 0.1285874 2.514277 -11.16278 -25.15893 56.71918
-0.1884531 0.1515366 2.514765 -9.658962 -19.06733 55.27643
-0.1872324 0.1603257 2.525019 -5.689497 -13.51771 52.97872
-0.1877207 0.2064682 2.513788 -1.735298 -7.968092 49.05505
-0.1664805 0.2440659 2.529169 0.3105038 -3.594046 46.27643
-0.1442637 0.2728745 2.540644 1.081496 2.894504 43.18483
-0.1420664 0.2775132 2.556757 2.79142 8.360152 40.37567
-0.139625 0.2877671 2.569696 4.264702 14.14641 37.67337
-0.1296152 0.2924057 2.576044 6.127297 20.28382 34.4291
-0.1152109 0.2972886 2.598261 9.562412 26.63496 30.55124
-0.09958593 0.325853 2.631952 10.96699 34.33725 27.15429
-0.09030859 0.2753159 2.601435 14.38684 45.10061 20.71918
-0.09641211 0.3173081 2.632929 14.76089 47.8716 20.87185
-0.08176367 0.2919175 2.665644 13.30287 53.60443 18.46727
-0.01438086 0.2594468 2.669062 23.43264 59.91741 11.78788
-0.01633398 0.3319565 2.721308 26.1731 65.20748 12.4749
0.03078516 0.3221909 2.709345 31.58531 72.68839 6.871848
0.0622793 0.3619858 2.711298 33.56241 78.49755 6.688642
0.08815821 0.3737046 2.735224 34.90593 87.93267 0.74971
0.1196523 0.3807847 2.754267 36.68455 97.94794 -3.548
0.1545645 0.4003159 2.758173 37.40211 109.154 -9.311359
0.2014395 0.4222886 2.788202 36.40974 118.8411 -9.73884
0.221459 0.4239975 2.809198 36.04333 127.925 -12.99838
0.2702871 0.4364487 2.838251 35.49371 136.6655 -15.51747
0.3003164 0.46306 2.839716 34.85249 145.8945 -17.92205
0.3574453 0.4711167 2.854364 34.47844 157.093 -21.5938
0.3855215 0.496019 2.857538 33.27234 169.0548 -24.90678
0.436791 0.5192123 2.864374 30.63875 181.009 -29.25029
0.4795156 0.5397202 2.847528 27.50134 193.4365 -32.83044
0.5622793 0.5712143 2.876825 22.47844 206.8334 -35.92204
0.6306386 0.5870834 2.878046 16.32577 223.7495 -43.02892
0.6858144 0.5477768 2.853144 15.1273 237.3449 -45.82281
0.7322011 0.5363022 2.830927 15.11966 246.0243 -50.32663
0.7761465 0.569017 2.802607 14.71508 246.0243 -55.89914
0.7907949 0.551683 2.792109 14.3105 246.0243 -60.96021
1.007348 0.4982163 2.751825 22.09676 246.0243 -66.48693
0.9968496 0.621019 2.694208 16.1731 246.0243 -65.18159
1.102074 0.7042709 2.584833 9.821954 246.0243 -69.63197
1.148949 0.7028061 2.536005 7.783786 246.0243 -75.21976
1.202904 0.718187 2.478388 8.501344 246.0243 -83.26556
1.251244 0.7108627 2.411737 8.585313 246.0243 -90.43349
1.304467 0.699144 2.341669 6.455542 246.0243 -97.62434
1.375512 0.7086655 2.265253 6.432641 246.0243 -104.861
1.45852 0.6874252 2.1654 4.333405 246.0243 -113.3495
1.448022 0.6537338 2.063593 6.661649 246.0243 -123.4259
1.442162 0.5907455 1.883173 8.417375 246.0243 -131.7847
1.475365 0.5228745 1.75329 7.516611 246.0243 -142.2885
1.540063 0.4486557 1.544794 5.425008 246.0243 -144.7847
1.526879 0.4086167 1.457148 4.676916 246.0243 -155.3724
1.576684 0.3036362 1.316767 8.547145 246.0243 -161.777
1.612328 0.3229233 1.204462 7.012794 246.0243 -165.4869
1.644799 0.2562729 1.057978 1.783786 246.0243 -170.3572
1.557397 0.2379624 1.011347 -4.391787 246.0243 -169.1205
1.575951 0.1056382 0.8856143 -6.178046 246.0243 -172.0366
1.527367 0.08146826 0.8084659 -11.9414 246.0243 -169.1358
1.544213 -0.02863917 0.6851748 -19.35362 246.0243 -174.6396
1.648217 -0.04304347 0.4703311 -16.6666 246.0243 -162.8457
1.514428 -0.1206802 0.4547061 -12.93377 246.0243 -160.7999
1.53933 -0.07771143 0.4036807 -9.498656 246.0243 -160.0137
1.568871 -0.03791651 0.4014834 -14.01774 246.0243 -161.632
1.693139 -0.1514419 0.1026553 -6.796367 246.0243 -163.4946
1.590355 -0.01765284 0.1793154 -2.246748 246.0243 -166.693
1.586205 -0.04231104 0.006952167 5.867755 246.0243 -172.777
1.486596 -0.01374659 0.04870021 13.50898 246.0243 -178.4488
1.531762 -0.03889307 -0.06165135 16.46318 246.0243 -184.5098
1.549584 0.02922216 -0.06165135 6.211267 246.0243 -188.3648
1.466332 -0.08747705 -0.06165135 11.85249 246.0243 -193.0976
1.449242 -0.1367935 -0.06165135 16.22653 246.0243 -196.464
1.358666 -0.1717056 -0.06165135 17.11203 246.0243 -198.3495
1.319604 -0.2761978 -0.06165135 20.23417 246.0243 -199.4793
1.324731 -0.2810806 -0.06165135 10.98989 246.0243 -200.3419
1.247582 -0.3990005 -0.06165135 7.142565 246.0243 -196.3037
1.227318 -0.4778579 -0.06165135 -1.61316 246.0243 -193.1282
1.197533 -0.5684341 -0.06165135 -10.28492 246.0243 -190.5709
1.122338 -0.611647 -0.06165135 -25.62079 246.0243 -183.4335
1.159203 -0.8408951 -0.06165135 -29.99484 246.0243 -175.2045
1.089623 -0.7595963 -0.06165135 -41.61316 246.0243 -165.5022
0.8535391 -0.9754166 -0.06165135 -41.49102 246.0243 -158.2121
0.8125235 -0.9002213 -0.06165135 -55.16278 246.0243 -142.3114
0.768334 -1.014235 -0.06165135 -59.78873 246.0243 -134.7999
0.5664297 -0.9949478 -0.06165135 -62.52155 246.0243 -121.7007
0.5737539 -1.042799 -0.06165135 -62.04064 246.0243 -109.4411
0.4897695 -1.067213 -0.06165135 -59.02537 246.0243 -101.1663
0.4306875 -1.038893 -0.06165135 -54.6666 246.0243 -90.95258
0.3589101 -0.9698013 -0.06165135 -56.52919 246.0243 -80.6167
0.2668691 -0.9082779 -0.06165135 -57.65896 236.4136 -71.90678
0.224877 -0.8828873 -0.06165135 -59.45285 220.3525 -63.47929
0.2419668 -0.8953384 -0.06165135 -60.72766 208.4441 -56.83044
0.2295156 -0.9036392 -0.06165135 -60.74293 195.6121 -50.11288
0.2507558 -0.9019302 -0.06165135 -61.56736 183.1769 -43.777
-0.360084 0.09562841 1.201288 18.58531 17.6884 -3.105252
-0.3527598 0.07438818 1.244257 17.01279 18.13878 -3.189221
-0.3459239 0.06120458 1.279657 16.06623 19.00901 -3.227389
-0.330543 0.03679052 1.321161 16.18837 19.69603 -2.349527
-0.3185801 0.02531591 1.348505 16.68455 20.74947 -2.006015
-0.285377 0.03874364 1.369745 15.11966 23.15405 -2.929679
-0.2719492 0.0372788 1.365595 12.78379 25.47466 -2.471664
-0.2543711 -0.01569971 1.402704 13.0586 27.55099 -1.830443
-0.2497324 -0.007398933 1.412958 10.49371 31.39069 -1.151053
-0.2470469 -0.03376612 1.439325 8.531878 36.26092 -0.3266259
