0.2926787 0.6565278 1.102937 23.68283 -1.922931 21.12707
0.2958525 0.6609223 1.094637 19.69046 -1.014534 22.16524
0.3078154 0.6623872 1.099764 18.45382 -0.6633893 22.82936
0.3139189 0.6411469 1.09366 20.45382 -0.8694963 22.37898
0.326126 0.637729 1.091951 26.01107 -0.7397252 21.19577
0.3156279 0.6120942 1.086336 32.0645 -1.022168 20.19577
0.3219756 0.60477 1.069978 39.41565 -1.632855 19.68432
0.3263701 0.6213716 1.071443 47.20191 -3.449649 18.9973
0.3139189 0.5972016 1.059236 50.64465 -3.083237 19.1576
0.3017119 0.6128266 1.032137 51.67519 -4.029801 20.05837
0.2848662 0.6262544 0.9955156 50.34695 -5.434381 21.31791
0.275833 0.6548188 0.9925859 45.98817 -6.442015 22.83699
0.2824248 0.6687348 1.003084 39.42328 -6.587053 24.70722
0.2848662 0.6748384 0.9972246 33.72863 -7.167206 26.37134
0.2938994 0.6770356 0.9903887 28.8126 -7.014534 27.52402
0.3063506 0.6802094 0.9952715 26.09504 -7.472549 28.07363
0.31929 0.6824067 1.001863 23.39275 -7.525985 28.26447
0.3136748 0.6929048 1.001863 21.31641 -7.426748 28.44768
0.3214873 0.6960786 1.010164 19.87366 -7.541252 28.2034
0.3241729 0.6980317 1.004549 19.56069 -7.594687 27.49348
0.3307647 0.7073091 1.005769 19.65229 -7.121405 27.14997
0.3310088 0.6960786 0.9989336 20.62176 -6.57942 26.43241
0.3236846 0.6843598 0.9913652 22.13321 -6.342779 25.82936
0.3195342 0.6782563 0.9784258 23.95763 -6.701557 25.14997
0.322708 0.6506684 0.9615801 28.39275 -7.68629 23.61562
0.3483428 0.6404145 0.9940508 33.13321 -8.663389 21.84463
0.3520049 0.6045259 1.00992 37.74389 -8.754992 20.34844
0.3500518 0.6001313 1.032625 39.39275 -7.510717 19.50875
0.3473662 0.5835298 1.008455 40.95763 -7.419115 19.05837
0.327835 0.5832856 0.9855059 43.07214 -8.075603 18.79882
0.3173369 0.576938 0.9725664 44.79733 -8.266443 18.67669
0.322708 0.5886567 0.9540117 48.78969 -9.358046 17.59272
0.3124541 0.5928071 0.9569414 46.03397 -9.701557 18.29501
0.3114775 0.5686372 0.9535234 46.22481 -9.510717 17.96676
0.3100127 0.5732759 0.9496172 44.72863 -10.30461 19.41714
0.320999 0.5522798 0.9491289 46.78969 -10.24354 18.95913
0.3161162 0.592563 0.9418047 50.60649 -11.65576 18.38661
0.2958525 0.5910981 0.9300859 51.73626 -12.28934 18.53165
0.2868193 0.603061 0.9469316 50.91183 -12.60995 19.0889
0.2870635 0.6086762 0.9352129 51.42328 -13.11377 18.94386
0.2726592 0.6172212 0.9303301 52.76679 -14.51072 18.67669
0.261917 0.6194184 0.92325 55.72099 -15.41912 18.03547
0.2748564 0.5913423 0.9208086 57.18664 -15.99163 17.60035
0.2614287 0.5989106 0.912752 59.54542 -17.90766 17.76829
0.275833 0.5893891 0.9029863 61.05687 -18.26644 17.64615
0.274124 0.5976899 0.8941973 61.43091 -19.70919 17.60798
0.2765654 0.5969575 0.8898027 62.32405 -20.81606 17.70722
0.2643584 0.5732759 0.938875 63.27061 -22.08324 18.57745
0.3051299 0.5732759 0.8876055 55.96527 -16.49545 20.88279
0.2709502 0.6604341 0.8556231 62.60649 -23.27408 18.49348
0.2538604 0.5503266 0.86075 62.78206 -25.12904 18.32554
0.2604522 0.6103852 0.8800371 58.26297 -23.77789 18.50875
0.2677764 0.6101411 0.8819902 56.95 -24.77026 19.24921
0.2787627 0.587436 0.8795488 54.03397 -25.0756 20.02783
0.2765654 0.6189301 0.8649004 50.80496 -25.21301 20.62325
0.2851104 0.6062348 0.8700274 48.27824 -25.56415 20.69959
0.2921904 0.6055024 0.878084 45.67519 -26.09087 20.89043
0.3063506 0.6052583 0.8910234 42.0416 -25.47255 21.47058
0.3256377 0.589145 0.8978594 40.82786 -25.20537 21.01257
0.3314971 0.5786469 0.9149492 41.17137 -24.90767 20.85226
0.3319854 0.5774262 0.9205645 42.27061 -24.27408 20.56218
0.3437041 0.5781587 0.9247149 43.62175 -23.50308 20.10417
0.340042 0.5788911 0.9403399 43.72099 -22.8695 20.22631
0.3468779 0.6113618 0.9466875 37.49962 -21.48018 21.43241
0.31221 0.5408051 0.9610918 45.82786 -20.42675 18.78356
0.293167 0.5510591 0.9571856 44.51488 -20.09087 19.35608
0.2978057 0.6096528 0.9623125 43.47672 -18.60232 18.82936
0.3051299 0.6108735 0.9776934 37.05687 -17.48782 20.53928
0.3114775 0.6401704 0.9977129 24.98817 -16.03744 23.09653
0.3090361 0.6648286 1.012117 13.45382 -13.57942 25.31791
0.3266143 0.4931977 1.069246 49.48435 -4.68629 30.38661
0.5004424 0.6262544 0.9142168 45.80496 -37.43438 60.66905
0.5106963 0.6611665 0.9740313 40.9271 -37.0298 61.24921
0.5211944 0.7029145 1.016512 36.95 -36.64049 62.70722
0.5011748 0.7353852 1.018465 33.40038 -35.83133 58.1576
0.4689483 0.7493012 1.044344 30.8584 -34.50308 57.27974
0.4728545 0.7563813 1.030184 32.40801 -33.8466 53.50875
0.4721221 0.7981294 1.047762 33.56832 -32.94583 50.75302
0.4638213 0.7983735 1.046785 37.14084 -32.10614 46.28738
0.4801787 0.7849458 1.033846 38.83549 -30.14431 43.37897
0.4958037 0.8088716 1.027742 38.82786 -28.15957 40.60799
0.4994658 0.7900727 1.019197 40.75916 -26.51835 35.84463
0.4862823 0.807895 1.015535 32.46145 -25.0756 35.44768
0.4628448 0.7722505 1.020662 32.9042 -23.36568 32.87516
0.4799346 0.8047212 1.018221 28.27825 -19.73973 30.74539
0.4611358 0.7942231 1.016512 24.71336 -18.19011 27.65379
0.4369658 0.7632173 1.022127 19.56832 -16.48782 25.83699
0.466751 0.7544282 0.9571856 15.07977 -11.35805 27.90569
0.4728545 0.7663911 0.9559649 11.30878 -13.79316 22.46295
0.3947295 0.6650727 1.012605 11.24008 -12.04507 17.47058
0.4032744 0.6457856 0.9877031 5.850763 -10.37331 17.44768
0.4149932 0.6728852 1.009187 2.179007 -8.342779 17.31027
0.4276885 0.7070649 0.9637774 3.156106 -4.213008 13.93623
0.4154815 0.693393 0.905916 1.217175 -1.87713 11.16524
0.3993682 0.6775239 0.8480547 -1.195038 -2.976367 9.027832
0.3698272 0.6535981 0.8263262 -2.569084 -0.04506874 6.68432
0.3600615 0.682895 0.7921464 -8.210305 -1.47255 6.68432
0.369583 0.6789887 0.7955644 -17.22557 0.4816489 7.546916
0.3361357 0.6667817 0.7899492 -27.50038 1.588519 6.951496
0.3354033 0.6653169 0.7945879 -41.75993 1.038901 9.600351
0.3231963 0.6572602 0.7977617 -54.77519 2.771725 11.08127
0.3073272 0.6345551 0.8131426 -68.83626 2.924397 14.93623
0.3156279 0.6504243 0.8609941 -78.85916 3.542717 14.67669
0.3263701 0.6472505 0.8734453 -90.94313 4.191573 14.98966
0.3466338 0.6606782 0.9071367 -101.9126 4.046535 16.19577
0.3532256 0.6628755 0.9300859 -113.2866 6.496916 18.02783
0.3676299 0.6775239 0.9486406 -122.0118 7.390046 19.1805
0.3771514 0.6882661 0.9530352 -128.0042 8.542717 19.96676
0.390335 0.6870454 0.9628008 -131.4851 9.130505 19.90569
0.3947295 0.6716645 0.9830645 -130.2637 10.0847 18.66142
0.3888701 0.6714204 0.9928301 -126.4088 11.93203 16.30264
0.3925322 0.6880219 0.9920977 -123.6531 10.27554 15.51638
0.3808135 0.681186 1.011141 -124.4469 12.39005 15.9515
0.3456572 0.7029145 1.012361 -127.195 13.16104 16.84463
0.2997588 0.7024262 0.9916094 -133.1492 13.51982 18.75302
0.2943877 0.7007173 0.9711016 -140.2714 14.14577 21.1118
0.3256377 0.6682466 0.9615801 -141.134 13.19157 23.01257
0.3097686 0.6946137 0.9645098 -148.2179 12.84043 25.56982
0.1906279 0.6819184 1.080721 -159.0729 17.07707 29.11943
0.1950225 0.8481782 1.006258 -156.9813 16.11524 30.49348
0.1503447 0.7095063 0.9901445 -167.0042 13.25264 29.94386
0.1640166 0.6433442 1.032381 -169.3095 15.21447 30.9286
0.188919 0.5791352 1.007723 -167.4088 13.97783 34.54692
0.244583 0.5488618 0.9920977 -158.2637 13.13814 31.72249
0.258499 0.5552094 1.041658 -158.8363 10.74883 34.28738
0.2834014 0.5368989 1.069978 -147.7447 12.00837 32.08127
0.3126982 0.4812348 0.9925859 -146.2256 17.68012 29.27211
0.2699736 0.4556001 0.8453691 -135.2561 -1.68629 31.00493
0.3847197 0.3684419 1.053865 -133.4546 1.390046 35.19577
0.4286651 0.4507173 1.102693 -137.2103 7.496916 37.70722
0.4972686 0.3452485 1.05826 -134.9279 5.962565 40.90569
0.5111846 0.4104341 1.084871 -138.2027 6.664855 44.33318
0.5663604 0.3979829 1.101717 -133.0118 7.428214 45.56982
0.5321807 0.3623384 1.112947 -126.6531 6.451114 46.07363
0.5392608 0.3984712 1.11783 -118.1034 4.267909 48.46294
0.5580596 0.4133637 1.147615 -110.3095 6.474016 48.84463
0.5893096 0.4424165 1.135408 -104.0882 5.390046 48.93623
0.5773467 0.4368012 1.183992 -93.22557 5.50455 46.32554
0.5539092 0.4429048 1.193514 -84.63779 4.283175 45.21867
0.5509795 0.5649751 1.228914 -49.60725 5.458748 43.40188
0.5148467 0.5532563 1.230379 -36.34008 0.6343205 40.53165
0.5063018 0.556186 1.251619 -18.88206 -0.113771 38.0889
0.4994658 0.6477387 1.263338 -13.14924 2.214473 37.66142
0.4928741 0.6728852 1.242098 -17.1187 2.725924 37.63089
0.4584502 0.6352876 1.233797 -21.50801 4.802259 38.37897
0.449417 0.6565278 1.22159 -27.46985 7.954932 39.46294
0.4818877 0.6640962 1.216707 -33.56908 6.619053 41.34081
0.4706573 0.6457856 1.256746 -33.32481 11.00073 42.76829
0.482376 0.7029145 1.248689 -31.98893 12.74119 42.61562
0.470169 0.6528657 1.258455 -27.95076 12.78699 41.0889
