-0.05937207 -0.4399077 0.5345781 -7.424046 1.878595 19.46295
-0.06352246 -0.4482085 0.5365312 -8.0271 1.794626 19.85989
-0.06401074 -0.438687 0.5284746 -8.340076 1.794626 19.92096
-0.06352246 -0.440396 0.5443437 -7.828626 1.550351 19.78356
-0.06303418 -0.4504058 0.532625 -7.378244 1.993099 19.54692
-0.06352246 -0.4474761 0.5350664 -7.843893 1.863328 19.69195
-0.05912793 -0.454312 0.5382402 -8.164504 1.802259 19.91333
-0.05766308 -0.4391753 0.5416582 -8.492748 2.222107 19.74539
-0.06327832 -0.4423491 0.5379961 -7.698855 1.901496 19.79882
-0.06059277 -0.4447906 0.5387285 -7.889695 2.008367 19.68432
-0.06767285 -0.443814 0.5370195 -7.958397 1.619053 19.68432
-0.06523144 -0.4352691 0.5392168 -8.263741 1.428214 19.87516
-0.05741894 -0.443814 0.5357988 -7.904962 1.90913 19.58508
-0.0625459 -0.4428374 0.5343339 -7.828626 1.756458 19.81409
-0.06547558 -0.4526031 0.5348222 -7.599618 1.588519 19.39425
-0.05522168 -0.4435699 0.5404375 -7.94313 1.748824 19.82936
-0.05766308 -0.4340484 0.5484941 -8.072901 1.947298 19.78356
-0.05693066 -0.4440581 0.5389726 -7.935496 1.954931 19.47821
-0.07011425 -0.4479644 0.5287187 -7.843893 1.90913 19.44005
-0.06474316 -0.4474761 0.5450761 -8.05 1.802259 19.63852
-0.06083691 -0.4391753 0.5350664 -8.179771 1.916763 19.80646
-0.05693066 -0.4367339 0.5379961 -8.172137 2.069435 19.86753
-0.06571972 -0.4494292 0.5306718 -7.805725 2.046535 19.50111
-0.06083691 -0.4464995 0.5336015 -7.668321 1.71829 19.80646
-0.05741894 -0.4443023 0.5287187 -8.141603 1.619053 19.83699
-0.06401074 -0.440396 0.5392168 -7.897328 1.817527 19.63852
-0.05937207 -0.4484527 0.5314043 -7.591985 1.855695 19.59272
-0.06449902 -0.4530913 0.5336015 -7.729389 1.893863 19.50111
-0.06156933 -0.4377105 0.5411699 -7.882061 1.741191 19.76829
-0.05961621 -0.4362456 0.5406816 -7.85916 1.764091 19.73012
-0.06059277 -0.4486968 0.5357988 -7.576718 2.023633 19.33318
-0.06791699 -0.447232 0.5299394 -7.973664 1.786992 19.76066
-0.06230175 -0.4411284 0.5360429 -8.279008 1.588519 19.96676
-0.06767285 -0.4396636 0.5394609 -8.309542 1.970199 19.65379
-0.06010449 -0.447232 0.5399492 -7.553817 1.725924 19.50111
-0.066208 -0.4433257 0.527498 -7.675954 1.878595 19.63089
-0.06108105 -0.4355132 0.5340898 -7.935496 1.664855 19.76829
-0.05766308 -0.438687 0.5411699 -7.660687 1.588519 19.76829
-0.0559541 -0.447232 0.5392168 -7.355344 1.893863 19.61562
-0.06547558 -0.4460113 0.543123 -7.675954 1.993099 19.56218
-0.06083691 -0.4401519 0.5387285 -7.45458 1.817527 19.65379
-0.06059277 -0.4440581 0.5375078 -8.446947 2.016 19.63852
-0.06156933 -0.447232 0.5458086 -8.088168 2.031267 19.87516
-0.06230175 -0.445523 0.5360429 -7.920229 2.130504 19.58508
-0.0649873 -0.4440581 0.5255449 -7.996565 2.092336 19.55455
-0.06816113 -0.4489409 0.5191972 -8.217939 1.848061 19.74539
-0.05961621 -0.4433257 0.5367754 -8.004199 1.954931 19.60035
-0.05546582 -0.4474761 0.5428789 -7.83626 2.145771 19.66142
-0.06279004 -0.4474761 0.530916 -8.042367 1.962565 19.69195
-0.06205761 -0.4408843 0.5375078 -8.133969 1.878595 19.54692
-0.06034863 -0.4411284 0.5336015 -8.065268 2.092336 19.51638
-0.06156933 -0.4457671 0.5379961 -7.85916 1.993099 19.64615
-0.06401074 -0.4428374 0.5394609 -7.973664 2.077069 19.53165
-0.06156933 -0.4350249 0.5362871 -8.011832 1.725924 19.73775
-0.05961621 -0.443814 0.5394609 -8.011832 2.092336 19.58508
-0.06742871 -0.4428374 0.5367754 -8.004199 2.191573 19.82173
-0.06352246 -0.4479644 0.5343339 -7.897328 2.069435 19.64615
-0.0583955 -0.4474761 0.5323808 -8.080534 1.870962 19.71486
-0.06034863 -0.4452788 0.5428789 -8.133969 2.046535 19.69959
-0.06132519 -0.4443023 0.5416582 -7.546184 1.71829 19.54692
-0.06327832 -0.4413726 0.5336015 -7.775191 1.771725 19.60798
-0.06596386 -0.4418609 0.5389726 -7.904962 1.832794 19.82173
-0.06034863 -0.4460113 0.5392168 -7.935496 2.107603 19.53928
-0.06034863 -0.4381988 0.5411699 -7.729389 2.12287 19.69959
-0.06449902 -0.4399077 0.5328691 -7.683588 1.680122 19.62325
-0.0637666 -0.4504058 0.5409257 -7.958397 1.603786 20.02783
-0.06010449 -0.4408843 0.5428789 -8.111069 1.748824 19.65379
-0.06474316 -0.4423491 0.5377519 -7.706489 1.71829 19.48585
-0.06596386 -0.4411284 0.5323808 -7.767557 1.817527 19.56218
-0.05790722 -0.4467437 0.5350664 -7.889695 1.672488 19.57745
-0.05912793 -0.4440581 0.5321367 -7.813359 1.786992 19.46295
-0.06181347 -0.4489409 0.5411699 -7.820992 1.886229 19.72249
-0.06205761 -0.4396636 0.5453203 -7.653054 1.741191 19.56982
-0.06547558 -0.4523589 0.5357988 -7.790458 1.840427 19.73775
-0.06474316 -0.4494292 0.5338457 -7.492748 1.619053 19.60798
-0.06401074 -0.4452788 0.5304277 -7.698855 1.786992 19.73775
-0.06132519 -0.445523 0.5357988 -7.973664 2.000733 19.79119
-0.06352246 -0.4499175 0.5416582 -7.958397 1.825161 19.49348
-0.06132519 -0.442105 0.5384843 -7.591985 1.573252 19.82936
-0.06108105 -0.4391753 0.5331132 -7.767557 1.680122 19.75302
-0.05986035 -0.4462554 0.5382402 -8.019465 1.756458 19.85226
-0.066208 -0.4406402 0.5372636 -7.843893 1.496916 19.79882
-0.06181347 -0.447232 0.5428789 -7.56145 1.733557 19.69959
-0.0637666 -0.4445464 0.5406816 -7.775191 1.626687 19.67669
-0.0637666 -0.4445464 0.5350664 -7.805725 1.664855 19.82173
-0.06327832 -0.4460113 0.5423906 -7.897328 1.748824 19.76066
-0.06010449 -0.4377105 0.5387285 -7.591985 1.725924 19.73775
-0.06059277 -0.4399077 0.5375078 -7.805725 2.115237 19.64615
-0.06108105 -0.4401519 0.5272539 -8.195038 1.786992 19.89043
-0.06425488 -0.4494292 0.5343339 -7.966031 2.046535 19.53165
-0.06230175 -0.4467437 0.5423906 -7.698855 1.565618 19.79119
-0.05912793 -0.4460113 0.5316484 -7.843893 2.107603 19.66905
-0.05644238 -0.442105 0.5321367 -8.034733 1.886229 19.38661
-0.06547558 -0.4425933 0.5323808 -7.94313 2.008367 19.50111
-0.05741894 -0.4406402 0.5343339 -7.737023 1.71829 19.75302
-0.06303418 -0.4457671 0.5350664 -7.668321 1.916763 19.56982
-0.06156933 -0.4399077 0.5360429 -7.981298 1.893863 19.60035
-0.06791699 -0.4467437 0.543123 -7.85916 1.977832 19.52402
-0.05815136 -0.4518706 0.5365312 -7.569084 1.878595 19.57745
-0.07109082 -0.4482085 0.5370195 -7.637786 1.916763 19.37134
-0.05888379 -0.4418609 0.5389726 -7.882061 1.932031 19.72249
-0.0637666 -0.447232 0.5409257 -7.897328 2.077069 19.51638
-0.06571972 -0.4423491 0.5392168 -7.75229 1.947298 19.64615
-0.05644238 -0.4399077 0.5372636 -7.828626 1.939664 19.70722
-0.05815136 -0.4379546 0.5299394 -7.996565 1.809893 19.64615
-0.06181347 -0.4450347 0.5343339 -8.279008 2.023633 19.53928
-0.0583955 -0.4484527 0.5375078 -7.996565 1.848061 19.75302
-0.05937207 -0.4423491 0.5387285 -8.164504 2.115237 19.83699
-0.06083691 -0.4460113 0.5348222 -8.286641 2.031267 19.65379
-0.066208 -0.442105 0.5323808 -8.057633 2.023633 19.70722
-0.05986035 -0.4391753 0.5377519 -8.210305 1.985466 19.85989
-0.06523144 -0.4477202 0.5370195 -8.187405 2.115237 19.63089
-0.05986035 -0.4440581 0.5365312 -8.15687 1.901496 19.89806
-0.05863965 -0.4477202 0.5433671 -7.660687 1.649588 19.59272
-0.05497754 -0.4518706 0.5379961 -8.088168 1.863328 19.94386
-0.0649873 -0.4474761 0.5362871 -8.095801 1.962565 19.78356
-0.05644238 -0.4425933 0.5338457 -8.065268 1.947298 19.56218
-0.06669629 -0.4552886 0.5357988 -7.805725 1.985466 19.63089
-0.0649873 -0.4474761 0.5340898 -7.813359 1.901496 19.51638
-0.066208 -0.4433257 0.5367754 -7.653054 1.748824 19.76829
-0.06352246 -0.442105 0.541414 -7.94313 1.924397 20.00493
-0.06034863 -0.4377105 0.5401933 -7.94313 1.870962 19.77592
-0.06279004 -0.4364898 0.5399492 -8.034733 1.893863 19.73775
-0.05790722 -0.4523589 0.5394609 -7.683588 1.90913 19.66905
-0.05815136 -0.4443023 0.5262773 -8.034733 1.870962 19.70722
-0.06034863 -0.4484527 0.5336015 -7.958397 1.825161 19.59272
-0.05619824 -0.4250152 0.525789 -7.958397 2.107603 19.80646
-0.05815136 -0.4435699 0.5365312 -7.653054 2.153405 19.27211
-0.05375683 -0.4491851 0.5409257 -8.111069 1.512183 19.73775
-0.0571748 -0.4435699 0.530916 -8.195038 1.962565 19.84463
-0.05888379 -0.4357574 0.5343339 -7.34771 1.557985 19.79119
-0.06669629 -0.4416167 0.529207 -8.088168 1.641954 19.73012
-0.06352246 -0.4291656 0.532625 -8.256107 2.176305 19.57745
-0.05497754 -0.4362456 0.5360429 -8.362977 1.90913 19.69195
-0.06718457 -0.4440581 0.5355546 -7.973664 1.939664 19.79119
-0.06547558 -0.4526031 0.5419023 -7.958397 2.077069 19.89806
-0.05986035 -0.4306304 0.5289629 -8.118702 1.687756 19.84463
-0.06767285 -0.4384429 0.5343339 -8.614885 1.870962 19.96676
-0.0559541 -0.4430816 0.5375078 -7.94313 1.977832 19.65379
-0.06449902 -0.4565093 0.5375078 -7.759924 1.893863 19.74539
-0.05961621 -0.4423491 0.5265214 -8.317176 1.596153 19.85226
-0.06083691 -0.445523 0.5436113 -8.05 1.52745 19.92859
-0.05448925 -0.4457671 0.5392168 -7.515649 2.061801 19.42478
-0.06864941 -0.4467437 0.5267656 -7.851527 1.840427 19.84463
-0.05766308 -0.4430816 0.5301836 -8.179771 1.512183 20.0431
-0.06230175 -0.4467437 0.544832 -7.904962 1.794626 19.66142
-0.05497754 -0.4418609 0.5301836 -7.34771 2.092336 19.51638
-0.07304394 -0.4477202 0.5301836 -7.996565 1.870962 19.95913
-0.06523144 -0.4425933 0.5304277 -8.599619 1.832794 19.98966
-0.05790722 -0.4460113 0.5416582 -8.401145 1.71829 20.0202
