0.9363028 0.11931 2.971552 14.55478 246.0243 -121.5862
1.128686 0.05363622 3.065546 -5.559725 246.0243 -123.2274
1.189721 -0.04524073 3.144159 -18.7582 246.0243 -107.8762
1.287865 -0.2156509 3.036005 -13.62843 246.0243 -93.12051
1.178979 -0.2698501 2.83996 7.356305 246.0243 -80.5709
1.277367 -0.1399673 2.613153 19.23417 246.0243 -94.44113
1.404809 -0.04792628 2.483271 19.2876 246.0243 -98.00601
1.487816 0.06413427 2.264765 20.36394 246.0243 -90.12815
1.400902 0.06144872 2.113153 17.63875 246.0243 -91.81517
1.454613 0.06022802 1.925165 17.85249 246.0243 -100.5556
1.456078 0.08659521 1.883173 15.80669 246.0243 -100.2503
1.545678 0.07048193 1.716669 15.02806 246.0243 -100.8533
1.46975 0.04411474 1.580194 14.50898 246.0243 -109.6625
1.578393 0.1351792 1.484491 28.32577 246.0243 -114.5556
1.56765 0.1437241 1.483271 27.08913 246.0243 -121.7236
1.620141 0.1600815 1.431024 36.83722 246.0243 -105.7083
1.661645 0.1759507 1.421259 33.57768 246.0243 -109.8991
1.831566 -0.01154932 0.7813663 42.82196 246.0243 -123.6167
1.891381 -0.05451807 0.5782413 54.53188 246.0243 -149.4946
1.717553 0.003587395 0.4307803 49.02806 246.0243 -147.5633
1.636498 -0.03913722 0.499628 45.04333 246.0243 -146.006
1.61892 -0.07234034 0.4207705 37.21127 246.0243 -147.403
1.631371 -0.1096939 0.3240908 32.11203 246.0243 -137.2961
1.602563 -0.1802505 0.3277529 23.43264 246.0243 -144.548
1.554955 -0.1895278 0.2933291 21.05096 246.0243 -140.1129
1.45974 -0.2393325 0.260126 24.36394 246.0243 -137.8075
1.446557 -0.2232193 0.2049502 20.52424 246.0243 -139.8457
1.439721 -0.2896255 0.2293643 18.93646 246.0243 -145.0518
1.468285 -0.3059829 0.07311428 22.91356 246.0243 -148.319
1.366723 -0.2849868 0.04577053 15.79142 246.0243 -151.7159
1.321068 -0.307936 -0.03235447 14.08913 246.0243 -150.7083
1.365014 -0.3157485 -0.06165135 -3.727664 246.0243 -162.548
1.390648 -0.2967056 -0.06165135 -15.81927 246.0243 -154.3343
1.262719 -0.2632583 -0.06165135 -22.68186 246.0243 -121.8381
1.241234 -0.5249771 -0.06165135 -42.15514 246.0243 -107.6396
1.156273 -0.6121353 -0.06165135 -46.51392 246.0243 -122.9678
0.9717031 -0.5818619 -0.06165135 -60.93377 246.0243 -99.74648
0.8757559 -0.708815 -0.06165135 -74.68186 246.0243 -76.46403
0.6081777 -0.8645767 -0.06165135 -84.31545 246.0243 -44.25029
0.6238027 -1.051588 -0.06165135 -109.3765 246.0243 -86.14342
0.5361562 -1.253004 -0.06165135 -106.6437 246.0243 -80.86098
0.4079824 -1.328932 -0.06165135 -94.10171 246.0243 -47.89151
0.2351309 -1.460524 -0.06165135 -78.67422 237.8029 -34.03655
0.1775137 -1.640944 -0.06165135 -66.56736 218.0624 -38.82281
0.08864649 -1.550368 -0.06165135 -33.7353 191.3296 -29.15105
0.01320703 -1.407301 -0.06165135 -33.91087 166.4594 -19.81518
-0.01633398 -1.446364 -0.06165135 -31.6895 142.2762 -6.509832
-0.09275 -1.386061 -0.06165135 -25.07881 116.3372 2.131389
-0.09250586 -1.251295 -0.06165135 -24.58262 88.59679 12.86421
-0.08396093 -1.129469 -0.06165135 -25.38415 64.40595 22.03979
0.0178457 -0.957106 -0.06165135 -27.46049 42.72657 30.00925
0.1989981 -0.8094009 -0.06165135 -31.20095 23.90977 38.12376
0.2915273 -0.7432388 -0.06165135 -32.59789 7.009007 41.65811
0.337914 -0.634108 -0.06165135 -22.40705 -7.708549 33.04742
0.5613027 -0.4898208 -0.06165135 -5.651329 -13.1971 43.87948
0.6550527 -0.3567642 0.05626857 6.844855 -15.56351 34.94055
1.35183 0.3453843 1.002802 -19.29255 246.0243 -44.76937
1.379662 0.376146 -0.06165135 9.753252 246.0243 -182.4488
1.219018 0.348314 -0.06165135 7.157832 246.0243 -192.319
1.142846 0.2723862 -0.06165135 6.814321 246.0243 -199.7159
1.264428 0.04533544 -0.06165135 4.234168 246.0243 -207.8686
1.158471 -0.03352198 -0.06165135 1.508977 246.0243 -207.8381
1.156273 -0.1983169 -0.06165135 1.814321 246.0243 -208.8533
1.157494 -0.2718032 -0.06165135 5.730351 246.0243 -211.1969
1.24099 -0.339186 -0.06165135 0.7532519 246.0243 -197.1434
1.118676 -0.4993423 -0.06165135 -5.964305 246.0243 -202.5785
1.091332 -0.5227798 -0.06165135 -11.46049 245.8029 -185.2656
1.105736 -0.6734146 -0.06165135 -21.60553 223.4747 -158.2503
1.103783 -0.8386978 -0.06165135 -36.77346 234.467 -173.3724
0.9756094 -0.8611588 -0.06165135 -52.51392 229.9479 -184.0289
1.006127 -0.8938736 -0.06165135 -56.15514 209.1388 -150.0213
0.9804922 -1.045241 -0.06165135 -65.76583 210.009 -136.8304
0.8320547 -1.106276 -0.06165135 -77.53683 197.9174 -130.0747
0.7549062 -1.285719 -0.06165135 -87.26965 192.7113 -122.2274
0.6911855 -1.397536 -0.06165135 -75.11697 172.9174 -107.6472
0.5871816 -1.466139 -0.06165135 -62.05591 149.5205 -93.36479
0.5119863 -1.504713 -0.06165135 -57.25438 132.0624 -88.74648
0.4128652 -1.466628 -0.06165135 -55.96431 120.635 -76.70067
0.3703847 -1.422194 -0.06165135 -59.30018 100.4899 -60.30372
0.3210683 -1.436354 -0.06165135 -65.39942 82.56625 -45.74647
0.2783437 -1.454665 -0.06165135 -68.81927 63.78763 -30.83044
0.2607656 -1.448561 -0.06165135 -69.98721 45.7342 -17.08235
0.2724844 -1.401442 -0.06165135 -72.07881 26.67313 -3.097618
0.2981191 -1.355788 -0.06165135 -71.9185 8.360152 9.421466
0.3476797 -1.277907 -0.06165135 -71.70477 -7.907023 21.07032
0.4182363 -1.196852 -0.06165135 -70.49866 -23.06733 30.78788
0.495873 -1.124098 -0.06165135 -67.94141 -36.52534 39.50544
0.5923086 -1.049391 -0.06165135 -64.25438 -47.38031 42.55124
0.6843496 -0.9077896 -0.06165135 -62.34599 -56.85359 50.29169
0.7734609 -0.8260025 -0.03650486 -60.29255 -65.34977 58.03215
0.8423086 -0.7454361 0.117792 -59.49102 -71.07497 62.95582
0.9035879 -0.6717056 0.2518252 -58.69713 -77.64748 66.4978
0.9553457 -0.712233 0.3682803 -51.30018 -82.50245 71.3146
1.0281 -0.6648697 0.4671573 -40.90324 -83.41084 75.03979
1.036645 -0.5852798 0.5733584 -32.8727 -80.71619 72.52071
1.070092 -0.5310806 0.6319522 -20.9185 -89.16656 83.87949
1.122338 -0.3064712 0.7989444 -24.86507 -84.34978 75.2001
1.056664 -0.2517837 0.9280948 -35.49866 -88.85359 89.81841
1.137475 -0.1819595 0.9507998 -44.70476 -91.22764 97.34513
1.147484 -0.2051528 0.9796084 -45.61316 -91.54061 96.03979
1.180199 -0.1748794 1.028437 -44.59789 -90.26581 94.23063
1.179955 -0.1648696 1.084345 -39.63606 -87.45664 91.37566
1.170434 -0.1609634 1.126581 -34.67423 -87.02153 90.61994
1.184594 -0.08332666 1.184687 -35.79636 -85.20473 88.62757
1.206322 -0.08601221 1.233271 -36.6666 -85.0368 93.4291
1.211938 -0.198561 1.244745 -35.54446 -82.44901 86.77261
1.21975 -0.1973403 1.257196 -29.46812 -79.55588 91.09322
1.258813 -0.1399673 1.293329 -28.83453 -75.56351 91.95582
1.305443 -0.1797622 1.277216 -30.6895 -74.60931 94.11613
1.311547 -0.1875747 1.267938 -30.23911 -70.73909 97.13139
1.307885 -0.3098892 1.211786 -30.23148 -68.70855 103.0856
1.315697 -0.3538345 1.177851 -29.04827 -61.80779 103.1543
1.246361 -0.2989028 1.007929 -23.06354 -58.3116 108.536
1.217553 -0.3365005 0.9293155 -21.76583 -66.02153 102.7115
1.16018 -0.3250259 0.9588565 -24.90324 -59.63221 107.1619
1.085717 -0.3538345 0.9039248 -20.57499 -64.2429 111.1772
1.03518 -0.3865493 0.7960147 -17.79637 -65.47191 112.139
0.9655996 -0.403395 0.7344913 -17.11698 -68.45664 113.1238
0.9197012 -0.4265884 0.6570987 -12.59789 -72.45664 114.5283
0.8728262 -0.4251235 0.5860538 -13.42232 -76.60168 117.6428
0.8550039 -0.4444107 0.5382022 -13.86507 -80.991 120.6581
0.820336 -0.4583267 0.466669 -14.27728 -87.0826 124.6505
0.804711 -0.4715103 0.404169 -15.55209 -92.21237 127.1238
0.7646719 -0.4651626 0.3709658 -15.79637 -96.99863 127.9329
0.7153554 -0.4929946 0.3004092 -15.16278 -101.9376 131.1008
0.6731191 -0.531813 0.2547549 -13.83453 -108.3574 133.2612
0.6235586 -0.5669693 0.1419619 -13.91087 -113.2429 136.5512
0.5810781 -0.5918716 0.03746974 -16.18568 -122.8841 141.9253
0.572289 -0.6385025 -0.06165135 -19.8269 -134.6857 148.1237
0.5534902 -0.6250748 -0.06165135 -24.98721 -144.1818 154.5512
0.5442129 -0.6643814 -0.06165135 -28.47576 -155.0521 154.0551
0.5124746 -0.6277603 -0.06165135 -34.57499 -165.3727 157.4367
0.5190664 -0.618483 -0.06165135 -37.57499 -173.449 169.368
0.4604726 -0.6990494 -0.06165135 -38.92614 -190.8689 168.4138
0.5735097 -0.6363052 -0.06165135 -40.13224 -202.0292 165.8031
0.5425039 -0.6551041 -0.06165135 -42.81927 -219.7315 167.8947
0.5710683 -0.6292252 -0.06165135 -42.85743 -229.1895 168.5512
0.681664 -0.5445084 -0.05310643 -48.52156 -240.8765 175.7802
0.7263418 -0.6065201 -0.02063572 -49.52156 -248.8612 176.5665
0.8010489 -0.6016373 0.07604396 -50.19331 -254.2429 178.7497
0.827416 -0.5996841 0.1734561 -49.52919 -254.2429 175.826
0.9184805 -0.5523209 0.2864932 -52.37652 -254.2429 180.994
0.8960196 -0.5984634 0.3262881 -54.13224 -254.2429 185.8947
0.8615957 -0.1751235 0.06163967 -38.60553 -126.7544 49.71154
0.9345938 -0.8950943 0.4046573 -91.60552 -217.4185 107.2001
0.9385 -0.953688 0.4346866 -93.93377 -220.1284 113.3604
0.9355703 -0.9439224 0.4517764 -94.77347 -219.6246 121.7497
0.9409414 -0.9939713 0.4905948 -97.10171 -214.8689 137.7497
0.9035879 -0.955397 0.5723819 -96.53683 -225.7773 134.7421
0.9345938 -0.9514908 0.5762881 -94.46812 -234.9452 138.6428
