-0.03464453 0.9593979 0.9652041 34.72272 -24.68565 -70.17395
-0.06516211 1.025804 0.9561709 35.15783 -23.91466 -77.36479
-0.08176367 1.097337 0.9363955 36.02043 -24.63221 -83.01365
-0.08347265 1.146654 0.8956241 37.25707 -23.90702 -90.15105
-0.1130137 1.199144 0.8140811 36.39447 -23.43374 -98.11288
-0.1271738 1.232591 0.7425479 33.38684 -24.09786 -105.2045
-0.158668 1.259691 0.6175479 29.51661 -26.89939 -111.8228
-0.1408457 1.300462 0.5071963 23.76852 -31.13603 -118.1205
-0.1371836 1.314867 0.4019717 20.0815 -33.45664 -127.2503
-0.1745371 1.356126 0.3524112 12.0586 -36.80779 -134.4717
-0.2045664 1.409593 0.2654971 3.463176 -44.90702 -140.9678
-0.2201914 1.439622 0.1807803 -4.720031 -58.95282 -145.8381
-0.1427988 1.363939 0.2620791 -6.597894 -74.1055 -161.6472
-0.07517188 1.52849 0.1085147 -25.6895 -63.76199 -179.8533
-0.1347422 1.528978 0.1446475 -32.74293 -74.1513 -177.9068
-0.08225195 1.591478 0.2611026 -42.40705 -92.0368 -179.9221
0.07766016 1.590501 0.3111514 -55.28492 -97.57115 -189.0366
0.1540762 1.556078 0.4207705 -64.60552 -97.14367 -203.4335
0.1887441 1.532884 0.4988955 -73.94904 -102.7162 -213.1969
0.2790761 1.478441 0.5926455 -82.98721 -108.4795 -219.7159
0.3803945 1.403734 0.6568545 -90.98721 -106.533 -230.1969
0.4297109 1.369066 0.7005557 -100.5139 -102.3192 -241.548
0.4328847 1.298753 0.704462 -111.2925 -101.1971 -248.5709
0.450707 1.252123 0.6712588 -120.5292 -103.2505 -248.5709
0.4929433 1.190843 0.6141299 -128.3384 -106.3269 -248.5709
0.5332265 1.106859 0.5626163 -134.1246 -107.5406 -248.5709
0.5610586 1.048265 0.5003604 -135.9032 -107.9299 -248.5709
0.5691152 1.001878 0.4298038 -139.3307 -110.8383 -248.5709
0.5217519 0.9503647 0.4234561 -143.3231 -117.1971 -248.5709
0.593041 0.8302475 0.3524112 -150.3384 -134.7086 -248.5709
0.846459 0.6810776 0.09874905 -146.2773 -101.9757 -248.5709
0.681664 0.5961166 0.2298526 -155.5292 -118.5024 -248.5709
0.761498 0.4120347 0.1719912 -157.7506 -119.6093 -248.5709
0.0232168 0.4557358 1.928339 8.737985 2.741832 7.360397
-0.2753672 1.302904 0.8778018 79.57005 23.79527 -81.98312
-0.3058848 1.535814 0.7210635 86.24181 26.8258 -94.69304
-0.4262461 1.758714 0.6841983 78.76089 27.46702 -63.76937
-0.5026621 1.855394 0.7359561 66.73035 5.131145 -48.548
-0.3500742 1.835863 0.6014346 61.42501 -5.594046 -57.7541
-0.2822031 1.882249 0.5367373 57.56241 -4.891756 -82.93731
-0.2768321 1.982347 0.4913272 50.57768 -2.380306 -112.777
-0.3315196 2.163683 0.5142764 39.67692 -2.578779 -123.8304
-0.3725352 2.163683 0.5653018 23.48608 -14.3116 -126.8686
-0.3200449 2.163683 0.5806827 7.112031 -28.44901 -127.0366
-0.2043223 2.163683 0.5884952 -6.284916 -34.77725 -138.3495
-0.0873789 2.163683 0.6077823 -19.50629 -33.30397 -160.1053
-0.1288828 2.163683 0.7359561 -37.93377 -28.48717 -189.9755
-0.04001562 2.163683 0.843378 -55.7582 -40.54061 -184.9602
0.1655508 2.163683 0.7857608 -57.65133 -48.88412 -198.4946
0.3115469 2.163683 0.7784366 -70.36888 -42.41847 -221.5175
0.3581777 2.163683 0.8402041 -81.55209 -30.40321 -248.5709
0.3332754 2.163683 0.9478702 -94.00247 -31.63985 -248.5709
0.4074941 2.082933 0.9705752 -102.3918 -39.25053 -248.5709
0.5532461 1.968431 0.9571475 -111.9872 -40.63985 -248.5709
0.6562734 1.870042 0.9403018 -121.6437 -36.16656 -248.5709
0.7231679 1.705492 0.937128 -130.9261 -32.54061 -248.5709
0.7951894 1.576585 0.9559268 -140.9872 -30.3345 -248.5709
0.8222891 1.378099 0.9612979 -152.6208 -28.15893 -248.5709
0.849877 1.256029 0.9547061 -162.0559 -29.03679 -248.5709
0.8779531 1.116624 0.8804873 -170.5674 -27.06733 -248.5709
0.7751699 0.4274155 0.7991885 -207.8269 -63.23527 -248.5709
2.051537 -0.2183364 0.07042873 -212.2391 17.59679 -248.5709
0.6958242 -0.1121353 0.6407413 -201.346 14.26092 -248.5709
0.7932363 -0.5020279 0.4249209 -220.0559 11.19221 -248.5709
0.605248 -0.3379653 0.4175967 -248.5139 11.67313 -248.5709
0.8469473 -0.5860123 0.3006533 -248.5139 -5.838321 -248.5709
0.7087636 -0.924147 0.2867373 -248.5139 0.4822898 -248.5709
0.5771719 -1.165602 0.24621 -248.5139 0.3448853 -248.5709
0.5884023 -1.242751 0.05553615 -248.5139 -16.40321 -248.5709
0.6670156 -1.703444 0.03063381 -248.5139 -1.525344 -248.5709
0.572289 -1.696608 0.1453799 -248.5139 -9.716184 -248.5709
0.5324941 -1.822096 0.1314639 -221.6361 -7.708549 -248.5709
0.3657461 -1.820876 0.2559756 -175.8193 -12.57878 -248.5709
0.4121328 -1.598219 0.3524112 -159.491 -10.79252 -248.5709
0.3564687 -1.574049 0.3846377 -157.6819 -16.23527 -248.5709
0.2864004 -1.664137 0.4193057 -151.9414 -16.45664 -248.5709
0.2583242 -1.720778 0.3944033 -146.6895 -19.57878 -248.5709
0.2136465 -1.740309 0.4031924 -147.4529 -22.92992 -248.5709
0.1906973 -1.836256 0.3409365 -137.117 -25.97573 -248.5709
0.1611562 -1.836256 0.4051455 -133.6971 -31.04443 -235.0366
0.1169668 -1.836256 0.4178409 -132.6742 -36.22763 -224.1434
0.1179434 -1.836256 0.5157413 -132.575 -42.60168 -208.8381
0.09645899 -1.836256 0.6412295 -145.8803 -44.82305 -192.5175
0.1770254 -1.836256 0.6749209 -139.4987 -48.76962 -168.5556
0.0635 -1.836256 0.810419 -136.3307 -34.42611 -151.8839
0.1413809 -1.836256 0.8394717 -106.4376 -19.21237 -130.3419
-0.004859373 -1.836256 0.9881534 -91.53683 -22.01389 -134.2045
0.04201563 -1.836256 1.128046 -80.94141 -24.95282 -126.3572
0.02346094 -1.836256 1.160272 -64.36888 -32.18946 -114.7923
0.03591211 -1.836256 1.213983 -51.01774 -29.29634 -106.319
0.01491602 -1.836256 1.280146 -35.24675 -24.77725 -95.6396
0.002464846 -1.836256 1.319452 -21.30782 -22.1971 -87.60143
0.007591799 -1.836256 1.314569 -9.689496 -20.91466 -78.76174
0.01100977 -1.805251 1.299921 0.6616488 -17.55588 -70.12051
0.006371096 -1.692213 1.268671 10.18837 -14.76962 -62.38006
-0.01853125 -1.599684 1.22619 18.2647 -13.1513 -53.49456
-0.04221289 -1.532301 1.202753 24.60058 -11.56351 -46.47166
-0.04782812 -1.436842 1.185663 24.40211 -10.67038 -39.92968
-0.03781836 -1.353346 1.167841 22.43264 -8.227634 -29.49457
-0.06980078 -1.291579 1.115595 24.35631 -8.807787 -22.18922
-0.09079687 -1.203444 1.093378 24.20363 -8.769619 -16.04418
-0.08591406 -1.140456 1.082636 22.62348 -9.174198 -9.631969
-0.09323828 -1.061598 1.057978 21.72272 -9.830687 -2.746473
-0.09738867 -0.977858 1.04162 21.79142 -11.48718 2.917649
-0.09812109 -0.8780045 1.028925 20.50898 -11.67802 5.96345
-0.1010508 -0.7959732 1.057245 17.99753 -14.42611 8.917649
-0.1015391 -0.7029556 1.066767 15.34867 -15.70092 13.4291
-0.08518164 -0.6856216 1.060419 18.18073 -18.09023 17.68864
-0.1008066 -0.6485123 1.123407 26.89066 -17.64748 15.97108
-0.02829687 -0.5271744 1.142694 31.46318 -19.80779 22.22299
-0.03952734 -0.4612564 1.20495 28.53951 -20.89939 19.39857
-0.03342383 -0.3469985 1.304071 7.539511 -24.09786 21.5665
-0.03879492 -0.3125747 1.334833 -0.3307176 -23.43374 17.20009
-0.002173826 -0.3201431 1.344355 -6.094077 -22.2658 14.07032
0.02541406 -0.323561 1.382685 -5.826901 -22.23527 14.29169
0.02883203 -0.3545669 1.41662 -2.933771 -21.87649 11.59704
0.05739648 -0.3562759 1.459589 0.806687 -21.83832 9.15429
0.07546289 -0.3526138 1.505976 4.417374 -20.62458 6.268794
0.1176992 -0.2754653 1.56164 2.371572 -19.76199 5.421466
0.1291738 -0.3340591 1.572382 2.379206 -18.1971 4.452
0.4265371 -1.836256 0.6321963 -143.4223 -71.86122 -248.5709
0.2849355 -1.836256 2.083124 -72.15514 39.6884 -58.92968
0.2446523 -1.836256 2.124628 -50.70476 41.58153 -56.43349
0.1731191 -1.836256 2.105585 -23.59026 31.8487 -53.09762
0.0857168 -1.808424 2.039667 2.394473 25.8258 -63.24265
0.1196523 -1.519362 1.821161 9.00516 25.85633 -67.77701
0.1157461 -1.355788 1.743524 11.82195 19.10061 -52.15105
0.1111074 -1.291579 1.609003 10.58531 14.65786 -36.81517
0.105248 -1.107741 1.549677 18.63111 62.00901 -25.54037
0.1037832 -1.119948 1.320185 19.95173 49.41359 -11.13579
-0.1039805 -1.163893 1.251337 23.80669 51.42122 -22.39533
-0.01291601 -1.131422 1.150507 30.66928 54.69603 -24.548
-0.03464453 -1.049147 1.102167 33.29523 52.49756 -13.05182
-0.0627207 -1.013747 1.054315 38.65401 49.55863 -6.089984
-0.108375 -0.9759048 0.9866885 43.66928 46.19985 -8.471664
-0.1186289 -0.9112076 0.8966006 47.63111 41.58153 -8.73884
-0.1679453 -0.8416275 0.8968448 50.76089 23.8945 -7.112885
-0.1454844 -0.7825455 0.8594913 48.27234 14.05481 -17.34189
-0.05222266 -0.7134537 0.8387393 43.24944 21.52809 -13.5709
-0.08591406 -0.6887955 0.9766788 35.47844 13.62733 3.337496
-0.08469336 -0.7876724 1.071405 29.48608 11.32962 8.001618
-0.04416601 -0.8675064 1.174677 28.27234 12.72657 1.070321
0.04470118 -0.8347916 1.258173 28.57005 13.88687 2.993985
0.07717187 -0.7967056 1.317743 26.82195 15.22275 13.84131
0.08791407 -0.807692 1.369745 26.60822 15.7571 20.17719
0.1025625 -0.7969498 1.415399 24.69982 19.51283 20.32223
0.1318594 -0.7666763 1.451532 24.34104 22.63496 25.13139
0.1335684 -0.7320084 1.447138 25.2647 25.54336 30.72681
0.1084219 -0.6668228 1.471064 25.08913 27.52809 30.49017
0.129418 -0.5989517 1.439081 25.3105 29.7113 32.22299
