0.6291738 1.298021 0.1763858 -233.2391 -81.78489 -248.5709
0.747582 1.133714 0.1912783 -248.5139 -77.38794 -248.5709
0.7705312 1.029222 0.241083 -248.5139 -72.88412 -248.5709
0.8420645 0.8964096 0.2493838 -248.5139 -74.65512 -248.5709
0.8435293 0.8365952 0.27746 -248.5139 -69.18947 -248.5709
0.8825918 0.6254135 0.2725772 -248.5139 -67.61695 -248.5709
0.8913809 0.5035873 0.2300967 -248.5139 -63.56351 -248.5709
0.8757559 0.3065659 0.2000674 -248.5139 -62.09023 -248.5709
0.8696524 0.2037827 0.1436709 -248.5139 -62.86122 -248.5709
0.8733145 0.04435888 0.1839541 -248.5139 -61.18946 -248.5709
0.8506094 -0.07575831 0.1358584 -248.5139 -64.02916 -248.5709
0.8425528 -0.2229751 0.02477443 -248.5139 -73.54825 -248.5709
0.9035879 -0.4878677 -0.01355565 -248.5139 -54.57878 -248.5709
0.5447011 -0.5689224 -0.01306736 -248.5139 -102.1208 -248.5709
0.7473379 -0.814772 -0.06165135 -248.5139 -107.3269 -248.5709
0.6467519 -1.226149 -0.06165135 -248.5139 -98.1055 -248.5709
0.6670156 -1.46736 -0.06165135 -242.72 -94.0826 -248.5709
0.5674062 -1.615309 -0.06165135 -220.3918 -99.32687 -248.5709
0.4636465 -1.71736 -0.06165135 -184.9185 -93.73145 -248.5709
0.2964101 -1.836256 -0.04895604 -154.9643 -116.4872 -248.5709
0.3376699 -1.836256 0.02330959 -112.1399 -131.4566 -248.5709
0.3088613 -1.836256 0.2088565 -84.75056 -143.991 -248.5709
0.3261953 -1.836256 0.3731631 -76.54446 -146.6857 -248.5709
0.2925039 -1.836256 0.5120791 -65.21621 -143.9986 -248.5709
0.2246328 -1.82527 0.6717471 -57.55972 -152.6933 -248.5709
0.247582 -1.775221 0.7828311 -52.52919 -150.8231 -248.5709
0.2048574 -1.799635 1.004755 -53.13224 -156.1513 -248.5709
0.2290273 -1.809645 1.16369 -57.72003 -167.4185 -242.6549
0.1511465 -1.72444 1.628778 -67.58263 -198.4872 -202.7847
0.527123 -1.836256 1.51745 -89.46049 -186.8765 -158.0289
0.4800039 -1.836256 1.720819 -123.6208 -107.2353 -208.1663
0.5498281 -1.836256 1.879023 -142.3384 -105.5712 -155.8915
0.6721426 -1.836256 1.894403 -144.2086 -39.96046 -67.38006
0.5591054 -1.836256 2.358027 -174.4529 14.62733 -61.46403
0.4419179 -1.836256 2.455683 -210.6513 34.44412 -13.81518
0.3713613 -1.836256 2.539911 -240.5903 70.79527 -9.486932
0.09694727 -1.836256 2.473261 -196.659 75.23038 58.53597
-0.002173826 -1.836256 2.408319 42.79142 98.14641 36.23063
-0.1264414 -1.750075 3.273554 -64.81927 35.6655 24.75734
-0.07126563 -1.836256 2.654413 -35.55209 66.98611 52.60467
-0.8290781 -1.836256 3.293329 -31.34599 -10.03679 -5.799908
-0.2074961 -1.836256 2.217646 -26.30782 2.245649 5.055054
-0.3647227 -1.390456 2.136835 -31.19331 -27.83069 24.87948
0.2702871 -1.656325 1.694208 -18.30782 -20.74672 -27.6625
-0.01975195 -0.8882584 1.609491 -3.941405 18.81054 -10.25029
0.007103518 -0.5850357 1.543085 -7.361252 25.81054 41.4978
-0.4147715 -0.6934341 1.540155 -5.452855 33.77237 54.58177
-0.3984141 -0.6121353 1.460321 -5.170413 39.49756 34.51307
-0.3559336 -0.5767349 1.301874 0.7914199 36.34489 21.94818
-0.3703379 -0.4214614 1.369013 13.03569 16.16168 32.50544
-0.3910899 -0.3587173 1.285028 16.0815 -1.441374 31.30696
-0.4140391 -0.392897 1.303827 26.76852 -7.655115 9.635206
-0.4294199 -0.3618911 1.324579 46.69982 -15.80015 -7.769373
-0.3395762 -0.2718032 1.330438 66.99753 -25.43374 -17.88388
0.3532949 -1.836256 0.7176455 -215.4071 -90.78489 -248.5709
0.3891836 0.06584325 2.105829 97.31814 105.3143 -61.60907
0.4616933 0.1312729 2.177118 140.1502 115.7266 -97.5938
0.4338613 0.4408432 2.320185 168.4555 90.27618 -88.00601
0.5725332 0.6517807 2.473261 170.967 126.0014 -122.0824
0.641625 0.9081284 2.772821 137.5013 134.3067 -144.8839
0.6999746 1.194505 2.741083 86.56242 153.5968 -127.4182
0.6848379 1.057787 2.720087 -2.628428 187.8869 -63.84571
0.8161856 0.992601 2.407099 -7.987206 228.7876 -81.32662
0.6614004 0.8593002 2.708857 1.081496 215.3678 -80.18922
0.6748281 0.9293686 2.756952 18.73035 187.0777 -99.91441
0.8139883 0.9628159 2.632929 30.87539 184.4899 -114.3266
1.097924 1.146165 2.536493 -0.9490381 212.5357 -121.4488
1.082055 0.9384018 2.525263 -5.735298 244.2151 -131.6167
1.087182 0.9366928 2.525263 2.844855 246.0243 -147.1129
1.172143 0.9354721 2.483515 3.379206 246.0243 -161.0595
1.265404 0.8412338 2.373896 3.455542 246.0243 -171.2732
1.270043 0.8309799 2.34289 1.081496 246.0243 -183.5404
1.328393 0.7535873 2.185419 0.0127939 246.0243 -194.5862
1.355492 0.6403061 2.077265 1.524244 246.0243 -205.5709
1.399193 0.5714584 1.91955 -2.170412 246.0243 -213.2045
1.453881 0.5018784 1.81872 -5.017741 246.0243 -219.3648
1.474389 0.4642807 1.75036 -11.97957 246.0243 -230.861
1.534447 0.3412339 1.622919 -12.95667 246.0243 -233.5938
1.539818 0.2767807 1.535028 -11.804 246.0243 -243.2198
1.598412 0.2711655 1.445673 -13.55973 246.0243 -246.6778
1.650414 0.2977768 1.468134 -25.7582 246.0243 -247.3037
1.617455 0.1998765 1.462274 -35.81163 246.0243 -248.5709
1.572777 0.169603 1.470087 -39.23148 246.0243 -223.5862
1.670434 -0.01154932 1.23913 -38.23148 246.0243 -213.632
1.682885 -0.06526026 1.010614 -48.90324 246.0243 -248.5709
1.70266 -0.234938 0.8487491 -25.88033 246.0243 -248.5709
1.742943 -0.3648208 0.7867373 -9.10171 246.0243 -248.5709
1.884057 -0.1062759 0.6907901 -5.407053 246.0243 -248.5709
1.937523 -0.2459243 0.5609073 -4.758199 246.0243 -248.5709
1.948266 -0.1973403 0.3709658 2.020427 246.0243 -248.5709
1.784203 -0.2718032 0.4063663 -5.162779 246.0243 -248.5709
1.46267 -0.4007095 0.3084658 -10.39179 246.0243 -248.5709
1.737328 -0.5567154 0.0281924 -13.88034 246.0243 -248.5709
1.71267 -0.4109634 -0.05872166 -20.10171 246.0243 -248.5709
1.718529 -0.5843033 -0.06165135 -33.62079 246.0243 -248.5709
1.728051 -0.5728287 -0.06165135 -50.11698 246.0243 -248.5709
1.517357 -0.6402115 -0.06165135 -62.52919 246.0243 -248.5709
1.437523 -0.7537369 -0.06165135 -82.52155 246.0243 -248.5709
1.360131 -0.9033951 -0.06165135 -99.99484 246.0243 -245.1434
1.287621 -0.9959244 -0.06165135 -120.3842 246.0243 -243.8457
1.274682 -1.061354 -0.06165135 -140.3078 246.0243 -228.5785
1.156762 -1.130202 -0.06165135 -161.8345 246.0243 -212.8992
1.118188 -1.214674 -0.06165135 -188.9796 246.0243 -191.632
1.271508 -1.396559 -0.06165135 -195.117 246.0243 -187.3648
1.084496 -1.346022 -0.06165135 -215.8345 246.0243 -155.3953
0.7744375 -1.494704 -0.06165135 -234.659 246.0243 -135.1053
0.5085683 -1.583815 -0.06165135 -248.5139 246.0243 -98.10525
0.400414 -1.823317 -0.06165135 -239.6055 246.0243 -101.2656
0.3740469 -1.836256 -0.06165135 -212.8651 246.0243 -117.8304
0.4289785 -1.836256 -0.06165135 -190.3231 233.4518 -98.6854
0.3574453 -1.836256 -0.06165135 -165.72 217.2227 -83.5938
0.1723867 -1.836256 -0.06165135 -144.8345 187.4518 -71.10525
-0.06516211 -1.836256 -0.06165135 -131.3384 156.8563 -42.64724
-0.1462168 -1.836256 -0.06165135 -109.5597 133.1846 -29.92205
-0.294166 -1.836256 -0.06165135 -59.53682 118.551 -25.42586
-0.3185801 -1.836256 -0.06165135 -49.39942 79.52045 -9.822809
-0.222877 -1.720778 -0.06165135 -45.64369 56.90214 3.64284
-0.1027598 -1.60652 -0.06165135 -40.97957 34.56626 14.07795
-0.02463476 -1.44734 -0.06165135 -40.72766 16.50519 24.22299
0.07814844 -1.352126 -0.06165135 -41.30018 0.9250379 35.37567
0.1858145 -1.25276 -0.06165135 -37.70476 -10.39557 44.61994
0.2751699 -1.18611 -0.06165135 -29.45285 -22.20473 48.61231
0.3808828 -1.050368 -0.06165135 -21.30782 -34.28107 55.68864
0.4450918 -1.00569 -0.06165135 -12.83453 -45.63985 65.60468
0.5105215 -0.953688 -0.06165135 -4.124611 -53.15893 65.75735
0.5661855 -0.8394302 -0.06165135 6.073863 -62.62458 68.74971
0.6203847 -0.6245865 0.04039943 6.020427 -70.16656 71.49017
0.6843496 -0.4934829 0.1805362 0.7379847 -78.95283 74.58177
0.7502676 -0.4273208 0.2569522 -3.666595 -85.30397 76.57414
0.7717519 -0.4043716 0.289667 -2.735298 -92.21237 77.86421
0.8213125 -0.3867935 0.3765811 4.173099 -98.41848 76.44437
0.8796621 -0.2954849 0.5206241 15.27997 -101.4185 75.51307
0.9475332 -0.2266372 0.591669 21.44028 -104.136 73.78024
0.9536367 -0.09968409 0.7112979 29.82959 -107.5101 70.2001
0.9885489 0.02116552 0.8900088 34.44791 -110.7544 77.4062
0.9970938 -0.007154793 0.9156436 43.66928 -112.7085 86.67338
1.103783 0.121019 1.041376 50.77615 -100.8612 58.55124
1.009057 0.2587143 1.193231 43.29524 -105.1055 71.77261
1.035424 0.2645737 1.211054 35.196 -102.9681 72.55124
1.055932 0.3197495 1.378534 -7.704763 -82.30397 52.32986
1.060326 0.3016831 1.358515 -18.65133 -77.38794 49.32986
1.07058 -1.273512 -0.06165135 -203.5674 246.0243 -103.0976
-0.02902929 -1.836256 -0.06165135 -160.1475 246.0243 -54.38769
-0.0007089824 -1.836256 -0.06165135 -111.7124 204.322 -29.46403
-0.1825937 -1.836256 -0.06165135 -64.43758 188.9556 -32.37243
-0.3830332 -1.836256 -0.06165135 -48.45285 144.6197 -19.4793
-0.3842539 -1.836256 -0.06165135 -37.9414 111.2304 -8.578535
-0.4181895 -1.836256 -0.06165135 -31.35362 76.55862 6.230626
-0.3825449 -1.836256 -0.06165135 -24.01774 43.8487 19.04742
-0.2573008 -1.742751 -0.06165135 -17.6895 16.25328 31.42146
