1.0906 0.7299057 1.24206 159.2189 -239.3956 251.6963
1.075463 0.796312 1.314325 156.967 -233.7315 251.6963
1.080834 0.8998276 1.322626 143.3181 -223.9834 251.6963
0.9868399 0.8683334 1.364618 129.5624 -219.0521 251.6963
0.974877 0.9320541 1.391474 116.2952 -217.3421 251.6963
0.8113028 0.9698959 1.477411 99.57768 -209.5024 251.6963
0.783959 0.9952866 1.502069 108.8143 -199.7086 251.6963
0.7568594 1.160082 1.565302 99.2189 -195.1208 246.8184
0.7929922 1.157884 1.525751 91.1731 -189.9223 236.6428
1.002465 1.187181 1.559442 77.14256 -185.1895 226.1619
1.117943 1.186937 1.512567 64.96699 -146.6704 206.765
0.8427969 1.074876 1.577509 72.58531 -145.1284 211.9329
0.8061758 1.481615 1.789179 81.93646 -150.678 217.536
0.7895742 1.487962 1.833612 79.15783 -135.0444 197.8108
0.6460195 1.55681 1.971064 72.52425 -93.44901 155.9711
0.2844472 1.733812 2.228632 31.63875 -79.48717 129.3299
0.2226797 1.606371 2.116571 7.890656 -103.1208 131.7039
0.1765371 1.546068 2.187616 13.57005 -109.22 128.2917
0.2126699 1.439867 2.137568 3.257069 -115.5712 139.5665
0.329125 1.371019 2.120966 11.73035 -108.0902 129.7497
0.3664785 1.390062 2.11706 8.79142 -84.73909 107.8718
0.2766347 1.383226 2.144892 3.837221 -72.36504 95.03216
0.2583242 1.365648 2.139277 -1.468122 -63.69328 86.36803
0.1855703 1.32097 2.14538 -4.758199 -58.18946 80.13902
0.171166 1.26848 2.149286 -8.42232 -50.59404 70.98635
0.1552969 1.202074 2.120234 -12.15514 -43.66275 65.28406
0.136498 1.128587 2.104609 -18.74293 -32.49481 59.4291
0.1274648 1.061449 2.063349 -21.50629 -21.2887 52.41383
0.0923086 1.028001 2.022821 -22.33835 -10.63985 45.44437
0.009300783 0.8688217 1.868769 -22.38415 14.10061 29.20773
0.02761133 0.850267 1.817499 -24.52919 20.19985 28.66574
-0.01267187 0.7794662 1.797235 -22.57499 34.99374 22.62757
-0.1010508 0.7413803 1.695429 -19.21621 42.48229 22.39093
-0.1615977 0.7496811 1.608759 -13.49866 47.16168 20.97872
-0.2077402 0.7938705 1.495478 -14.86507 48.58916 17.81078
-0.2446055 0.725267 1.440058 -3.826901 48.68076 15.10085
-0.3486094 0.8353745 1.312372 3.188366 51.85634 14.4062
-0.3605723 0.7482162 1.118769 22.02806 44.11588 -3.922046
-0.4125742 0.8563705 1.060663 35.44791 35.19985 -20.86861
-0.3891367 0.9276596 0.9940127 44.66165 30.05481 -16.79227
-0.4089121 1.072679 0.9207705 46.73798 30.55863 -30.4335
-0.4164805 1.123216 0.9744815 41.40211 22.88687 -24.71594
-0.3974375 1.188158 0.9730166 42.18073 20.22275 -35.82281
-0.4059824 1.262132 1.033563 41.76089 14.00901 -38.34189
-0.3908457 1.305589 1.050653 37.00516 10.30672 -43.15105
-0.3732676 1.316576 1.038446 34.74562 10.61206 -50.31136
-0.3786387 1.339769 1.044794 26.51661 10.8945 -56.5938
-0.3823008 1.307054 1.03161 16.64638 9.314351 -59.67777
-0.3849864 1.260423 1.009882 8.883023 7.146412 -63.53273
-0.3942637 1.17058 0.9810733 4.394473 5.634962 -67.89151
-0.3967051 1.117845 0.9451846 1.844855 4.528091 -73.03654
-0.3832774 1.08391 0.9424991 1.539511 2.329618 -77.73884
-0.3891367 1.095873 0.9254092 -5.376519 3.092977 -82.92968
-0.4076914 1.084886 0.8878116 -11.13988 1.146412 -86.87624
-0.4299082 1.065843 0.8873233 -10.60553 -0.8230536 -91.63197
-0.4814219 1.004564 0.8638858 -4.926137 -5.235268 -97.20449
-0.4181895 1.103197 0.9009952 -3.712397 -11.37267 -99.67777
-0.3969492 1.129076 0.8558291 -5.849802 -11.43374 -107.6167
-0.4028086 1.120042 0.8697452 1.028061 -10.14366 -118.9449
-0.3996348 1.201341 0.9422549 0.1730993 -15.54061 -122.3801
-0.3637461 1.234789 0.9403018 -1.086443 -17.84595 -128.5098
-0.3156504 1.245287 0.9603213 2.119664 -19.07496 -136.6778
-0.3139414 1.276781 0.9942569 4.806687 -20.23527 -145.8686
-0.2592539 1.307298 1.012812 8.898291 -22.59405 -154.1434
-0.2243418 1.36931 1.035517 9.699817 -22.86885 -163.6854
-0.1933359 1.407884 1.075556 7.577679 -22.01389 -172.8992
-0.1364512 1.478929 1.108026 2.49371 -22.27343 -180.3953
-0.09006445 1.545091 1.134149 -6.750565 -20.01389 -187.7388
-0.07443945 1.56389 1.169794 -15.50629 -16.51771 -196.4259
-0.05637305 1.590257 1.173944 -23.26201 -14.30397 -204.2427
-0.05271094 1.594408 1.187616 -33.02537 -13.40321 -210.7617
0.9138418 0.6376205 1.802851 183.3639 -141.7773 251.6963
0.6335683 0.8072983 1.34289 203.6464 -89.1055 243.994
0.5874258 0.9711166 1.352655 166.3029 -96.27344 251.1008
0.502709 0.803392 1.142694 157.7914 -97.92229 251.6963
0.4341054 0.9442612 1.016718 131.2647 -101.8231 251.6963
0.2234121 1.107835 0.6148623 144.7227 -106.075 246.9863
0.1089102 1.603685 0.8870791 141.2418 -132.0368 216.3451
0.1133047 1.015062 1.157099 97.76089 -128.6475 242.0856
0.3242422 1.21306 1.040399 83.66165 -107.8536 221.7879
0.4087148 1.214769 0.9901065 81.30287 -104.8994 210.4902
0.4695058 1.322679 0.9937686 42.20364 -107.449 215.7573
0.4363027 1.349046 0.9725284 11.20363 -102.9147 209.0551
0.3833242 1.396654 0.9737491 -18.42232 -108.2811 205.5818
0.3684316 1.375414 1.060419 -44.52156 -109.6551 199.536
0.3821035 1.346605 1.159296 -62.02537 -109.3192 188.3298
0.3640371 1.32683 1.250849 -66.17041 -105.8536 168.8031
0.2947011 1.337328 1.411737 -63.36125 -95.72382 141.6734
0.3071523 1.186449 1.502558 -51.78873 -86.45664 139.7268
0.2583242 1.126146 1.568476 -35.29255 -68.66275 120.7955
0.1577383 0.9059311 1.604608 -3.819267 -52.60168 92.78788
0.1030508 1.177415 1.763788 -0.6665954 -53.83832 90.58177
-0.0602793 1.090746 1.780634 1.356305 -48.47954 49.97872
-0.104957 1.058031 1.887812 -7.872703 -58.22 54.79551
-0.1977305 1.072435 1.983271 -18.8956 -79.65512 52.4062
-0.1835703 0.8217026 1.866083 -18.55209 -98.36504 55.76498
-0.006324217 0.6041733 1.719599 -0.7734657 -102.1437 51.49017
0.07497461 0.5258041 1.63537 10.71508 -81.58642 29.48253
0.03029688 0.454271 1.621698 22.64638 -68.47955 20.26116
-0.05222266 0.4325425 1.610224 27.96699 -60.95282 14.5436
-0.1164316 0.3854233 1.602899 30.11967 -61.80015 16.5665
-0.120582 0.341478 1.552606 30.60822 -62.90702 20.17719
-0.111793 0.315355 1.513544 26.0357 -59.2887 21.24589
-0.1230234 0.2797104 1.490839 22.21127 -53.94519 23.13139
-0.1269297 0.2977768 1.486689 16.90592 -48.91466 26.29169
-0.118873 0.3346421 1.51037 10.14256 -44.80015 29.96345
-0.06247656 0.4825913 1.499628 -8.651328 -43.0826 40.00162
-0.08542578 0.1551987 1.550898 11.63875 -31.80779 30.26879
-0.212623 0.423021 1.501093 15.03569 -23.96046 29.35276
-0.2204355 0.3187729 1.434198 9.638748 -21.53298 32.74208
-0.3044199 0.3910386 1.423212 12.53188 -14.63221 31.77261
-0.3178477 0.4794175 1.385126 4.402107 -13.52534 37.81078
-0.3310313 0.4989487 1.343622 0.7608855 -14.73145 40.99399
-0.2934336 0.478685 1.310175 15.02806 -11.63985 29.23063
-0.3473887 0.6195541 1.305048 21.1273 -9.876489 23.87185
-0.3547129 0.6600815 1.274286 28.04333 -8.41084 20.45963
-0.3422617 0.6798569 1.264521 40.1273 -8.151299 18.26879
-0.3307871 0.7567612 1.191767 59.86776 -6.052061 -1.65487
-0.3664317 0.8290268 1.119745 76.32578 -6.632214 -13.73121
-0.3244395 0.8585678 1.120966 87.41737 -5.823054 -12.51747
-0.3251719 0.8961655 1.080927 109.051 1.451756 -37.37243
-0.4240489 1.05266 1.03747 121.738 -2.120764 -57.55563
-0.4533457 1.242601 0.9600772 120.8449 2.818168 -69.67014
-0.4882578 1.416185 0.8304385 91.63875 15.36779 -71.67014
-0.6205821 1.412279 0.8240909 87.80669 -8.746717 -49.02892
-0.5715098 1.412035 0.7464541 73.1044 -29.78489 -43.56327
-0.4230723 1.327806 0.6133975 58.68455 -27.70855 -52.79227
-0.40525 1.301927 0.5418643 47.27234 -17.76962 -71.48693
-0.5002207 1.283128 0.5591983 38.52425 -24.66275 -73.96021
-0.528541 1.199388 0.515253 38.47844 -34.83832 -73.49456
-0.5297617 1.069505 0.4368838 51.11203 -46.02153 -79.91441
-0.4233164 1.187669 0.4849795 31.1044 -39.34214 -85.90678
-0.4133067 1.238207 0.5765323 12.46318 -29.78489 -95.18159
-0.4633555 1.263841 0.6165713 -0.3078167 -37.84595 -92.03654
-0.4477305 1.344652 0.5069522 -19.57499 -44.18183 -92.57853
-0.4123301 1.390794 0.3939151 -31.22385 -50.41847 -97.60143
-0.3573985 1.466234 0.3575381 -41.30782 -54.91466 -97.22739
-0.2973399 1.361498 0.3489932 -36.26202 -61.54824 -107.6549
-0.2607188 1.518724 0.4256534 -47.17041 -54.91466 -117.403
-0.2240977 1.528734 0.4000186 -47.77346 -58.67801 -128.6091
-0.2670664 1.504564 0.3831729 -45.9185 -71.86122 -131.2656
-0.1191172 1.588792 0.3463076 -53.16278 -78.31924 -136.7694
-0.1010508 1.474046 0.4193057 -59.74293 -75.96046 -151.9526
-0.06662695 1.604906 0.3814639 -60.04827 -70.57878 -168.7083
-0.143043 1.639085 0.3289737 -66.57499 -84.23527 -174.4717
-0.03195898 1.856126 0.2777041 -86.57499 -96.28107 -180.319
0.07888086 1.839281 0.3424014 -114.0941 -95.58642 -194.6854
0.207543 1.782884 0.3636416 -130.8498 -107.4414 -199.8381
0.2085195 1.668138 0.4681338 -137.0177 -106.0292 -216.2198
0.249291 1.659349 0.3843936 -142.43 -99.50245 -240.319
