0.7605215 -0.8296646 0.002069354 -47.19331 -98.21237 41.29169
0.7751699 -0.8269791 0.03576076 -49.18568 -105.4337 44.79551
0.7607656 -0.8606705 0.06798732 -53.09407 -112.8841 50.19246
0.7778554 -0.9116959 0.1126651 -57.97957 -120.6857 56.26116
0.7868886 -0.9263443 0.187128 -65.85744 -128.4108 62.30696
0.8254629 -1.019606 0.1771182 -71.27728 -133.9147 72.39093
0.8313223 -1.091383 0.2198428 -71.29255 -142.5406 75.44437
0.8913809 -1.076247 0.3233584 -75.63606 -148.3345 84.85658
0.9157949 -1.10652 0.3748721 -79.58263 -151.1437 93.58177
0.9309317 -1.146071 0.4341983 -79.44522 -155.7773 98.51307
0.9560781 -1.14778 0.5115909 -78.65896 -157.7086 106.6199
0.9719473 -1.159499 0.5577334 -76.16278 -160.0979 111.3299
0.9880606 -1.133864 0.5784854 -73.52919 -160.533 120.223
0.990502 -1.173415 0.584833 -70.61316 -164.0444 122.0169
1.017357 -1.146315 0.6138858 -70.35361 -165.2505 130.6734
1.006859 -1.176344 0.6065616 -68.8956 -167.8994 136.1925
0.9907461 -1.200026 0.6131534 -66.804 -170.7696 141.9787
1.001488 -1.200026 0.6341495 -63.804 -172.5101 147.1543
0.9658438 -1.211501 0.6136416 -62.18568 -176.1131 155.3451
0.9787832 -1.238356 0.624628 -60.46049 -179.22 159.8184
0.9900137 -1.235915 0.6517276 -61.19331 -181.5712 168.597
0.9931875 -1.2386 0.6585635 -60.25438 -182.9528 175.2153
1.000756 -1.234938 0.6783389 -59.08644 -186.0292 182.0627
1.036645 -1.206862 0.7130069 -60.02537 -188.4948 188.8108
1.050561 -1.182448 0.7518252 -59.04064 -190.3269 195.0627
1.07766 -1.155836 0.8013858 -57.65896 -190.6093 198.6657
1.077904 -1.133376 0.8485049 -53.81163 -191.5941 201.0856
1.102807 -1.086989 0.8963565 -49.41468 -192.8994 207.6886
1.118676 -1.078932 0.9669131 -44.34599 -191.5712 210.8642
1.145287 -1.050856 1.024774 -38.44522 -189.9376 214.3757
1.140404 -1.014235 1.046015 -33.7811 -186.7543 221.2383
1.122826 -0.9717545 1.046259 -31.28492 -185.3574 227.4444
1.122094 -0.9470963 1.050653 -28.13988 -183.2811 232.0016
1.124535 -0.9080338 1.039911 -22.8498 -179.6169 236.0169
1.127709 -0.9031509 1.025995 -16.8956 -173.3345 243.452
1.062279 -0.9282974 1.049677 -11.85744 -172.5712 248.3909
1.006615 -0.9871353 1.019403 -5.788733 -176.2658 241.6963
1.009057 -0.9392838 0.9481143 -0.6665954 -173.4108 249.7268
0.9756094 -0.9646744 0.8731631 1.096763 -173.0902 251.6963
0.9289785 -0.9580826 0.794794 0.2341679 -174.2276 251.6963
0.9001699 -1.000563 0.7108096 -1.178046 -175.1284 251.6963
0.8730703 -1.001784 0.6378116 -3.178046 -176.8002 251.6963
0.8442617 -0.9793228 0.5853213 -6.842168 -179.7773 251.6963
0.8364492 -0.9514908 0.5323428 -11.59026 -183.4185 251.6963
0.8269278 -0.9065689 0.4920596 -17.6666 -187.6093 251.6963
0.8459707 -0.8596939 0.4639834 -22.28492 -191.2887 251.6963
0.8376699 -0.781813 0.4503116 -26.48339 -194.4795 251.6963
0.8427969 -0.6668228 0.4332217 -30.7582 -198.9376 251.6963
0.8445059 -0.5840591 0.3953799 -34.76583 -204.4414 251.6963
0.8628164 -0.5384048 0.3773135 -37.83453 -210.2047 251.6963
0.8779531 -0.4492935 0.3839053 -43.35362 -217.1055 251.6963
0.8752676 -0.3809341 0.3829287 -47.21621 -225.1055 251.6963
0.957543 -0.1482681 0.4708194 -56.06354 -243.3727 251.6963
0.9848867 -0.1201919 0.4893741 -57.27728 -250.6628 251.6963
1.001 -0.1153091 0.5545596 -49.31545 -251.8918 251.6963
1.052758 0.01579443 0.6097354 -49.88797 -254.2429 251.6963
1.036156 0.04289403 0.7159366 -51.58263 -254.2429 251.6963
1.079857 0.1232163 0.789667 -49.69713 -254.2429 251.6963
1.108422 0.1202866 0.8389834 -47.92614 -254.2429 251.6963
1.162865 0.1683823 0.9190616 -42.20858 -254.2429 251.6963
1.153344 0.1700913 0.9888858 -37.50629 -254.2429 251.6963
1.147973 0.3009507 1.057001 -34.27728 -254.2429 251.6963
1.096459 0.3395249 1.163935 -31.70476 -254.2429 251.6963
1.129662 -0.3157485 0.4288272 -40.63606 55.68076 -26.64724
0.898461 -1.024489 0.06408107 -40.48339 -16.38031 6.703908
0.8774649 -1.067702 0.03185451 -38.75056 -26.43374 15.3833
0.8747793 -1.102126 -0.01062596 -36.04064 -32.42611 17.90238
0.8635489 -1.080153 -0.03357518 -39.13224 -41.11313 27.30696
0.8322989 -1.121413 -0.06165135 -41.95667 -51.02153 34.4291
0.8200918 -1.143385 -0.06165135 -44.41468 -60.64748 42.54361
0.8086172 -1.167067 -0.06165135 -46.30782 -69.76962 49.98635
0.7907949 -1.184157 -0.06165135 -47.39178 -79.95283 57.55124
0.804711 -1.195631 -0.06165135 -49.8269 -90.67039 64.92529
0.8261953 -1.207838 -0.05847752 -54.52919 -100.6398 73.52071
0.858666 -1.21736 -0.01843846 -60.01011 -111.1055 83.86421
0.8818594 -1.229323 0.06676662 -64.94141 -117.6628 92.99399
0.9277578 -1.191481 0.1363467 -69.10934 -125.5482 102.7039
0.9685293 -1.166579 0.2161807 -72.15514 -132.1055 109.6581
1.007836 -1.132643 0.2845401 -74.61316 -138.4337 116.5665
1.046654 -1.095778 0.3658389 -75.36888 -144.2887 121.8718
1.090356 -1.050856 0.4559268 -75.36125 -150.3498 127.9787
1.106957 -1.013258 0.5233096 -76.38416 -154.5482 132.2917
1.149926 -1.000563 0.5977725 -75.01011 -158.6017 136.3451
1.175805 -0.9907974 0.6434268 -74.33835 -161.1589 140.6505
1.192162 -1.005202 0.6956729 -72.49866 -164.1437 144.1543
1.206811 -0.9741959 0.7611026 -70.32308 -167.3421 149.3146
1.225121 -0.9912857 0.803583 -66.55209 -167.991 151.7039
1.213402 -1.002028 0.8238467 -60.02537 -167.8002 153.6886
1.198266 -1.00984 0.8485049 -55.7582 -170.8765 158.4367
1.190697 -1.03279 0.8756045 -54.21621 -170.9528 160.6047
1.194359 -1.045241 0.8961123 -53.45285 -170.1284 167.994
1.177025 -1.093825 0.8829288 -52.46049 -169.3803 174.5131
1.151635 -1.106764 0.8658389 -51.99484 -169.1971 180.7268
1.128197 -1.115797 0.8113955 -51.16278 -168.8078 187.9482
1.094018 -1.130446 0.7466983 -49.43759 -170.3192 193.3222
1.070092 -1.114577 0.7051944 -49.03301 -172.4414 199.3604
1.035424 -1.09529 0.6729678 -50.30018 -176.1284 206.7115
1.014428 -1.090651 0.6131534 -53.17804 -179.7391 212.8718
1.001977 -1.090163 0.5928897 -56.07881 -184.1131 219.0551
0.999291 -1.119704 0.5909366 -58.14751 -189.4566 224.8184
1.010033 -1.128981 0.6070498 -58.26965 -195.0597 231.0322
1.043481 -1.123854 0.6422061 -57.9185 -199.0444 234.7802
1.049584 -1.150221 0.6768741 -55.59789 -203.8231 241.6276
1.095971 -1.154372 0.7420596 -52.33072 -207.4414 244.6581
1.112816 -1.176588 0.8079776 -46.09407 -210.991 247.7497
1.150902 -1.172438 0.8599795 -37.22385 -210.3574 251.6428
1.155297 -1.185622 0.8966006 -30.28492 -210.5177 251.6963
1.139428 -1.183424 0.8870791 -24.33835 -207.6093 251.6963
1.128197 -1.229323 0.8287295 -23.10171 -207.8918 251.6963
1.102807 -1.204909 0.7928409 -22.85744 -207.365 251.6963
1.082543 -1.209059 0.6954288 -22.86507 -209.0979 251.6963
1.052025 -1.169508 0.5841006 -27.32308 -211.2582 251.6963
1.036156 -1.148756 0.515253 -32.36125 -215.1818 251.6963
1.02517 -1.144606 0.4559268 -37.92614 -219.0368 251.6963
1.004662 -1.120436 0.3802432 -45.75056 -223.9299 251.6963
0.9924551 -1.050124 0.333124 -54.9414 -229.6017 251.6963
1.02224 -0.9717545 0.2747744 -64.83453 -236.1284 251.6963
1.033471 -0.9236588 0.2525576 -76.51392 -243.7162 251.6963
1.071557 -0.8662857 0.2466983 -86.06354 -251.8154 251.6963
1.129906 -0.7954849 0.2889346 -91.88033 -254.2429 251.6963
1.17727 -0.7144302 0.3612002 -94.88033 -254.2429 251.6963
1.259545 -0.6126236 0.4569034 -94.67422 -254.2429 251.6963
1.298119 -0.566481 0.5452823 -91.94141 -254.2429 251.6963
1.385033 -0.4319595 0.6790713 -88.99484 -254.2429 251.6963
1.443383 -0.3740982 0.80871 -82.06354 -254.2429 251.6963
1.520043 -0.2935318 0.9166202 -78.84217 -254.2429 251.6963
1.503197 -0.1809829 1.03869 -65.8498 -254.2429 251.6963
1.527611 -0.2151626 1.157587 -48.55972 -254.2429 251.6963
1.517113 -0.1148208 1.249628 -32.39178 -254.2429 251.6963
1.497338 -0.01838526 1.359735 -22.07881 -254.2429 251.6963
1.484398 0.06926122 1.425409 -14.38415 -254.2429 251.6963
1.494164 0.1515366 1.453485 -8.48339 -254.2429 251.6963
1.464867 0.327562 1.539179 -5.582626 -254.2429 251.6963
1.409691 0.4027573 1.564569 -0.2467481 -254.2429 251.6963
1.349145 0.5345932 1.590937 -0.10171 -254.2429 251.6963
1.310082 0.5870834 1.607294 -2.574993 -250.5635 251.6963
1.237328 0.6510483 1.629267 -3.880336 -244.3803 246.8337
1.244652 0.7899643 1.677851 -12.49102 -236.5024 240.6352
1.175072 0.8585678 1.801874 -21.67423 -224.5024 231.2077
1.148217 0.865892 1.816767 -28.72003 -210.1971 222.0932
1.047875 0.9264389 1.88537 -37.15514 -200.3498 212.368
1.032006 0.9515854 1.921259 -43.03301 -190.8383 207.765
0.9218985 0.9918686 1.943964 -54.9414 -173.7467 193.6047
0.8886953 1.004076 1.922724 -62.69713 -173.5253 191.223
0.8960196 0.9933334 1.888788 -69.78873 -163.678 181.3298
0.7968984 1.00432 1.93371 -73.52155 -153.6551 171.2917
0.7519765 0.9904037 1.930536 -73.79636 -145.4795 160.536
0.7026601 0.9801498 1.921259 -73.91087 -136.0673 149.826
0.6501699 0.9669662 1.908319 -72.61316 -128.5482 140.826
0.6042715 0.9042221 1.88244 -66.17805 -120.304 128.9711
