1.774479 -1.774963 -0.2605791 -230.6163 231.0959 -248.4563
1.807438 -1.774963 -0.2605791 -230.6163 231.0959 -248.4563
1.146061 -1.774963 -0.2605791 -230.6163 231.0959 -248.4563
0.9614907 -1.774963 -0.2605791 -230.6163 231.0959 -248.4563
0.8406411 -1.774963 -0.2605791 -230.6163 205.9814 -248.4563
0.0947915 -1.774963 -0.2605791 -230.6163 106.615 -248.4563
-0.3307456 -1.774963 -0.2605791 -106.311 13.86687 -199.4944
-0.6903647 -1.774963 -0.2605791 -13.83006 -46.3545 -146.6242
-1.077083 -1.774963 -0.2605791 43.85696 -123.843 -82.87612
-1.309017 -1.774963 -0.2605791 163.3684 -172.3316 -45.48681
-1.296566 -1.774963 -0.2605791 137.5287 -212.6217 6.673496
-0.8734702 -1.774963 -0.2605791 163.5669 -254.0186 46.04754
-0.4567222 -1.774963 -0.2605791 170.8264 -269.1713 81.6048
-0.208187 -1.774963 -0.2605791 192.8722 -269.1713 112.1773
0.0635415 -1.774963 -0.2605791 206.9028 -269.1713 145.9254
0.3347817 -1.774963 -0.2034502 222.5058 -269.1713 176.4979
0.6741372 -1.774963 0.1603193 235.918 -269.1713 205.872
0.7876626 -1.774963 0.4801435 242.918 -269.1713 230.9712
0.9697915 -1.774963 0.87321 269.6356 -269.1713 249.1926
1.134342 -1.774963 0.9872236 269.6508 -268.9728 251.8109
1.205387 -1.44049 1.087321 269.6508 -266.9881 251.8109
1.206852 -1.179504 1.232585 269.6508 -242.6064 251.8109
1.178776 -1.05841 1.257731 269.6508 -226.6217 251.8109
1.256657 -0.9673456 1.31071 269.6508 -208.9499 251.8109
1.242497 -0.7632441 1.24821 269.6508 -192.9881 251.8109
1.234196 -0.5823359 1.174235 269.6508 -179.011 251.8109
1.203922 -0.4761347 1.128093 269.6508 -169.7744 251.8109
1.206364 -0.310119 1.086589 269.6508 -158.1789 251.8109
1.195622 -0.2329706 1.056315 269.6508 -147.7591 251.8109
1.200993 -0.1152948 1.029704 269.6508 -137.2324 251.8109
1.2132 -0.09527527 1.018474 269.6508 -124.6217 251.8109
1.185612 -0.03375183 0.979167 269.6508 -117.4079 251.8109
1.219547 0.03363098 0.951335 269.6508 -106.4079 251.8109
1.198795 0.05438293 0.9215498 269.6508 -97.05679 251.8109
1.175358 0.1212775 0.8724775 269.6508 -88.47664 251.8109
1.175114 0.123963 0.8441572 269.6508 -80.71329 251.8109
1.221256 0.1857306 0.8204756 269.6508 -71.74382 251.8109
1.254948 0.2094122 0.7931318 269.6508 -63.72855 251.8109
1.28693 0.2479865 0.7511396 269.6508 -55.50718 251.8109
1.30695 0.2733771 0.7330732 269.6508 -47.11023 251.8109
1.340641 0.3065802 0.6849775 269.6508 -38.34687 251.8109
1.34821 0.3302618 0.6437178 269.6508 -32.14076 251.8109
1.358952 0.4086309 0.588542 269.6508 -22.59878 251.8109
1.312809 0.4054571 0.4366865 269.6508 -17.88122 251.8109
1.253727 0.5521856 0.2626143 269.6508 -26.62931 251.8109
1.314274 0.6972052 0.1390791 269.6508 -16.00336 251.8109
1.267887 0.7235723 0.1322432 269.6508 -24.36977 251.8109
1.271549 0.7560431 0.0568037 269.6508 -23.46901 251.8109
1.271549 0.8119513 -0.02937794 269.6508 -27.80489 251.8109
1.315495 0.8605352 -0.1316729 263.6967 -31.78962 251.8109
1.336491 0.9171759 -0.1609697 258.3379 -36.2629 251.8109
1.411686 0.9923712 -0.1836748 257.8188 -39.05679 251.8109
1.404606 1.035828 -0.2408037 257.5898 -42.40794 251.8109
1.399235 1.21576 -0.2605791 253.9333 -51.87359 251.8109
1.585514 1.305359 -0.2605791 243.2234 -57.24763 251.8109
1.555485 1.369324 -0.2605791 234.5822 -75.60641 251.8109
1.890446 1.494568 -0.2605791 215.0402 -80.79726 251.8109
1.622624 1.64618 -0.1817217 219.6509 -89.87358 251.8109
1.855778 1.702088 -0.2605791 214.5287 -97.69801 251.8109
1.830631 1.679871 -0.2605791 225.1928 -106.1942 251.8109
1.828922 1.890076 -0.2605791 204.7043 -114.0263 251.8109
1.855045 1.873231 -0.2605791 206.7043 -119.7514 251.8109
1.804508 1.961121 -0.2383623 207.857 -133.8736 251.8109
2.074528 1.918397 -0.2605791 230.3226 -159.9805 251.8109
2.139957 2.224976 -0.2605791 193.3608 -141.0186 251.8109
1.878727 2.224976 -0.08845997 184.231 -141.0797 251.8109
1.890202 2.224976 0.03263378 186.3455 -136.8202 251.8109
1.839176 2.224976 -0.008381844 179.8417 -130.385 251.8109
1.767155 2.224976 -0.0447588 168.0936 -129.0263 251.8109
1.786686 2.224976 -0.116292 147.1241 -129.4461 251.8109
1.870915 2.224976 -0.02449512 134.4142 -135.0568 251.8109
1.684879 2.224976 0.05607128 121.1394 -145.9957 251.8109
1.631413 2.224976 0.1046553 90.22337 -125.8889 251.8109
1.66901 2.224976 0.1605635 79.78825 -122.866 210.4292
1.566715 2.224976 0.291667 76.33788 -123.1637 169.2918
1.475407 2.224976 0.3834639 58.70429 -123.3087 142.3147
1.517643 2.224976 0.355876 40.87223 -112.6369 82.21548
1.399479 2.224976 0.5426435 28.12414 -117.7744 36.13914
1.278385 2.224976 0.7528486 3.162306 -107.3469 -15.3036
1.231999 2.224976 0.864665 -13.8606 -100.6293 -68.00589
1.212223 2.224976 0.8971357 -31.60106 -94.01099 -117.9448
1.200016 2.224976 0.9208174 -53.54762 -88.69038 -166.9906
1.270573 2.224976 0.9293623 -70.58578 -83.13313 -215.6929
1.387028 2.224976 0.9249678 -89.24228 -78.81252 -248.4563
1.523502 2.224976 0.9112959 -91.71556 -74.75908 -248.4563
1.648747 2.224976 0.868083 -91.02853 -65.82779 -248.4563
1.738346 2.224976 0.72404 -98.33388 -63.99573 -248.4563
1.827702 2.224976 0.6368818 -109.9598 -63.2858 -248.4563
1.902165 2.224976 0.628581 -122.0133 -61.89649 -248.4563
1.96735 2.224976 0.6449385 -132.7079 -60.25527 -248.4563
1.961002 2.167176 0.7316084 -143.7384 -54.01099 -248.4563
2.042301 1.949402 0.7042646 -155.3415 -49.63695 -248.4563
0.9973794 -0.7551874 1.308757 269.6508 -100.9499 251.8109
0.8845864 0.2562872 0.1898603 214.399 -23.79725 251.8109
0.9173013 0.3034064 0.2076826 194.4524 -24.56824 251.8109
0.9570962 0.3129278 0.2259932 178.7272 -25.61405 251.8109
0.977604 0.3651739 0.2540693 164.6127 -27.81252 251.8109
0.994938 0.4020391 0.272624 151.2234 -28.59114 251.8109
1.037907 0.4205938 0.3026533 146.0631 -31.1484 251.8109
1.07404 0.4332891 0.3407393 139.1012 -32.40031 251.8109
1.070866 0.4711309 0.3590498 132.1852 -34.54535 251.8109
1.094547 0.6246954 0.3778486 121.1012 -36.38504 251.8109
1.116032 0.5404669 0.4186201 135.2997 -40.1484 251.8109
1.146061 0.7474981 0.3666182 124.7501 -37.3316 251.8109
1.179264 0.6376348 0.3531904 140.5669 -45.53771 251.8109
1.140446 0.7418829 0.3776045 137.5363 -46.33924 251.8109
1.151676 0.748963 0.3822432 149.3913 -47.78198 251.8109
1.117985 0.839295 0.3226728 155.0783 -49.01863 251.8109
1.115788 0.8856817 0.2689619 165.3608 -56.2171 251.8109
1.120426 0.9125372 0.2579756 177.2921 -59.33924 251.8109
1.048405 1.022645 0.3219404 175.7501 -68.78962 251.8109
1.150944 0.9970098 0.2672529 196.9638 -70.63695 251.8109
1.126774 1.018494 0.1241865 206.4218 -68.73618 251.8109
1.047672 1.332703 0.04850292 189.8264 -73.82015 251.8109
1.253239 1.300721 -0.09749317 192.6432 -89.00336 251.8109
1.263737 1.399598 -0.03743458 196.002 -97.56824 251.8109
1.284001 1.431092 0.001139641 192.3073 -100.7591 251.8109
1.312809 1.446473 -0.053792 193.6661 -109.2705 251.8109
1.354801 1.538514 -0.04158497 185.1776 -119.3698 251.8109
1.450504 1.530213 0.02262402 180.086 -123.6675 251.8109
1.523747 1.604676 0.102458 174.5898 -132.3469 251.8109
1.573551 1.627381 0.1473799 167.4066 -135.4919 251.8109
1.578922 1.615662 0.1808271 162.2157 -144.2171 251.8109
1.629215 1.639832 0.2718916 159.0173 -147.7896 251.8109
1.551579 1.757264 0.3487959 154.5822 -165.385 251.8109
1.740788 1.853455 0.3883467 143.5516 -153.156 251.8109
1.721745 1.781434 0.569499 157.9944 -151.1942 251.8109
1.814274 1.88202 0.5507002 164.3761 -147.5301 251.8109
1.869206 1.902772 0.5631514 180.1547 -142.1179 251.8109
1.894108 2.045594 0.5748701 184.1699 -138.4308 251.8109
1.9361 2.207459 0.5602217 187.4906 -133.6904 251.8109
2.027409 2.224976 0.527751 184.8799 -132.1331 251.8109
1.897282 2.224976 0.524333 181.9333 -126.4843 251.8109
1.922428 2.224976 0.4520674 171.4066 -120.9652 251.8109
1.849186 2.224976 0.4432783 162.1089 -117.0644 251.8109
1.891667 2.224976 0.4921064 166.147 -112.4537 242.6277
1.766422 2.224976 0.5516768 175.1776 -118.4232 221.7117
1.730045 2.224976 0.5958662 150.2997 -110.9423 193.2155
1.748112 2.224976 0.7450361 146.4447 -108.3469 160.0704
1.783756 2.224976 1.007976 122.4218 -96.11023 102.1468
1.512516 2.224976 1.213786 100.8417 -80.62168 61.14678
1.358463 2.224976 1.318278 69.71192 -67.1713 20.32998
1.267887 2.224976 1.361491 22.33788 -55.70565 -23.50971
1.287174 2.224976 1.413005 7.543984 -43.06443 -80.31123
1.315251 2.224976 1.49528 -33.75373 -29.1942 -132.838
1.360172 2.224976 1.473063 -55.80716 -13.93466 -187.9677
1.522282 2.224976 1.380778 -84.54762 -0.2552681 -241.6547
1.764469 2.224976 1.260417 -95.89113 13.26382 -248.4563
2.015202 2.224976 0.9703779 -101.5553 24.35542 -248.4563
2.162907 2.224976 0.7833662 -118.8224 29.08825 -248.4563
