0.8986358 -0.04659717 0.6512773 10.43092 19.91676 -26.07904
0.8979033 -0.06710498 0.6571367 8.67519 19.81753 -25.42255
0.8971709 -0.09786671 0.6493242 7.469084 19.9473 -24.28515
0.8932647 -0.122769 0.6451738 6.583588 19.64959 -23.53705
0.8891143 -0.1423003 0.6424882 5.232442 19.57325 -21.97217
0.8791045 -0.1972319 0.6280839 0.09503794 18.48165 -16.60576
0.8725127 -0.209439 0.6290605 -0.6759543 18.29844 -14.9569
0.8593291 -0.2204253 0.6127031 -2.248474 17.93203 -12.91873
0.8566436 -0.2255522 0.6041582 -4.034733 17.40531 -10.53705
0.846878 -0.2289702 0.5953691 -5.15687 16.46638 -8.781328
0.8483428 -0.2294585 0.591707 -5.744657 15.55035 -6.850031
0.840042 -0.232144 0.5799882 -5.874428 14.8786 -5.071405
0.7897491 -0.2399565 0.5672929 -3.195038 13.42821 -3.651558
0.7382354 -0.2948882 0.6051347 19.56832 10.78699 -10.58286
0.7404326 -0.3715484 0.6398027 33.24007 7.733557 -12.39965
0.8148955 -0.3925445 0.626375 40.15611 9.962564 -7.621023
0.8275908 -0.3388335 0.5978105 46.07977 8.573252 -4.682091
0.8314971 -0.3571441 0.588289 56.44618 6.023633 -4.246977
0.8444366 -0.3210113 0.5890214 57.9271 5.054168 -1.269878
0.8678741 -0.2804839 0.5870683 57.71336 5.374779 1.867527
0.8485869 -0.2651031 0.5746171 54.85076 4.977832 4.44768
0.8620147 -0.2240874 0.5433671 49.9042 4.306077 7.798824
0.8544463 -0.1935698 0.5318925 42.15611 3.382412 10.91333
0.8344268 -0.1789214 0.5245683 36.78969 2.786993 12.62325
0.8234405 -0.1791655 0.5174882 34.56832 1.283175 13.23394
0.8449248 -0.1779448 0.4881914 31.24771 0.1915724 14.14997
0.8429717 -0.169644 0.4820879 26.33168 -2.014534 16.1347
0.8354033 -0.1816069 0.4920976 24.0874 -3.709191 17.17287
0.7436065 -0.1728179 0.576082 -11.82099 -10.0527 27.9973
0.7577666 -0.1410796 0.6041582 -8.813359 -11.74736 30.61562
0.7501983 -0.1286284 0.6127031 -9.248473 -11.71682 31.42478
0.7592315 -0.1134917 0.6117265 -10.04237 -11.37331 31.60798
0.7553252 -0.1068999 0.6144121 -11.45458 -11.83133 32.34844
0.7555694 -0.09957569 0.6207597 -12.76756 -12.19011 32.94386
0.7643584 -0.09054249 0.6244218 -13.61489 -11.27408 32.78356
0.7536162 -0.08688038 0.6439531 -14.60725 -12.30461 33.24921
0.7638701 -0.08248585 0.6446855 -15.81336 -11.64812 33.53165
0.7655791 -0.08614796 0.6610429 -16.0042 -11.49545 33.61562
0.7697295 -0.07345264 0.6593339 -16.21794 -11.23591 33.62325
0.768753 -0.07027881 0.6659257 -16.15687 -10.77789 33.56982
0.7646026 -0.06393116 0.6712968 -16.74466 -10.30461 33.40951
0.767044 -0.06808155 0.6810625 -16.66832 -9.9611 33.48585
0.7733916 -0.05123584 0.6810625 -17.25611 -9.594687 33.1576
0.7697295 -0.04977099 0.6969316 -17.84389 -8.77026 32.88279
0.7755889 -0.04171435 0.6883867 -17.92023 -7.900031 32.51638
0.7665557 -0.04732959 0.7020586 -18.15687 -6.991633 32.08127
0.7648467 -0.0443999 0.7013261 -17.37824 -5.785527 31.43241
0.7621612 -0.03854053 0.702791 -15.90496 -4.953465 30.65379
0.7736358 -0.03487842 0.6937578 -14.79046 -4.57942 30.19577
0.7697295 -0.04586474 0.6991289 -13.85916 -3.533618 29.23394
0.768753 -0.03463428 0.6940019 -12.88206 -3.38858 28.95913
0.7675323 -0.03512256 0.6869218 -12.43168 -2.480183 28.50111
0.7709502 -0.02779834 0.7008379 -12.11107 -1.739725 28.05073
0.7714385 -0.02560107 0.6893632 -11.97366 -0.8084274 27.57745
0.7729033 -0.01656787 0.685457 -12.04237 -0.2664428 26.98203
0.767044 -0.01656787 0.6852129 -12.0271 0.2221069 26.68432
0.7658233 -0.01437061 0.6852129 -11.9584 0.4892824 26.27211
0.7677764 -0.01632373 0.6808183 -12.11107 1.374779 25.73775
0.7704619 -0.01559131 0.6712968 -12.1416 1.916763 25.21104
0.7709502 -0.006313965 0.6756914 -11.90496 2.298443 24.42478
0.7711944 -0.009243652 0.6739824 -11.59962 2.916763 23.86753
0.7694854 0.005648926 0.6791093 -11.34008 3.61142 22.86753
0.7751006 0.00345166 0.6710527 -10.86679 4.321343 22.07363
0.7694854 0.002719238 0.6649492 -10.68359 5.12287 21.16524
0.7731475 0.004672363 0.6659257 -10.9126 5.878596 20.26447
0.7799834 0.00345166 0.6703203 -10.99656 6.588519 19.03547
0.7714385 -0.00460498 0.6622636 -11.1187 7.489282 18.29501
0.7741241 -0.01119678 0.6549394 -10.79046 8.130505 17.31791
0.7731475 -0.0197417 0.6564043 -10.69886 8.947298 16.61562
0.7682647 -0.03512256 0.6503007 -10.19504 9.535084 16.05837
0.7689971 -0.03780811 0.6463945 -9.874428 10.16104 15.38661
0.7599639 -0.04757373 0.6427324 -8.798092 10.42821 14.9286
0.7550811 -0.05856006 0.6280839 -7.675954 10.95493 14.40188
0.7492217 -0.06588428 0.6356523 -6.958397 11.49692 14.0889
0.7489776 -0.07272022 0.6197832 -5.759924 11.46638 13.85226
0.7406768 -0.07931201 0.6236894 -5.187405 11.9244 13.61562
0.7421416 -0.08858936 0.5980546 -4.56145 12.03127 13.53928
0.7389678 -0.07955616 0.5963457 -4.0271 11.96256 13.1576
0.7448272 -0.09029835 0.5936601 -3.584351 12.0618 13.26447
0.7389678 -0.09225147 0.5878007 -3.462214 11.91676 13.41714
0.7406768 -0.08907764 0.5790117 -3.004199 11.80226 13.23394
0.7431182 -0.1044585 0.5658281 -2.477481 11.72592 13.28737
0.7367705 -0.09493702 0.5611894 -2.072901 11.29081 13.53928
0.7309112 -0.1047026 0.5577714 -1.576718 10.88623 13.19577
0.7274932 -0.1086089 0.5577714 -1.179771 10.39768 13.59272
0.7194366 -0.107144 0.5531328 -1.370611 9.71829 13.82936
0.7123565 -0.1083647 0.5650957 -1.775191 9.016001 14.26447
0.7177276 -0.1117827 0.5646074 -1.950764 8.550352 14.67669
0.7152862 -0.1090972 0.5724199 -2.263741 8.328978 14.75302
0.701126 -0.1108062 0.5682695 -2.591985 7.886229 15.42478
0.6901397 -0.1081206 0.5665605 -2.630153 7.565618 15.75302
0.6864776 -0.1037261 0.5697343 -2.714122 7.199206 15.87516
0.6845244 -0.1095855 0.5648515 -2.294275 6.93203 16.07363
0.6886748 -0.1115386 0.5585039 -2.614886 6.474016 16.61562
0.6901397 -0.1125151 0.5521562 -2.523283 5.977832 16.70722
0.6911162 -0.1137358 0.5519121 -2.424046 5.138137 16.98966
0.6901397 -0.1159331 0.5367754 -2.401145 3.557985 17.53165
0.6881866 -0.1137358 0.5379961 -2.83626 2.428214 18.0889
0.6903838 -0.1081206 0.5343339 -3.309542 1.351878 18.50111
0.6938018 -0.1112944 0.5328691 -3.813359 -0.03743505 19.00493
0.7023467 -0.1112944 0.5370195 -3.920229 -1.266443 19.44768
0.7025908 -0.1061675 0.5423906 -4.118702 -2.518351 20.1576
0.7064971 -0.1003081 0.55533 -4.576717 -3.449649 20.63852
0.7174834 -0.096646 0.5626543 -5.042367 -4.304611 20.9515
0.7147979 -0.08663624 0.5795 -5.599618 -5.075603 21.16524
0.720169 -0.07931201 0.5841386 -6.095802 -5.571786 21.50111
0.7282256 -0.08956593 0.6085527 -6.362977 -5.900031 21.53928
0.7411651 -0.06710498 0.6278398 -7.668321 -5.632855 21.69195
0.7343291 -0.06100147 0.6346757 -8.233206 -5.396214 21.63852
0.7389678 -0.06075733 0.6388261 -8.737023 -4.999267 21.39425
0.7389678 -0.0666167 0.6544511 -8.080534 -4.693924 20.72249
0.7504424 -0.07272022 0.6586015 -7.385878 -4.296977 20.30264
0.7577666 -0.07247608 0.6642168 -7.019466 -3.655756 20.1576
0.7584991 -0.07809131 0.6793535 -6.05 -3.106137 20.03547
0.768753 -0.08810108 0.683748 -4.446947 -2.350412 19.47058
0.7751006 -0.08004444 0.6783769 -4.43168 -1.49545 19.36371
0.6408233 -0.2240874 0.5011308 1.522519 -18.46492 34.29501
0.6139678 -0.1874663 0.484041 -5.94313 -20.70919 41.98203
0.6015166 -0.1879546 0.4740312 -6.042367 -21.0756 42.09653
0.6010283 -0.1835601 0.4728105 -5.042367 -21.56415 41.87516
0.5998076 -0.1820952 0.466707 -3.805725 -21.86186 41.42478
0.5429229 -0.1940581 0.4706132 -0.7980919 -22.77026 40.76829
0.5626983 -0.2526519 0.4859941 11.74389 -24.1214 37.55455
0.5644073 -0.2326323 0.4884355 12.75153 -24.67102 37.9515
0.6137237 -0.2187163 0.4676836 15.20191 -24.52599 38.35608
0.6254424 -0.2155425 0.4588945 13.63702 -24.51835 39.2263
0.6273955 -0.1977202 0.449373 10.01107 -25.0298 39.89806
0.6454619 -0.173062 0.4359453 4.148473 -24.86186 41.68432
0.6486358 -0.1327788 0.4288652 -6.24084 -24.64049 43.71486
0.6144561 -0.122769 0.4081132 -13.36298 -26.04507 44.98203
0.5885772 -0.1466948 0.4139726 -15.75992 -27.22064 44.49348
0.5944366 -0.1667144 0.4225175 -15.53092 -28.49545 44.03547
0.5907744 -0.169644 0.4400957 -14.19504 -29.75499 43.46294
0.5976104 -0.1742827 0.4559648 -12.15687 -30.67102 42.58508
0.6024932 -0.1708647 0.4696367 -10.0042 -31.61759 42.1347
0.6049346 -0.1635405 0.4813554 -8.851527 -31.99927 41.14997
0.6005401 -0.1645171 0.5018632 -8.233206 -32.19011 40.66905
0.6002959 -0.1593901 0.5126054 -8.737023 -32.40385 40.36371
0.6061553 -0.173062 0.5233476 -9.729389 -32.37331 40.32554
0.6088408 -0.1755034 0.5270097 -10.88206 -32.27407 40.17287
0.6117705 -0.1791655 0.5367754 -11.73702 -32.30461 40.40188
0.612503 -0.1881987 0.5565507 -13.35534 -31.90003 40.40188
0.6144561 -0.1947905 0.5548418 -14.99656 -31.64049 40.98203
0.6151885 -0.2006499 0.5599687 -16.81336 -31.0069 41.31791
0.6171416 -0.204312 0.5602129 -18.63779 -30.35805 41.85226
0.6156768 -0.2143218 0.5536211 -20.03473 -29.90767 41.9973
0.6178741 -0.2201812 0.5526445 -20.55382 -29.50308 42.51638
0.6273955 -0.2294585 0.5521562 -20.23321 -29.19774 42.63089
0.6298369 -0.2343413 0.5543535 -19.53855 -28.34278 42.69958
0.6198272 -0.2426421 0.5428789 -18.81336 -27.8924 42.52402
