0.9899444 0.1172212 0.7989824 1.072137 9.09997 -6.872931
0.9799346 0.09695751 0.7789629 2.087405 9.451115 -9.300413
0.971878 0.075229 0.7604082 3.041603 9.802259 -11.08667
0.9726104 0.05862744 0.7521074 3.278244 10.1076 -12.12484
0.966751 0.04056104 0.7440507 2.965267 10.14577 -12.72026
0.9645537 0.03128369 0.7198808 2.011069 9.481649 -12.23171
0.970169 0.01175244 0.7071855 0.4080153 8.458748 -11.69736
0.9801787 0.01370557 0.6869218 -1.416412 7.283176 -10.43782
0.9794463 0.008822754 0.6866777 -3.584351 6.283176 -9.346214
0.9792022 -0.000942871 0.6678789 -6.340076 5.260275 -7.819496
0.9745635 -0.001431152 0.6754472 -9.0271 3.893863 -6.399649
0.907669 -0.1332671 0.8058184 0.1637402 -22.71683 4.424778
0.7958526 -0.1735503 0.7399004 -6.584352 3.901496 26.70722
0.7604522 -0.223355 0.7345293 -6.217939 4.50455 28.37898
0.7868194 -0.1496245 0.6739824 -5.988932 5.596153 30.09653
0.7541045 -0.1510894 0.6273515 -4.149237 3.588519 30.0889
0.7580108 -0.1440093 0.6310136 -5.675954 1.916763 31.41714
0.7934112 -0.1293608 0.5924394 -9.920229 4.565619 33.40188
0.8002471 -0.1484038 0.5284746 -11.59198 0.6953893 35.73012
0.7907256 -0.1615874 0.515291 -10.94313 -2.739725 36.95913
0.7963408 -0.1391265 0.5228593 -9.34771 -4.68629 38.24157
0.78096 -0.1335112 0.5108964 -6.920229 -7.724458 38.82172
0.7772979 -0.1208159 0.5201738 -4.966031 -10.68629 39.44768
0.7765655 -0.08614796 0.5421464 -3.721756 -12.8466 39.65379
0.7824248 -0.07076709 0.563875 -3.13397 -14.67866 39.82172
0.7936553 -0.05538623 0.5936601 -2.13397 -16.25117 39.64615
0.7992705 -0.03341357 0.6217363 -0.9583969 -17.0069 39.21104
0.8039092 -0.02511279 0.6427324 0.04160309 -17.35041 38.79882
0.8073272 -0.0197417 0.6825273 1.133206 -17.43438 37.87516
0.8195342 -0.003872559 0.701082 2.476717 -17.30461 37.48585
0.8202666 0.009066895 0.7206132 2.766794 -16.08324 36.58508
0.8229522 0.01492627 0.7518632 3.682825 -15.02217 35.87516
0.8192901 0.01761182 0.7591875 2.720993 -13.52598 35.0889
0.826126 0.0271333 0.7694414 0.9805341 -11.49545 34.85226
0.8214873 0.02176221 0.7667558 0.3316793 -9.640489 34.32554
0.8231963 0.02762158 0.7650468 0.1026716 -7.770259 33.32554
0.8151397 0.02664502 0.7679765 1.117939 -6.846595 33.1347
0.8114776 0.03177197 0.7679765 2.65229 -5.564153 32.1118
0.8144073 0.03641064 0.7501543 3.850763 -4.327512 30.93623
0.8119658 0.04422315 0.7381914 4.362214 -3.411481 30.50875
0.8166045 0.04886182 0.7352617 4.812595 -2.800794 29.74539
0.8180694 0.0517915 0.7101152 4.507252 -1.922931 29.21104
0.8224639 0.05398877 0.7069414 4.156106 -1.968733 28.75302
0.8151397 0.06228955 0.6954668 4.331679 -1.861863 27.83699
0.81221 0.06766064 0.7137773 4.728626 -1.617588 26.74539
0.8163604 0.07596142 0.7025468 5.018702 -1.480183 25.47058
0.8100127 0.07571728 0.7108476 5.171374 -0.9305649 24.49348
0.8117217 0.07864697 0.702791 5.331679 -0.4801832 23.42478
0.8148955 0.0764497 0.7113359 5.667557 0.275542 22.09653
0.8202666 0.07889111 0.7274492 5.629389 1.145771 20.82936
0.8231963 0.0686372 0.7203691 5.514885 2.260275 19.70722
0.8183135 0.06961377 0.7230546 4.86603 3.428214 18.61562
0.8166045 0.05130322 0.7301347 4.507252 4.61142 17.79882
0.8151397 0.04373487 0.7447832 6.430916 5.863328 16.55455
0.8141631 0.04642041 0.7455156 5.224809 8.214474 15.14997
0.8175811 0.04349072 0.7140214 2.690458 9.267908 14.98966
0.8175811 0.01492627 0.6925371 1.606489 9.786993 14.9973
0.8144073 0.009066895 0.6830156 -0.2484736 10.73356 14.52402
0.8083037 -0.01095264 0.6634843 -0.3171759 11.35951 14.19577
0.800003 -0.01900928 0.6622636 -0.4393129 11.12287 13.78356
0.7936553 -0.03487842 0.642 0.316412 11.34424 13.26447
0.800003 -0.03902881 0.6210039 2.05687 11.45111 12.69195
0.7995147 -0.04977099 0.6122148 4.05687 10.74119 11.88279
0.7953643 -0.06100147 0.6051347 5.980534 10.42058 11.18814
0.8002471 -0.05733936 0.5946367 7.507252 10.26027 10.89043
0.807083 -0.065396 0.5919511 8.247709 9.954931 10.40951
0.8126983 -0.07467334 0.5814531 8.812595 9.321344 10.31028
0.8051299 -0.07369678 0.5729082 8.820229 9.206841 10.0889
0.8114776 -0.07906787 0.5856035 8.194275 8.993099 10.28737
0.8022002 -0.08053272 0.5775468 7.324046 8.962564 10.59272
0.8092803 -0.09347218 0.5738847 6.102671 8.680122 11.1118
0.8129424 -0.1020171 0.5599687 4.888931 8.260275 11.64615
0.8109893 -0.1098296 0.5389726 3.743893 8.306076 12.41714
0.8170928 -0.1210601 0.5355546 2.812595 7.557985 13.26447
0.8229522 -0.1235015 0.5262773 1.812595 6.939664 14.32554
0.8146514 -0.1322905 0.5223711 1.850763 5.848061 14.86753
0.8136748 -0.1427886 0.5018632 1.637022 5.199206 16.1576
0.8117217 -0.1496245 0.5030839 1.667557 4.367145 16.66142
0.8073272 -0.1513335 0.5043046 2.308778 3.046535 17.50875
0.8180694 -0.1542632 0.5148027 2.820229 1.893863 18.59272
0.8117217 -0.1491362 0.511873 3.988168 0.5656183 19.24921
0.8195342 -0.1471831 0.515291 4.446183 -0.4801832 19.71486
0.8129424 -0.1493804 0.5282304 5.278244 -1.213008 20.28737
0.8229522 -0.1527983 0.5357988 5.995801 -2.09087 20.79882
0.8134307 -0.1491362 0.5416582 6.888931 -2.319878 21.46295
0.8166045 -0.1410796 0.5453203 7.54542 -2.571786 21.79119
0.8185576 -0.1440093 0.5602129 8.156107 -2.907664 22.25684
0.8148955 -0.1339995 0.5611894 9.049236 -3.274076 22.56218
0.8100127 -0.1413237 0.5611894 9.659924 -3.571786 23.14234
0.8056182 -0.1359526 0.5719316 9.896564 -3.296977 23.71486
0.8119658 -0.127896 0.5687578 10.51488 -3.739725 24.34844
0.8058623 -0.1276519 0.560457 10.39275 -3.869496 25.11943
0.810501 -0.1291167 0.5545976 10.12557 -3.79316 26.10417
0.8080596 -0.1178862 0.5538652 9.194275 -4.060336 26.83699
0.7973174 -0.1205718 0.5445879 8.278244 -5.045069 27.82173
0.8041533 -0.1120269 0.5370195 6.698091 -6.182473 29.07363
0.8063506 -0.1120269 0.5301836 5.049237 -7.083237 30.01257
0.8019561 -0.09957569 0.5343339 4.24771 -8.121405 30.88279
0.7951201 -0.08517139 0.5360429 4.201909 -9.151939 31.08127
0.8046416 -0.2851226 0.513582 -2.126336 -5.045069 -16.48362
0.7941436 -0.461148 0.5785234 -5.85916 -10.68629 -1.025602
0.7877959 -0.4631011 0.5885332 -5.591985 -11.13667 2.081266
0.7924346 -0.4662749 0.5853593 -5.813359 -11.95347 5.111801
0.7973174 -0.4621245 0.6083086 -6.34771 -12.43438 8.264473
0.7943877 -0.4677398 0.6153886 -7.362977 -12.39621 11.85989
0.7963408 -0.4701812 0.6297929 -8.309542 -12.46492 15.64615
0.8029326 -0.4596831 0.6300371 -9.172137 -12.30461 19.50875
0.8075713 -0.4369781 0.6366289 -10.43168 -11.95347 22.69195
0.8036651 -0.4118316 0.6280839 -11.63779 -11.90003 25.89043
0.8095244 -0.391812 0.635164 -12.53855 -11.58705 28.27211
0.8097686 -0.3654449 0.6224687 -13.28664 -11.50308 30.70722
0.8090362 -0.334439 0.6224687 -13.87443 -11.46492 32.61562
0.8124541 -0.3027007 0.6019609 -14.17214 -11.64812 34.05073
0.8090362 -0.2868316 0.6034257 -14.98893 -12.03744 35.52402
0.813919 -0.2538726 0.5904863 -16.40115 -11.86186 36.82172
0.8083037 -0.2382476 0.5980546 -17.96603 -11.93056 37.69958
0.8102569 -0.2209136 0.5948808 -18.98893 -11.81606 38.18814
0.8073272 -0.2179839 0.5814531 -19.9355 -12.36568 38.89806
0.7973174 -0.1994292 0.5902421 -20.90496 -12.44201 39.09653
0.8014678 -0.2001616 0.5909746 -21.63015 -13.37331 39.66905
0.8026885 -0.1960112 0.5685136 -23.13397 -13.35805 39.9973
0.7941436 -0.1842925 0.5804765 -24.12634 -14.11377 40.51638
0.7868194 -0.1911284 0.5707109 -25.34771 -15.01453 41.28738
0.7819366 -0.1916167 0.5770586 -26.30191 -15.64049 41.60799
0.7870635 -0.1923491 0.5738847 -27.25611 -16.48018 42.38661
0.7836455 -0.200894 0.5873125 -28.05 -17.29698 43.05836
0.7760772 -0.192105 0.5863359 -28.57672 -17.80843 43.83699
0.7777862 -0.1855132 0.6053789 -29.1187 -18.47255 44.40188
0.7738799 -0.186978 0.61783 -29.34008 -19.0527 45.05074
0.7755889 -0.1784331 0.6251543 -29.32481 -19.75499 45.42478
0.7707061 -0.1664702 0.6361406 -30.11107 -19.87713 46.28738
0.7777862 -0.1589019 0.6456621 -30.79809 -19.67102 46.12707
0.7763213 -0.1444976 0.6488359 -31.08053 -20.02217 46.29501
0.7785186 -0.1440093 0.6544511 -31.06527 -19.59469 46.63089
0.7765655 -0.1103179 0.6571367 -30.52328 -20.02217 46.1347
0.7799834 -0.09933155 0.6795976 -29.82862 -19.70156 45.17287
0.7785186 -0.0798003 0.682039 -29.29428 -19.24354 44.23394
0.7870635 -0.07296436 0.6708086 -28.32481 -19.0756 42.85989
0.7794951 -0.05929248 0.6815507 -27.34771 -18.66339 41.66905
0.7902373 -0.04464404 0.6910722 -26.49275 -17.76263 39.55455
0.7714385 -0.05318897 0.6913164 -26.1874 -17.38858 37.42478
0.7616729 -0.04195849 0.6927812 -25.72939 -16.99927 35.72249
0.7609405 -0.04488818 0.6981523 -24.98893 -16.11377 33.50875
0.7428741 -0.05953662 0.7169511 -23.54618 -15.59469 31.42478
0.7292022 -0.07369678 0.7123125 -21.62252 -15.17484 29.34081
0.7199248 -0.08150928 0.7267168 -18.0958 -14.8924 27.44005
0.7104033 -0.1054351 0.7279375 -14.45458 -14.48018 25.38661
0.7008819 -0.1127593 0.7264726 -10.35534 -14.27408 23.87516
0.6933135 -0.1051909 0.7208574 -5.775191 -14.26644 21.66142
0.6903838 -0.1112944 0.7267168 -1.889695 -14.28171 19.91333
