0.2038115 0.2759126 0.6026933 -37.95076 -25.09851 42.85226
0.1979522 0.2722505 0.5892656 -40.55382 -25.72446 40.52402
0.2057647 0.2441743 0.5978105 -42.81336 -26.31224 38.65379
0.2082061 0.2156099 0.6202714 -42.85916 -26.41148 36.31791
0.2155303 0.1882661 0.6456621 -40.36298 -26.57942 33.75302
0.2138213 0.181186 0.6634843 -38.67595 -26.47255 31.83699
0.2221221 0.1667817 0.6874101 -37.0271 -25.78553 29.68432
0.2174834 0.1543306 0.7142656 -34.37061 -24.88476 28.01257
0.2209014 0.13602 0.7372148 -32.38588 -23.19011 26.30264
0.2162627 0.123813 0.751375 -28.10344 -21.42675 23.60798
0.1806182 0.1003755 0.7499101 -18.11107 -20.12904 20.10417
0.1728057 0.04349072 0.7406328 3.553053 -19.50308 12.61562
0.1793975 0.09622509 0.7325761 5.385114 -18.99927 11.9286
0.1772002 0.07034619 0.7355058 13.84313 -16.62522 8.073633
0.1776885 0.0920747 0.713289 9.171375 -14.15957 8.562183
0.1522979 0.0481294 0.6952226 7.377481 -11.95347 8.836992
0.1144561 0.07571728 0.6730058 1.904198 -9.358046 9.539283
0.09858692 0.02737744 0.6253984 2.423282 -8.136671 8.913328
0.08271778 -0.0002104491 0.5785234 -1.607252 -7.869496 11.62325
0.0822295 -0.00436084 0.5497148 -3.225573 -8.472549 13.82936
0.0690459 -0.01754443 0.5316484 -8.737023 -8.762627 16.95913
0.06367481 -0.01241748 0.5116289 -11.74466 -9.808428 19.17287
0.06611621 -0.018521 0.5123613 -11.88969 -11.20537 19.9973
0.07368457 -0.009243652 0.5003984 -15.11107 -12.56415 21.98966
0.08515919 -0.008755371 0.5106523 -17.26374 -13.79316 23.48585
0.09980762 -0.006069824 0.5460527 -18.71412 -14.77789 24.79119
0.1054229 -0.003140137 0.5795 -19.27901 -13.82369 25.36371
0.1112822 -0.001675293 0.5873125 -17.81336 -14.34278 25.75302
0.1354522 0.01053174 0.6192949 -14.55382 -14.60232 25.0431
0.1427764 0.01590283 0.6512773 -11.9126 -13.68629 24.42478
0.1466826 0.02249463 0.6764238 -8.538549 -11.51835 23.50875
0.1398467 0.02859814 0.6920488 -3.721756 -9.335145 22.12707
0.1339873 0.02322705 0.6849687 3.011069 -7.655756 20.30264
0.1325225 0.02469189 0.6825273 10.21718 -6.510717 18.79119
0.1269072 -0.01290576 0.6593339 23.86603 -4.777893 15.43241
0.2126006 0.0002778322 0.5995195 26.8126 -2.861863 13.66142
-0.02104199 -0.1706206 0.527498 49.29351 -16.21301 16.61562
0.05415332 -0.0732085 0.6358964 59.2248 -7.266443 17.98203
0.09956348 0.04959424 0.5921953 67.9729 -3.472549 11.84463
0.02925098 -0.08688038 0.570955 73.24771 -4.632855 7.844626
0.03974903 -0.01803271 0.5758379 65.12557 -2.922931 12.86753
0.05268848 -0.000942871 0.5528886 60.00344 -1.121405 15.57745
0.05439746 -0.003628418 0.539705 47.56068 0.1381373 19.00493
0.06343067 0.01565869 0.529207 37.51488 2.046535 21.50111
0.05708301 0.008822754 0.5016191 29.72099 2.779359 22.90569
0.06294239 0.02225049 0.4713457 21.59886 3.703023 23.86753
0.03413379 0.006137207 0.4606035 17.54542 2.71829 25.0202
0.04170215 0.004672363 0.4540117 15.34695 2.725924 25.02783
0.03413379 0.01565869 0.4449785 13.79733 1.435847 25.0889
0.2301787 -0.6750152 0.9938066 160.492 -80.70919 204.0355
0.02412403 0.2480806 1.330232 143.8355 93.76409 150.921
0.02119434 0.2505219 1.309725 143.5149 97.52745 143.2339
0.01167285 0.2185395 1.286775 143.9118 100.2679 135.921
0.0004423857 0.2014497 1.276521 145.5683 102.558 129.0889
-0.008102536 0.1933931 1.284334 147.3775 105.2374 122.9668
-0.008590817 0.184604 1.29117 149.1027 107.7641 116.9744
-0.01908886 0.1601899 1.300447 151.6523 110.9091 110.7836
-0.009811521 0.1523774 1.290193 153.4385 114.1305 105.6233
-0.007614255 0.141147 1.276521 154.4233 116.7565 101.2568
0.0009306669 0.1294282 1.279451 154.4309 119.9855 96.56218
0.002883792 0.1235688 1.282625 152.9424 123.4129 92.83699
-0.004684567 0.1042817 1.25699 151.408 127.0694 89.56982
-0.005905271 0.09476025 1.255525 149.7821 130.2984 86.63852
-0.003952146 0.09695751 1.254549 146.4614 133.2374 83.53165
0.005569339 0.1155122 1.248934 141.2324 136.3366 81.57745
0.06074512 0.1423677 1.213289 130.7133 141.9626 80.07363
0.01924121 0.1025728 1.165193 119.4538 142.9091 79.78355
-0.01542675 0.07767041 1.16324 118.6218 144.1992 76.28738
-0.03446972 0.07425244 1.188387 113.5989 146.4511 75.05074
-0.02055371 0.08377392 1.206453 107.576 150.3595 74.40951
-0.0002900362 0.1103853 1.203035 98.77443 154.9931 74.56982
-0.008102536 0.1162446 1.196932 86.94237 159.5427 74.85226
-0.002487302 0.1357759 1.188143 77.59885 163.8633 75.1118
-0.01420605 0.1191743 1.173494 70.62939 167.787 75.21867
-0.02030957 0.132602 1.166902 64.66756 171.932 74.31027
-0.03691113 0.1452974 1.165926 58.86603 175.5122 74.55455
-0.05522168 0.1345552 1.175936 57.53015 179.6801 72.62325
-0.05912793 0.1450532 1.191805 56.93473 184.1076 71.14233
-0.04472363 0.1579927 1.193025 56.26297 189.4587 69.57745
-0.02299511 0.1645845 1.186922 56.66756 195.8939 68.05074
-0.03471386 0.1611665 1.164705 60.89656 200.3519 64.9973
-0.03007519 0.1885102 1.149324 65.53015 206.4664 60.64616
-0.02543652 0.1914399 1.125398 68.20954 212.1916 57.72249
-0.04472363 0.2265962 1.064119 69.9958 217.5122 51.24921
-0.06205761 0.1750825 1.041902 76.42329 218.4816 46.82172
-0.07182324 0.3127778 1.06534 67.17138 222.932 50.11943
-0.04789746 0.274936 0.9867266 75.37748 234.4893 40.81409
-0.03593457 0.2590669 0.9066484 72.07977 236.0847 37.37897
-0.03056347 0.2324556 0.8609941 70.83549 239.2526 34.66142
-0.03105175 0.2554048 0.7980058 67.16374 243.5351 32.76066
-0.03617871 0.2793305 0.7171953 63.20191 245.6954 30.92096
-0.04203808 0.2493013 0.6451738 59.00344 247.5045 28.066
-0.0469209 0.1977876 0.589998 57.1103 247.9397 26.60035
-0.06132519 0.2275728 0.5733964 54.07214 247.8175 26.44005
-0.04203808 0.2082856 0.4461992 47.80496 247.9397 23.21867
-0.07597363 0.1294282 0.3334062 44.27824 245.4664 23.27211
-0.07060254 0.1416353 0.3402421 40.9729 241.9473 24.58508
-0.0715791 0.1076997 0.2884843 36.21717 239.9549 28.63089
-0.07450879 0.1391938 0.2164629 34.59885 231.329 29.95913
-0.08695995 0.1374849 0.2318437 30.59886 226.1 31.43241
-0.1055146 0.1560395 0.2313554 32.30114 220.8481 30.66142
-0.1228486 0.1789888 0.2467363 32.57595 214.2832 30.72249
-0.1399385 0.2021821 0.2611406 34.69046 208.4816 31.10417
-0.1133271 0.2275728 0.2750566 35.43855 204.6725 31.21104
-0.1145478 0.3081391 0.2894609 37.95763 198.9931 28.17287
-0.1006318 0.3882173 0.3326738 36.79733 193.7794 25.02783
-0.07914746 0.4365571 0.3710039 36.57595 190.7336 20.38661
-0.0547334 0.4863618 0.3937089 36.179 186.3977 15.10417
-0.01591504 0.5217622 0.4369218 37.37748 182.9549 8.478213
0.03413379 0.5525239 0.4889238 39.73626 181.5961 0.9362297
0.0834502 0.5703462 0.5201738 44.93473 180.5198 -8.361481
0.1159209 0.5813325 0.5462968 52.1103 180.0771 -18.0485
0.1186064 0.5869477 0.5619218 59.34694 181.0618 -28.10194
0.1330107 0.5893891 0.5697343 66.8126 183.2755 -38.68209
0.1366729 0.5771821 0.5370195 74.08741 184.8252 -49.51415
0.1718291 0.5754731 0.5179765 75.07977 187.9168 -59.82713
0.1615752 0.5549653 0.4842851 75.88893 190.0694 -69.8653
0.1779326 0.5024751 0.4286211 74.56832 192.6496 -79.05614
0.1906279 0.4753755 0.3707597 68.36221 195.703 -87.17828
0.2035674 0.4133637 0.3229082 61.37748 196.619 -94.60576
0.2118682 0.3533051 0.2711504 56.43092 199.6343 -102.6897
0.2145537 0.2951997 0.2218339 52.57595 199.1229 -109.4225
0.2238311 0.215854 0.1861894 49.12557 199.7488 -114.789
0.2267607 0.1406587 0.1817949 47.69046 199.3366 -118.3462
0.242874 0.08890087 0.1253984 42.63702 200.6649 -121.5294
0.2658232 0.028354 0.0719316 45.28588 199.4816 -126.5294
0.2545928 -0.02120654 0.04165816 45.95763 195.4969 -129.7279
0.2697295 -0.05733936 0.0316484 47.24007 193.4664 -132.3844
0.2924346 -0.08321827 -0.003507853 46.23244 190.2297 -134.018
0.3002471 -0.09566944 -0.01327348 47.00343 185.5198 -136.3309
0.3249053 -0.1144683 -0.003019571 45.44618 182.3824 -139.0561
0.3336943 -0.1410796 -0.01034379 44.20954 178.871 -141.3615
0.3771514 -0.1711089 0.001619101 44.36985 175.3366 -143.9569
0.4057158 -0.1974761 0.01309371 46.32404 171.8939 -146.5523
0.4201201 -0.2235991 0.006990194 49.65992 168.0542 -149.4073
0.4376983 -0.2348296 0.03018355 53.74389 164.7641 -153.0332
0.4474639 -0.2438628 0.02993941 56.91183 162.8939 -156.6439
0.4538116 -0.2619292 0.03482223 59.71336 161.3748 -160.8958
0.4621123 -0.2687652 0.04800582 60.50725 160.2679 -164.0867
0.183792 -0.2297026 0.5243242 -5.920229 3.328977 26.54692
0.178665 -0.1906401 0.4999101 -1.83626 7.695389 24.27974
0.1806182 -0.1755034 0.4930742 -0.6988549 8.848061 23.73012
0.1732939 -0.179898 0.4623125 0.1637402 10.38241 22.69959
0.1627959 -0.1698882 0.4557207 1.011069 11.54272 21.87516
0.1479033 -0.1735503 0.3624589 3.408015 11.39005 18.79882
0.149124 -0.1791655 0.3290117 2.965267 10.75646 17.75302
0.1422881 -0.1820952 0.307039 2.904198 9.954931 16.9286
0.1320342 -0.1813628 0.2958086 2.980534 8.512184 16.36371
0.1320342 -0.1933257 0.2889726 2.606489 7.008366 15.63089
0.1315459 -0.1977202 0.2928789 2.316412 5.390046 15.19577
