-0.2109141 0.6947495 1.551142 36.69982 45.03954 -19.31899
-0.2443613 0.7242905 1.528437 31.79142 49.57389 -18.44876
-0.2289805 0.7242905 1.496454 31.76852 53.65786 -21.09762
-0.2922129 0.7780014 1.433222 31.95173 51.05481 -23.99838
-0.424293 0.7811752 1.38537 26.93646 42.19985 -28.55563
-0.3259043 0.7753159 1.369257 24.60058 19.58916 -32.86098
-0.2519297 0.8624741 1.196894 21.08913 33.90977 -39.37243
-0.2348398 0.8617416 1.085565 16.13493 45.17695 -51.98311
-0.3349375 0.9637924 1.103144 13.40211 47.45939 -53.81517
-0.3366465 0.9725815 1.072138 13.82195 44.8029 -67.92968
-0.4218516 1.11931 1.05456 20.25707 41.11588 -88.36479
-0.4474864 1.229662 1.031122 19.63875 32.55863 -85.01365
-0.4743418 1.177171 1.009149 21.2418 31.54336 -92.74648
-0.4438242 1.37639 0.8487491 35.48608 46.26092 -102.2045
-0.5031504 1.503343 0.8470401 39.61585 39.07771 -95.28082
-0.457252 1.52263 0.8802432 42.11203 19.71893 -88.5022
-0.4196543 1.550462 0.8599795 46.70745 25.96321 -111.4946
-0.4313731 1.768724 0.7989444 42.95936 28.34489 -137.1358
-0.4787364 1.955003 0.8133487 29.11203 16.43649 -134.4946
-0.363502 1.842699 0.8116397 27.71508 -0.1131301 -129.4335
-0.2695078 1.951097 0.7840518 25.84486 3.879236 -149.861
-0.2453379 2.109545 0.7303409 14.89066 7.8029 -176.3037
-0.2546153 2.066576 0.8987979 2.081496 -2.662748 -174.4335
-0.08566992 2.148119 0.8787784 -3.033008 -9.479542 -182.006
0.03029688 2.163683 0.8155459 -27.36125 -3.876489 -195.4488
-0.1027598 1.723558 1.043085 -51.25438 26.03954 45.3146
-0.1503672 1.203294 1.241571 8.249435 3.879236 -88.67777
-0.1325449 1.152757 1.219843 12.01279 -1.487176 -92.58617
-0.0783457 1.125414 1.186884 13.38684 -2.60168 -98.85334
-0.07297461 1.097093 1.196405 13.16547 3.932672 -108.1282
-0.1125254 1.058275 1.19372 13.00516 4.841068 -113.3419
-0.1303477 1.049242 1.175653 12.44027 0.1922135 -113.403
-0.08078711 1.051195 1.119257 10.29524 -4.166565 -113.3648
-0.03635351 1.040697 1.081903 9.676916 -3.00626 -119.5709
-0.03537695 1.176195 1.115351 5.631114 1.497557 -127.7694
-0.1000742 1.151781 1.122431 4.112031 1.29145 -130.8152
-0.1022715 1.252855 1.086786 9.348672 -2.296336 -135.7694
-0.07395117 1.388109 1.07287 8.150199 0.07007599 -146.3953
-0.06076758 1.508226 1.103388 8.257069 -1.372672 -153.1205
-0.03586523 1.644945 1.076532 7.49371 -4.662748 -162.0442
0.03688867 1.76433 1.059198 6.760885 -7.502443 -172.0671
0.08962305 1.872728 1.036005 3.325771 -9.685649 -192.8228
0.1289297 1.997972 1.009882 -4.330718 -8.151299 -213.693
0.08742579 2.096605 1.050897 -10.72003 -14.81542 -232.4946
0.1870352 2.163683 0.9869327 -22.04827 -15.03679 -241.5709
0.2243887 2.163683 0.977167 -36.03301 -10.38031 -247.4106
0.2776113 2.163683 1.028192 -49.79636 -14.62458 -248.5709
0.3813711 2.163683 1.02746 -63.20094 -13.60931 -248.5709
0.4709707 2.08098 1.053339 -77.94904 -15.18183 -248.5709
0.5488515 1.990648 1.066034 -92.19331 -13.49481 -248.5709
0.6352773 1.881029 1.093378 -107.659 -9.296336 -248.5709
0.6885 1.772874 1.104608 -122.6361 -8.403206 -248.5709
0.7536855 1.620287 1.06579 -135.8116 -12.39557 -248.5709
0.8388906 1.503587 0.9901065 -149.2162 -1.487176 -248.5709
0.8618399 1.423753 0.9153995 -162.0559 9.344885 -248.5709
0.7309804 1.354906 0.8724307 -181.4758 5.863969 -248.5709
0.9016348 1.150316 0.7789248 -205.6208 -9.082596 -248.5709
0.7644277 1.232103 0.6724795 -215.4376 35.85634 -248.5709
0.9131094 0.883226 0.5704288 -223.9261 32.05481 -248.5709
1.036645 0.7867905 0.2506045 -239.9948 44.7342 -248.5709
0.7866445 0.520433 0.2606143 -243.5903 36.38305 -248.5709
0.7749258 0.247728 0.1846865 -248.5139 40.41359 -248.5709
0.6321035 -0.01960596 0.1856631 -242.7429 25.37542 -248.5709
0.6274648 -0.2205337 0.1390322 -225.5903 10.39069 -248.5709
0.704125 0.1859604 0.3138369 -248.5139 -4.105496 -248.5709
0.783959 -0.3819107 0.1859072 -248.5139 -24.68565 -248.5709
0.4665761 -0.9978775 0.324335 -248.5139 -23.64748 -248.5709
0.2864004 -0.8018326 -0.01184666 -248.5139 -64.98336 -248.5709
0.4128652 -1.604811 -0.06165135 -248.5139 -32.58641 -248.5709
0.6037832 -1.836256 -0.06165135 -248.5139 -14.86122 -248.5709
0.4201894 -1.836256 -0.06165135 -248.5139 -22.68565 -248.5709
0.7746816 -1.836256 -0.06165135 -248.5139 -13.37267 -232.7388
0.1145254 -1.836256 -0.06165135 -134.8193 7.978473 -248.5709
0.005394533 -1.836256 0.4439639 -114.0941 -5.929924 -248.5709
0.07888086 -1.836256 0.2818545 -120.0941 5.222748 -229.7923
-0.1178965 -1.836256 0.4263858 -109.1399 4.688396 -224.1663
-0.1323008 -1.836256 0.6187686 -94.67422 -8.678016 -216.7694
-0.2062754 -1.836256 0.7750186 -75.52919 -30.22 -200.6243
-0.2546153 -1.836256 0.774042 -53.69713 -37.18946 -192.4106
-0.2482676 -1.836256 0.8272647 -35.45285 -40.53298 -185.9755
-0.2262949 -1.836256 0.9263858 -30.13224 -40.93756 -169.9297
-0.2082285 -1.836256 0.9661807 -25.65133 -39.63221 -150.1511
-0.2121348 -1.836256 0.9498233 -11.62079 -35.15893 -138.1587
-0.2548594 -1.763014 0.9986514 4.257069 -27.87649 -133.7236
-0.2687754 -1.654128 1.04455 23.93646 -27.51008 -126.548
-0.2800059 -1.218825 1.225214 7.447908 -26.22763 -125.3114
-0.2946543 -1.169508 1.244745 -1.361252 -33.51771 -101.9526
-0.2829356 -1.218092 1.248896 -2.926137 -33.1513 -96.79227
-0.3002696 -1.18904 1.27331 -2.162779 -29.30397 -94.5022
-0.2897715 -1.168288 1.293573 5.112031 -30.80779 -87.48693
-0.2929453 -1.140211 1.325312 14.06623 -30.64748 -79.98312
-0.2917246 -1.15901 1.336786 26.87539 -28.48717 -77.99838
-0.1852793 -0.9402603 1.425653 23.64638 -11.85359 -87.29609
-0.2909922 -0.8482193 1.519648 18.34867 -18.09786 -59.78464
-0.2314219 -0.8115982 1.511591 4.676916 -4.357405 -63.23502
-0.2834239 -0.7840103 1.525263 -9.025374 1.390687 -54.19685
-0.3456797 -0.8804459 1.417108 -28.36125 -8.166565 -30.92204
-0.3366465 -0.8174576 1.40539 -27.61316 -8.525344 -30.63197
-0.346168 -0.7344498 1.359491 -23.60553 -12.68565 -26.22739
-0.3373789 -0.6385025 1.357294 -25.44522 -12.72382 -24.99075
-0.3459239 -0.660231 1.319696 -21.06354 -18.50244 -16.77701
-0.3486094 -0.5882095 1.334345 -24.55972 -18.51008 -22.67777
-0.316627 -0.5645279 1.326532 -21.88797 -19.83069 -19.70067
-0.2824473 -0.5440201 1.311884 -20.09408 -16.70092 -21.21976
-0.1935801 -0.4886001 1.300897 -19.33072 0.2532821 -29.67014
-0.2428965 -0.448561 1.320185 -14.21621 -3.342138 -10.85334
-0.2560801 -0.5513443 1.281122 1.081496 -1.92229 -9.173955
-0.2682871 -0.3970474 1.340692 -2.155145 8.031908 -28.37243
-0.3395762 -0.314772 1.433222 -7.216214 0.4746561 -19.73884
-0.3110117 -0.3592056 1.434442 -11.34598 -6.731451 -14.10525
-0.2846446 -0.4163345 1.425165 -10.96431 -7.433741 -19.12815
-0.2651133 -0.4336685 1.465204 -7.498656 -12.22763 -19.84571
-0.2118906 -0.4209732 1.461542 -2.758199 -12.48718 -23.95258
0.2226797 -1.72029 -0.06165135 -96.64369 -79.46428 -248.5709
-0.008033201 -1.622633 1.74621 -22.81927 -5.494809 -37.31136
-0.07883399 -1.462965 1.750116 -15.30782 2.039542 2.039786
-0.1850352 -1.412428 1.700067 -17.17041 9.314351 5.284061
-0.2201914 -1.312575 1.690546 -12.54446 10.14641 -5.906778
-0.1718516 -1.143874 1.687128 -6.971939 12.92504 -7.799908
-0.1210703 -1.022292 1.675409 -0.4986564 15.36015 -2.815176
-0.2033457 -0.9165787 1.702997 8.470809 6.054809 6.787878
-0.2052988 -0.9070572 1.668817 27.13493 5.451756 4.826046
-0.1713633 -0.8050064 1.639276 40.57005 2.69603 -16.47166
-0.03464453 -0.4873794 1.613642 34.53951 24.17694 -19.38006
-0.02902929 -0.4160903 1.692255 27.196 19.74947 -1.799908
0.02541406 -0.3814224 1.617792 21.06623 31.53572 15.5436
-0.05515234 -0.4070571 1.611933 20.52424 37.8945 18.82605
-0.07443945 -0.3748306 1.612909 22.51661 41.32199 15.4978
-0.1010508 -0.3003677 1.627802 20.85249 43.55099 7.306962
-0.0615 -0.2525161 1.616327 19.98989 45.44412 3.15429
-0.0536875 -0.2302993 1.620722 20.3105 44.92504 4.116122
-0.04880468 -0.2322525 1.607294 20.60058 43.08534 7.619939
-0.05857031 -0.2302993 1.586542 20.57005 49.00137 1.551237
-0.03220312 -0.167311 1.602167 20.95173 53.8487 -3.013649
-0.02024023 -0.08625635 1.618769 19.36394 55.63496 -0.1128855
-0.02683203 -0.01667628 1.618036 11.34104 58.42886 5.474901
-0.04807226 -0.02790675 1.586298 3.890656 60.32199 5.001618
-0.02219336 -0.03864893 1.566278 -0.765832 60.8258 -1.922046
0.03615625 0.02140966 1.562616 -3.139878 60.91741 -4.135786
0.05715234 0.05534521 1.569208 -3.658962 60.01664 -2.456397
0.07326562 0.04411474 1.57995 0.8219542 59.07771 -5.044183
0.06594141 0.05729833 1.619989 10.39447 58.79527 -13.09762
0.108666 0.1947495 1.728876 15.73798 57.49756 -14.27319
0.1894766 0.3461167 1.835321 3.417374 56.02428 -17.35716
0.2029043 0.2682358 1.936884 2.112031 60.00138 -22.17395
0.2737051 0.2613999 2.031366 5.08913 63.51283 -35.12052
0.3596426 0.3593003 2.144892 5.40974 65.73419 -40.62433
0.4482656 0.3461167 2.160761 4.60058 71.51283 -44.72357
0.5542226 0.3109604 2.238398 10.67692 87.36778 -48.23502
0.4909902 0.04460302 2.241816 45.81432 89.61206 -49.81517
