0.2074736 -0.2162749 0.5057695 -2.981298 6.069435 17.14234
0.2067412 -0.2226226 0.4886796 -1.981298 6.038901 17.24921
0.2057647 -0.225064 0.4759843 -0.9736643 5.855694 16.60035
0.1962432 -0.2284819 0.4537675 -0.5767179 6.084702 16.23394
0.1974639 -0.2297026 0.4369218 -0.5843511 5.657221 16.18814
0.1916045 -0.2323882 0.4427812 -0.660687 5.42058 16.22631
0.1886748 -0.2350737 0.4300859 -0.8973284 5.161038 16.18814
0.1740264 -0.2458159 0.4244707 -0.8591604 4.412947 16.40951
0.1740264 -0.2482573 0.4103105 -1.75229 4.107603 16.64615
0.1679229 -0.2570464 0.3939531 -3.080534 3.474015 17.24157
0.1723174 -0.2558257 0.3971269 -4.088168 2.183939 17.96676
0.1747588 -0.2611968 0.3995683 -5.446947 1.435847 18.79119
0.1708525 -0.2631499 0.4029863 -6.187405 0.5274503 19.40951
0.1708525 -0.2585113 0.4122636 -7.263741 -0.4038473 20.16524
0.1747588 -0.259732 0.416414 -8.263741 -0.7855268 20.82173
0.1813506 -0.2558257 0.4244707 -9.362977 -1.38858 21.39425
0.1869658 -0.2619292 0.437166 -10.17977 -1.854229 22.20341
0.1972197 -0.2587554 0.4481523 -10.59962 -1.709191 22.50111
0.1964873 -0.2560699 0.4679277 -10.52328 -2.037435 22.95913
0.1999053 -0.2582671 0.4647539 -10.61489 -1.609954 23.27974
0.2035674 -0.247769 0.4786699 -10.37824 -1.17484 23.55455
0.2169951 -0.2475249 0.4732988 -9.683588 -1.106137 23.58508
0.2101592 -0.2370269 0.4794023 -9.072901 -0.4801832 23.72249
0.2145537 -0.2306792 0.4940507 -8.637787 -0.5107175 23.83699
0.216751 -0.2228667 0.4798906 -8.019465 0.06943512 23.57745
0.2182158 -0.2157866 0.4820879 -7.164504 0.3442442 23.63089
0.2187041 -0.2082183 0.4852617 -5.866794 0.3442442 23.29501
0.2162627 -0.2028472 0.4745195 -4.500381 0.2221069 22.93623
0.2201689 -0.1852691 0.478914 -3.920229 0.8098931 22.49348
0.2252959 -0.1769683 0.4833086 -4.019465 0.832794 22.40951
0.2250518 -0.1708647 0.4798906 -4.072901 1.22974 21.55455
0.2267607 -0.1491362 0.4825761 -4.24084 1.542717 21.0202
0.2235869 -0.1423003 0.4837968 -5.263741 2.245008 20.33318
0.2238311 -0.143521 0.4657304 -6.095802 2.405313 19.88279
0.2270049 -0.1510894 0.4501054 -6.446947 1.970199 17.71486
0.2172393 -0.1564605 0.4581621 -6.355344 1.748824 17.0202
0.2209014 -0.1667144 0.4618242 -6.057634 2.016 16.08127
0.2189482 -0.1674468 0.4659746 -5.385878 1.863328 15.14997
0.2165068 -0.1740386 0.4689043 -4.492748 1.809893 14.21104
0.2145537 -0.1808745 0.4671953 -4.164504 1.993099 13.74539
0.2252959 -0.1962554 0.4662187 -3.767557 2.512183 13.2034
0.2084502 -0.2121245 0.4833086 -3.790458 2.90913 12.98203
0.2126006 -0.2253081 0.4652421 -3.950764 2.977832 12.88279
0.2091826 -0.2358062 0.470125 -4.94313 3.344244 13.26447
0.2001494 -0.2514312 0.4501054 -5.309542 2.962565 13.56218
0.2030791 -0.2614409 0.4378984 -5.324809 2.924397 14.0202
0.1906279 -0.2756011 0.4442461 -5.622519 2.90913 14.79882
0.1903838 -0.2817046 0.4469316 -5.973664 2.733557 15.39424
0.1818389 -0.2919585 0.4400957 -6.515649 2.367145 16.34081
0.1828154 -0.2917144 0.4332597 -7.15687 2.237374 17.05073
0.1852568 -0.2868316 0.435457 -7.523283 1.916763 17.77592
0.1833037 -0.2946441 0.4349687 -8.324809 1.451114 18.78356
0.1879424 -0.2926909 0.4315507 -8.446947 1.359511 19.53928
0.1876982 -0.290982 0.4427812 -7.813359 0.7640915 20.20341
0.1901397 -0.2843902 0.4374101 -7.94313 0.6114199 20.40188
0.1928252 -0.2758452 0.4471757 -7.798092 0.5121832 20.85989
0.1884307 -0.2797515 0.4396074 -7.637786 -0.02980161 21.36371
0.1933135 -0.2743804 0.4442461 -7.126336 -0.2130077 21.28737
0.1920928 -0.2768218 0.4464433 -6.569084 -0.4038473 21.56218
0.202835 -0.2741363 0.4542558 -6.187405 -0.6481222 21.69195
0.1198272 0.4553559 1.580721 170.9958 161.0923 145.15
0.1457061 0.3281587 0.3321855 121.637 247.9397 -56.81187
0.1410674 0.3037446 0.2938554 122.9882 247.9397 -62.76606
0.1496123 0.2983735 0.2543046 122.6523 247.9397 -67.85767
0.1759795 0.3066743 0.2254961 118.0187 247.9397 -72.70499
0.1984404 0.2969087 0.2023027 110.5454 246.4206 -76.7737
0.2292022 0.3354829 0.1661699 101.4767 242.871 -80.8882
0.2470244 0.3010591 0.1578691 95.79733 239.1 -85.88057
0.275833 0.2973969 0.1730058 93.6981 235.1 -91.01797
0.2921904 0.2661469 0.1869218 93.55305 231.9397 -96.15537
0.3188018 0.2712739 0.2128007 96.95763 228.7717 -102.4989
0.3043975 0.2622407 0.2425859 104.1714 225.3061 -111.0561
0.3029326 0.2637055 0.2633379 114.1714 222.0923 -120.56
0.3520049 0.3017915 0.2923906 115.8813 219.6343 -128.2928
0.3554229 0.287143 0.296541 107.7668 221.4511 -134.0409
0.3617705 0.2375825 0.2787187 101.3775 221.1152 -139.6134
0.3571318 0.1245454 0.2533281 94.29351 220.4206 -142.4149
0.3781279 0.1006196 0.2245195 84.47672 219.5809 -143.0485
0.385208 0.03689893 0.2291582 79.52252 220.2145 -145.0103
0.383499 0.03128369 0.2157304 73.59122 222.4664 -146.3615
0.3690947 0.03470166 0.1656816 71.53015 224.9168 -149.7508
0.3585967 0.02786572 0.1268632 65.55305 226.5656 -151.6439
0.3554229 0.04764112 0.05459762 59.59885 227.642 -154.8806
0.3249053 0.03689893 0.007722616 56.43855 228.9168 -159.3462
0.3676299 0.03128369 -0.08968949 47.77443 230.8404 -161.7126
0.3671416 0.06497509 -0.1871016 38.28588 230.4969 -163.8882
0.3170928 -0.01876514 -0.2871993 32.52252 224.0923 -166.018
0.326126 0.02176221 -0.3384688 28.78969 219.4435 -169.0714
0.3273467 -0.01290576 -0.3777754 30.22481 214.2908 -174.3004
0.3295439 -0.03365772 -0.4280684 32.30878 207.787 -179.7203
0.3463897 -0.05196826 -0.4722579 30.95763 199.5885 -184.6058
0.373001 -0.03927295 -0.4720137 31.10267 190.7641 -190.5218
0.392044 -0.06393116 -0.474211 29.78206 181.8557 -196.0256
0.3971709 -0.0876128 -0.4419844 27.49962 173.6649 -201.789
0.3832549 -0.09884327 -0.3931563 27.32405 165.3748 -208.7432
0.4054717 -0.3061187 -0.3582442 31.02633 159.8939 -213.4913
0.3825225 -0.4255034 -0.3482344 30.1103 151.5961 -211.3539
0.4113311 -0.4325835 -0.3238204 30.41565 141.329 -211.1554
0.4555205 -0.4904449 -0.2608321 35.62175 135.2984 -214.3462
0.425003 -0.629605 -0.2154219 59.21717 128.1305 -224.247
0.4728545 -0.6305816 -0.1707442 52.30878 119.2679 -218.9722
0.4804229 -0.6654937 -0.1184981 52.82023 113.0389 -217.5294
0.4530791 -0.8769195 -0.04598832 48.58359 112.4206 -211.1248
0.4213408 -0.8332183 -0.02938676 26.20954 105.5885 -197.308
0.4228057 -0.8627593 0.06729293 20.57595 102.3366 -192.392
0.4689483 -0.9250152 0.1173418 18.72863 103.5427 -186.7508
0.4696807 -0.9748199 0.1007402 25.46908 103.1458 -183.2088
0.4838408 -0.9853179 0.04776168 22.80496 96.68012 -173.4149
0.5084991 -1.053433 0.07754683 28.13321 96.1076 -168.7661
0.5111846 -1.019253 0.09170699 21.80496 91.69539 -157.7584
0.4948272 -0.9987456 0.133455 16.54542 90.02363 -148.3309
0.4860381 -0.9645659 0.1383379 15.33168 92.84806 -141.85
0.5016631 -0.907437 0.1068437 11.62939 92.54272 -133.4913
0.4765166 -0.726773 0.04580855 5.980534 89.77936 -128.4913
0.4696807 -0.6108062 -0.02938676 10.52252 84.88622 -129.4913
0.4855498 -0.5055816 -0.0596602 5.988168 82.03127 -128.7813
0.4538116 -0.5085113 -0.1053145 10.33931 79.86333 -131.9569
0.4218291 -0.4689605 -0.1536543 2.491985 74.84806 -129.3309
0.4084014 -0.4618804 -0.1985762 -2.0271 70.22211 -129.1477
0.390335 -0.4484527 -0.239836 -9.866795 65.16103 -128.2623
0.3915557 -0.4521148 -0.2818282 -15.34771 59.8786 -128.3386
0.3778838 -0.4782378 -0.3184493 -20.31717 52.59615 -127.6516
0.3737334 -0.4919097 -0.3370039 -22.87443 44.72593 -127.2546
0.3546904 -0.5385406 -0.3350508 -24.71412 37.09234 -127.3309
0.3446807 -0.594937 -0.3252852 -24.79809 29.16867 -126.934
0.3468779 -0.6379058 -0.2913496 -26.53092 21.79463 -125.4302
0.3363799 -0.697232 -0.2403243 -27.08817 13.75646 -123.1096
0.3542022 -0.7445952 -0.1780684 -23.40878 6.435848 -122.4531
0.400833 -0.7489898 -0.1177657 -30.68359 5.046535 -118.0027
0.4403838 -0.803189 -0.1326582 -33.43931 -2.121405 -114.5829
0.4845733 -0.8300445 -0.05990434 -35.86679 -8.075603 -110.9798
0.5060576 -0.8669097 -0.01107621 -35.82099 -10.9153 -108.2393
0.5189971 -0.8893706 0.03018355 -36.05 -15.26644 -104.6134
0.5370635 -0.9106109 0.07095504 -35.08054 -19.67866 -101.5523
0.5614776 -0.9506499 0.126375 -34.80573 -22.43438 -97.89584
0.577835 -0.9816558 0.1759355 -34.76756 -24.47255 -93.74316
0.5922393 -1.008511 0.2213457 -36.06527 -25.1214 -88.27751
0.5854033 -1.054165 0.2503984 -38.04237 -28.60995 -80.91873
0.6147002 -1.007535 0.2784746 -37.56908 -25.06797 -76.49126
0.5946807 -1.039029 0.2945879 -37.50038 -24.73209 -71.20881
0.5966338 -0.9902007 0.2838457 -38.73702 -25.47255 -65.47599
0.5959014 -0.9555327 0.2828691 -41.48512 -26.77026 -59.74316
0.5976104 -0.912564 0.2921464 -43.75993 -27.39621 -55.14011
0.5990752 -0.8964507 0.2887285 -45.51565 -28.42675 -51.0027
0.5905303 -0.8700835 0.3014238 -46.83626 -29.31988 -47.33858
0.5854033 -0.8539702 0.3136308 -47.32481 -31.0298 -44.0027
0.5829619 -0.8427398 0.3429277 -47.75229 -31.62522 -41.22408
0.5775908 -0.8227202 0.3661211 -47.40878 -31.67866 -38.65919
0.5160674 0.1821626 0.8326738 115.0645 92.26027 -29.39965
0.5824737 0.1941255 0.8246172 104.6141 95.88622 -31.61339
