-0.474586 -0.2876724 1.499872 10.98226 -16.13603 -9.815176
-0.4726328 -0.2771743 1.502314 10.57768 -14.62458 -8.235023
-0.4723887 -0.2747329 1.493036 10.81432 -13.93756 -6.044183
-0.4748301 -0.2659439 1.490106 10.98226 -13.23527 -4.280824
-0.4726328 -0.2630142 1.479853 10.3105 -11.72382 -3.189221
-0.4789805 -0.2781509 1.488886 10.89829 -12.09023 -1.914412
-0.4777598 -0.2649673 1.483026 10.60058 -11.47191 -0.2273892
-0.4819102 -0.2654556 1.499628 8.60058 -11.22 1.55887
-0.4841074 -0.2469009 1.512323 8.249435 -11.80015 3.74971
-0.4687266 -0.2481216 1.504511 7.417374 -12.22 6.04742
-0.4594492 -0.2273696 1.534052 3.654015 -11.07496 7.520702
-0.4601817 -0.236647 1.548944 3.348672 -10.83832 8.803145
-0.455543 -0.2068618 1.574579 1.68455 -12.67802 11.79551
-0.4511485 -0.2000259 1.579462 -0.6894961 -13.1971 13.96345
-0.4250254 -0.1948989 1.601435 -1.758198 -13.84595 14.89475
-0.4179453 -0.1753677 1.647821 -4.903237 -13.95282 16.41383
-0.3935313 -0.1878189 1.675165 -6.170413 -15.63221 18.15429
-0.3364024 -0.1714614 1.718378 -6.949039 -19.0826 20.85658
0.04738672 -0.3186782 1.96496 1.066229 -17.44137 21.95582
-0.2956309 -0.03913722 2.106073 -2.971939 -16.25817 20.81078
-0.1615977 -0.1653579 2.116571 8.089129 -16.43374 18.64284
-0.03293555 -0.1013931 2.106318 8.707451 -9.540611 15.24589
0.05324609 -0.1106704 2.201777 11.74562 1.581526 13.94818
0.1010977 -0.08650049 2.24914 15.85249 11.12351 13.94818
0.1662832 -0.02131495 2.379511 16.53188 24.61206 15.99398
0.2697988 -0.05744776 2.272333 24.63111 42.15405 25.58941
0.2126699 -0.1792739 2.42663 35.3334 67.24564 23.58177
0.1650625 0.01725927 2.8258 34.47081 74.36015 -3.280824
0.1914297 0.1849839 2.847773 29.84486 58.8029 22.77261
0.502709 -0.03352198 2.496454 51.50134 96.13114 2.184824
0.2741933 0.2386948 2.772089 41.64638 108.9632 -3.25029
0.3247304 0.2047593 2.617792 41.2189 131.5892 3.268794
0.3476797 0.2999741 2.750849 33.2418 138.1846 -8.280825
0.4404531 0.4305893 2.735468 20.79142 143.4976 10.93292
0.5720449 0.310228 2.4237 9.844855 153.9785 6.497802
0.5559316 0.3983628 2.418573 1.959359 167.9403 4.612306
0.5825429 0.4110581 2.374628 -2.597893 177.154 2.490168
0.6013418 0.4200913 2.338251 -3.964305 189.0701 -0.6090688
0.6196523 0.4249741 2.308954 -2.048275 198.5968 -4.815176
0.6960683 0.4894272 2.256708 -3.865069 210.3372 -7.33426
0.7119375 0.5087143 2.244989 -6.491023 220.4518 -10.64724
0.7751699 0.5577866 2.212275 -5.376519 231.9556 -15.79991
0.7824941 0.5990463 2.158564 0.7456183 242.0472 -23.37243
0.8415762 0.6520248 2.116816 4.218901 246.0243 -30.5022
0.8772207 0.7006088 2.119013 8.432641 246.0243 -40.36479
0.9294668 0.7220932 2.074335 12.30287 246.0243 -51.41059
0.9316641 0.7413803 2.031122 15.80669 246.0243 -63.81517
1.043481 0.758226 1.97204 17.71508 246.0243 -73.86861
1.085229 0.7709213 1.910517 13.86776 246.0243 -82.6396
1.093285 0.7045151 1.843622 17.20363 246.0243 -93.63197
1.162133 0.6547104 1.782343 21.91356 246.0243 -103.5785
1.172387 0.5907455 1.75744 23.23417 246.0243 -113.6472
1.234154 0.6144272 1.674921 23.80669 246.0243 -117.922
1.256859 0.5253159 1.597773 23.29524 246.0243 -126.7846
1.251244 0.4662339 1.561884 22.34104 246.0243 -133.0976
1.285668 0.3995835 1.497919 22.53188 246.0243 -139.5709
1.304955 0.3732163 1.451532 21.37157 246.0243 -145.777
1.332055 0.3148667 1.382685 21.88302 246.0243 -151.0824
1.332787 0.2787339 1.340692 20.79906 246.0243 -155.861
1.350609 0.1825425 1.240595 21.22654 246.0243 -160.7541
1.349633 0.1132065 1.181269 25.0586 246.0243 -165.3343
1.346459 0.07097021 1.087763 24.23417 246.0243 -167.4259
1.321557 -0.01569971 0.9727725 28.36394 246.0243 -171.7007
1.300316 -0.04279932 0.8861026 29.86776 246.0243 -175.9602
1.20852 -0.09431299 0.8091983 34.02043 246.0243 -180.0366
1.075463 -0.1668228 0.6370791 36.92883 246.0243 -181.3724
1.189721 -0.2136978 0.4735049 33.09676 246.0243 -178.3037
1.110375 -0.3040298 0.2833194 34.07386 246.0243 -174.693
1.015648 -0.3430923 0.2330264 33.2876 246.0243 -173.3495
1.012719 -0.3174575 0.1585635 30.66165 246.0243 -171.0595
1.001732 -0.2947525 0.1290225 22.0357 246.0243 -168.1205
0.943627 -0.3174575 0.1268252 13.01279 246.0243 -164.8228
0.8847891 -0.3577407 0.1356143 6.188366 246.0243 -159.7694
0.8449942 -0.3780044 0.1734561 0.9288244 246.0243 -155.2503
0.803002 -0.392897 0.2017764 -2.185679 246.0243 -150.8228
0.8042227 -0.3594497 0.2191104 -8.99484 246.0243 -145.5404
0.7871328 -0.3430923 0.2459658 -15.6666 246.0243 -141.0747
0.8178946 -0.3672622 0.2437686 -23.62843 246.0243 -135.9221
0.8066641 -0.3626235 0.2222842 -27.21621 246.0243 -131.8763
0.8132559 -0.3682388 0.1937197 -33.06354 246.0243 -126.7465
0.8467031 -0.3943618 0.1727237 -38.34599 246.0243 -122.0289
0.8491446 -0.3992446 0.1671084 -40.04064 246.0243 -117.5556
0.9570547 -0.4041275 0.102167 -44.34599 246.0243 -112.922
0.849877 -0.4136489 0.1556338 -46.70476 246.0243 -109.3953
0.9126211 -0.4409927 0.02575099 -46.14751 246.0243 -106.3419
0.8401114 -0.6944107 0.0137881 -11.28492 192.3067 -60.40296
0.5776601 -0.4959243 -0.03088963 -30.38415 80.76473 -13.39533
0.5893789 -0.5069107 -0.005010724 -33.01774 71.39832 -8.464031
0.6054922 -0.5049576 0.02330959 -34.86507 62.9403 -3.815176
0.612084 -0.5027603 0.04308498 -35.17041 54.48993 0.2687939
0.6264883 -0.4785903 0.0738467 -33.72003 46.21511 3.566504
0.6447988 -0.4402603 0.1019229 -31.85743 38.30672 5.917649
0.6684804 -0.3848403 0.1270694 -31.28492 30.90214 7.978718
0.6916738 -0.3365005 0.1500186 -31.01011 23.7113 10.02452
0.7099844 -0.2815689 0.166376 -31.31545 16.39069 11.39093
0.7141347 -0.2266372 0.2051944 -32.10934 9.413588 12.46727
0.7383047 -0.1658462 0.2310733 -34.19331 3.222748 13.3146
0.7524648 -0.1031021 0.27746 -38.51392 -2.960458 12.78024
0.7690664 -0.1211685 0.3138369 -38.64369 -9.166565 14.79551
0.7949453 -0.05842432 0.3326358 -39.42995 -14.50244 13.43673
0.8113028 -0.04035792 0.3748721 -40.61316 -20.46428 11.74971
0.8388906 -0.01643214 0.4134463 -41.05591 -26.13603 10.30696
0.8503653 -0.0252212 0.4490909 -39.70476 -30.27343 9.986351
0.867211 -0.06477198 0.4710635 -32.43759 -32.83069 5.085588
0.8864981 -0.01594386 0.5438174 -28.01774 -36.02916 2.360397
0.8891836 0.02092138 0.6063174 -28.17805 -39.58641 2.932916
0.9082266 0.06218114 0.6373233 -31.31545 -42.48717 2.604672
0.9070059 0.06559911 0.6441592 -34.21621 -45.48717 1.719176
0.921166 0.04826513 0.6199893 -34.71239 -48.22763 1.123756
0.9240957 0.04728857 0.6070498 -33.8956 -50.60931 -0.3113587
0.9114004 0.05095068 0.5770205 -33.44522 -53.1971 -1.242656
0.8965078 0.06047216 0.5628604 -32.28492 -56.55588 -3.158687
0.8889395 0.06462255 0.5342959 -31.38415 -60.77725 -5.135786
0.865502 0.0541245 0.524042 -29.17041 -65.36504 -7.899145
0.8554922 0.077562 0.4991397 -26.49866 -71.35741 -5.540366
0.8645254 0.1039292 0.4559268 -33.33835 -72.52534 -9.089985
0.8384024 0.05998388 0.4569034 -35.00247 -76.00626 -10.21212
0.8440176 0.0372788 0.4363955 -37.10934 -80.61695 -10.5251
0.8332754 0.02116552 0.4105166 -41.63606 -84.95283 -9.693038
0.830834 -0.003492683 0.4210147 -46.36889 -89.43375 -8.631969
0.8315664 -0.03083643 0.4153995 -51.77346 -93.90703 -6.532732
0.8337637 -0.05793604 0.4280948 -56.33835 -98.79252 -4.647236
0.8530508 -0.08918604 0.4300479 -59.07117 -103.304 -2.84571
0.8667227 -0.08650049 0.4439639 -60.84217 -108.1666 -1.425862
0.8803946 -0.09284815 0.4622745 -59.58263 -111.4414 -1.456397
0.8918692 -0.07502589 0.4818057 -57.55209 -113.7544 -1.990748
0.8779531 -0.07429347 0.480585 -53.42995 -115.8918 -3.975481
0.8711172 -0.0576919 0.461542 -49.91087 -118.6857 -6.189221
0.8540274 -0.07551417 0.4393252 -46.93377 -121.4566 -8.212122
0.8305899 -0.1160415 0.3904971 -41.34599 -125.8307 -10.35716
0.8210684 -0.1431411 0.3196963 -37.52919 -131.3574 -9.700672
0.8178946 -0.1817153 0.2789248 -35.18568 -136.4032 -10.88388
0.8093496 -0.1980728 0.2274112 -34.53682 -142.7238 -9.990748
0.8027578 -0.2256607 0.21496 -35.77346 -149.7543 -8.25029
0.8017813 -0.2625259 0.2186221 -36.64369 -155.5406 -6.754107
0.7915273 -0.3167251 0.2327822 -37.38415 -160.9223 -5.097618
0.8000723 -0.3723892 0.2325381 -38.31545 -166.0063 -2.84571
0.8022696 -0.4514907 0.2459658 -36.84217 -171.3879 -0.418229
0.8095938 -0.5064224 0.2515811 -34.49102 -175.8612 2.459634
0.8049551 -0.5462173 0.2520694 -31.62843 -180.8231 5.215359
0.8098379 -0.5723404 0.2591494 -29.41469 -186.1055 8.826046
0.8198477 -0.5882095 0.2659854 -29.21621 -191.3116 12.96345
0.8254629 -0.6214127 0.2867373 -28.83453 -195.3879 17.58941
0.8196035 -0.656813 0.3094424 -27.17041 -200.8765 22.23826
0.835961 -0.6946548 0.355585 -24.8269 -204.6628 26.58941
0.8442617 -0.7312759 0.3795108 -22.42995 -207.9147 31.58177
0.8137442 -0.7368912 0.333124 -18.63606 -212.6933 34.16956
0.8393789 -0.740065 0.4554385 -21.62079 -213.3269 46.87185
0.834252 -0.7583755 0.5062198 -14.42232 -215.846 47.62757
0.8371817 -0.7891373 0.5086612 -13.46812 -219.136 52.78025
