1.683861 -0.7293228 0.3328799 14.09676 -254.2429 251.6963
1.766381 -0.6988052 0.3946475 31.48608 -254.2429 251.6963
1.35183 -0.5906509 0.6033877 36.63111 -254.2429 251.6963
1.804711 -0.3260025 0.5408877 36.28761 -254.2429 251.6963
1.823754 -0.2896255 0.4949893 37.04333 -254.2429 251.6963
1.85891 -0.2573989 0.4881534 46.0586 -254.2429 251.6963
1.905785 -0.221022 0.5513858 44.11203 -254.2429 251.6963
1.906762 -0.2439712 0.5948428 47.0815 -254.2429 251.6963
1.878441 -0.156813 0.6605166 42.27234 -254.2429 251.6963
1.874047 -0.1734146 0.7198428 42.35631 -254.2429 251.6963
1.898705 -0.07746729 0.8011416 36.79142 -254.2429 251.6963
1.988305 -0.06062159 0.8765811 33.55478 -254.2429 251.6963
1.983178 0.07365575 1.011835 26.04333 -254.2429 251.6963
2.064904 0.09001318 1.057733 25.05096 -254.2429 251.6963
2.064904 0.1412827 1.064813 23.24944 -254.2429 251.6963
2.022973 0.4103257 1.430048 26.53951 -254.2429 251.6963
2.064904 0.4510972 1.712763 35.63111 -254.2429 251.6963
2.064904 0.6127182 1.982782 26.3334 -254.2429 251.6963
2.064904 0.6774155 2.30456 27.11203 -254.2429 251.6963
2.064904 0.3251206 2.365107 37.34104 -218.7391 251.6963
1.928246 0.6388412 2.880732 26.23417 -146.9528 251.6963
1.528832 0.8434311 2.853388 94.18073 -132.846 251.6963
1.626732 0.4384018 2.56579 126.2952 -146.8078 251.6963
1.503441 0.1627671 2.576777 136.5624 -109.1284 227.4902
1.076928 0.4159409 2.979853 156.2189 -28.85359 105.0703
0.9858633 1.079271 3.405634 135.4632 10.79527 89.29169
1.102318 1.110521 3.463251 63.73798 17.83344 139.6352
0.7922597 1.014574 3.641962 -38.8269 -14.58641 168.9634
0.6643301 0.7281967 3.695429 -86.75819 -63.05969 175.3451
0.4411855 0.6840073 3.707148 -46.9185 -142.2124 180.4749
0.4990469 0.7328354 3.788202 34.32577 -115.8307 185.7955
0.525414 0.2892319 3.407343 106.4326 -117.5024 188.8642
0.4121328 0.8202377 2.774775 99.82959 -106.7391 188.5283
0.4218984 0.857103 2.559443 78.71509 -65.92992 186.3451
0.3103261 0.8636948 2.434443 62.02806 -53.1742 184.2841
0.8340078 -0.5437759 0.1024112 -41.39942 -45.02916 68.94055
1.158959 -0.4412368 0.7039737 -40.05591 -151.1437 113.5436
1.157982 -0.406813 0.7571963 -38.68186 -153.5635 114.2993
1.154076 -0.4256118 0.7977237 -34.39942 -154.6475 114.826
1.13601 -0.4439224 0.8140811 -31.72003 -155.1055 116.0856
1.114281 -0.5010513 0.8023623 -29.42232 -155.8536 117.681
1.095482 -0.5261978 0.7845401 -27.43759 -156.5177 120.2001
1.057641 -0.5760025 0.7344913 -25.22385 -157.4566 122.5512
1.02224 -0.5901627 0.7127627 -25.52156 -159.0979 126.536
0.9548574 -0.6365494 0.6688174 -23.93377 -160.3956 129.8642
0.8645254 -0.6682877 0.5799502 -22.77346 -162.3803 133.5589
0.7939687 -0.7266373 0.5015811 -22.92614 -165.6628 138.91
0.7004629 -0.8035416 0.3716983 -22.16278 -170.2353 147.1619
0.5954824 -0.8831314 0.2291201 -24.09408 -175.0063 149.0245
0.5251699 -0.9114517 0.07824123 -35.54446 -186.5864 159.826
0.4394765 -0.9810318 -0.01575291 -49.10934 -196.5635 170.2383
0.4082265 -1.07112 -0.06165135 -66.67422 -206.5712 179.1696
0.3860097 -1.157545 -0.06165135 -81.14751 -221.7009 195.4215
0.5576406 -1.437331 -0.06165135 -89.32308 -226.907 188.6886
0.405541 -1.343336 -0.06165135 -79.95667 -242.4719 206.2383
0.3457265 -1.398756 -0.06165135 -69.84217 -254.2429 217.1314
0.4865957 -1.232252 -0.06165135 -75.94141 -254.2429 215.5054
0.4062734 -1.313551 -0.06165135 -81.46812 -254.2429 236.139
0.6367422 -1.242995 -0.06165135 -87.94904 -254.2429 238.307
0.6706777 -1.277907 -0.06165135 -94.98721 -254.2429 246.0092
0.8005606 -1.185866 -0.06165135 -107.0864 -254.2429 251.6963
0.8423086 -1.291335 -0.06165135 -102.178 -254.2429 251.6963
1.057885 -1.186842 -0.06165135 -104.0177 -254.2429 251.6963
1.136742 -1.291335 -0.02844822 -99.06354 -254.2429 251.6963
1.088891 -1.357741 0.1475772 -86.7811 -254.2429 251.6963
1.251244 -1.100417 0.21496 -82.29255 -254.2429 251.6963
1.365502 -1.050368 0.2383975 -77.04827 -254.2429 251.6963
1.448266 -0.9876236 0.2689151 -71.15514 -254.2429 251.6963
1.477807 -0.8648209 0.3201846 -79.033 -254.2429 251.6963
1.463158 -0.9075455 0.4044131 -70.99484 -254.2429 251.6963
1.531518 -0.8794693 0.5074405 -69.36125 -254.2429 251.6963
1.501488 -0.8386978 0.5301455 -56.17041 -254.2429 251.6963
1.622826 -0.6511978 0.5955752 -56.68186 -254.2429 251.6963
1.671654 -0.6487564 0.6505069 -55.17804 -254.2429 251.6963
1.723656 -0.6907486 0.6580752 -53.26965 -254.2429 251.6963
1.814965 -0.6824478 0.8131045 -37.95667 -254.2429 251.6963
1.926537 -0.6631607 0.9085635 -34.19331 -254.2429 251.6963
1.920678 -0.6629166 1.004999 -15.69713 -254.2429 251.6963
1.947045 -0.5379166 1.168329 -5.498657 -254.2429 251.6963
1.932397 -0.5847916 1.284784 13.3105 -254.2429 251.6963
1.973412 -0.48152 1.441767 31.63875 -254.2429 246.1925
2.027367 -0.4243911 1.583856 54.47081 -254.2429 251.6963
2.064904 -0.313063 1.465448 86.20364 -254.2429 251.6963
1.975121 -0.4160903 1.771112 112.6464 -254.2429 251.6963
1.836938 -0.3938735 1.936396 127.9594 -254.2429 251.6963
1.691186 0.386644 2.244745 91.80669 -254.2429 251.6963
1.832055 -0.04060206 2.179071 83.25707 -254.2429 251.6963
1.865258 -0.03108057 2.302607 87.3105 -254.2429 251.6963
1.839135 0.05192724 2.473261 98.82959 -254.2429 251.6963
1.691186 -0.0823501 2.463251 108.654 -222.075 251.6963
1.44143 0.0985581 2.658319 100.6006 -210.4185 251.6963
1.361107 0.1102768 2.780878 100.9288 -201.4795 251.6963
1.33474 0.122728 2.618525 88.95936 -202.6933 251.6963
1.318871 0.04606786 2.552607 80.27234 -185.1895 251.6963
1.187035 0.06706396 2.772577 86.97462 -180.5024 251.6963
1.156762 -0.001295418 2.748163 91.28761 -174.8612 251.6963
1.157006 0.1844956 2.627802 83.92883 -170.8918 251.6963
1.232201 0.3346421 2.738886 83.54715 -158.6017 251.6963
1.290063 0.3490464 2.662714 101.3792 -127.6093 251.6963
1.070092 0.3217026 2.626337 113.7533 -102.8994 251.6963
0.9021231 0.3820054 2.531366 108.2647 -91.83833 251.6963
0.8611074 0.2782456 2.333857 103.7609 -82.72382 251.6963
0.7419668 0.3121811 2.315546 115.3258 -75.48717 251.6963
0.7602773 0.469896 2.35998 117.4708 -63.1055 251.6963
0.7522207 0.5685287 2.421503 123.7533 -45.50244 250.0627
0.7668691 0.6049057 2.345087 137.7761 -35.75435 242.1543
0.768334 0.6569077 2.382929 142.0128 -19.36504 247.4978
0.6301504 0.8116928 2.317743 138.7838 -3.563512 249.1543
0.497582 0.8905502 2.314814 139.6387 3.108244 237.7192
0.4145742 1.007494 2.341913 129.1197 14.74946 223.1008
0.3884511 1.017259 2.336786 124.3716 26.37542 215.3986
0.3513418 1.077562 2.247187 120.2571 41.19985 211.2001
0.3047109 1.170824 2.165888 115.1426 52.52809 207.368
0.2888418 1.266771 2.066523 98.02806 66.10061 205.9405
0.1911856 1.210374 2.001581 96.14256 69.009 189.7802
0.04201563 1.303392 2.002802 92.49371 66.52809 185.5665
0.1401602 1.456712 1.880976 89.42501 75.85633 164.9711
0.09475 1.450853 1.700067 75.58531 84.009 145.9863
-0.1191172 1.51848 1.511591 76.21127 77.19984 97.39093
-0.2087168 1.500658 1.280634 61.0586 60.86397 58.55887
-0.2817149 1.399339 1.182978 57.81432 67.55862 25.03979
-0.2643809 1.641527 0.8987979 46.25707 88.32198 29.03215
-0.5954356 1.739427 1.057245 22.0586 73.61206 71.60468
-0.441627 1.600999 0.8204288 18.40974 47.32199 99.34513
-0.4579844 1.536058 0.8541202 0.4402748 53.13878 76.81078
-0.3752207 1.479662 0.7562198 -15.76583 64.43649 68.45963
-0.4384531 1.34221 0.904169 -22.16278 62.16932 54.45964
-0.4523692 1.319749 0.9495791 -23.11698 50.13115 54.10086
0.8589102 -0.8423599 0.5772647 -33.14751 -151.4872 178.9787
0.6667715 -1.285231 0.02306545 -55.62079 -220.3345 251.6963
0.7497793 -1.278395 0.009393573 -58.04064 -228.9757 251.6963
0.7434316 -1.312819 0.04186428 -57.46812 -237.2658 251.6963
0.8078848 -1.343092 0.0516299 -57.42995 -247.846 251.6963
0.9389883 -1.33528 0.1776065 -53.64369 -254.2429 251.6963
1.023949 -1.348463 0.1707705 -46.36889 -254.2429 251.6963
1.094018 -1.186598 0.2078799 -57.52156 -254.2429 251.6963
1.102563 -1.369215 0.2554873 -43.68186 -254.2429 251.6963
1.189965 -1.251295 0.2142276 -28.37652 -254.2429 251.6963
1.249779 -1.26985 0.2620791 -20.9643 -254.2429 251.6963
1.33352 -1.240065 0.2845401 -7.804 -254.2429 251.6963
1.370873 -1.12776 0.3270205 -1.819267 -254.2429 251.6963
1.449975 -1.069411 0.3409365 1.768519 -254.2429 251.6963
1.526635 -0.9947037 0.3716983 9.356305 -254.2429 251.6963
1.574242 -0.8955826 0.4110049 12.50134 -254.2429 251.6963
1.654076 -0.8428482 0.4429873 14.81432 -254.2429 251.6963
1.719994 -0.6521744 0.5311221 20.73035 -254.2429 251.6963
1.799096 -0.5794205 0.6483096 31.92883 -254.2429 251.6963
1.607445 -0.5725845 0.7889346 42.50898 -254.2429 251.6963
1.884789 -0.2083267 0.836542 39.42501 -254.2429 251.6963
1.852318 -0.3389419 0.9310245 60.02806 -254.2429 251.6963
