0.9560088 -0.2128569 0.7074296 7.751526 -3.640489 14.31791
0.9638213 -0.2104155 0.7064531 6.911832 -4.785527 15.066
0.9652862 -0.2128569 0.7057207 5.820229 -5.808428 16.0431
0.9635772 -0.2192046 0.7079179 4.67519 -6.571786 16.9744
0.9679717 -0.2177397 0.718416 3.324046 -7.396214 18.37898
0.9665069 -0.2172515 0.7232988 2.224809 -7.816061 19.62325
0.9660186 -0.2245757 0.7225664 1.05687 -8.296977 20.92859
0.9657744 -0.2167632 0.7303789 0.4767175 -8.869496 22.49348
0.9730987 -0.2157866 0.7237871 0.06450367 -9.373313 24.24921
0.9721221 -0.2116362 0.7403886 -0.08816814 -9.79316 25.73012
0.9662627 -0.2106597 0.7381914 -0.401145 -9.968733 27.0431
0.9738311 -0.20773 0.7406328 -0.4927483 -10.35805 28.27974
0.980667 -0.1857573 0.7586992 -1.256107 -10.95347 32.62325
0.9750518 -0.173062 0.7691972 -1.988932 -11.1214 34.00493
0.9794463 -0.169644 0.7755449 -2.607252 -10.82369 34.81409
0.9774932 -0.159146 0.7731035 -3.431679 -10.72446 36.0431
0.9792022 -0.1523101 0.7726152 -3.94313 -10.70919 37.11943
0.9809112 -0.1488921 0.7706621 -3.950764 -10.33515 37.79119
0.9931182 -0.1413237 0.7735918 -3.286641 -10.46492 38.34844
1.000442 -0.1281401 0.7733476 -2.75229 -10.11377 38.90569
1.00679 -0.1169097 0.7694414 -1.988932 -10.03744 38.9515
1.013138 -0.110562 0.7667558 -1.897328 -10.01453 38.54692
1.018509 -0.1039702 0.7672441 -2.653054 -9.693924 38.56218
1.021927 -0.09884327 0.782625 -3.424046 -9.678657 38.23394
1.023636 -0.09786671 0.7745683 -3.889695 -9.159573 37.85226
1.025101 -0.09493702 0.7877519 -3.897328 -8.510717 37.19577
1.021927 -0.1076323 0.7999589 -1.385878 -8.190107 36.40951
1.021438 -0.1029937 0.8048418 0.06450367 -6.984 35.35608
1.015335 -0.09078663 0.8058184 0.2400761 -6.510717 34.64615
1.013138 -0.08785694 0.810457 -0.981298 -6.014534 34.16524
1.016312 -0.0863921 0.8126543 -2.370611 -5.052702 33.38661
1.002884 -0.08517139 0.8146074 -3.935496 -4.594687 33.07363
0.9936065 -0.08419483 0.8048418 -5.675954 -3.671023 32.09653
0.9870147 -0.07735889 0.8192461 -7.599618 -2.533618 31.23394
0.982376 -0.08053272 0.8170488 -9.179771 -1.548886 30.69196
0.971878 -0.07955616 0.8158281 -10.70649 -0.1595726 29.83699
0.9630889 -0.08321827 0.8082598 -11.70649 0.8404274 29.27974
0.9584502 -0.08370655 0.7955644 -12.21794 2.054168 28.67669
0.9540557 -0.08028858 0.7743242 -12.46985 2.90913 28.02783
0.9655303 -0.09029835 0.761873 -12.50038 3.443481 27.65379
0.9691924 -0.08956593 0.7494218 -12.1645 3.336611 27.26447
0.9760283 -0.08956593 0.7330644 -12.23321 3.680122 26.9515
0.9760283 -0.0876128 0.7276933 -12.33244 3.260275 26.40188
0.9826201 -0.09127491 0.7145097 -13.0729 3.290809 26.0431
0.9948272 -0.08468311 0.7108476 -13.60725 3.000733 25.42478
0.9926299 -0.08517139 0.7157304 -14.68359 2.687756 24.74539
0.994583 -0.08932178 0.7069414 -14.21031 2.138137 23.64615
0.9958037 -0.09396046 0.7157304 -14.1416 1.947298 22.32554
0.9938506 -0.09566944 0.7164629 -13.89733 1.458748 20.9515
1.000687 -0.112271 0.7347734 -11.53092 0.9854658 19.18814
0.9882354 -0.1056792 0.7416093 -10.89733 2.084702 16.89806
0.9816436 -0.1049468 0.7433183 -10.66832 1.428214 15.47821
0.9760283 -0.1083647 0.7604082 -11.23321 0.7640915 13.82936
0.9630889 -0.1198394 0.7755449 -11.83626 1.054168 12.17287
0.954544 -0.11398 0.780916 -12.1187 1.573252 10.40951
0.940628 -0.1178862 0.7794511 -13.74466 1.596153 8.821725
0.9330596 -0.1161772 0.7867754 -14.95076 1.588519 7.127069
0.9206084 -0.1203276 0.8050859 -16.13397 2.031267 5.501115
0.9147491 -0.1308257 0.8089922 -16.04237 1.786992 4.149969
0.9115752 -0.1315581 0.8111895 -15.72939 2.344244 2.707222
0.925003 -0.1440093 0.8072832 -14.56908 2.084702 1.348442
0.9245147 -0.1508452 0.7940996 -13.51565 2.687756 0.1957703
0.933792 -0.1554839 0.789705 -12.47748 2.794626 -0.04850388
0.9391631 -0.1640288 0.7638261 -11.62252 2.947298 -0.2775116
0.9428252 -0.1708647 0.7582109 -10.11107 2.496916 -0.07140541
0.9484405 -0.1791655 0.74283 -8.660687 2.390046 0.0812664
0.956253 -0.188687 0.744539 -7.065267 1.870962 0.4629459
0.9679717 -0.1840483 0.7276933 -6.668321 1.443481 1.546917
0.9730987 -0.1857573 0.7245195 -6.966031 0.886229 2.38661
0.9711455 -0.1884429 0.7176836 -7.782825 0.3366108 3.455313
0.9831084 -0.1850249 0.7176836 -8.508016 -0.2282748 4.371344
0.9860381 -0.1874663 0.7154863 -9.675955 -0.7168244 4.943863
0.984085 -0.1918608 0.7240312 -10.24084 -1.006901 5.302641
0.9838408 -0.1916167 0.7084062 -10.88206 -1.434382 5.966763
0.9101104 -0.1471831 0.7023027 -9.622519 3.771725 30.94386
0.8673858 -0.36398 0.7059648 10.36221 -7.426748 24.69959
0.8620147 -0.3720366 0.7142656 10.0187 -7.739725 27.25684
0.8629912 -0.3695952 0.7123125 10.10267 -8.984 29.81409
0.8661651 -0.3683745 0.6915605 9.52252 -9.472549 32.58508
0.8651885 -0.3664214 0.6878984 8.385115 -10.19774 35.05073
0.8610381 -0.3627593 0.6852129 7.629389 -10.99163 37.75302
0.8700713 -0.3573882 0.6771562 6.614122 -11.71682 40.02783
0.8732451 -0.3422515 0.6642168 5.713358 -12.44965 42.34844
0.8793487 -0.3402984 0.6515214 4.46145 -13.23591 44.55455
0.8854522 -0.3317534 0.6427324 2.972901 -14.06797 46.53928
0.8957061 -0.3244292 0.6361406 1.400382 -14.8466 48.1805
0.9074248 -0.3161284 0.6219804 0.3011451 -15.77026 49.87516
0.9167022 -0.3039214 0.6227129 -1.095802 -16.49545 51.26447
0.9308623 -0.2912261 0.6161211 -1.973664 -17.0985 52.29501
0.9376983 -0.2924468 0.6197832 -2.691222 -18.02217 53.28738
0.949417 -0.2777984 0.6053789 -3.309542 -18.61759 53.90569
0.9589385 -0.2587554 0.6214921 -3.576718 -19.83133 54.79883
0.9711455 -0.2482573 0.6161211 -3.706489 -20.59469 54.60799
0.9916533 -0.2392241 0.6275957 -3.492748 -21.17484 54.24157
0.9999541 -0.2240874 0.6307695 -2.973664 -21.38095 53.76829
1.005569 -0.2184722 0.6405351 -2.34771 -21.9153 52.94386
1.021438 -0.2028472 0.6600664 -2.088168 -22.06797 51.9744
1.020218 -0.1933257 0.6798418 -2.179771 -21.90767 50.82172
1.011673 -0.1803862 0.699373 -2.72939 -21.31224 49.70722
1.008987 -0.171353 0.7203691 -3.729389 -20.56415 48.56218
1.004349 -0.1564605 0.734041 -4.904962 -19.33515 47.03547
1.001175 -0.1547515 0.744539 -6.691222 -18.0985 45.56982
0.9972686 -0.1379058 0.7472246 -8.782825 -16.40385 44.0431
0.9992217 -0.1371733 0.7525957 -10.1645 -14.71682 42.16524
0.9992217 -0.1396147 0.761873 -10.95076 -12.74736 39.94386
1.000687 -0.133023 0.763582 -11.81336 -10.85423 37.55455
1.011429 -0.1266753 0.7557695 -12.0271 -9.258809 34.96676
1.009476 -0.1310698 0.758455 -12.33244 -7.121405 32.18814
1.017044 -0.1327788 0.7511308 -12.42405 -5.373313 28.76829
1.022171 -0.131314 0.7562578 -12.17977 -3.518351 25.50111
1.029007 -0.1396147 0.7696855 -11.9126 -1.17484 21.80646
1.024368 -0.1549956 0.7723711 -11.72939 0.832794 17.9515
1.025833 -0.1654937 0.7772539 -11.32481 2.939664 14.36371
1.017776 -0.174771 0.780916 -10.63779 5.390046 10.76829
1.005569 -0.1947905 0.7921464 -9.469848 7.489282 6.989664
0.9967803 -0.2099272 0.7921464 -7.523283 9.527451 3.585085
0.987503 -0.2294585 0.7984941 -5.94313 11.35188 0.1576023
0.980667 -0.2404448 0.8026445 -4.469848 13.57325 -2.483618
0.9584502 -0.2585113 0.8099688 -3.172137 15.28317 -4.819496
0.9391631 -0.2773101 0.8107012 -2.408779 16.64959 -6.178274
0.9313506 -0.2963531 0.8009356 -1.813359 18.58088 -7.704992
0.9167022 -0.3110015 0.782625 -1.195038 19.71829 -8.544687
0.9079131 -0.3258941 0.7855546 -1.13397 21.30608 -8.80423
0.8998565 -0.3312652 0.7816484 -2.637786 22.35951 -8.788961
0.8798369 -0.3346831 0.7660234 -5.149237 23.14577 -7.605755
0.8642119 -0.3427398 0.7499101 -8.85916 24.33661 -6.361481
0.8522491 -0.3549468 0.7269609 -12.37824 24.70302 -4.682091
0.8488311 -0.3566558 0.718416 -15.63779 24.81753 -2.80423
0.8349151 -0.3647124 0.7054765 -17.43931 25.05417 -1.040871
0.8385772 -0.3659331 0.6825273 -18.87443 25.02363 0.6843204
0.8332061 -0.3708159 0.6424882 -19.9584 24.52745 2.134703
0.8363799 -0.3700835 0.6285722 -21.35534 23.78699 3.524015
0.853958 -0.3720366 0.6065996 -23.17977 22.77172 5.317908
0.8634795 -0.3732574 0.5831621 -24.41641 21.32898 6.890428
0.8703155 -0.3732574 0.5821855 -24.37061 19.77172 8.264473
0.8737334 -0.3788726 0.5826738 -24.80573 18.27554 9.043099
0.8683623 -0.3669097 0.576082 -25.20267 16.81753 10.33318
0.8617705 -0.3752105 0.5719316 -25.56145 14.90149 11.34081
0.8681182 -0.3661773 0.574373 -26.03473 13.12287 12.14997
0.8693389 -0.3717925 0.5704668 -26.44695 11.68012 13.38661
0.8739776 -0.3654449 0.5694902 -27.0042 10.14577 14.79882
0.8813018 -0.3571441 0.5643632 -26.86679 8.672489 15.47821
0.8786162 -0.3390777 0.5643632 -26.60725 7.145771 16.35608
0.8876494 -0.3295562 0.5775468 -26.30954 5.161038 16.91333
0.8871612 -0.3234527 0.5848711 -26.05 4.000733 17.34844
0.9003448 -0.3046538 0.5741289 -25.63015 3.099969 17.62325
0.9101104 -0.2897613 0.5768144 -24.68359 2.008367 17.33318
0.9162139 -0.2785308 0.5902421 -24.0042 1.176305 16.78356
0.9254912 -0.2660796 0.5897539 -23.81336 0.008366346 16.27974
0.9376983 -0.2536284 0.6065996 -23.63015 -0.7091908 15.47821
