-0.07806006 -1.774963 0.1576338 -109.2346 -137.7744 47.8338
-0.03533545 -1.774963 0.3097334 -57.03617 -136.5301 67.36815
-0.06121436 -1.774963 0.4130049 -10.9064 -138.4537 91.71166
-0.002132326 -1.774963 0.4737959 52.10887 -137.0797 109.7346
0.01056299 -1.774963 0.519206 62.53635 -137.9881 143.2842
-0.002620608 -1.774963 0.5301924 41.62795 -133.1026 178.9789
0.02887353 -1.774963 0.5201826 59.38368 -136.4232 184.704
0.07770166 -1.681213 0.5309248 60.70429 -139.6599 205.1163
0.09112939 -1.479797 0.6044111 67.94093 -140.5606 214.6735
0.1314126 -1.423156 0.5358076 81.78825 -140.6675 229.0018
0.1463052 -1.218078 0.5565596 92.00963 -140.1637 234.0399
0.1091958 -1.010558 0.5507002 102.3379 -145.385 244.643
0.1902505 -0.8247675 0.5201826 104.0249 -148.8583 249.33
0.215397 -0.7529902 0.5616865 101.2386 -155.3545 251.8109
0.2298013 -0.6472773 0.7032881 114.4753 -159.782 251.8109
0.3465005 -0.5564569 0.659831 117.8188 -155.3774 251.8109
0.3001138 -0.5020136 0.6974287 129.6967 -160.6522 251.8109
0.3433267 -0.3909296 0.6766768 131.9028 -163.3011 251.8109
0.3569985 -0.3567499 0.7103682 146.0936 -168.2934 251.8109
0.3853189 -0.3254999 0.7467451 153.9104 -167.9805 251.8109
0.4314614 -0.1858514 0.7667646 164.3837 -170.8278 251.8109
0.4597817 -0.2131952 0.8092451 180.9409 -171.8201 251.8109
0.3757974 -0.04669128 0.9779463 176.5364 -170.7285 251.8109
0.4929849 -0.1536249 0.8866377 200.7043 -162.5759 251.8109
0.444645 -0.0696405 0.9110518 197.0554 -164.4995 251.8109
0.4634439 -0.001281127 0.9598799 206.5287 -163.3698 251.8109
0.4563638 -0.03985535 0.9921064 207.6509 -157.7438 251.8109
0.494938 -0.005187377 0.9720869 210.628 -153.6599 251.8109
0.4815103 0.01239075 0.9772139 203.0554 -149.2629 251.8109
0.4680825 0.05291809 0.9425459 190.9486 -147.1255 251.8109
0.4651528 0.0578009 0.9239912 181.3608 -146.7056 251.8109
0.4905435 0.1332404 0.9117842 171.0554 -147.7133 251.8109
0.5191079 0.08587708 0.836833 164.1928 -149.4385 251.8109
0.5225259 0.1271368 0.8231611 154.147 -155.7744 251.8109
0.5833169 0.1102911 0.8175459 152.4677 -161.6751 251.8109
0.6499673 0.1127325 0.8358564 149.6203 -168.0797 251.8109
0.7656899 0.1542365 0.8583174 145.0936 -174.3087 251.8109
0.8816567 0.1701056 0.8885908 139.4753 -180.553 251.8109
1.007389 0.2123419 0.9095869 133.1089 -186.5682 251.8109
1.079167 0.1781622 0.9139814 128.3761 -192.5911 251.8109
1.173893 0.2448126 0.9557295 127.5287 -203.3927 251.8109
1.37946 0.2533575 0.9899092 120.3989 -213.5377 251.8109
1.528874 0.2394415 1.296306 138.7806 -218.2095 251.8109
1.569157 0.3620001 1.417888 166.2081 -206.4385 251.8109
1.818668 0.3095099 1.250407 197.544 -199.6217 251.8109
1.956364 0.5216681 1.30363 240.1394 -205.7591 251.8109
2.013981 0.5973516 1.382976 269.6508 -224.3087 251.8109
2.289799 1.834412 1.364909 269.6508 -208.5835 251.8109
1.973698 1.543397 1.778972 269.6508 -185.9423 251.8109
2.09528 1.234315 1.605876 269.6508 -169.6675 251.8109
2.099674 1.357361 1.519938 269.6508 -154.24 251.8109
1.982243 1.673279 1.331218 269.6508 -106.866 251.8109
2.289799 0.7164923 -0.2605791 -230.6163 101.9203 -248.4563
1.538395 -1.774963 -0.2605791 -230.6163 72.32489 -248.4563
1.77985 -1.774963 -0.2605791 -230.6163 58.14931 -248.4563
1.419987 -1.774963 -0.2605791 -230.6163 12.50046 -248.4563
0.7417642 -1.774963 -0.2605791 -230.6163 -18.40031 -248.4563
0.3521157 -1.774963 -0.2605791 -230.6163 -38.40794 -248.4563
0.1687661 -1.774963 -0.2605791 -230.6163 -96.65985 -248.4563
-0.1696128 -1.774963 -0.2605791 -230.6163 -140.7667 -248.4563
-0.2001304 -1.774963 -0.2605791 -230.6163 -169.1179 -248.4563
-0.4076499 -1.774963 -0.2605791 -155.769 -206.553 -232.4257
-0.3700522 -1.774963 -0.2605791 -90.05144 -230.6369 -197.8837
-0.3898276 -1.774963 -0.2605791 -44.66976 -254.1942 -171.6166
-0.2421226 -1.774963 -0.2605791 13.94856 -263.0415 -138.8609
-0.1014976 -1.774963 0.07047558 6.940931 -260.4079 -98.35704
0.04401025 -1.774963 0.461833 8.345511 -255.5606 -55.65475
0.09625634 -1.774963 0.7142744 13.36078 -250.9041 -16.68528
0.1648599 -1.774963 0.980876 3.353146 -235.2934 18.13151
0.2490884 -1.774963 1.101481 24.20811 -215.8125 50.7193
0.2849771 -1.774963 1.033122 35.04017 -203.2934 79.52846
0.2500649 -1.774963 1.098308 71.52872 -199.5301 95.8338
0.2671548 -1.774963 1.18571 179.7272 -186.7667 90.39869
0.2422524 -1.774963 1.114909 184.7577 -183.1484 120.9636
0.271061 -1.774963 1.098552 163.0402 -169.1866 151.5514
0.3198892 -1.774963 1.132976 170.5745 -163.553 162.0246
0.3154946 -1.629455 1.061198 173.6585 -151.8278 182.4216
0.2942544 -1.462463 0.9405928 186.6432 -143.011 190.6506
0.3052407 -1.254943 0.8265791 196.8493 -143.5759 203.4063
0.3237954 -1.133605 0.8392744 194.2463 -140.5911 218.3224
0.2954751 -1.100158 0.8905439 206.147 -134.9728 228.5972
0.3638345 -0.9255976 0.715251 212.086 -128.6828 237.2689
0.2849771 -0.7964472 0.7023115 210.0249 -131.2247 248.017
0.3340493 -0.6834101 0.7245283 214.6814 -131.2782 251.8109
0.3462564 -0.6721796 0.7347822 227.8188 -126.9576 251.8109
0.3740884 -0.5403437 0.6842451 229.6967 -124.4003 251.8109
0.3535806 -0.4973749 0.7032881 230.6127 -128.0034 251.8109
0.3897134 -0.4773554 0.666667 233.0173 -123.0339 251.8109
0.3596841 -0.4060663 0.6420088 229.8493 -128.4308 251.8109
0.4260903 -0.4920038 0.6066084 230.857 -125.3316 251.8109
0.4299966 -0.429748 0.5975752 216.9867 -126.3392 251.8109
0.3997231 -0.3042597 0.6573896 220.4295 -130.8583 251.8109
0.4280435 -0.3557733 0.5216475 213.5898 -133.4232 251.8109
0.4226724 -0.362121 0.5030928 212.2692 -140.8278 251.8109
0.4990884 -0.3267206 0.5441084 217.2768 -144.8507 251.8109
0.5547524 -0.2439569 0.5861006 219.6967 -147.8278 251.8109
0.6465493 -0.1882928 0.6044111 214.9867 -151.0415 251.8109
0.7246743 -0.1094354 0.6532393 210.1699 -153.8507 251.8109
0.7691079 -0.07842957 0.6966963 204.46 -156.3545 251.8109
0.8093911 -0.07598816 0.7303877 211.3684 -161.2553 251.8109
0.9163247 0.08490051 0.7499189 210.2157 -165.3316 251.8109
0.9944497 0.2289435 0.8068037 210.9333 -164.5224 251.8109
1.048405 0.2709357 0.7762861 207.628 -164.5301 251.8109
1.10529 0.2794806 0.7506514 205.4371 -170.8049 251.8109
1.253971 0.3712775 0.6984053 212.0554 -173.3698 251.8109
1.297184 0.4909063 0.7323408 196.9867 -189.8507 251.8109
1.38068 0.4122931 0.7345381 215.8951 -187.324 251.8109
1.439274 0.5216681 0.6988935 209.9638 -188.9194 251.8109
1.452458 0.5123907 0.6542158 216.1318 -195.9423 251.8109
1.655827 0.603211 0.5802412 223.5669 -201.843 251.8109
1.773991 0.7799688 0.5736494 245.1318 -209.1179 251.8109
1.857731 1.1745 0.6083174 267.0707 -225.6217 251.8109
1.99567 1.46576 0.631999 204.4218 -225.4461 251.8109
2.027653 0.6989141 0.6678877 236.5669 -228.0186 251.8109
2.120914 0.8429571 0.7230635 229.544 -220.5148 251.8109
2.106266 0.9767462 0.7323408 249.8951 -226.6064 251.8109
2.183414 0.9684454 0.7023115 263.2615 -231.1789 251.8109
2.289799 1.07367 0.78654 269.6508 -232.7972 251.8109
2.289799 1.169129 0.7931318 269.6508 -233.2553 251.8109
2.289799 1.249451 0.9598799 269.6508 -241.0721 251.8109
2.289799 1.392274 1.079997 269.6508 -231.5148 251.8109
2.289799 1.38202 1.211345 269.6508 -214.4919 251.8109
2.289799 1.318787 1.269938 269.6508 -208.4079 251.8109
2.289799 1.300477 1.213542 269.6508 -190.6369 251.8109
2.289799 1.412293 1.254558 269.6508 -178.7667 251.8109
2.289799 1.735535 1.301677 269.6508 -167.7514 251.8109
2.289799 2.224976 1.460856 269.6508 -187.9423 251.8109
2.289799 2.224976 1.469157 269.6508 -159.0568 251.8109
2.289799 2.224976 1.888347 269.6508 -103.9957 251.8109
2.289799 2.224976 1.584392 269.6508 -43.46901 251.8109
2.289799 2.224976 1.154216 269.6508 -16.62931 251.8109
2.289799 2.224976 0.9093428 150.399 -32.31634 251.8109
2.289799 2.224976 1.254069 102.5211 -47.04916 251.8109
2.289799 2.224976 1.242839 56.1165 12.9432 251.8109
2.289799 2.224976 1.483562 44.12414 33.14168 251.8109
2.289799 2.224976 2.170573 45.1165 52.45465 234.8185
2.288883 2.224976 2.042399 79.7959 73.85161 165.6964
2.157536 2.224976 2.164714 130.5898 96.96611 83.32999
2.073307 2.224976 2.208415 153.2081 129.4012 4.59716
1.862125 2.224976 2.158854 170.6967 162.6226 -68.97536
1.691959 2.224976 1.986979 179.399 181.5768 -146.6776
1.718083 2.224976 1.795329 210.5822 202.9203 -229.5708
1.791813 2.224976 1.146647 221.8875 231.0959 -248.4563
1.683659 2.224976 0.802165 154.2616 215.5081 -248.4563
2.289799 -1.096984 -0.2605791 -149.9369 221.2791 -248.4563
0.7578774 -1.774963 -0.2605791 -230.6163 122.2486 -248.4563
0.5405923 -1.774963 -0.2605791 -230.6163 73.62259 -248.4563
0.2175942 -1.774963 -0.2605791 -230.6163 21.51572 -248.4563
-0.5399741 -1.774963 -0.2605791 -230.6163 -23.49954 -248.4563
0.08527001 -1.774963 -0.2605791 -230.6163 -51.34687 -248.4563
