0.1989287 -0.3979156 0.5807207 7.072137 5.260275 22.0889
0.2025908 -0.3964507 0.5929277 6.285878 5.985466 21.81409
0.1999053 -0.4047515 0.626375 5.583588 7.267909 21.88279
0.2008818 -0.4067046 0.635164 6.217175 8.901497 21.58508
0.209915 -0.4223296 0.6417558 7.736259 9.947298 21.11943
0.2213897 -0.431607 0.6549394 10.77443 11.1305 20.42478
0.2304229 -0.4433257 0.6783769 13.93473 12.79463 19.60035
0.2267607 -0.4342925 0.6842363 17.78206 14.83279 18.96676
0.2318877 -0.4474761 0.695955 20.82023 16.43585 18.73775
0.2328643 -0.4516265 0.6947343 23.43855 19.06944 18.1347
0.2389678 -0.4589507 0.6815507 25.49198 21.19921 18.38661
0.2382354 -0.4521148 0.6827714 26.33168 23.13814 18.31027
0.2360381 -0.4486968 0.6615312 26.85076 24.42821 18.77592
0.2394561 -0.4425933 0.6478593 26.35458 26.02363 19.07363
0.241165 -0.4323394 0.636873 26.26298 27.19921 19.62325
0.2397002 -0.4208648 0.6358964 26.40038 28.016 19.76829
0.2360381 -0.4179351 0.6378496 26.86603 28.88623 19.78356
0.119583 -0.4347808 0.6568925 25.95 31.72592 19.87516
0.2406768 -0.4613921 0.6097734 21.30878 31.05417 23.58508
0.265335 -0.3798491 0.6214921 18.11031 31.71066 23.83699
0.2782744 -0.3981597 0.6586015 16.75916 33.65722 24.50111
0.2665557 -0.3693511 0.6847246 20.30115 36.0618 22.91333
0.2609404 -0.3561675 0.6805742 21.87366 36.87096 22.82173
0.2748564 -0.3263824 0.6979082 21.71336 37.63432 22.53928
0.2946318 -0.2956206 0.7372148 20.60649 40.79463 22.66142
0.2960967 -0.2694976 0.7433183 20.46145 43.88623 21.94386
0.3000029 -0.2458159 0.7521074 21.28588 46.58089 20.33318
0.3119658 -0.2192046 0.73575 24.0187 49.06944 18.42478
0.2714385 -0.2052886 0.746248 25.33168 52.98547 18.71486
0.3249053 -0.1784331 0.7142656 31.69809 54.27554 14.55455
0.3148955 -0.09493702 0.7071855 34.1103 57.28318 9.989664
0.3207549 -0.08981007 0.6861894 37.0187 60.80226 6.272107
0.3180693 -0.0732085 0.6449296 41.79733 62.68013 1.775923
0.3068389 -0.05318897 0.6185625 45.59885 65.04653 -2.842398
0.3102568 -0.01022022 0.5812089 46.69046 66.64195 -6.911098
0.3041533 0.01394971 0.5428789 48.71336 68.48928 -12.22408
0.3017119 0.03567822 0.5143144 48.85839 69.22211 -17.06377
0.2958525 0.03982861 0.4820879 49.86603 70.0618 -22.0485
0.2960967 0.04593213 0.4588945 49.0187 70.28317 -26.46072
0.3043975 0.0427583 0.4278886 49.18664 70.32134 -31.38438
0.2968291 0.04349072 0.4256914 48.58359 70.03127 -35.88056
0.3000029 0.03299268 0.4081132 48.04924 69.89386 -40.46835
0.2992705 0.03470166 0.4122636 46.17137 69.67249 -44.37675
0.3090361 0.03567822 0.4049394 43.72099 69.60378 -47.934
0.3275908 0.02786572 0.4169023 41.44618 69.1763 -51.59812
0.3429717 0.02933057 0.4291093 39.59885 69.05417 -55.0256
0.3566436 0.03128369 0.4391191 38.33931 69.25264 -58.8424
0.3622588 0.02640088 0.4596269 38.07214 69.63432 -63.0256
0.3769072 0.02371533 0.477205 38.42328 70.26791 -66.94927
0.3898467 0.02542432 0.4984453 38.84313 71.57325 -71.58286
0.3981475 0.02957471 0.4955156 39.44618 72.82516 -75.70499
0.4137725 0.03030713 0.501375 39.98817 74.40531 -80.17828
0.4359893 0.02542432 0.494539 40.68282 76.16103 -85.31568
0.4450225 0.01980908 0.4999101 43.14084 77.9015 -90.34621
0.4459991 0.008822754 0.4591386 46.34695 79.93966 -95.91873
0.4418487 0.002963379 0.4132402 49.31641 82.52745 -101.7355
0.4269561 -0.01022022 0.3856523 51.0645 83.70302 -106.9187
0.4193877 -0.018521 0.3233964 51.59885 84.47401 -111.392
0.3964385 -0.07174366 0.2784746 52.04924 83.84042 -115.6439
0.38179 -0.05611866 0.1954668 45.78206 85.016 -119.5065
0.4054717 -0.08224171 0.1485918 44.78969 84.30608 -122.9951
0.3788604 -0.1213042 0.08682418 43.14084 81.39005 -126.476
0.3600615 -0.1491362 0.03042769 40.36985 78.16103 -128.9416
0.352249 -0.1811187 0.007478476 38.91183 75.12287 -131.6897
0.3459014 -0.2201812 -0.04623246 36.24007 71.64195 -134.0409
0.352249 -0.2392241 -0.08383012 34.86603 66.92439 -135.8653
0.359085 -0.2631499 -0.09628129 33.70572 61.80226 -137.5218
0.3744658 -0.285855 -0.1123946 32.54542 57.12287 -138.7966
0.3874053 -0.287564 -0.125334 32.46908 52.07707 -140.6516
0.3881377 -0.2907378 -0.1248457 32.52252 47.19157 -142.5142
0.390335 -0.3017241 -0.1202071 32.71336 42.50455 -144.3997
0.3847197 -0.3022124 -0.1219161 31.79733 38.29081 -146.2928
0.4054717 -0.3012359 -0.1187422 31.14847 33.29081 -148.0867
0.4245147 -0.303189 -0.1204512 29.60649 28.80989 -149.8195
0.4345244 -0.3097808 -0.1077559 28.68283 24.24501 -151.7813
0.4694366 -0.3236968 -0.09481645 28.02633 20.53508 -154.2775
0.4728545 -0.3520171 -0.09383988 27.9271 16.41295 -156.7432
0.4726104 -0.3747222 -0.08480668 28.23244 13.63432 -159.1859
0.5104522 -0.3769195 -0.09628129 29.20954 10.21447 -162.079
0.5133819 -0.5590484 0.6000078 -15.95076 -41.41148 -33.16301
0.327835 -0.4645659 0.2557695 -14.76756 -52.57178 8.798824
0.3319854 -0.4440581 0.2899492 -15.53855 -54.99927 10.40951
0.3407744 -0.4340484 0.3334062 -15.95076 -57.26644 11.95913
0.3502959 -0.4269683 0.3795488 -15.1874 -57.39621 12.71486
0.3510283 -0.4064605 0.4071367 -14.08817 -57.96873 13.62325
0.3593291 -0.3832671 0.4203203 -12.96603 -58.82369 13.68432
0.3637236 -0.3661773 0.4535234 -12.35534 -59.19774 13.72249
0.3710479 -0.3542144 0.463289 -11.9355 -58.64049 13.37898
0.3786162 -0.3505523 0.4801347 -11.41641 -58.1443 13.41714
0.3925322 -0.3549468 0.4952714 -10.47748 -57.55652 12.81409
0.3996123 -0.3464019 0.5057695 -8.538549 -56.88476 12.08127
0.4052276 -0.3520171 0.5221269 -6.828626 -55.99163 11.61562
0.4064483 -0.3593413 0.5199296 -4.714122 -55.17484 11.02783
0.4140166 -0.3512847 0.5311601 -2.614886 -54.8924 10.78356
0.4052276 -0.3608062 0.5626543 -2.843893 -50.99163 10.98966
0.4108428 -0.3671538 0.55533 -2.759924 -50.30461 11.24921
0.4118194 -0.3747222 0.5658281 -2.958397 -48.87713 11.84463
0.4113311 -0.3742339 0.58658 -2.714122 -47.23591 12.12707
0.3993682 -0.3883941 0.5929277 -1.141603 -45.45728 12.54692
0.3937529 -0.3820464 0.593416 -1.202672 -43.40385 12.88279
0.3776397 -0.3842437 0.5909746 -1.622519 -41.28171 13.47058
0.3659209 -0.3976714 0.5846269 -1.820992 -39.36568 14.34844
0.3622588 -0.4008452 0.577791 -2.469848 -37.75499 14.98203
0.357376 -0.4035308 0.5643632 -3.515649 -36.18247 16.53165
0.3444365 -0.4147613 0.5751054 -4.309542 -34.80079 17.69959
0.3449248 -0.4145171 0.5541093 -4.744657 -33.87713 18.95913
0.3373564 -0.4164702 0.5548418 -4.362977 -32.63285 19.68432
0.3295439 -0.4123199 0.5690019 -4.256107 -31.31224 20.77592
0.3146514 -0.4250152 0.5609453 -4.904962 -29.97637 21.75302
0.3000029 -0.4296538 0.5680254 -3.790458 -28.77789 22.35608
0.2938994 -0.4489409 0.562166 -2.782825 -27.52599 23.46295
0.3019561 -0.4518706 0.5450761 -1.149237 -27.06797 24.24921
0.3031768 -0.4652984 0.5316484 -0.08816814 -26.53362 25.05073
0.3014678 -0.4743316 0.5287187 1.598855 -26.03744 26.37898
0.3058623 -0.476773 0.5182207 2.499618 -25.60232 27.47821
0.2973174 -0.4950835 0.5231035 5.217175 -25.33515 28.63852
0.307083 -0.5104644 0.5248125 8.186642 -25.23591 30.53928
0.3112334 -0.5024077 0.5262773 12.07214 -25.0298 31.60798
0.303665 -0.5072906 0.530916 15.93473 -24.48018 32.91333
0.305374 -0.5021636 0.5343339 19.47672 -24.19011 34.05836
0.3061064 -0.4928863 0.5375078 21.52252 -23.54125 35.92096
0.3056182 -0.4770171 0.5416582 21.8126 -22.41148 37.62325
0.3065947 -0.4618804 0.5511796 21.64466 -21.71683 40.02783
0.3039092 -0.447232 0.5392168 20.91947 -20.65576 41.65379
0.28804 -0.4328277 0.5365312 21.51488 -19.31224 43.00493
0.2873076 -0.4228179 0.5228593 23.33931 -18.64812 43.76066
0.2755889 -0.4015777 0.508455 25.44618 -18.40385 44.1118
0.2768096 -0.3857085 0.5038164 26.36222 -18.14431 44.70722
0.2760772 -0.3610503 0.4889238 26.35458 -18.29698 45.76066
0.2675322 -0.3437163 0.484041 25.20954 -17.85423 46.53928
0.2650908 -0.3156402 0.4737871 22.45382 -17.79316 47.2263
0.2494658 -0.2839019 0.4703691 19.0874 -17.97637 47.75302
0.22554 -0.2731597 0.4669511 15.47672 -17.81606 47.82936
0.209915 -0.2804839 0.4645097 15.55305 -18.72446 46.75302
0.213333 -0.2946441 0.451082 20.27824 -20.06034 44.9744
0.2182158 -0.30148 0.4618242 27.50725 -21.41148 42.50875
0.2177275 -0.2973296 0.4549882 31.80496 -22.80843 41.05074
0.2086943 -0.3131988 0.4630449 34.29351 -23.34278 39.96676
0.2038115 -0.320523 0.4637773 36.82786 -23.18247 38.55455
0.1752471 -0.3254058 0.4549882 39.26297 -23.53362 38.1118
0.1720732 -0.3173491 0.3768632 47.56832 -25.56415 34.89806
0.1945342 -0.3302886 0.3385332 48.56068 -28.59469 34.67669
0.2111357 -0.3439605 0.3353593 50.50725 -30.77789 34.33318
0.1991729 -0.3390777 0.3541582 50.85839 -31.77026 34.36371
0.180374 -0.3400542 0.3492754 52.21717 -32.8924 34.10417
0.164749 -0.3261382 0.3534257 54.22481 -34.31224 33.66142
0.1613311 -0.3295562 0.3490312 55.0416 -35.27407 33.2034
0.1579131 -0.3283355 0.3714921 54.02633 -35.67865 33.78356
0.1479033 -0.3080718 0.3739336 53.91183 -34.70919 33.14997
0.1354522 -0.2948882 0.3531816 54.14084 -36.0069 32.72249
