0.3007354 -0.3161284 0.5489824 6.606489 8.786993 26.32554
0.2960967 -0.3100249 0.5387285 7.140839 9.313709 25.1576
0.2985381 -0.2983062 0.5426347 7.919466 9.878595 23.90569
0.3012236 -0.2941558 0.5497148 8.598854 10.43585 22.65379
0.3065947 -0.2641265 0.5611894 10.09504 12.36715 18.51638
0.3139189 -0.2450835 0.5672929 10.72099 13.40531 16.69195
0.3222197 -0.2316558 0.5838945 11.70572 14.55035 14.55455
0.3268584 -0.1986968 0.589998 13.82023 15.20684 12.55455
0.3334502 -0.1652495 0.6036699 16.82023 16.07707 9.707221
0.3437041 -0.1711089 0.6097734 20.42328 16.80226 7.195771
0.3615264 -0.09200733 0.6153886 23.78206 17.75646 2.157602
0.3368682 -0.03292529 0.621248 23.8355 19.23737 -0.9187336
0.38179 -0.02071826 0.6690996 29.62176 20.05417 -4.979801
0.3917998 0.04495557 0.6781328 30.82023 21.45875 -9.23171
0.3402861 0.06546338 0.7118242 33.00343 22.57325 -14.28515
0.3893584 0.1133149 0.7377031 36.63702 24.66485 -19.62102
0.4484405 0.1260103 0.7699296 44.15611 29.17631 -27.46072
0.4752959 0.2109712 0.7904375 39.43855 32.35951 -30.58285
0.4879912 0.2234224 0.8192461 37.88129 34.43585 -37.10957
0.4972686 0.2761567 0.8753984 38.49962 38.38241 -45.10194
0.5141143 0.2776216 0.9234941 40.75153 43.93203 -53.58286
0.5460967 0.2793305 0.9547441 45.73626 49.60379 -62.01034
0.5824737 0.2876313 0.9715899 48.31641 55.74883 -69.9798
0.6022491 0.2729829 0.9759844 50.25534 61.87096 -77.56759
0.6166533 0.2544282 0.9972246 51.60649 68.49691 -85.0256
0.6469268 0.2173188 0.9696367 54.62175 75.62669 -92.33858
0.6630401 0.1980317 0.9508379 56.30878 82.92439 -99.39965
0.6630401 0.1667817 0.9181231 57.43091 89.79462 -105.7966
0.6615752 0.1330903 0.8688066 58.56069 96.43584 -112.1401
0.6447295 0.08401806 0.7884843 59.66755 102.1992 -117.9798
0.6381377 0.04544385 0.6869218 61.54542 107.3519 -124.1477
0.6115264 0.01517041 0.588289 62.89656 111.1076 -129.621
0.5717315 -0.03048389 0.4715898 63.9958 114.2526 -134.5676
0.5519561 -0.0575835 0.3775957 64.30115 116.016 -140.2775
0.5226592 -0.09493702 0.2508867 63.33168 116.5656 -145.0638
0.4860381 -0.1681792 0.1197832 61.98816 114.6496 -148.2546
0.4704131 -0.2272612 0.003083944 61.1103 112.1305 -150.6439
0.440628 -0.2792632 -0.128752 59.33931 106.9397 -151.3386
0.4315948 -0.3144195 -0.2000411 57.45382 100.7641 -151.9722
0.4037627 -0.3129546 -0.2203047 51.35458 94.03127 -152.0485
0.3647002 -0.3825347 -0.3350508 51.27061 90.27554 -152.4836
0.3649443 -0.3915679 -0.4217207 47.73626 80.45111 -152.705
0.3617705 -0.4196441 -0.4397871 43.9271 73.82516 -152.9874
0.3549346 -0.4513824 -0.472502 42.25534 66.87859 -153.0943
0.3546904 -0.5121734 -0.5081465 41.89656 59.9244 -152.6363
0.3532256 -0.5126616 -0.5642989 39.49962 48.77173 -152.9111
0.3622588 -0.5441558 -0.5752852 39.78969 38.8557 -152.5447
0.3891143 -0.5580718 -0.5752852 39.33168 30.52745 -152.2546
0.4145049 -0.5695464 -0.5752852 38.40801 22.09997 -151.8806
0.4169463 -0.5790679 -0.5640547 37.87366 13.68012 -151.0867
0.4347686 -0.5873687 -0.5518477 39.27824 5.084702 -151.1477
0.4540557 -0.5976226 -0.5345137 41.16374 -2.984 -151.247
0.4757842 -0.5971343 -0.5052168 42.72863 -10.63285 -151.3768
0.494583 -0.5905425 -0.4942305 43.35458 -17.86186 -151.0485
0.5131377 -0.5829741 -0.4654219 44.59122 -24.24354 -151.6287
0.5253448 -0.5795562 -0.45175 46.41565 -30.03744 -152.1096
0.5304717 -0.5788238 -0.4295332 47.98053 -35.57942 -152.8729
0.525833 -0.5912749 -0.4288008 48.85076 -41.63285 -153.3844
0.5370635 -0.6068999 -0.4385664 48.69046 -47.35804 -153.4225
0.5407256 -0.6264312 -0.4451582 47.9958 -53.94583 -152.9874
0.5565948 -0.6545074 -0.4392989 46.07214 -60.57942 -151.8424
0.5790557 -0.6879546 -0.4280684 42.9271 -67.04507 -150.7355
0.5995635 -0.7340972 -0.4102461 38.88129 -73.23591 -148.3462
0.6151885 -0.7677886 -0.3860762 32.02633 -79.37331 -144.8729
0.6339873 -0.8129546 -0.3343184 26.05687 -84.38858 -141.3691
0.6432647 -0.8581206 -0.2950118 17.9729 -88.38095 -137.0943
0.6540069 -0.9045074 -0.2515547 10.24008 -92.54125 -132.5905
0.6615752 -0.9508941 -0.2205489 5.110305 -96.52599 -128.4684
0.6723174 -1.014371 -0.1692793 1.446183 -99.99927 -123.8424
0.675003 -1.055386 -0.1275313 -0.721756 -102.6558 -119.2241
0.6808623 -1.103726 -0.09530473 -1.866794 -106.9077 -114.0332
0.6784209 -1.145962 -0.03597856 -1.416412 -106.3122 -107.7584
0.6764678 -1.163052 -0.02474809 -1.324809 -106.8695 -102.0561
0.6696319 -1.182828 -0.01766801 -1.782825 -108.1138 -95.69736
0.6679229 -1.197476 0.001863241 -1.309542 -112.0527 -89.38438
0.6659698 -1.199429 0.01211715 0.3927479 -112.6023 -83.8653
0.6625518 -1.20065 0.01016402 2.049237 -114.6558 -78.05614
0.6566924 -1.193814 0.002107382 4.110305 -117.0145 -73.20881
0.2926787 -0.8117339 0.4376543 -43.40878 -59.984 74.12707
0.5114287 -0.4618804 0.6468828 -44.44695 -61.53362 78.46294
0.5268096 -0.4350249 0.6688554 -39.821 -59.12904 75.32554
0.5382842 -0.4089019 0.6864336 -36.51565 -57.12904 72.53165
0.5458526 -0.4081695 0.7025468 -33.46222 -54.50308 69.60035
0.546585 -0.3991363 0.7296464 -31.47748 -50.65575 67.02783
0.5334014 -0.3932769 0.7242754 -30.04237 -47.42675 64.38661
0.4999541 -0.3849761 0.7123125 -29.79809 -44.20537 63.20341
0.5509795 -0.2533843 0.6986406 -26.25611 -45.1214 64.69958
0.5158233 -0.3551909 0.7442949 -38.58435 -32.67102 63.63088
0.5248565 -0.3271148 0.7103593 -35.23321 -34.92293 59.40188
0.4501494 -0.3910796 0.6752031 -36.51565 -35.65575 57.35608
0.4374541 -0.3962066 0.6654375 -35.56908 -31.19011 54.21104
0.421585 -0.4196441 0.6405351 -36.14161 -29.9382 52.69958
0.4237823 -0.4311187 0.6312578 -36.14161 -29.0756 51.0202
0.4001006 -0.445523 0.633455 -36.90496 -27.85423 50.17287
0.3832549 -0.4523589 0.6192949 -36.53855 -26.44965 48.9286
0.3642119 -0.459439 0.6019609 -36.2103 -26.04507 48.21104
0.340042 -0.4765288 0.5941484 -35.13397 -25.15194 47.9973
0.3322295 -0.4794585 0.5956132 -36.71412 -24.30461 48.42478
0.3275908 -0.4660308 0.5733964 -39.34771 -23.58705 48.46294
0.322708 -0.4638335 0.5643632 -42.65305 -23.31988 48.9973
0.3148955 -0.4565093 0.5406816 -47.80573 -22.87713 49.81409
0.3043975 -0.4435699 0.5187089 -56.22557 -22.9611 51.21867
0.2904815 -0.4469878 0.5138261 -67.67596 -22.54889 53.54691
0.2709502 -0.478482 0.4894121 -77.83626 -23.48782 55.89043
0.2528838 -0.5163238 0.4725664 -85.08817 -25.0069 58.50875
0.244583 -0.5422027 0.4669511 -90.35534 -26.28934 60.93623
0.2438506 -0.5500152 0.466707 -94.85916 -28.23591 63.38661
0.2384795 -0.5629546 0.4859941 -98.61488 -30.18247 65.9973
0.2519072 -0.5800445 0.499666 -101.2943 -32.32751 68.85989
0.2660674 -0.5917632 0.5211504 -102.2714 -33.95346 71.17287
0.2863311 -0.6078765 0.5421464 -102.1416 -35.46492 73.24921
0.3051299 -0.61398 0.5826738 -100.7523 -36.60232 75.52402
0.3271025 -0.6064116 0.6332109 -98.50038 -37.43438 77.39424
0.3312529 -0.5968902 0.6578691 -95.53091 -37.46492 79.16524
0.3563994 -0.5819976 0.7108476 -90.43931 -37.25117 80.00493
0.3534697 -0.5783355 0.7640703 -83.33244 -36.38858 80.53165
0.4135283 -0.5429351 0.7989824 -74.24847 -34.17484 80.9286
0.4279326 -0.5048491 0.8126543 -69.39351 -31.40385 80.81409
0.4547881 -0.4833648 0.8209551 -58.40878 -28.25881 78.40188
0.4669951 -0.4496734 0.8480547 -42.21031 -29.90767 75.07363
0.4420928 -0.409146 0.8768633 -37.31718 -22.82369 74.56982
0.4308623 -0.3490874 0.8890703 -30.08053 -18.90767 72.66905
0.4284209 -0.3427398 0.8949297 -24.54618 -14.73973 70.87516
0.4206084 -0.3019683 0.8805254 -17.58435 -11.06034 67.07363
0.4213408 -0.2541167 0.8666094 -11.50038 -7.052702 63.57745
0.4267119 -0.2602202 0.8385332 -6.966031 -3.533618 61.44005
0.4240264 -0.2131011 0.8207109 -1.401145 -0.1443052 57.91333
0.4069366 -0.204312 0.7972734 2.171374 2.710657 54.9515
0.3820342 -0.2079741 0.7655351 7.186641 4.344244 52.23394
0.3864287 -0.146939 0.7460039 7.140839 7.947298 49.30264
0.369583 -0.1027495 0.7015703 3.67519 10.48928 45.59272
0.3598174 -0.1161772 0.6774004 -0.6301527 12.016 43.0202
0.3561553 -0.1081206 0.6517656 -6.126336 13.51218 40.70722
0.3444365 -0.1149565 0.6290605 -11.87443 15.00073 38.66905
0.3397979 -0.1369292 0.5948808 -18.37824 15.81753 37.91333
0.3378447 -0.1603667 0.5819414 -23.73702 16.26027 36.25684
0.3327178 -0.1725737 0.572664 -28.42405 16.91676 35.54692
0.3217314 -0.2016265 0.5672929 -31.43168 17.29081 34.41714
0.3224639 -0.2240874 0.5860918 -33.9355 18.35188 33.53928
0.3095244 -0.2458159 0.5878007 -34.66069 19.45875 32.12707
0.3102568 -0.2704741 0.5948808 -34.1874 20.79463 31.1347
0.2975615 -0.2917144 0.5875566 -33.51565 22.24501 30.14997
0.2941436 -0.3012359 0.5770586 -32.30954 23.17631 29.78356
0.2824248 -0.3185699 0.5528886 -33.47748 24.61905 30.0889
0.2772979 -0.3317534 0.5323808 -34.14924 26.07707 30.1118
0.2663115 -0.350064 0.5018632 -35.46985 26.69539 30.70722
0.2560576 -0.3568999 0.4740312 -36.73702 26.88623 31.51638
0.244583 -0.3874175 0.4347246 -38.27901 26.27554 32.76066
0.2294463 -0.4006011 0.4090898 -40.40115 25.33661 34.37135
0.2311553 -0.4203765 0.3976152 -42.08054 24.40531 36.1118
