1.862858 2.224976 1.376628 72.08597 -31.16367 104.33
1.750065 2.224976 1.441325 68.51345 -16.85069 63.47502
1.608463 2.224976 1.422038 59.61269 -8.316337 21.52082
1.555485 2.224976 1.419597 49.37605 1.798168 -21.71582
1.537907 2.224976 1.441325 33.002 11.99664 -66.92192
1.506901 2.224976 1.42155 19.25391 22.46992 -110.983
1.465641 2.224976 1.392497 -1.761358 29.33252 -155.8532
1.47443 2.224976 1.339519 -17.66975 39.20275 -199.8837
1.498112 2.224976 1.291667 -37.53999 47.63786 -243.2196
1.534977 2.224976 1.234782 -49.89876 54.05008 -248.4563
1.700993 2.224976 1.195231 -66.02853 59.50809 -248.4563
1.922184 2.224976 1.094157 -65.05907 66.68367 -248.4563
2.178288 2.224976 0.9039717 -70.60869 72.53862 -248.4563
2.289799 -1.774963 -0.2605791 -230.6163 231.0959 -248.4563
-1.434994 -1.774963 -0.2605791 55.59742 -212.324 40.87197
-1.084896 -1.774963 -0.2605791 87.0936 -247.5988 73.62006
-0.6632651 -1.774963 -0.2605791 115.6814 -269.1713 98.10098
-0.2340659 -1.774963 -0.2605791 144.4447 -269.1713 124.0857
0.100895 -1.774963 -0.2605791 190.7577 -269.1713 143.5132
0.3120767 -1.774963 -0.2605791 214.6585 -269.1713 160.6888
0.36652 -1.774963 -0.03206348 232.46 -269.1713 195.162
0.621647 -1.774963 0.2977705 269.6508 -269.1713 185.3071
0.7529946 -1.701232 0.5140791 269.6508 -269.1713 214.101
0.7810708 -1.192932 0.6344404 269.6508 -269.1713 199.246
0.7813149 -1.310607 1.001872 269.6508 -269.1713 251.6353
0.8836099 -1.144348 1.010661 269.6508 -269.1713 213.7269
0.9939614 -0.8508905 1.206462 269.6508 -255.0186 251.8109
1.08112 -0.7302851 0.9086103 269.6508 -242.385 251.8109
1.016178 -0.6423944 1.023112 269.6508 -226.698 251.8109
1.03571 -0.5068964 0.9654951 269.6508 -209.0568 251.8109
1.002262 -0.4805292 0.8087568 269.6508 -193.8125 251.8109
0.9717446 -0.3008417 0.7037764 269.6508 -185.095 251.8109
0.8875161 -0.1270136 0.6517744 269.6508 -178.095 251.8109
0.8845864 -0.06988464 0.604167 269.6508 -169.0873 251.8109
0.8301431 -0.1047968 0.5673018 269.6508 -164.698 251.8109
0.8572427 -0.03741394 0.5018721 263.2539 -156.843 251.8109
0.8897134 -0.02569519 0.4447432 244.231 -150.8812 251.8109
0.8604165 0.03875793 0.4530439 222.231 -149.6827 251.8109
0.8982583 0.1271368 0.4281416 194.0096 -146.8202 251.8109
0.888981 0.1820685 0.4493818 174.7425 -147.0873 251.8109
0.9839517 0.2208869 0.4071455 153.2921 -145.5072 251.8109
0.9685708 0.2860724 0.4154463 141.1699 -147.7667 251.8109
1.002995 0.3129278 0.4537764 121.1165 -148.1942 251.8109
1.037174 0.3156134 0.4769697 113.3531 -154.2095 251.8109
1.096501 0.389588 0.5360518 93.44475 -153.6675 251.8109
1.083561 0.3873907 0.5316572 98.63559 -161.7438 251.8109
1.113835 0.5499884 0.5961103 89.94856 -162.5988 251.8109
0.967106 0.985047 0.6905928 63.66612 -184.2858 251.8109
1.032292 0.9801641 0.8326826 71.42948 -181.2705 251.8109
1.213444 1.127625 0.8295088 70.14703 -161.4537 251.8109
1.139958 0.9266973 0.75529 127.4295 -155.7514 251.8109
1.074772 1.15033 0.4715986 126.3761 -173.6751 251.8109
1.276676 0.8937384 0.4195967 144.7577 -177.9346 251.8109
1.219303 1.057313 0.5526533 154.6738 -180.8354 251.8109
1.217594 1.100037 0.4569502 162.5516 -181.7209 251.8109
1.244206 1.208924 0.409831 175.0173 -190.3316 251.8109
1.242008 1.314881 0.4152021 186.4677 -196.7972 251.8109
1.212711 1.41034 0.4606123 196.7883 -200.7514 251.8109
1.304508 1.654481 0.3622236 198.7654 -208.156 251.8109
1.409733 1.703065 0.3370771 200.0554 -214.3698 251.8109
1.458805 1.820984 0.4037275 199.6203 -221.1331 251.8109
1.493961 2.00824 0.3839521 207.0783 -226.7438 251.8109
1.565739 2.114197 0.3700361 197.2921 -235.4995 251.8109
1.567692 2.224976 0.4637861 188.5669 -238.8736 251.8109
1.60236 2.224976 0.6190596 194.4447 -256.9805 251.8109
1.697575 2.224976 0.566081 180.4982 -250.8965 251.8109
1.650456 2.224976 0.7103682 156.8722 -248.469 251.8109
1.616032 2.224976 0.8505049 151.0402 -254.0339 251.8109
1.662907 2.224976 0.9862471 140.2692 -255.6446 251.8109
1.690495 2.224976 1.098552 134.2386 -257.5148 246.933
1.663883 2.224976 1.175456 128.5134 -257.927 235.4979
1.662174 2.224976 1.3007 124.0096 -259.5606 227.6048
1.680973 2.224976 1.414226 124.7501 -258.0415 217.5208
1.763249 2.224976 1.465007 121.5898 -265.1331 212.7346
1.771305 2.224976 1.643229 120.8112 -257.3316 193.9178
1.841618 2.224976 1.763835 127.9715 -245.927 172.2002
2.03986 2.224976 1.953288 138.1623 -235.8889 151.0781
2.125553 2.224976 1.997233 144.8417 -228.7056 137.872
2.119205 2.224976 2.105388 150.0478 -226.2705 129.0475
2.265934 2.224976 2.220134 150.3608 -211.095 109.0475
2.115299 2.224976 2.539958 147.9562 -189.2247 87.87197
2.031071 2.224976 2.672771 145.9028 -143.3469 49.94067
1.039616 2.224976 2.792399 145.2615 -138.1789 35.7651
1.648502 2.224976 2.960856 143.2997 -82.67511 -22.65475
1.921696 2.224976 2.592448 104.3073 -62.55298 -37.34177
1.66486 2.224976 2.900065 71.55162 -40.59878 -68.1891
1.643131 2.224976 2.765788 32.27681 -5.598779 -96.44101
1.589909 2.224976 2.676677 -4.494183 16.27145 -127.9448
1.586979 2.224976 2.57072 -28.9751 40.56916 -156.525
1.556461 2.224976 2.49821 -60.30334 65.44702 -185.9906
1.534245 2.224976 2.409099 -85.37204 90.19511 -215.67
1.756657 2.224976 2.198161 -89.72319 115.6226 -248.4563
1.855778 2.224976 1.961345 -96.98273 131.1035 -248.4563
1.941715 2.224976 1.778239 -103.372 148.2256 -248.4563
2.037418 2.224976 1.557048 -111.8072 162.386 -248.4563
2.049625 2.224976 1.387858 -118.0972 173.073 -248.4563
2.061344 2.224976 1.257976 -124.3415 183.302 -248.4563
2.098698 2.224976 1.119548 -131.5247 190.3554 -248.4563
2.195133 2.224976 1.005046 -137.456 198.8898 -248.4563
2.152164 2.139588 0.9996748 -143.9217 214.2638 -248.4563
2.269108 2.022645 0.7806807 -153.6698 221.9814 -248.4563
2.244205 1.872742 0.680583 -162.3491 219.4699 -248.4563
2.289799 1.806824 0.585124 -175.227 225.9203 -248.4563
2.289799 1.745057 0.541667 -188.6316 229.989 -248.4563
2.289799 1.631043 0.4591475 -198.0362 231.0959 -248.4563
2.289799 1.552186 0.3729658 -205.601 231.0959 -248.4563
0.1865884 -1.774963 -0.2605791 -212.4026 95.34015 -248.4563
0.5090981 -1.774963 0.4020185 243.7425 -269.1713 123.0094
0.758854 -1.382385 0.7159834 247.7348 -266.0186 172.9941
0.6004067 -1.315002 0.8365889 253.1623 -257.156 173.475
0.7368814 -0.9631952 0.96696 267.6661 -245.3087 188.5743
0.6973306 -0.7898554 1.107341 259.0783 -233.4079 191.1163
0.7163735 -0.7239374 1.170817 257.1165 -216.324 207.2995
0.7254067 -0.626037 1.205974 259.8951 -201.2247 212.2918
0.6592446 -0.4924921 1.244548 253.2081 -179.4079 222.9865
0.6253091 -0.4583124 1.149089 243.3761 -170.011 234.0857
0.5823403 -0.3999628 1.032146 239.0173 -155.5377 238.3834
0.5405923 -0.2703241 0.9210615 234.5516 -151.24 242.1773
0.5039712 -0.1565546 0.9315596 228.4066 -147.5682 243.2995
0.5066567 -0.1323846 0.8922529 218.5669 -140.2095 247.2308
0.5044595 -0.1072382 0.8700361 207.1012 -133.4003 251.8109
0.4856606 -0.08135925 0.8622236 199.7577 -128.782 251.8109
0.4539224 -0.04302917 0.8492842 192.0402 -124.24 251.8109
0.5112954 0.01312317 0.8214521 183.5669 -117.5453 251.8109
0.5191079 0.0421759 0.8075361 177.5135 -115.1331 251.8109
0.5330239 0.04974426 0.7941084 167.9104 -108.3087 251.8109
0.5017739 0.05413879 0.7674971 163.8493 -109.7056 251.8109
0.4524575 0.2352911 0.9017744 151.857 -115.2324 251.8109
0.4815103 0.09075989 0.8612471 149.0249 -107.6446 251.8109
0.5820962 0.1857306 0.869792 143.8112 -105.0034 251.8109
0.6380044 -0.1091913 0.8016768 156.6051 -98.91176 251.8109
0.607731 0.07318176 0.7652998 149.8646 -99.56824 251.8109
0.5642739 -0.02130066 0.7001143 159.7959 -103.6293 251.8109
0.6421548 0.03289856 0.694499 159.9104 -104.0568 251.8109
0.6626626 0.03924622 0.7147627 167.544 -107.4766 251.8109
0.6770669 0.08807434 0.7655439 172.2844 -109.24 251.8109
0.7066079 0.1310431 0.793376 176.9409 -108.7514 251.8109
0.6819497 0.2247931 0.8531904 179.5516 -110.0492 251.8109
0.7207681 0.2413947 0.8746748 180.4524 -107.5835 251.8109
0.7659341 0.2636114 0.8173018 180.9409 -107.3469 251.8109
0.826481 0.3952032 0.744792 183.3379 -108.9347 251.8109
0.6697427 0.8414923 0.7113447 174.8646 -117.1484 251.8109
0.5579263 1.056336 0.772624 187.0402 -129.9957 251.8109
0.6919595 1.213318 0.7919111 176.315 -122.2018 251.8109
0.8120767 0.9403692 0.7643232 187.9715 -116.1866 251.8109
0.8255044 0.9738165 0.7076826 190.4982 -119.9347 251.8109
0.8469888 0.9349981 0.6507978 190.6356 -123.4919 251.8109
0.9190103 1.00409 0.6127119 188.5592 -125.4766 251.8109
0.8831216 0.9730841 0.5929365 178.2997 -125.3469 251.8109
0.8623696 1.043641 0.5787764 161.1776 -132.4537 251.8109
