-0.6369395 0.7167221 1.251093 6.753252 67.13114 0.971084
-0.658668 0.6403061 1.308954 11.95173 65.03191 -5.486931
-0.6183848 0.6842514 1.340937 20.69218 65.23801 -10.60144
-0.6310801 0.5482651 1.343622 30.67692 57.71893 -15.67014
-0.5993418 0.692308 1.330438 36.34104 60.45176 -22.88388
-0.5556406 0.5345932 1.245233 44.29524 56.23038 -29.86098
-0.6012949 0.5883041 1.280634 48.18073 52.48993 -32.6854
-0.5461192 0.4989487 1.240351 55.69218 52.55099 -37.86098
-0.563209 0.5055405 1.226435 55.47081 46.47466 -36.5938
-0.5651621 0.4528061 1.20495 60.14257 45.47466 -40.70831
-0.5732188 0.4574448 1.221796 60.82959 42.7571 -40.31899
-0.6088633 0.4440171 1.177851 61.15783 41.05481 -41.12815
-0.6242442 0.3805405 1.154657 59.01279 37.16168 -39.45639
-0.6142344 0.3619858 1.155146 54.88302 34.10825 -36.12815
-0.6147227 0.3204819 1.120233 48.31814 31.02428 -31.06708
-0.6442637 0.3016831 1.135614 41.73798 25.54336 -24.35716
-0.6403574 0.3019272 1.156855 35.06623 24.40595 -18.05182
-0.643043 0.284105 1.16369 29.40211 22.24565 -13.12815
-0.6601328 0.2958237 1.195429 22.85249 19.63496 -8.112885
-0.6652598 0.2985093 1.20373 17.1044 18.19221 -3.86861
-0.7057871 0.3058335 1.233515 14.73035 14.18458 -0.05945027
-0.6801524 0.3199936 1.277948 13.43264 11.37542 1.993985
-0.6816172 0.3273179 1.303583 13.05096 10.31435 4.139023
-0.5710215 0.4437729 1.302362 -5.857435 8.268549 11.91002
-0.5380625 0.2445542 1.400263 10.90592 11.16168 8.429099
-0.6071543 0.4874741 1.484003 10.23417 7.8029 11.07795
-0.5500254 0.246019 1.376337 35.46318 14.48229 -1.364794
-0.643043 0.4926011 1.473261 38.37921 4.001374 2.986351
-0.4423594 0.4860093 1.431757 46.32577 14.7571 -7.700672
-0.4897227 0.555101 1.464716 45.57005 12.26855 -5.937313
-0.4472422 0.5013901 1.466181 53.53188 15.32198 -10.97548
-0.4526133 0.5599838 1.480341 54.63111 16.6655 -12.44113
-0.457252 0.5697495 1.488642 56.07386 20.00137 -14.82281
-0.4687266 0.5033432 1.496942 54.49371 22.96321 -16.41059
-0.5116953 0.5389877 1.508173 52.31814 25.78 -17.28846
-0.5121836 0.4825913 1.491571 54.28761 29.52809 -19.29609
-0.5419688 0.4874741 1.484003 59.87539 32.06244 -21.5938
-0.5878672 0.4938218 1.431269 71.02806 36.61206 -26.99838
-0.5846934 0.4806382 1.363397 76.86012 35.60443 -29.13579
-0.5705332 0.4635483 1.318964 74.42501 38.47466 -30.86861
-0.5776133 0.4703843 1.309442 71.3792 37.78 -30.32663
-0.537086 0.4488999 1.296503 75.196 38.94031 -32.30372
-0.5126719 0.4991929 1.253778 63.84486 39.60443 -28.24266
-0.5392832 0.4283921 1.237909 61.04333 40.88687 -27.84571
-0.5837168 0.4530503 1.254022 55.55478 38.00901 -26.57854
-0.5690684 0.4269272 1.241327 53.48608 42.12351 -27.38006
-0.6313242 0.4291245 1.237665 50.15783 38.45176 -25.31136
-0.5563731 0.3614975 1.201044 45.72272 43.43649 -25.50983
-0.6386485 0.3961655 1.210321 43.14257 39.77237 -21.73884
-0.6025156 0.3551499 1.175409 38.50898 41.97847 -20.54037
-0.6213145 0.3558823 1.156366 38.53951 38.45176 -19.06708
-0.6169199 0.3929917 1.150507 36.95936 38.65786 -18.44876
-0.6376719 0.4061753 1.14831 30.44791 38.09298 -16.41823
-0.6432871 0.4125229 1.142206 23.54715 36.8716 -13.83044
-0.6865 0.4169175 1.146356 24.63111 28.62733 -14.04418
-0.6171641 0.4296128 1.094843 17.85249 30.42122 -12.91441
-0.6091074 0.4376694 1.065302 8.814321 33.33725 -10.05182
-0.3425059 0.08366552 1.921991 23.93646 27.94031 16.07032
-0.1252207 0.2621323 2.175898 28.98226 39.16932 9.062687
-0.09226171 0.3063218 2.232538 31.0586 43.94031 4.566504
-0.02072851 0.3470932 2.279169 31.07386 51.45939 -0.7999083
0.004662111 0.3043686 2.380976 30.49371 62.01664 -4.212122
0.0622793 0.322435 2.455194 33.44791 68.06244 -8.158688
0.1435781 0.3070542 2.530634 33.92883 78.46702 -10.99838
0.1938711 0.3282944 2.609491 33.02043 92.55862 -14.70067
0.343041 0.3358628 2.583857 37.3334 116.009 -14.50983
0.2497793 0.2989975 2.508905 30.44791 150.696 -20.01365
0.2834707 0.1913315 2.573603 40.88302 154.7189 -23.71594
0.2544179 0.4447495 2.976923 36.45554 159.9479 -25.21212
0.3047109 0.3177964 2.779413 38.75325 160.9785 -25.58617
0.3039785 0.2660386 2.717402 53.36394 165.2685 -29.50983
0.3769765 0.3444077 2.64245 55.30287 182.2914 -35.48693
0.4043203 0.3282944 2.592402 58.3334 197.7724 -38.96021
0.4387441 0.3192612 2.497919 64.47081 211.0624 -43.7541
0.4653554 0.3500229 2.3612 66.94409 224.6884 -47.86861
0.4529043 0.3593003 2.26623 66.57005 236.7266 -50.64724
0.4560781 0.3661362 2.116083 68.24181 245.6884 -53.35716
0.4172597 0.3976304 1.961786 68.21127 246.0243 -57.21975
0.4438711 0.377855 1.817743 62.57768 246.0243 -60.92968
0.4468008 0.4479233 1.729853 57.49371 246.0243 -63.97548
0.3989492 0.4418198 1.658075 56.42501 246.0243 -69.36479
0.3528066 0.4623276 1.55163 56.82196 246.0243 -74.38006
0.3183828 0.4620835 1.456415 54.92119 246.0243 -81.43349
0.3357168 0.4911362 1.313837 54.40974 246.0243 -81.01365
0.3264394 0.4215561 1.243524 51.71508 246.0243 -81.6625
0.3296133 0.4313218 1.185175 47.23417 246.0243 -89.19685
0.3210683 0.3915268 1.181513 47.3105 246.0243 -93.58617
0.3427969 0.388353 1.18078 45.53951 246.0243 -98.13579
0.3613515 0.3390366 1.199579 44.18073 246.0243 -102.5404
0.3630605 0.2924057 1.201776 44.06623 246.0243 -106.5709
0.3740469 0.238939 1.192743 45.98989 246.0243 -111.1205
0.3830801 0.2015854 1.192499 49.35631 246.0243 -115.3648
0.4201894 0.1632554 1.158563 54.79142 246.0243 -120.7617
0.4150625 0.1373765 1.113397 60.86012 246.0243 -126.1511
0.4284902 0.1256577 1.056513 65.50898 246.0243 -131.5938
0.4709707 0.1312729 0.9710635 67.06623 246.0243 -136.8228
0.4372793 0.1239487 0.8612002 65.45554 246.0243 -138.2121
0.2922597 0.08000341 0.7769717 62.47081 246.0243 -139.2045
0.2207266 0.009202629 0.7510928 59.07386 246.0243 -141.2045
0.2158437 -0.05378565 0.6639346 59.2189 246.0243 -139.4488
0.2702871 -0.02888331 0.5875186 55.79905 246.0243 -140.6014
0.2827383 -0.001295418 0.5782413 42.68455 246.0243 -137.174
0.3003164 -0.04157862 0.6705264 31.54715 246.0243 -132.8304
0.3613515 -0.05036768 0.7005557 22.11203 241.9632 -129.2503
0.4258047 -0.06184229 0.8223819 15.52424 236.322 -125.8686
0.5151601 -0.0108169 0.9512881 9.806687 234.8182 -124.3266
0.593041 0.02775732 1.089472 1.226534 233.1998 -122.7541
0.6743398 0.05778661 1.258905 -3.727664 233.1922 -121.8457
0.78225 0.02678075 1.295038 -5.498657 238.6121 -122.777
0.9087149 0.01945654 1.41247 -6.147511 241.8563 -123.7617
1.035912 0.0004135668 1.530146 -7.666595 246.0243 -128.1892
1.163354 0.00578466 1.776239 -2.880336 246.0243 -121.7083
1.207787 0.008958488 1.743769 1.615847 246.0243 -126.0365
1.288109 -0.1262954 1.401972 28.0357 246.0243 -140.4717
1.212182 -0.08552393 1.312372 28.0357 246.0243 -143.1663
1.191674 -0.1975845 0.9837588 33.78379 246.0243 -151.0824
1.018334 -0.3030532 0.5579776 43.86776 246.0243 -156.9831
0.525414 -0.1636489 0.3709658 35.74562 246.0243 -147.7541
0.6645742 -0.2759536 0.2244815 17.40211 246.0243 -135.0289
0.5615469 -0.4387954 0.03283107 8.783787 246.0243 -145.777
0.5905996 -0.5044693 -0.06165135 1.508977 246.0243 -124.1052
0.356957 -0.7708267 -0.06165135 5.608214 246.0243 -137.9678
0.4895254 -0.48152 -0.06165135 -28.37652 246.0243 -116.5785
0.4260488 -0.7031998 -0.06165135 -38.61316 246.0243 -93.03654
0.2102285 -0.694899 -0.06165135 -37.54446 246.0243 -90.86861
0.2695547 -0.8081802 -0.06165135 -42.91087 246.0243 -80.63197
0.2495352 -0.8906998 -0.06165135 -26.46812 246.0243 -81.88387
0.2678457 -0.7503189 -0.06165135 -21.65896 232.0166 -75.7312
0.3359609 -0.660231 -0.06165135 -22.33835 226.5205 -69.28082
0.3799062 -0.6126236 -0.01379979 -17.77346 218.1617 -65.6396
0.422875 -0.5357193 0.1307315 -13.75056 214.0319 -64.74648
0.4734121 -0.4854263 0.2178897 -9.804 211.4059 -61.39533
0.4795156 -0.4656509 0.303583 -5.39942 208.8792 -59.65487
0.5412832 -0.3943618 0.333124 -3.216214 210.322 -56.6396
0.5361562 -0.4041275 0.3360537 -0.3688855 207.6884 -55.48693
0.5334707 -0.3687271 0.303583 0.07386255 206.0701 -53.28082
0.5227285 -0.3440689 0.2716006 -1.964305 202.9556 -49.80754
0.5002676 -0.3289321 0.2357119 -5.132245 199.7495 -46.49456
0.4812246 -0.3186782 0.2093447 -9.033008 195.0624 -42.47166
0.4726797 -0.3045181 0.2027529 -12.17041 190.3602 -38.5022
0.4214101 -0.3040298 0.2034854 -13.46049 184.3372 -33.23502
0.4504629 -0.2425064 0.1859072 -16.99484 182.7342 -30.16632
0.3921133 -0.2737564 0.1509951 -17.97194 174.4059 -26.56327
0.4455801 -0.1973403 0.1168154 -16.17041 169.1235 -24.38006
0.4531484 -0.1731704 0.105585 -15.36889 161.9479 -23.08235
0.4773183 -0.1326431 0.1402529 -11.8498 154.5815 -22.88388
0.6040273 -0.05110011 0.1258487 -10.38415 150.8487 -24.18922
0.5300527 -0.07795557 0.1644229 -3.323084 141.9556 -25.20449
-0.3625254 -1.014235 1.332147 -21.74293 -1.92229 -33.56327
-0.4489512 -0.1800064 1.490839 20.89829 -19.83832 19.23826
