0.2044106 -0.2925409 1.198161 212.5669 -113.469 214.6888
0.1189614 -0.2525018 1.061931 209.46 -103.7133 217.3529
0.1482583 -0.2349237 0.8124189 193.6661 -97.01863 220.3376
0.07257471 -0.174621 0.7259932 177.7272 -106.2553 225.101
-0.006282717 -0.04937683 0.8024092 164.2234 -108.8965 228.2308
0.007389158 -0.08990417 0.7748213 157.6967 -107.1789 229.8796
0.02936182 -0.06402527 0.7875166 148.3226 -111.1179 231.4903
0.06940088 -0.08453308 0.7672529 149.1165 -111.1866 233.7422
0.06183252 0.02240051 0.8409834 136.857 -116.6675 236.7117
0.1267739 -0.05377136 0.9220381 136.4066 -112.2934 237.8949
0.1709634 -0.0906366 0.8456221 119.5211 -115.2171 246.3529
0.208561 -0.2280878 0.847331 114.0936 -119.9652 251.8109
0.2703286 -0.1704706 0.8927412 98.7959 -122.3011 251.8109
0.290104 -0.1133417 0.9501143 108.4982 -127.8507 251.8109
0.4522134 -0.07818542 0.9657393 105.8646 -126.4385 251.8109
0.3926431 0.02264465 1.106853 114.8341 -130.1255 251.8109
0.4043618 0.02508606 1.148356 113.4753 -123.7973 251.8109
0.4485513 0.2199103 1.196696 115.4066 -127.7362 251.8109
0.4234048 0.1752325 1.237468 118.3761 -125.5835 251.8109
0.4934731 0.1930548 1.251872 118.7425 -123.8278 251.8109
0.5291177 0.1325079 1.213542 122.1623 -122.866 251.8109
0.5112954 0.1752325 1.143474 110.8417 -127.7514 251.8109
0.5374185 0.1503302 1.167155 101.1623 -130.5835 251.8109
0.7473794 0.1061407 1.208659 123.6738 -126.2782 251.8109
0.7813149 -0.02178894 1.183757 136.7043 -135.2782 251.8109
0.8399087 -0.04840027 1.149333 150.0631 -136.5453 251.8109
0.9568521 -0.05084167 1.094157 163.6203 -139.614 251.8109
1.062321 0.01727356 1.041667 173.5211 -143.6293 251.8109
1.178288 0.08856262 1.012126 179.0402 -147.5911 251.8109
1.273747 0.1571661 1.010661 182.9104 -151.2934 251.8109
1.355778 0.2443244 1.010661 182.2234 -152.6064 251.8109
1.426579 0.3729864 1.051188 175.9409 -157.866 251.8109
1.63776 0.4118048 0.987956 176.857 -161.3621 251.8109
1.72736 0.4918829 1.047771 187.7272 -170.7362 251.8109
2.058903 0.5536505 0.9242353 198.0554 -167.2858 251.8109
2.005924 0.8165899 1.150798 205.1012 -166.4995 251.8109
2.02277 1.085633 1.114909 212.4524 -165.866 251.8109
2.0882 1.258484 1.185222 219.7806 -166.3392 251.8109
2.107975 1.371522 1.171306 234.5058 -163.9346 251.8109
2.188541 1.705994 1.119304 244.2539 -157.5377 251.8109
2.127262 1.836365 1.262614 257.1012 -172.9728 251.8109
2.213688 2.046326 1.324138 260.4447 -161.2324 251.8109
2.123356 2.117127 1.411052 266.7806 -142.011 251.8109
1.865299 2.224976 1.559245 269.6508 -139.2934 251.8109
1.811588 2.224976 1.615642 269.6508 -137.7362 251.8109
1.761051 2.224976 1.725505 269.6508 -135.927 251.8109
1.606999 2.224976 1.976726 265.8799 -134.2324 251.8109
1.766667 2.224976 2.062907 216.3226 -106.0186 251.8109
1.60944 2.224976 2.152751 212.7119 -88.94229 251.8109
1.652653 2.224976 2.139323 168.773 -75.65221 251.8109
1.624088 2.224976 2.244548 124.3989 -61.75145 251.8109
1.636784 2.224976 2.240153 79.58215 -59.23237 251.8109
1.700504 2.224976 2.429118 53.71956 -49.11023 231.3834
1.82111 2.224976 2.600993 26.05544 -23.98809 205.8949
1.963444 2.224976 2.801677 -2.456015 -0.8735886 168.7422
2.043034 2.224976 2.935466 -3.608686 35.05008 117.8796
1.91193 2.224976 3.194499 7.131771 54.21801 62.13914
2.009342 2.224976 3.321452 -8.005634 96.8287 9.238381
1.937321 2.224976 3.394938 -3.91403 123.0959 -47.2807
2.087955 2.224976 3.242595 11.94093 173.9585 -106.6319
1.905094 2.224976 3.243083 4.650855 189.5692 -164.525
1.871159 2.224976 3.136638 10.27681 222.5463 -220.1815
2.021305 2.224976 2.829753 18.78826 231.0959 -248.4563
2.144596 2.224976 2.548015 16.69666 231.0959 -248.4563
2.224918 2.224976 2.167888 15.91803 231.0959 -248.4563
2.289799 2.224976 1.818767 14.57452 231.0959 -248.4563
2.289799 2.224976 1.596354 15.20811 231.0959 -248.4563
2.289799 2.224976 1.444011 14.38368 231.0959 -248.4563
2.289799 2.224976 1.282146 12.52872 231.0959 -248.4563
2.289799 2.224976 1.138347 9.780625 231.0959 -248.4563
2.289799 2.224976 0.8910322 -2.265175 231.0959 -248.4563
2.289799 2.224976 0.6891279 -6.623955 231.0959 -248.4563
2.289799 2.130067 0.5409346 -19.99037 231.0959 -248.4563
2.289799 1.997742 0.3851728 -27.67739 231.0959 -248.4563
2.289799 1.90033 0.3282881 -38.26517 231.0959 -248.4563
2.289799 1.71869 0.2032881 -38.19647 231.0959 -248.4563
2.289799 1.506775 0.0411787 -36.34914 231.0959 -248.4563
2.289799 1.272645 -0.147542 -39.73082 231.0959 -248.4563
2.289799 1.019715 -0.2605791 -37.44838 231.0959 -248.4563
2.289799 0.9049688 -0.2605791 -21.46365 231.0959 -248.4563
2.289799 0.8163458 -0.2605791 -27.05143 231.0959 -248.4563
2.289799 0.6764532 -0.2605791 -17.29571 231.0959 -248.4563
2.289799 0.3732306 -0.2605791 -21.37205 231.0959 -248.4563
2.289799 0.3324591 -0.2605791 -35.95983 231.0959 -248.4563
2.289799 0.4152227 -0.2605791 -62.37968 231.0959 -248.4563
-0.05633154 -1.774963 1.209392 75.68903 -152.0263 90.8338
0.3794595 -0.4500116 0.8270674 169.1012 -118.3469 251.8109
0.3784829 -0.393371 0.868083 162.6432 -115.9805 251.8109
0.4033853 -0.3457636 0.9071455 154.0707 -113.8736 251.8109
0.4160806 -0.3504022 0.9488935 154.7577 -113.5148 251.8109
0.4502603 -0.2871698 0.9869795 156.0783 -112.0339 251.8109
0.475895 -0.2578729 1.035563 154.231 -109.7744 251.8109
0.4768716 -0.1797479 1.050212 153.3761 -108.5224 251.8109
0.4893228 -0.1624139 1.07072 158.1699 -105.9652 251.8109
0.5239907 -0.09893738 1.067546 158.4982 -103.9881 251.8109
0.5720864 -0.1275018 1.064128 166.2692 -103.9652 251.8109
0.6260415 -0.02691589 1.075847 162.5287 -100.5072 251.8109
0.661686 0.05413879 1.043864 152.8875 -100.6369 251.8109
0.6504556 -0.03643738 1.092448 156.1241 -98.72092 251.8109
0.6721841 0.1149298 1.030192 153.544 -100.6522 251.8109
0.6704751 0.1398322 1.02531 147.7501 -102.5148 251.8109
0.6902505 0.1825568 1.037517 143.0554 -104.6217 251.8109
0.7424966 0.1896368 1.012858 142.5363 -103.3316 251.8109
0.7969399 0.1371466 1.006999 149.1318 -107.2018 251.8109
0.8272134 0.203797 0.9664717 146.9104 -108.4537 251.8109
0.8858071 0.1947638 0.9408369 145.8646 -112.4308 251.8109
0.9729653 0.1940314 0.8932295 147.8722 -116.0797 251.8109
1.051335 0.269715 0.8619795 141.3302 -120.8507 251.8109
1.010563 0.370545 0.9425459 143.4295 -133.0873 251.8109
1.214176 0.3319708 0.9073896 165.0631 -125.3392 251.8109
1.323063 0.4096075 0.835124 155.6203 -127.0797 251.8109
1.404606 0.4584356 0.8256025 148.4371 -134.8202 251.8109
1.453678 0.5001837 0.8522139 154.0554 -142.1179 251.8109
1.736881 0.4965216 0.7540693 172.0325 -150.2476 251.8109
1.770573 0.8436895 0.8539228 158.3684 -149.5072 251.8109
1.391667 1.078309 0.9039717 170.0402 -150.6827 251.8109
1.66901 1.278748 0.8456221 193.2539 -152.7285 251.8109
1.538395 1.570984 0.6984053 203.0173 -176.5911 251.8109
1.81403 1.851502 0.6957197 252.9486 -193.6599 251.8109
1.874577 2.078553 0.8844404 269.6508 -187.6675 251.8109
1.841618 1.946473 1.074626 269.6508 -177.5072 251.8109
1.722233 2.224976 0.9838057 269.6508 -182.6599 251.8109
1.822575 2.224976 0.9408369 269.6508 -170.0797 251.8109
2.019108 2.224976 0.7557783 269.6508 -174.9118 251.8109
2.002995 2.224976 0.8783369 269.6508 -188.0644 251.8109
2.121403 2.224976 0.8585615 269.6508 -172.4003 251.8109
2.036442 2.224976 0.9191084 269.6508 -140.6446 251.8109
1.969547 2.224976 0.7687178 269.6508 -124.6217 251.8109
1.897038 2.224976 0.6439619 269.6508 -129.6675 251.8109
1.820622 2.224976 0.7936201 250.8646 -125.2934 251.8109
1.825504 2.224976 1.06071 179.8035 -126.5682 241.4903
1.630924 2.224976 1.467204 144.1623 -124.0492 204.6201
1.583561 2.224976 1.779948 79.65849 -93.76672 149.0018
1.445133 2.224976 1.989177 49.87986 -65.01863 94.7422
1.344303 2.224976 1.984782 21.81116 -57.53771 41.54372
1.311588 2.224976 2.326579 43.60505 -47.75909 -32.70818
1.406071 2.224976 2.557048 15.14704 -7.629313 -98.96773
1.520329 2.224976 2.534587 -14.23464 28.95084 -166.9677
1.438053 2.224976 2.138591 -33.44075 55.65313 -237.8227
1.688786 2.224976 2.015056 -50.41021 63.70656 -248.4563
1.76569 2.224976 2.317546 -57.12777 88.09587 -248.4563
1.843815 2.224976 1.813151 -115.9217 126.4241 -248.4563
2.267887 2.224976 1.389079 -87.64685 133.1111 -248.4563
2.289799 2.224976 1.21989 -122.9369 148.9966 -248.4563
2.289799 2.224976 1.177653 -127.6316 161.0119 -248.4563
2.289799 2.224976 0.9662275 -149.6469 178.1417 -248.4563
2.289799 2.224976 0.7416182 -165.0667 188.9432 -248.4563
2.289799 2.186951 0.5162764 -174.5018 196.4928 -248.4563
2.289799 1.966248 0.409831 -187.0514 205.9966 -248.4563
2.289799 1.617127 0.2880049 -200.9675 216.302 -248.4563
