-0.5551524 -0.08283838 1.382196 10.40974 10.79527 18.3604
-0.5881114 -0.05183253 1.311151 11.64638 6.703664 16.91002
-0.5949473 -0.05134425 1.313593 12.43264 5.810534 15.13902
-0.5876231 -0.0498794 1.316034 13.91356 3.10061 14.02452
-0.5690684 -0.04841456 1.336542 15.20363 0.6273279 12.87948
-0.5566172 -0.05842432 1.363886 17.58531 -0.7238171 11.5894
-0.5329356 -0.05720362 1.40661 20.57768 -1.792519 10.23063
-0.5116953 -0.04621729 1.45788 23.92883 -2.090229 8.039786
-0.4814219 -0.0342544 1.507685 27.3105 -1.578779 5.352764
-0.4672617 -0.02863917 1.549189 30.24944 -0.9528246 3.108489
-0.4467539 -0.016188 1.583368 31.88302 -0.8688553 2.398565
-0.4128184 -0.02693018 1.619745 33.18837 -0.4032063 1.826046
-0.3798594 -0.03327784 1.638544 35.57005 1.230381 -0.6090688
-0.3469004 0.002122551 1.694208 35.02043 4.604427 -2.593801
-0.3368906 -0.001783699 1.726923 34.98226 7.718931 -2.46403
-0.3266367 -0.006422371 1.759394 33.57768 6.8029 -2.876244
-0.2741465 0.03215185 1.811884 30.22654 11.11588 -2.296092
-0.2548594 0.1237046 1.795038 21.07386 16.60443 2.413832
-0.2292246 0.04094091 1.87829 16.87539 18.36015 8.971084
-0.2092051 0.004563957 1.895136 19.36394 30.7113 -3.311358
-0.1945566 0.03410497 1.951532 16.2647 29.87924 0.2458932
-0.1542734 0.05632177 1.965937 15.45554 32.81054 -0.8533434
-0.08029882 0.07097021 1.986689 17.00516 40.33725 -3.402962
-0.07736914 0.1185776 2.020624 13.80669 44.41359 -2.089985
-0.04758398 0.1427475 2.072382 11.09676 49.94031 -4.937313
-0.0212168 0.1681382 2.11828 9.570045 56.8945 -7.807541
0.007591799 0.1769272 2.157099 9.1731 60.88687 -7.723572
0.09548243 0.2145249 2.098993 5.608214 73.9174 -13.94495
0.08913477 0.1703354 2.205683 6.333405 81.28381 -15.56327
0.1462637 0.1884018 2.275995 10.63111 84.28381 -21.04418
0.231957 0.2623765 2.319696 11.93646 88.9403 -21.29609
0.3269277 0.3065659 2.321894 2.989893 108.5968 -23.48693
0.3279043 0.2487046 2.418085 0.9288244 119.3602 -28.89151
0.337914 0.1085679 2.440058 16.43264 124.78 -19.57854
0.5713125 -0.01545557 2.393671 21.47844 153.0014 -44.73884
0.6316152 -0.1687759 2.40661 50.2418 187.1006 -48.15868
0.7099844 0.5070053 2.732538 55.13493 204.3449 -62.16632
0.8738028 -0.03669581 2.584589 52.74562 227.7418 -30.94495
0.573998 0.4650132 3.157831 28.3334 231.7724 -90.94495
0.8322989 0.6381088 3.02746 -11.43759 235.6884 -54.6625
0.8645254 0.1840073 2.860468 -13.41469 234.7953 -57.6854
0.8559805 0.1268784 2.712763 5.501344 230.4823 -56.79227
1.004906 0.2159897 2.538935 1.913557 246.0243 -65.19685
1.041039 0.2264878 2.477655 -3.407053 246.0243 -62.53273
1.09475 0.2750718 2.434687 -8.658962 246.0243 -62.01365
1.177025 0.2943589 2.379511 -21.86507 246.0243 -62.08235
1.204125 0.2882554 2.339228 -30.39942 246.0243 -61.93731
1.247094 0.2799546 2.26037 -37.71239 246.0243 -62.85334
1.251488 0.2413804 2.17248 -44.38415 246.0243 -62.96784
1.2864 0.2162339 2.080439 -50.17804 246.0243 -61.90678
1.33059 0.1615464 1.919306 -52.62079 246.0243 -62.5022
1.343773 0.1464097 1.830927 -52.07881 246.0243 -62.69304
1.354516 0.14348 1.679315 -53.8956 246.0243 -62.23502
1.389428 0.1395737 1.550165 -57.31545 246.0243 -63.00601
1.350609 0.1154038 1.485468 -59.01774 246.0243 -61.87624
1.391869 0.1569077 1.329218 -59.19331 246.0243 -64.70831
1.381127 0.1002671 1.203241 -53.95667 246.0243 -68.16632
1.34768 0.08073584 1.089228 -47.63606 246.0243 -72.00601
1.213158 0.1197983 1.01037 -45.97194 246.0243 -69.95258
1.270531 0.01921239 0.8865909 -39.97957 246.0243 -74.25792
1.160668 -0.05891261 0.6380557 -22.38415 246.0243 -80.05945
0.9499746 -0.05915675 0.5345401 -12.96431 246.0243 -73.40296
1.122826 -0.005689949 0.1710147 -21.42232 246.0243 -80.48693
1.149926 -0.04231104 0.09826077 -20.36125 246.0243 -79.44876
1.239037 0.1080796 0.2091006 -44.65133 246.0243 -84.99838
1.185082 0.03508153 0.2935733 -63.26965 246.0243 -78.47929
1.228295 -0.04157862 0.37121 -67.60552 246.0243 -75.92968
1.238793 -0.04304347 0.4708194 -74.27728 246.0243 -71.51746
1.293969 -0.1304458 0.5770205 -73.42995 246.0243 -70.15105
1.291527 -0.09528955 0.6361026 -70.74293 246.0243 -69.67014
1.313744 -0.104811 0.7257022 -67.16278 246.0243 -68.42586
1.372582 -0.1299575 0.7750186 -61.91087 246.0243 -67.55563
1.42434 -0.109938 0.8094424 -59.6666 246.0243 -65.6396
1.444848 -0.1328872 0.8394717 -52.75056 246.0243 -63.51746
1.362572 -0.1526626 0.8160342 -44.21621 246.0243 -65.02128
1.511254 -0.1653579 0.6514834 -33.54446 246.0243 -63.30373
1.56057 -0.05964503 0.5557803 -42.76583 246.0243 -57.60907
1.518578 -0.1070083 0.4874209 -39.804 246.0243 -57.30372
1.465111 -0.1485122 0.404169 -26.24675 246.0243 -60.99838
1.374779 -0.2449478 0.4119815 -2.971939 246.0243 -61.62433
1.349389 -0.285231 0.2252139 7.073863 246.0243 -65.28846
1.317895 -0.03596339 0.01720607 2.608214 246.0243 -63.67777
1.219506 -0.1621841 -0.06165135 11.85249 246.0243 -69.09762
1.237084 -0.188063 -0.06165135 60.96699 246.0243 -91.548
1.087182 -0.2024673 -0.06165135 74.24181 246.0243 -94.15868
0.9504629 -0.16194 -0.06165135 76.97462 246.0243 -95.14342
0.9546133 -0.276686 -0.06165135 100.5929 246.0243 -105.1587
0.955834 -0.2368911 -0.06165135 119.5471 246.0243 -109.9984
0.7988515 -0.1282485 -0.06165135 130.2113 246.0243 -102.8152
0.7168203 0.1444565 0.1920108 -35.62843 -165.8612 82.28407
0.7402578 -1.06526 0.385126 -79.51392 -254.2429 144.5283
0.7820058 -1.069899 0.4627627 -79.23911 -254.2429 152.597
0.7898183 -1.077223 0.5191592 -78.72766 -254.2429 161.2153
0.9092031 -1.040846 0.5999698 -77.07117 -254.2429 167.8718
0.9223867 -1.037672 0.6644229 -75.74293 -254.2429 173.5665
0.867211 -1.021559 0.8355655 -72.64369 -254.2429 183.3451
0.9624258 -0.9793228 0.8748721 -69.17805 -254.2429 188.826
1.090844 -0.930983 0.9422549 -64.91087 -254.2429 193.1543
1.022973 -0.9131607 1.128046 -54.72766 -254.2429 197.4062
1.069115 -0.8748306 1.162958 -48.60553 -254.2429 203.2153
1.102318 -0.8743423 1.197626 -43.7353 -254.2429 207.4367
1.11599 -0.8770279 1.254999 -34.91087 -254.2429 212.1085
1.104027 -0.8281998 1.317499 -27.49866 -254.2429 218.1543
1.114037 -0.7913345 1.327509 -20.26965 -254.2429 222.9329
1.099633 -0.7324966 1.332392 -12.8956 -253.1208 227.1008
1.103539 -0.675856 1.342646 -6.99484 -250.4872 231.9863
1.100121 -0.6287369 1.341913 -0.1780457 -245.1895 235.7497
1.096215 -0.5723404 1.31579 7.883023 -240.8765 239.2993
1.061791 -0.5320572 1.306513 18.45554 -237.0063 242.139
1.033715 -0.4568618 1.285028 28.34867 -233.4795 243.8871
1.010277 -0.394606 1.274042 41.23417 -230.1055 244.1696
1.015893 -0.2515396 1.222772 54.99753 -227.0902 243.223
1.010766 -0.1658462 1.187372 64.23417 -224.3574 243.1467
0.9895254 -0.1387466 1.132196 77.92119 -223.7315 243.1237
0.9739004 -0.01594386 1.080683 97.1502 -221.7467 241.9329
0.8965078 0.1449448 1.085321 110.8983 -222.0139 240.4215
0.8725821 0.2447983 1.051386 111.9212 -225.4108 239.4138
0.9226309 0.3295151 1.030878 115.1731 -216.8078 235.0092
0.8772207 0.4054429 1.025751 128.7227 -218.1055 231.1314
0.8545156 0.558519 1.056513 136.8601 -217.9452 225.5665
0.8615957 0.6110092 1.046015 144.6693 -215.5024 219.2841
0.745873 0.9918686 1.10705 137.2342 -221.2429 213.4596
0.8183828 0.7921616 1.03747 124.3792 -223.365 205.1008
0.8293692 0.8505112 1.1383 120.7609 -219.1208 194.826
0.8415762 1.002855 1.135858 107.57 -215.3421 192.8795
0.8237539 1.031419 1.193476 100.7227 -213.6322 189.6276
0.8196035 1.028734 1.220575 94.18073 -212.2276 181.139
0.8156973 1.037035 1.263056 88.92119 -207.0979 173.2841
0.7749258 1.054369 1.317011 81.16547 -201.3498 164.6199
0.7185293 1.056566 1.346552 75.1502 -195.0444 156.8337
0.6855703 1.075609 1.372431 66.11967 -189.3803 149.0932
0.6372304 1.088792 1.4237 56.57005 -184.0063 141.826
0.6155019 1.072679 1.437128 46.84486 -178.5406 136.0245
0.5874258 1.028978 1.47619 36.92119 -173.6093 130.5436
0.5573965 0.9808823 1.500116 28.0815 -168.4108 125.2688
0.5222402 0.9813705 1.550409 16.85249 -163.5482 121.2917
0.4966054 0.9239975 1.570429 9.295237 -157.9147 116.1238
0.4543691 0.9181381 1.588495 -1.063542 -152.2963 111.2306
0.4197011 0.8666245 1.599726 -10.99484 -147.9223 107.597
0.4001699 0.8256088 1.637567 -20.31545 -142.4719 104.3833
0.3733144 0.7572495 1.651239 -27.36125 -136.365 101.1085
0.3965078 0.7035385 1.653681 -31.21621 -128.7391 95.87949
0.355248 0.6791245 1.694208 -32.04827 -121.5177 92.15429
0.3042226 0.671312 1.751581 -35.88034 -113.7391 88.3375
0.323998 0.6239487 1.783564 -33.97194 -114.3345 86.41383
0.3247304 0.6346909 1.801386 -33.36889 -107.1818 81.53597
0.3188711 0.6393295 1.845575 -32.15514 -101.4948 77.3146
0.3281484 0.6581284 1.840448 -32.15514 -90.89176 70.75735
0.3020254 0.6439682 1.916132 -28.65896 -86.49481 67.89475
0.3076406 0.6503159 1.909296 -26.8269 -77.14367 61.30696
