-0.6504365 -0.7152984 1.715486 6.965267 -4.846596 24.42478
-0.6975556 -0.5595366 1.564363 -2.439313 -6.945832 28.44005
-0.684372 -0.6125152 1.659822 1.186641 -8.037436 27.98966
-0.6663056 -0.6266753 1.715975 13.07977 -10.06797 27.36371
-0.701706 -0.5133941 1.49991 6.049237 -9.915298 29.066
-0.6907197 -0.5551421 1.663973 -2.004199 -6.938199 29.53928
-0.6846162 -0.5595366 1.64493 -7.271374 -6.79316 29.65379
-0.6890107 -0.5714995 1.662752 -7.523283 -11.37331 30.05837
-0.6645967 -0.5436675 1.726717 -9.546184 -10.28171 29.07363
-0.6736299 -0.5348784 1.724031 -12.99656 -10.45728 28.9973
-0.6833955 -0.6098296 1.70865 -17.75229 -8.854229 28.05073
-0.6230927 -0.5400054 1.746004 -10.17977 -5.602321 27.43241
-0.6277314 -0.5387847 1.746004 -21.97366 -4.846596 28.9286
-0.6106416 -0.5695464 1.725984 -20.0958 -5.037435 27.2034
-0.6482392 -0.4994781 1.719393 -26.36298 -7.220641 27.58508
-0.6614228 -0.4911773 1.715486 -34.26374 -6.930565 27.49348
-0.653122 -0.5407378 1.696199 -30.66832 -5.045069 26.14234
-0.6726533 -0.5260894 1.642 -31.33244 -6.419115 26.63089
-0.6567842 -0.5795562 1.694734 -17.05 -8.022168 20.9973
-0.6611787 -0.5458648 1.628816 -27.0271 -4.884763 25.2034
-0.6467744 -0.4823882 1.693269 -53.21794 -3.373313 28.51638
-0.6138154 -0.4484527 1.713533 -53.49275 -1.800794 27.33318
-0.6550752 -0.5631988 1.688387 -50.42405 -5.228275 28.44768
-0.6387177 -0.5246245 1.730867 -49.43932 -2.808427 27.44005
-0.6453095 -0.5527007 1.705232 -46.25611 -1.625221 26.40951
-0.646042 -0.5602691 1.706453 -42.73703 -1.678656 26.1576
-0.6641084 -0.5680816 1.671541 -40.39351 0.06943512 25.65379
-0.6819306 -0.5631988 1.704256 -36.65305 -0.03743505 26.09653
-0.6707002 -0.5578277 1.729158 -33.15687 2.565619 24.58508
-0.6724092 -0.5558745 1.697664 -31.47748 3.061801 24.69195
-0.6804658 -0.5434234 1.66617 -28.30191 2.390046 24.50111
-0.6636201 -0.5492827 1.679109 -26.74466 2.794626 24.44005
-0.6743623 -0.5585601 1.679109 -24.69885 3.50455 24.10417
-0.6807099 -0.5575835 1.657381 -22.9355 3.848061 23.91333
-0.6907197 -0.5485503 1.622713 -18.81336 1.680122 24.24921
-0.6770478 -0.572232 1.647371 -15.74466 3.046535 23.0889
-0.6672822 -0.5971343 1.655428 -13.73702 3.20684 23.26447
-0.6899873 -0.5829741 1.579012 -10.59962 1.626687 23.31027
-0.6621552 -0.5964019 1.68033 -6.446947 1.535084 22.82936
-0.6614228 -0.5756499 1.694002 -6.523283 1.703023 23.43241
-0.6497041 -0.5546538 1.692537 -1.301908 0.6801221 22.38661
-0.6470185 -0.553189 1.759676 -3.744657 2.099969 23.32554
-0.6702119 -0.5214507 1.713777 -3.912596 1.50455 23.46295
-0.6802217 -0.5131499 1.698641 -3.790458 0.6572213 23.54692
-0.6675263 -0.5087554 1.747469 -4.301908 0.2373741 23.83699
-0.6472627 -0.4843413 1.741853 -3.385878 1.63432 22.47821
-0.6414033 -0.469937 1.74991 -5.164504 2.840427 21.52402
-0.6587373 -0.4555327 1.723299 -6.24084 2.084702 20.69195
-0.6760713 -0.4452788 1.643221 -6.828626 3.703023 20.12707
-0.670456 -0.6432769 1.465486 -11.59198 -1.533618 18.36371
-0.6699677 -0.5863921 1.478914 -2.088168 -0.2206413 16.34844
-0.6352998 -0.5717437 1.497469 -1.065267 -3.587053 12.1576
-0.6748506 -0.6130034 1.539217 -2.13397 -2.304611 13.43241
-0.6128388 -0.5866363 1.518465 -0.5309162 0.07706881 13.37898
-0.6567842 -0.6010406 1.529695 0.0339694 -1.411481 10.89806
-0.6494599 -0.6093413 1.553377 0.9958014 0.07706881 13.10417
-0.7383271 -0.6628081 1.591463 -4.653053 -10.90003 -4.918734
-0.6611787 -0.6252105 1.526521 1.095038 1.466382 12.49348
-0.6580049 -0.6364409 1.515047 5.667557 3.000733 12.86753
-0.6660615 -0.6361968 1.533357 8.54542 3.71829 11.80646
-0.6653291 -0.6354644 1.520662 11.27061 4.626687 12.0889
-0.6628877 -0.6352202 1.516268 12.60649 5.451115 12.69959
-0.6543427 -0.6371734 1.529207 14.48435 6.252641 13.44005
-0.6465302 -0.6176421 1.511141 15.87366 6.550352 13.42478
-0.6628877 -0.6235015 1.524812 17.18664 7.107603 12.98203
-0.6597138 -0.6288726 1.528963 19.37748 6.962565 12.1347
-0.6633759 -0.633023 1.537508 20.64466 7.954932 11.85989
-0.6560517 -0.6410796 1.541902 22.75916 8.550352 11.66142
-0.6453095 -0.6496245 1.542635 24.91183 9.512184 11.27974
-0.653122 -0.650357 1.536775 27.05687 9.634321 10.98203
-0.6633759 -0.6427886 1.522615 28.68283 9.573252 11.66905
-0.6526338 -0.6635406 1.516268 31.42328 9.695389 12.02783
-0.6523896 -0.6447417 1.50284 32.55305 9.512184 12.14997
-0.6707002 -0.6571929 1.502352 34.03397 2.283175 11.74539
-0.7019502 -0.6515777 1.501619 37.49962 6.237374 14.69195
-0.6641084 -0.6484038 1.477693 38.55305 5.680122 14.37898
-0.6562959 -0.6354644 1.498689 40.1103 3.848061 12.066
-0.6609345 -0.648648 1.51285 37.49198 5.092336 12.41714
-0.6484834 -0.6628081 1.527742 37.27824 7.183939 12.85989
-0.658249 -0.6745269 1.558748 36.00343 5.168672 11.44005
-0.6560517 -0.6620757 1.553133 36.35458 5.092336 12.05837
-0.6436006 -0.6032378 1.870027 21.0187 8.680122 12.63089
-0.6362763 -0.712857 0.7596757 28.9958 8.794626 47.37897
-0.6084443 -0.5578277 1.247957 38.07977 1.878595 17.85226
-0.6382295 -0.6669585 1.609529 30.33168 2.382412 22.82936
-0.6748506 -0.6718413 1.541658 26.76679 1.382412 28.50875
-0.6914521 -0.6908843 1.481844 34.07977 -0.5488854 23.34844
-0.6951142 -0.7072417 1.456209 44.49962 -1.564153 20.21867
-0.7031709 -0.7179839 1.47159 48.57595 -2.296977 18.65379
-0.7012177 -0.7096831 1.486971 55.13321 -3.724458 16.88279
-0.6977998 -0.6908843 1.498689 55.89656 -5.060336 16.42478
-0.6831513 -0.6840484 1.511141 57.45382 -5.808428 16.48585
-0.6890107 -0.6681792 1.515535 60.85839 -7.067969 16.54692
-0.6829072 -0.6777007 1.504305 62.19427 -7.976367 16.31791
-0.686081 -0.6650054 1.520418 66.7897 -8.984 16.51638
-0.6941377 -0.6403472 1.534334 67.55305 -10.63285 15.61562
-0.701706 -0.6132476 1.506502 65.52252 -10.59469 14.34081
-0.6982881 -0.5990874 1.50699 62.30114 -10.9611 14.44005
-0.6914521 -0.5927398 1.491609 61.71336 -10.54889 16.45531
-0.7107392 -0.6305816 1.488924 64.7668 -10.0985 19.92096
-0.7014619 -0.6237456 1.507478 68.72099 -9.632854 21.65379
-0.7649384 -0.5934722 1.564852 71.01107 -11.82369 20.21867
-0.7263642 -0.6491363 1.497225 80.38512 -13.47255 16.41714
-0.7131806 -0.7104156 1.515779 87.57596 -13.60995 14.95913
-0.7036592 -0.7463042 1.550936 93.39275 -15.56415 13.81409
-0.6887666 -0.77023 1.553865 102.4691 -17.82369 12.93623
-0.6899873 -0.7687652 1.549471 112.5989 -19.09087 11.76066
-0.6863252 -0.7707183 1.568025 121.095 -20.01453 12.40188
-0.6938935 -0.7558257 1.569734 131.408 -21.34278 11.55455
-0.7053681 -0.7594878 1.542146 143.0034 -23.12904 10.65379
-0.7082978 -0.7558257 1.527742 156.6752 -25.25118 9.676687
-0.7178193 -0.7465484 1.501863 169.3164 -28.35041 8.462947
-0.7297822 -0.744107 1.479646 179.9882 -31.19011 8.417145
-0.7375947 -0.7397124 1.4545 193.5912 -35.15957 7.882794
-0.7454072 -0.7272613 1.447664 205.7133 -38.984 7.577451
-0.7388154 -0.7192046 1.42325 218.7057 -43.31224 7.264473
-0.7439424 -0.6742827 1.432039 229.6752 -49.36568 7.462947
-0.7332002 -0.664273 1.422273 242.9729 -51.53362 7.859893
-0.7148896 -0.662564 1.414217 242.9729 -54.9382 6.592717
-0.7161103 -0.6542632 1.437654 242.9729 -60.45728 6.149969
-0.7178193 -0.6205718 1.458406 242.9729 -64.57942 5.844626
-0.7046357 -0.5849273 1.468904 242.9729 -67.74736 5.936229
-0.68779 -0.5558745 1.491121 242.9729 -70.76263 4.562183
-0.6707002 -0.5158355 1.499666 242.9729 -74.25881 3.760656
-0.6396943 -0.4731109 1.510896 242.9729 -76.77026 2.462946
-0.6401826 -0.445523 1.514803 242.9729 -79.77789 0.1805038
-0.644333 -0.3971831 1.54117 242.9729 -82.19775 -2.056137
-0.6404267 -0.3793609 1.537019 242.9729 -85.49545 -4.277512
-0.6255342 -0.3495757 1.521394 242.9729 -88.18247 -6.06377
-0.6123506 -0.3000152 1.504793 242.9729 -91.66339 -7.483618
-0.6008759 -0.2621734 1.49576 242.9729 -94.59469 -10.76606
-0.6067353 -0.1999175 1.480623 242.9729 -99.02217 -13.76606
-0.6184541 -0.1664702 1.452303 242.9729 -103.2588 -16.87293
-0.6191865 -0.1264312 1.427889 242.9729 -108.1138 -19.30041
-0.6174775 -0.06734912 1.397615 242.9729 -110.2664 -20.934
-0.6138154 -0.01559131 1.37076 242.9729 -117.2435 -24.98744
-0.6047822 0.1003755 1.339266 242.9729 -122.0451 -30.36912
-0.5989228 0.158481 1.328279 242.9729 -129.4649 -35.91873
-0.4626924 0.3774751 2.314119 -90.32481 28.51218 36.19577
-0.1914521 0.2656587 2.434236 -257.2943 149.2145 76.63088
-0.352585 0.3647798 2.381502 -257.2943 134.1 74.29501
-0.2148896 0.3909028 2.463533 -257.2943 141.0847 91.47058
-0.1042939 0.5632661 2.563875 -257.2943 146.8023 89.33318
-0.04643261 0.5376313 2.642488 -257.2943 161.5122 94.56218
0.05610645 0.6675141 2.733064 -257.2943 172.6572 97.49348
0.1405791 0.6164887 2.754549 -257.2943 187.9168 98.59271
0.1020049 0.601352 2.722078 -257.2943 206.3061 106.7683
0.04121387 0.5930512 2.619539 -257.2943 215.9091 109.2263
0.1591338 0.5395844 2.514559 -257.2943 229.9015 107.4477
0.08369434 0.4097016 2.316072 -257.2943 238.9244 105.6767
