-0.07492774 1.074144 1.338739 -79.94141 -66.04443 -154.464
-0.05881445 1.059496 1.344599 -90.78873 -66.72382 -152.4335
-0.008033201 1.012376 1.331415 -101.4147 -61.63985 -158.8915
-0.0004648417 0.9862534 1.332392 -111.4681 -52.44137 -167.1587
-0.02976172 0.9845444 1.332392 -123.2086 -47.53298 -171.5327
-0.08151953 0.9591537 1.319452 -127.3002 -42.95282 -176.8075
-0.01755469 0.9359604 1.340692 -133.3765 -46.75435 -173.2961
0.06911523 0.9816147 1.26037 -140.0788 -41.00626 -183.4335
0.1142812 0.9794174 1.23205 -149.1322 -30.50244 -191.2961
0.1286855 0.9340073 1.220331 -162.6742 -29.38031 -192.4564
0.143334 0.9149643 1.247919 -169.5216 -24.75435 -196.5633
0.1062246 0.8268295 1.246942 -175.575 -19.75435 -200.7694
0.1491934 0.7845932 1.282343 -178.9414 -19.67802 -201.8152
0.2241445 0.8065659 1.2633 -187.4605 -19.23527 -199.4717
-0.014625 1.698167 0.9012393 23.05096 -65.76199 -107.8304
-0.3639903 -1.836256 0.1070498 -133.6742 -85.76199 -190.9831
-0.1642832 -1.836256 0.3629092 -114.6284 -100.1055 -176.8686
-0.2433848 -1.836256 0.4654483 -108.2467 -102.678 -170.2656
-0.221168 -1.836256 0.6094913 -98.804 -111.762 -166.2808
-0.09934179 -1.751784 0.7425479 -79.84217 -108.1666 -159.9678
-0.04074804 -1.61653 0.8912295 -63.04064 -109.5101 -146.4335
0.02468164 -1.686842 0.9942569 -32.42995 -109.8994 -111.2732
0.01027735 -1.670729 1.150019 -3.429955 -111.0292 -105.9831
-0.02146094 -1.420485 1.251825 11.37921 -99.28107 -92.00601
-0.1386484 -1.452956 1.449579 16.48608 -101.9299 -102.9907
0.09401758 -1.22737 1.532831 13.47844 -73.62458 -104.8228
0.04811914 -1.041823 2.106073 -7.063542 -70.01389 -91.00601
0.1372305 -1.030104 1.932489 -37.31545 -51.42611 -68.44876
0.1748281 -1.153883 1.966181 -57.20858 -21.44138 -47.76937
0.05886133 -1.225905 1.983026 -62.39178 5.703664 -37.08998
0.0334707 -1.300124 2.001825 -63.52919 19.94794 -23.84571
-0.1025156 -1.331618 2.147821 -60.61316 25.21511 -28.50983
-0.07541602 -1.36946 2.025019 -46.43759 29.51283 -19.83808
-0.1828379 -1.424391 2.091425 -25.95667 23.22275 -20.91441
-0.2841563 -1.386793 2.057978 -1.857435 16.8487 -30.53273
-0.3290781 -1.318922 1.903681 21.64638 5.428855 -35.15105
-0.3730235 -1.202956 1.730585 32.14256 0.5280914 -39.37243
-0.3068614 -1.110182 1.580683 36.37157 1.573893 -41.60907
-0.1991953 -0.9739517 1.414423 37.91356 14.53573 -32.45639
-0.2289805 -0.9492935 1.375849 31.87539 15.14641 -4.899145
-0.2446055 -0.9524673 1.309687 30.27234 26.69603 10.29169
-0.4257578 -0.8977798 1.298456 36.07386 26.20748 13.3833
-0.4394297 -0.8311295 1.20495 35.89829 27.06244 8.742076
-0.4845957 -0.7310318 1.168085 37.75325 21.88687 5.055054
-0.4701914 -0.6336197 1.073358 39.20364 18.93267 5.66574
-0.4321055 -0.540358 1.036249 36.20364 11.06244 15.36803
-0.4374766 -0.5325455 1.048456 36.02043 13.16168 20.74208
-0.452125 -0.4763931 1.028681 36.71508 9.245648 22.67337
-0.4567637 -0.4055923 1.03454 37.1044 6.131145 24.13902
-0.458961 -0.3045181 1.073358 34.08913 3.215114 22.93292
-0.4635996 -0.233229 1.125849 25.47081 -3.258168 22.4062
-0.4550547 -0.2654556 1.122919 27.22654 -15.61695 19.55887
-0.4545664 -0.2559341 1.136347 34.28761 -21.2887 9.322229
-0.4487071 -0.2317642 1.158563 41.08913 -28.02153 -1.570901
-0.3520274 -0.184645 1.165644 51.90593 -30.2887 -7.189221
-0.3315196 -0.05744776 1.247675 55.65401 -28.95282 -7.204488
-0.2780528 0.08244482 1.254267 41.23417 -33.02153 -0.08235109
-0.3141856 -0.0720962 1.241571 42.73035 -27.22763 0.2000917
-0.2748789 -0.06867823 1.286981 47.196 -26.67802 -7.021283
-0.2751231 0.06535497 1.339228 41.57768 -24.29634 -5.364794
-0.2809824 -0.01228175 1.361444 42.42501 -20.29634 -1.799908
-0.205543 -0.031813 1.292353 38.95936 -15.70855 -9.5251
-0.2658457 0.06950536 1.437616 38.92883 -13.37267 -11.57854
-0.2258066 -0.108229 1.408808 47.98989 -14.72382 -12.25029
-0.294166 -0.1431411 1.492792 42.29524 -14.02153 -13.30373
-0.3051524 -0.1236099 1.479853 40.40974 -16.38031 -15.44876
-0.2099375 0.1302964 1.57995 8.615848 -5.861221 -17.05182
-0.2292246 0.03361669 1.649286 16.79905 -12.89176 -2.73884
-0.212623 -0.01667628 1.7008 13.52424 -5.082596 -4.509832
-0.2106699 0.008226067 1.675653 6.875389 -1.594046 -13.94495
-0.1279063 -0.05573878 1.716425 5.165466 3.550992 -24.76174
-0.06320899 -0.10652 1.662226 10.2876 2.413588 -17.53273
-0.03708594 -0.174147 1.636103 9.821954 3.009007 -14.34189
-0.09006445 -0.1988052 1.645868 24.23417 1.642595 -16.548
-0.1005625 -0.1275161 1.711786 17.55478 6.741832 -23.19686
-0.1012949 -0.1607193 1.717157 22.50134 5.07771 -20.17395
-0.0627207 -0.05549464 1.753534 8.38684 12.78763 -19.60907
-0.02805273 -0.125563 1.785273 5.70745 12.04718 -13.96021
-0.004371092 -0.09211573 1.817499 -5.727664 18.15405 -13.17395
0.002220705 -0.1380142 1.873407 -8.109344 19.8258 -7.876244
-0.01413672 -0.2115005 1.881464 -5.941405 25.88687 -5.86861
0.01345117 -0.1035903 1.948114 -6.552092 33.63496 -8.586168
0.05983789 0.01677099 2.024042 -22.72766 42.58153 -7.433496
0.1186758 0.1461655 2.093866 -46.40705 47.6655 6.398565
0.1384512 0.221605 2.092646 -79.6208 49.51283 23.10085
0.1772695 -0.01789698 2.053827 -85.28491 56.16932 26.32986
0.1504141 0.08732763 2.090204 -76.55209 53.16932 27.3604
0.1523672 0.04728857 2.159296 -71.14751 65.74183 10.57414
0.2409902 0.02702489 2.145868 -59.39942 86.07771 7.574138
0.2507558 0.4376694 2.350702 -61.8498 98.46702 20.63521
0.1477285 0.2247788 2.249872 -63.25438 111.5815 9.139023
0.3371816 0.2513901 2.174921 -56.02537 129.8411 4.116122
0.2917715 0.21306 2.196405 -42.48339 124.4747 -6.777008
0.3762441 0.3158432 2.281122 -37.46049 130.4365 -11.37243
0.4712148 0.3199936 2.293818 -33.13988 136.009 -18.5251
0.622582 0.3566147 2.264765 -28.97957 149.4288 -27.34189
0.6482168 0.5126205 2.309931 -36.36889 155.0243 -21.81518
0.8869864 0.5277573 2.289911 -43.6666 166.238 -24.5709
0.9067617 0.5736557 2.392939 -41.01774 196.0777 -46.13578
0.9172598 0.3248765 2.333612 -23.61316 234.5434 -47.70067
0.881127 0.329271 2.396357 -3.338351 242.009 -45.4793
-0.2092051 -1.66902 0.9044131 -75.98721 -39.95282 -140.693
-0.3000254 -1.050612 1.231073 10.98989 27.94031 32.03979
-0.419166 -0.899733 1.067011 18.27234 24.46702 36.63521
-0.4198985 -0.7864517 1.03161 17.30287 19.60443 29.98635
-0.3522715 -0.7515396 0.9725284 22.76089 20.20748 35.87948
-0.3761973 -0.6902603 0.9168643 25.95936 17.8945 42.58177
-0.4269785 -0.6262955 0.8819522 27.02806 15.23802 41.25353
-0.4213633 -0.5325455 0.8546084 28.1044 11.21511 41.32223
-0.4181895 -0.4829849 0.8536319 30.91356 7.528091 42.68101
-0.4238047 -0.4046157 0.8431338 33.1731 1.894504 42.03979
-0.4150156 -0.3577407 0.836542 38.08913 -3.960458 45.68101
-0.46775 -0.3555435 0.8807315 42.31814 -5.494809 38.71154
-0.3571543 -0.1975845 0.8880557 41.51661 -7.563512 36.00162
-0.4113535 -0.1892837 0.9149112 40.37921 -13.56351 43.34513
-0.4128184 -0.1853775 0.9090518 39.2418 -15.39557 34.35276
-0.3676524 -0.122145 0.9515323 38.11966 -20.60931 37.13139
-0.3571543 -0.1419204 0.9778995 41.20364 -21.96046 32.84131
-0.3459239 -0.09895166 1.009882 43.48608 -23.45664 30.21536
-0.3346934 -0.05110011 1.06872 42.04333 -24.89175 27.6123
-0.3686289 -0.1604751 1.167841 52.41737 -34.57114 26.75734
-0.2875742 -0.07673487 1.122431 58.81432 -33.55588 15.36803
-0.2392344 0.03434911 1.191767 59.72272 -32.54061 18.91002
-0.4443125 0.1163804 1.343378 18.83722 -42.51771 36.94055
-0.3237071 0.02922216 1.340692 24.196 -26.89175 21.78788
-0.2133555 0.1481186 1.351923 22.46318 -33.07496 23.37566
-0.2033457 0.1251694 1.373407 18.14256 -28.23527 19.59704
-0.2260508 0.1222397 1.415399 16.25707 -30.63985 19.84131
-0.183082 0.1320054 1.43786 12.11966 -27.01389 17.10849
-0.1806406 0.1215073 1.475214 8.020428 -26.96046 16.93292
-0.1684336 0.1429917 1.495722 5.455542 -24.22763 14.34513
-0.1625742 0.1693589 1.539423 0.1349313 -20.96046 12.22299
-0.1720957 0.1664292 1.592401 -5.017741 -20.20473 12.69627
-0.1508555 0.1410386 1.636591 -7.704763 -18.89939 12.36803
-0.1259531 0.1447007 1.668573 -11.14751 -15.52534 10.93292
-0.124 0.1229722 1.675653 -11.49102 -12.66275 8.268794
-0.1098398 0.1808335 1.723261 -16.42995 -8.800153 7.917649
-0.1003184 0.1620347 1.76745 -19.05591 -6.899389 7.016886
-0.07663672 0.1644761 1.789423 -20.7124 -4.632214 6.459634
-0.0783457 0.1290757 1.809442 -20.24675 0.5433583 2.932916
-0.05271094 0.153978 1.767206 -19.95667 7.634962 -3.807542
-0.06906836 0.1588608 1.883905 -18.01011 7.062443 -2.372427
-0.01486914 0.1659409 1.911493 -15.46812 7.253283 -1.14342
0.04958399 0.1581284 1.90661 -12.62843 14.6655 -5.517466
0.06154687 0.1527573 1.941523 -6.185679 26.03954 -15.05945
0.0869375 0.2743393 1.987177 -10.24675 26.41359 -9.464031
0.1787344 0.2679917 1.972773 -12.55209 33.96321 -11.53273
0.1938711 0.2921616 2.003778 -9.460488 44.90977 -19.08235
0.1831289 0.3409897 2.004267 -7.895603 53.06244 -30.04418
0.1389395 0.3253647 2.091669 -4.010107 54.98611 -31.96785
