0.1505889 -0.2924468 0.4842851 44.28588 -22.49545 10.37134
0.1601104 -0.3166167 0.4969804 38.9042 -22.65576 10.73776
0.1615752 -0.2946441 0.4903886 32.57595 -19.38095 11.12707
0.1029814 -0.3227202 0.5047929 -28.23321 7.565618 20.82936
0.1164092 -0.2673003 0.4313066 -15.43931 6.50455 17.37898
0.09761036 -0.2633941 0.4427812 -19.44695 7.458748 18.68432
0.1151885 -0.2328765 0.4515703 -21.79046 9.267908 18.66905
0.1293486 -0.2502105 0.4518144 -27.01183 11.32898 20.63089
0.1569365 -0.2782866 0.43033 -31.10344 12.71066 20.77592
0.08711231 -0.2748687 0.4818437 -33.79046 11.43585 22.9515
0.1527861 -0.2692534 0.4669511 -27.21794 12.9931 26.80646
0.0546416 -0.3234527 0.4942949 -28.13397 10.27554 20.80646
0.1061553 -0.2670562 0.4252031 -47.59962 12.53508 34.53928
0.08467091 -0.3424956 0.4549882 -48.85153 8.641954 29.73775
0.1002959 -0.2541167 0.5238359 -44.30191 8.260275 33.68432
0.09712208 -0.2358062 0.544832 -40.01947 7.451114 32.0202
0.1256865 -0.23898 0.5155351 -35.80573 7.733557 29.16524
0.1139678 -0.2443511 0.5209062 -32.42405 7.756458 27.54692
0.1237334 -0.2521636 0.5008867 -28.55382 7.412946 25.66905
0.10054 -0.2792632 0.4999101 -25.40878 6.138137 23.36371
0.1042022 -0.2660796 0.5067461 -23.66069 5.183939 22.32554
0.09736622 -0.2926909 0.5028398 -22.62252 4.130504 20.47821
0.1063994 -0.2912261 0.5126054 -21.52328 3.970199 19.69959
0.105667 -0.3000152 0.511873 -20.53855 4.229741 19.02783
0.1120147 -0.2868316 0.4974687 -19.9584 4.596153 19.58508
0.1142119 -0.2826812 0.4947832 -18.40878 4.71829 18.46295
0.1147002 -0.2797515 0.4969804 -17.49275 4.764091 19.23394
0.1151885 -0.2763335 0.5052812 -15.94313 4.90913 18.28737
0.1190947 -0.2792632 0.4918535 -14.99656 5.619053 18.46295
0.1168975 -0.2880523 0.4764726 -14.88206 6.344244 18.14997
0.1227568 -0.2917144 0.4635332 -14.50038 6.405313 18.08127
0.1298369 -0.2878081 0.4818437 -13.94313 6.74119 18.48585
0.1278838 -0.2873199 0.4825761 -13.0958 7.176305 18.24157
0.1259307 -0.2856109 0.4747636 -11.80573 7.80226 18.33318
0.1110381 -0.290982 0.478914 -11.22557 8.328978 18.43241
0.1083525 -0.3012359 0.4642656 -10.32481 8.962564 18.66142
0.1103057 -0.3019683 0.4588945 -10.52328 10.42821 18.86753
0.1110381 -0.3083159 0.4447343 -11.24084 11.8786 19.65379
0.1171416 -0.2926909 0.4366777 -11.58435 13.04653 19.96676
0.1391143 -0.2487456 0.4498613 -10.96603 15.13814 25.18814
0.107376 -0.2829253 0.4396074 -8.958397 14.55798 18.03547
0.1278838 -0.2516753 0.4425371 -9.095801 15.1076 21.56982
0.1217803 -0.256314 0.4552324 -7.996565 15.26791 18.74539
0.1271514 -0.2585113 0.4606035 -8.576717 16.22974 20.93623
0.1266631 -0.2621734 0.4591386 -9.0271 17.04653 19.89806
0.12471 -0.2680327 0.4588945 -9.675955 17.69539 21.38661
0.1398467 -0.258023 0.4669511 -9.721756 18.21447 21.47821
0.1408232 -0.2614409 0.4730546 -9.729389 18.89386 22.08127
0.1444854 -0.2555816 0.4708574 -9.408779 19.45111 22.60798
0.1488799 -0.2533843 0.4728105 -8.958397 20.1076 23.1347
0.1464385 -0.2472808 0.4686601 -8.24084 20.51218 22.95913
0.1413115 -0.2460601 0.4686601 -8.309542 20.89386 23.88279
0.1449736 -0.2421538 0.470125 -8.187405 21.17631 23.60798
0.1515654 -0.237271 0.4608476 -8.790459 21.24501 24.14234
0.1549834 -0.2343413 0.4640214 -9.095801 21.24501 23.76829
0.1613311 -0.2318999 0.4691484 -9.538549 21.14577 24.44768
0.1588897 -0.251187 0.466707 -10.25611 21.18394 24.63089
0.1501006 -0.240689 0.463289 -11.66832 21.27554 25.21867
0.1518096 -0.2419097 0.4408281 -12.92786 21.07707 25.64615
0.1544951 -0.2514312 0.4523027 -14.12634 20.95493 25.96676
0.1481475 -0.2506988 0.4425371 -16.50801 20.95493 27.75302
0.1020049 -0.2211577 0.4542558 -18.37824 21.48928 29.18814
0.1535186 -0.256314 0.4266679 -15.61489 19.11524 23.93623
0.1342314 -0.2741363 0.4669511 -18.27901 18.11524 29.0431
0.1427764 -0.2697417 0.4630449 -17.26374 18.39005 24.44005
0.1337432 -0.2714507 0.4535234 -17.0042 18.31371 27.31791
0.1325225 -0.2807281 0.4593828 -16.08053 17.34424 23.68432
0.1481475 -0.2594878 0.468416 -16.35534 17.34424 25.66142
0.1461943 -0.2621734 0.4703691 -15.69122 17.1076 23.14997
0.1505889 -0.2572906 0.4693925 -16.37061 17.33661 23.82936
0.1488799 -0.2402007 0.4691484 -16.17977 16.84043 22.85989
0.1520537 -0.2370269 0.4740312 -16.17214 16.16104 22.78356
0.1562041 -0.2453276 0.4815996 -16.34771 16.24501 22.49348
0.1469268 -0.2345855 0.466707 -16.19504 15.93203 22.34844
0.154251 -0.2314116 0.4576738 -15.59199 15.59615 22.03547
0.1588897 -0.2465483 0.447664 -15.17214 15.41295 21.88279
0.1520537 -0.2431304 0.4452226 -15.48512 15.42058 21.92096
0.1549834 -0.2436187 0.4503496 -16.46221 15.21447 22.25684
0.1493682 -0.2345855 0.4637773 -18.35534 15.51218 23.60035
0.1874541 -0.2636382 0.4488847 -13.63779 14.12287 19.71486
0.1662139 -0.2179839 0.4776933 -15.60725 14.89386 25.21104
0.1632842 -0.2118804 0.463289 -13.59198 14.1305 20.53165
0.1398467 -0.2297026 0.4647539 -12.0042 14.16867 23.0889
0.1562041 -0.2091948 0.4601152 -10.50802 13.55035 20.98203
0.1547393 -0.2099272 0.4437578 -10.62252 14.02363 21.52402
0.1637725 -0.2179839 0.447664 -10.34008 13.61142 21.14234
0.1654814 -0.2201812 0.4571855 -10.57672 13.83279 20.87516
0.1615752 -0.2187163 0.4554765 -10.94313 13.64959 21.90569
0.16304 -0.2172515 0.4584062 -11.04237 13.93203 21.09653
0.166458 -0.2084624 0.4535234 -10.9355 13.72592 21.91333
0.1735381 -0.2072417 0.4759843 -11.19504 13.46638 21.75302
0.1730498 -0.209439 0.4564531 -11.17977 13.71829 21.70722
0.1898955 -0.4154937 0.7045 -11.51565 6.412946 96.96676
0.2812041 -0.4853179 0.8390215 -30.21794 4.161038 93.48585
0.3039092 -0.4985015 0.8934649 -27.48512 5.031267 105.6309
0.3063506 -0.4079253 0.8539141 -24.1187 3.306077 95.82935
0.2834014 -0.4333159 0.8365801 -22.52328 4.016 98.64615
0.2714385 -0.4081695 0.7943437 -20.63015 3.290809 93.47058
0.2504424 -0.4032866 0.767 -19.70649 2.046535 92.33318
0.2484893 -0.4069488 0.7379472 -17.85916 0.6801221 90.51638
0.2331084 -0.3818023 0.714998 -19.44695 -2.312244 88.89806
0.2179717 -0.4391753 0.6788652 -18.68359 -2.693924 87.23394
0.2006377 -0.4206206 0.6280839 -21.20267 -2.762626 85.95149
0.1676787 -0.4482085 0.6188066 -23.1416 -5.68629 85.48585
0.1757354 -0.4587066 0.6170976 -23.97366 -6.777893 84.76829
0.1625518 -0.4640777 0.6097734 -25.08053 -8.533619 85.28737
0.1501006 -0.4660308 0.6080644 -23.45458 -10.99163 83.45531
0.1569365 -0.4565093 0.6034257 -22.1874 -13.02217 84.08127
0.1471709 -0.4579741 0.5824296 -19.74466 -15.16721 82.066
0.154251 -0.4511382 0.574373 -17.92023 -17.26644 81.67669
0.1571807 -0.4582183 0.5763261 -17.03473 -19.01453 80.63852
0.1684111 -0.4552886 0.5699785 -16.50038 -21.21301 80.066
0.1862334 -0.4423491 0.5802324 -17.35534 -23.14431 79.66905
0.1908721 -0.4430816 0.5753496 -17.66069 -25.14431 79.12707
0.2079619 -0.4274566 0.5602129 -17.79809 -27.23591 78.54691
0.2138213 -0.4193999 0.5416582 -17.31717 -29.1214 77.46294
0.2165068 -0.4145171 0.5196855 -16.72176 -31.25118 76.14233
0.2279814 -0.4054839 0.5126054 -16.53092 -33.21301 75.16524
0.2313994 -0.4042632 0.5045488 -17.10344 -35.34278 74.2263
0.2204131 -0.4042632 0.5038164 -17.97366 -37.03743 73.71485
0.2055205 -0.4145171 0.4896562 -19.23321 -38.72446 73.9973
0.1925811 -0.4157378 0.4662187 -21.25611 -39.87713 72.65379
0.1864775 -0.3940093 0.4652421 -22.29428 -42.37331 73.33318
0.1750029 -0.4047515 0.4513261 -24.25611 -43.34278 71.27974
0.169876 -0.3771636 0.4486406 -26.72176 -44.57178 71.47821
0.1554717 -0.3818023 0.4437578 -28.24084 -46.37331 69.79119
0.1544951 -0.3666656 0.4393632 -29.56145 -47.57942 69.51638
0.1625518 -0.369107 0.4317949 -30.0729 -49.46492 68.42478
0.169876 -0.3754546 0.4203203 -30.10344 -50.29697 67.14233
0.1725615 -0.3720366 0.4078691 -29.61489 -51.30461 64.85989
0.1825713 -0.3910796 0.3978593 -28.87443 -52.45728 65.58508
0.1847686 -0.4018218 0.4154375 -27.47748 -53.0527 62.79119
0.1684111 -0.4157378 0.4071367 -26.0729 -53.57178 63.10417
0.1605986 -0.3979156 0.3910234 -24.68359 -54.29697 61.47821
0.1518096 -0.3959624 0.376375 -23.37824 -54.52598 60.34844
0.1544951 -0.3937652 0.343416 -22.79046 -53.9382 60.01257
0.119583 -0.3759429 0.3580644 -24.85916 -51.51835 58.16524
0.1759795 -0.3598296 0.3414629 -23.83626 -53.35804 60.46294
0.1554717 -0.4203765 0.3736894 -24.51565 -53.37331 57.14997
0.1552275 -0.4223296 0.372957 -25.97366 -49.82369 57.87516
0.1417998 -0.3857085 0.3636796 -26.59962 -47.54125 60.31027
0.1293486 -0.4096343 0.3248613 -28.83626 -43.99927 56.73775
0.1225127 -0.4045074 0.3751543 -31.53855 -41.92293 57.87516
0.180374 -0.3735015 0.4193437 -32.62252 -42.37331 56.31791
0.1464385 -0.4154937 0.4486406 -35.40878 -41.65575 59.41714
0.1430205 -0.4008452 0.482332 -36.59962 -39.83133 56.56218
0.147415 -0.407437 0.4872148 -36.75229 -39.30461 57.50875
0.1781768 -0.393521 0.4867265 -35.94313 -38.12904 55.43241
0.1947783 -0.3923003 0.4923418 -34.69122 -36.92293 55.51638
0.1930693 -0.3957183 0.4740312 -32.79046 -35.22064 54.39424
