0.5585479 0.3818696 2.101961 -10.21031 14.9931 9.516381
0.5458526 0.3847993 2.101228 -9.996565 14.54272 10.1347
0.544876 0.373813 2.085848 -10.96603 13.49692 11.03547
0.5507354 0.3818696 2.063143 -12.08817 12.37478 12.37134
0.5526885 0.3706391 2.054109 -13.44695 11.1534 13.89806
0.5568389 0.3555024 2.05826 -14.95076 10.22974 15.01257
0.560501 0.3423188 2.050447 -16.1874 8.733557 16.63089
0.5597686 0.3442719 2.060701 -16.31717 7.390046 18.11943
0.5609893 0.3262055 2.053133 -17.19504 6.641954 19.67669
0.574417 0.3271821 2.05826 -18.97366 5.351878 21.79882
0.5617217 0.3222993 2.052644 -19.37061 4.390046 23.10417
0.5561065 0.3159516 2.044832 -20.76756 3.038901 25.46295
0.5590362 0.325229 2.066561 -20.17977 1.290809 27.0202
0.5565948 0.3135102 2.076814 -18.61489 0.02363348 28.47821
0.5619658 0.3127778 2.086092 -17.75229 -0.9229313 29.9744
0.5641631 0.3230317 2.096346 -13.97366 -2.464916 30.58508
0.5756377 0.3342622 2.116609 -11.72176 -3.861863 31.40951
0.5868682 0.3545259 2.133943 -10.37824 -4.892397 32.07363
0.5890655 0.3672212 2.152742 -8.24084 -4.930565 32.30264
0.5993194 0.3857759 2.15616 -7.294275 -4.945832 32.57745
0.6032256 0.4109223 2.169832 -7.782825 -5.426748 32.92096
0.6168975 0.4421723 2.194734 -9.195038 -5.36568 33.31028
0.6210479 0.4731782 2.209383 -9.584352 -4.854229 32.89806
0.6320342 0.4866059 2.220613 -9.45458 -3.930565 31.92096
0.6313018 0.4910005 2.219148 -8.85916 -3.106137 30.9286
0.6254424 0.5137055 2.221102 -8.85916 -2.38858 29.80646
0.6156768 0.5356782 2.2045 -9.561451 -1.678656 28.57745
0.6117705 0.5510591 2.196687 -11.21794 -0.816061 27.28737
0.6115264 0.5564301 2.183016 -13.05763 -0.4420153 25.96676
0.6027373 0.5569184 2.184969 -15.15687 0.01600003 25.46295
0.6193389 0.5390962 2.180574 -21.59962 0.8022594 25.88279
0.6313018 0.5451997 2.16617 -21.95076 -0.006900787 22.98966
0.6159209 0.5056489 2.167635 -22.9584 -0.1595726 22.25684
0.638626 0.4993012 2.171785 -23.24847 1.489282 21.066
0.6408233 0.4997895 2.155428 -23.9355 1.771725 19.83699
0.6308135 0.4851411 2.151766 -25.03473 1.199206 18.52402
0.6325225 0.4946626 2.130525 -26.83626 1.542717 17.89043
0.6295928 0.4758637 2.13785 -27.85153 1.672488 17.12707
0.6449737 0.4765962 2.133211 -27.65305 1.512183 16.33318
0.6801299 0.2649262 2.277498 -2.798092 7.374778 14.89043
0.6864776 0.3005708 2.283357 40.9042 -2.999267 0.6995869
0.6747588 0.2947114 2.293611 42.42328 -2.518351 -0.2240772
0.6830596 0.3093598 2.276521 41.56068 -1.442015 -0.5370541
0.6779326 0.3135102 2.286043 43.44618 -0.8389618 -1.979801
0.6779326 0.3249848 2.269441 42.0645 0.1381373 -2.285145
0.6798858 0.3244966 2.275301 42.79733 0.8938625 -3.414915
0.6798858 0.3271821 2.272371 42.77443 0.9930992 -3.750793
0.6776885 0.3323091 2.254793 43.42328 2.046535 -4.941633
0.6801299 0.321811 2.265291 43.33931 2.451115 -5.460718
0.6752471 0.3345063 2.250643 43.82023 3.374779 -6.239344
0.6781768 0.3345063 2.259187 44.34695 3.947298 -7.155375
0.6759795 0.3423188 2.261873 44.17137 4.901496 -8.056137
0.6627959 0.3403657 2.258211 44.49198 5.535084 -8.766062
0.6667022 0.3533051 2.242586 44.33931 5.954932 -9.323313
0.6654815 0.3603852 2.24283 43.88129 6.512184 -9.857664
0.6579131 0.3601411 2.234773 43.10267 6.916764 -10.22408
0.6447295 0.3601411 2.216951 42.18664 7.474016 -10.43782
0.6547393 0.3657563 2.218904 41.02633 7.825161 -10.8424
0.6425323 0.3647798 2.21158 40.61412 8.252642 -11.31568
0.6474151 0.3569673 2.20157 40.34695 8.764091 -11.8424
0.6347198 0.3523286 2.200105 39.24007 8.939665 -11.934
0.6378936 0.3603852 2.197176 39.02633 9.344244 -12.30805
0.636917 0.3469575 2.200594 38.68282 9.504549 -12.68973
0.6320342 0.3464692 2.195711 39.80496 9.817526 -13.17064
0.6261748 0.3371919 2.197664 40.41565 10.016 -13.88056
0.6354522 0.337436 2.192293 41.57595 10.19157 -14.52942
0.6356963 0.3384126 2.200105 43.22481 10.16104 -15.07904
0.6400908 0.3315766 2.199617 45.58359 10.67249 -16.13247
0.6330108 0.3371919 2.193514 47.68282 10.26027 -16.54469
0.6347198 0.3467134 2.191316 49.9958 10.1076 -17.72789
0.6378936 0.3423188 2.205477 50.46145 10.45111 -18.03324
0.6381377 0.3467134 2.20035 51.79733 10.70302 -18.49125
0.6315459 0.3528169 2.203035 53.78969 10.86333 -19.21644
0.6295928 0.3523286 2.20035 57.14847 11.27554 -20.46835
0.635208 0.3620942 2.195711 60.2248 11.18394 -21.59812
0.6381377 0.373813 2.210848 61.53778 11.48928 -22.13247
0.6227569 0.3847993 2.208894 63.33168 12.16104 -22.69736
0.6278838 0.3909028 2.207674 63.35458 11.73356 -22.82713
0.6173858 0.3996919 2.213045 63.75916 12.70302 -23.55995
0.6203155 0.4089692 2.220613 64.62939 13.26027 -23.77369
0.6193389 0.4055512 2.212801 66.25535 13.68012 -24.68209
0.612503 0.4209321 2.207918 69.79733 13.65722 -25.8424
0.6032256 0.4255708 2.202059 72.21718 14.02363 -26.69736
0.6024932 0.4370454 2.188631 73.68282 14.05417 -27.49125
0.6020049 0.4353364 2.183504 75.88893 14.0847 -28.0027
0.6037139 0.4358247 2.180818 76.26298 14.70302 -28.30805
0.6017608 0.4436372 2.156893 77.91946 14.9473 -29.14011
0.5949248 0.4306977 2.164949 80.36985 14.41295 -29.9569
0.5941924 0.4504731 2.162508 80.38512 14.9702 -30.05614
0.5861358 0.4575532 2.141023 79.20954 15.05417 -29.73553
0.5890655 0.4787934 2.130769 77.16374 15.34424 -29.20881
0.5768584 0.4785493 2.128816 74.66756 15.0389 -28.42255
0.572708 0.4985688 2.124666 69.60649 16.0618 -27.38438
0.5624541 0.4985688 2.109041 64.68282 16.21447 -26.05614
0.560501 0.5132173 2.097566 59.05687 16.35188 -24.66683
0.5497588 0.5181001 2.104158 54.53778 16.50455 -23.07904
0.5385283 0.5188325 2.104891 50.8126 17.09233 -22.45308
0.5424346 0.5178559 2.100496 47.44618 17.28317 -21.25461
0.5272979 0.5173676 2.114412 45.05687 17.68776 -21.07141
0.5297393 0.5139497 2.114168 43.13321 17.84806 -20.16301
0.5243682 0.5063813 2.107332 41.78969 18.09233 -19.61339
0.5211944 0.495395 2.107576 40.80496 18.32134 -19.39965
0.5238799 0.4848969 2.113436 40.72099 18.42058 -18.85003
0.5233916 0.4773286 2.110994 41.0187 18.48928 -18.49888
0.5294951 0.4729341 2.104646 42.38511 18.41295 -18.20117
0.5307158 0.4736665 2.111971 43.53015 18.13814 -18.33858
0.5280303 0.4634126 2.120027 46.07214 17.9931 -18.15537
0.5334014 0.4653657 2.109285 48.51488 18.09233 -18.43018
0.5363311 0.4602387 2.099519 51.75153 17.57325 -18.70499
0.532669 0.4665864 2.100008 55.67519 17.29844 -19.10957
0.5241241 0.4726899 2.085848 58.69809 17.1305 -19.0256
0.5211944 0.4807466 2.076082 61.00344 17.05417 -19.22408
0.5180205 0.47977 2.057527 62.52252 16.47401 -18.88056
0.5063018 0.4836762 2.048494 63.52252 16.35188 -18.49888
0.5036162 0.4910005 2.036043 62.7668 16.40531 -17.68973
0.4901885 0.4834321 2.032137 60.91946 16.18394 -16.44545
0.4899444 0.4910005 2.020174 60.32405 16.0847 -15.68209
0.4928741 0.4905122 2.007967 59.46145 16.0389 -14.8653
0.4853057 0.4941743 1.990389 57.77443 15.97783 -13.78133
0.4862823 0.5066255 1.994295 55.24771 15.84806 -12.71263
0.484085 0.5039399 1.996248 52.84313 16.00073 -11.17064
0.4750518 0.5090669 1.987215 51.02633 15.9244 -9.941633
0.4738311 0.5149262 1.983064 49.35458 16.06944 -9.071405
0.4730987 0.5163911 1.988436 48.23244 16.18394 -8.086672
0.4728545 0.5129731 1.985506 46.95 16.00073 -7.040871
0.4730987 0.509311 1.98282 46.02633 15.82516 -6.056137
0.46846 0.5156587 1.989412 45.43092 15.85569 -5.483618
0.4533233 0.5168794 1.958406 48.16374 15.07707 -3.567587
0.4552764 0.5278657 1.953279 48.51488 14.9931 -2.888199
0.449417 0.526645 1.9545 47.85839 14.45111 -2.117207
0.369583 0.6072114 1.124178 10.62939 -4.312244 17.91333
0.3097686 0.6833833 1.130281 4.858397 2.000733 20.00493
0.3022002 0.682895 1.130525 5.514885 2.61142 19.22631
0.2929229 0.6792329 1.132478 6.316412 3.397679 18.47058
0.2580107 0.6943696 1.139314 3.430916 5.306077 19.82173
0.202835 0.8459809 1.012605 -26.85153 12.58088 27.2034
0.1591338 0.8242524 0.9427813 -38.9126 8.794626 29.49348
0.2045439 0.8208344 0.9552324 -40.17977 3.397679 28.27211
0.2252959 0.7695649 1.041414 -42.36298 1.52745 28.22631
0.2958525 0.6765473 1.13907 -34.0042 2.153405 26.00493
0.3488311 0.6565278 1.147615 -32.40115 4.474015 26.66905
0.355667 0.6216157 1.118318 -23.50038 4.183939 25.17287
0.3617705 0.5998872 1.118074 -12.34008 0.4205801 23.30264
0.3744658 0.5627778 1.159822 1.43855 -0.3809465 20.1576
0.3717803 0.5344575 1.183016 11.52252 -0.167206 19.18814
0.3693389 0.5403169 1.170564 19.31641 0.3060763 18.81409
0.3588408 0.5598481 1.141512 25.8813 -0.8007938 18.44005
0.3327178 0.5981782 1.108309 28.91183 -0.984 18.28737
0.3100127 0.6191743 1.088045 29.51489 -1.648122 18.49348
0.2968291 0.6426118 1.095857 27.07977 -1.900031 19.68432
