1.10476 0.1827866 0.7764834 29.36394 -254.2429 179.5818
1.082055 0.2521225 0.8279971 37.42501 -254.2429 173.0627
1.019555 0.2535874 0.9556827 43.52425 -254.2429 169.7039
1.063988 0.2592026 0.9810733 47.66165 -254.2429 166.2306
1.035668 0.2941147 1.035761 52.43264 -254.2429 161.8489
1.006859 0.3214585 1.095331 52.57005 -254.2429 159.4673
1.010766 0.3273179 1.099481 54.00516 -254.2429 157.0932
0.9577871 0.3485581 1.145136 54.96699 -254.2429 154.7421
0.9250723 0.346605 1.147333 55.79142 -254.2429 152.7039
0.8757559 0.3837143 1.165644 51.95936 -254.2429 152.7039
0.8574453 0.3673569 1.182245 52.44791 -254.2429 150.1925
0.7983633 0.3737046 1.20373 52.23417 -254.2429 148.1925
0.7741933 0.3956772 1.23498 49.03569 -254.2429 147.765
0.7380605 0.4183823 1.241083 41.41737 -254.2429 147.5207
0.7099844 0.4593979 1.270624 30.37921 -254.2429 149.7039
0.6926504 0.4911362 1.278437 10.83722 -254.2429 153.7955
0.681664 0.4847886 1.290888 -6.116977 -254.2429 157.6581
0.6657949 0.4928452 1.305292 -20.39942 -254.2429 159.9482
0.5539785 0.5126205 1.394892 -30.7353 -254.2429 161.1619
0.5615469 0.5387436 1.396356 -35.39178 -254.2429 161.4902
0.5334707 0.5299545 1.473505 -38.04827 -254.2429 159.7344
0.4734121 0.6532455 1.565546 -48.72766 -254.2429 158.0169
0.5852285 0.739183 1.652704 -51.8269 -254.2429 149.8871
0.6772695 0.6822983 1.812372 -60.43759 -254.2429 149.5741
0.591332 0.7853256 1.894403 -51.18568 -250.7849 137.7726
0.6206289 0.817308 2.03454 -52.01774 -242.6398 127.8184
0.7763906 -0.5303482 -0.06165135 -20.49866 172.5205 -74.87624
0.7705312 -0.9732193 -0.06165135 -6.567359 -142.2047 110.0169
0.8249746 -0.9046158 -0.06165135 -11.7353 -155.6093 119.4673
0.8923574 -0.8491959 -0.06165135 -15.01011 -168.8536 130.4367
0.9621817 -0.8028091 -0.06165135 -16.88033 -179.5482 136.536
1.032982 -0.7656998 -0.06165135 -19.27728 -190.5101 142.4138
1.086693 -0.7547134 -0.06165135 -17.7582 -199.2887 146.8947
1.127465 -0.712233 -0.06165135 -15.32308 -208.5177 150.9482
1.170922 -0.680983 -0.06165135 -12.6895 -215.8154 154.3833
1.171166 -0.6424088 -0.06165135 -8.949039 -223.8612 156.9329
1.200951 -0.6177505 -0.06165135 -5.353619 -229.8307 158.2153
1.210961 -0.6333755 -0.06165135 -3.010107 -236.9223 161.1237
1.224877 -0.6096939 -0.06165135 -2.445221 -242.6475 164.5436
1.185814 -0.613356 -0.06165135 -1.254382 -250.3956 168.4825
1.182397 -0.6328873 -0.06165135 -0.9261374 -254.2429 171.9787
1.155785 -0.6594986 -0.06165135 1.570046 -254.2429 175.6352
1.130639 -0.705397 -0.06165135 3.203634 -254.2429 180.0779
1.096215 -0.726149 -0.06165135 6.104397 -254.2429 184.5589
1.047143 -0.7449478 -0.06165135 4.844855 -254.2429 191.0474
1.013939 -0.7918228 -0.06165135 4.547145 -254.2429 197.2001
0.9856192 -0.8365005 -0.06165135 4.60058 -254.2429 204.3833
0.9814688 -0.8614029 -0.06165135 5.325771 -254.2429 211.0627
0.9477774 -0.9219498 -0.06165135 3.325771 -254.2429 220.6657
0.9494864 -0.9602798 -0.06165135 3.883023 -254.2429 229.1237
0.999291 -0.9094986 -0.06165135 4.577679 -254.2429 236.9176
1.028832 -0.896315 -0.06165135 0.7303512 -254.2429 245.9024
1.106225 -0.8853287 -0.06165135 -0.4070534 -254.2429 251.6963
1.194115 -0.8386978 -0.06165135 -1.842168 -254.2429 251.6963
1.276879 -0.7766861 -0.06165135 -4.20858 -254.2429 251.6963
1.321801 -0.7605728 -0.06165135 -4.704763 -254.2429 251.6963
1.411889 -0.7012466 -0.06165135 -1.918504 -254.2429 251.6963
1.510277 -0.6614517 -0.06165135 2.531878 -254.2429 251.6963
1.602563 -0.6170181 -0.06165135 7.142565 -254.2429 251.6963
1.676537 -0.597731 -0.06165135 12.76852 -254.2429 251.6963
1.72976 -0.5694107 -0.06165135 20.59295 -254.2429 251.6963
1.809594 -0.5071548 -0.06165135 25.09676 -254.2429 251.6963
1.854027 -0.3799575 -0.06165135 30.94409 -254.2429 251.6963
2.042992 -0.3386978 -0.06165135 38.69982 -254.2429 251.6963
2.064904 -0.372145 -0.06165135 42.41737 -254.2429 251.6963
2.064904 -0.2779068 -0.06165135 51.40211 -254.2429 251.6963
2.064904 -0.01008448 -0.06165135 29.56241 -254.2429 251.6963
2.064904 -0.01374659 -0.06165135 23.52424 -254.2429 251.6963
2.064904 0.06437841 0.01793849 18.92883 -254.2429 251.6963
2.064904 0.0360581 0.3963565 21.98226 -254.2429 251.6963
2.064904 0.06681982 0.1893252 21.64638 -254.2429 251.6963
2.064904 0.08513037 0.6456241 45.00516 -254.2429 251.6963
2.064904 0.228685 0.9786319 46.30287 -254.2429 251.6963
2.064904 0.05314794 1.062616 68.60058 -254.2429 251.6963
2.064904 0.2780015 1.287226 94.81432 -254.2429 249.3833
2.064904 0.3844468 1.557489 108.5471 -254.2429 234.8031
2.064904 0.2948472 1.741327 102.3258 -254.2429 211.4215
2.064904 0.3409897 2.075068 109.7227 -254.2429 211.8871
2.064904 0.5753647 2.499872 113.7075 -254.2429 197.6276
2.064904 0.3929917 2.511835 121.8449 -254.2429 190.3528
2.064904 0.5575424 2.535273 143.57 -254.2429 184.9329
2.064904 0.5936752 2.688837 154.0739 -254.2429 186.2917
2.064904 0.522142 2.661249 174.6769 -254.2429 182.0474
2.022728 0.6124741 2.632929 183.8372 -254.2429 180.1314
1.840355 0.914476 2.707392 177.4555 -254.2429 173.5665
1.773949 0.9750229 2.765497 162.7151 -254.2429 172.8718
1.663109 0.9264389 2.818232 144.8678 -254.2429 166.2535
1.601342 0.9510971 2.776972 137.2113 -254.2429 160.0551
1.543969 0.9545151 2.935907 127.0281 -254.2429 157.6352
1.409203 1.085374 3.050165 104.5548 -254.2429 154.9024
1.288842 1.094652 2.844599 81.27997 -254.2429 145.4978
1.256615 1.192552 2.971552 58.88302 -244.6246 141.0551
0.8269278 1.221605 2.985224 19.50134 -227.0826 134.0245
0.7077871 0.9889389 3.083124 2.867756 -221.3345 128.8337
0.6933828 1.020189 3.160273 8.676916 -211.2276 132.3757
0.6953359 0.9984604 3.244989 -8.544458 -174.6246 127.1925
0.6946035 0.898851 3.237421 -6.170413 -159.6169 115.6047
0.5595937 0.9071518 3.234735 -9.857435 -140.907 103.2764
0.5256582 0.9393784 3.279657 -12.63606 -126.9376 92.03216
0.4670644 0.7926498 3.222528 -9.010107 -113.5864 80.22299
0.3349844 0.9254623 3.46496 -1.139878 -87.55588 71.17719
0.3054433 0.8629623 3.39538 23.47081 -95.02153 70.4062
0.2282949 0.8527084 3.379755 56.88302 -101.1437 71.03216
0.2295156 0.9759995 3.107294 77.86012 -92.89176 67.452
0.2407461 1.048998 3.002802 74.62348 -72.82306 59.44437
0.1474844 1.096849 2.975214 65.55478 -53.43374 52.76498
0.08278711 1.083665 2.985468 61.82959 -48.92229 45.74971
0.07668359 1.089037 2.942743 59.00516 -42.67038 38.11612
0.05031641 1.093431 2.905146 56.73798 -30.02916 30.68101
0.009544924 1.105882 2.876581 51.2647 -20.38031 23.89475
-0.0134043 1.084886 2.846796 48.53188 -10.70855 16.12376
-0.03562109 1.077318 2.814569 46.86012 -2.914657 8.948183
-0.03293555 1.062914 2.788202 45.93646 4.863969 1.803145
-0.06833594 1.060228 2.770624 46.79142 12.15405 -5.731206
-0.07566016 1.058275 2.782099 42.59295 11.32198 -11.27319
-0.3803477 0.5875717 2.05578 4.050962 -6.212367 13.52834
-0.7270274 0.27556 1.564081 -25.7124 5.230381 -6.593801
-0.7189707 0.2731186 1.593134 -24.32308 1.986107 -6.76174
-0.7006602 0.2828843 1.66662 -26.23148 0.58916 -5.502198
-0.6637949 0.3219468 1.708368 -28.00247 2.009007 -4.425862
-0.6679453 0.3358628 1.750116 -28.67423 2.69603 -5.097618
-0.6840586 0.3107163 1.776728 -25.32308 2.841068 -6.456397
-0.6784434 0.3546616 1.821405 -24.91087 3.520458 -7.456397
-0.6562266 0.33806 1.857782 -21.21621 6.238015 -10.41823
-0.6386485 0.3885972 1.916864 -19.04827 8.39832 -12.03655
-0.6105723 0.3944565 1.961054 -16.63606 12.81053 -14.37243
-0.6122813 0.4086167 1.940058 -12.72003 17.38305 -18.41059
-0.6293711 0.4134995 1.93786 -10.804 21.40595 -21.32663
-0.6362071 0.3998276 1.899042 -11.36889 25.32962 -23.21976
-0.6381602 0.355394 1.83581 -11.9414 29.8945 -26.18159
-0.6860117 0.3278061 1.802606 -12.64369 32.78 -27.57854
-0.6945567 0.2970444 1.759638 -13.96431 33.7342 -26.84571
-0.6833262 0.291185 1.706903 -17.01774 37.00901 -29.21212
-0.7013926 0.2186753 1.696405 -16.59789 37.38305 -28.96785
-0.7070078 0.21306 1.672968 -22.54446 39.54336 -26.30373
-0.7363047 0.138353 1.632929 -27.56736 42.00901 -23.78464
-0.7658457 0.0841538 1.586786 -26.12461 41.45176 -21.76937
-0.7831797 0.06096044 1.595575 -24.06354 42.55863 -21.16632
-0.799293 0.04020849 1.577265 -24.7811 43.54336 -17.34953
-0.8095469 0.0204331 1.572626 -22.46812 41.39069 -14.73884
-0.804664 0.02604833 1.549433 -19.50629 42.78 -13.72357
-0.8058847 0.05803075 1.563105 -16.46812 41.90977 -11.83808
-0.787086 0.06877294 1.537958 -13.52156 43.02428 -11.04418
-0.7956309 0.1124741 1.543573 -11.37652 43.30672 -9.593801
-0.7861094 0.1327378 1.544062 -10.46049 44.69603 -8.853344
-0.7927012 0.169603 1.53039 -9.666595 45.20748 -8.14342
-0.787086 0.2408921 1.497187 -11.04064 46.47466 -8.051817
-0.8012461 0.2438218 1.49621 -11.91087 45.41359 -7.349527
-0.7729258 0.2645737 1.471796 -14.98721 47.34489 -5.349526
-0.8061289 0.249437 1.463007 -13.30782 47.78 -8.92968
