-0.4604258 0.5260483 1.259149 13.56241 12.06244 0.6657405
-0.4635996 0.5287338 1.255487 14.38684 10.74183 -0.769374
-0.4679942 0.5387436 1.269647 14.18073 8.520458 -2.173954
-0.4465098 0.541185 1.279657 14.37157 7.558626 -3.578534
-0.4311289 0.5629135 1.314325 13.98989 6.795267 -5.006015
-0.419166 0.5746323 1.334589 14.2418 7.192213 -7.196855
-0.4054942 0.5907455 1.371942 13.82195 7.841068 -9.280825
-0.3886485 0.6007553 1.396112 13.92119 9.215115 -11.76174
-0.3696055 0.6063705 1.407343 13.09676 11.14641 -14.02892
-0.3727793 0.6078354 1.409052 12.85249 13.71893 -16.96021
-0.3693614 0.6029526 1.404657 11.34104 16.33725 -19.24266
-0.380836 0.5792709 1.399042 11.66165 19.34489 -22.31136
-0.4089121 0.5612045 1.352167 11.81432 21.78763 -24.87625
-0.4321055 0.5319077 1.308466 11.21127 23.56626 -27.09762
-0.4496836 0.5240952 1.26623 10.01279 24.90977 -28.87625
-0.5009531 0.4989487 1.236933 8.921191 24.35252 -30.18159
-0.4943614 0.473314 1.171015 8.341039 26.55099 -32.60143
-0.5309824 0.4198472 1.122431 5.104397 25.8487 -32.20449
-0.5048594 0.3419663 1.051142 8.684549 26.00901 -31.96021
-0.5695567 0.3920151 1.07995 1.432641 20.29908 -29.33426
-0.5790781 0.355394 1.05163 -8.796367 16.78763 -27.73884
-0.5785899 0.2797104 1.047968 -12.24675 13.59679 -25.5022
-0.5688242 0.2626206 1.052606 -14.83453 10.79527 -23.34953
-0.5685801 0.259935 1.083856 -18.16278 7.405954 -20.5022
-0.5575938 0.2174546 1.092157 -19.63606 5.360152 -18.42586
-0.5461192 0.1969468 1.106073 -22.04064 2.108244 -15.25029
-0.5287852 0.1791245 1.147821 -23.8956 0.650229 -12.60907
-0.5038828 0.1752182 1.175897 -24.16278 -1.662748 -10.05945
-0.4765391 0.1884018 1.227411 -23.60553 -3.22 -8.311359
-0.4474864 0.2062241 1.283808 -22.83453 -3.960458 -7.402961
-0.4177012 0.2162339 1.346552 -19.00247 -3.929924 -7.922045
-0.3959727 0.2247788 1.366815 -16.74293 -2.693283 -8.181588
-0.3686289 0.2277085 1.400995 -12.6895 -0.6780155 -9.166321
-0.3393321 0.2406479 1.422235 -8.475756 1.489923 -10.91441
-0.3239512 0.2426011 1.426142 -4.284916 4.001374 -12.25029
-0.3080821 0.230394 1.437372 -0.3841528 6.734199 -13.6167
-0.3022227 0.2228257 1.423944 3.631114 9.245648 -15.03655
-0.3002696 0.2047593 1.406855 6.615847 11.28382 -15.78464
-0.2980723 0.1964585 1.375849 9.432641 13.11588 -16.44876
-0.2963633 0.1893784 1.363886 11.52424 14.51282 -16.82281
-0.2897715 0.1793686 1.351435 13.63111 15.7571 -16.80754
-0.2863535 0.1637436 1.342646 15.22653 16.62733 -16.24266
-0.2797617 0.1605698 1.344843 16.2189 17.81054 -15.50983
-0.2763438 0.183519 1.356073 18.95173 22.97847 -12.42586
-0.2760996 0.2106186 1.365106 19.1502 24.92504 -11.95258
-0.2746348 0.2299057 1.362665 18.91356 27.11588 -11.44113
-0.2736582 0.2482163 1.353876 18.35631 29.01664 -10.95258
-0.2751231 0.2635972 1.353876 17.50134 31.28382 -10.72357
-0.2707285 0.2848374 1.354364 16.32577 33.35252 -10.39533
-0.2690196 0.3082749 1.339228 15.57768 35.68076 -10.38006
-0.2792735 0.3182847 1.344599 14.89066 37.99374 -10.51747
-0.2907481 0.346605 1.326776 14.29524 40.39069 -11.16632
0.5703359 0.5809799 2.300165 -51.51392 -223.762 101.8184
0.214623 0.1825425 2.589716 31.34104 -102.5864 11.82605
0.2143789 0.1617905 2.678827 48.81432 -95.16656 10.39093
0.1819082 0.2386948 2.682978 62.69218 -87.92229 5.574138
0.1726309 0.2628647 2.624628 68.40211 -71.99863 -0.196855
0.07863672 0.4969956 2.775263 50.52425 -63.44137 4.452
0.1413809 0.3793198 2.749628 52.73035 -47.02153 -10.58617
0.09645899 0.4037339 2.716669 47.87539 -44.39557 -6.708305
0.09377344 0.2916733 2.709833 51.47844 -41.27343 -6.380061
0.1157461 0.3282944 2.676874 55.1044 -33.34214 -6.555633
0.05397851 0.2931382 2.700312 56.3105 -28.58641 -10.05945
0.06520898 0.327562 2.662958 56.72272 -19.58641 -9.235023
0.0713125 0.3138901 2.620966 54.55478 -11.49481 -9.922046
0.05373437 0.3163315 2.623896 51.47081 -3.51771 -10.42586
0.04274805 0.3016831 2.631464 48.20364 5.154045 -10.4335
0.03054102 0.2936265 2.632685 45.1044 13.30672 -9.761741
0.04079493 0.2819077 2.634638 41.02806 21.7571 -9.03655
0.04885157 0.2838608 2.650751 36.63111 30.96321 -8.311359
0.05202539 0.282396 2.653437 32.60058 40.56626 -7.746473
0.05324609 0.2870347 2.641962 28.36394 50.42122 -7.670137
0.0556875 0.2845932 2.638788 23.69218 60.43649 -7.647236
0.05495508 0.2792222 2.612665 19.29524 69.7113 -7.33426
0.06081445 0.2711655 2.600458 14.44791 79.36778 -7.021283
0.05739648 0.2550522 2.577021 10.36394 88.23038 -6.983115
0.05666406 0.2184311 2.550165 7.959359 97.02427 -7.631969
0.05495508 0.2311265 2.49621 4.27997 105.7418 -7.051816
0.06081445 0.2028061 2.452509 1.623481 113.6044 -6.891511
0.05324609 0.1888901 2.416132 -1.025374 121.4594 -6.983115
0.03810938 0.1862046 2.376337 -3.391787 128.4518 -6.418229
0.04641016 0.1537339 2.317987 -3.765832 136.3678 -5.14342
0.03566797 0.1373765 2.259882 -5.460489 142.3296 -5.433496
0.04030664 0.129564 2.217157 -5.536825 148.6044 -5.097618
0.02248438 0.129564 2.183222 -4.29255 153.1159 -5.35716
0.01735742 0.1083237 2.11706 -2.971939 157.5205 -5.555634
0.01833399 0.0841538 2.072626 1.112031 159.5434 -6.082351
0.0232168 0.08610693 2.046015 3.905924 163.1235 -6.097618
0.01857813 0.07145849 2.027216 9.425008 166.3983 -7.181588
0.02614649 0.08708349 2.006464 15.37157 168.3602 -8.815176
0.04811914 0.1124741 2.003778 21.14256 171.8945 -11.12815
0.08669336 0.1395737 2.008417 27.1731 175.1006 -14.02892
0.1145254 0.15056 2.008417 32.57005 178.5357 -17.34953
0.1662832 0.1891343 2.024286 36.83722 183.238 -20.31136
0.2175527 0.2223374 2.042109 39.91356 188.4136 -23.22739
0.2595449 0.2489487 2.074335 40.83722 193.8945 -26.13579
0.2893301 0.2689682 2.115107 41.64638 199.8334 -28.73121
0.3196035 0.2794663 2.141962 41.76852 206.5663 -31.75411
0.4060293 0.2982651 2.143183 44.82196 211.9632 -35.76174
0.5210195 0.3290268 2.176142 44.73035 220.4288 -39.31899
0.5705801 0.3446518 2.230097 43.09676 230.2762 -42.83807
0.6582265 0.3549057 2.244745 41.79905 240.8182 -46.06708
0.7478261 0.3793198 2.285273 39.14257 246.0243 -48.96785
0.8130117 0.3944565 2.288691 34.86012 246.0243 -51.38769
0.860375 0.4000718 2.285517 31.51661 246.0243 -54.777
0.9221426 0.40056 2.268671 25.95936 246.0243 -57.07471
0.9699942 0.3649155 2.26037 20.77615 246.0243 -58.94495
1.034936 0.3192612 2.229853 15.41737 246.0243 -60.70067
1.080834 0.285814 2.196894 12.34867 246.0243 -61.04418
1.185814 0.2330796 2.146845 7.921191 246.0243 -60.45639
1.238793 0.1815659 2.057978 4.49371 246.0243 -59.62433
1.294945 0.1708237 1.963983 1.669282 246.0243 -58.83044
1.321557 0.1637436 1.872187 -0.7963663 246.0243 -58.25029
1.318871 0.1361557 1.758905 -1.544458 246.0243 -58.10525
1.360131 0.06218114 1.685663 0.455542 246.0243 -57.20449
1.323022 0.046312 1.572382 4.70745 246.0243 -59.80754
1.433617 0.1681382 1.383173 3.68455 246.0243 -57.21975
1.348656 0.1481186 1.320185 1.654015 246.0243 -64.06709
1.421166 0.1610581 1.116327 2.577679 246.0243 -60.18922
1.209496 0.2069565 1.037958 12.99753 246.0243 -67.55563
1.374291 0.1205307 0.807001 18.85249 246.0243 -66.72357
1.309838 0.2865464 0.7772159 25.95173 246.0243 -51.95258
0.7131582 0.09636084 0.4778995 50.75325 246.0243 -64.63197
0.7400136 0.3732163 -0.06165135 82.09676 246.0243 -73.25792
0.8154531 0.4222886 -0.06165135 54.29524 246.0243 -68.32662
0.8943106 0.3475815 -0.06165135 27.16547 246.0243 -75.71593
0.7348867 0.3446518 -0.06165135 14.55478 246.0243 -78.07471
0.5730215 0.3163315 -0.06165135 3.394473 246.0243 -76.60143
0.6784902 0.2775132 -0.06165135 -11.37652 246.0243 -74.97548
0.6472402 0.2540757 -0.06165135 -19.91087 246.0243 -74.60907
0.7011953 0.2159897 -0.06165135 -21.94904 246.0243 -73.48693
0.759789 0.2169663 -0.06165135 -19.804 246.0243 -75.22739
0.8803946 0.2155015 0.1448916 -15.65133 246.0243 -77.88387
0.9284903 0.2247788 0.3006533 -11.57499 246.0243 -81.41059
1.071557 0.2089097 0.4815616 -5.483389 246.0243 -86.6167
1.201195 0.2223374 0.671503 -4.025374 246.0243 -89.84571
1.331566 0.1859604 0.7515811 4.470809 246.0243 -97.60143
1.414574 0.2277085 0.7806338 9.165465 246.0243 -103.777
1.395775 0.1940171 0.8292178 14.95173 246.0243 -110.9678
1.427758 0.1368882 0.7694034 19.61585 246.0243 -118.2732
1.373803 0.05973974 0.6495303 19.86012 246.0243 -123.3572
1.267357 -0.03059229 0.468378 17.76089 246.0243 -125.2579
1.035424 -0.2154068 0.2252139 14.72272 246.0243 -120.5022
-0.4067149 0.2423569 1.028437 5.615847 8.07771 -11.47166
-0.4198985 0.1952378 0.9901065 5.486076 0.8258014 -12.38006
-0.4235606 0.1862046 0.9678897 3.417374 0.4441218 -11.49457
-0.4330821 0.1803452 0.9554385 2.249435 -0.9070232 -10.23502
-0.4369883 0.1669175 0.9505557 0.6616488 -1.502443 -9.135787
-0.4523692 0.1815659 0.949335 -0.8192672 -3.426107 -7.189221
-0.4601817 0.18181 0.9376163 -2.819267 -5.242901 -5.525099
