0.869583 -0.36398 0.6083086 -17.80573 -6.533618 36.34081
0.8703155 -0.3476226 0.6188066 -18.1645 -6.816061 37.01257
0.8800811 -0.3229644 0.607332 -19.47748 -7.426748 38.14997
0.8832549 -0.3110015 0.6170976 -20.46221 -7.754992 38.73775
0.8839873 -0.2936675 0.6190507 -21.10344 -7.984 39.18814
0.8942412 -0.2746245 0.635164 -21.72939 -8.006901 39.38661
0.8979033 -0.2609527 0.6395586 -22.31717 -7.976367 39.51638
0.8981475 -0.2419097 0.6456621 -22.73702 -8.213007 39.31027
0.9105987 -0.2362944 0.6481035 -23.34771 -8.70919 39.25684
0.9140166 -0.2287261 0.6437089 -24.28664 -8.442015 39.066
0.9127959 -0.2128569 0.6522539 -24.49275 -8.045069 38.49348
0.9159698 -0.2018706 0.6720293 -24.65305 -7.869496 37.63852
0.9123076 -0.1923491 0.6769121 -24.43931 -7.800794 36.72249
0.9159698 -0.1872222 0.6759355 -24.14924 -7.380947 35.59272
0.9110869 -0.178189 0.6832597 -23.48512 -6.938199 34.66142
0.9191436 -0.1676909 0.6957109 -22.94313 -6.442015 33.64615
0.9179229 -0.1664702 0.7076738 -21.99656 -5.892397 32.29501
0.9167022 -0.1549956 0.71158 -20.98893 -5.319878 30.71486
0.9242705 -0.1552397 0.7130449 -19.40878 -4.220641 29.21867
0.9159698 -0.1425444 0.7074296 -17.71412 -3.648122 27.39425
0.9206084 -0.1420562 0.7152421 -16.30954 -2.984 25.40188
0.9208526 -0.140103 0.7215898 -14.72176 -1.87713 23.84463
0.9218291 -0.1347319 0.720125 -12.75992 -0.9458321 21.67669
0.921585 -0.1264312 0.7135332 -10.89733 -0.09087014 19.41714
0.9159698 -0.1288726 0.7091386 -8.683588 0.3289771 17.31791
0.9274444 -0.1220366 0.7120683 -6.83626 1.336611 14.9515
0.9225616 -0.1252105 0.6876543 -4.798092 1.741191 12.98966
0.9235381 -0.1298491 0.6905839 -2.874428 2.550351 10.94386
0.9291533 -0.1315581 0.6844804 -0.9889317 3.12287 8.401877
0.9296416 -0.1298491 0.6883867 1.095038 3.603786 6.203404
0.9176787 -0.1437651 0.6744707 3.171374 4.016 4.088902
0.9201201 -0.1549956 0.6600664 5.148473 4.771725 1.890427
0.9188994 -0.1606108 0.6517656 6.522519 5.061801 -0.1172066
0.9125518 -0.1669585 0.6449296 8.308779 5.298443 -1.735527
0.9052276 -0.1769683 0.6317461 10.07977 5.664855 -3.788961
0.9018096 -0.1960112 0.624666 11.16374 5.390046 -5.147741
0.9081573 -0.2079741 0.6224687 12.19427 5.458748 -6.697359
0.8991241 -0.2333647 0.607332 12.9729 5.580885 -7.735527
0.8908233 -0.2465483 0.6034257 13.70572 5.260275 -8.598122
0.8908233 -0.2677886 0.593416 14.25534 5.222107 -9.239344
0.8788604 -0.2819488 0.5765703 14.58359 4.428214 -9.582855
0.8744658 -0.3117339 0.5631425 14.76679 3.703023 -9.361481
0.8769073 -0.3302886 0.563875 14.68283 2.649588 -9.201176
0.8681182 -0.3490874 0.5475175 14.51488 2.054168 -8.399649
0.8629912 -0.3715484 0.5460527 14.26298 0.8404274 -7.178274
0.8593291 -0.3874175 0.5345781 13.95763 -0.7855268 -6.170641
0.8566436 -0.4130523 0.5248125 13.71336 -2.342779 -4.42255
0.8554229 -0.4286773 0.5231035 13.07214 -3.953466 -2.330946
0.862503 -0.4360015 0.5143144 12.21718 -5.556519 -0.2469769
0.8617705 -0.4452788 0.5116289 10.8355 -7.319878 2.127069
0.8559112 -0.4567534 0.5143144 9.316412 -9.342779 4.905695
0.8593291 -0.4550445 0.5145586 7.698091 -11.41912 7.87516
0.8649444 -0.4477202 0.5243242 5.698091 -13.02217 10.62325
0.8644561 -0.4508941 0.525789 2.682825 -14.90003 13.47821
0.87471 -0.4338042 0.5348222 -0.9965649 -16.29698 16.58508
0.8810576 -0.412564 0.5489824 -6.301908 -18.15194 19.92859
0.8822783 -0.3937652 0.5594804 -13.78282 -19.42675 23.28737
0.885208 -0.383023 0.5541093 -21.9355 -21.0069 26.39425
0.8891143 -0.3630034 0.5653398 -31.86679 -22.20537 29.77592
0.8830108 -0.3429839 0.5663164 -43.17214 -23.15957 32.91333
0.8871612 -0.337857 0.5799882 -53.59199 -24.50308 35.73775
0.869583 -0.3527495 0.5716875 -61.21794 -25.56415 38.35608
0.8839873 -0.3644683 0.5946367 -66.10343 -26.65576 40.47821
0.9220733 -0.2956206 0.907625 2.499618 -38.22064 -35.59049
0.9516143 -0.2585113 1.006014 -5.340076 -31.38858 -21.54469
0.9518584 -0.2726714 1.011385 -9.34771 -28.80079 -20.8195
0.9608916 -0.2099272 0.9759844 -7.691222 -26.62522 -19.74316
0.9174346 -0.2409331 1.044344 -15.22557 -25.30461 -18.94163
0.9408721 -0.2450835 1.063631 -12.59962 -22.48018 -17.8195
0.949417 -0.2756011 1.062654 -11.55382 -17.08324 -15.8195
0.9711455 -0.2602202 1.030184 -7.248474 -15.77026 -14.19354
0.9579619 -0.1989409 1.059969 -8.088168 -12.9611 -13.72026
0.9601592 -0.2089507 1.051912 -15.50801 -8.419115 -11.26988
0.987503 -0.2069976 1.058748 -10.08053 -6.464916 -10.88056
0.9784698 -0.1535308 1.052644 -12.40114 -1.464916 -11.26224
0.9774932 -0.1376616 1.052156 -16.41641 2.741191 -8.979801
0.9779815 -0.124478 1.068758 -21.66069 7.183939 -7.414915
0.966751 -0.1047026 1.06534 -27.21794 13.12287 -5.99507
0.947708 -0.1171538 1.03409 -30.99656 17.28317 -4.163008
0.9328155 -0.1068999 1.032381 -34.97366 22.16104 -3.040871
0.9284209 -0.09640186 0.9786699 -43.97367 38.42822 1.241573
0.9303741 -0.09689014 0.9481524 -46.08817 43.03127 2.142336
0.9450225 -0.1010405 0.9032305 -48.10344 47.37478 3.165237
0.9408721 -0.1066558 0.8741777 -49.53092 50.88623 4.890427
0.9464873 -0.124478 0.8473223 -57.66069 55.26028 8.569817
0.9704131 -0.1425444 0.8060625 -55.66069 55.45875 11.11944
0.963333 -0.1117827 0.789705 -58.27137 58.43585 12.05837
0.954544 -0.1403472 0.7672441 -57.99657 59.19921 14.70722
0.9479522 -0.1264312 0.7723711 -55.61489 60.18394 15.52402
0.9308623 -0.1264312 0.7489336 -53.33244 60.86333 16.66142
0.9206084 -0.1269194 0.7416093 -51.76756 60.97783 18.32554
0.9186553 -0.1264312 0.7355058 -49.61489 60.54272 19.33318
0.919876 -0.1222808 0.7232988 -46.24084 60.1534 20.42478
0.9213408 -0.1200835 0.7159746 -42.89733 59.54272 20.96676
0.9501494 -0.1237456 0.7196367 -38.98893 58.64196 21.56218
0.9247588 -0.1117827 0.7159746 -35.50801 59.9931 22.14997
0.9289092 -0.09127491 0.701082 -29.0958 58.9702 20.98966
0.9257354 -0.07076709 0.6918046 -26.78282 57.20684 20.68432
0.9228057 -0.08077686 0.6925371 -26.1187 56.1076 21.89806
0.909378 -0.06246631 0.6905839 -23.10344 54.77936 21.27974
0.8935088 -0.06271045 0.6974199 -20.22557 53.41295 20.74539
0.8900908 -0.05904834 0.6881425 -14.13397 52.39768 19.25684
0.8983916 -0.05074756 0.6876543 -6.85916 51.26028 17.27211
0.9054717 -0.04684131 0.67325 0.339313 49.19921 15.82936
0.9030303 -0.02950732 0.6886308 5.957633 47.56562 14.21867
0.9074248 -0.01656787 0.7069414 7.583588 47.38241 13.37898
0.8991241 -0.003628418 0.7181718 9.71336 46.69539 12.56982
0.8917998 -0.003384277 0.7274492 10.24771 47.20684 12.17287
0.8795928 0.009311035 0.7269609 11.70572 46.39768 11.05837
0.8798369 0.01224072 0.7457597 13.77443 45.56562 10.19577
0.8727569 0.01346143 0.7423418 14.80496 45.74883 9.890428
0.8791045 0.02908643 0.7533281 17.30115 45.00837 8.630885
0.9037627 0.02859814 0.7545488 20.35458 43.60379 8.088901
0.9518584 0.06131299 0.7789629 21.80496 43.36715 6.241572
0.9735869 0.06912549 0.7738359 21.20191 44.63432 6.806458
0.9582061 0.07864697 0.7557695 21.59886 43.59615 6.386611
0.93721 0.1057466 0.7503984 20.36985 41.06944 5.791191
0.9247588 0.1138032 0.7728593 21.03397 40.16867 4.76829
0.9308623 0.1384614 0.7870195 23.18664 39.51982 3.165237
0.9284209 0.1335786 0.7845781 23.21718 39.26791 2.241573
0.9462432 0.1462739 0.7667558 25.69046 38.20684 0.02019882
0.9560088 0.1465181 0.7743242 25.78969 37.90913 -1.216442
0.9638213 0.165561 0.7599199 23.72863 37.68012 -2.323313
0.9691924 0.16727 0.7460039 24.51488 36.03127 -4.040871
0.9940948 0.201938 0.7418535 18.50725 35.19157 -4.460718
1.024124 0.2046235 0.7320879 13.77443 34.24501 -5.628656
1.044876 0.2126802 0.7320879 6.972901 32.9702 -6.117207
1.047806 0.2075532 0.7359941 2.957633 31.25264 -7.010336
1.056595 0.2165864 0.7511308 3.690458 29.19157 -10.17064
1.066849 0.2236665 0.777498 4.54542 28.31371 -13.26224
1.06514 0.2212251 0.7857988 5.293511 27.87096 -16.36912
1.06221 0.2222017 0.7940996 5.072137 26.54272 -19.33858
1.07637 0.2253755 0.8114336 4.217175 25.38241 -22.10957
1.079788 0.2270845 0.8209551 2.392748 26.11524 -24.0027
1.074173 0.212436 0.8290117 2.537786 25.50455 -27.23171
1.071243 0.2046235 0.8395098 5.255343 24.67249 -30.32331
1.074173 0.1999849 0.8351152 8.324045 23.88623 -33.8882
1.082474 0.1919282 0.834627 10.53779 23.07707 -37.14011
1.086136 0.1792329 0.826082 13.31641 22.35188 -40.57522
1.092239 0.1645845 0.8331621 14.8584 21.51218 -43.26225
1.098831 0.1389497 0.8297441 14.19427 20.97783 -45.16301
1.108841 0.1218599 0.8378008 12.43855 20.28317 -46.36912
1.100296 0.09427197 0.8380449 11.82023 19.48928 -47.60576
1.105423 0.06399853 0.8319414 12.8355 18.69539 -49.21645
1.111526 0.04690869 0.8326738 14.57595 18.09233 -50.75843
1.125687 0.02322705 0.8295 16.94237 17.07707 -51.99507
1.119827 -0.003628418 0.8216875 18.95 15.9473 -53.26225
1.120315 -0.02120654 0.8229082 18.98817 15.24501 -53.15537
1.116409 -0.03023975 0.8168047 19.07977 14.34424 -53.7966
1.147659 -0.05489795 0.8258379 20.82023 13.36715 -54.09431
