1.030716 -0.1828276 0.7525957 -9.15687 10.48165 23.60798
1.021927 -0.1825835 0.7438066 -9.614885 10.26027 24.14234
1.023147 -0.1774565 0.7455156 -9.599619 10.47402 24.55455
1.019485 -0.1728179 0.7394121 -9.813359 10.71829 25.11943
1.026077 -0.17648 0.7389238 -9.729389 10.82516 25.63089
1.029983 -0.1733062 0.7237871 -9.591985 10.65722 26.14234
1.02681 -0.1672026 0.7308671 -9.729389 10.89386 26.71486
1.025589 -0.1635405 0.7235429 -10.1416 11.1305 27.05073
1.019485 -0.1610991 0.7203691 -10.79809 11.17631 27.24921
1.027298 -0.1542632 0.7279375 -11.24084 11.07707 27.63852
1.028519 -0.1432769 0.7171953 -11.79046 11.31371 28.10417
1.031204 -0.1564605 0.7091386 -11.53855 10.87096 28.17287
1.024856 -0.154019 0.697664 -9.355344 10.58088 27.9744
1.027542 -0.1496245 0.7074296 -8.508016 9.962564 28.1805
1.029739 -0.1339995 0.7076738 -7.248474 9.542717 27.88279
1.039505 -0.1393706 0.7110918 -6.195038 9.466381 27.31791
1.049271 -0.1393706 0.7091386 -6.149237 9.283176 27.71486
1.061233 -0.1454741 0.7059648 -5.446947 8.764091 27.40188
1.074905 -0.1305815 0.701082 -4.492748 6.863328 26.96676
1.094437 -0.1183745 0.718416 -4.851527 6.641954 26.70722
1.104446 -0.117398 0.7179277 -6.05 6.382412 26.11943
1.107376 -0.1215483 0.7176836 -6.362977 5.962565 25.2034
1.110306 -0.1142241 0.7232988 -7.775191 5.214473 24.60798
1.114456 -0.1200835 0.7193925 -8.958397 4.748825 23.91333
1.122513 -0.1186187 0.7240312 -9.729389 3.802259 23.0889
1.118118 -0.1115386 0.7259843 -11.03473 2.870962 22.11943
1.121536 -0.1064116 0.7318437 -11.71412 2.443481 20.59272
1.11055 -0.09835499 0.7399004 -12.04237 1.886229 19.48585
1.108841 -0.0954253 0.7589433 -13.44695 1.687756 18.38661
1.096878 -0.08419483 0.7608964 -15.50038 1.466382 17.48585
1.082718 -0.09518116 0.7579668 -17.10344 1.359511 16.11943
1.073929 -0.09298389 0.7704179 -18.42405 1.52745 15.0431
1.058548 -0.09298389 0.7684648 -19.21794 1.405313 13.98203
1.057571 -0.09713428 0.7760332 -19.67595 1.359511 12.82936
1.045853 -0.09273975 0.7699296 -19.27137 1.481649 11.50111
1.030228 -0.09640186 0.7804277 -18.61489 1.603786 10.35608
1.021194 -0.0942046 0.7804277 -17.85153 1.63432 9.401877
1.015335 -0.09273975 0.7872636 -17.34771 2.077069 8.554549
1.024368 -0.0942046 0.7818925 -17.10344 2.412947 7.707221
1.011917 -0.09103077 0.7975175 -16.69122 2.733557 6.920961
1.009476 -0.096646 0.8067949 -16.19504 3.077069 6.233939
1.007522 -0.09884327 0.7970293 -15.47748 3.512183 5.562183
1.009476 -0.1022612 0.8065508 -14.50038 4.12287 4.730122
1.004104 -0.1083647 0.7899492 -13.1187 4.817527 3.68432
0.9999541 -0.1110503 0.7904375 -12.50802 5.161038 2.753023
1.003128 -0.1188628 0.7879961 -11.26374 5.527451 2.25684
0.9972686 -0.1215483 0.7821367 -10.43931 6.428214 1.630886
0.9928741 -0.1308257 0.782625 -9.691221 6.764092 0.7759228
0.9950713 -0.138394 0.780916 -8.805725 7.245008 0.5011139
0.9965362 -0.1391265 0.7662675 -8.370611 7.321344 -0.01796913
0.9931182 -0.1442534 0.7643144 -8.286641 7.893862 -0.1630077
0.9967803 -0.1523101 0.7638261 -7.530916 8.107603 -0.1172066
0.9833526 -0.1586577 0.7650468 -6.904962 8.275541 -0.4149151
0.9767608 -0.1606108 0.7657793 -5.935496 8.451115 -0.132473
0.9762725 -0.1652495 0.7586992 -5.614886 8.550352 -0.02560234
0.9696807 -0.1698882 0.760164 -4.904962 8.374779 0.2339382
0.96846 -0.169644 0.7555254 -4.607252 8.535084 0.6079845
0.9621123 -0.1723296 0.758455 -3.64542 8.504549 1.127069
0.966751 -0.1674468 0.7503984 -2.843893 8.260275 1.44768
0.9579619 -0.1684233 0.7474687 -1.714122 7.855694 1.989664
0.954544 -0.1698882 0.7484453 -1.279008 7.756458 2.707222
0.9594268 -0.1789214 0.7616289 -0.7064886 7.374778 3.233938
0.956253 -0.1686675 0.7391679 -0.2179389 6.9931 4.104168
0.9645537 -0.173062 0.7406328 -0.2484736 6.512184 5.066
0.9669951 -0.1706206 0.7455156 -0.2942748 5.741191 5.859893
0.9767608 -0.1728179 0.7413652 -1.088168 5.374779 6.898061
0.9774932 -0.1664702 0.7452714 -2.309542 4.519817 7.844626
0.9860381 -0.1693999 0.74283 -2.553817 4.390046 8.745389
0.9967803 -0.1657378 0.7379472 -2.927863 3.832794 9.386611
0.9977569 -0.1444976 0.7650468 -11.31718 -3.304611 19.43241
1.013382 -0.1410796 0.7831132 -12.67595 -3.732091 20.93623
1.007767 -0.1408355 0.7806718 -12.23321 -4.029801 21.22631
1.010696 -0.1447417 0.7796953 -12.0271 -3.785527 21.52402
1.012894 -0.1342437 0.782625 -12.04237 -3.785527 21.91333
1.016312 -0.1403472 0.7911699 -11.85916 -4.083237 22.38661
1.015335 -0.1376616 0.7919023 -12.37824 -3.854229 22.88279
1.009231 -0.1247222 0.7894609 -12.53092 -3.976367 23.21104
1.018753 -0.1288726 0.7980058 -12.82099 -3.87713 23.51638
1.022903 -0.1247222 0.7838457 -12.89733 -3.984 24.18814
1.02388 -0.1276519 0.79825 -12.83626 -3.915298 24.55455
1.020218 -0.1239897 0.8002031 -12.72939 -3.525985 24.80646
1.024856 -0.1176421 0.8021563 -12.82863 -3.525985 25.05837
1.021683 -0.1195952 0.8031328 -12.99656 -3.442015 25.91333
1.018021 -0.1210601 0.8185137 -13.13397 -3.136672 25.93623
1.020462 -0.110562 0.813875 -12.77519 -2.838962 25.95913
1.014358 -0.1152007 0.8185137 -12.19504 -2.602321 26.00493
1.021927 -0.1137358 0.8236406 -11.9584 -2.327512 25.82173
1.013382 -0.1134917 0.815584 -11.27137 -2.06797 25.83699
1.011917 -0.1130034 0.8194902 -11.41641 -1.518351 25.50875
1.008499 -0.1078765 0.8141191 -11.15687 -1.518351 25.46295
1.011429 -0.1115386 0.8177813 -11.15687 -0.7931603 25.21104
1.013626 -0.1127593 0.8126543 -10.95076 -0.7549924 24.91333
1.006546 -0.1020171 0.8187578 -10.98893 -0.3580458 24.67669
1.018509 -0.1051909 0.8107012 -10.99656 0.4740152 24.17287
1.007278 -0.1076323 0.8148516 -10.90496 0.8098931 23.88279
1.001663 -0.1127593 0.8177813 -10.92786 1.199206 23.53928
1.000442 -0.1037261 0.8131426 -10.96603 1.374779 23.39425
1.005813 -0.1103179 0.8141191 -11.0729 1.764091 23.066
1.006058 -0.1022612 0.812166 -10.57672 2.191573 22.44768
0.9999541 -0.1029937 0.8065508 -9.973664 2.527451 22.1118
0.9926299 -0.1081206 0.8141191 -9.485115 2.527451 22.08127
0.9921416 -0.1012847 0.8126543 -9.065268 2.71829 21.48585
0.985794 -0.1015288 0.810457 -8.668321 3.260275 21.09653
0.9897002 -0.1007964 0.8087481 -8.378244 3.275542 20.81409
0.9916533 -0.1005522 0.8109453 -8.378244 3.634321 20.56982
0.9909209 -0.09811085 0.8024004 -8.653053 3.557985 20.42478
0.9923858 -0.09981983 0.8102129 -9.080534 3.710657 20.39425
0.9940948 -0.09347218 0.8067949 -9.210305 4.12287 20.08127
0.994583 -0.1020171 0.8133867 -9.385878 3.832794 19.75302
0.9967803 -0.09493702 0.8043535 -9.103436 4.321343 19.56218
1.003616 -0.1059233 0.7962968 -8.813359 4.336611 19.50875
1.005813 -0.1012847 0.8050859 -8.614885 4.20684 19.07363
0.9967803 -0.1007964 0.7933671 -8.164504 4.092336 18.83699
1.004593 -0.101773 0.7933671 -7.744657 4.267909 18.47821
0.9940948 -0.101773 0.7867754 -7.637786 3.90913 18.44005
0.9958037 -0.100064 0.7921464 -7.843893 4.367145 17.94386
0.9955596 -0.1049468 0.7804277 -7.805725 4.183939 17.95913
0.9967803 -0.100064 0.7850664 -7.882061 4.191573 17.72249
0.9967803 -0.09859913 0.7850664 -8.126336 4.298443 17.66905
0.9887237 -0.1020171 0.7767656 -8.286641 4.016 17.55455
0.9813994 -0.1093413 0.7743242 -8.401145 3.932031 17.61562
0.9870147 -0.1039702 0.7796953 -8.485115 3.962565 17.76829
0.9801787 -0.112271 0.7735918 -7.782825 3.672489 17.9744
0.9901885 -0.115689 0.7782304 -7.271374 3.382412 18.20341
0.9860381 -0.1154448 0.7784746 -7.111069 3.12287 18.38661
0.9882354 -0.112271 0.7782304 -7.317176 3.008367 18.9973
0.9923858 -0.1178862 0.7726152 -7.088168 2.603786 19.45531
0.9950713 -0.1144683 0.7767656 -7.355344 2.489283 19.43241
1.003616 -0.1134917 0.7735918 -7.698855 2.115237 20.14234
1.004104 -0.1178862 0.7760332 -8.164504 1.901496 20.49348
1.004593 -0.115689 0.7833574 -8.424046 1.893863 20.82936
1.004593 -0.1159331 0.7867754 -9.149237 1.344244 21.50875
1.007278 -0.1115386 0.7796953 -9.210305 1.405313 21.73775
1.007522 -0.1086089 0.7850664 -9.340076 1.588519 21.86753
0.994583 -0.1066558 0.7860429 -10.03473 1.306076 22.17287
0.9987334 -0.1047026 0.7901933 -10.85916 1.298443 22.46295
1.000442 -0.1083647 0.7960527 -10.85153 1.168672 22.92859
0.9967803 -0.1068999 0.791414 -10.05763 1.512183 22.61562
0.994583 -0.1034819 0.7828691 -9.561451 1.336611 22.72249
1.001663 -0.1054351 0.7943437 -9.248473 1.145771 22.67669
0.9936065 -0.1051909 0.7970293 -8.988932 1.405313 22.92096
0.9958037 -0.1029937 0.8038652 -9.401145 1.626687 22.61562
0.9882354 -0.09396046 0.7945879 -9.34771 1.687756 22.90569
0.9977569 -0.09103077 0.7972734 -9.805725 1.840427 22.68432
0.9994658 -0.100064 0.8058184 -10.1874 2.328977 22.84463
0.9926299 -0.09859913 0.8102129 -10.05763 2.489283 22.86753
0.9938506 -0.09713428 0.7987382 -9.767557 2.344244 22.92096
0.9855498 -0.09957569 0.7994707 -9.233206 2.664855 22.78356
0.9940948 -0.1034819 0.8014238 -9.133969 2.680122 22.76066
0.9870147 -0.100064 0.8067949 -8.866794 3.229741 22.56982
