0.8396231 -1.320631 0.4205264 -95.26965 -202.6933 208.3833
0.8596426 -1.305251 0.3533877 -99.83453 -207.5406 223.0398
0.9018789 -1.305495 0.3524112 -106.0101 -215.2353 226.9253
0.8979727 -1.319899 0.3865908 -108.2238 -220.4337 233.826
0.9201895 -1.239088 0.3970889 -114.0254 -226.4261 244.368
0.9240957 -1.269118 0.3609561 -118.4758 -232.0368 251.6963
0.9380117 -1.326002 0.412958 -121.8651 -241.2963 251.6963
0.9099356 -1.335768 0.4959659 -120.346 -246.9376 251.6963
1.026391 -1.31111 0.5296573 -121.1857 -253.0444 251.6963
1.006371 -1.393874 0.5550479 -122.5597 -254.2429 251.6963
1.054467 -1.396803 0.6180362 -120.9796 -254.2429 251.6963
1.085473 -1.366286 0.688837 -121.5216 -254.2429 251.6963
1.143334 -1.385085 0.7413272 -119.6513 -254.2429 251.6963
1.117211 -1.404128 0.8082217 -115.262 -254.2429 251.6963
1.228295 -1.318434 0.8228702 -115.178 -254.2429 251.6963
1.285668 -1.448561 1.189813 -102.4987 -254.2429 251.6963
1.330834 -1.482985 1.162226 -101.6819 -254.2429 251.6963
1.312279 -1.399733 1.312128 -107.1246 -254.2429 251.6963
1.36892 -1.616286 1.436151 -92.62843 -254.2429 251.6963
1.504906 -1.59944 1.395868 -85.6208 -251.9757 251.6963
1.462182 -1.578932 1.580439 -81.25438 -243.9986 251.6963
1.42849 -1.645827 1.684198 -74.49866 -247.2582 251.6963
1.478295 -1.68196 1.628534 -62.14751 -240.4032 251.6963
1.484154 -1.703688 1.75622 -47.13988 -247.1971 251.6963
1.538598 -1.643874 1.746698 -31.32308 -245.9376 251.6963
1.578148 -1.595778 1.722773 -15.94141 -241.9834 251.6963
1.632104 -1.537917 1.712274 -1.811634 -236.1055 251.6963
1.659936 -1.488844 1.709101 15.25707 -230.8307 251.6963
1.712182 -1.367506 1.699091 29.47081 -223.8994 251.6963
1.747582 -1.278639 1.698114 48.32577 -218.8918 251.6963
1.777855 -1.177077 1.695673 67.42501 -211.7696 251.6963
1.834252 -1.068434 1.679071 91.2189 -200.846 251.6963
1.83474 -0.9219498 1.661981 118.5471 -192.6704 251.6963
1.873803 -0.6980728 1.67663 141.8754 -181.5177 251.6963
1.815209 -0.660231 1.665399 175.0586 -175.7238 251.6963
1.9114 -0.4580825 1.611689 188.7914 -159.9299 251.6963
1.886498 -0.3374771 1.621698 197.1426 -152.8078 251.6963
1.923119 -0.2000259 1.557489 204.9135 -141.1742 251.6963
1.79934 -0.1453384 1.542597 212.1426 -139.3498 251.6963
1.820092 -0.1646255 1.405146 234.3792 -114.9834 251.6963
1.923607 0.1337143 1.366815 251.7533 -110.3727 251.6963
1.829369 0.4030015 1.535273 251.7533 -100.9147 251.6963
1.644799 0.6464096 1.464472 241.7685 -93.49481 251.6963
1.669701 0.6263901 1.361688 251.5853 -95.51008 251.6963
1.596703 0.6634995 1.28161 251.7533 -90.37267 251.6963
1.658715 2.163683 1.210077 251.7533 -82.76962 251.6963
1.524438 1.370775 1.021601 223.0968 -58.41847 251.6963
1.462914 1.143724 1.074091 217.425 -47.83068 251.6963
1.378686 1.368333 1.023798 202.5777 -40.47191 251.6963
1.291283 1.412523 1.00329 198.5853 -40.27343 251.6963
1.237816 1.588548 0.8575381 181.3639 -34.73908 251.6963
1.156273 1.723558 0.7393741 175.0891 -38.44901 251.6963
1.010766 1.850999 0.8223819 144.7914 -34.85359 251.6963
0.914086 1.818285 0.8189639 117.1044 -24.3345 251.6963
0.8489004 1.885912 0.8350772 96.967 -25.16656 251.6963
0.7671133 1.972581 0.7996768 73.07386 -24.63985 251.6963
0.8135 2.025316 0.7767276 48.30287 -24.02916 251.6963
0.6823965 2.116869 0.8245791 32.91356 -27.87649 251.6963
0.6606679 2.163683 0.8355655 15.84486 -27.88412 251.6963
0.5647207 2.163683 0.8841495 3.70745 -29.68565 251.6963
0.546166 2.163683 0.9000186 -7.162779 -36.38031 251.6963
0.4922109 2.163683 0.9671573 -23.90324 -33.30397 234.0551
0.4070058 2.163683 1.022577 -27.10171 -29.1742 206.2459
0.3427969 2.163683 1.050653 -32.86507 -30.38031 180.9711
0.3086172 2.163683 1.032587 -35.38415 -28.99863 156.7344
0.2488027 2.163683 1.040644 -32.36125 -33.65511 132.8337
0.216332 2.163683 1.048212 -26.67423 -33.50244 109.9482
0.1701895 1.976976 1.032831 -18.7811 -33.80015 88.49017
0.1491934 1.908861 0.9932803 -16.24675 -33.80015 69.3375
0.1235586 1.720872 0.9507998 -16.14751 -35.97573 53.91765
0.07717187 1.508714 0.9183291 -14.81163 -37.18946 40.32223
0.03859766 1.381029 0.9576358 -14.99484 -40.2429 29.11612
0.02053125 1.263841 1.019159 -16.70476 -40.1055 21.25353
0.01686914 1.067308 1.032099 -21.13224 -37.23527 17.69627
0.01149805 0.9015366 1.010126 -23.76583 -38.06733 16.61994
0.0232168 0.7924057 0.9813174 -23.7353 -39.45664 19.4978
0.02809961 0.7325912 0.9930362 -24.92614 -39.04443 19.77261
0.03225 0.6705795 1.000116 -26.35362 -38.53298 17.46727
0.03517969 0.6310287 1.01745 -26.55972 -37.89939 18.90238
0.03029688 0.6207748 1.026728 -26.07881 -36.09786 19.50543
0.03859766 0.6232162 1.050409 -25.47576 -34.16656 19.81841
0.03469141 0.6337143 1.041864 -24.50629 -32.18946 19.87185
1.886254 -0.7805923 1.747431 147.5395 -247.6551 251.6963
1.861352 -0.2010025 1.545771 181.5395 -185.9452 251.6963
1.95559 -0.2234634 1.524774 241.3945 -174.3727 251.6963
2.013451 0.3351304 1.464716 251.7533 -144.7849 251.6963
1.881127 0.4850327 1.486933 227.2647 -141.8841 251.6963
1.775902 0.5607162 1.482782 186.112 -129.3498 251.6963
1.818871 0.6405502 1.371454 144.2571 -127.8765 251.6963
1.830346 0.5197006 1.329462 135.2952 -116.9376 251.6963
1.790551 0.7291733 1.286981 147.6922 -105.6398 251.6963
1.830834 0.5926987 1.210565 193.3105 -103.5101 251.6963
1.749291 2.163683 1.481317 152.7456 -103.3116 251.6963
1.43142 1.592943 1.295038 128.5395 -95.67039 251.6963
1.674828 1.632982 1.260126 125.8678 -87.68565 251.6963
1.543725 1.86931 1.341669 118.9059 -86.76199 251.6963
1.400658 1.982835 1.470819 109.654 -78.47955 251.6963
1.272484 2.163683 1.380243 121.9823 -72.63222 251.6963
1.259789 2.163683 1.365106 110.0128 -61.47191 251.6963
1.039818 2.163683 1.496454 97.22653 -53.79252 251.6963
0.9372793 2.163683 1.427118 82.52425 -40.47191 251.6963
0.7466054 2.163683 1.360468 72.18073 -37.54824 251.6963
0.6616445 2.163683 1.286981 62.44028 -36.25817 241.1619
0.6638418 2.163683 1.216669 47.84486 -19.57114 216.7573
0.5473867 2.163683 1.154413 31.30287 -2.487176 171.2612
0.1701895 2.163683 1.241327 14.76852 -25.2429 180.3833
0.1797109 2.163683 1.154169 -5.704763 -42.45664 172.1161
0.238793 2.163683 1.03039 -22.18568 -39.92229 150.4062
0.202416 2.163683 1.004755 -36.97957 -28.56351 121.6657
0.07619531 2.163683 1.046015 -48.26202 -32.39557 104.3299
0.04518946 2.163683 1.046259 -59.07881 -44.74672 97.65811
0.05715234 2.163683 1.04748 -67.57499 -48.44137 82.90238
0.09279688 2.093187 1.058466 -74.72766 -44.63985 63.23063
0.07058008 1.92888 1.147089 -77.52919 -43.80779 47.71918
0.06057031 1.812914 1.228144 -80.75056 -47.48717 37.91765
0.079125 1.71721 1.273554 -84.04064 -46.44137 26.65811
0.05349023 1.517259 1.29748 -85.33072 -42.96046 17.10085
0.0002675802 1.332689 1.276483 -82.72766 -42.3574 8.513068
-0.0212168 1.184984 1.265985 -76.9185 -42.62458 -1.112885
-0.01389258 1.097337 1.26745 -70.12461 -37.92229 -14.14342
-0.08518164 0.9542709 1.334589 -64.39178 -38.70092 -19.15869
-0.09641211 0.7833725 1.31994 -58.72766 -35.39557 -23.6396
-0.1410898 0.6371323 1.327021 -51.09407 -35.1284 -26.31899
-0.1491465 0.5382553 1.298944 -44.42232 -34.50244 -27.26556
-0.1723398 0.4554917 1.310663 -37.30018 -33.84595 -26.98311
-0.1769785 0.3937241 1.289911 -31.10171 -33.48717 -24.86861
-0.1862559 0.358812 1.258417 -26.39942 -33.16656 -22.03655
-0.1921152 0.3361069 1.254022 -22.7811 -33.91466 -18.30373
-0.1825937 0.339769 1.244257 -19.24675 -33.67802 -14.80754
-0.1679453 0.3705307 1.246942 -16.26201 -33.13603 -11.73884
-0.1540293 0.4198472 1.259882 -15.19331 -33.2658 -9.212122
-0.1437754 0.469896 1.269159 -15.16278 -31.99863 -6.013649
-0.1210703 0.5123764 1.286249 -14.58263 -30.31924 -3.662504
-0.09055273 0.584642 1.300897 -12.86507 -27.68565 -2.471664
-0.1237559 0.7003647 1.300897 -10.13988 -24.84595 -4.853343
-0.106666 0.8168198 1.289667 -5.254382 -27.0597 -10.53273
-0.04416601 0.947435 1.317499 -10.99484 -23.02153 -10.31899
-0.08713476 0.9904037 1.311884 -9.345984 -18.38031 -16.5709
-0.05588477 1.077318 1.268183 -7.048275 -17.92229 -21.03655
-0.04978125 1.15471 1.224237 -6.071176 -13.1284 -27.84571
-0.08762304 1.193773 1.159784 -6.819267 -12.73145 -32.548
-0.1076426 1.274339 1.129022 -11.48339 -9.32687 -35.89914
-0.09665625 1.413255 0.9957217 -13.46812 -9.616947 -41.73884
-0.1076426 1.586595 0.9246768 -20.99484 -10.25817 -47.69304
-0.0627207 1.733812 0.8402041 -30.57499 -9.281069 -53.73884
-0.04660742 1.81682 0.7772159 -37.39942 -8.586412 -60.00601
-0.01511328 1.694749 0.6595401 -24.42995 -7.334504 -73.18159
-0.2197031 1.949632 0.6563663 -17.98721 -20.81542 -84.37243
-0.1745371 2.163683 0.5943545 -23.07881 -27.68565 -94.94495
-0.1303477 2.163683 0.5164737 -34.43759 -29.76199 -109.8075
