-0.5085215 -0.109938 1.682733 48.18073 -0.8383207 -9.464031
-0.5038828 -0.111647 1.677606 51.66165 0.07770967 -11.27319
-0.4950938 -0.08454737 1.69494 54.15783 0.9250379 -13.6167
-0.4892344 -0.07478175 1.708856 55.32577 1.436488 -14.79991
-0.4872813 -0.0498794 1.724726 55.27234 2.161679 -14.73884
-0.4162364 0.030687 1.780634 47.82196 7.734199 -15.46403
-0.394752 0.04557958 1.792353 43.38684 10.55099 -16.31136
-0.3898692 0.06657568 1.815546 38.77615 13.26855 -16.51747
-0.3835215 0.07487646 1.840204 31.87539 15.84107 -17.27319
-0.3671641 0.08806005 1.839472 27.69218 17.8716 -16.96021
-0.3451914 0.09025732 1.876337 23.29524 22.15405 -19.3877
-0.375709 0.09587255 1.901483 17.1273 23.21511 -19.63197
-0.3105235 0.1188218 1.966669 11.40211 24.53572 -17.73884
-0.2533946 0.08342138 1.970331 8.341039 29.38305 -20.34953
-0.3002696 0.05656591 2.013056 5.951725 36.25328 -24.76937
-0.2702403 0.1039292 2.065546 2.211267 37.25328 -21.93731
-0.2045664 0.09587255 2.094355 0.6998168 38.32962 -22.21976
-0.1650156 0.1110093 2.118769 -1.29255 46.36779 -23.92968
-0.1139902 0.1107651 2.122919 -2.804 59.10061 -28.96021
-0.1359629 0.1849839 2.146357 -8.10171 70.31435 -31.4335
-0.1860117 0.2413804 2.231073 -17.05591 68.17694 -14.91441
-0.1332773 0.2096421 2.237665 -18.39942 67.90214 -4.76174
0.1091543 0.127855 2.207148 -19.05591 86.15405 -26.55563
-0.02219336 0.2145249 2.369257 -8.956672 84.59679 -42.30372
0.1518789 0.2252671 2.310419 -5.765832 83.17694 -46.70067
0.1882559 0.2609116 2.319696 -4.979573 91.34488 -52.06708
0.2002187 0.2782456 2.266718 -4.407053 95.15405 -63.40296
0.1526113 0.2826401 2.37536 -5.59026 102.2533 -70.71593
0.4060293 0.3331772 2.506952 -4.262015 130.9021 -84.55563
0.5891347 0.1517807 2.637812 -15.54446 145.6884 -89.92204
0.7524648 0.1508042 2.789423 -13.8498 168.5052 -92.05945
0.7610097 0.1837632 2.798944 -11.21621 186.467 -94.05945
0.849877 0.0997788 2.745478 -7.361252 198.7418 -100.7694
0.7265859 -0.003248543 2.836054 -7.643695 211.9174 -106.3648
0.8803946 0.06706396 2.794794 -7.605527 226.6121 -114.3495
0.8864981 0.04777685 2.829218 -0.8116337 236.0395 -99.5251
0.921166 0.07219091 2.918329 -7.964306 246.0243 -96.40296
1.03225 0.2250229 2.894892 -14.38415 246.0243 -97.28846
1.044457 0.2111069 2.761591 -23.90324 246.0243 -87.14342
1.142602 0.2074448 2.630243 -28.81927 246.0243 -87.44113
1.250756 0.2921616 2.559931 -35.35362 246.0243 -87.80754
1.32058 0.3402573 2.421259 -46.01011 246.0243 -88.01365
1.35891 0.3859116 2.356318 -52.51392 246.0243 -90.77701
1.452904 0.4437729 2.261835 -57.78873 246.0243 -92.92968
1.520775 0.5072495 2.157099 -63.65133 246.0243 -96.83807
1.663842 0.572435 1.990106 -65.81163 246.0243 -104.5709
1.716576 0.5902573 1.904413 -66.33072 246.0243 -111.0594
1.738549 0.5719467 1.83996 -64.76583 246.0243 -120.09
1.727563 0.5426498 1.735224 -66.79636 246.0243 -129.1892
1.741967 0.4740464 1.567499 -66.8498 246.0243 -135.6854
1.75515 0.3973862 1.379755 -65.30782 246.0243 -146.0595
1.828637 0.4581772 1.284296 -64.67422 246.0243 -156.403
1.857689 0.4396225 1.139765 -64.33835 246.0243 -168.403
1.756371 0.3253647 1.043085 -54.17804 246.0243 -183.4106
1.75515 0.2731186 0.8758487 -45.30782 246.0243 -196.0213
1.737816 0.2552964 0.6783389 -37.41468 246.0243 -202.9602
1.452904 0.2020737 0.7264346 -38.50629 246.0243 -179.9449
1.385522 0.07243505 0.1795596 -18.48339 246.0243 -186.1282
1.57766 0.1342026 -0.06165135 -37.6895 246.0243 -199.8533
1.384301 -0.004225105 -0.06165135 -56.39942 246.0243 -197.9602
1.472436 -0.02204737 -0.06165135 -72.46812 246.0243 -197.7312
1.466332 -0.1621841 -0.06165135 -83.15514 246.0243 -195.0824
1.452904 -0.3172134 -0.06165135 -98.86507 246.0243 -191.1969
1.465355 -0.4932388 -0.06165135 -112.804 246.0243 -177.5862
1.428734 -0.5652603 -0.06165135 -115.7582 246.0243 -166.6549
1.423607 -0.6052994 -0.01721776 -118.2773 246.0243 -158.8304
1.409691 -0.6131119 0.1024112 -121.5445 246.0243 -149.006
1.381615 -0.6726822 0.1861514 -122.2238 246.0243 -139.5633
1.376732 -0.6768326 0.2247256 -121.6437 246.0243 -130.0747
1.343529 -0.651442 0.2654971 -122.2315 246.0243 -120.4793
1.393334 -0.6553482 0.293085 -121.5521 246.0243 -110.9373
1.425805 -0.5801529 0.3116397 -115.346 246.0243 -105.5556
1.36599 -0.6033463 0.3157901 -108.1475 246.0243 -100.3266
1.422387 -0.5193619 0.2957705 -107.346 246.0243 -92.85334
1.371361 -0.5008072 0.2484072 -96.40705 246.0243 -91.92968
1.331078 -0.4929946 0.1739444 -81.12461 246.0243 -91.15868
1.263207 -0.5125259 0.1002139 -65.81163 246.0243 -85.50983
1.184838 -0.4893325 0.04284084 -49.72003 246.0243 -86.5938
1.111596 -0.4771255 -0.06165135 -35.6895 246.0243 -89.4564
1.087182 -0.6631607 -0.06165135 -17.97194 246.0243 -120.7465
1.03225 -0.2788833 -0.06165135 -10.56736 246.0243 -98.80754
1.014428 -0.4573501 -0.06165135 6.715084 246.0243 -112.1511
0.8313223 -0.4827407 -0.06165135 8.944092 246.0243 -115.5633
0.7099844 -0.5913834 -0.06165135 23.2647 246.0243 -117.4869
0.6465078 -0.5650162 -0.06165135 23.43264 246.0243 -118.4564
0.5664297 -0.582106 -0.06165135 28.95173 246.0243 -123.777
1.828148 -0.04548487 2.411005 18.89066 -102.2887 8.200091
0.2688222 -0.2268814 0.720087 14.29524 -229.5101 133.7879
0.6206289 -0.2205337 0.7300967 20.22654 -218.6933 131.3604
0.6509023 -0.1927017 0.6439151 13.1044 -218.0368 138.2306
0.5388418 -0.3889907 0.6475772 16.68455 -225.5101 144.2306
0.5234609 -0.436354 0.6617373 40.57005 -233.9681 135.452
0.6155019 -0.464186 0.6705264 41.02043 -237.7009 139.7192
0.7378164 -0.2774185 0.6998233 43.97463 -242.0673 147.7192
0.8108145 -0.2359146 0.6817569 50.70745 -247.3116 145.2459
0.7922597 -0.09748682 0.5897159 68.21127 -254.2429 136.2077
0.8547598 0.2819077 0.5862979 62.37157 -254.2429 144.8413
1.067895 0.3802964 0.8524112 59.02043 -254.2429 141.8871
1.265893 0.4183823 0.9759463 72.63875 -254.2429 138.8489
1.346459 0.438646 1.241815 76.2647 -254.2429 138.2535
1.396752 0.4911362 1.415399 76.34867 -254.2429 138.1085
1.527611 0.7340561 1.692743 65.49371 -213.4337 124.1314
1.382348 0.7399155 1.871698 29.40974 -199.1971 121.0016
1.208764 0.5121323 2.099482 12.38684 -203.6475 118.0016
1.086205 0.3514878 2.202997 14.63111 -200.6857 113.4062
1.168481 0.410814 2.291864 28.70745 -205.304 107.2383
1.154076 0.407396 2.330927 34.04333 -196.449 101.0245
0.9695059 0.3915268 2.504511 31.25707 -193.6628 98.91765
0.9045645 0.3976304 2.380243 34.62348 -166.7086 89.3375
0.735375 0.2113511 2.556269 51.82196 -150.6169 86.22299
0.6877676 0.27556 2.584589 54.69218 -128.6704 82.64284
0.5932851 0.3280503 2.447382 62.37921 -102.8383 77.4978
0.6040273 0.3827378 2.256464 57.37157 -77.95283 73.56651
0.3496328 0.3219468 2.25036 51.13493 -58.57114 74.83368
0.3039785 0.2860581 1.933954 49.60822 -42.65511 71.74208
0.224877 0.254564 1.693964 47.69982 -38.20473 72.18483
-0.1843027 0.3749253 1.599237 41.88302 -46.79252 69.3833
-0.2065195 0.3507554 1.265985 39.46318 -60.14366 79.10849
0.05739648 0.2743393 1.061884 46.20364 -57.80015 70.42147
0.02541406 0.3851792 0.859003 63.1273 -64.25817 64.71918
-0.04148046 0.4657456 0.8956241 58.16547 -62.22 61.78025
-0.1149668 0.5404526 0.8841495 51.1273 -67.05969 57.66574
-0.2062754 0.718187 0.9427432 41.73035 -83.18947 58.20773
0.02150781 0.8405014 0.5560245 15.99753 -75.46428 50.50544
-0.08591406 0.7467514 0.8633975 4.188366 -69.09023 42.39093
-0.005103514 0.7709213 0.8387393 -0.7581984 -82.42611 39.87185
-0.06442969 0.6359116 1.103388 -22.98721 -82.38031 41.91765
0.01638086 0.6901108 1.125116 -14.25438 -85.93756 32.6123
0.09401758 0.7645737 1.153681 -30.63606 -86.52534 33.00925
0.1059805 0.7753159 1.260126 -33.32308 -82.47191 26.06269
0.1035391 0.8038803 1.295526 -37.30782 -85.991 22.36803
0.1950918 0.8097397 1.378534 -43.85743 -82.27344 16.55124
0.2365957 0.8138901 1.515253 -48.24675 -81.54825 11.87185
0.2617422 0.8282944 1.63122 -53.63606 -76.70855 6.139023
0.2907949 0.8307358 1.676874 -58.7582 -70.86122 -0.8075419
0.34475 0.786058 1.743036 -65.25438 -60.25817 -7.540367
0.3550039 0.7472397 1.868524 -67.14751 -60.75435 -11.64724
0.4543691 0.5802475 1.924921 -73.39942 -53.57114 -14.68541
0.4768301 0.527269 1.970331 -73.98721 -42.48717 -22.29609
0.4687734 0.4862534 2.026972 -74.05591 -35.36504 -26.31136
0.4597402 0.4437729 2.092157 -74.8727 -27.97573 -31.4564
0.4607168 0.3426987 2.202021 -77.81927 -15.0597 -37.23502
0.3889394 0.1622788 2.2279 -78.23148 -3.227634 -37.14342
0.2763906 0.1114975 2.385859 -93.37652 5.711297 -36.16632
0.3081289 0.03288427 2.411982 -99.57499 17.12351 -36.31899
0.4155508 -0.1365493 2.46496 -91.39178 37.17695 -40.96785
0.3757558 -0.1870864 2.495234 -73.68186 52.55099 -43.15105
0.4065176 -0.2393325 2.448847 -52.56736 63.19221 -41.96021
0.3901601 -0.2615493 2.377558 -27.62843 80.88686 -43.44113
0.3659902 -0.214186 2.214228 -12.92614 96.90977 -46.44113
