1.73029 2.224976 2.204265 -112.3415 119.4165 -248.4563
1.919987 2.224976 1.877604 -123.9751 141.6226 -248.4563
2.122379 2.224976 1.593425 -125.3491 158.3554 -248.4563
2.256657 2.224976 1.374675 -140.6239 169.7982 -248.4563
2.278629 2.224976 1.215251 -145.6469 181.8669 -248.4563
2.289799 2.224976 1.059978 -145.7308 193.6989 -248.4563
2.289799 2.224976 0.8187666 -149.685 198.9279 -248.4563
2.289799 2.224976 0.7313643 -152.3186 204.4623 -248.4563
2.289799 2.075623 0.5961103 -163.2804 212.905 -248.4563
2.289799 1.865174 0.4672041 -171.769 217.3707 -248.4563
2.289799 1.701111 0.3763838 -184.8606 219.9127 -248.4563
2.289799 1.498963 0.2945967 -194.9217 223.157 -248.4563
2.289799 1.341248 0.230876 -204.8682 226.2791 -248.4563
2.289799 1.178895 0.1940107 -213.3949 229.3707 -248.4563
2.289799 1.05365 0.1759443 -218.9751 231.0959 -248.4563
2.289799 0.9362188 0.13029 -222.998 231.0959 -248.4563
2.289799 0.8192755 0.12321 -225.7232 231.0959 -248.4563
2.289799 0.7155157 0.08048534 -229.6469 231.0959 -248.4563
2.289799 0.6437384 0.06608105 -230.6163 231.0959 -248.4563
2.289799 0.5997931 0.02482128 -230.6163 231.0959 -248.4563
2.289799 0.5519415 -0.06013966 -230.6163 231.0959 -248.4563
2.289799 0.5123907 -0.2002764 -230.6163 231.0959 -248.4563
2.289799 0.4183966 -0.2605791 -230.6163 231.0959 -248.4563
2.289799 0.3539435 -0.2605791 -230.6163 231.0959 -248.4563
2.289799 0.4064337 -0.2605791 -230.6163 231.0959 -248.4563
2.289799 0.1925665 -0.2605791 -230.6163 231.0959 -248.4563
2.289799 0.08294739 -0.2605791 -230.6163 231.0959 -248.4563
2.289799 -0.5108027 -0.2605791 -230.6163 231.0959 -248.4563
2.289799 -0.3652948 -0.2605791 -230.6163 231.0959 -248.4563
2.289799 -0.9304804 -0.2605791 -230.6163 231.0959 -248.4563
2.289799 -1.46051 -0.2605791 -230.6163 231.0959 -248.4563
2.289799 -1.774963 -0.2605791 -230.6163 231.0959 -248.4563
1.729313 -1.774963 -0.2605791 -230.6163 231.0959 -248.4563
1.009831 -1.774963 -0.2605791 -230.6163 231.0959 -248.4563
0.5755044 -1.774963 -0.2605791 -230.6163 231.0959 -248.4563
-1.34222 -1.774963 -0.2605791 -175.9675 202.3096 -248.4563
-0.6998862 -1.774963 -0.2605791 -144.372 152.3936 -246.6318
-0.463314 -1.774963 -0.2605791 -53.42548 55.97374 -187.5479
-1.192562 -1.774963 -0.2605791 -3.501818 -23.06443 -125.7005
-1.71014 -1.774963 -0.2605791 -11.44838 -75.92702 -67.34177
-1.71014 -1.774963 -0.2605791 -20.76899 -108.5453 -26.49444
-1.71014 -1.774963 -0.2605791 -28.70792 -144.6904 14.81853
0.8225747 0.6842657 0.8136396 188.5592 -169.2018 251.8109
2.289799 1.983826 1.40861 171.9562 -197.9194 251.8109
2.050114 2.224976 1.671306 169.7501 -198.4308 251.8109
2.153141 2.224976 1.731364 183.1928 -188.4232 251.8109
2.073795 2.224976 1.735759 199.8035 -179.6293 251.8109
2.103092 2.224976 1.7028 206.7959 -177.0797 251.8109
2.075993 2.224976 1.827312 229.3684 -177.7285 251.8109
1.941959 2.224976 1.933757 241.4829 -173.843 251.8109
1.58942 2.224976 2.029948 259.1012 -178.6904 251.8109
2.056217 2.224976 2.372233 259.1776 -129.4156 251.8109
2.015934 2.224976 2.446452 265.1623 -115.1866 232.7498
1.857487 2.224976 2.560222 251.4982 -83.49191 209.4521
1.988102 2.224976 2.466716 213.231 -61.57588 186.704
2.017643 2.224976 2.546306 170.773 -42.50718 155.9025
2.013004 2.224976 2.535563 168.8035 -21.2858 113.414
2.06525 2.224976 2.572917 171.0554 9.989008 64.55136
2.040348 2.224976 2.784587 156.8722 41.20275 7.391053
2.013737 2.224976 2.77238 92.74246 65.63023 -52.45628
2.078434 2.224976 2.756267 16.67376 91.38596 -113.1586
2.110661 2.224976 2.398845 -1.677389 118.0959 -176.1891
2.106998 2.224976 2.148845 2.956198 138.447 -238.9754
2.23151 2.224976 1.847331 2.08597 152.218 -248.4563
2.280827 2.224976 1.736003 -24.73082 164.3173 -248.4563
2.289799 2.224976 1.425456 -35.21938 182.531 -248.4563
2.289799 2.224976 1.12321 -49.30334 180.5234 -248.4563
2.289799 2.224976 1.006022 -59.08197 185.9585 -248.4563
2.289799 2.224976 0.9081221 -73.08197 189.676 -248.4563
2.289799 2.224976 0.8307295 -80.0667 193.3783 -248.4563
2.289799 2.224976 0.7838545 -87.07434 197.7371 -248.4563
2.289799 2.224976 0.7062178 -93.07434 205.4623 -248.4563
2.289799 2.224976 0.6757002 -96.03616 207.7447 -248.4563
2.289799 1.988221 0.631999 -105.0209 214.0119 -248.4563
2.289799 1.762879 0.6153975 -114.0667 222.9127 -248.4563
2.289799 1.542908 0.522624 -126.6163 229.5997 -248.4563
2.289799 1.339783 0.5084639 -138.2804 231.0959 -248.4563
2.289799 1.198426 0.482585 -144.1888 231.0959 -248.4563
2.289799 1.052674 0.4459639 -147.601 231.0959 -248.4563
2.289799 0.9159552 0.383708 -145.8988 231.0959 -248.4563
2.289799 0.7965704 0.293376 -146.0514 231.0959 -248.4563
2.289799 0.6576544 0.2179365 -143.0438 231.0959 -248.4563
2.289799 0.5900274 0.1161299 -142.3491 231.0959 -248.4563
2.289799 0.4899298 -0.06477833 -153.601 231.0959 -248.4563
2.289799 0.3827521 -0.2605791 -160.2194 231.0959 -248.4563
2.289799 0.3729864 -0.2605791 -190.5171 231.0959 -248.4563
2.289799 0.5382696 -0.2605791 -227.4255 231.0959 -248.4563
2.289799 0.4257208 -0.2605791 -230.6163 231.0959 -248.4563
2.289799 0.1920782 -0.2605791 -230.6163 231.0959 -248.4563
2.289799 -0.6765741 -0.2605791 -230.6163 231.0959 -248.4563
2.289799 -0.6013788 -0.2605791 -230.6163 231.0959 -248.4563
2.289799 -1.136047 -0.2605791 -230.6163 231.0959 -248.4563
2.289799 -1.278137 -0.2605791 -230.6163 231.0959 -248.4563
2.289799 -1.774963 -0.2605791 -230.6163 231.0959 -248.4563
2.263248 -1.774963 -0.2605791 -230.6163 231.0959 -248.4563
2.289799 -1.774963 -0.2605791 -230.6163 231.0959 -248.4563
1.943668 -1.774963 -0.2605791 -230.6163 231.0959 -248.4563
-1.71014 -1.774963 -0.2605791 -230.6163 231.0959 -248.4563
-0.01311865 -1.774963 -0.2605791 -230.6163 155.844 -248.4563
-0.916439 -1.774963 -0.2605791 -230.6163 75.43176 -241.2807
-1.234066 -1.774963 -0.2605791 -230.6163 15.18748 -179.6395
-1.610531 -1.774963 -0.2605791 -230.6163 -37.3087 -144.1586
-1.552914 -1.774963 -0.2605791 -230.6163 -83.3087 -92.80742
-1.380062 -1.774963 -0.2605791 -221.7614 -115.4766 -66.84559
-1.256527 -1.774963 -0.2605791 -182.5782 -156.9346 -34.63185
-0.9410972 -1.774963 -0.2605791 -156.4178 -190.3316 1.436855
-0.706478 -1.774963 -0.2605791 -114.7384 -225.782 23.49792
-0.4454917 -1.774963 -0.2605791 -82.15831 -250.0034 53.13151
-0.3510093 -1.774963 -0.2605791 -36.73846 -269.1713 70.73457
0.008609861 -1.774963 -0.2605791 17.65085 -269.1713 87.91013
0.1201821 -1.774963 -0.2605791 63.77299 -269.1713 97.61243
0.3709146 -1.774963 -0.2605791 105.918 -269.1713 129.4063
0.3548013 -1.774963 0.01407909 140.8646 -269.1713 140.2155
0.3704263 -1.774963 0.2682295 176.2539 -269.1713 137.8567
0.3943521 -1.538391 0.6092939 214.147 -269.1713 179.2231
0.4260903 -1.246642 0.7513838 249.9944 -269.1713 151.414
0.7131997 -1.095519 0.8336592 269.6508 -269.1713 178.8796
0.7471353 -0.9194941 0.9108076 269.6508 -264.7744 176.1163
0.7691079 -0.7881464 0.9298506 269.6508 -250.0186 165.9941
0.8884927 -0.4102167 0.9283857 269.6508 -232.9881 181.0323
0.8916665 -0.3479608 0.9156904 269.6508 -219.866 204.6124
0.526188 -0.007140502 0.9264326 269.6508 -218.4308 202.559
1.059147 -0.3977655 0.8583174 269.6508 -195.095 213.7956
0.8738442 -0.3525995 0.822917 269.6508 -187.0415 213.7956
0.8189126 -0.1995233 0.7660322 269.6508 -177.8965 237.7422
0.7105142 -0.1223749 0.8143721 269.6508 -167.3698 243.2002
0.7009927 0.08734192 0.7403975 269.6508 -157.385 251.8109
0.1250649 0.6998907 0.8180342 269.6508 -162.7209 251.8109
0.7661782 0.5331427 0.6222334 265.1165 -151.2476 251.8109
0.685856 0.936463 0.566081 243.5211 -143.4843 251.8109
0.6734048 0.7182013 0.4647627 209.4142 -147.553 251.8109
0.7227212 0.780213 0.480876 181.7425 -150.9118 251.8109
2.289799 2.224976 0.9278975 269.6508 -171.6064 251.8109
2.289799 2.224976 0.00846386 -119.6774 33.29435 -248.4563
2.289799 2.224976 -0.0459795 -128.1354 30.8287 -248.4563
2.289799 1.96576 -0.004719734 -124.0362 27.69893 -248.4563
2.289799 1.680604 0.08658886 -141.082 29.32489 -248.4563
2.289799 1.286072 0.03849316 -158.6316 30.08061 -248.4563
2.289799 0.9699102 -0.003499031 -171.1583 28.94321 -248.4563
2.289799 0.7831427 -0.02107716 -190.227 31.83633 -248.4563
2.289799 0.5775763 -0.02888966 -209.4789 38.60733 -248.4563
2.289799 0.3737189 -0.06746387 -230.6163 52.21801 -248.4563
2.289799 0.1747443 -0.08235645 -230.6163 60.76 -248.4563
2.289799 -0.007872924 -0.1868486 -230.6163 69.37833 -248.4563
2.289799 -0.1326288 -0.2605791 -230.6163 83.05771 -248.4563
2.289799 -0.2832636 -0.2605791 -230.6163 98.74474 -248.4563
2.289799 -0.4470819 -0.2605791 -230.6163 112.218 -248.4563
2.289799 -0.6038202 -0.2605791 -230.6163 128.6073 -248.4563
2.289799 -0.8201288 -0.2605791 -230.6163 151.8821 -248.4563
2.289799 -1.732482 -0.2605791 -230.6163 217.6379 -248.4563
