-0.6906504 0.2943589 1.567011 17.98989 50.7113 4.726809
-0.7001719 0.3036362 1.557733 24.1731 50.46702 1.291695
-0.6908946 0.3024155 1.552606 31.71508 51.43649 -2.593801
-0.7262949 0.3104722 1.5487 39.54715 51.26092 -5.456397
-0.7289805 0.3458725 1.561884 46.89066 51.56626 -8.112885
-0.7414317 0.3534409 1.526728 52.47844 50.38305 -12.25792
-0.7404551 0.3842026 1.513056 54.86776 49.48229 -14.44876
-0.7231211 0.4042222 1.466425 53.09676 50.01664 -15.38006
-0.7297129 0.405687 1.43371 47.99753 51.24565 -15.98311
-0.7306895 0.3861557 1.390497 44.74562 51.62733 -16.96021
-0.7631602 0.3661362 1.380243 42.27997 50.97847 -17.21976
-0.7804942 0.360521 1.334589 40.11966 51.32962 -17.21212
-0.7931895 0.3063218 1.270624 39.46318 51.92504 -19.39533
-0.813209 0.2989975 1.248651 40.13493 50.09298 -19.62434
-0.8302988 0.2933823 1.219599 42.04333 46.51283 -19.16632
-0.8320078 0.2697007 1.195673 41.98989 44.42886 -19.90678
-0.8420176 0.2562729 1.194452 42.77615 44.24565 -22.72357
-0.8451914 0.2902085 1.165399 42.14257 42.11588 -23.96021
-0.8835215 0.3522202 1.139765 30.88302 40.65023 -19.23502
-0.9013437 0.3214585 1.147333 23.95936 37.03191 -15.84571
-0.8854746 0.3165757 1.122431 19.11967 31.94031 -13.11289
-0.8622812 0.3007065 1.104364 16.20363 29.29145 -13.73884
-0.8432383 0.2909409 1.113397 13.97463 28.03191 -15.83044
-0.8364023 0.308519 1.127069 11.98989 25.36015 -16.78464
-0.8251719 0.3055893 1.153192 10.69218 20.63496 -16.53273
-0.8058847 0.3114487 1.16369 9.249435 17.90977 -17.3877
-0.781959 0.2782456 1.197626 9.70745 17.38305 -20.4564
-0.7787852 0.2689682 1.22619 11.2647 15.05481 -21.98311
-0.6904063 0.1693589 1.338251 17.44791 11.70366 -27.77701
-0.6745371 0.1605698 1.362909 16.3334 12.90977 -27.82281
-0.6757578 0.1595932 1.388544 11.43264 14.07008 -25.65487
-0.6860117 0.1317612 1.422724 7.066229 14.59679 -23.62434
-0.6764903 0.1134507 1.427606 1.661649 14.23038 -20.40296
-0.6452403 0.05900732 1.422724 0.1883664 15.84107 -19.03655
-0.6454844 0.04972997 1.438349 -3.720031 18.95557 -17.19686
-0.6432871 0.03337255 1.438349 -6.529191 20.51283 -14.36479
-0.6594004 0.03361669 1.448114 -10.67423 20.93267 -10.83808
-0.6613535 0.02385107 1.442743 -14.46812 22.41359 -7.876244
-0.6711192 0.02092138 1.440546 -16.91087 23.45939 -4.754107
-0.677711 0.01042333 1.432245 -18.17805 23.58916 -1.792275
-0.6779551 0.02067724 1.433954 -19.39178 24.52809 0.5588703
-0.6650156 0.02922216 1.444452 -19.17041 24.61969 2.230626
-0.6567149 0.0516831 1.430536 -19.97194 24.33725 4.803145
-0.6340098 0.07707372 1.434687 -20.46049 24.74183 6.627573
-0.622291 0.09684912 1.433466 -21.37652 25.30672 7.894748
-0.6061778 0.1200425 1.435175 -21.46812 25.19221 9.184824
-0.5951914 0.1581284 1.428095 -20.91087 25.52046 9.711542
-0.5710215 0.171312 1.433466 -19.76583 26.11588 9.787878
-0.5617442 0.1925522 1.44494 -18.20094 26.8716 9.291695
-0.5717539 0.2191636 1.465937 -15.9185 27.72657 7.917649
-0.566627 0.2347886 1.477411 -13.53682 28.02428 6.528336
-0.5656504 0.2335679 1.488398 -9.055908 28.19985 4.543603
-0.5590586 0.2462632 1.497431 -5.391787 28.03954 3.742076
-0.5514903 0.2247788 1.482782 -0.8269009 28.8945 1.520702
0.1147695 0.4706284 2.924921 19.45554 57.08534 -47.4793
0.3415761 0.407396 2.228388 -14.24675 209.864 -87.02128
0.4118886 0.4261948 2.255732 -13.98721 217.78 -90.73884
0.466332 0.4232651 2.275263 -12.39179 228.8411 -94.96784
0.5354238 0.4537827 2.322382 -12.58263 239.8945 -99.93731
0.6181875 0.4427964 2.339716 -9.69713 246.0243 -103.9373
0.6943594 0.4874741 2.359247 -13.98721 246.0243 -107.006
0.7905508 0.4127671 2.299433 -6.61316 246.0243 -113.1434
0.8720938 0.4562241 2.30578 -7.819267 246.0243 -117.8075
0.9492422 0.4620835 2.32165 -10.43759 246.0243 -121.2579
0.9782949 0.4857651 2.317743 -13.34598 246.0243 -125.174
1.028344 0.4772202 2.216913 -19.7353 246.0243 -127.6243
1.060814 0.4523179 2.13122 -27.99484 246.0243 -129.4182
1.071068 0.4935776 2.021357 -43.6895 246.0243 -128.2274
1.071068 0.4208237 1.911005 -61.01774 246.0243 -125.5556
1.17141 0.358812 1.800165 -68.24675 246.0243 -125.1282
1.203637 0.3578354 1.763788 -78.85744 246.0243 -123.6014
1.313988 0.2853257 1.602655 -85.69713 246.0243 -121.5709
1.28933 0.2960679 1.619501 -94.7811 246.0243 -119.7694
1.242455 0.2037827 1.501093 -86.68186 246.0243 -122.1816
1.278344 0.2006089 1.384882 -83.49866 246.0243 -121.0594
1.339379 0.1449448 1.345087 -72.84217 246.0243 -121.8228
1.36599 0.1444565 1.184687 -74.9643 246.0243 -121.3572
1.500268 0.228685 1.139032 -113.4529 246.0243 -123.2121
1.298119 0.2179429 1.308954 -113.2544 246.0243 -115.1969
1.338158 -0.04768214 0.9166202 -109.6132 246.0243 -112.4411
1.392113 -0.1404556 0.7933291 -93.59789 246.0243 -132.9221
1.405053 -0.07746729 0.4893741 -70.07881 246.0243 -112.1129
1.468773 -0.1509536 0.1851748 -54.78873 246.0243 -133.8686
1.494408 -0.1890396 0.04943264 -14.46812 246.0243 -140.1816
1.221459 -0.08527979 0.2642764 -5.895603 246.0243 -143.5251
1.162133 -0.06989893 0.08361233 -2.880336 246.0243 -146.9602
1.171654 -0.1614517 0.1712588 4.425008 246.0243 -145.4106
1.142113 -0.2525161 0.1607608 3.241802 246.0243 -144.9755
1.057885 -0.1922134 -0.02185643 -6.742931 246.0243 -138.5862
1.129906 -0.2178482 -0.06165135 -20.69713 246.0243 -132.6243
1.195824 -0.2490982 -0.06165135 -41.13988 246.0243 -130.8228
1.145043 -0.3045181 -0.0252744 -61.7811 246.0243 -122.3495
1.236596 -0.25569 -0.002081037 -97.07117 246.0243 -117.5175
1.14016 -0.4429458 0.3743838 -120.4452 246.0243 -108.0824
1.194604 -0.5410904 0.416376 -133.2849 246.0243 -97.64723
1.347436 -0.585524 0.5196475 -155.4529 246.0243 -104.5251
1.379906 -1.018874 0.6292666 -150.8269 246.0243 -66.25029
1.37893 -0.9773697 0.8145694 -142.8345 246.0243 -48.08235
1.573266 -0.9654068 0.8177432 -143.7506 246.0243 -30.70831
1.482201 -1.00276 0.876337 -116.659 246.0243 -22.18922
1.67434 -0.9627213 0.7259463 -80.22385 246.0243 -20.55563
1.70559 -0.7725357 0.6136416 -59.6666 246.0243 -15.85334
1.671654 -0.6858658 0.5526065 -26.63606 246.0243 -20.33426
1.541527 -0.6082291 0.4017276 11.54714 246.0243 -31.5022
1.588158 -0.5816177 0.2327822 49.02806 246.0243 -43.02128
1.501244 -0.4314712 0.1715029 84.47845 246.0243 -56.89914
1.468285 -0.4546646 -0.03088963 118.9823 246.0243 -65.74648
1.417748 -0.3360122 -0.06165135 156.3945 246.0243 -90.02892
1.252465 -0.2654556 -0.06165135 187.7533 246.0243 -108.1282
1.174584 -0.2537368 -0.06165135 201.509 246.0243 -111.09
0.9831778 -0.3845962 -0.06165135 213.7761 246.0243 -124.7465
0.7937246 -0.2954849 -0.06165135 222.0128 246.0243 -120.7388
0.6955801 -0.2249282 -0.06165135 227.7074 246.0243 -122.7083
0.6042715 -0.3074478 -0.06165135 210.9975 246.0243 -120.3648
0.5246816 -0.1890396 -0.06165135 181.883 246.0243 -118.2198
0.3991933 -0.2698501 -0.06165135 142.7303 246.0243 -115.0747
0.435082 0.17473 -0.06165135 65.06623 246.0243 -113.0671
0.2746816 -0.3611587 -0.06165135 41.92883 241.7418 -101.2198
0.3020254 -0.4417251 -0.06165135 27.93646 223.5281 -93.99075
0.2300039 -0.5225357 -0.06165135 13.1044 206.3831 -83.02128
0.3149648 -0.4319595 -0.06165135 3.753252 200.5739 -80.67014
0.2634511 -0.4419693 -0.06165135 -4.804 179.2762 -74.16632
0.3772207 -0.531813 -0.06165135 -6.819267 169.6273 -72.74648
0.4265371 -0.5928482 -0.06165135 -7.452855 157.2304 -69.72357
0.4692617 -0.6204361 -0.06165135 -3.468122 146.9403 -69.18922
0.5019765 -0.6348404 -0.06165135 -5.071176 135.7037 -65.97548
0.5144277 -0.6431412 -0.06165135 -6.323084 125.4441 -63.12051
0.5683828 -0.7029556 -0.06165135 -9.498656 118.5128 -59.42586
0.5830312 -0.7632584 -0.06165135 -13.9185 109.7571 -52.69304
0.6115957 -0.7959732 -0.06165135 -24.74293 102.093 -42.55563
0.608666 -0.8567642 -0.06165135 -31.81163 94.02427 -32.01365
0.6067129 -0.8814224 -0.06165135 -35.7353 85.44412 -21.94495
0.6023183 -0.8731216 -0.06165135 -39.58263 77.08534 -11.89151
0.5857168 -0.8384537 -0.06165135 -42.26202 68.28381 -3.311358
0.5898672 -0.7620377 -0.06165135 -44.72003 59.00137 4.123756
0.6091543 -0.7171158 -0.06165135 -47.93377 49.26092 11.48253
0.6203847 -0.6490005 -0.06165135 -49.36889 38.6426 16.82605
0.6552969 -0.5894302 -0.06165135 -49.86507 28.8945 21.03215
0.6777578 -0.5760025 -0.06165135 -47.29255 19.31435 22.63521
0.7607656 -0.4680923 -0.06165135 -43.13224 9.612061 25.19246
0.7478261 -0.4441665 -0.06165135 -40.45285 1.154046 24.67337
0.7849355 -0.4138931 -0.02210057 -37.33835 -7.685649 24.37566
0.8279043 -0.4300064 0.03307521 -33.81163 -13.81542 23.66574
-0.5785899 -0.3592056 1.425653 -19.81927 -28.63221 4.528336
-0.5939707 -0.3142837 1.39831 -16.53682 -27.02153 5.910016
-0.6025156 -0.2510513 1.389032 -15.64369 -26.1513 6.55887
-0.6166758 -0.2195571 1.35998 -13.42995 -26.48717 6.948184
-0.6271739 -0.1992935 1.328241 -11.02537 -27.05206 8.329863
-0.6061778 -0.1682876 1.299921 -10.6666 -26.21237 7.803145
-0.6579356 -0.1455825 1.292353 -7.720031 -27.11313 6.696275
