-0.6591563 -0.09406885 1.676386 4.470809 -2.349771 2.383298
-0.6469492 -0.1485122 1.693231 11.63111 -2.349771 2.452
-0.6061778 -0.0979751 1.734247 17.18837 1.283816 -1.021282
-0.6269297 0.01603857 1.812128 12.41737 3.520458 -6.105252
-0.5654063 -0.001539558 1.77746 8.264703 4.856336 -2.86861
-0.5964121 -0.05891261 1.785273 7.737985 8.37542 -3.509832
-0.580543 -0.05378565 1.778192 7.119664 10.77237 -5.502198
-0.5846934 -0.07307276 1.777948 7.997527 12.26092 -6.860977
-0.5690684 -0.08283838 1.772333 9.432641 14.39832 -8.395329
-0.5619883 -0.09260401 1.763544 9.699817 15.86397 -9.318993
-0.5607676 -0.1101821 1.765009 9.768519 18.32962 -9.777008
-0.5585703 -0.1358169 1.753046 10.61585 20.14641 -9.899145
-0.5522227 -0.1541275 1.742792 11.43264 22.19221 -10.28846
-0.5495371 -0.1494888 1.723017 11.1731 23.04718 -9.509832
-0.5363535 -0.1348403 1.717157 8.623481 24.15405 -8.746473
-0.519752 -0.120436 1.736689 4.936458 24.8258 -7.471664
-0.5073008 -0.1172622 1.747431 0.09676337 25.79527 -5.998382
-0.4762949 -0.09284815 1.777216 -6.521558 27.25328 -4.402962
-0.4489512 -0.09162745 1.811396 -11.56736 29.37542 -3.609068
-0.4037852 -0.06721339 1.835077 -16.30782 31.96321 -1.914412
-0.3837656 -0.06208643 1.862909 -19.60553 34.60443 -0.9831143
-0.3354258 -0.05720362 1.900019 -21.72766 38.17695 -0.9067784
-0.3859629 -0.06013331 1.949579 -22.47576 40.16932 0.4596337
-0.3134531 -0.01032862 1.94372 -23.23911 41.37542 -0.1892213
-0.2548594 0.004075676 1.96789 -23.46812 46.18458 -1.891511
-0.2389902 0.04875341 2.03039 -24.93377 48.87924 -6.326626
-0.1852793 0.07560888 2.062616 -23.68186 50.57389 -3.303725
-0.1137461 0.09562841 2.061396 -22.51392 53.24565 -3.120519
-0.05637305 0.07682958 2.087763 -16.23911 60.14641 -8.990748
0.003685549 0.1083237 2.101435 -8.284916 67.8258 -15.79991
0.02028711 0.2081772 2.168085 -4.720031 72.87923 -20.44876
0.143334 0.471605 2.211542 -6.69713 79.23801 -12.89151
0.07326562 0.3219468 2.219355 0.4631755 85.00137 -24.04418
0.2285391 0.3636948 2.233271 5.684549 92.35252 -36.82281
0.275414 0.4447495 2.245722 -1.765832 100.2456 -41.13578
0.2600332 0.5319077 2.228876 -16.40705 113.2304 -40.33426
0.158959 0.5917221 2.318964 -21.26201 115.0701 -47.94495
0.2583242 0.6415268 2.407343 -22.05591 120.7113 -53.94495
0.2802969 0.65056 2.479609 -27.06354 136.8334 -62.73884
0.3420644 0.6586166 2.447382 -32.06354 151.1388 -69.08998
0.3572011 0.6093002 2.504511 -36.7811 165.2762 -76.96784
0.3972402 0.5951401 2.503046 -35.24675 174.9021 -83.71593
0.4397207 0.5970932 2.428095 -37.43759 187.0395 -90.92204
0.4797597 0.5756088 2.397089 -39.49866 195.9174 -96.73884
0.4712148 0.4452378 2.360224 -29.04064 207.7724 -108.2732
0.5329824 0.4806382 2.279902 -20.90324 212.7953 -114.7999
0.6479726 0.4828354 2.18371 -29.36889 226.2609 -118.1358
0.6574941 0.4772202 2.127558 -31.10934 235.3372 -124.3953
0.6882558 0.4623276 2.067743 -28.42995 240.3525 -130.7694
0.7734609 0.4974839 2.008417 -31.55972 246.0243 -136.9221
0.7981191 0.426439 1.9862 -31.10934 246.0243 -143.0213
0.8615957 0.4454819 1.933222 -34.10934 246.0243 -147.1663
0.9345938 0.4208237 1.902216 -42.04827 246.0243 -150.9144
0.9773184 0.4069077 1.885614 -43.90324 246.0243 -156.006
1.063256 0.3968979 1.858271 -50.17804 246.0243 -160.2961
1.112328 0.4181382 1.851923 -60.16278 246.0243 -163.0671
1.163598 0.3915268 1.805048 -70.84217 246.0243 -165.235
1.210961 0.3500229 1.770136 -77.79636 246.0243 -169.4411
1.242943 0.3092515 1.734003 -89.58263 246.0243 -171.7617
1.298852 0.2601792 1.718134 -99.26202 246.0243 -175.3724
1.318871 0.1468979 1.659052 -104.804 246.0243 -179.1129
1.357445 0.107103 1.555292 -117.5521 246.0243 -179.3648
1.408715 0.01701513 1.442499 -129.3918 246.0243 -177.5709
1.438012 -0.04328761 1.404413 -139.8803 246.0243 -175.3343
1.495385 -0.1367935 1.311884 -145.9643 246.0243 -173.9831
1.523217 -0.2241958 1.176386 -149.2849 246.0243 -173.5404
1.468285 -0.3340591 1.077021 -149.1093 246.0243 -173.6014
1.495873 -0.3809341 0.9796084 -153.2926 246.0243 -167.861
1.507836 -0.5313248 0.7408389 -160.9109 246.0243 -166.6625
1.260522 -0.5972427 0.5616397 -168.3002 246.0243 -132.861
1.336205 -0.5886978 0.4053897 -212.0025 246.0243 -101.7465
1.436303 -0.9297623 0.1715029 -196.2239 246.0243 -122.6701
1.39602 -0.81819 0.1387881 -196.5139 246.0243 -96.4564
1.350121 -0.8672623 0.04479396 -198.7506 246.0243 -83.39532
1.268822 -0.8491959 -0.05359471 -198.8193 246.0243 -69.79227
1.085229 -0.8687271 -0.03088963 -209.033 246.0243 -51.5938
1.203637 -0.8870377 -0.06165135 -208.659 246.0243 -39.48693
1.016625 -0.9199966 -0.06165135 -213.9796 246.0243 -21.50983
1.007836 -0.9312271 -0.06165135 -209.0559 246.0243 -8.555634
0.9001699 -0.8574966 -0.06165135 -201.0177 246.0243 -0.9678473
0.8000723 -0.7969498 -0.06165135 -188.3002 246.0243 9.871847
0.8003164 -0.8174576 -0.06165135 -161.2467 246.0243 8.955816
0.6074453 -0.7281021 -0.06165135 -119.6284 246.0243 5.100855
0.3718496 -0.6607193 -0.06165135 -74.51392 246.0243 -5.16632
0.3564687 -0.6248306 -0.06165135 -25.46812 246.0243 -15.5251
1.126732 -0.05891261 -0.06165135 53.77615 -254.2429 251.6963
1.332543 0.1525132 0.199335 49.58532 -254.2429 251.6963
1.416039 0.1832749 0.2559756 50.46318 -254.2429 251.6963
1.523217 0.1681382 0.2903994 58.88302 -254.2429 251.6963
1.558129 0.1517807 0.390253 78.34104 -254.2429 251.6963
1.557397 0.4088608 0.7110538 83.62348 -254.2429 251.6963
1.437279 0.6908432 0.8836612 60.92883 -254.2429 251.6963
1.379418 0.6144272 1.124384 38.77615 -254.2429 251.6199
1.366967 0.6305405 1.210077 40.97463 -254.2429 241.8718
1.400902 0.6261459 1.25036 46.94409 -254.2429 229.6276
1.385033 0.6273666 1.376337 52.78379 -254.2429 220.2841
1.39309 0.699144 1.510614 54.46318 -254.2429 213.7192
1.294701 0.7220932 1.607294 51.52425 -254.2429 210.4138
1.397729 0.7042709 1.692255 64.95172 -254.2429 196.9482
1.303246 0.7394272 1.958856 75.25707 -254.2429 182.7879
1.097191 0.917894 2.073359 76.63875 -254.2429 180.4062
1.257348 1.074876 2.002314 58.95173 -254.2429 155.8031
0.8960196 1.01433 2.33581 36.196 -254.2429 152.3604
1.193871 0.8270737 2.328974 40.02806 -254.2429 144.0245
1.011986 0.7884995 2.304071 38.75325 -254.2429 127.4291
0.9363028 0.9696518 2.627558 36.02043 -254.2429 111.9329
0.8347403 0.8466049 2.617304 40.85249 -254.2429 123.3375
0.7971426 0.8614975 2.602411 32.44791 -249.7467 108.3604
0.6823965 0.8483139 2.589716 21.58531 -231.7467 101.7802
0.671166 0.7328354 2.610224 19.63111 -221.5482 97.97872
0.5647207 0.7445541 2.568476 10.90592 -206.6551 90.79551
0.5754629 0.5948959 2.61828 20.1044 -197.0826 86.94818
0.4797597 0.6246811 2.588984 13.72272 -178.6017 80.14666
0.4655996 0.636644 2.71911 5.218901 -154.2276 74.73444
0.4016347 0.6180893 2.66955 -15.41469 -132.5788 73.71154
0.3659902 0.6385971 2.785273 -32.10934 -115.3498 72.80315
0.2480703 0.5558334 2.784296 -44.58263 -102.2887 70.3375
0.1863027 0.5607162 2.857294 -54.31545 -95.45664 73.55887
0.1303945 0.4574448 2.843378 -57.86507 -82.0597 75.39093
0.08889063 0.3126694 2.796503 -53.55972 -71.89939 79.06269
0.1050039 0.2677475 2.709345 -43.10171 -60.66275 82.13902
0.08791407 0.2526108 2.654169 -34.60553 -49.00626 84.18483
0.03981836 0.3539292 2.562372 -34.88797 -38.01389 84.27643
-0.007789061 0.3490464 2.520868 -31.39942 -28.93756 83.87185
-0.03562109 0.3834702 2.460077 -29.78873 -19.1971 83.91002
-0.07273047 0.4154526 2.423944 -29.04827 -9.716184 83.5436
-0.09836523 0.4452378 2.382441 -29.74293 -1.792519 83.94055
-0.1628184 0.4974839 2.39123 -33.7353 4.711297 84.32986
-0.1901621 0.5402084 2.317255 -33.74293 11.70366 82.51307
-0.2262949 0.574144 2.271112 -34.57499 19.95557 78.91765
-0.2253184 0.5812241 2.207148 -32.49102 25.58153 74.3146
-0.2582774 0.6039291 2.206659 -32.62079 30.54336 70.57414
-0.2736582 0.621019 2.156366 -31.13224 35.63496 66.02452
-0.2997813 0.6381088 2.132929 -29.91087 39.31435 61.29933
-0.3161387 0.6591049 2.096552 -28.40705 43.46702 56.46727
-0.3112559 0.6588608 2.083857 -28.46812 49.45939 51.58941
-0.3190684 0.6815659 2.073603 -30.06354 55.26855 47.26116
-0.3390879 0.6752182 2.048456 -30.97194 59.50519 42.99399
-0.3752207 0.6761948 2.03039 -31.81927 63.68077 38.64284
-0.396461 0.6652084 2.002069 -31.04064 64.97083 34.65047
-0.4267344 0.6437241 1.970087 -29.29255 68.17694 30.13139
-0.4582285 0.6188217 1.952997 -24.05591 68.68839 26.01689
-0.4491953 0.6034409 1.855829 -21.13988 73.48992 20.29169
-0.469459 0.607103 1.838495 -16.98721 78.35252 14.3146
-0.5068125 0.5909897 1.830683 -16.20858 82.14641 9.513068
-0.5190196 0.5509506 1.790888 -5.178046 84.71893 1.589405
-0.5715098 0.5726791 1.773065 3.196 81.23038 -4.311358
-0.5602793 0.5890366 1.780146 6.363939 84.03954 -9.235023
-0.5524668 0.5646225 1.730585 7.951725 86.38305 -11.548
-0.5741953 0.539476 1.720819 10.66165 90.90977 -19.91441
