1.014114 -0.05416553 0.8585527 -5.111069 5.359511 15.1347
1.009231 -0.05856006 0.86075 -5.653053 5.12287 15.47821
1.005081 -0.06222217 0.8470781 -5.45458 5.328977 15.65379
1.001907 -0.0575835 0.8524492 -5.004199 5.260275 16.00493
0.9992217 -0.05856006 0.8365801 -5.805725 5.31371 16.24921
1.00679 -0.06148975 0.8302324 -6.004199 5.619053 16.94386
1.009964 -0.06490772 0.8299883 -5.263741 5.466382 16.83699
1.008499 -0.06222217 0.8319414 -3.660687 5.092336 16.76066
1.005081 -0.05831592 0.8185137 -3.13397 4.863328 17.24921
1.013138 -0.05709522 0.8160723 -3.462214 4.817527 17.61562
1.013138 -0.04366748 0.8180254 -3.508015 4.008367 17.81409
1.005569 -0.04415576 0.8143633 -4.072901 3.893863 18.44005
1.003372 -0.02950732 0.8202227 -5.546184 3.458748 18.50875
1.011673 -0.03585498 0.8236406 -6.034733 3.214473 18.77592
1.005325 -0.03292529 0.8153399 -7.080534 3.321343 19.12707
0.99971 -0.04366748 0.8236406 -7.782825 2.703023 19.58508
0.994583 -0.04732959 0.8116777 -8.332443 2.443481 19.48585
0.9967803 -0.04781787 0.8131426 -8.958397 1.916763 19.92096
1.000931 -0.04610888 0.8170488 -9.538549 1.565618 20.20341
0.9928741 -0.04513232 0.8219316 -9.538549 1.054168 20.25684
0.9967803 -0.04610888 0.8197344 -9.141603 1.130504 20.29501
0.9955596 -0.04903857 0.8119219 -9.248473 0.7488244 20.60035
0.9921416 -0.04415576 0.8150957 -9.485115 0.5885191 20.84463
0.9967803 -0.04122607 0.8180254 -9.340076 0.2450078 21.02783
0.9984893 -0.0456206 0.813875 -8.851527 0.2908092 21.10417
1.000442 -0.04684131 0.819002 -8.546184 0.2984428 21.0889
0.9972686 -0.03707568 0.8058184 -8.897328 0.3595114 21.40188
0.9958037 -0.04147021 0.8031328 -9.546184 -0.1519389 21.92859
1.000931 -0.04342334 0.8006914 -10.0042 -0.1061375 21.78356
1.00679 -0.04171435 0.7894609 -10.38588 -1.342779 22.63852
1.011429 -0.04806201 0.7921464 -10.45458 -1.151939 22.92096
1.010208 -0.0287749 0.7840898 -11.17214 -2.464916 23.40951
1.000931 -0.04855029 0.7989824 -10.96603 -2.457283 23.20341
1.003616 -0.0588042 0.7926347 -12.37061 -2.159573 23.45531
1.009476 -0.04049365 0.7862871 -12.94313 -4.342779 24.41714
1.016556 -0.03609912 0.8165606 -11.69122 -3.571786 23.64615
1.017532 -0.0443999 0.8126543 -13.58435 -3.144305 23.85226
1.022903 -0.04269092 0.8075274 -13.06527 -5.17484 24.67669
1.032913 -0.01583545 0.832918 -11.95076 -5.083237 23.40188
1.030472 -0.01217334 0.8475664 -10.85916 -4.548885 22.85226
1.030228 -0.03634326 0.8280352 -13.27901 -3.762626 23.26447
1.019974 -0.03902881 0.8202227 -14.25611 -3.770259 23.07363
1.024612 -0.03707568 0.8375566 -14.68359 -5.220641 23.1347
1.030472 -0.04366748 0.8443926 -13.87443 -5.213008 23.44005
1.019729 -0.04488818 0.857332 -12.57672 -3.945832 22.40951
1.031937 -0.04000537 0.8553789 -12.25611 -4.800794 23.02783
1.03096 -0.04659717 0.8656328 -10.32481 -2.167206 21.22631
1.029983 -0.0263335 0.8649004 -13.06527 -3.732091 22.41714
1.025589 -0.0563628 0.8634356 -12.10344 -3.205374 22.22631
1.034866 -0.04464404 0.8712481 -13.50038 -1.403847 22.0431
1.025345 -0.03780811 0.8688066 -12.84389 -2.258809 22.95913
1.032181 -0.04903857 0.8751543 -10.83626 -0.7549924 21.32554
1.025345 -0.05245655 0.8678301 -11.48512 -0.5259848 21.85989
1.024856 -0.06856983 0.8519609 -11.33244 -0.09087014 21.89806
1.03096 -0.05196826 0.8536699 -11.0042 -0.68629 21.73775
1.034378 -0.03854053 0.8553789 -9.622519 -0.8007938 21.68432
1.033646 -0.03146045 0.857332 -9.034733 0.03890085 20.9515
1.032913 -0.03927295 0.8529375 -9.790459 0.405313 21.24157
1.028763 -0.03976123 0.8380449 -9.813359 0.3366108 21.1118
1.029739 -0.02267139 0.8504961 -9.851526 0.01600003 20.98966
1.030228 -0.02560107 0.8570879 -9.775191 0.5885191 20.57745
1.016067 -0.03341357 0.8526934 -10.58435 1.245008 20.56218
1.025345 -0.04073779 0.8412188 -11.11107 1.237374 20.41714
1.013138 -0.04366748 0.8429277 -10.75229 1.023633 20.69195
1.012161 -0.03756397 0.8395098 -10.89733 1.12287 20.31027
1.018997 -0.04220263 0.8448809 -10.34771 1.092336 20.066
1.018021 -0.04391162 0.8500078 -9.637787 1.20684 19.82936
1.025101 -0.03585498 0.8446367 -8.805725 1.138137 19.69959
1.026321 -0.03902881 0.848543 -8.103436 1.405313 19.40188
1.016312 -0.04391162 0.8407305 -7.569084 1.542717 18.82173
1.018509 -0.03927295 0.8253496 -7.24084 1.580885 18.87516
1.013626 -0.03951709 0.8287676 -7.309542 1.351878 18.93623
0.9672393 -0.1195952 0.8055742 22.64466 6.214473 -29.44545
0.940628 -0.2001616 0.7352617 17.62939 -1.205374 -7.926367
0.9440459 -0.1947905 0.7294023 14.62176 -2.205374 -4.170641
0.9450225 -0.1879546 0.7296464 11.03397 -3.464916 -0.4378166
0.9469756 -0.1779448 0.7215898 7.011069 -4.296977 3.607985
0.9403838 -0.1706206 0.7186601 3.201909 -5.029801 7.188137
0.9398955 -0.1701323 0.7230546 -0.2179389 -5.984 10.54692
0.9379424 -0.1708647 0.7279375 -3.225573 -6.617588 13.50111
0.932083 -0.1664702 0.7267168 -5.56145 -7.739725 16.60798
0.933792 -0.1554839 0.7220781 -7.362977 -8.533619 19.35608
0.9391631 -0.1559722 0.7154863 -9.927862 -9.472549 22.33318
0.9308623 -0.1586577 0.7262285 -12.21794 -10.19011 24.47058
0.9330596 -0.1545073 0.7154863 -14.59962 -11.40385 26.9973
0.9442901 -0.1427886 0.7154863 -16.79046 -12.52598 29.30264
0.9508819 -0.1379058 0.7211015 -18.11107 -14.0756 31.56218
0.9391631 -0.138394 0.7232988 -18.36298 -15.53362 32.83699
0.9411162 -0.1381499 0.7213457 -17.1874 -17.22828 34.58508
0.949417 -0.1303374 0.7281816 -16.45458 -18.81606 35.73012
0.9594268 -0.1195952 0.7381914 -15.94313 -19.83896 36.91333
0.9591826 -0.1142241 0.7433183 -16.05 -20.57942 38.35608
0.9662627 -0.1022612 0.7535722 -15.86679 -21.40385 39.0202
0.9672393 -0.09835499 0.7608964 -15.89733 -22.21301 39.81409
0.9665069 -0.09396046 0.7801836 -14.9126 -22.44965 40.27974
0.9694366 -0.08663624 0.7975175 -13.74466 -22.78553 40.54692
0.9716338 -0.08468311 0.8077715 -12.96603 -22.49545 40.77592
0.9743194 -0.081021 0.8160723 -11.92786 -22.22064 40.58508
0.9726104 -0.07027881 0.8202227 -11.20267 -21.70156 40.69196
0.9743194 -0.05904834 0.8192461 -11.24084 -21.28171 41.24921
0.9818877 -0.05465381 0.8290117 -11.9126 -20.78553 41.24157
0.9782256 -0.05514209 0.8314531 -12.95076 -20.25881 41.90569
0.9774932 -0.06515186 0.8299883 -13.92786 -19.44965 42.79882
0.984085 -0.07149951 0.8409746 -14.70649 -18.9382 43.40951
0.980667 -0.06881397 0.8370684 -15.1416 -18.43438 44.63089
0.980667 -0.07149951 0.8392656 -16.22557 -17.73209 45.73012
0.9818877 -0.07101123 0.8446367 -17.71412 -17.33515 47.0889
0.9855498 -0.06930225 0.8285234 -19.71412 -17.08324 48.82936
0.9928741 -0.06588428 0.8236406 -21.62252 -16.90766 50.55455
0.9914092 -0.0575835 0.8387774 -23.37061 -16.80079 51.9515
0.9894561 -0.05538623 0.8309649 -24.41641 -16.67866 53.40188
0.9904326 -0.03927295 0.8426836 -25.73702 -17.22064 54.73775
0.9958037 -0.02267139 0.8541582 -27.33244 -16.62522 55.73013
0.9853057 -0.02071826 0.8617266 -28.69122 -16.35041 56.47821
0.9938506 -0.0131499 0.8700274 -29.9584 -15.42675 56.44768
0.9967803 -0.00851123 0.8822344 -30.27901 -15.02217 56.55455
1.001663 0.004916504 0.8778399 -30.48512 -14.33515 56.07363
0.9992217 3.369152e-05 0.8968828 -29.98893 -13.60232 55.46294
1.011429 0.005404785 0.8898027 -29.19504 -12.69392 54.73775
1.012405 0.002963379 0.8871172 -28.27901 -12.06797 54.20341
1.008255 0.002475098 0.9003008 -27.19504 -11.31988 53.066
1.015335 0.0002778322 0.8888262 -25.74466 -10.19011 52.19577
1.010208 -0.002407715 0.8924883 -24.24847 -9.411481 51.03547
1.008987 0.008334473 0.8998125 -22.37824 -8.144305 49.98203
1.005081 0.002963379 0.888582 -20.47748 -7.655756 49.31027
1.01094 0.006869629 0.8832109 -17.9584 -7.151939 48.60799
1.014603 0.0005219728 0.8771074 -14.87443 -6.472549 47.68432
1.022415 0.007846191 0.8683184 -11.78282 -5.991633 47.21867
1.026321 0.01663525 0.8719805 -9.515649 -5.602321 46.90569
1.043655 0.03567822 0.8670977 -9.508016 -4.968733 48.01257
1.007767 0.04227002 0.8448809 -9.439313 -4.464916 46.47058
1.017532 0.04837354 0.8429277 -7.599618 -5.037435 47.0202
1.0522 0.08377392 0.8536699 -9.416412 -3.251175 47.24921
1.043899 0.1177095 0.8492754 -15.36298 -1.640489 48.31027
1.047562 0.1257661 0.8470781 -19.69885 -1.747359 48.98203
1.055374 0.13602 0.8456133 -23.65305 -1.602321 48.41714
1.050003 0.155063 0.8597734 -26.13397 -0.9687328 47.07363
1.057815 0.1648286 0.8592852 -29.52328 0.5045495 45.46294
1.052444 0.1670259 0.8465899 -31.72176 1.535084 43.1118
1.043899 0.1492036 0.8461016 -31.89733 1.794626 40.95913
1.044388 0.151645 0.8519609 -27.89733 2.107603 36.9515
1.051956 0.1492036 0.8636797 -21.57672 2.474015 33.11943
1.043899 0.1572603 0.8719805 -17.37061 3.496916 29.32554
1.042923 0.1824067 0.8609941 -15.69122 4.298443 26.33318
1.038528 0.1965669 0.8548906 -15.49275 4.947298 22.67669
1.021683 0.1799653 0.8209551 -8.485115 5.725924 10.066
1.012405 0.1667817 0.8197344 -5.599618 6.489282 6.004931
1.012894 0.1562837 0.8275469 -2.966031 7.229741 2.44768
1.00386 0.142856 0.813875 -1.263741 8.199205 -1.239344
1.000442 0.1338228 0.8028887 0.3316793 8.603786 -4.094305
