0.2641143 -0.4255034 0.4322832 -27.26374 -27.1214 20.47058
0.2824248 -0.475064 0.4613359 -22.74466 -26.23591 19.27211
0.272415 -0.4831206 0.4332597 -23.0958 -23.59469 20.0431
0.2536162 -0.5180327 0.3890703 -21.03473 -26.53362 20.44768
0.2665557 -0.4687163 0.3905351 -9.446947 -26.04507 18.62325
0.2257842 -0.5812652 0.3810136 -14.23321 -30.21301 24.90569
0.2553252 -0.4718902 0.3509843 -14.99656 -29.78553 24.50875
0.2682647 -0.45773 0.3160722 -27.75229 -31.96873 29.26447
0.2921904 -0.492398 0.3480546 -31.43931 -35.48782 31.22631
0.3180693 -0.4289214 0.3597734 -41.35535 -35.46492 33.9744
0.31221 -0.4284331 0.3736894 -44.85916 -36.68629 35.24921
0.3197783 -0.4123199 0.4022539 -48.87443 -38.73209 36.0202
0.1984404 -0.5397613 0.5150468 28.67519 7.458748 14.44005
0.5927276 -1.31149 -0.5752852 25.09504 18.016 -228.9951
0.6044463 -1.340542 -0.5752852 7.888931 -4.884763 -217.392
0.6112823 -1.365933 -0.5752852 3.804962 -23.33515 -207.8195
0.668167 -1.347623 -0.5752852 -4.759924 -37.71682 -197.7966
0.7021026 -1.283902 -0.5752852 -12.68359 -52.27407 -188.7126
0.7321319 -1.227749 -0.5752852 -19.35534 -62.43438 -181.1783
0.7729033 -1.130581 -0.5752852 -30.27137 -70.9382 -174.1783
0.7648467 -1.113003 -0.5577071 -32.36298 -76.80843 -170.3997
0.7980498 -1.078091 -0.4485762 -26.47748 -81.90767 -169.1477
0.8776397 -1.024869 -0.3567793 -27.67595 -86.0985 -166.8348
0.918167 -1.010953 -0.2598555 -28.0958 -88.49545 -165.0714
0.9159698 -1.045865 -0.1985762 -25.33244 -87.31225 -163.4149
0.888626 -1.044644 -0.1956465 -22.36298 -87.76263 -161.3462
0.8537139 -1.060757 -0.1880782 -18.33244 -89.67866 -159.2928
0.8388213 -1.081265 -0.2220137 -9.683588 -92.54889 -158.0943
0.845169 -1.080777 -0.2557051 -6.469848 -95.90767 -154.7966
0.8629912 -1.085415 -0.3028243 -5.286641 -100.2512 -151.1783
0.860794 -1.081753 -0.3247969 -7.424046 -106.1367 -146.2012
0.8427276 -1.064175 -0.3330977 -9.912596 -109.6787 -140.8195
0.8336944 -1.050992 -0.330168 -12.17977 -117.297 -136.1783
0.8444366 -1.029263 -0.3164961 -12.63779 -124.2817 -132.0561
0.8705596 -0.9977691 -0.2576582 -17.08817 -130.1214 -127.2928
0.8830108 -1.001431 -0.222502 -21.24084 -134.2054 -123.0256
0.8910674 -0.9965484 -0.1770918 -23.21794 -138.2817 -118.9569
0.9010772 -0.9772613 -0.1311934 -24.57672 -143.1138 -115.2241
0.9213408 -0.9755523 -0.06454301 -29.71412 -146.2054 -111.2546
0.9279326 -0.9643218 -0.007169962 -33.40878 -148.8848 -107.4073
0.9020537 -0.9948394 0.03824019 -29.43168 -152.2359 -106.018
0.9423369 -0.9384429 0.07827926 -32.23321 -154.7779 -103.3004
0.9308623 -0.9587066 0.1373613 -35.90496 -156.3275 -100.0256
0.9550323 -0.9999663 0.1913164 -39.05763 -157.0451 -96.01034
0.9586944 -1.019253 0.2347734 -38.50801 -157.4955 -92.89584
0.9621123 -1.039517 0.2408769 -38.9355 -157.4039 -89.52942
0.9572295 -1.070523 0.291414 -37.06527 -161.1901 -85.45309
0.9672393 -1.049283 0.3553789 -33.55382 -159.1367 -81.58286
0.9618682 -1.073453 0.392 -27.63015 -159.2435 -79.08667
0.9628448 -1.049771 0.4342363 -23.44695 -158.6023 -76.16301
0.9513701 -1.043912 0.4579179 -19.04237 -158.3046 -72.11721
0.9179229 -1.033414 0.5003984 -13.56145 -156.4955 -68.52179
0.9281768 -1.029019 0.4952714 -5.072901 -154.1519 -67.46835
0.8722686 -1.011441 0.5484941 -2.820992 -156.6787 -63.76606
0.8715362 -0.9684722 0.5995195 1.430916 -151.7855 -59.13248
0.8637237 -0.9320952 0.5929277 4.591221 -149.1061 -56.65156
0.8495635 -0.9313628 0.6200273 7.713358 -148.5031 -55.15537
0.827835 -0.9291656 0.6317461 10.80496 -145.9916 -52.89584
0.8297881 -0.9250152 0.6473711 12.95 -144.297 -48.88057
0.8126983 -0.9215972 0.6642168 16.95763 -141.6558 -47.04087
0.8029326 -0.9423491 0.6554277 20.53779 -139.0985 -45.30042
0.8229522 -0.9181792 0.6649492 24.73626 -137.5336 -39.42255
0.78096 -0.9777495 0.6813066 30.00344 -135.0069 -40.65156
0.7509307 -1.023648 0.6898515 34.22481 -131.5718 -37.0714
0.7494658 -1.022671 0.6891191 40.11794 -128.8619 -32.62865
0.7448272 -1.033902 0.6861894 45.62939 -126.8542 -28.17064
0.748001 -1.044156 0.6737382 53.0645 -124.4725 -25.25461
0.7101592 -1.034146 0.666414 58.82022 -122.5413 -21.73553
0.6667022 -1.019742 0.6393144 64.18665 -120.1596 -18.57522
0.6486358 -1.011197 0.6065996 72.15611 -119.8924 -15.94163
0.6342315 -1.025113 0.5773027 79.06451 -119.0069 -13.27751
0.6190948 -1.040005 0.557039 85.98054 -118.5718 -10.25461
0.5888213 -1.049283 0.5213945 93.46146 -118.4878 -7.506519
0.5724639 -1.046109 0.4845293 98.03397 -118.7092 -3.224077
0.5724639 -1.028042 0.4413164 100.3699 -118.9764 0.8904266
0.5705108 -1.028042 0.4210527 99.0416 -120.4878 6.142336
0.5534209 -1.021206 0.3878496 96.27824 -121.9687 11.86753
0.5478057 -1.016568 0.3646562 95.36221 -124.0527 16.65379
0.5597686 -0.9865386 0.3495195 90.75153 -127.1596 22.85226
0.5607451 -0.9740874 0.3397539 84.56069 -129.0451 28.1576
0.5583037 -0.9548003 0.353914 78.66756 -131.3886 33.29501
0.5792998 -0.940396 0.3563554 73.21718 -133.9077 38.12707
0.5988311 -0.9303863 0.3849199 68.38512 -135.7245 42.51638
0.5961455 -0.9286773 0.4142168 66.12557 -136.5031 45.30264
0.5785674 -0.8827788 0.4435136 66.34695 -137.2588 46.07363
0.5966338 -0.9301421 0.4252031 74.17138 -136.1901 45.36371
0.596878 -0.9655425 0.4176347 79.17138 -137.9993 48.21104
0.5814971 -1.012906 0.4203203 91.60649 -138.1748 46.35608
0.5573272 -1.059781 0.4044511 103.7668 -139.0603 46.05074
0.527542 -1.098355 0.3815019 116.9042 -140.3733 46.89806
0.4862823 -1.120083 0.369539 129.3088 -141.297 48.56218
0.4594268 -1.128873 0.339998 134.5454 -141.9916 51.09653
0.4435576 -1.144009 0.2862871 137.1408 -143.1672 54.85226
0.4425811 -1.150601 0.2569902 134.1332 -144.9306 60.23394
0.3527373 -0.8278472 -0.07699418 -49.20267 6.390046 -53.89584
0.4137725 -0.5502593 0.3187578 -32.52328 -7.754992 4.539282
0.4171905 -0.5368316 0.3558671 -25.25611 -8.915298 4.36371
0.4162139 -0.5224273 0.3692949 -18.31717 -9.060336 4.127069
0.4154815 -0.5221831 0.3893144 -10.0271 -9.106137 3.378977
0.4108428 -0.5124175 0.390291 -2.782825 -9.136671 2.928595
0.3998565 -0.5107085 0.390291 4.568321 -9.220641 2.279741
0.3935088 -0.5055816 0.3910234 11.59886 -9.106137 1.57745
0.3815459 -0.5287749 0.3856523 21.88893 -10.35041 0.7377548
0.3686064 -0.6054351 0.4335039 43.34695 -12.34278 -1.773695
0.3459014 -0.4360015 0.3439043 30.74389 -5.083237 -0.2011757
0.3478545 -0.487271 0.3048418 36.78969 -12.34278 0.9743977
0.3512725 -0.5370757 0.3075273 30.41565 -15.0527 4.00493
0.357376 -0.5182769 0.2992265 31.47672 -14.86186 4.943863
0.3666533 -0.6449859 0.3194902 44.82786 -17.17484 5.966763
0.367874 -0.4823882 0.2579668 24.43092 -15.44965 10.40188
0.3820342 -0.5204741 0.2350175 22.46908 -21.12904 13.14997
0.3939971 -0.5612456 0.2672441 15.8584 -23.26644 17.37134
0.3883818 -0.5553863 0.2709062 13.64466 -24.8695 20.34844
0.3866729 -0.5529449 0.2765214 10.51488 -26.73209 23.56218
0.3854522 -0.5461089 0.2972734 6.637022 -28.60995 26.88279
0.3859404 -0.5307281 0.3238847 2.911832 -30.64812 30.46295
0.3927764 -0.52023 0.3482988 -0.1721377 -32.18247 33.47821
0.3942412 -0.509732 0.3873613 -3.607252 -33.0756 36.52402
0.4120635 -0.4814116 0.4305742 -6.660687 -33.54125 39.90569
0.407669 -0.4667632 0.4618242 -7.851527 -33.51835 41.96676
0.4259795 -0.4262359 0.4879472 -9.546184 -32.52599 44.14997
0.4191436 -0.414273 0.5157793 -9.775191 -32.36568 45.74539
0.4311065 -0.3720366 0.5323808 -10.1645 -31.43438 46.73012
0.4352569 -0.3603179 0.562166 -9.912596 -30.54125 47.48585
0.4296416 -0.3207671 0.5765703 -9.378244 -29.44965 47.92096
0.4342803 -0.2970855 0.5829179 -8.958397 -27.67102 47.55455
0.451126 -0.285855 0.5982988 -3.439313 -26.57942 45.49348
0.4367217 -0.2543609 0.6449296 14.59122 -25.73209 43.76066
0.4081573 -0.1806304 0.6305254 6.873664 -22.08324 43.78356
0.4188994 -0.1310698 0.6034257 -1.072901 -21.0756 42.47821
0.4140166 -0.1310698 0.6100175 -5.286641 -19.48018 41.44005
0.3922881 -0.1520659 0.5973222 -5.714122 -18.48018 39.58508
0.3803252 -0.1806304 0.5836504 -1.15687 -18.97637 37.27211
0.3664092 -0.1010405 0.5968339 -2.843893 -16.97637 35.12707
0.3510283 -0.1896636 0.5724199 -4.15687 -15.80843 33.73012
0.3605498 -0.1659819 0.5851152 1.988168 -18.25881 31.60798
0.3593291 -0.1750151 0.5863359 1.522519 -16.13667 30.1805
0.3527373 -0.1674468 0.5885332 1.095038 -15.81606 28.27974
0.3686064 -0.1415679 0.58658 -0.7599239 -14.66339 26.56218
0.3688506 -0.1320464 0.5787675 -6.523283 -13.44201 26.08127
0.3668975 -0.1501128 0.5804765 -13.99656 -12.25117 25.68432
0.3717803 -0.1813628 0.5887773 -18.22557 -11.83133 24.9286
0.3813018 -0.1940581 0.5860918 -20.59962 -10.60232 24.14997
0.3737334 -0.2140776 0.5965898 -21.64542 -9.129038 23.44005
0.3610381 -0.2204253 0.6070879 -20.58435 -7.762626 22.53165
0.3412627 -0.2323882 0.6085527 -18.47748 -6.167206 21.01257
0.3288115 -0.2397124 0.5961015 -15.51565 -4.335145 19.76066
0.3095244 -0.2504546 0.5924394 -12.52328 -2.571786 17.9744
0.291458 -0.256314 0.5682695 -10.27901 -0.7778932 16.91333
0.2819365 -0.254605 0.544832 -8.706489 0.5198169 16.02783
