0.7953643 -0.579312 0.5314043 -31.46985 14.89386 34.0202
0.7846221 -0.5475738 0.5438554 -31.46985 13.39005 34.86753
0.7841338 -0.5353667 0.5597246 -30.72176 12.51982 35.76829
0.7934112 -0.4555327 0.5582597 -24.17977 9.176306 35.90569
0.7890166 -0.4225738 0.5472734 -23.52328 8.016001 35.85989
0.7848662 -0.3937652 0.5480058 -23.69122 6.80226 35.69196
0.7782744 -0.3737456 0.5401933 -25.0042 5.321343 35.53928
0.7838897 -0.3708159 0.5406816 -28.06527 3.90913 35.78356
0.7777862 -0.3571441 0.5357988 -32.72939 2.680122 36.27211
0.7743682 -0.3710601 0.5467851 -36.0042 0.870962 36.70722
0.7731475 -0.3786284 0.5589921 -38.03473 -0.8313283 37.25684
0.7707061 -0.379605 0.5626543 -38.67595 -2.197741 37.39425
0.7606963 -0.3866851 0.5729082 -38.17977 -3.525985 37.40951
0.7536162 -0.3822906 0.5763261 -37.24847 -4.968733 37.33318
0.7528838 -0.3735015 0.5775468 -36.45458 -6.419115 37.0431
0.7421416 -0.3632476 0.5758379 -36.92023 -7.915298 37.40188
0.7563018 -0.3439605 0.5873125 -38.69886 -9.190107 37.76066
0.7609405 -0.3254058 0.5992754 -43.01947 -10.96873 38.34081
0.777542 -0.3168609 0.6149004 -48.43932 -12.50308 39.14233
0.782669 -0.2951324 0.6361406 -53.14924 -14.22064 38.72249
0.7814483 -0.2558257 0.6766679 -56.13397 -14.97637 37.39425
0.7834014 -0.2411772 0.7084062 -57.14161 -14.94583 34.66905
0.7987823 -0.2287261 0.7411211 -54.0958 -15.69392 31.31028
0.8080596 -0.2045562 0.7557695 -54.04237 -15.51835 27.58508
0.8249053 -0.1994292 0.7879961 -49.9355 -14.85423 23.0889
0.8380889 -0.1899077 0.8185137 -46.45458 -13.40385 18.27974
0.8459014 -0.1847808 0.8404863 -40.59962 -12.0069 12.54692
0.8595733 -0.193814 0.8587969 -35.45458 -10.27408 7.501115
0.8542022 -0.2314116 0.8712481 -31.53855 -9.037436 2.134703
0.8759307 -0.2362944 0.8844316 -27.97366 -6.235909 -1.972168
0.9088897 -0.2384917 0.8790606 -25.56145 -3.556519 -5.483618
0.9032744 -0.2792632 0.8910234 -22.61489 -1.655756 -9.048504
0.8947295 -0.3027007 0.8839434 -20.85153 0.7182901 -11.56759
0.8991241 -0.3346831 0.8722246 -19.38588 2.962565 -13.46072
0.8617705 -0.3070952 0.6068437 -20.30191 9.367146 2.470581
0.8754424 -0.2687652 0.603914 -15.01183 -12.93056 12.63089
0.876419 -0.2682769 0.6241777 -15.21031 -14.35041 14.00493
0.8632354 -0.2731597 0.6124589 -12.67595 -16.51072 13.71486
0.8761748 -0.2589995 0.621248 -9.851526 -18.31224 14.05073
0.8693389 -0.2565581 0.6127031 -5.362977 -20.67866 13.36371
0.8708037 -0.2565581 0.607332 -1.370611 -22.13667 12.27211
0.8722686 -0.2394683 0.6170976 2.804962 -23.49545 11.12707
0.8844756 -0.2255522 0.6156328 6.522519 -25.13667 9.203404
0.8791045 -0.2279937 0.6241777 7.453817 -27.80843 9.127069
0.8791045 -0.2174956 0.6283281 6.980534 -28.0527 8.096535
0.8832549 -0.2170073 0.6197832 6.369847 -29.38858 7.165236
0.8861846 -0.2399565 0.6339433 4.698091 -31.57942 6.546916
0.9079131 -0.242398 0.6405351 0.1255722 -31.78553 6.867527
0.9218291 -0.2602202 0.6424882 -4.340076 -33.64812 7.302641
0.9201201 -0.303189 0.6573808 -9.202672 -34.86186 8.356076
0.9208526 -0.3092925 0.6808183 -13.63779 -35.37331 9.87516
0.9303741 -0.3207671 0.7040117 -16.24084 -36.45728 11.36371
0.918167 -0.3464019 0.7223222 -17.85916 -36.77789 12.34081
0.9220733 -0.3315093 0.7286699 -19.1874 -37.56415 14.066
0.9167022 -0.3227202 0.7486894 -19.79809 -37.12904 15.47821
0.9203643 -0.3219878 0.760164 -20.85153 -37.32751 16.82936
0.9447783 -0.2958648 0.7726152 -22.33244 -37.66339 18.92096
0.9726104 -0.2817046 0.7933671 -22.01947 -38.08324 19.40188
0.9679717 -0.2653472 0.8175371 -21.59962 -38.08324 20.50111
1.001907 -0.1735503 0.8265703 -25.82862 -38.16721 19.60798
1.057083 -0.1789214 0.8644121 -30.37061 -34.94583 19.98203
1.087356 -0.1820952 0.8678301 -35.88969 -33.90767 20.44768
1.104446 -0.1618315 0.8932207 -43.26374 -33.26644 20.96676
1.10347 -0.1567046 0.9029863 -49.67596 -31.86186 22.90569
1.099808 -0.101773 0.9225176 -59.56145 -29.32751 24.68432
1.020462 -0.1291167 0.9674395 -67.27901 -27.08324 23.67669
1.011429 -0.1200835 0.9794024 -70.73702 -24.0527 22.82173
1.05806 -0.1073882 0.9879473 -71.76756 -21.19774 21.86753
1.076126 -0.1203276 0.9786699 -69.66069 -17.28934 19.43241
1.085647 -0.1403472 0.9862383 -64.95076 -13.19011 17.07363
1.084671 -0.1620757 0.9806231 -57.82863 -10.26644 14.34081
1.091995 -0.1779448 0.9918535 -49.8897 -6.28171 11.47058
1.093216 -0.1845366 0.989168 -41.94313 -2.151939 8.501115
1.085403 -0.2004058 0.9789141 -32.30191 2.222107 6.096535
1.060989 -0.2079741 0.9796465 -24.79809 6.099969 4.569817
1.009476 -0.1742827 0.9686602 -18.87443 9.725924 2.76829
0.9843291 -0.1733062 0.957918 -13.46221 13.67249 0.6156178
0.9660186 -0.173062 0.9381426 -10.63015 17.38241 -0.4225502
0.9569854 -0.171353 0.9212969 -9.553817 21.41295 -0.5370541
0.9472198 -0.1801421 0.8976152 -8.820992 24.97783 -0.3691139
0.9364776 -0.1930816 0.8722246 -8.0271 27.9473 -0.2469769
0.9318389 -0.1962554 0.827791 -8.233206 30.95493 -0.07140541
0.9196319 -0.1984526 0.8116777 -8.790459 33.23738 0.3560772
0.9245147 -0.1935698 0.7943437 -10.81336 35.22211 1.371344
0.9230498 -0.2104155 0.7689531 -13.59962 37.18394 2.348442
0.9206084 -0.2143218 0.7279375 -15.23321 38.22974 4.25684
0.9127959 -0.1501128 0.7264726 -7.64542 36.00073 3.348442
0.9147491 -0.1010405 0.7962968 10.23244 34.61906 0.9133282
0.8891143 -0.03023975 0.8082598 33.53015 35.9473 -4.819496
0.8515166 0.101352 0.8253496 50.67519 36.62669 -9.80423
0.8551787 0.0517915 0.7572343 55.72099 38.016 -17.90347
0.8761748 0.04422315 0.6947343 51.89656 36.42058 -18.19354
0.8661651 -0.03487842 0.6261308 27.69046 37.83279 -14.40728
0.8976592 -0.009976074 0.5729082 -7.004199 34.51218 -3.25461
0.8258819 0.1496919 0.6612871 -59.89733 27.25264 9.043099
0.7980498 0.1162446 0.8448809 -69.08054 28.87096 6.798824
0.8800811 -0.0431792 0.878084 -58.95076 37.55035 0.02783203
0.9296416 -0.1230132 0.7455156 -41.48512 41.22211 -5.872931
0.9408721 -0.2145659 0.6598222 -29.79809 38.19921 -7.766062
0.9098662 -0.2633941 0.6041582 -23.59962 35.04654 -7.384382
0.9091338 -0.3122222 0.5887773 -15.69885 31.38241 -5.956902
0.9140166 -0.3039214 0.6158769 -13.33244 28.05417 -3.117207
0.8991241 -0.3070952 0.6241777 -5.805725 26.58088 -2.643923
0.8788604 -0.2775542 0.6449296 -2.798092 25.88623 -1.460718
0.8507842 -0.2726714 0.6512773 -2.057634 25.06944 0.1499691
0.8332061 -0.2773101 0.6634843 -3.126336 24.84043 1.00493
0.8119658 -0.2670562 0.6532304 -3.653054 24.23737 2.569817
0.7938994 -0.2839019 0.6407793 -7.042367 23.29081 4.630886
0.7997588 -0.2526519 0.6239336 -12.71412 23.02363 8.310275
0.7768096 -0.1344878 0.5909746 -23.0271 20.84043 11.31028
0.7863311 -0.1247222 0.589998 -24.0729 19.16104 11.31791
0.784378 -0.1535308 0.5770586 -25.72176 17.9702 11.25684
0.7992705 -0.218228 0.5362871 -20.65305 15.34424 10.67669
0.8163604 -0.2704741 0.5038164 -20.59199 13.03127 12.00493
0.8166045 -0.303189 0.4740312 -17.48512 8.985466 13.05837
0.7958526 -0.3537261 0.4486406 -15.71412 5.290809 14.58508
0.7936553 -0.3849761 0.4598711 -13.59198 1.710656 17.70722
0.7858428 -0.3871734 0.4505937 -15.70649 -2.854229 22.34081
0.779251 -0.3788726 0.4825761 -17.1645 -6.968733 26.69959
0.7912139 -0.3612945 0.5138261 -20.12634 -10.65576 30.66142
0.8041533 -0.3307769 0.5472734 -24.14924 -13.26644 34.72249
0.8207549 -0.3056304 0.5878007 -26.50801 -14.71682 37.88279
0.8310088 -0.290982 0.6095293 -28.38588 -15.67866 40.45531
0.5126494 0.02469189 0.3487871 84.98054 -26.62522 25.0431
0.4838408 -0.1332671 0.4896562 55.24771 -36.0756 37.28738
0.4782256 -0.1266753 0.4798906 53.67519 -36.43438 38.36371
0.4662627 -0.1374175 0.5018632 51.66756 -36.25881 38.48585
0.4706573 -0.1315581 0.510164 49.60649 -36.41911 38.98203
0.4833526 -0.1352202 0.5196855 47.59885 -36.01453 39.44768
0.4787139 -0.1379058 0.5243242 44.72099 -35.72446 40.05074
0.4899444 -0.1415679 0.5311601 41.36985 -35.70156 40.19577
0.4970244 -0.1327788 0.543123 37.43092 -35.11377 41.066
0.4982451 -0.1339995 0.5336015 33.17137 -34.80079 41.78356
0.5001983 -0.1305815 0.5497148 28.34695 -34.28934 42.45531
0.4994658 -0.1222808 0.5494707 23.33931 -34.04507 43.38661
0.5050811 -0.1130034 0.5536211 17.89656 -32.9153 44.08127
0.4972686 -0.1051909 0.5462968 12.23244 -32.48018 44.83699
0.5021514 -0.1039702 0.5624101 6.972901 -31.79316 45.36371
0.5016631 -0.1059233 0.5597246 2.011069 -30.80079 45.44005
0.4975127 -0.1005522 0.5631425 -2.317176 -29.65576 45.66905
0.4987334 -0.09835499 0.5545976 -6.011832 -28.79316 45.38661
0.4965362 -0.09298389 0.557039 -8.94313 -28.0756 44.85226
0.4911651 -0.07467334 0.5455644 -13.67595 -27.36568 44.69958
0.4977569 -0.07003467 0.5387285 -16.37824 -26.26644 43.71486
0.4936065 -0.07174366 0.5360429 -19.9126 -24.9611 42.37897
0.4989776 -0.0744292 0.5282304 -20.82099 -23.73973 40.88279
0.5001983 -0.07809131 0.5104082 -21.9126 -22.8924 39.1118
0.4867705 -0.0719878 0.5096757 -22.46221 -21.97637 36.88279
0.4897002 -0.07857959 0.5016191 -22.85153 -20.8466 34.88279
0.4914092 -0.08321827 0.4918535 -23.36298 -19.97637 32.82172
