0.9436685 -0.02618347 1.439128 269.6508 -195.0644 251.8109
0.7947427 0.07513489 1.401286 269.6508 -182.7362 251.8109
0.5969888 -0.05572449 1.383708 269.6508 -172.0186 251.8109
0.5325356 0.08490051 1.404948 269.6508 -162.9652 251.8109
0.5725747 -0.07208191 1.292888 269.6508 -145.3545 251.8109
0.4336587 -0.09625183 1.315837 269.6508 -133.3774 251.8109
0.5581704 -0.006896362 1.212321 264.2539 -120.9881 251.8109
0.4631997 -0.005431518 1.244792 248.6661 -114.0644 251.8109
0.493229 0.01190247 1.198161 237.7196 -104.1866 251.8109
0.5271646 -0.006408081 1.169597 231.9104 -95.34688 251.8109
0.4981118 -0.06915222 1.145671 233.7119 -91.69038 251.8109
0.5862466 -0.09210144 1.15153 237.1852 -79.76672 251.8109
0.6328774 -0.12091 1.038005 239.3302 -71.24763 251.8109
1.124088 -0.01324402 0.9281416 242.4218 -63.62168 251.8109
0.9805337 -0.1577753 0.9506025 246.8188 -52.20183 251.8109
1.047184 -0.1707147 0.7450361 254.3531 -37.3316 251.8109
0.8770181 -0.009826049 0.739665 269.6508 -51.1255 251.8109
0.8757974 -0.1409296 0.6603193 269.6508 -46.2629 251.8109
0.8792153 -0.05059753 0.6686201 269.6508 -36.1484 251.8109
0.8877603 -0.0684198 0.5099287 269.6508 -32.58351 251.8109
0.9163247 -0.02178894 0.4396162 269.6508 -29.38504 251.8109
0.9368325 0.01605286 0.2740889 269.6508 -29.49191 251.8109
0.9583169 0.06268372 0.1720381 269.6508 -28.05679 251.8109
1.009098 0.1041876 0.105876 261.1928 -29.17893 251.8109
1.034733 0.1547247 0.01285839 247.0936 -31.78199 251.8109
1.128483 0.3158575 -0.1844072 255.8951 -28.27053 251.8109
0.9580728 0.8190313 -0.2605791 269.6508 -22.24763 251.8109
1.196598 1.188416 -0.2605791 263.3684 -65.1713 251.8109
1.354557 0.7296759 -0.2605791 253.9333 -74.04916 251.8109
1.495426 0.919129 -0.2605791 204.8417 -87.14839 251.8109
1.125065 1.171082 -0.2605791 194.2234 -103.1331 251.8109
1.053776 1.345887 -0.2605791 169.918 -123.0492 251.8109
1.079899 1.3349 -0.2605791 150.1318 -133.1331 251.8109
1.085514 1.58075 -0.2605791 129.3531 -154.4385 251.8109
1.01862 1.501404 -0.2537432 142.5211 -184.9805 251.8109
1.1861 1.443787 -0.09505177 115.3379 -188.5988 251.8109
1.455143 1.40326 0.04508495 122.8035 -202.5377 251.8109
1.500065 1.556092 0.1783857 125.8264 -214.3087 251.8109
1.534977 1.571229 0.3143721 141.8112 -222.927 251.8109
1.641667 1.787537 0.2259932 143.6356 -241.1484 251.8109
1.697575 2.007996 0.4025068 147.7806 -240.0339 251.8109
1.711735 2.104676 0.5409346 154.4829 -232.8354 251.8109
1.962711 2.224976 0.7035322 171.7501 -242.2171 251.8109
1.923893 2.224976 1.00236 181.9104 -259.1713 251.8109
2.124577 2.224976 0.9650068 181.7119 -257.7515 251.8109
1.944157 2.224976 1.319987 155.3837 -237.5224 248.7422
1.99445 2.224976 1.464763 147.0325 -217.6369 225.2079
2.171696 2.224976 1.405681 146.9715 -200.1102 203.4903
2.096012 2.224976 1.604899 135.8341 -183.1255 188.2766
1.972477 2.224976 1.71989 117.7806 -166.1942 176.2079
1.94318 2.224976 1.763103 104.6738 -147.2934 161.2231
1.895329 2.224976 1.810466 93.78825 -128.8049 148.5361
1.719792 2.224976 1.842692 78.48292 -121.5759 142.2995
1.638249 2.224976 1.824626 58.58979 -100.5301 126.4445
1.490788 2.224976 1.972087 36.84169 -68.66748 91.77274
1.524967 2.224976 2.093181 18.98673 -49.52245 70.59716
1.576725 2.224976 1.920085 6.116504 -37.2858 50.66586
1.571842 2.224976 1.895671 -7.188839 -20.24763 27.32998
1.655827 2.224976 1.802897 -28.05143 0.5538921 3.223114
1.752506 2.224976 1.845378 -36.89113 15.59969 -26.53261
1.759342 2.224976 1.835856 -55.96746 32.22565 -55.63948
1.807438 2.224976 1.833171 -67.89876 46.98901 -89.04406
1.847477 2.224976 1.81779 -83.66212 66.51573 -126.7769
1.895329 2.224976 1.789958 -87.91403 80.8058 -164.6853
1.90778 2.224976 1.760173 -92.70792 96.17984 -204.2578
1.92902 2.224976 1.682048 -95.54762 110.157 -243.6547
1.917545 2.224976 1.591716 -108.9904 122.5386 -248.4563
1.956852 2.224976 1.530681 -116.5782 133.615 -248.4563
2.048893 2.224976 1.413981 -126.0743 141.9356 -248.4563
2.206364 2.224976 1.360271 -136.0209 152.3631 -248.4563
-1.71014 -1.774963 -0.2605791 -133.6392 -49.65985 -24.33414
0.3582192 -1.199279 0.6083174 210.2081 -269.1713 180.2613
0.3674966 -1.06842 0.7982588 247.9562 -269.1713 184.7651
0.4026528 -0.702453 0.9125166 266.3837 -262.927 186.6048
0.4024087 -0.6055292 1.000896 269.6508 -245.0873 191.8262
0.4077798 -0.2847284 0.9872236 269.6508 -227.0721 184.5361
0.3098794 0.6923223 0.6842451 269.6508 -218.0644 178.4979
0.5266763 -0.1575311 0.7853193 269.6508 -227.8812 176.3376
0.2305337 0.2394415 1.028972 269.6508 -214.5682 174.5361
0.3086587 0.1632697 0.9835615 269.6508 -199.3316 180.0781
0.2803384 0.4686895 0.9672041 269.6508 -192.5911 180.6811
0.3350259 0.4323126 1.00114 269.6508 -184.1866 180.2079
0.401188 0.4342657 0.9552412 269.6508 -174.1866 175.8338
0.3967935 0.4293829 0.8597822 265.5135 -169.7133 176.6124
0.3970376 0.3761603 0.831706 249.9715 -166.614 179.9865
0.4043618 0.372254 0.8395185 234.1089 -162.1255 184.0246
0.3902017 0.3378302 0.8231611 222.7272 -160.8583 188.3224
0.4002114 0.2868048 0.8204756 208.7654 -158.0644 194.5056
0.3972817 0.250672 0.8260908 201.399 -157.2553 199.5056
0.4209634 0.2370001 0.84904 192.0173 -156.095 205.8338
0.434147 0.208924 0.8756514 184.9409 -156.1255 212.2689
0.4539224 0.1896368 0.9154463 180.4906 -154.7896 219.4903
0.4942056 0.1849982 0.9557295 174.7501 -152.1942 226.2155
0.5137368 0.189881 0.9816084 170.4218 -150.1942 235.1163
0.5601235 0.2167365 0.9850264 167.6509 -148.5606 242.1315
0.6214028 0.1869513 1.057048 165.0096 -140.9499 248.7498
0.6209146 0.1869513 1.029948 164.1241 -142.0492 251.8109
0.6299478 0.2882696 1.041667 161.1241 -138.7514 251.8109
0.6487466 0.2626349 1.054851 167.9028 -135.9881 251.8109
0.7215005 0.4061895 1.055827 172.0249 -130.6599 251.8109
0.7354165 0.4340216 1.033366 176.3531 -128.0415 251.8109
0.7520181 0.5236212 0.9786787 185.399 -122.927 251.8109
0.7183267 0.6251837 0.885417 191.1776 -124.8965 251.8109
0.7312661 0.6769415 0.8175459 196.1928 -125.5148 251.8109
0.7261392 0.7689825 0.7652998 204.4677 -125.5606 251.8109
0.5808755 0.9010626 0.8175459 203.7806 -135.4308 251.8109
0.7891274 1.014832 0.6669111 203.8646 -119.8507 251.8109
0.823063 0.9994513 0.6158857 200.0631 -122.3163 251.8109
0.8228189 1.130311 0.526042 206.2921 -138.8278 251.8109
0.8255044 1.200623 0.588542 207.4066 -140.1866 251.8109
0.9819985 1.363221 0.5033369 211.8188 -146.7056 251.8109
0.9566079 1.443055 0.5279951 201.8112 -159.1484 251.8109
0.7818032 1.543152 0.6937666 195.5745 -154.5835 251.8109
0.9031411 1.622742 0.6564131 182.7043 -156.4919 251.8109
0.9561196 1.691346 0.7245283 174.6051 -160.1866 251.8109
1.022282 1.769959 0.7902021 167.3761 -163.0339 251.8109
1.012272 1.838563 0.8221846 159.002 -168.0873 251.8109
1.118229 1.929871 0.7850752 151.1318 -166.0568 251.8109
1.087956 2.024354 0.8685713 137.9867 -167.6599 251.8109
1.124577 1.997742 0.9725752 118.6203 -180.6217 251.8109
1.125309 2.224976 1.151042 119.1852 -171.5911 251.8109
1.088688 2.224976 1.26945 107.1165 -163.2553 239.4674
1.066227 2.224976 1.345378 105.0173 -160.4995 225.7193
1.092594 2.224976 1.388591 103.2463 -159.9728 214.3605
1.074772 2.224976 1.482829 104.8417 -161.2553 203.2537
1.037907 2.224976 1.601481 109.544 -169.0415 206.3453
1.145085 2.224976 1.60612 115.0402 -159.8889 196.0399
1.10529 2.224976 1.779704 115.4447 -138.7056 161.2766
1.191959 2.224976 1.753825 149.6967 -131.9805 138.2766
1.030094 2.224976 1.750163 140.1394 -125.3774 131.7804
1.066715 2.224976 1.764323 138.1089 -118.698 118.2995
1.037174 2.224976 1.779948 139.8417 -115.8583 102.8643
1.060856 2.224976 1.815593 129.6585 -105.7362 87.29182
1.02277 2.224976 1.812419 128.4906 -95.81252 70.14678
1.076969 2.224976 1.792644 110.7425 -91.97282 62.36052
1.019108 2.224976 1.811442 103.4295 -86.2858 39.34525
1.091862 2.224976 1.856608 76.47528 -78.49191 13.97884
1.033024 2.224976 1.965739 65.42948 -58.62168 -13.08986
1.02985 2.224976 1.991374 46.33025 -48.85832 -35.62421
0.9885903 2.224976 2.024333 26.39131 -39.64458 -58.38757
1.098698 2.224976 2.067546 14.29971 -23.46137 -83.89902
1.208317 2.224976 2.059489 0.04016685 -7.240001 -108.7692
1.187077 2.224976 2.029704 -23.98273 5.095877 -131.4257
1.286198 2.224976 2.012126 -34.86823 21.88214 -157.4028
1.34821 2.224976 1.994304 -46.39495 37.79053 -182.128
1.385563 2.224976 2.034343 -54.38731 52.86687 -207.2044
1.438053 2.224976 1.996745 -62.89113 69.40121 -231.6853
1.469059 2.224976 1.958415 -73.37968 80.98137 -248.4563
1.542301 2.224976 1.997722 -79.85297 98.34015 -248.4563
1.602604 2.224976 1.933269 -91.43312 114.4623 -248.4563
