1.529362 1.449402 0.3746748 125.147 -182.6827 251.8109
1.611637 2.224976 1.437663 170.7883 -89.78961 187.0018
1.404118 2.224976 1.548991 122.9944 -92.01099 160.6048
1.283512 2.224976 1.936687 79.57452 -61.72092 123.5361
1.574284 2.224976 1.913981 46.03253 -35.83542 84.31472
1.557438 2.224976 1.881999 20.9333 -25.56061 49.73457
1.50153 2.224976 1.885661 -4.524717 -11.47664 10.45975
1.580387 2.224976 1.956218 -35.8377 3.492825 -33.65475
1.785221 2.224976 1.950114 -56.39495 26.8516 -81.79215
1.904118 2.224976 1.860026 -75.79953 50.69893 -131.5937
2.038395 2.224976 1.816569 -87.37968 74.09587 -186.0593
2.134342 2.224976 1.749431 -107.2728 92.08824 -238.7463
2.172916 2.224976 1.665202 -118.5476 114.0501 -248.4563
2.278141 2.224976 1.518229 -131.4026 131.2028 -248.4563
2.289799 2.224976 1.431071 -147.3644 148.3554 -248.4563
2.289799 2.224976 1.332194 -168.601 168.2104 -248.4563
2.289799 2.224976 1.015788 -159.143 189.4394 -248.4563
2.289799 2.224976 0.6957197 -172.5629 196.5539 -248.4563
2.289799 2.224976 0.5077314 -174.7461 211.302 -248.4563
2.289799 2.224976 0.2799482 -181.1965 217.2791 -248.4563
2.289799 2.224976 0.2538252 -180.6545 222.1188 -248.4563
2.289799 2.224976 -0.01814747 -182.5705 231.0959 -248.4563
2.289799 2.224976 -0.1812334 -190.6392 231.0959 -248.4563
2.289799 2.059022 -0.2605791 -194.9522 231.0959 -248.4563
2.289799 1.768494 -0.2605791 -210.3033 231.0959 -248.4563
2.289799 1.509461 -0.2605791 -230.6163 231.0959 -248.4563
2.289799 1.261414 -0.2605791 -230.6163 231.0959 -248.4563
2.289799 1.048035 -0.2605791 -230.6163 231.0959 -248.4563
2.289799 0.856629 -0.2605791 -230.6163 231.0959 -248.4563
2.289799 0.8038946 -0.2605791 -230.6163 231.0959 -248.4563
2.289799 0.5748907 -0.2605791 -230.6163 231.0959 -248.4563
2.289799 0.5016485 -0.2605791 -230.6163 231.0959 -248.4563
2.289799 0.09710754 -0.2605791 -230.6163 231.0959 -248.4563
2.289799 -0.6929316 -0.2605791 -230.6163 231.0959 -248.4563
2.289799 -0.7476191 -0.2605791 -230.6163 231.0959 -248.4563
2.289799 -1.019836 -0.2605791 -230.6163 231.0959 -248.4563
2.289799 -1.210998 -0.2605791 -230.6163 231.0959 -248.4563
2.289799 -1.601623 -0.2605791 -230.6163 231.0959 -248.4563
2.289799 -1.744445 -0.2605791 -230.6163 231.0959 -248.4563
2.289799 -1.774963 -0.2605791 -230.6163 231.0959 -248.4563
2.289799 -1.774963 -0.2605791 -230.6163 231.0959 -248.4563
2.289799 -1.774963 -0.2605791 -230.6163 231.0959 -248.4563
2.030827 -1.774963 -0.2605791 -230.6163 231.0959 -248.4563
1.563786 -1.774963 -0.2605791 -20.89113 131.0043 -248.4563
0.2612954 -1.774963 -0.2605791 -93.19647 12.8516 -248.4563
-1.049251 -1.774963 -0.2605791 50.15467 -94.14076 -229.7769
-1.71014 -1.774963 -0.2605791 67.74246 -146.2018 -156.0441
-1.71014 -1.774963 -0.2605791 58.92566 -200.156 -95.71582
-1.71014 -1.774963 -0.2605791 -10.76899 -225.0339 -44.2807
-1.227718 -1.774963 -0.2605791 -19.19647 -269.1713 -3.761618
-0.6410483 -1.774963 -0.2605791 -25.38731 -269.1713 40.66586
-0.3290366 -1.774963 -0.2605791 -36.49418 -269.1713 80.29945
0.3194009 -1.774963 -0.2605791 -15.64685 -269.1713 119.9636
0.7144204 -1.774963 -0.2605791 24.73483 -269.1713 151.0704
0.7537271 -1.774963 0.1183271 16.62795 -269.1713 195.6353
1.375797 -1.774963 0.246501 62.33788 -269.1713 196.0552
0.8723794 -1.774963 0.9830732 71.9791 -269.1713 211.3529
1.223454 -1.774963 1.262858 81.21574 -269.1713 251.8109
1.210758 -1.774963 1.450847 109.7806 -269.1713 251.8109
1.219059 -1.774963 1.729655 137.147 -269.1713 251.8109
1.237614 -1.774963 1.806804 167.0631 -248.4079 251.8109
1.151432 -1.21173 1.652995 179.4906 -223.2095 251.8109
1.551334 -1.185851 1.256999 209.2081 -211.4614 251.8109
1.414127 -1.307189 1.204753 238.7577 -207.614 251.8109
1.001774 -0.7732538 1.833903 246.5058 -169.553 251.8109
1.017155 -0.6279902 1.582683 255.9104 -161.9728 251.8109
0.9761392 -0.6516718 1.334147 257.5669 -146.2018 251.8109
1.042301 -0.5571894 1.29362 263.8264 -133.553 251.8109
1.016178 -0.5151972 1.273601 267.4447 -117.5301 251.8109
1.017155 -0.4043573 1.18864 269.6508 -102.9805 251.8109
1.083561 -0.30841 1.047771 269.6508 -94.41557 251.8109
1.044499 -0.3491815 0.9798994 269.6508 -77.98809 251.8109
0.9854165 -0.1687616 0.8365889 269.6508 -74.95756 251.8109
0.9900552 -0.1199335 0.7247725 269.6508 -70.88123 251.8109
0.8679849 0.1356818 0.7071943 269.3531 -62.83542 251.8109
0.8184243 0.4137579 0.6866865 252.6814 -65.39267 251.8109
0.96027 0.2614142 0.1720381 269.6508 -62.94992 251.8109
1.041813 0.2782599 0.2489424 269.6508 -62.06443 251.8109
1.027165 0.3717657 0.2025557 269.6508 -59.76672 251.8109
1.001286 0.4098516 0.145915 269.6508 -62.65221 251.8109
1.030583 0.4638067 0.0543623 269.6508 -67.04916 251.8109
1.018864 0.4713751 -0.05428028 269.6508 -69.14839 251.8109
1.056461 0.5548712 -0.1455889 269.6508 -76.2629 251.8109
1.01154 0.5695196 -0.1992998 262.5135 -84.83542 251.8109
1.022526 0.8129278 -0.1558428 262.7348 -89.46901 251.8109
1.075993 0.9310919 -0.2605791 246.9257 -105.6446 251.8109
1.104557 0.827088 -0.1480303 243.1776 -115.843 251.8109
1.144352 0.9257208 -0.1289873 231.1623 -117.0568 251.8109
1.14777 0.9830938 -0.1917315 222.9944 -126.8354 251.8109
1.151188 1.102967 -0.2095537 216.689 -136.0492 251.8109
1.735172 2.224976 1.736979 38.56689 19.65313 -10.31124
2.289799 0.5123907 -0.2605791 -230.6163 231.0959 -248.4563
2.289799 0.2946173 -0.2605791 -230.6163 231.0959 -248.4563
2.289799 0.09344543 -0.2605791 -230.6163 231.0959 -248.4563
2.289799 -0.8223261 -0.2605791 -230.6163 231.0959 -248.4563
2.289799 -0.7131952 -0.2605791 -230.6163 231.0959 -248.4563
2.289799 -0.73883 -0.2605791 -230.6163 231.0959 -248.4563
2.289799 -0.9412226 -0.2605791 -230.6163 231.0959 -248.4563
2.289799 -1.489562 -0.2605791 -230.6163 231.0959 -248.4563
2.289799 -1.627258 -0.2605791 -230.6163 231.0959 -248.4563
2.289799 -1.774963 -0.2605791 -230.6163 231.0959 -248.4563
2.289799 -1.774963 -0.2605791 -230.6163 231.0959 -248.4563
2.289799 -1.774963 -0.2605791 -230.6163 231.0959 -248.4563
1.820377 -1.774963 -0.2605791 -230.6163 231.0959 -248.4563
1.600163 -1.774963 -0.2605791 -230.6163 231.0959 -248.4563
1.005924 -1.774963 -0.2605791 -63.9064 150.7371 -248.4563
0.9326821 -1.774963 -0.2605791 -5.478916 46.8287 -248.4563
-0.4730796 -1.774963 -0.2605791 6.933297 -50.92702 -248.0288
-1.617855 -1.774963 -0.2605791 86.28444 -90.59114 -212.9143
-1.71014 -1.774963 -0.2605791 140.3379 -160.469 -160.7692
-1.565609 -1.774963 -0.2605791 117.7501 -205.4156 -98.52498
-1.072445 -1.774963 -0.2605791 96.06306 -247.7667 -38.41811
-0.3749351 -1.774963 -0.2605791 66.96384 -265.2782 19.11624
0.071354 -1.774963 -0.2605791 58.71956 -269.1713 64.93304
0.4563638 -1.774963 -0.2605791 93.29208 -269.1713 108.643
0.758854 -1.774963 0.3148603 90.42184 -269.1713 157.0704
0.8860513 -1.774963 0.6654463 112.6585 -260.5377 185.2842
0.9131509 -1.774963 0.7736006 101.5058 -254.5453 228.1926
1.415348 -1.774963 0.4022627 80.19284 -233.5148 251.8109
1.23151 -1.774963 0.979167 144.2234 -236.3774 229.559
1.529362 -1.774963 1.092204 98.07834 -200.1255 251.8109
1.09943 -1.723937 1.463786 126.4371 -194.0263 251.8109
1.150456 -1.185851 1.255534 139.9409 -180.0644 251.8109
1.031071 -1.043273 1.15153 136.6203 -164.3316 251.8109
0.961979 -0.9360956 1.059978 151.1928 -161.0568 251.8109
0.9688149 -0.7490839 0.8859053 165.1776 -156.1484 251.8109
0.9917642 -0.7097773 0.8258467 168.0325 -145.5759 251.8109
0.9702798 -0.7402948 0.5843916 187.0707 -136.8202 251.8109
0.8867837 -0.4963984 0.4845381 195.2616 -143.0568 251.8109
0.7830239 -0.2920526 0.4999189 198.4447 -145.1789 251.8109
0.8189126 -0.2935175 0.4371748 204.2157 -144.5148 251.8109
0.7830239 -0.2710565 0.4208174 215.773 -148.6293 251.8109
0.7686196 -0.2564081 0.4122725 225.5516 -148.4079 251.8109
0.7962075 -0.2515253 0.4081221 238.8264 -150.4461 251.8109
0.7527505 -0.1824335 0.4264326 244.918 -149.0797 251.8109
0.7515298 -0.2134393 0.444499 256.6432 -149.7896 251.8109
0.795231 -0.1546014 0.4440107 267.231 -149.8201 251.8109
0.8189126 -0.1333612 0.44279 269.6508 -149.4156 251.8109
0.849186 -0.126037 0.4593916 269.6508 -147.843 251.8109
0.9026528 -0.03961121 0.472331 269.6508 -144.385 251.8109
0.9265786 -0.05816589 0.409831 269.6508 -141.7896 251.8109
0.9702798 -0.02886902 0.4056807 269.6508 -141.7438 251.8109
1.023502 -0.008849486 0.4239912 269.6508 -140.9881 251.8109
1.077946 0.04681458 0.3988447 269.6508 -139.4843 251.8109
1.145329 0.1010138 0.3873701 269.6508 -138.6369 251.8109
1.178288 0.1068732 0.3756514 269.6508 -138.9347 251.8109
1.221501 0.1940314 0.3336592 269.6508 -138.0644 251.8109
1.283756 0.2289435 0.3058271 266.5898 -139.5301 251.8109
1.448551 0.2880255 0.2562666 260.1852 -141.5911 251.8109
1.454655 0.2120978 0.2628584 260.4371 -142.5911 251.8109
