-0.5124278 0.2152573 1.394647 -4.674229 42.19985 -13.94495
-0.5383067 0.1993882 1.368524 -3.155145 43.58916 -14.73121
-0.5539317 0.1578843 1.333124 2.310504 45.37542 -16.90678
-0.5622324 0.15056 1.276728 7.608213 44.78764 -18.32663
-0.5644297 0.1415268 1.266962 9.470809 45.40596 -18.95258
-0.6022715 0.1490952 1.243769 11.20363 45.70367 -19.49457
-0.6208262 0.1195542 1.184442 12.47844 45.45176 -18.18922
-0.6423106 0.1381089 1.159784 11.89066 42.93267 -16.98311
-0.6679453 0.1305405 1.15246 12.71508 40.44412 -17.10525
-0.6647715 0.08317724 1.163202 14.94409 37.02428 -17.21976
-0.6337656 0.1075913 1.159296 12.2876 39.95557 -16.92205
-0.6579356 0.1063706 1.147333 14.20363 36.35252 -16.03655
-0.6313242 0.1110093 1.136591 14.04333 34.71893 -15.05182
-0.6286387 0.1110093 1.144159 15.1731 33.94031 -15.34953
-0.6247324 0.1239487 1.148798 14.02806 32.29908 -14.02892
-0.6276621 0.1461655 1.159052 12.27234 31.50519 -13.44876
-0.6293711 0.1490952 1.142694 9.997526 30.16932 -12.56327
-0.6301035 0.1564194 1.145624 7.516611 28.22275 -11.12052
-0.6159434 0.1725327 1.151483 5.592947 26.92504 -10.12815
-0.6130137 0.1825425 1.165644 3.615847 25.8029 -9.494565
-0.6071543 0.1930405 1.163935 1.883023 24.39832 -8.777008
-0.5932383 0.2006089 1.161493 0.4479084 23.72657 -8.517466
-0.5890879 0.2101304 1.18371 -0.9032368 22.7113 -8.769374
-0.5781016 0.2255112 1.197138 -1.116977 21.52046 -9.112885
-0.5722422 0.2296616 1.213495 -1.468122 21.42122 -9.380061
-0.5456309 0.2325913 1.224726 -0.7887329 21.52809 -10.36479
-0.5385508 0.228685 1.235468 0.5853129 22.12351 -11.80754
-0.5312266 0.2301499 1.246942 4.394473 22.42122 -13.75411
-0.5292735 0.2213608 1.255243 8.012794 23.07771 -16.20449
-0.5331797 0.204271 1.260614 11.30287 23.97084 -18.23502
-0.5290293 0.2108628 1.256464 14.02806 25.65023 -20.04418
-0.5439219 0.1905991 1.247919 15.62348 26.68076 -21.04418
-0.5514903 0.1722886 1.239374 17.86012 27.84107 -22.24266
-0.5595469 0.1517807 1.213739 19.53188 28.19985 -22.69304
-0.559791 0.1346909 1.202753 20.66165 28.72657 -22.90678
-0.549293 0.126146 1.192255 20.50898 29.38305 -22.48693
-0.5329356 0.1195542 1.178583 19.82195 30.28382 -22.15105
-0.5485606 0.107103 1.188837 19.61585 30.90214 -21.67014
-0.5468516 0.1022202 1.17248 19.36394 31.19221 -21.31899
-0.5578379 0.09562841 1.171259 18.48608 31.19221 -20.93731
-0.5778574 0.07975927 1.150751 16.0815 31.11588 -20.30373
-0.5776133 0.08464209 1.151483 13.62348 30.16168 -19.17395
-0.5942149 0.07805028 1.140497 11.03569 29.54336 -17.93731
-0.6003184 0.06266943 1.140009 8.661649 28.6655 -16.71594
-0.5990977 0.04924169 1.13244 8.638748 27.34489 -16.21976
-0.5990977 0.04240575 1.125116 7.562412 26.32198 -15.92205
-0.5939707 0.02971044 1.110956 6.875389 24.78763 -15.25792
-0.5849375 0.03190771 1.108026 6.654015 23.39832 -14.69304
-0.5668711 0.01945654 1.104608 6.394473 22.38305 -13.88388
-0.5678477 0.01603857 1.091669 7.440275 20.90214 -13.85334
-0.563209 0.01628271 1.081659 7.363939 19.36015 -13.3877
-0.5497813 0.007981926 1.081171 7.737985 18.04718 -12.92205
-0.5546641 0.01530614 1.084345 7.356305 16.13878 -12.57854
-0.5575938 0.001390129 1.072626 7.00516 15.07771 -11.57854
-0.5500254 0.01994482 1.073847 5.486076 14.10824 -10.28082
-0.5558848 -0.02253565 1.0758 5.646381 13.63496 -9.71594
-0.5488047 -0.007887215 1.0758 5.356305 12.09298 -8.464031
0.6950918 -0.1363052 0.1707705 27.16547 -249.7086 179.9863
1.326195 0.2509018 1.487177 35.54715 -254.2429 165.2764
1.386498 0.1554429 1.560419 43.03569 -254.2429 158.0322
1.424096 0.1893784 1.644403 50.02806 -254.2429 153.7192
1.591576 0.5948959 1.469355 16.44028 -254.2429 158.6428
1.577172 0.2106186 2.002558 54.00516 -254.2429 144.9863
1.260277 0.2758042 2.058954 57.53188 -254.2429 164.8642
1.442162 0.6085678 2.409052 52.73798 -254.2429 175.307
1.576195 0.06120458 2.146357 72.83722 -254.2429 141.0627
1.214135 0.6095444 2.522821 55.28761 -254.2429 116.2841
1.119164 0.2977768 2.674921 65.3105 -254.2429 167.1925
1.12893 0.3632065 2.716425 79.66165 -254.2429 165.3986
0.9138418 0.04191747 2.444696 135.7838 -254.2429 181.3604
1.108422 0.4379136 2.47497 147.3639 -254.2429 166.2993
0.9553457 0.2072007 2.250849 167.5395 -254.2429 167.7726
0.7304922 0.4791733 2.559687 188.4021 -223.4185 147.9634
0.4128652 0.4098374 2.909052 163.9441 -104.3421 23.68864
0.6982656 1.362474 3.297235 102.2189 -74.39558 -25.6396
0.3757558 1.257738 3.059931 -12.804 -50.86122 -72.25792
0.185082 1.361009 3.822626 -131.5674 -74.21237 79.39857
0.07106836 1.003099 3.249872 -182.1933 -91.47191 62.82605
0.4001699 0.3348862 3.539911 -127.201 -122.4566 53.36803
0.06105859 0.29973 3.171015 -9.048275 -140.1818 59.94818
0.047875 0.3409897 3.02038 52.92883 -137.1818 62.48254
0.06325586 0.4950425 2.760614 47.23417 -130.4108 62.26116
0.04933985 0.4730698 2.667841 58.63875 -95.96809 57.06269
-0.02194922 0.4332749 2.627558 79.69218 -54.28107 52.46727
-0.1313242 0.4789292 2.647333 78.18837 -63.80779 52.48254
-0.1706309 0.4845444 2.545038 68.53951 -74.78489 46.42147
-0.1896738 0.4237534 2.555536 64.0815 -85.47191 47.4749
-0.1423105 0.4191147 2.426874 2.913557 -83.99863 44.19246
-0.1933359 0.4528061 2.411249 -1.391786 -78.63222 45.41383
-0.2189707 0.3793198 2.324091 -9.658962 -68.88412 39.96345
-0.2514414 0.311937 2.211542 -5.513924 -53.73145 38.4749
-0.2101816 0.270189 2.159052 -2.239114 -32.98336 32.34513
-0.219459 0.3182847 2.224726 -7.223847 -18.61695 29.78024
-0.2424082 0.2897202 2.31579 -7.178046 -10.16656 27.14666
-0.2514414 0.2535874 2.311396 -7.651328 -5.853588 32.22299
-0.2511973 0.2482163 2.32873 -4.025374 -3.357405 18.68101
-0.235084 0.3351304 2.370722 2.722718 2.986107 20.62757
-0.2231211 0.3561265 2.413446 3.562412 5.78 16.83368
-0.1940684 0.3868882 2.486444 4.058596 14.04718 13.50543
-0.1662363 0.3939682 2.50329 8.608213 20.72657 8.574138
-0.1327891 0.4261948 2.545282 11.31814 26.79527 4.062687
-0.08786718 0.4276597 2.56286 14.60058 36.29145 -1.44113
-0.05686133 0.4493882 2.587519 18.63875 44.50519 -6.326626
-0.0314707 0.5057846 2.64538 18.65402 54.67313 -6.998381
-0.007789061 0.5135971 2.735224 12.35631 67.81053 -7.685404
-0.08274023 0.4493882 2.76745 -0.284916 68.14641 -21.4564
-0.02414648 0.4293686 2.677607 7.425007 75.93267 -23.39533
-0.02951758 0.3846909 2.659784 21.40974 82.36778 -29.31136
-0.03244726 0.395189 2.615839 31.15783 80.18458 -32.84571
-0.00363867 0.4396225 2.573847 30.2647 84.34488 -35.6625
0.01931055 0.438646 2.512812 19.1044 97.48992 -42.24266
0.05959375 0.4554917 2.478632 9.356305 108.2456 -44.18159
0.05495508 0.4506089 2.471064 2.043328 119.6044 -38.21975
0.09816797 0.4515854 2.447382 -2.29255 130.5815 -41.38006
0.09206446 0.4864975 2.476435 -4.987206 135.9479 -43.43349
0.1374746 0.5006577 2.491571 -6.704763 139.2457 -46.00601
0.1594473 0.5162827 2.504999 -10.37652 146.6731 -48.34953
0.1870352 0.5319077 2.494989 -13.52919 156.4518 -51.14342
0.2121816 0.5765854 2.508905 -15.44522 164.3372 -55.42586
0.2529531 0.6097885 2.507441 -16.59789 173.4136 -60.4793
0.2986074 0.6300522 2.51623 -17.10171 181.9861 -66.22739
0.3503652 0.6354233 2.483271 -17.61316 190.5128 -71.80754
0.3830801 0.6559311 2.455683 -17.804 198.9708 -77.12815
0.4341054 0.6769272 2.41247 -18.49102 208.4976 -83.57853
0.487084 0.7072006 2.394403 -19.04064 217.4212 -90.12815
0.5324941 0.7233139 2.38415 -20.42232 226.2075 -96.53273
0.5932851 0.7479721 2.371454 -21.86507 236.6273 -104.9297
0.6704336 0.7455307 2.303827 -22.62843 244.6426 -112.8152
0.7060781 0.7841049 2.266718 -25.01774 246.0243 -121.0213
0.7253652 0.780687 2.244013 -27.72003 246.0243 -129.2427
0.7727285 0.7784897 2.194696 -32.8956 246.0243 -136.6549
0.8113028 0.754808 2.122675 -38.75056 246.0243 -144.0671
0.8376699 0.7001205 2.055292 -40.17041 246.0243 -151.7923
0.8537832 0.6578842 1.994745 -37.95667 246.0243 -159.5404
0.9416739 0.5492416 1.89123 -36.58263 246.0243 -161.3114
0.9309317 0.5824448 1.796503 -39.09407 246.0243 -173.4946
0.9812246 0.4759995 1.791376 -19.25438 246.0243 -180.7312
1.019555 0.4825913 1.661249 -42.23911 246.0243 -189.5862
1.077416 0.4427964 1.59704 -42.81927 246.0243 -195.632
1.051537 0.3424546 1.615106 -43.32308 246.0243 -201.5327
1.122338 0.2604233 1.555048 -38.13224 246.0243 -202.1358
1.104027 0.1776597 1.507196 -34.78873 246.0243 -203.1892
1.324731 0.1124741 1.137812 -54.8498 246.0243 -213.7847
1.231713 0.3661362 1.465204 -69.64369 246.0243 -207.3343
1.305443 -0.1018814 1.178827 -68.22385 246.0243 -201.7541
1.334008 -0.05818018 1.098017 -65.88033 246.0243 -181.9373
1.100365 -0.4356216 0.9764346 -75.60552 246.0243 -211.3648
1.312279 -0.4229263 0.7752627 -80.04827 246.0243 -220.6625
-0.4169688 -0.2512954 1.474237 -7.216214 -17.94519 -6.815176
-0.5541758 -0.09431299 1.400995 9.333405 10.36015 18.90238
