1.895084 2.224976 1.059245 269.6508 -165.843 218.0018
1.938053 2.224976 1.05778 215.8799 -150.8278 214.0323
1.985417 2.224976 1.044841 170.8799 -134.2629 213.162
1.679752 2.224976 1.082683 118.689 -125.866 193.7956
1.461979 2.224976 1.391276 68.52109 -105.4385 153.3758
1.521305 2.224976 1.362224 30.43711 -77.95756 121.6201
1.419499 2.224976 1.319743 -0.6468544 -65.62168 91.73457
1.344547 2.224976 1.338542 -28.998 -48.06443 55.6964
1.271549 2.224976 1.454265 -46.22701 -36.88122 14.30708
1.25153 2.224976 1.525798 -66.44838 -17.73618 -28.3036
1.3111 2.224976 1.496745 -78.52472 -0.4766426 -73.21964
1.285954 2.224976 1.523845 -96.60106 12.47756 -115.9906
1.336002 2.224976 1.501872 -109.685 27.81343 -158.3036
1.323307 2.224976 1.506755 -117.227 41.52336 -202.0975
1.445377 2.224976 1.24821 -141.143 49.01191 -240.2654
1.364567 2.224976 1.327312 -149.5782 58.34778 -248.4563
1.511295 2.224976 1.215739 -166.5171 74.43939 -248.4563
1.617252 2.224976 1.106853 -185.3339 81.8287 -248.4563
1.762516 2.224976 0.9459639 -197.5094 88.97374 -248.4563
1.915836 2.224976 0.9037275 -212.1659 96.85161 -248.4563
2.023991 2.224976 0.8258467 -213.914 107.5234 -248.4563
2.170475 2.224976 0.7259932 -221.0591 115.5997 -248.4563
2.289799 2.224976 0.6417646 -212.7537 126.6302 -248.4563
2.289799 2.224976 0.5641279 -213.9217 137.4012 -248.4563
2.289799 2.175965 0.4862471 -219.7614 147.4547 -248.4563
2.289799 1.939637 0.3617353 -230.6163 155.3707 -248.4563
2.289799 1.713074 0.2574873 -230.6163 161.2944 -248.4563
2.289799 1.477723 0.1737471 -230.6163 172.2409 -248.4563
2.289799 1.283387 0.1222334 -230.6163 183.2867 -248.4563
2.289799 1.161805 0.04435253 -230.6163 197.1111 -248.4563
2.289799 0.9308477 -0.0603838 -230.6163 210.2867 -248.4563
2.289799 0.7225958 -0.137044 -230.6163 223.6073 -248.4563
2.289799 0.4870001 -0.2207842 -230.6163 231.0959 -248.4563
2.289799 0.3258673 -0.2605791 -230.6163 231.0959 -248.4563
0.7905923 -0.2813104 1.037028 262.0631 -68.68275 251.8109
1.121891 2.103699 0.1005049 105.6661 -153.2934 251.8109
1.236637 2.223572 0.1437178 99.80353 -164.6675 251.8109
1.225651 2.219666 0.2699385 94.26154 -163.9346 251.8109
1.285221 2.224976 0.3522139 96.26918 -172.4003 251.8109
1.317936 2.224976 0.4005537 98.54399 -182.8889 251.8109
1.358952 2.224976 0.5218916 100.689 -189.5453 251.8109
1.384342 2.224976 0.5992842 102.0096 -200.9652 251.8109
1.467106 2.224976 0.6942549 101.4066 -208.8812 251.8109
1.494938 2.224976 0.8270674 104.5898 -208.5911 241.162
1.512028 2.224976 0.930583 105.5898 -215.8125 233.475
1.563297 2.224976 1.048015 110.0249 -220.698 222.6659
1.802555 2.224976 1.086589 118.7883 -208.0721 201.8109
1.725651 2.224976 1.217204 117.6508 -208.0263 195.9941
1.791081 2.224976 1.236003 115.231 -210.4919 188.246
1.76984 2.224976 1.440349 128.1241 -211.3927 178.1697
1.929752 2.224976 1.490642 134.3913 -207.8889 180.0475
1.657047 2.224976 1.737956 129.544 -196.5148 160.2766
1.669987 2.224976 1.809489 119.7119 -170.3698 131.5819
1.748356 2.224976 1.940837 109.5058 -160.9118 112.0475
1.785465 2.224976 2.037761 98.17757 -142.7514 86.63533
1.638981 2.224976 2.164226 80.49055 -123.0492 60.6735
1.66779 2.224976 2.200847 71.99437 -102.6064 30.16968
1.669499 2.224976 2.219646 37.23101 -84.23236 2.879603
1.786686 2.224976 2.241862 15.23864 -63.53771 -28.54788
1.764225 2.224976 2.284343 -22.59342 -46.70565 -62.92192
1.7132 2.224976 2.398356 -34.73082 -24.87359 -100.128
1.69904 2.224976 2.394206 -54.53998 -3.629313 -136.7234
1.787663 2.224976 2.388591 -64.9064 15.38595 -177.2044
1.798893 2.224976 2.414226 -75.29572 34.6913 -215.0899
1.826237 2.224976 2.377849 -73.66975 54.88977 -248.4563
1.817448 2.224976 2.279704 -82.6545 75.92793 -248.4563
1.888737 2.224976 2.209392 -79.36441 98.21039 -248.4563
1.861881 2.224976 2.159099 -88.46365 110.134 -248.4563
1.929997 2.224976 2.052409 -95.32625 126.0043 -248.4563
1.987125 2.224976 1.898845 -109.3568 145.2256 -248.4563
2.087711 2.224976 1.771892 -126.9217 161.1264 -248.4563
2.173405 2.224976 1.669108 -146.601 175.2944 -248.4563
2.289799 2.224976 1.618327 -167.7995 191.531 -248.4563
2.289799 2.224976 1.458903 -163.8377 216.1111 -248.4563
2.289799 2.224976 1.221843 -177.5782 231.0959 -248.4563
2.289799 1.950135 1.139567 -185.1507 231.0959 -248.4563
2.289799 1.682068 0.854167 -199.4331 231.0959 -248.4563
2.289799 1.387391 0.5790205 -210.227 231.0959 -248.4563
2.289799 1.112244 0.4613447 -230.6163 231.0959 -248.4563
2.289799 0.9181524 0.1036787 -230.6163 231.0959 -248.4563
2.289799 1.064149 -0.05012989 -230.6163 231.0959 -248.4563
2.289799 0.9115606 -0.2605791 -230.6163 231.0959 -248.4563
2.289799 0.6400763 -0.2605791 -230.6163 231.0959 -248.4563
2.289799 0.3432013 -0.2605791 -230.6163 231.0959 -248.4563
2.289799 0.1266486 -0.2605791 -230.6163 231.0959 -248.4563
2.289799 -0.2488397 -0.2605791 -230.6163 231.0959 -248.4563
2.289799 -0.5554804 -0.2605791 -230.6163 231.0959 -248.4563
2.289799 -0.8572382 -0.2605791 -230.6163 231.0959 -248.4563
2.289799 -1.294006 -0.2605791 -230.6163 231.0959 -248.4563
2.289799 -1.519592 -0.2605791 -230.6163 231.0959 -248.4563
2.289799 -1.774963 -0.2605791 -230.6163 231.0959 -248.4563
1.962711 -1.774963 -0.2605791 -230.6163 231.0959 -248.4563
1.1861 -1.774963 -0.2605791 -230.6163 231.0959 -248.4563
0.1526528 -1.774963 -0.2605791 -230.6163 231.0959 -248.4563
-0.3951987 -1.774963 -0.2605791 -230.6163 231.0959 -248.4563
-0.8600425 -1.774963 -0.2605791 -79.37968 196.7676 -248.4563
-0.5516929 -1.774963 -0.2605791 59.10887 26.7142 -227.296
-0.926937 -1.774963 -0.2605791 139.002 -78.1255 -165.6547
-1.421566 -1.774963 -0.2605791 124.3531 -161.8889 -96.03643
-1.617855 -1.774963 -0.2605791 117.4753 -196.2934 -72.08987
-1.374691 -1.774963 -0.2605791 131.628 -228.6369 -62.92956
-0.8329429 -1.774963 -0.2605791 110.4371 -269.1713 -45.60895
-0.5888022 -1.774963 -0.2605791 120.8722 -269.1713 -52.59368
-0.5651206 -1.774963 -0.2605791 144.2157 -269.1713 -35.21964
0.0803872 -1.774963 -0.2605791 161.2921 -269.1713 -26.53261
0.01251611 -1.774963 0.0465498 181.6585 -269.1713 -31.67002
-0.01263037 -1.774963 0.4535322 200.6051 -269.1713 -11.2349
0.2402993 -1.774963 0.6622725 212.9944 -269.1713 14.30708
0.36652 -1.774963 0.9005537 233.4829 -269.1713 34.16204
0.3992349 -1.774963 1.035563 250.5822 -269.1713 48.81853
0.821354 -1.774963 1.048747 259.6967 -265.0339 82.43685
0.5510903 -1.506408 1.633952 251.9562 -269.1713 73.61243
0.3906899 -1.774963 1.763103 269.6508 -218.782 103.1544
0.4026528 -1.553527 1.670817 269.6508 -205.1484 127.6582
0.4893228 -1.309875 1.627604 269.6508 -193.0492 136.3224
0.5161782 -1.230285 1.666179 269.6508 -178.0568 147.9254
0.4563638 -1.219543 1.648845 269.6508 -165.4385 155.4216
0.382145 -1.162414 1.642497 269.6508 -148.6293 167.6735
0.3550454 -1.034973 1.612712 269.6508 -132.4232 180.8567
0.3743325 -0.9849237 1.582194 269.6508 -121.1026 194.2842
0.3670083 -0.9253534 1.543376 264.4295 -106.2171 206.2079
0.373356 -0.8555292 1.50236 254.7959 -93.67511 218.162
0.3965493 -0.8018183 1.469157 247.6814 -82.77435 228.3453
0.430729 -0.7815546 1.43864 240.3379 -70.68275 241.475
0.4231606 -0.7300409 1.386638 230.2157 -58.82779 251.8109
0.4199868 -0.6421503 1.278483 227.5211 -52.1713 251.8109
0.4024087 -0.5923456 1.220134 224.3531 -48.20183 251.8109
2.289799 2.224976 2.400065 123.315 -206.0644 112.0246
2.096012 2.224976 1.6757 -121.1201 185.134 -248.4563
2.204411 2.224976 1.483562 -144.9675 196.4089 -248.4563
2.289799 2.224976 1.33903 -155.8224 208.7676 -248.4563
2.289799 2.224976 1.181315 -162.9827 228.8745 -248.4563
2.289799 2.102967 0.9889326 -171.1201 231.0959 -248.4563
2.289799 1.82074 0.8446455 -185.2499 231.0959 -248.4563
2.289799 1.425721 0.6503096 -197.2652 231.0959 -248.4563
2.289799 1.217469 0.5482588 -219.5553 231.0959 -248.4563
2.289799 0.8939825 0.4630537 -230.6163 231.0959 -248.4563
2.289799 0.6200567 0.4005537 -230.6163 231.0959 -248.4563
2.289799 0.5346075 0.338542 -230.6163 231.0959 -248.4563
2.289799 0.5172735 0.2428389 -230.6163 231.0959 -248.4563
2.289799 0.4340216 0.196208 -230.6163 231.0959 -248.4563
2.289799 0.540711 0.09855175 -230.6163 231.0959 -248.4563
2.289799 0.3024298 -0.2605791 -230.6163 231.0959 -248.4563
2.289799 0.2247931 -0.2605791 -230.6163 231.0959 -248.4563
2.289799 0.01263489 -0.2605791 -230.6163 231.0959 -248.4563
2.289799 -0.02398621 -0.2605791 -230.6163 231.0959 -248.4563
2.289799 0.2130744 -0.2605791 -230.6163 231.0959 -248.4563
2.289799 0.07537903 -0.2605791 -230.6163 231.0959 -248.4563
2.289799 -0.1463007 -0.2605791 -230.6163 231.0959 -248.4563
2.289799 -0.2959589 -0.2605791 -230.6163 231.0959 -248.4563
