1.367142 -0.1047026 1.111482 -7.897328 18.22974 12.85989
1.34053 -0.101773 1.128572 -10.56145 18.44348 12.27974
1.325638 -0.09981983 1.142244 -11.86679 18.41295 11.31028
1.301956 -0.1103179 1.151521 -12.71412 19.31371 10.08127
1.279007 -0.1066558 1.167879 -12.9584 19.77936 9.088901
1.259231 -0.1051909 1.18033 -13.03473 20.68776 7.882794
1.252884 -0.1149565 1.18033 -12.74466 21.37478 6.806458
1.241165 -0.1252105 1.186434 -11.48512 22.42821 5.68432
1.227493 -0.1335112 1.188631 -9.813359 23.35188 4.714855
1.223831 -0.1391265 1.204012 -6.691222 23.9931 3.203405
1.203567 -0.2187163 1.121736 -12.1874 10.73356 12.69959
1.292435 -0.1774565 1.172273 3.033969 -10.36568 20.1576
1.284622 -0.1718413 1.178133 0.4996181 -10.55652 20.54692
1.277298 -0.1711089 1.178865 -1.820992 -10.54125 20.42478
1.269485 -0.1693999 1.199129 -4.126336 -9.854229 20.22631
1.268265 -0.173062 1.204744 -5.85916 -9.098503 20.01257
1.261185 -0.1742827 1.2045 -6.759924 -8.266443 19.66142
1.267288 -0.1825835 1.203768 -6.714122 -7.09087 18.9744
1.266556 -0.2011382 1.201814 -5.927863 -6.609954 18.56982
1.26094 -0.2084624 1.202059 -3.195038 -5.57942 17.70722
1.258987 -0.2143218 1.202059 -0.1110687 -4.961099 17.14234
1.257522 -0.2131011 1.189119 2.140839 -5.060336 16.69959
1.242142 -0.2074858 1.206209 3.377481 -5.144305 16.53928
1.240188 -0.2069976 1.193269 3.904198 -4.693924 16.66142
1.248001 -0.1996733 1.190828 2.820229 -4.319878 16.9744
1.239456 -0.2018706 1.196443 1.27061 -3.984 17.76066
1.238479 -0.1996733 1.197908 0.3087783 -4.190107 18.01257
1.239944 -0.1991851 1.202059 -0.0423665 -3.709191 18.34844
1.234085 -0.1962554 1.193025 -0.6988549 -3.732091 18.77592
1.221146 -0.1891753 1.211824 -1.477481 -3.564153 18.76066
1.207718 -0.1840483 1.19742 -2.569084 -3.762626 19.16524
1.199661 -0.1806304 1.214021 -4.011832 -3.449649 19.50875
1.186478 -0.1806304 1.209383 -6.378244 -3.663389 20.31027
1.167923 -0.1689116 1.211824 -8.637787 -3.159573 20.47821
1.159378 -0.1737944 1.205477 -12.1187 -3.167206 21.30264
1.157669 -0.1725737 1.220369 -14.56145 -3.426748 22.08127
1.157669 -0.1842925 1.222811 -15.72176 -2.587054 22.17287
1.154251 -0.1808745 1.214998 -17.24847 -2.28171 22.73012
1.155716 -0.1772124 1.222811 -16.76756 -2.113771 22.87516
1.145462 -0.1813628 1.229402 -16.50038 -1.663389 22.85989
1.147659 -0.1762358 1.227937 -15.29428 -1.167206 22.75302
1.146438 -0.1847808 1.225008 -13.41641 -1.136672 22.34081
1.134476 -0.1767241 1.223787 -12.96603 -0.9305649 22.02783
1.138626 -0.1867339 1.220369 -12.24847 -1.098504 22.29501
1.143021 -0.1852691 1.216219 -10.64542 -1.060336 22.02783
1.148636 -0.1896636 1.226717 -9.798092 -1.151939 22.14997
1.168899 -0.1842925 1.21573 -9.714123 -0.8389618 22.71486
1.173782 -0.1884429 1.211336 -10.43168 -0.984 23.69195
1.187698 -0.1833159 1.204012 -11.52328 -1.312244 24.41714
1.195999 -0.1830718 1.20035 -12.63779 -1.510718 24.98966
1.207229 -0.178189 1.200594 -13.67595 -1.510718 26.17287
1.211136 -0.1825835 1.187898 -15.79809 -1.800794 27.22631
1.218704 -0.1735503 1.178377 -17.85153 -1.984 28.05837
1.229202 -0.17648 1.18448 -18.29428 -2.808427 28.9515
1.240188 -0.1667144 1.178621 -19.17214 -2.671023 29.33318
1.25386 -0.1735503 1.184725 -17.51565 -2.197741 29.46295
1.258011 -0.1711089 1.187166 -15.99656 -2.671023 29.24157
1.255813 -0.1662261 1.184725 -12.80573 -2.197741 28.72249
1.251419 -0.1613433 1.192781 -10.21031 -2.663389 28.36371
1.239944 -0.1444976 1.185701 -8.599619 -2.632855 27.80646
1.230423 -0.1354644 1.188387 -7.897328 -2.900031 27.16524
1.219925 -0.1310698 1.193514 -8.828626 -3.167206 26.83699
1.220169 -0.131314 1.192293 -9.958397 -2.968733 26.31791
1.2043 -0.1281401 1.203279 -10.71412 -2.922931 25.37134
1.19429 -0.1310698 1.206697 -11.1874 -3.045069 24.85226
1.191116 -0.1386382 1.216951 -11.83626 -2.87713 24.27974
1.192093 -0.1413237 1.212557 -12.73702 -2.87713 24.18814
1.201126 -0.1508452 1.221346 -12.86679 -2.754992 23.56982
1.208206 -0.154019 1.214266 -12.37824 -2.816061 23.0889
1.214065 -0.164273 1.206209 -11.75992 -3.006901 23.066
1.226761 -0.1593901 1.212068 -10.94313 -2.823695 22.92096
1.227493 -0.1581694 1.201082 -10.9355 -2.739725 23.14234
1.240677 -0.1584136 1.204988 -11.05763 -2.861863 22.92096
1.248489 -0.1459624 1.198152 -11.22557 -2.808427 22.84463
1.25679 -0.1476714 1.185945 -12.46985 -2.938199 22.80646
1.258987 -0.1342437 1.190584 -15.17977 -2.716825 22.67669
1.258011 -0.1364409 1.183016 -17.73702 -3.564153 22.83699
1.252396 -0.1239897 1.183748 -21.92023 -3.541252 23.16524
1.267044 -0.1318022 1.178133 -24.45458 -3.411481 23.01257
1.273392 -0.1318022 1.169832 -26.94313 -3.258809 22.83699
1.289017 -0.1481597 1.171297 -27.27137 -3.785527 22.40188
1.292435 -0.1405913 1.179109 -27.78282 -2.961099 21.78356
1.290726 -0.1515776 1.177644 -27.56145 -2.640489 21.24157
1.300247 -0.1506011 1.179109 -26.33244 -2.480183 20.54692
1.293411 -0.1615874 1.181795 -23.60725 -2.151939 19.57745
1.27388 -0.1603667 1.181307 -21.29428 -1.449649 19.0202
1.257278 -0.1569487 1.172762 -19.29428 -1.869496 18.50111
1.254593 -0.1530425 1.179353 -17.55382 -2.365679 17.78356
1.248978 -0.1542632 1.191805 -16.41641 -2.503084 17.48585
1.248733 -0.1508452 1.193514 -16.20267 -2.556519 17.1805
1.2397 -0.1498687 1.197908 -16.47748 -2.724458 17.066
1.225052 -0.1371733 1.205232 -17.80573 -2.617588 16.56218
1.219192 -0.1291167 1.209627 -19.9355 -2.487817 16.56218
1.200149 -0.1281401 1.214754 -21.84389 -2.350412 16.50875
1.19429 -0.1318022 1.217195 -24.0042 -1.968733 16.47058
1.188187 -0.143521 1.21866 -24.82099 -1.823695 16.57745
1.183792 -0.14523 1.208406 -24.92786 -1.808427 16.19577
1.181595 -0.1579253 1.211092 -24.82862 -2.098504 16.1805
1.187942 -0.1613433 1.217195 -24.79046 -1.976366 16.60798
1.191604 -0.1632964 1.214266 -25.60725 -1.762626 17.27211
1.190384 -0.1652495 1.213045 -26.51565 -1.785527 17.63852
1.239212 -0.1195952 1.106355 -13.82099 8.069435 -12.16301
1.19014 -0.178189 1.13785 -27.29428 3.12287 -30.60576
1.189407 -0.1701323 1.122469 -32.9813 4.222107 -29.85003
1.186233 -0.1720855 1.101961 -36.72939 3.809893 -28.80423
1.181351 -0.1801421 1.108309 -40.27901 2.870962 -28.31568
1.178421 -0.179898 1.111971 -42.96603 3.008367 -27.48362
1.192581 -0.1879546 1.114656 -45.32481 3.435847 -26.61339
1.19014 -0.2001616 1.111482 -47.06527 3.649588 -25.68209
1.195999 -0.2062651 1.104158 -48.25611 3.695389 -24.62866
1.212601 -0.2131011 1.105135 -49.69122 4.519817 -23.39202
1.207962 -0.2126128 1.098787 -53.0271 4.283175 -20.9569
1.204788 -0.2255522 1.089998 -54.89733 3.458748 -19.10957
1.198685 -0.2328765 1.105867 -54.94313 3.466382 -17.55995
1.21431 -0.2384917 1.112703 -56.96603 4.245008 -15.62102
1.217239 -0.2453276 1.09659 -56.77519 5.31371 -14.40728
1.223099 -0.2526519 1.081453 -57.35535 5.405313 -12.31568
1.199417 -0.258023 1.085848 -58.54618 5.557985 -10.36148
1.179642 -0.2763335 1.067537 -57.10344 3.748825 -8.628656
1.162552 -0.2760894 1.077303 -54.44695 3.641954 -7.643923
1.151565 -0.2926909 1.090486 -49.54618 3.336611 -7.178274
1.139114 -0.2946441 1.081453 -45.10344 2.748825 -6.31568
1.112991 -0.3061187 1.074617 -39.54618 1.90913 -5.42255
1.110794 -0.3051421 1.077791 -32.72176 0.3671451 -5.430183
1.131302 -0.3183257 1.084383 -24.85916 -0.1061375 -5.621023
1.15303 -0.3317534 1.081697 -18.1416 -0.9687328 -4.727894
1.162796 -0.3324859 1.068758 -12.1187 -2.029802 -3.758427
1.174515 -0.3393218 1.050691 -3.904962 -3.754992 -2.80423
1.141556 -0.3095366 0.5897539 -17.49275 -18.62522 3.493481
1.248489 -0.2148101 0.4798906 -24.99656 -24.35805 4.302641
1.564163 -0.1061675 0.6329668 -28.04237 -71.17484 -49.96454
1.67305 -0.5009429 0.624666 8.29351 11.74883 -11.14774
2.024124 -0.07491748 0.6085527 -21.43168 -19.86186 -17.52942
1.897171 -0.02486865 0.6979082 -17.53855 -21.73973 -3.269878
1.850296 -0.09762257 0.5502031 -23.70649 -11.13667 -6.453083
1.659134 -0.09518116 0.7701738 -27.31717 -26.8466 7.691955
1.685257 0.03177197 0.8888262 -9.882061 -29.44202 -0.5446873
1.456497 -0.1403472 0.8778399 -7.172138 -33.80079 -3.80423
1.347854 -0.1786772 1.04825 -1.24084 -42.67102 -6.384382
1.29805 -0.08419483 1.136873 -11.66069 -41.54889 -3.437817
1.211868 -0.02193897 1.150545 -14.50802 -40.0298 -3.025602
1.142288 -0.06930225 1.161531 -16.01947 -38.57942 -2.987434
1.107132 -0.0575835 1.161775 -14.06527 -37.72446 -3.674458
1.088089 -0.04464404 1.172029 -8.897328 -36.82369 -5.323313
1.096878 -0.04659717 1.153963 -3.271374 -37.52598 -6.216442
1.088577 -0.03951709 1.146639 2.087405 -37.19011 -8.056137
1.122513 -0.05123584 1.11075 9.568321 -36.95346 -9.964535
1.129837 -0.04684131 1.096834 13.72099 -37.09087 -10.33858
1.13887 -0.03170459 1.104158 16.36985 -36.30461 -10.20881
1.146927 -0.01461475 1.104158 18.75916 -35.23591 -11.0027
