0.572708 -0.587857 0.3927324 -52.03473 -48.92293 36.1805
0.5702666 -0.5641753 0.3866289 -54.37825 -48.97636 37.79882
0.5568389 -0.5541656 0.3900468 -57.20267 -49.20537 39.41714
0.5517119 -0.5419585 0.4054277 -58.0271 -49.10614 40.10417
0.5417022 -0.5165679 0.3922441 -58.9813 -48.9382 41.14997
0.5280303 -0.5050933 0.3824785 -59.60725 -50.08324 41.50875
0.5260772 -0.4845855 0.3700273 -60.72939 -49.61759 41.75302
0.5121612 -0.4770171 0.3570879 -61.15687 -50.19011 41.71486
0.5001983 -0.4701812 0.3490312 -61.79046 -52.69392 41.82936
0.4940948 -0.4723784 0.3275468 -62.38588 -54.15957 41.46294
0.4877471 -0.4755523 0.3346269 -62.27901 -55.71682 41.1576
0.4853057 -0.4760406 0.3158281 -63.01183 -58.33514 41.51638
0.4843291 -0.4894683 0.3387773 -63.81336 -60.50308 42.10417
0.4960479 -0.5119292 0.355623 -63.9355 -62.50308 42.47058
0.5143584 -0.5226714 0.3612382 -63.17214 -64.25881 42.98966
0.5199737 -0.5280425 0.3927324 -62.01183 -66.70919 43.89806
0.5458526 -0.5368316 0.4252031 -59.9813 -68.35805 44.45531
0.5609893 -0.5343902 0.4723222 -56.9126 -68.78553 44.9973
0.5683135 -0.5317046 0.5231035 -52.06527 -69.06797 45.39425
0.5844268 -0.5302398 0.560457 -48.27901 -68.33514 45.55455
0.5939483 -0.4967925 0.61075 -43.63015 -66.8695 45.26447
0.6144561 -0.9591949 0.324373 127.866 -108.5718 7.211039
0.7260283 -0.758023 1.178865 169.3546 -123.0756 221.7225
0.7135772 -0.7409331 1.206941 173.8202 -117.8848 221.3255
0.6928252 -0.7089507 1.258699 183.0263 -114.4191 219.0049
0.6784209 -0.6930816 1.287508 193.9729 -108.8008 215.7301
0.6703643 -0.6728179 1.334383 206.5149 -104.3199 212.1118
0.6518096 -0.6457183 1.332186 217.0187 -97.59469 209.15
0.6383819 -0.6068999 1.345857 229.2248 -91.8008 205.0736
0.6530303 -0.568814 1.336824 236.6599 -86.07561 202.4782
0.5959014 -0.5014312 1.358797 241.9958 -80.8237 199.7301
0.558792 -0.4479644 1.376375 242.9729 -74.0527 195.5011
0.5546416 -0.4130523 1.400789 242.9729 -67.07561 193.1271
0.563919 -0.3730132 1.402986 239.7897 -58.8924 191.5469
0.513626 -0.3227202 1.385896 233.9042 -52.73972 192.0049
0.5082549 -0.2831695 1.425936 225.9424 -48.9382 191.1271
0.5048369 -0.2502105 1.510164 219.2935 -44.77026 184.4706
0.4901885 -0.2292144 1.511141 210.0569 -30.96873 179.6156
0.5023955 -0.2821929 1.537752 204.1637 -25.22828 179.7301
0.4584502 -0.2790191 1.553865 196.3088 -16.9153 177.6767
0.4230498 -0.2856109 1.54825 188.4996 -9.296977 175.9133
0.4003448 -0.3083159 1.563875 182.0034 -3.403847 174.066
0.3866729 -0.3207671 1.574373 176.0492 2.649588 172.6461
0.3754424 -0.322232 1.595857 171.8431 9.267908 170.7759
0.3578643 -0.329312 1.615389 168.0798 15.1076 168.9591
0.3493193 -0.3439605 1.628816 166.5531 20.21447 166.837
0.3351592 -0.3444488 1.651033 166.805 25.80989 165.066
0.3258818 -0.3437163 1.660799 167.2248 31.09997 162.1958
0.31221 -0.3283355 1.692537 169.2095 36.81753 159.3561
0.3012236 -0.3258941 1.707918 173.8966 42.17631 156.0584
0.2980498 -0.320523 1.708894 179.2401 48.42822 152.379
0.2814482 -0.2990386 1.722322 185.3546 53.45875 148.3637
0.2145537 -0.2738921 1.74283 191.4538 58.0389 144.6385
0.2638701 -0.3127105 1.720857 195.5759 66.02363 140.9439
0.2838897 -0.2509429 1.730135 202.9195 72.27554 133.9744
0.2772979 -0.188687 1.712312 205.2782 78.20684 128.5775
0.2763213 -0.1835601 1.716707 208.637 84.50455 121.8675
0.293167 -0.1862456 1.716463 211.1714 91.19157 116.1347
0.2831572 -0.1899077 1.701082 213.9729 95.66486 110.44
0.2853545 -0.1745269 1.700838 216.3775 101.9397 103.3942
0.3007354 -0.1896636 1.723787 216.9729 108.4435 97.64615
0.3083037 -0.1791655 1.728914 216.1332 115.8404 91.77592
0.3029326 -0.1916167 1.7316 214.5454 123.2068 86.86752
0.3134307 -0.1840483 1.751375 209.8508 131.6572 82.08127
0.2924346 -0.1896636 1.755281 204.1179 138.8557 77.69958
0.263626 -0.1891753 1.791414 198.1714 147.6267 74.1118
0.274124 -0.219937 1.81534 191.866 158.8404 70.50111
0.2711943 -0.2419097 1.797273 187.9118 168.2221 67.61562
0.2548369 -0.2487456 1.753328 185.9042 178.329 64.50875
0.2514189 -0.2257964 1.717439 181.1179 185.1992 62.03547
0.2655791 -0.221646 1.699861 177.6828 196.5275 58.70722
0.2318877 -0.2192046 1.585359 175.3698 204.8633 56.18814
0.2072295 -0.1715972 1.482332 173.9576 209.7641 53.24157
0.1913604 -0.1371733 1.43326 166.0187 215.0542 51.12707
0.1920928 -0.1403472 1.378816 157.6752 220.2755 50.63089
0.1203154 -0.1369292 1.34659 151.5836 224.3748 51.79119
0.1815947 -0.1068999 1.23868 145.7133 230.7565 48.39425
0.1772002 -0.02438037 1.183748 142.0645 232.2297 44.31027
0.1869658 0.02395947 1.071932 135.263 231.9244 40.62325
0.1676787 0.03641064 1.004305 127.4844 231.3137 36.16524
0.1234893 0.09060986 0.9142168 124.3775 229.4359 29.82936
0.1134795 0.08768017 0.8448809 117.95 221.4206 25.00493
0.1581572 0.1284517 0.8453691 107.4462 222.6496 20.77592
0.1364287 0.137729 0.817293 102.2706 219.8404 15.14997
0.1129912 0.1575044 0.7843339 92.65993 215.6572 10.69195
0.08833302 0.1438325 0.7704179 85.49199 210.558 6.027832
0.08711231 0.1477388 0.7950761 79.59122 206.9931 0.7224884
0.08711231 0.1501802 0.819002 70.27061 203.3748 -3.537054
0.08027637 0.1347993 0.8463457 64.31641 201.1992 -8.338581
0.06562793 0.1118501 0.878084 56.57595 198.787 -12.30041
0.06098926 0.07815869 0.9181231 51.84313 197.787 -16.77369
0.04487598 0.05691845 0.9427813 48.20191 196.619 -20.52942
0.04512012 0.01224072 0.982332 47.29351 196.3671 -24.9798
0.05976856 -0.04073779 1.009187 48.40801 196.8099 -28.52179
0.08418262 -0.07272022 1.00699 52.28588 196.8099 -32.15537
0.1244658 -0.09444874 1.015291 56.29351 197.5275 -35.78896
0.1405791 -0.09493702 1.01285 59.19427 199.4664 -38.7737
0.1547393 -0.1029937 1.011629 60.75152 201.7946 -41.85767
0.1513213 -0.1015288 0.9740313 61.91946 203.932 -44.89584
0.1520537 -0.09298389 0.9244707 62.24008 205.4893 -47.92637
0.1645049 -0.06588428 0.8661211 61.19427 206.9702 -51.04087
0.1669463 -0.05001514 0.8299883 58.69046 207.3977 -54.23171
0.1938018 -0.04098193 0.775789 55.33931 208.4206 -57.81187
0.2035674 -0.03316943 0.7164629 53.56068 208.9626 -61.7966
0.1947783 -0.01681201 0.6754472 50.07977 209.1763 -65.50652
0.1811065 -0.01363818 0.6293046 46.93473 209.7794 -69.62103
0.1667022 -0.008022949 0.5880449 42.43855 209.7183 -73.41492
0.1444854 0.004672363 0.5609453 36.30878 209.6954 -77.03324
0.1378936 0.005893066 0.5157793 29.51489 209.619 -79.8195
0.13179 0.005648926 0.4879472 21.65992 209.7488 -82.64393
0.3134307 -0.2245757 0.4513261 -13.08053 -2.984 23.44005
0.3346709 -0.1857573 0.4735429 -12.38588 -4.739725 22.32554
0.3395537 -0.1828276 0.4811113 -11.37061 -4.930565 21.61562
0.3466338 -0.1855132 0.4767168 -11.24084 -4.68629 20.98203
0.3529814 -0.1806304 0.478914 -11.63015 -4.930565 20.59272
0.3576201 -0.1813628 0.4735429 -12.53092 -4.533618 20.05837
0.3507842 -0.1994292 0.4798906 -12.27901 -4.380947 19.53928
0.3563994 -0.2121245 0.480623 -11.85153 -3.938199 18.9744
0.3512725 -0.2226226 0.4767168 -10.43931 -3.709191 18.30264
0.3600615 -0.2260405 0.4720781 -10.30954 -3.571786 17.9744
0.3664092 -0.2328765 0.4591386 -11.99656 -3.190107 18.35608
0.3710479 -0.2409331 0.4576738 -15.40115 -2.49545 19.02783
0.3542022 -0.2585113 0.4566972 -17.1874 -2.083237 19.34081
0.3346709 -0.2804839 0.4593828 -17.26374 -2.594687 19.83699
0.3271025 -0.3193023 0.4515703 -16.30191 -2.816061 19.86753
0.3178252 -0.3295562 0.4576738 -16.0042 -3.067969 21.14997
0.3258818 -0.3544585 0.4559648 -15.50801 -3.587053 22.24157
0.320999 -0.3566558 0.4664629 -17.20267 -3.571786 23.9744
0.3102568 -0.3632476 0.4676836 -14.75992 -4.197741 25.05837
0.3124541 -0.3652007 0.4828203 -14.06527 -4.022168 26.69959
0.3173369 -0.379605 0.4869707 -12.1187 -4.113771 27.90569
0.3217314 -0.3669097 0.4918535 -10.53855 -3.693924 29.31791
0.355667 -0.3434722 0.4964921 -10.46221 -2.709191 30.56218
0.3378447 -0.2482573 0.4483964 -7.103435 -1.907664 31.93623
0.3290557 -0.2402007 0.449373 -8.591985 -0.556519 32.56982
0.3300322 -0.2218901 0.4137285 -4.981297 -1.251176 31.9286
0.3017119 -0.2035796 0.4117754 -1.301908 -3.09087 30.63089
0.2951201 -0.2028472 0.4217851 -1.034733 -3.258809 30.05837
0.2887725 -0.2194487 0.4269121 0.6522899 -2.701557 28.9744
0.2877959 -0.2282378 0.4291093 1.598855 -2.571786 29.27974
0.3034209 -0.2550933 0.4037187 3.087405 -2.831328 29.01257
0.3224639 -0.2558257 0.3949296 3.820229 -3.701557 29.9744
0.3014678 -0.2648589 0.3815019 3.927099 -3.006901 29.82936
0.3051299 -0.2548491 0.3727129 5.033969 -4.403847 30.31028
0.3124541 -0.2621734 0.3736894 4.377481 -6.037435 31.24157
0.3085479 -0.251187 0.3732011 2.339313 -6.953465 32.08127
0.28804 -0.2526519 0.3690507 1.888931 -7.548885 32.32554
0.293167 -0.2487456 0.372957 2.301145 -9.495451 33.40951
0.2968291 -0.2504546 0.3915117 1.224809 -10.76263 34.49348
0.2956084 -0.2375151 0.4095781 1.469084 -11.13667 34.86753
