0.7871328 -0.5518326 0.4661807 -109.3383 -201.8002 56.99399
0.7663808 -0.5769791 0.4656924 -110.4987 -204.4566 58.69628
0.7553945 -0.6079849 0.4307803 -112.8956 -207.9147 61.03979
0.7009511 -0.6143326 0.407587 -119.0559 -212.5482 63.57414
0.6718984 -0.6543716 0.3978213 -132.888 -220.8841 76.99399
0.6386953 -0.8325943 0.3404483 -140.2162 -224.3727 79.94818
0.6250234 -0.9905533 0.2962588 -143.3231 -227.7391 84.23063
0.5671621 -1.06111 0.2735537 -147.2773 -233.1513 91.93291
0.4389883 -1.005934 0.3218936 -168.7124 -241.1895 94.65047
0.4458242 -1.305006 0.2049502 -171.7582 -245.7696 114.1314
0.5302969 -1.256911 0.1146182 -173.5292 -254.2429 126.9024
0.4709707 -1.537672 0.02013576 -167.8269 -254.2429 119.9253
0.5041738 -1.50569 0.04235256 -160.9948 -254.2429 129.4138
0.5332265 -1.546217 0.07726467 -159.9643 -254.2429 134.8337
0.558373 -1.593336 0.08434475 -156.1933 -254.2429 144.3909
0.5686269 -1.632887 0.1517276 -151.1781 -254.2429 152.2535
0.5940176 -1.620192 0.2208194 -147.8422 -254.2429 159.4902
0.6223379 -1.620436 0.2928408 -146.1628 -254.2429 169.7421
0.6396719 -1.661452 0.3333682 -141.8193 -254.2429 176.4062
0.6823965 -1.699049 0.3963565 -137.2697 -254.2429 185.6581
0.7217031 -1.70735 0.4591006 -134.262 -254.2429 196.8489
0.7661367 -1.732985 0.5025577 -128.6132 -254.2429 204.6657
0.7793203 -1.777907 0.5340518 -122.2544 -254.2429 210.8413
0.862084 -1.762282 0.5904483 -120.1246 -254.2429 223.7573
0.9385 -1.739088 0.655878 -116.8269 -254.2429 233.7192
0.9958731 -1.707838 0.6446475 -114.1704 -254.2429 241.0932
0.9614492 -1.644118 0.7198428 -116.9643 -254.2429 251.6963
1.120141 -1.604323 0.7051944 -110.6361 -254.2429 251.6963
1.136742 -1.532057 0.9049014 -104.1857 -254.2429 251.6963
1.099389 -1.513747 1.080683 -102.3994 -254.2429 251.6963
1.244897 -1.491042 1.141474 -99.69713 -254.2429 251.6963
1.32058 -1.467116 1.27331 -91.69713 -254.2429 251.6963
1.418969 -1.344313 1.366327 -84.93377 -254.2429 251.6963
1.485375 -1.271315 1.477411 -77.78873 -254.2429 251.6963
1.425072 -1.357252 1.671015 -68.05591 -254.2429 251.6963
1.402855 -1.337233 1.674677 -53.91087 -254.2429 251.6963
1.526147 -1.202223 1.941278 -34.97957 -254.2429 251.6963
1.607689 -1.16902 1.978632 -11.90324 -254.2429 251.6963
1.634057 -1.140944 1.987665 10.40211 -254.2429 251.6963
1.563012 -1.003249 2.21911 32.70745 -254.2429 251.6963
1.651391 -0.8697037 2.284296 55.23417 -252.136 251.6963
1.605004 -0.7334732 2.376093 71.15783 -242.9528 251.6963
1.592064 -0.734938 2.396601 89.84486 -230.4643 251.6963
1.513939 -0.6890396 2.5133 110.1578 -217.7773 251.6963
1.509545 -0.5757584 2.505243 130.9135 -207.907 251.6963
1.372094 -0.5198502 2.467157 156.0128 -198.136 251.6963
1.48391 -0.31819 2.681757 177.9441 -185.2047 251.6963
1.491234 -0.1812271 2.383173 193.0128 -162.0673 251.6963
1.258568 -0.3028091 2.38415 203.1578 -154.846 251.6963
1.300316 -0.03034815 2.369989 215.7609 -138.1971 251.6963
1.159203 0.1549546 2.323847 207.2952 -116.8765 251.6963
1.159447 0.2379624 2.247187 194.3945 -103.2505 251.6963
1.066918 0.23723 2.147333 187.9288 -96.91466 251.6963
1.023217 0.2721421 1.784052 207.8525 -74.92229 251.6963
0.955834 0.372728 1.685175 203.3563 -65.06733 251.6963
0.8867422 0.2865464 1.572626 212.1426 -58.2429 251.6963
1.041039 0.8549057 1.529901 191.8907 -40.36504 251.6963
0.8386465 0.6390854 1.386103 188.5548 -10.97573 251.6963
0.7456289 0.7396713 1.22619 181.9059 -16.90702 251.6963
0.7187734 0.8192612 1.12536 179.967 -13.62458 251.6963
0.6487051 1.124437 1.003046 156.7151 -16.47954 251.6963
0.5329824 1.043382 0.9237002 153.738 -14.56351 251.6963
0.5700918 1.148851 0.8597354 138.5624 -15.68565 251.6963
0.5993886 1.195238 0.9083194 123.3792 -10.38031 251.6963
0.5251699 1.239427 0.8775577 114.1655 -9.761985 251.6963
0.511498 1.291673 0.897333 107.6693 -12.47954 251.6963
0.4070058 1.409349 0.9122256 100.0433 -13.66275 251.6963
0.4404531 1.490404 0.9105166 91.69218 -16.90702 251.6963
0.4521719 1.614915 0.8316592 78.2189 -17.44137 251.6963
0.3489004 1.716234 0.9105166 61.35631 -17.0597 251.6963
0.3589101 1.772874 0.9578799 50.79905 -14.65512 251.6963
0.3440176 1.835374 0.9107608 35.61585 -11.84595 236.7879
0.2309805 1.834642 0.9981631 25.1731 -12.70855 222.4596
0.2480703 1.863939 1.018183 14.27997 -8.349771 211.5894
0.1767812 1.884203 0.9674014 6.272336 -7.899389 196.307
0.1479727 1.886156 0.9952334 -1.933771 -13.83069 181.9482
0.2190176 1.892992 0.9891299 -5.796367 -15.83832 169.9711
0.1377187 1.890794 0.9810733 -8.491023 -7.861221 147.9711
0.1093984 1.934496 0.9881534 -9.055908 -8.876489 129.6276
0.016625 1.906664 0.9722842 -6.651328 -17.75435 106.8337
-0.02439062 1.873949 0.9766788 -5.681863 -18.59405 94.25352
-0.0861582 1.820238 0.9739932 -2.658962 -20.69328 77.23826
1.352563 0.09880224 1.988398 220.4021 -137.6093 251.6963
1.414574 0.9669662 1.769648 210.425 -72.68565 251.6963
1.171654 0.8968979 1.762812 223.57 -41.09786 251.6963
1.060326 1.026048 1.715204 225.341 -28.92992 251.6963
0.9953848 1.035082 1.590937 221.6082 -27.76962 251.6963
0.9834219 1.030199 1.47204 217.6311 -14.66275 251.6963
0.9309317 1.048509 1.418573 219.5013 -8.937557 251.6963
0.8452383 1.228441 1.346552 213.3792 -5.158932 251.6963
0.8098379 1.317552 1.259882 211.4708 4.688396 251.6963
0.6806875 1.528001 1.136835 202.3487 4.215115 251.6963
0.6345449 1.624681 1.040888 184.3334 6.474656 247.8566
0.4919668 1.725999 0.9566592 168.6464 12.8258 236.681
0.3938222 1.858812 0.794794 150.4784 16.52046 222.2993
0.3637929 1.862718 0.8392276 121.7075 14.83343 221.3451
0.2583242 1.89348 0.8321475 103.654 21.64259 208.3757
0.1970449 1.879564 0.8040713 88.65401 20.47466 195.8566
0.1635977 1.978441 0.775751 72.49371 22.56626 181.8489
0.07766016 2.055345 0.7540225 52.78379 17.63496 172.2383
0.09865625 2.163683 0.7603702 31.36394 12.04718 160.7115
0.07497461 2.071459 0.8123721 18.31814 10.87924 147.4291
0.01345117 2.130785 0.813837 9.631114 14.26855 125.5818
-0.07126563 2.158373 0.841669 -7.445222 6.528091 108.5512
-0.02732031 2.132494 0.859003 -21.06354 6.230381 96.10085
-0.06613867 2.109056 0.8882998 -29.28492 4.963206 82.87185
-0.110084 2.092211 0.9173526 -38.24675 -3.02916 75.64284
-0.05466406 1.968431 0.8983096 -42.75056 -6.105496 60.65811
-0.04856054 1.883958 0.8748721 -43.55972 -4.418474 41.00925
-0.0873789 1.801683 0.8799991 -45.55972 -3.609313 23.57414
-0.1323008 1.738939 0.8577823 -47.69713 -6.32687 10.68101
-0.1872324 1.64055 0.8240909 -50.8956 -9.403206 -1.296091
-0.2006602 1.559984 0.7557315 -54.33835 -10.51008 -16.67777
-0.1850352 1.468919 0.749628 -60.23148 -13.73145 -22.92205
-0.1989512 1.376878 0.6881045 -64.93377 -14.75435 -34.83044
-0.221168 1.212572 0.6439151 -70.09408 -12.54061 -44.5022
-0.2585215 1.126878 0.5938663 -76.01774 -16.65512 -48.5938
-0.295875 1.000902 0.5518741 -82.52919 -22.99099 -47.96021
-0.2699961 0.9816147 0.4886416 -91.09408 -25.16656 -50.85334
-0.2907481 0.9586655 0.5015811 -97.06354 -29.35741 -53.38006
-0.2790293 0.9269272 0.5042666 -104.949 -32.49481 -54.41823
-0.2944102 0.8651596 0.5508975 -110.178 -34.67038 -56.41823
-0.3093028 0.817308 0.55871 -114.1093 -38.56351 -57.31136
-0.3007578 0.8107162 0.5677432 -115.7658 -42.38031 -59.41059
-0.2790293 0.791185 0.6199893 -114.2696 -45.90702 -62.38006
-0.2631602 0.7867905 0.6693057 -110.1628 -48.3345 -67.05182
-0.2546153 0.7970444 0.709833 -105.9109 -49.76962 -71.46403
-0.2546153 0.8041245 0.7366885 -101.4529 -51.80015 -76.58617
-0.2419199 0.8251205 0.7510928 -98.36888 -53.37267 -80.84571
-0.2277598 0.855394 0.7525577 -95.62843 -55.09786 -85.83807
-0.2114023 0.8773666 0.7535342 -93.9643 -57.23527 -90.26556
-0.1996836 0.8998276 0.7789248 -90.57499 -59.25053 -95.74648
-0.1965098 0.9030014 0.813837 -90.12461 -60.80015 -99.74648
-0.2074961 0.897142 0.7845401 -78.81163 -62.99863 -110.0976
-0.2013926 0.9315659 0.8314151 -70.49866 -67.75435 -114.1282
-0.1464609 0.9928452 0.8297061 -63.55972 -69.16656 -121.9449
-0.1323008 1.036546 0.8670596 -59.26965 -70.29634 -128.693
-0.1047129 1.144701 0.8499698 -54.11698 -73.88412 -135.1434
-0.08542578 1.184007 0.9234561 -49.30018 -72.2429 -143.1816
-0.1088633 1.312669 0.9290713 -50.19331 -74.47191 -151.006
-0.08762304 1.395921 0.9490909 -46.38415 -76.53298 -158.6472
-0.08591406 1.449876 1.000605 -44.28492 -78.85359 -168.4106
-0.03244726 1.537767 0.9727725 -42.06354 -80.37267 -175.9755
-0.01193945 1.533617 0.9976748 -44.42232 -80.92229 -187.4335
0.04641016 1.457689 1.008905 -38.97194 -82.64748 -196.0442
0.1179434 1.590013 0.9803409 -47.02537 -81.0368 -204.8533
0.1472402 1.694261 1.035517 -57.26965 -79.65512 -211.006
0.2217031 1.713548 1.02038 -72.79636 -79.28107 -215.4259
0.2917715 1.779466 1.028192 -90.42995 -75.74672 -222.1053
0.3618398 1.804857 1.05578 -108.1399 -73.12077 -228.8992
