0.8815459 -0.3027007 0.7145097 -14.08053 11.87096 19.38661
0.8708037 -0.3073394 0.7086504 -14.12634 12.34424 19.72249
0.8583526 -0.3134429 0.688875 -14.24847 12.49692 19.93623
0.8605498 -0.3051421 0.671541 -13.67595 12.21447 20.24157
0.8480987 -0.3005034 0.6700761 -14.9813 12.45111 20.71486
0.8495635 -0.3005034 0.6578691 -15.1874 12.55799 21.02783
0.8522491 -0.306607 0.6485918 -15.43931 12.19157 21.19577
0.8424834 -0.3075835 0.635164 -15.33244 12.16867 21.72249
0.8346709 -0.315396 0.6241777 -14.33244 11.44348 21.98203
0.8415069 -0.3185699 0.6068437 -14.1645 10.93966 22.50875
0.8363799 -0.3239409 0.6163652 -14.82863 10.19921 23.31791
0.8329619 -0.3263824 0.5946367 -15.40115 9.748825 24.1347
0.8334502 -0.318814 0.5941484 -16.22557 8.832794 25.14234
0.8332061 -0.3214995 0.5814531 -16.85916 7.954932 25.90569
0.8388213 -0.3256499 0.5628984 -16.92786 6.809893 26.82936
0.8488311 -0.3195464 0.5582597 -17.20267 5.267909 28.0889
0.8507842 -0.3197906 0.5472734 -18.69122 3.886229 29.24157
0.8549346 -0.303189 0.5436113 -20.48512 2.405313 30.62325
0.8537139 -0.3022124 0.5394609 -22.85153 1.222107 31.75302
0.855667 -0.3000152 0.5287187 -25.08053 -0.3046107 32.90569
0.8563994 -0.2958648 0.5287187 -26.37061 -2.28171 33.65379
0.8576201 -0.2924468 0.543123 -26.1874 -4.235909 33.9286
0.8710479 -0.2953765 0.5504472 -26.94313 -5.747359 34.53165
0.8813018 -0.2856109 0.5589921 -27.30954 -6.953465 34.9515
0.8893584 -0.2836577 0.5594804 -27.61489 -8.38858 35.36371
0.8949737 -0.2819488 0.5704668 -28.40114 -9.541252 35.47058
0.8966826 -0.2799956 0.589998 -29.31717 -10.62522 35.90569
0.9066924 -0.2653472 0.5963457 -29.77519 -11.17484 36.02783
0.9096221 -0.2704741 0.6068437 -30.34771 -11.82369 36.38661
0.9193877 -0.2616851 0.6324785 -30.1874 -12.04507 35.9286
0.9015655 -0.2497222 0.6424882 -30.50038 -11.984 35.80646
0.9071807 -0.2560699 0.6651933 -29.39351 -12.15194 35.44768
0.9311065 -0.2365386 0.6673906 -29.84389 -11.62522 35.066
0.9218291 -0.2328765 0.6769121 -29.50038 -10.9611 34.47821
0.9259795 -0.2362944 0.6864336 -26.46221 -11.22828 33.43241
0.9235381 -0.2248198 0.6964433 -26.04237 -10.69392 33.2263
0.9240264 -0.2152983 0.7042558 -24.92023 -9.930565 32.36371
0.9237823 -0.2104155 0.7279375 -24.0958 -9.121405 31.27211
0.919876 -0.2030913 0.7311113 -22.27137 -7.823695 29.92096
0.9225616 -0.1960112 0.728914 -21.27137 -6.365679 28.69959
0.9154815 -0.2011382 0.7281816 -19.60725 -5.17484 27.47821
0.9230498 -0.1979644 0.7203691 -18.1187 -4.197741 26.1118
0.9369658 -0.1872222 0.7164629 -16.58435 -3.213008 24.84463
0.925003 -0.1918608 0.702791 -15.15687 -2.373313 23.71486
0.9269561 -0.1852691 0.7013261 -13.24084 -1.68629 22.18814
0.9272002 -0.1850249 0.6893632 -11.30954 -1.28171 20.73012
0.9291533 -0.1833159 0.6817949 -10.01947 -0.9152977 19.71486
0.9274444 -0.1715972 0.6666582 -9.584352 -0.6557558 18.33318
0.9269561 -0.1791655 0.6483476 -9.83626 -0.373313 17.24157
0.9240264 -0.1786772 0.6498125 -9.660687 -0.3504122 15.98203
0.923294 -0.1842925 0.6405351 -8.851527 -0.7168244 14.73776
0.919876 -0.1860015 0.6290605 -7.653054 -1.052702 13.44005
0.9242705 -0.1989409 0.626375 -7.439313 -1.274076 12.27974
0.9213408 -0.2013823 0.6297929 -7.576718 -1.480183 11.41714
0.9225616 -0.2091948 0.6251543 -6.996565 -2.037435 10.78356
0.9130401 -0.2167632 0.6192949 -6.843893 -2.304611 9.783557
0.9228057 -0.226773 0.6310136 -6.43168 -2.571786 9.195771
0.9176787 -0.2421538 0.6356523 -6.630153 -3.121405 9.035465
0.9237823 -0.252896 0.6393144 -6.675954 -3.442015 8.936229
0.923294 -0.2631499 0.6410234 -6.408779 -3.533618 8.539283
0.9237823 -0.2704741 0.6373613 -5.927863 -4.006901 8.691955
0.9105987 -0.290982 0.6495683 -5.43168 -4.029801 8.669053
0.9096221 -0.2953765 0.6583574 -4.523283 -4.403847 8.714855
0.9123076 -0.2995269 0.6722734 -3.820992 -4.457283 9.096535
0.9196319 -0.3124663 0.6637285 -3.446947 -4.480183 9.378977
0.9127959 -0.3075835 0.6661699 -3.767557 -4.556519 10.11944
0.9152373 -0.3124663 0.6759355 -3.424046 -4.480183 10.35608
0.9218291 -0.3158843 0.68033 -4.05 -4.503084 11.1576
0.923294 -0.3139312 0.6754472 -4.492748 -4.358046 11.75302
0.9213408 -0.3175933 0.6857011 -4.668321 -4.518351 12.39424
0.9188994 -0.3119781 0.6905839 -4.64542 -4.197741 12.66142
0.9230498 -0.304898 0.6947343 -4.416412 -4.548885 13.17287
0.9313506 -0.3034331 0.6988847 -4.43168 -4.121405 13.60798
0.9269561 -0.3056304 0.6983964 -4.164504 -3.663389 13.88279
0.9330596 -0.3034331 0.7008379 -3.94313 -3.373313 14.14997
0.9345244 -0.2973296 0.7091386 -3.591985 -2.938199 14.23394
0.9103545 -0.235562 0.6329668 -11.23321 2.283175 16.71486
0.9169463 -0.2387358 0.6747148 -8.24084 0.06180143 14.17287
0.9220733 -0.2431304 0.6839921 -8.080534 -0.2817099 14.0431
0.9193877 -0.2433745 0.6864336 -7.866794 -0.1366718 13.79119
0.9154815 -0.2404448 0.6864336 -7.492748 -0.06033587 13.79882
0.9105987 -0.2443511 0.6881425 -7.401145 -0.4496489 13.79119
0.9152373 -0.2465483 0.6918046 -7.553817 -0.373313 13.79882
0.9105987 -0.2411772 0.6893632 -7.53855 -0.6633893 14.01257
0.9152373 -0.2397124 0.6952226 -7.599618 -0.4954504 13.82173
0.9125518 -0.2431304 0.7018144 -7.958397 -0.8847633 14.21104
0.9142608 -0.2384917 0.6964433 -8.004199 -1.014534 13.76066
0.9130401 -0.2504546 0.7030351 -8.988932 -0.854229 14.32554
0.9125518 -0.2519195 0.7137773 -9.202672 -0.8847633 14.50875
0.9237823 -0.2558257 0.6969316 -8.111069 -1.373313 14.1805
0.9127959 -0.2489897 0.7162187 -7.714122 -1.304611 13.94386
0.9176787 -0.2455718 0.718416 -7.927863 -1.28171 14.05073
0.9188994 -0.249478 0.7213457 -7.950764 -1.029801 13.76829
0.9188994 -0.2419097 0.7225664 -7.958397 -1.052702 14.00493
0.9206084 -0.2521636 0.7315996 -7.813359 -1.525985 14.1347
0.9169463 -0.254605 0.7274492 -8.790459 -0.8923969 14.46295
0.9223174 -0.2533843 0.7269609 -9.43168 -0.6786565 14.89806
0.9254912 -0.266812 0.7267168 -9.798092 -0.7473588 15.2034
0.9281768 -0.2638824 0.7318437 -10.20267 -0.3962138 15.60035
0.9252471 -0.2636382 0.7298906 -10.22557 -0.1901069 15.96676
0.925003 -0.2560699 0.7254961 -10.0729 -0.464916 16.27211
0.932083 -0.2636382 0.7311113 -10.30954 -0.02216792 16.95913
0.935501 -0.271939 0.7345293 -10.53855 0.4663818 17.40951
0.9257354 -0.2648589 0.7411211 -10.58435 0.9472979 17.27211
0.9247588 -0.2673003 0.7347734 -10.75229 1.061801 18.05837
0.9291533 -0.258023 0.730623 -10.9355 1.443481 18.36371
0.9262237 -0.2651031 0.73575 -10.82099 1.809893 18.79119
0.9242705 -0.2636382 0.7267168 -9.691221 2.069435 20.07363
0.9306182 -0.2697417 0.7135332 -9.103436 2.252641 20.31027
0.9386748 -0.2568023 0.7130449 -8.805725 2.328977 20.63852
0.9447783 -0.2582671 0.7030351 -9.775191 2.367145 21.38661
0.9418487 -0.2687652 0.7015703 -8.508016 2.367145 21.71486
0.9472198 -0.2629058 0.7086504 -8.714123 2.42058 22.1347
0.9425811 -0.2609527 0.6891191 -9.271374 2.970199 22.53928
0.9413604 -0.2543609 0.6971757 -9.393512 2.695389 23.08127
0.9486846 -0.2565581 0.6861894 -9.599619 2.748825 23.32554
0.9516143 -0.258023 0.6776445 -9.279008 2.336611 23.85226
0.9542998 -0.2558257 0.6844804 -9.34771 2.603786 24.14997
0.9474639 -0.2480132 0.6874101 -9.111069 2.695389 24.41714
0.9486846 -0.2455718 0.6842363 -9.187405 2.573252 24.79119
0.9472198 -0.2414214 0.6842363 -8.94313 2.481649 25.03547
0.9450225 -0.2402007 0.6734941 -9.0271 2.672489 25.31791
0.9486846 -0.2326323 0.68033 -9.538549 2.695389 25.61562
0.9457549 -0.2314116 0.6737382 -9.820992 2.099969 26.17287
0.9457549 -0.226773 0.6656816 -10.21794 1.680122 26.56218
0.9398955 -0.2214019 0.6590898 -10.78282 1.405313 26.70722
0.9313506 -0.2248198 0.6593339 -10.74466 1.016 27.09653
0.9262237 -0.223355 0.6651933 -10.97366 0.5961528 26.98966
0.9213408 -0.2218901 0.668123 -10.47748 -0.1977404 27.09653
0.9174346 -0.2121245 0.6705644 -10.67595 -0.9000305 26.94386
0.9203643 -0.2074858 0.6810625 -10.92786 -1.243542 26.9973
0.9191436 -0.200894 0.6815507 -11.23321 -1.693924 26.60035
0.918167 -0.1933257 0.6935136 -11.30954 -2.503084 26.25684
0.9272002 -0.1928374 0.6983964 -11.47748 -3.067969 26.1805
0.9169463 -0.1877105 0.6979082 -11.56145 -3.319878 25.44005
0.9230498 -0.1860015 0.7023027 -11.59962 -3.732091 24.52402
0.9228057 -0.1860015 0.7054765 -11.80573 -4.243542 23.88279
0.9254912 -0.1847808 0.7130449 -11.81336 -4.480183 23.00493
0.9245147 -0.1840483 0.7130449 -11.99656 -4.663389 22.09653
0.9303741 -0.192105 0.7262285 -12.04237 -4.693924 20.95913
0.9242705 -0.1950347 0.7259843 -12.17214 -4.693924 20.39425
0.9325713 -0.193814 0.7257402 -12.58435 -4.808428 19.50111
0.9276885 -0.2118804 0.732332 -12.99656 -4.556519 19.12707
0.9386748 -0.2201812 0.7259843 -13.50802 -4.449649 18.84463
0.9418487 -0.2294585 0.7308671 -14.51565 -4.251176 18.77592
0.9423369 -0.2384917 0.7394121 -15.77519 -4.182473 19.19577
0.938919 -0.2365386 0.7384355 -16.63015 -3.884763 19.44768
0.9396514 -0.2458159 0.7484453 -17.10344 -3.487817 19.52402
0.9447783 -0.254605 0.7557695 -16.84389 -3.266443 19.73775
0.956253 -0.2524077 0.7579668 -16.83626 -3.594687 20.1805
