0.6779326 -0.4296538 0.4994218 12.30878 15.45875 -12.30805
0.6708526 -0.4518706 0.4847734 10.42328 13.77172 -11.89583
0.6740264 -0.48898 0.4818437 8.568321 11.57325 -11.03324
0.6769561 -0.5177886 0.4662187 7.804962 9.848061 -10.30041
0.6730498 -0.5295074 0.4696367 7.972901 8.168673 -9.399649
0.6752471 -0.5622222 0.4637773 8.05687 5.794626 -8.224077
0.6730498 -0.5900542 0.4706132 8.438549 3.641954 -6.277512
0.6767119 -0.6042144 0.4652421 7.751526 1.42058 -3.956902
0.6720733 -0.6178863 0.4713457 6.125573 -0.09850383 -1.498886
0.6774444 -0.6371734 0.4779375 5.285878 -2.426748 1.585085
0.6784209 -0.6430327 0.4903886 4.316412 -4.319878 4.699587
0.683792 -0.6586577 0.4984453 3.491985 -6.045069 8.119435
0.6962432 -0.665982 0.5067461 3.156106 -7.663389 11.68432
0.697708 -0.662564 0.5089433 2.995801 -9.503084 15.17287
0.7069854 -0.6459624 0.5213945 2.629389 -10.49545 18.43241
0.7111358 -0.6288726 0.5401933 3.575954 -12.58705 21.40188
0.715042 -0.596646 0.558748 4.110305 -13.25881 24.05073
0.7118682 -0.5644195 0.5646074 3.415649 -14.24354 26.50111
0.7279815 -0.5299956 0.5826738 3.682825 -15.56415 28.44768
0.7372588 -0.4955718 0.5965898 2.522519 -15.92293 29.90569
0.7406768 -0.4662749 0.6014726 2.064504 -16.44965 30.9515
0.7533721 -0.4413726 0.6280839 0.7362595 -18.36568 31.87516
0.7741241 -0.4086577 0.6539629 -1.149237 -16.40385 31.85226
0.7733916 -0.3905913 0.6634843 -3.56145 -15.60995 32.61562
0.7753448 -0.3786284 0.6756914 -6.660687 -15.53362 32.53165
0.7895049 -0.3593413 0.6940019 -9.485115 -14.44201 32.21104
0.7868194 -0.350064 0.702791 -11.64542 -13.51072 31.40188
0.7960967 -0.3493316 0.71158 -13.22557 -12.46492 31.05073
0.7968291 -0.3363921 0.7110918 -14.1187 -11.38095 29.80646
0.794876 -0.3393218 0.7218339 -15.01947 -9.90003 28.43241
0.8022002 -0.3415191 0.7135332 -16.55382 -7.625221 27.44768
0.7975616 -0.3522613 0.7211015 -17.72176 -6.724458 26.32554
0.7958526 -0.3464019 0.7135332 -18.88969 -5.067969 25.11943
0.7943877 -0.3571441 0.7145097 -19.58435 -3.739725 23.93623
0.7895049 -0.350064 0.7069414 -20.82099 -1.968733 22.80646
0.7746123 -0.3708159 0.6961992 -22.46985 -0.6328549 22.0889
0.7738799 -0.376187 0.6795976 -23.79046 0.3595114 21.30264
0.7721709 -0.3962066 0.6730058 -24.03473 1.130504 20.92859
0.7731475 -0.4147613 0.6661699 -22.9813 2.069435 20.1576
0.7746123 -0.4320952 0.6627519 -20.41641 2.733557 19.9744
0.7667998 -0.4384429 0.6398027 -18.78283 3.115237 19.56982
0.7655791 -0.4479644 0.619539 -17.0042 2.993099 19.70722
0.7567901 -0.4474761 0.6009843 -15.13397 2.641954 19.73012
0.7528838 -0.4416167 0.6009843 -13.27901 1.733557 19.75302
0.7472686 -0.4362456 0.5853593 -11.53855 1.145771 19.66905
0.7470244 -0.428189 0.5768144 -10.35534 0.3595114 19.63089
0.7455596 -0.4169585 0.5729082 -8.904962 -0.5183512 19.96676
0.7453155 -0.4064605 0.5812089 -8.217939 -1.144305 19.67669
0.737503 -0.3957183 0.5755937 -7.660687 -1.625221 19.60035
0.7277373 -0.3908355 0.5751054 -7.172138 -2.266443 19.40188
0.744583 -0.3698394 0.5880449 -7.446947 -2.693924 19.17287
0.7360381 -0.3598296 0.589998 -7.340076 -3.113771 19.066
0.7392119 -0.3647124 0.593416 -7.309542 -3.442015 19.01257
0.7401885 -0.3505523 0.6004961 -7.714122 -3.632855 18.87516
0.7392119 -0.346646 0.5995195 -9.309542 -3.785527 18.65379
0.7379912 -0.3464019 0.6000078 -11.59962 -4.205374 19.05073
0.7316436 -0.348355 0.6117265 -12.78282 -5.121405 19.49348
0.7492217 -0.3432281 0.619539 -14.0958 -5.312244 19.47058
0.7426299 -0.3368804 0.619539 -15.30954 -5.419115 19.49348
0.7453155 -0.3349273 0.61783 -16.30191 -5.525985 19.48585
0.7506866 -0.3254058 0.6305254 -16.40115 -6.083237 19.56982
0.7467803 -0.3112456 0.6302812 -15.79046 -6.098504 19.1805
0.7516631 -0.2965972 0.6476152 -15.72176 -5.548885 18.44768
0.7589873 -0.2885406 0.6512773 -15.73702 -5.678657 17.79882
0.7467803 -0.2763335 0.64908 -15.51565 -5.464916 16.75302
0.7506866 -0.2751128 0.655916 -14.72939 -5.129038 15.64615
0.7487334 -0.2675445 0.6742265 -14.35534 -4.449649 14.35608
0.746292 -0.2570464 0.6712968 -14.13397 -3.999267 12.91333
0.7526397 -0.2607085 0.6617754 -14.1416 -3.373313 11.65379
0.7428741 -0.2509429 0.67325 -16.73702 -2.17484 11.14997
0.7597198 -0.2748687 0.6730058 -14.67595 -1.823695 9.730123
0.7633819 -0.2673003 0.6583574 -12.92023 -2.426748 7.607985
0.8290557 -0.4601714 0.5770586 15.96527 -0.3427787 6.226305
0.8566436 -0.4521148 0.5921953 15.60649 -0.1519389 8.478213
0.8637237 -0.447232 0.595125 15.78206 -0.006900787 9.630885
0.8786162 -0.4364898 0.6029375 15.11031 0.1228702 11.1576
0.8795928 -0.438687 0.6119707 14.51488 0.7640915 12.14997
0.8883819 -0.4291656 0.6002519 13.8355 0.7411909 13.65379
0.8905791 -0.4228179 0.6065996 13.0645 1.382412 15.066
0.8896026 -0.4132964 0.6146562 13.24008 0.8022594 16.21867
0.8878936 -0.398648 0.6241777 12.59122 0.832794 17.47821
0.8866729 -0.3737456 0.6300371 12.20954 0.5885191 18.19577
0.8815459 -0.3407866 0.6466386 11.47672 0.4969161 18.85226
0.8739776 -0.320523 0.6625078 11.27061 0.5427175 19.1118
0.8637237 -0.2865874 0.6878984 10.96527 0.626687 18.56218
0.8551787 -0.2548491 0.7081621 10.54542 1.000733 18.14997
0.8466338 -0.2326323 0.7211015 10.62939 1.306076 17.33318
0.8307647 -0.2030913 0.7530839 9.621756 2.046535 15.83699
0.8173369 -0.179898 0.7677324 9.148474 2.756458 14.47058
0.7938994 -0.1681792 0.7867754 8.438549 3.985466 13.10417
0.8053741 -0.1537749 0.8009356 6.804962 6.176305 11.56982
0.7912139 -0.1320464 0.8119219 8.736259 6.649588 8.768291
0.7646026 -0.115689 0.8219316 8.392748 8.977833 5.462947
0.7501983 -0.1242339 0.8351152 8.385115 9.764091 3.310274
0.7362823 -0.1169097 0.8343828 10.43855 11.32898 0.0812664
0.7301787 -0.11398 0.8338945 9.095039 13.40531 -2.132473
0.7145537 -0.1149565 0.8275469 9.644657 14.85569 -4.697359
0.7077178 -0.1181304 0.8226641 9.430916 16.51218 -7.079039
0.7055205 -0.129605 0.8148516 9.659924 17.84806 -9.361481
0.6981963 -0.1444976 0.7904375 10.43855 18.9473 -11.39965
0.6974639 -0.1554839 0.7677324 10.84313 19.89386 -13.36912
0.6793975 -0.17648 0.7503984 12.77443 20.61142 -15.23171
0.6840362 -0.193814 0.7269609 13.39275 21.30608 -16.82713
0.6996612 -0.2184722 0.6878984 17.69046 20.84043 -18.47598
0.7072295 -0.2358062 0.6666582 20.45382 19.60379 -20.27751
0.702835 -0.2404448 0.6410234 21.55305 19.25264 -21.05614
0.7082061 -0.2553374 0.6188066 22.72863 18.77936 -21.9111
0.6964873 -0.2734038 0.5797441 24.31641 16.62669 -22.78896
0.7499541 -0.2882964 0.5455644 24.41565 14.8786 -22.94927
0.7106475 -0.3434722 0.5716875 23.42328 13.78699 -23.18591
0.7157744 -0.3058745 0.5128496 23.9729 10.80226 -23.9798
0.7294463 -0.3268706 0.4982011 23.0874 7.649588 -23.30041
0.7409209 -0.3454253 0.5150468 18.8355 4.993099 -22.36148
0.7538604 -0.3612945 0.5008867 16.73626 3.115237 -21.91873
0.7638701 -0.3776519 0.501375 14.18664 0.4892824 -21.1172
0.7902373 -0.3932769 0.5123613 12.03397 -2.129038 -19.94163
0.7904815 -0.4079253 0.5138261 11.42328 -4.57942 -19.14774
0.8053741 -0.4132964 0.5336015 10.59886 -6.365679 -18.66683
0.8288116 -0.4284331 0.5423906 10.67519 -8.350412 -17.92637
0.8510283 -0.4391753 0.5653398 10.49199 -10.37331 -16.90347
0.8578643 -0.4428374 0.5919511 10.30115 -11.70156 -16.28515
0.8627471 -0.4540679 0.6144121 10.0645 -12.66339 -15.53705
0.8810576 -0.4596831 0.6444414 9.377481 -13.30461 -14.46072
0.890335 -0.4640777 0.6764238 8.659924 -13.57942 -13.78896
0.8976592 -0.4694488 0.6991289 8.110306 -12.984 -12.75843
0.9037627 -0.4765288 0.7286699 7.507252 -12.15194 -12.01797
0.8991241 -0.4860503 0.7430742 6.369847 -11.29698 -11.0485
0.9159698 -0.4821441 0.7789629 6.400382 -9.472549 -10.17064
0.9152373 -0.4953277 0.7767656 6.011069 -7.87713 -9.155375
0.9152373 -0.5163238 0.8004473 5.568321 -5.808428 -8.147741
0.9084014 -0.5326812 0.8070391 5.667557 -3.594687 -7.101938
0.9066924 -0.5370757 0.8094805 6.621755 -1.464916 -6.407282
0.9010772 -0.5465972 0.803377 7.400382 0.2068398 -5.246977
0.878128 -0.6259429 0.7648027 6.995801 6.412946 3.791191
0.8649444 -0.6410796 0.7486894 7.240077 8.016001 6.943863
0.8578643 -0.6432769 0.7296464 7.140839 9.130505 10.50111
0.8502959 -0.6459624 0.6922929 7.033969 9.710657 14.0889
0.8483428 -0.6437652 0.6629961 6.553053 10.13814 18.1118
0.838333 -0.6354644 0.6319902 5.65229 9.527451 22.11943
0.8317412 -0.615689 0.6044023 3.766794 9.382412 26.066
0.8266143 -0.598355 0.5843828 2.095038 8.351877 29.90569
0.8253936 -0.5727202 0.5577714 0.4003816 7.031268 33.69196
0.8163604 -0.5478179 0.5521562 -1.851527 5.596153 37.23394
0.8114776 -0.5265777 0.5272539 -3.935496 4.290809 40.30264
0.8036651 -0.4909331 0.5209062 -5.683588 2.50455 42.87516
0.7958526 -0.459439 0.5018632 -6.790458 -0.01453424 44.91333
0.7831573 -0.4255034 0.501375 -8.912596 -2.151939 46.98966
0.7875518 -0.3993804 0.5018632 -9.485115 -4.190107 48.28738
0.7841338 -0.383023 0.5245683 -10.46221 -6.258809 49.48585
0.7899932 -0.3564116 0.5355546 -12.23321 -7.564153 50.31027
