2.289799 0.9564825 0.06534863 -230.6163 114.2562 -248.4563
2.289799 0.9340216 -0.02718067 -230.6163 123.9966 -248.4563
2.289799 0.6388556 -0.2102861 -230.6163 144.76 -248.4563
2.289799 0.4288946 -0.177083 -230.6163 152.5539 -248.4563
2.289799 0.3226935 -0.2366533 -230.6163 183.6455 -248.4563
2.289799 0.0890509 -0.2605791 -230.6163 212.8363 -248.4563
2.289799 -0.1890253 -0.2605791 -230.6163 231.0959 -248.4563
2.289799 -0.5315546 -0.2605791 -230.6163 231.0959 -248.4563
2.289799 -0.9192499 -0.2605791 -230.6163 231.0959 -248.4563
2.289799 -1.099182 -0.2605791 -230.6163 231.0959 -248.4563
2.289799 -1.313049 -0.2605791 -230.6163 231.0959 -248.4563
2.289799 -1.706603 -0.2605791 -230.6163 231.0959 -248.4563
2.289799 -1.774963 -0.2605791 -230.6163 231.0959 -248.4563
2.289799 -1.774963 -0.2605791 -230.6163 231.0959 -248.4563
2.289799 -1.774963 -0.2605791 -230.6163 231.0959 -248.4563
1.01984 -0.7158808 1.067058 251.5592 -89.20183 251.8109
1.270085 0.9701544 -0.1223955 228.086 -59.3316 251.8109
1.256168 1.10077 -0.2234697 211.6356 -73.30107 251.8109
1.397038 1.186951 -0.2605791 185.689 -81.36214 251.8109
1.351627 1.138856 -0.2605791 167.6967 -88.95757 251.8109
1.391911 1.292176 -0.2605791 147.6585 -99.62932 251.8109
1.412663 1.321473 -0.2605791 129.7119 -112.4003 251.8109
1.448307 1.400574 -0.2578936 115.3302 -124.1255 251.8109
1.473698 1.435975 -0.2105303 101.9638 -138.4995 251.8109
1.601872 1.410584 -0.1814775 97.55162 -149.7896 251.8109
1.631901 1.591248 -0.07918262 90.23865 -167.2476 251.8109
1.826969 1.71576 -0.1192217 92.49818 -185.6293 251.8109
1.993961 1.931092 0.01261425 86.77299 -189.4003 251.8109
2.094303 1.877137 0.02140331 100.0402 -203.4461 251.8109
2.167057 2.000184 0.02213573 128.2768 -228.7591 251.8109
2.216373 2.162049 0.03849316 150.6585 -244.1484 251.8109
2.219303 2.224976 0.2567549 173.1776 -245.782 251.8109
2.251041 2.224976 0.3270674 208.7272 -252.5301 251.8109
2.212223 2.224976 0.4215498 245.5898 -263.7362 251.8109
2.289799 2.224976 0.451335 258.1241 -261.3163 251.8109
2.289799 2.224976 0.5770674 269.6508 -261.7972 251.8109
2.289799 2.224976 0.6034346 269.6508 -261.324 251.8109
2.23151 2.224976 0.7147627 269.6508 -265.4995 251.8109
2.008366 2.224976 1.033122 193.2921 -241.9194 251.8109
1.835758 2.224976 1.142253 162.399 -234.24 251.8109
1.808415 2.224976 1.197917 136.1012 -209.2324 211.6582
1.533024 2.224976 1.457927 118.9562 -196.927 178.6506
1.435612 2.224976 1.493571 78.91803 -188.6064 143.9712
1.428043 2.224976 1.584636 57.50582 -177.1713 104.6964
1.489079 2.224976 1.778728 34.65849 -169.8812 61.58189
1.466618 2.224976 1.919841 1.681389 -142.2018 13.16968
1.586002 2.224976 1.986003 -30.998 -119.324 -36.37231
1.63654 2.224976 2.042888 -59.96746 -104.3087 -81.76925
1.702702 2.224976 2.149821 -62.30334 -88.59879 -134.0822
1.725407 2.224976 2.179362 -69.17357 -63.74382 -182.1815
1.743473 2.224976 2.10319 -66.71556 -44.94229 -228.9754
1.742741 2.224976 2.068034 -67.57816 -28.69038 -248.4563
1.807926 2.224976 2.009685 -72.68503 -9.94229 -248.4563
1.83527 2.224976 1.947917 -78.46365 5.813435 -248.4563
1.928776 2.224976 1.878337 -80.44075 22.24855 -248.4563
1.992741 2.224976 1.759929 -87.29572 36.81343 -248.4563
2.07819 2.224976 1.701091 -100.8606 49.6684 -248.4563
2.138493 2.224976 1.635661 -98.15067 66.60733 -248.4563
2.185612 2.224976 1.43986 -102.3644 77.61496 -248.4563
2.222965 2.224976 1.395427 -120.2194 86.05008 -248.4563
2.281559 2.058289 1.358806 -123.0667 102.6531 -248.4563
2.289799 1.875672 1.184001 -140.3797 115.1722 -248.4563
2.289799 1.708191 1.111247 -156.7232 124.7447 -248.4563
2.289799 1.53241 0.9882002 -172.5782 139.4852 -248.4563
2.289799 1.473084 0.9535322 -195.4178 148.6531 -248.4563
2.289799 1.300721 0.9105635 -217.8682 166.8592 -248.4563
2.289799 1.196961 0.7867842 -230.6163 180.2486 -248.4563
2.289799 1.097596 0.6656904 -230.6163 195.6608 -248.4563
2.289799 1.006287 0.5795088 -230.6163 215.6837 -248.4563
2.289799 0.9086309 0.4847822 -230.6163 231.0959 -248.4563
2.289799 0.7052618 0.3829756 -230.6163 231.0959 -248.4563
2.289799 0.6244513 0.1686201 -230.6163 231.0959 -248.4563
2.289799 0.431336 -0.07918262 -230.6163 231.0959 -248.4563
2.289799 -0.01763855 -0.2605791 -230.6163 231.0959 -248.4563
2.289799 -0.5606073 -0.2605791 -230.6163 231.0959 -248.4563
2.289799 -0.7703241 -0.2605791 -230.6163 231.0959 -248.4563
2.289799 -0.7495722 -0.2605791 -230.6163 231.0959 -248.4563
2.289799 -1.105285 -0.2605791 -230.6163 231.0959 -248.4563
2.289799 -1.430725 -0.2605791 -230.6163 231.0959 -248.4563
2.158024 -1.535461 -0.2605791 -230.6163 231.0959 -248.4563
2.110661 -1.774963 -0.2605791 -230.6163 231.0959 -248.4563
1.809635 -1.774963 -0.2605791 -230.6163 231.0959 -248.4563
1.561344 -1.774963 -0.2605791 -230.6163 231.0959 -248.4563
0.8181802 -1.774963 -0.2605791 -230.6163 231.0959 -248.4563
0.8198892 -1.774963 -0.2605791 -230.6163 231.0959 -248.4563
-1.71014 -1.774963 -0.2605791 -230.6163 231.0959 -248.4563
-0.7677573 -1.774963 -0.2605791 -158.1354 231.0959 -226.8761
-1.71014 -1.774963 -0.2605791 -94.28807 122.9127 -144.1433
-1.71014 -1.774963 -0.2605791 -21.37205 19.24092 -89.02879
-1.71014 -1.774963 -0.2605791 23.37605 -63.2629 -30.78452
-1.71014 -1.774963 -0.2605791 23.72719 -116.7209 22.55136
-1.71014 -1.774963 -0.2605791 17.26154 -170.2247 66.32235
-1.591488 -1.774963 -0.2605791 23.12414 -201.7056 83.19258
-1.128353 -1.774963 -0.2605791 22.76536 -250.9576 96.29945
-0.8392905 -1.774963 -0.2605791 57.39894 -269.1713 109.4521
-0.4735679 -1.774963 -0.2605791 89.26154 -269.1713 127.4827
-0.2286948 -1.774963 -0.2605791 123.8875 -269.1713 130.6048
-0.2448081 -1.774963 -0.2605791 149.1394 -269.1713 168.2995
0.3689614 -1.774963 -0.2105303 184.4447 -269.1713 165.0781
0.4490396 -1.774963 -0.04012012 211.4753 -269.1713 184.643
0.5393716 -1.695129 0.1676435 244.7959 -269.1713 186.0628
0.6160317 -1.309142 0.357585 260.8417 -269.1713 204.9178
0.7005044 -1.064269 0.4737959 269.6508 -269.1713 213.0094
0.8875161 -0.9985956 0.4686689 269.6508 -269.1713 219.0552
0.7031899 -0.752746 0.8041182 269.6508 -269.1713 227.7956
0.6485024 -0.5899042 0.97404 269.6508 -268.7057 218.9865
1.648502 2.224976 1.271159 241.4371 -113.0568 251.8109
2.289799 2.224976 1.067058 -179.6239 170.4241 -248.4563
2.289799 2.224976 0.9535322 -182.1049 182.1264 -248.4563
2.289799 2.224976 0.8971357 -187.2117 196.5768 -248.4563
2.289799 2.224976 0.758708 -192.4636 209.6531 -248.4563
2.289799 2.125916 0.6847334 -200.8453 220.9432 -248.4563
2.289799 1.902039 0.5734053 -212.0133 231.0959 -248.4563
2.289799 1.719178 0.4772139 -224.8911 231.0959 -248.4563
2.289799 1.539002 0.3426924 -230.6163 231.0959 -248.4563
2.289799 1.318055 0.1854658 -230.6163 231.0959 -248.4563
2.289799 1.065125 0.08243847 -230.6163 231.0959 -248.4563
2.289799 0.903504 -0.1094561 -230.6163 231.0959 -248.4563
2.289799 0.7133184 -0.2605791 -230.6163 231.0959 -248.4563
2.289799 0.6703497 -0.2605791 -230.6163 231.0959 -248.4563
2.289799 0.637879 -0.2605791 -230.6163 231.0959 -248.4563
2.289799 0.495545 -0.2605791 -230.6163 231.0959 -248.4563
2.289799 0.02435364 -0.2605791 -230.6163 231.0959 -248.4563
2.289799 -0.6206659 -0.2605791 -230.6163 231.0959 -248.4563
2.289799 -0.8211054 -0.2605791 -230.6163 231.0959 -248.4563
2.289799 -1.219055 -0.2605791 -230.6163 231.0959 -248.4563
2.289799 -1.761291 -0.2605791 -230.6163 231.0959 -248.4563
2.289799 -1.774963 -0.2605791 -230.6163 231.0959 -248.4563
2.289799 -1.774963 -0.2605791 -230.6163 231.0959 -248.4563
2.289799 -1.774963 -0.2605791 -230.6163 231.0959 -248.4563
1.343327 -1.774963 -0.2605791 -230.6163 231.0959 -248.4563
0.5327798 -1.774963 -0.2605791 -121.0743 231.0959 -248.4563
-0.01409522 -1.774963 -0.2605791 -185.3033 159.073 -248.4563
0.2110024 -1.774963 -0.2605791 -15.25754 14.77527 -248.4563
0.4204751 -1.774963 -0.2605791 124.7043 -90.40794 -219.5326
-0.8283042 -1.774963 -0.2605791 133.4524 -164.9805 -141.9982
-1.692318 -1.774963 -0.2605791 147.3073 -224.5911 -92.44864
-1.71014 -1.774963 -0.2605791 143.4066 -256.3087 -48.96009
-1.71014 -1.774963 -0.2605791 93.36841 -269.1713 -1.028794
-1.259457 -1.774963 -0.2605791 67.36841 -269.1713 41.43686
-0.5282554 -1.774963 -0.2605791 33.77299 -269.1713 96.6506
-0.2855796 -1.774963 -0.2605791 28.74246 -269.1713 138.1315
0.5188638 -1.774963 -0.2605791 51.9791 -269.1713 188.4979
0.9946939 -1.774963 -0.2605791 59.08597 -269.1713 208.2231
1.009831 -1.774963 0.01822948 72.46001 -269.1713 240.6888
1.479557 -1.774963 0.191081 57.9104 -269.1713 251.8109
1.375309 -1.774963 0.5321455 76.16994 -269.1713 251.8109
1.403874 -1.774963 0.66154 64.16994 -269.1713 251.8109
1.573551 -1.774963 0.6747236 127.6356 -269.1713 251.8109
1.38654 -1.700744 1.570964 103.7654 -269.1713 251.8109
