0.3986357 0.2400239 0.5404375 -32.37061 20.45111 11.79119
0.3791045 0.241977 0.5445879 -32.44695 21.19921 12.54692
0.3473662 0.2410005 0.5419023 -34.36298 20.54272 13.03547
0.3466338 0.2842134 0.5443437 -37.92023 20.72592 13.90569
0.3065947 0.2829926 0.5392168 -37.97366 21.51982 13.56218
0.3078154 0.3169282 0.5096757 -40.81336 21.36714 14.03547
0.3222197 0.3010591 0.5179765 -34.89733 21.0618 12.19577
0.338333 0.326938 0.5086992 -31.1645 21.1305 10.36371
0.336624 0.3288911 0.510164 -26.05 20.65722 9.081267
0.258499 0.3262055 0.5262773 -18.88969 16.82516 5.432412
0.248001 0.35477 0.4999101 -22.90496 14.54272 4.409512
0.3236846 0.302768 0.5082109 -25.62252 13.97783 2.424778
0.3620147 0.2595551 0.5086992 -16.34771 11.8786 -0.5370541
0.4096221 0.2654145 0.5174882 -4.164504 12.55799 -3.277512
0.3578643 0.2229341 0.5321367 0.4461832 11.72592 -4.42255
0.3813018 0.2424653 0.5316484 13.93473 11.1534 -6.766062
0.3376006 0.2624848 0.5409257 20.66756 9.000732 -8.117207
0.3090361 0.2483247 0.5538652 18.61412 6.817526 -8.002703
0.3012236 0.2483247 0.5738847 17.82023 4.428214 -7.712626
0.3136748 0.2361177 0.5904863 12.44618 3.359511 -6.132473
0.3063506 0.2241548 0.6175859 6.667557 3.466382 -3.750793
0.3361357 0.181186 0.5987871 3.476717 2.031267 -1.773695
0.3595732 0.16727 0.5929277 2.301145 1.199206 -1.170641
0.2899932 0.1684907 0.593416 4.423282 -0.8618626 0.1118011
0.2990264 0.1125825 0.5733964 1.667557 -2.922931 2.959129
0.2780303 0.0415376 0.5755937 5.46145 -6.480183 5.539283
0.2624053 0.07034619 0.5711992 6.186641 -7.739725 7.722488
0.2987822 -0.002163574 0.562166 8.637022 -10.11377 10.01256
0.3825225 0.2534516 0.4300859 -51.59199 5.809893 25.89806
0.3092803 -0.05294483 0.4317949 -39.05763 -11.34278 25.1576
0.2909697 0.02029736 0.5885332 -30.0729 -11.80079 25.1576
0.3249053 0.06692822 0.6278398 -26.64542 -6.724458 26.9286
0.3314971 0.08133251 0.593416 -20.37061 -7.190107 27.17287
0.336624 0.1243013 0.5919511 -18.10344 -7.472549 28.76829
0.3346709 0.1123384 0.6083086 -16.1874 -6.823695 29.45531
0.3429717 0.1389497 0.5946367 -15.13397 -6.38858 29.79119
0.3449248 0.1562837 0.5853593 -19.34771 -5.136672 31.73012
0.3620147 0.1433442 0.6002519 -22.64542 -4.678657 33.40951
0.3710479 0.1755708 0.5985429 -20.9813 -3.587053 32.9515
0.3622588 0.219272 0.5834062 -23.38588 -2.449649 34.09653
0.3231963 0.2202485 0.5868242 -20.1416 -7.426748 33.81409
0.3710479 0.2534516 0.6297929 -12.67595 -3.510717 31.14997
0.3578643 0.2798188 0.6493242 -9.378244 -2.17484 29.19577
0.1984404 0.4297212 0.6866777 -54.34771 -26.60995 44.30264
0.1811065 0.3533051 0.7501543 -50.90496 1.328977 30.56218
0.1984404 0.3725923 0.7491777 -52.06527 2.283175 30.66905
0.2243193 0.4040864 0.7416093 -54.50038 2.458748 30.11943
0.2069854 0.3874848 0.7162187 -54.37061 0.1686718 29.65379
0.1862334 0.3757661 0.6864336 -53.20267 -2.365679 29.50875
0.1693877 0.3782075 0.6830156 -49.82863 -3.449649 29.33318
0.2038115 0.4065278 0.621248 -41.69886 -3.571786 25.51638
0.1261748 0.4509614 0.6080644 -42.821 -14.06034 26.28737
0.1649932 0.4385102 0.6940019 -47.50802 -2.106138 22.34081
0.327835 0.4577973 0.5602129 -41.84389 -16.27408 20.78356
0.2228545 0.4184907 0.8006914 -50.56908 -16.93056 19.54692
0.2035674 0.3472016 0.7857988 -41.82863 -14.74736 22.20341
0.2345732 0.4761079 0.7052324 -39.43932 -16.69392 25.066
0.2548369 0.5159028 0.7420976 -39.44695 -17.11377 22.9973
0.2494658 0.5454438 0.780916 -40.67596 -17.70919 20.03547
0.2423857 0.5491059 0.7733476 -42.70649 -17.87713 18.27211
0.228958 0.5390962 0.7906816 -45.79046 -18.62522 18.38661
0.2431182 0.5542329 0.817293 -48.16451 -17.59469 17.56218
0.2553252 0.5556977 0.8290117 -47.68359 -16.81606 16.31791
0.2575225 0.5466645 0.8370684 -44.88206 -16.23591 14.41714
0.2470244 0.5366548 0.8612383 -40.14924 -14.36568 12.14234
0.2284697 0.5437348 0.8585527 -37.42405 -12.85423 11.02783
0.2172393 0.5493501 0.8255938 -36.71412 -11.99927 10.0202
0.2196807 0.5586274 0.7984941 -36.68359 -11.18247 9.340809
0.2343291 0.5386079 0.7767656 -38.74466 -9.304611 7.737756
0.2326201 0.5434907 0.7223222 -35.81336 -10.54125 7.753023
0.2531279 0.5034516 0.7347734 -37.50801 -10.32751 8.325542
0.261917 0.4917329 0.7455156 -33.82862 -10.48018 6.87516
0.2509307 0.4724458 0.7186601 -34.28664 -11.86186 7.524015
0.2394561 0.4480317 0.7438066 -34.34008 -11.38095 8.47058
0.2372588 0.4499848 0.7318437 -32.28664 -11.34278 7.943863
0.2311553 0.4148286 0.7362382 -32.30954 -12.25117 9.87516
0.2252959 0.3948091 0.7543046 -28.41641 -12.32751 9.753023
0.234085 0.405063 0.7457597 -26.56145 -12.95347 10.85226
0.2406768 0.3862641 0.7662675 -25.46985 -12.65576 12.56982
0.2506865 0.3830903 0.7892168 -23.64542 -13.18247 14.09653
0.2638701 0.3750337 0.8058184 -23.29428 -11.80843 16.37134
0.2729033 0.382602 0.8385332 -21.74466 -10.43438 17.78356
0.2685088 0.3904145 0.8627031 -21.35534 -9.151939 19.58508
0.2565459 0.4079926 0.8834551 -22.49275 -7.197741 21.52402
0.2563018 0.4387544 0.8963945 -24.24084 -5.419115 23.066
0.2394561 0.4524262 0.9061602 -24.37824 -3.671023 24.29501
0.2287139 0.4660981 0.9046953 -22.69885 -2.587054 24.62325
0.2040557 0.4807466 0.8895586 -20.08817 -1.861863 24.33318
0.1842803 0.490268 0.86075 -17.75992 -1.770259 23.60798
0.1772002 0.4785493 0.8424395 -16.79809 -2.075603 23.28737
0.1723174 0.4704926 0.8028887 -17.24084 -2.533618 23.45531
0.1747588 0.4648774 0.7789629 -18.37061 -3.503084 23.92096
0.1791533 0.4565766 0.7518632 -18.43931 -4.129038 24.0431
0.1789092 0.4651216 0.7477129 -18.1645 -5.800794 24.23394
0.1696318 0.4585298 0.7406328 -17.68359 -7.442015 24.39425
0.1742705 0.4734223 0.7452714 -17.77519 -8.602321 24.32554
0.183792 0.4665864 0.7550371 -17.61489 -9.777893 24.40951
0.1906279 0.4783051 0.7672441 -15.31717 -10.9382 23.95913
0.195999 0.4824555 0.7840898 -16.11107 -10.94583 24.23394
0.2055205 0.4751313 0.7855546 -16.42405 -10.42675 24.07363
0.2123564 0.497104 0.7938554 -19.45458 -11.62522 25.16524
0.2174834 0.4890473 0.8148516 -21.0958 -11.19774 25.44005
0.2250518 0.5022309 0.819002 -22.22557 -10.46492 25.77592
0.2472686 0.5171235 0.848543 -23.69885 -10.12904 26.00493
0.2611846 0.5290864 0.8492754 -24.83626 -8.945832 25.94386
0.2687529 0.5359223 0.8722246 -25.04237 -8.121405 25.73012
0.279251 0.5486176 0.8768633 -25.06527 -6.915298 25.21104
0.2751006 0.5451997 0.8900469 -24.96603 -4.510717 24.64615
0.2763213 0.5576509 0.8922441 -23.75229 -3.648122 23.16524
0.2628936 0.5593598 0.8963945 -23.32481 -2.457283 22.61562
0.2682647 0.5517915 0.890291 -24.17977 -1.411481 22.47058
0.2536162 0.5554536 0.8646563 -24.19504 -0.373313 21.22631
0.2460479 0.556186 0.8551348 -25.32481 0.4663818 21.1805
0.2416533 0.5495942 0.8431719 -24.71412 0.3595114 20.38661
0.2245635 0.5332368 0.826082 -24.63015 0.145771 19.95913
0.2157744 0.5188325 0.8192461 -23.84389 0.03126717 19.54692
0.2118682 0.505893 0.8085039 -23.0958 0.05416799 19.25684
0.202835 0.5049165 0.8075274 -22.35534 -0.7473588 19.12707
0.2055205 0.4890473 0.8092363 -22.25611 -1.19774 19.17287
0.1928252 0.4910005 0.8102129 -21.47748 -1.816061 18.9515
0.1850127 0.4958833 0.8045977 -20.48512 -2.709191 18.76066
0.183792 0.4956391 0.7984941 -20.38588 -3.266443 18.80646
0.1864775 0.5010102 0.7953203 -19.84389 -3.938199 18.69195
0.2143096 0.5134614 0.8014238 -21.82863 -3.999267 19.52402
0.209915 0.505893 0.7999589 -21.67595 -4.106137 19.50111
0.2016143 0.5163911 0.8014238 -20.1645 -4.312244 18.60798
0.2003936 0.4993012 0.7962968 -21.15687 -5.17484 18.69195
0.2086943 0.4931977 0.8241289 -21.85916 -5.266443 19.35608
0.2118682 0.4958833 0.8360918 -20.27137 -4.693924 19.05073
0.2157744 0.5046723 0.8458574 -19.86679 -4.205374 19.07363
0.4655303 0.6391938 1.046785 -14.70649 -1.648122 32.86753
0.4577178 0.6543305 1.01407 1.919466 2.733557 18.69195
0.4647979 0.6697114 1.007234 0.1866412 3.542717 18.70722
0.4516143 0.6643403 0.9935625 -1.210306 3.535084 18.44005
0.4538116 0.66727 0.9986895 -1.668321 3.733557 17.85989
0.4574737 0.6792329 0.9623125 -6.798092 5.054168 18.68432
0.4657744 0.6372407 0.9557207 -7.630153 4.412947 18.18814
0.4643096 0.6369966 0.9786699 -10.63015 4.649588 18.31027
0.4618682 0.6328462 0.989168 -11.20267 4.412947 18.17287
0.4613799 0.6262544 0.9999102 -11.10344 4.130504 18.05073
0.4608916 0.6350434 1.003572 -10.31718 4.12287 17.92096
0.4547881 0.6477387 0.9942949 -10.57672 4.153405 17.70722
0.4445342 0.6570161 1.006014 -10.54618 4.069435 17.28737
0.4457549 0.6462739 1.014803 -9.813359 4.145771 15.94386
0.4445342 0.6496919 1.00992 -11.56908 4.20684 16.23394
0.4547881 0.6496919 1.016023 -12.30191 4.382412 15.53928
0.4623565 0.6435884 1.008943 -13.21031 4.016 15.44768
0.4616241 0.6304048 1.011385 -13.54618 4.252641 14.81409
0.4669951 0.6269868 1.014314 -13.37824 4.825161 14.39424
0.4662627 0.6160005 1.021883 -12.0958 4.809893 13.45531
