-1.21722 -1.774963 -0.2605791 27.55925 -108.3163 -45.79979
-1.381039 -1.774963 -0.2605791 68.04781 -160.0339 0.8490686
-1.236507 -1.774963 -0.2605791 68.84933 -184.9881 46.6964
-1.087582 -1.774963 -0.2605791 86.62032 -234.3545 77.36815
-0.5665854 -1.774963 -0.2605791 86.70428 -257.2705 99.22311
-0.3925132 -1.774963 -0.2605791 107.2921 -269.1713 122.33
-0.1056479 -1.774963 -0.2295732 137.9944 -269.1713 141.7575
0.1065103 -1.774963 0.09122753 160.147 -269.1713 164.0475
0.3020669 -1.774963 0.5040693 191.4524 -269.1713 184.4445
0.4890786 -1.774963 0.7745771 208.2692 -269.1713 204.9483
0.5532876 -1.774963 0.9637861 224.1699 -263.385 219.7804
0.6065103 -1.774963 1.135661 250.0554 -246.3698 234.3224
0.7022134 -1.593078 1.135661 269.6508 -227.2171 243.6353
0.7158853 -1.320861 1.216472 269.6508 -217.2858 251.8109
0.7832681 -1.087219 1.247478 269.6508 -203.1942 251.8109
0.7937661 -0.9063105 1.273356 269.6508 -188.4461 251.8109
0.8401528 -0.7771601 1.246257 269.6508 -171.8583 251.8109
0.8374673 -0.6272577 1.173259 269.6508 -158.8125 251.8109
0.8142739 -0.4863886 1.142497 269.6508 -148.698 251.8109
0.7996255 -0.3845819 1.136882 269.6508 -138.4232 251.8109
0.86652 -0.2959589 1.08903 269.6508 -125.927 251.8109
0.8489419 -0.2339471 1.072429 269.6508 -118.8583 251.8109
0.8540689 -0.1558221 1.03947 269.6508 -108.9728 251.8109
0.8396646 -0.0684198 1.029704 269.6508 -100.6904 251.8109
0.8479653 -0.02349792 0.9972334 269.6508 -93.08733 251.8109
0.8579751 0.02313293 0.9786787 269.6508 -86.20183 251.8109
0.9038735 0.05413879 0.9523115 269.6508 -77.73618 251.8109
0.9248696 0.07855286 0.9203291 269.6508 -70.59114 251.8109
0.9807778 0.07757629 0.8651533 269.6508 -64.2858 251.8109
1.023991 0.1137091 0.8133955 269.6508 -58.23237 251.8109
1.068424 0.1317755 0.7789717 267.6356 -52.59114 251.8109
1.127506 0.1366583 0.7157393 267.002 -46.90412 251.8109
1.167545 0.1857306 0.65446 260.2081 -42.46137 251.8109
1.191471 0.2418829 0.5958662 254.1928 -38.69801 251.8109
1.222965 0.2543341 0.5460615 246.8493 -35.41557 251.8109
1.222721 0.2514044 0.5194502 241.5898 -31.94229 251.8109
1.323551 0.3563849 0.4327803 234.9944 -25.85832 251.8109
1.312809 0.4022833 0.3329268 230.086 -21.78962 251.8109
1.306217 0.5978399 0.2394209 215.002 -24.04153 251.8109
1.243473 0.7704473 0.06852245 206.5287 -20.85069 251.8109
1.234928 0.868836 -0.06624317 224.2081 -27.59114 251.8109
1.326237 1.011658 -0.2061357 191.7883 -42.48428 251.8109
1.340885 0.9760138 -0.159749 201.315 -46.94229 251.8109
1.253727 1.152283 -0.2605791 180.773 -52.42321 251.8109
1.268864 1.204774 -0.2605791 186.773 -59.39267 251.8109
1.269596 1.368836 -0.2605791 186.1241 -77.05679 251.8109
1.310124 1.360535 -0.2605791 180.857 -85.76672 251.8109
1.361149 1.436219 -0.2605791 184.8341 -94.90413 251.8109
1.387272 1.509949 -0.2605791 179.7043 -108.6828 251.8109
1.510075 1.515809 -0.2605791 194.3302 -116.7362 251.8109
1.5257 1.716492 -0.2605791 179.5211 -130.2247 251.8109
1.668278 1.654725 -0.2605791 191.2921 -140.1637 251.8109
1.690739 1.699158 -0.1975908 195.086 -150.3316 251.8109
1.725163 1.68866 -0.1170244 200.9562 -157.6217 251.8109
1.878483 1.751893 -0.1043291 209.2386 -161.8965 251.8109
1.832096 1.870789 0.03141308 213.6356 -171.4537 251.8109
1.950993 2.1745 -0.03474903 211.9715 -187.4232 251.8109
1.883854 2.224976 0.6547041 157.7043 -172.2858 251.8109
1.535954 2.224976 0.7880049 134.8646 -140.1331 251.8109
1.52277 2.224976 0.7360029 135.0631 -131.5301 250.1239
1.466618 2.224976 0.741374 107.1699 -131.24 228.3453
1.517643 2.224976 0.8678389 90.30734 -120.3163 202.872
1.590885 2.224976 0.9181318 75.33025 -115.6369 193.6735
1.27692 2.224976 0.9344893 60.99437 -114.6522 137.9559
1.613346 2.224976 0.7985029 58.57452 -102.6064 94.01701
1.380436 2.224976 1.318034 66.16994 -91.69038 40.94067
1.373356 2.224976 1.213054 58.68902 -77.58351 -2.418107
1.330143 2.224976 1.169841 33.52872 -74.2171 -40.61658
1.316715 2.224976 1.211589 27.98673 -70.56824 -84.28834
1.32404 2.224976 1.287761 15.23864 -62.84306 -127.7769
-0.2667808 -1.774963 -0.2605791 114.7272 -224.3469 79.68877
0.7927896 -1.5401 1.642741 269.6508 -134.6828 251.8109
0.8360024 -1.390197 1.621013 269.6508 -109.4003 251.8109
0.8587075 -1.177795 1.534099 269.6508 -89.5377 251.8109
0.8631021 -1.105041 1.415446 269.6508 -74.56824 251.8109
0.8765298 -0.959289 1.295329 269.6508 -60.33924 251.8109
0.9439126 -0.9014277 1.169841 269.6508 -48.62931 251.8109
0.9622231 -0.8218378 1.103679 261.0096 -35.89649 251.8109
1.014958 -0.7263788 1.008952 245.3379 -24.89649 251.8109
1.062809 -0.6309198 0.9029951 227.0936 -17.43847 251.8109
1.106022 -0.5396112 0.7643232 205.7959 -9.713283 251.8109
1.138493 -0.4317011 0.6725264 187.7196 -13.46137 251.8109
1.171452 -0.3284296 0.6383467 167.9944 -10.75145 251.8109
1.231754 -0.282287 0.6290693 152.9486 -7.53771 251.8109
1.295475 -0.1824335 0.581706 141.0707 -8.438474 251.8109
1.348942 -0.1109003 0.5345869 127.7196 -5.72855 251.8109
1.386295 -0.0449823 0.5299482 118.086 -7.94229 251.8109
1.488346 0.06146301 0.5006514 105.5669 -6.255268 251.8109
1.55695 0.08636536 0.4764814 99.002 -7.125497 251.8109
1.631413 0.169129 0.4540205 91.97147 -8.51481 251.8109
1.763737 0.2050177 0.3639326 91.72719 -10.11023 251.8109
1.864323 0.592713 0.3605146 68.0249 -11.60641 251.8109
1.753971 1.064637 -0.04768848 9.314977 -8.278169 251.8109
1.475895 1.35907 0.1210127 44.52108 -49.75145 251.8109
2.083317 1.715516 0.04288769 80.52109 -84.01863 251.8109
1.839665 1.190125 0.3756514 104.4218 -27.20183 251.8109
1.840153 1.261902 -0.05965137 143.0707 -31.47664 251.8109
1.739811 1.315613 -0.2605791 176.8341 -55.01863 251.8109
1.689762 1.635193 -0.2605791 162.8875 -63.0797 251.8109
1.575993 1.766297 -0.2605791 169.3379 -76.79726 251.8109
1.550602 1.92743 -0.2605791 166.0707 -88.32397 251.8109
1.542301 2.082459 -0.2605791 161.1852 -98.74382 251.8109
1.536198 2.224976 -0.2605791 163.918 -114.8125 251.8109
1.586247 2.224976 -0.2605791 162.8417 -129.8125 251.8109
1.616764 2.224976 -0.2605791 159.6967 -145.9499 251.8109
1.682194 2.224976 -0.2605791 150.4982 -160.6064 251.8109
1.689518 2.224976 -0.2605791 146.3073 -177.0644 251.8109
1.700504 2.224976 -0.2605791 132.0249 -192.3087 251.8109
1.678288 2.224976 -0.2605791 125.315 -211.6675 251.8109
1.582096 2.224976 -0.2605791 103.8951 -222.9576 251.8109
1.584538 2.224976 -0.1555986 89.33788 -233.9576 251.8109
1.601383 2.224976 0.07413769 77.68139 -247.1637 251.8109
1.571354 2.224976 0.253581 67.44475 -261.5453 251.8109
1.683903 2.224976 0.4842939 58.70429 -264.2629 251.8109
1.669254 2.224976 0.7023115 57.96383 -253.9499 211.1926
1.693424 2.224976 0.928874 67.71956 -253.9423 182.1773
1.644108 2.224976 1.02653 76.10124 -248.8049 155.1315
1.585758 2.224976 1.163005 75.0707 -245.7667 131.9941
1.604069 2.224976 1.336345 73.70428 -243.2858 111.0933
1.580875 2.224976 1.489665 80.33025 -232.1484 82.75746
1.587223 2.224976 1.518962 74.48292 -225.9423 56.65823
1.547184 2.224976 1.682048 82.55162 -209.4385 26.15441
1.469303 2.224976 1.743571 75.03253 -203.4919 2.704031
1.438542 2.224976 1.83903 91.54399 -184.1942 -25.97536
1.41486 2.224976 1.798259 86.26918 -173.5759 -49.97536
1.235661 2.224976 1.862956 120.1928 -164.9423 -81.35704
1.16486 2.080994 1.688884 157.4677 -151.7896 -108.2196
1.171696 2.126649 1.661296 159.8951 -146.7896 -122.754
1.298405 2.057069 1.630534 175.2386 -134.4232 -135.7463
1.288639 2.224976 1.366374 90.87987 -116.1331 -128.0441
1.200504 2.224976 1.446208 96.77299 -135.1484 -160.0364
1.297917 2.224976 1.510173 62.46001 -127.8736 -172.2654
1.202213 2.224976 2.033854 59.23101 -106.4919 -190.4715
1.209049 2.224976 1.780925 52.46001 -97.69038 -208.4792
1.120426 2.224976 1.918864 34.78826 -98.49954 -222.4105
1.222721 2.224976 1.969646 26.13177 -75.43848 -242.3723
1.165104 2.224976 2.030192 16.39131 -59.72092 -248.4563
1.192204 2.224976 1.945476 1.284443 -46.84306 -248.4563
1.208073 2.224976 1.943522 -25.09724 -31.31634 -248.4563
1.199528 2.224793 1.910563 -38.63922 -17.80489 -248.4563
1.239323 2.128846 1.836833 -56.69265 -2.85832 -248.4563
1.299626 2.145203 1.812907 -88.70029 9.309618 -248.4563
1.351627 2.039246 1.773845 -109.5782 24.95847 -248.4563
1.372135 1.914734 1.663493 -136.7995 39.92794 -248.4563
1.422672 1.859559 1.61613 -162.6239 51.72183 -248.4563
1.489567 1.738709 1.564372 -180.2804 69.26381 -248.4563
1.516178 1.603943 1.463298 -197.2575 85.05771 -248.4563
1.5257 1.414002 1.342692 -208.1125 97.58443 -248.4563
1.699528 1.096863 1.222087 -204.0209 116.3478 -248.4563
1.675114 0.9279181 1.134685 -200.8301 132.7371 -248.4563
