0.9057852 0.43181 2.346552 36.30287 241.3983 -109.3648
0.9489981 0.3658921 2.355341 30.38684 246.0243 -111.2579
1.012963 0.3893296 2.340448 12.98989 246.0243 -107.8304
1.065453 0.2736069 2.328974 3.463176 246.0243 -106.4793
1.144799 0.2106186 2.307734 1.623481 246.0243 -107.9297
1.170922 0.1798569 2.258173 0.7227176 246.0243 -109.0976
1.327172 0.1566636 2.234247 3.188366 246.0243 -111.2961
1.332543 0.140062 2.131952 -0.04064119 246.0243 -112.6396
1.368432 0.07292333 2.076777 0.2647023 246.0243 -113.6167
1.384789 0.06706396 1.995722 -0.1322442 246.0243 -112.693
1.461449 -0.02058253 1.860224 2.837221 246.0243 -116.8762
1.472924 -0.03230128 1.786005 4.150198 246.0243 -115.9449
1.488305 -0.0811294 1.716425 6.470809 246.0243 -114.1511
1.512719 -0.1460708 1.601679 14.01279 246.0243 -115.3419
1.506615 -0.1197036 1.495722 18.89066 246.0243 -114.7541
1.429711 -0.1209243 1.498896 30.14256 246.0243 -121.0976
1.447533 -0.314772 1.341669 46.03569 246.0243 -139.4946
1.546166 -0.2044204 1.216181 55.52425 246.0243 -155.9144
1.729516 -0.1563247 0.9752139 58.2647 246.0243 -159.9373
1.684105 -0.22444 0.9383487 73.80669 246.0243 -160.8533
1.743188 -0.2813247 0.819208 81.16547 246.0243 -171.7847
1.859887 -0.2361587 0.6065616 87.64639 246.0243 -166.0671
1.85598 -0.1143325 0.5489444 95.01279 246.0243 -137.1816
1.782982 -0.1052993 0.4144229 100.8067 246.0243 -155.3953
1.693139 -0.1016372 0.3582705 109.57 246.0243 -159.5633
1.6614 -0.06379542 0.05578029 114.4479 246.0243 -166.5862
1.56057 -0.08576807 -0.06165135 121.6998 246.0243 -185.8915
1.55349 0.02507177 -0.06165135 128.9288 246.0243 -197.1587
1.547387 0.2352768 -0.06165135 113.0204 246.0243 -196.3343
1.481713 0.2325913 -0.06165135 97.36394 246.0243 -182.7465
1.383813 0.0961167 -0.06165135 93.92883 246.0243 -178.319
1.34182 -0.04353175 -0.06165135 97.18837 246.0243 -199.2732
1.179223 0.2440659 -0.06165135 85.53188 246.0243 -192.7617
1.208764 0.0282456 -0.06165135 59.76852 246.0243 -178.9373
1.176049 -0.01911768 -0.06165135 44.25707 246.0243 -178.3801
1.120141 -0.1590103 -0.06165135 23.3105 246.0243 -182.0518
1.046654 -0.2283462 -0.06165135 1.371572 246.0243 -171.1358
1.035424 -0.3662857 -0.06165135 -22.7124 246.0243 -159.2808
1.012475 -0.5865005 -0.06165135 -47.804 246.0243 -142.7923
0.9272696 -0.7083267 -0.06165135 -81.85744 246.0243 -132.3877
0.9233633 -0.7910904 -0.06165135 -124.1628 246.0243 -110.9907
0.6762929 -1.155592 -0.06165135 -158.9643 246.0243 -105.8381
0.2903066 -1.594801 -0.06165135 -157.0101 246.0243 -47.32663
0.2048574 -1.641188 -0.06165135 -154.2162 240.2685 -5.265557
-0.08420507 -1.836256 -0.06165135 -161.3155 225.9021 -10.15105
-0.3324961 -1.836256 -0.06165135 -146.9032 194.7571 5.009252
-0.2602305 -1.836256 -0.06165135 -120.346 154.8869 8.322229
-0.4045176 -1.836256 -0.06165135 -62.85744 123.2075 33.85658
-0.5038828 -1.836256 -0.06165135 -20.44522 90.30672 22.11612
-0.4284434 -1.717604 -0.06165135 7.241801 58.56626 30.05505
-0.4135508 -1.47737 -0.06165135 5.631114 23.34489 46.97872
-0.1908945 -1.327711 -0.06165135 3.333405 2.260916 57.78788
-0.01731055 -1.253004 -0.06165135 13.00516 -21.00626 73.2688
1.836693 0.167894 1.295771 30.0586 246.0243 -136.2656
1.509301 -0.3579849 -0.06165135 65.81432 246.0243 -237.632
1.438012 -0.3040298 -0.06165135 45.2189 246.0243 -236.2503
1.434594 -0.4429458 -0.06165135 37.24944 246.0243 -221.2885
1.374047 -0.4688247 -0.06165135 31.3105 246.0243 -222.5404
1.322533 -0.4969009 -0.06165135 18.96699 246.0243 -221.4488
1.291772 -0.500563 -0.06165135 4.188366 246.0243 -220.8304
1.249779 -0.5447525 -0.06165135 -15.6895 246.0243 -210.4946
1.200951 -0.594313 -0.06165135 -41.31545 246.0243 -197.8152
1.18142 -0.7490982 -0.06165135 -64.17041 246.0243 -185.6014
1.131371 -0.8748306 -0.06165135 -81.033 246.0243 -179.5251
0.9963614 -0.8289322 -0.06165135 -115.9109 246.0243 -185.3114
0.8574453 -0.8189224 -0.06165135 -169.7353 246.0243 -162.2808
0.9724356 -1.074293 -0.06165135 -217.0025 246.0243 -134.4488
0.6240469 -1.235915 -0.06165135 -248.5139 246.0243 -104.5938
0.4336172 -1.419264 -0.06165135 -248.5139 246.0243 -79.5938
0.2693105 -1.675368 -0.06165135 -248.5139 227.4518 -46.38769
0.1487051 -1.836256 -0.06165135 -248.5139 224.1311 -69.08235
-0.09030859 -1.836256 -0.06165135 -248.5139 194.3449 -18.85334
-0.1772227 -1.836256 -0.06165135 -228.9872 163.7724 -0.677771
-0.5634531 -1.836256 -0.06165135 -39.51392 132.5281 -27.92968
-0.3425059 -1.674879 -0.06165135 -13.26965 104.238 -20.81518
-0.5087656 -1.572829 -0.06165135 -49.21621 41.46702 -11.5251
-0.3525156 -1.501784 -0.06165135 -52.99484 25.18458 3.406199
-0.2499766 -1.431227 -0.06165135 -57.23911 -10.69328 20.16192
-0.09201757 -1.533034 -0.06165135 -45.19331 -30.63221 6.94055
0.1362539 -1.294508 -0.06165135 -18.62843 -49.41084 18.73444
0.3327871 -1.000807 -0.06165135 -22.72003 -64.13603 29.75734
0.4521719 -0.9722427 -0.06165135 -19.46812 -76.47191 31.57414
0.6176992 -0.8482193 -0.06165135 -11.22385 -82.36504 28.29169
0.6880117 -0.6048111 0.03771389 -14.52919 -95.57115 32.93292
0.8132559 -0.503981 0.2188662 -24.63606 -101.1513 39.13139
0.9013906 -0.5935806 0.2803897 -18.56736 -105.8383 34.93292
1.026879 -0.6165298 0.3531436 5.669282 -108.3879 44.16956
1.101098 -0.3445571 0.5953311 14.44791 -106.6704 40.55887
1.257836 -0.1709732 0.763544 3.768519 -108.365 49.77261
1.186547 -0.1712173 0.9046573 -6.781099 -104.8689 45.452
1.231713 -0.1370376 0.9627627 -21.15514 -106.3192 45.85658
1.264184 -0.1497329 1.072138 -27.8269 -107.1437 53.87185
1.317162 -0.3094009 1.049677 -23.38415 -95.1284 38.56651
1.247582 -0.1809829 1.182489 -16.59789 -88.34214 37.46727
1.271508 -0.09577784 1.202997 -21.8956 -84.26581 46.91002
1.258568 -0.09455713 1.150751 -30.64369 -78.05206 46.51307
1.241479 -0.1004165 1.043817 -41.14751 -67.62458 39.84132
1.166772 -0.1988052 0.8721866 -45.88797 -68.13603 39.4291
1.136498 -0.2154068 0.7786807 -49.10934 -61.77725 37.78788
1.069359 -0.2490982 0.6319522 -53.81163 -62.18946 40.3146
1.016625 -0.3711685 0.3099307 -54.35362 -58.22 43.68101
0.8965078 -0.3804458 0.1627139 -52.03301 -65.32687 40.2459
0.7612539 -0.4141372 0.02599514 -54.45285 -72.44138 42.16193
0.6821523 -0.4019302 -0.06165135 -58.46812 -81.11314 45.01689
0.5925527 -0.4124282 -0.06165135 -63.85744 -91.67802 46.60467
0.5290761 -0.4248794 -0.06165135 -71.62843 -109.136 46.63521
0.516625 -0.5222916 -0.06165135 -74.17041 -123.7009 48.68864
0.509789 -0.554274 -0.06165135 -76.45285 -134.1742 45.97108
0.5005117 -0.5906509 -0.06165135 -80.20094 -149.3116 49.78025
0.5508047 -0.6905045 -0.06165135 -79.98721 -159.6169 47.03979
0.5871816 -0.7168716 -0.06165135 -81.57499 -170.4948 49.89475
0.6423574 -0.7749771 -0.06165135 -83.44522 -181.4261 54.4749
0.704125 -0.7967056 -0.06165135 -84.97957 -188.1742 56.16956
0.6911855 -0.8677505 -0.03870213 -87.83453 -196.5482 61.00162
0.7380605 -0.9353775 0.04088771 -89.804 -202.4032 65.75735
0.7444082 -0.9944595 0.1080264 -92.24675 -207.5177 71.36803
0.7544179 -1.006667 0.1275576 -94.14751 -209.2811 79.29933
0.7426992 -1.051344 0.1505069 -95.94141 -216.9986 83.76498
0.8054434 -1.089674 0.1741885 -98.83453 -220.6398 90.2688
0.7580801 -1.155592 0.213251 -102.5216 -226.8994 98.64284
0.7553945 -1.21443 0.2283877 -106.3002 -231.3803 106.6734
0.7153554 -1.252272 0.2691592 -111.7048 -235.3803 117.1619
0.7756582 -1.245192 0.3409365 -117.5674 -237.7467 127.2841
0.6789785 -1.344313 0.3170108 -121.262 -245.3421 134.7879
0.6875234 -1.438551 0.2962588 -120.6971 -250.6398 142.4138
0.7114492 -1.462965 0.3289737 -121.7353 -254.075 149.8947
0.7048574 -1.502028 0.3375186 -123.6895 -254.2429 162.9176
0.7204824 -1.562819 0.3585147 -125.1857 -254.2429 172.2153
0.7583242 -1.598708 0.4034366 -125.2544 -254.2429 182.9176
0.7661367 -1.616042 0.4671573 -122.9643 -254.2429 193.0627
0.7976308 -1.571852 0.5303897 -122.9796 -254.2429 203.0016
0.8708731 -1.511794 0.5938663 -122.262 -254.2429 211.8413
0.8452383 -1.54695 0.6414737 -119.1246 -254.2429 221.3757
0.8647696 -1.431227 0.6981143 -118.8803 -254.2429 227.1008
0.7959219 -1.413649 0.7862491 -116.1093 -254.2429 234.0627
0.8789297 -1.413405 0.7779483 -110.6742 -254.2429 240.9558
0.7942129 -1.47859 0.7994327 -105.2467 -254.2429 245.597
0.9587637 -1.425368 0.7994327 -103.6666 -254.2429 250.826
0.9778067 -1.495924 0.8194522 -101.033 -254.2429 251.6963
1.00393 -1.482008 0.8880557 -100.6055 -254.2429 251.6963
1.174828 0.292894 1.199335 -55.96431 -77.89939 70.00162
0.593041 -0.3816665 -0.03992283 -115.3689 -149.3956 57.00925
0.5705801 -0.4300064 0.001336932 -115.1322 -160.4719 55.82605
0.6003652 -0.4470962 0.05968654 -113.9261 -169.2276 54.98635
0.6501699 -0.4456314 0.1197451 -112.9414 -178.762 54.64284
0.6977773 -0.4407485 0.1832217 -111.5139 -186.2124 54.18483
0.7373281 -0.4453872 0.2830752 -110.7124 -192.1971 53.81078
0.7773672 -0.4610122 0.3741397 -110.8269 -195.5559 53.66574
0.7834707 -0.5083755 0.4344424 -110.491 -198.2963 54.56651
0.7768789 -0.5454849 0.4715518 -109.7964 -199.846 55.96345
