0.5019765 0.1840073 2.208124 65.38684 99.9632 -71.90678
0.5644765 0.1517807 2.324579 81.44791 118.5815 -99.60143
0.6548086 0.433519 2.60705 70.56242 156.1769 -138.2274
0.7695547 0.553392 2.714228 46.72272 150.7266 -126.9449
0.8410879 0.5297104 2.842402 9.989893 171.7495 -136.7465
0.9597403 0.388353 2.785761 -13.15514 182.1998 -130.403
1.005639 0.4078843 2.768915 -24.42995 191.1311 -94.60143
0.957543 0.2819077 2.738886 -44.64369 199.1388 -84.13579
0.988793 0.09001318 2.557489 -43.70476 215.1922 -88.16632
1.028832 0.0985581 2.504511 -47.26202 226.4976 -85.31899
1.047387 0.05241552 2.467157 -49.38415 238.6808 -88.88387
1.108178 0.04606786 2.446161 -49.01774 246.0243 -90.74648
1.149438 0.03019872 2.417353 -50.62843 246.0243 -93.67777
1.203148 0.01750341 2.420527 -52.6666 246.0243 -91.6854
1.224877 -0.01447901 2.397821 -53.42232 246.0243 -92.44876
1.278588 -0.03254542 2.389032 -50.8956 246.0243 -93.97548
1.322777 -0.04035792 2.334345 -45.41468 246.0243 -96.88387
1.374291 -0.0174087 2.281366 -40.34599 246.0243 -99.96021
1.428979 0.00578466 2.223017 -36.17804 246.0243 -103.3266
1.470482 -0.001295418 2.179316 -32.70476 246.0243 -106.0747
1.530053 -0.02717432 2.086786 -26.05591 246.0243 -109.1129
1.532006 -0.08723291 2.05163 -19.32308 246.0243 -115.3037
1.628686 -0.1458267 1.942011 -13.57499 246.0243 -122.7388
1.666039 -0.139479 1.895136 -4.597893 246.0243 -126.4946
1.791039 -0.1153091 1.7987 -2.422321 246.0243 -130.6625
1.807885 -0.1878189 1.718866 3.913557 246.0243 -128.777
1.819359 -0.2215103 1.58996 12.53188 246.0243 -133.4259
1.837426 -0.2429946 1.507685 21.2189 246.0243 -140.0747
1.906273 -0.09504541 1.46203 8.913557 246.0243 -133.5251
1.913598 -0.1936782 1.39123 9.722717 246.0243 -123.5327
2.064904 -0.3213638 1.119501 9.722717 246.0243 -142.5862
1.938256 -0.3330825 1.228144 19.89829 246.0243 -149.319
1.991234 -0.3706802 0.9266299 14.05096 246.0243 -143.9144
1.919213 -0.4624771 0.8436221 26.1502 246.0243 -151.9449
1.95852 -0.6170181 0.5982608 44.95936 246.0243 -167.4106
1.928734 -0.4009536 0.6822452 51.88302 246.0243 -171.7694
2.064904 -0.2461685 0.5186709 38.3334 246.0243 -150.0824
2.064904 -0.396315 0.4268741 31.44028 246.0243 -136.9602
2.038109 -0.4724868 0.2540225 29.37921 246.0243 -141.1816
1.999047 -0.4268325 0.2466983 26.96699 246.0243 -149.3648
1.961449 -0.425856 0.007440448 16.02043 246.0243 -133.8075
2.021264 -0.3997329 -0.06165135 7.829587 246.0243 -125.3648
1.936791 -0.3723892 -0.06165135 -5.536825 246.0243 -118.7236
1.777611 -0.3936294 -0.06165135 -18.35362 246.0243 -102.3037
1.737816 -0.5015396 -0.06165135 -24.13988 246.0243 -96.65487
1.63723 -0.4903091 -0.06165135 -31.24675 246.0243 -115.3801
1.629418 -0.4546646 -0.06165135 -34.54446 246.0243 -119.1282
1.703637 -0.365065 -0.06165135 -55.72003 246.0243 -84.73884
1.39724 -0.4793228 -0.06165135 -60.25438 246.0243 -77.43349
1.274682 -0.6502213 -0.06165135 -50.23911 246.0243 -76.25029
0.9917227 -0.5081314 -0.06165135 -60.45285 246.0243 -69.84571
0.9682852 -0.5789322 -0.06165135 -68.6895 246.0243 -60.58617
0.8781973 -0.6682877 -0.06165135 -72.8269 246.0243 -49.7541
1.649438 0.249437 2.863642 -37.26202 246.0243 -149.5098
2.064904 -0.1431411 0.2320498 -13.7353 246.0243 -158.3266
2.064904 -0.4959243 0.08214748 26.73035 246.0243 -228.4335
2.064904 -0.4969009 -0.06165135 54.46318 246.0243 -240.0976
2.064904 -0.3279556 -0.06165135 81.66928 246.0243 -192.5709
2.064904 -0.271315 -0.06165135 73.34867 246.0243 -201.3648
2.064904 -0.1128677 -0.06165135 61.71508 246.0243 -202.235
2.064904 -0.1624282 -0.06165135 50.50134 246.0243 -180.3801
2.064904 -0.2115005 -0.06165135 19.87539 246.0243 -183.3343
1.921898 -0.4243911 -0.06165135 8.379207 246.0243 -186.9144
1.740014 -0.4597915 -0.06165135 -0.6207939 246.0243 -186.9221
1.791039 -0.4551528 -0.06165135 -24.13224 246.0243 -163.1511
1.602807 -0.5725845 -0.06165135 -43.26965 246.0243 -151.1511
1.537865 -0.611647 -0.06165135 -62.39178 246.0243 -130.8152
1.457543 -0.760817 -0.06165135 -77.26965 246.0243 -121.8304
1.286156 -0.8550552 -0.06165135 -95.30019 246.0243 -126.7846
1.088158 -1.245924 -0.06165135 -108.888 246.0243 -96.24265
1.116723 -1.331129 -0.06165135 -109.9261 246.0243 -115.4488
0.8379141 -1.385573 -0.06165135 -106.9185 246.0243 -105.7617
0.8401114 -1.533522 -0.06165135 -115.1322 246.0243 -83.54037
0.4287344 -1.836256 -0.06165135 -129.575 246.0243 -57.38006
0.4521719 -1.836256 -0.06165135 -113.2849 246.0243 -52.80754
0.1582266 -1.836256 -0.06165135 -139.491 246.0243 -15.41059
0.1008535 -1.836256 -0.06165135 -130.5216 220.9785 4.039786
-0.07273047 -1.836256 -0.06165135 -112.3307 193.8182 -9.151053
-0.3395762 -1.836256 -0.06165135 -145.5521 124.1617 55.79551
-0.06394141 -1.836256 -0.06165135 -151.72 123.383 81.99399
-0.6901621 -1.836256 -0.06165135 -131.6971 51.62733 79.06269
-0.3613047 -1.836256 -0.06165135 -45.7353 20.25328 79.68101
-0.2250742 -1.336256 -0.06165135 -0.804 -12.47191 98.61994
0.1401602 -0.9090103 -0.06165135 -3.094077 -41.27343 105.6047
0.2883535 -0.7808365 -0.06165135 -2.666595 -65.83069 95.18483
0.6015859 -0.4385513 -0.06165135 3.508977 -83.12077 111.3986
0.7883535 -0.3076919 -0.06165135 10.24944 -95.89176 115.4673
0.8349844 -0.2063735 -0.06165135 20.94409 -106.365 107.7268
1.019066 -0.1597427 -0.06165135 36.44791 -118.4337 100.307
1.180199 -0.06892237 0.01964748 69.59295 -107.4795 74.94818
1.047387 -0.02326807 0.2130069 125.2876 -140.0826 95.81078
1.135033 0.5316635 0.6905459 111.509 -106.4108 79.4291
1.077416 0.5485092 0.8531436 111.0815 -141.8307 95.76498
1.288109 0.3695542 0.834833 136.3029 -151.0292 80.94818
1.349877 0.7150131 1.254755 137.4861 -168.5406 60.58177
1.217797 2.163683 2.47497 15.02806 -144.2505 122.5589
1.509301 0.6876694 1.51745 -15.7353 -139.9376 82.05505
1.658471 0.9952866 1.606317 -1.842168 -114.9605 65.32223
1.492699 1.125902 1.94372 -4.307817 -91.26581 55.35276
1.631371 0.926683 1.941523 1.196 -68.94519 67.53597
1.446557 1.004076 2.275019 6.928824 -18.96046 20.4291
1.403588 0.8780991 2.351191 -18.17805 -38.50244 19.3375
1.500756 0.8737045 2.098261 -23.54446 -19.36504 5.016886
1.370385 0.6686264 2.393427 -31.36889 -18.57114 -13.88388
1.394555 0.4137436 1.936151 -32.25438 0.7341981 -14.80754
1.286156 0.252855 1.719599 -33.97194 13.00901 -14.91441
1.156762 0.2201401 1.56872 -29.91087 21.08534 -5.280824
0.7866445 -0.2530044 1.074091 -42.28492 30.76473 4.055054
0.5095449 -0.3250259 0.7830752 -36.9185 29.46702 -10.41823
0.5112539 -0.1861099 0.6280459 -43.94904 1.879236 8.085588
0.5710683 -0.3245376 0.5120791 -44.30782 -6.189466 9.932916
0.5735097 -0.3831314 0.4564151 -41.44522 -9.502443 5.131389
0.560082 -0.4292739 0.3548526 -34.85743 -13.54061 5.452
0.5312734 -0.422438 0.3143252 -28.55972 -20.14367 8.780244
0.4707265 -0.432936 0.2359561 -30.47575 -27.48717 15.87185
0.5268789 -0.4995864 0.1946963 -29.97957 -42.60931 15.18482
0.5454336 -0.5127701 0.2261904 -30.59789 -52.83068 19.28406
0.549584 -0.5496353 0.2513369 -30.70476 -62.85359 23.23063
0.5854726 -0.5926041 0.2784365 -29.50629 -71.42611 25.74971
0.6384511 -0.6204361 0.3248233 -30.13988 -78.60168 30.46727
0.6618886 -0.6587662 0.3582705 -29.86507 -84.2887 34.3604
0.6938711 -0.6995377 0.3939151 -29.30018 -89.92992 37.91765
0.71975 -0.7429947 0.3975772 -29.9414 -95.1513 42.44437
0.7375722 -0.8081802 0.3909854 -31.05591 -102.1742 48.58941
0.7519765 -0.8516373 0.3741397 -31.08644 -106.8002 53.09322
0.7719961 -0.8867935 0.3497256 -32.57499 -114.6933 60.70391
0.794457 -0.9451431 0.3216494 -34.13224 -122.7544 68.12376
0.8008047 -0.9949478 0.320917 -36.27728 -128.0902 70.66574
0.8091055 -0.9846939 0.3743838 -40.78873 -135.6475 77.56651
0.9599844 -1.037184 0.3782901 -48.25438 -140.22 85.3375
0.8889395 -1.106032 0.4092959 -52.11698 -148.5635 94.15429
0.9778067 -1.173415 0.4588565 -54.19331 -154.7696 102.1467
1.00808 -1.215895 0.5736026 -56.42232 -158.365 109.0703
1.043725 -1.315504 0.65246 -53.03301 -161.2505 115.7879
1.040551 -1.354811 0.709833 -51.59789 -161.8689 123.8108
1.074731 -1.456618 0.7684268 -46.65896 -159.0673 134.2306
1.105981 -1.482741 0.7711123 -42.46812 -156.3345 145.1848
1.092553 -1.489821 0.7508487 -40.01011 -157.3803 155.0856
1.077172 -1.513258 0.7222842 -36.34599 -155.762 165.6352
1.054467 -1.527663 0.6519717 -29.19331 -154.9986 175.0322
1.00515 -1.489333 0.5599307 -27.59026 -156.365 183.3375
0.9096914 -1.462477 0.4793643 -30.06354 -159.8307 194.8337
0.9863516 -1.374586 0.3997744 -33.11698 -162.4566 194.5054
0.8686758 -0.9202408 0.8853702 -56.71239 -48.25053 47.34513
0.4421621 -1.023024 -0.02356541 -21.49102 -118.3269 102.0398
0.4546133 -1.063307 -0.04431736 -21.75056 -128.2734 108.4978
0.4880605 -1.103102 -0.04749119 -19.52156 -136.6246 115.0627
0.5200429 -1.104323 -0.03772557 -17.76583 -144.9299 121.0703
0.5425039 -1.049879 0.03820217 -17.88033 -152.7391 127.452
0.6010976 -0.9832291 0.07995021 -20.09408 -158.3727 135.597
