-0.3522715 -0.0823501 1.090448 -16.62843 -9.723817 -7.944947
-0.3329844 -0.06989893 1.131708 -19.50629 -9.792519 -6.929679
-0.3312754 -0.08869776 1.137567 -18.36125 -9.433741 -6.799908
-0.3173594 -0.09040674 1.143671 -15.72003 -9.502443 -6.731205
-0.3180918 -0.08430323 1.160761 -14.90324 -8.60168 -6.624336
-0.3161387 -0.06159815 1.164667 -13.7811 -7.311604 -6.731205
-0.3283457 -0.04572901 1.161737 -14.11698 -6.670382 -6.296092
-0.3454356 -0.05891261 1.151728 -14.20858 -5.235268 -6.135786
-0.3522715 -0.04621729 1.13537 -16.61316 -4.471909 -5.05945
-0.3569102 -0.06379542 1.101679 -17.74293 -4.525344 -3.967847
-0.3686289 -0.06965479 1.081659 -19.12461 -5.365038 -2.731206
-0.3691172 -0.07111964 1.075067 -21.10934 -6.395573 -1.196855
-0.365211 -0.09260401 1.085321 -23.43759 -9.067328 0.5130688
-0.356666 -0.09651026 1.059198 -24.8498 -5.60168 1.795511
-0.3530039 -0.1189712 1.037714 -26.36889 -9.891756 3.719176
-0.3356699 -0.09846338 1.073114 -26.94904 -10.99863 4.780244
-0.3332285 -0.09846338 1.112177 -28.74293 -11.57115 7.15429
-0.3088145 -0.09382471 1.136103 -28.75056 -11.68565 7.871848
-0.283668 -0.06941065 1.173456 -29.31545 -10.86885 9.009252
-0.2721934 -0.08088526 1.201044 -27.34598 -9.449008 8.772611
-0.2656016 -0.05110011 1.231562 -25.13988 -8.395573 8.398565
-0.2634043 -0.03938136 1.241815 -22.24675 -6.525344 7.64284
-0.2529063 -0.03254542 1.248163 -19.06354 -4.929924 6.696275
-0.2526621 -0.01228175 1.252802 -16.35362 -2.845954 5.619939
-0.2421641 0.002610832 1.251337 -13.90324 -0.41084 4.497802
-0.2575449 0.003099114 1.2362 -11.68186 1.352519 3.375664
-0.2582774 0.006517082 1.208612 -9.521558 2.474656 2.719176
-0.2704844 0.008714348 1.194452 -8.254382 3.711298 2.039786
-0.2873301 0.003831536 1.158319 -6.277283 4.467023 1.490168
-0.3022227 -0.002516121 1.133173 -4.987206 4.902137 1.192458
-0.3151621 -0.004225105 1.1112 -3.361252 4.795267 1.077954
-0.3334727 -0.01692042 1.083856 -2.231481 4.955572 1.039786
-0.3547129 -0.02277979 1.052362 -1.254382 4.413588 1.444366
-0.3737559 -0.02766261 1.036493 -0.02537405 3.283816 1.848947
-0.3837656 -0.02912745 1.002802 0.8753893 1.550992 2.803145
-0.3891367 -0.03034815 1.013056 0.8830229 -0.0291605 3.635206
-0.3967051 -0.02180323 1.011347 1.241802 -1.433741 4.864214
-0.3915781 -0.01301417 1.005487 1.631114 -3.158931 5.513069
-0.3810801 0.001878411 1.006464 1.768519 -4.510077 6.253527
-0.3713145 0.01432958 1.010858 2.68455 -5.823054 6.452
-0.361793 0.03337255 1.032343 3.814321 -7.594046 6.971084
-0.34275 0.06022802 1.047235 3.913557 -7.952825 6.719176
-0.3398203 0.07609716 1.068231 4.173099 -8.288702 6.96345
-0.3241953 0.1014878 1.077021 2.60058 -7.899389 7.070321
-0.3056406 0.110521 1.100458 1.768519 -7.532977 6.864214
-0.3019785 0.1180893 1.101923 0.5395114 -7.097863 6.520702
-0.3093028 0.1293198 1.122431 -0.3841528 -6.387939 6.612306
-0.3014903 0.1327378 1.120722 -1.452855 -5.823054 6.352764
-0.3068614 0.1405503 1.122431 -1.903237 -5.365038 5.925282
-0.3095469 0.1412827 1.117548 -2.155145 -5.00626 5.795512
-0.2988047 0.1486069 1.11828 -2.773466 -4.769619 5.398565
-0.2956309 0.1532456 1.138056 -3.162779 -4.761985 5.245893
1.645043 0.09587255 1.302606 -8.949039 -254.2429 234.8413
0.4631582 -0.13069 1.948847 -25.76583 221.1235 -72.30373
0.4419179 -0.1685318 1.914667 -23.28492 228.9937 -72.25792
0.4807363 -0.02277979 1.940546 -24.804 231.6502 -64.67777
0.5505605 0.04484716 1.935419 -24.9414 238.6502 -69.05945
0.6162344 0.1283432 1.949823 -27.03301 243.8792 -68.69304
0.6733633 0.1908432 1.97204 -29.05591 246.0243 -66.41823
0.7531972 0.2462632 1.976923 -29.8727 246.0243 -65.98312
0.8171621 0.3202378 2.014277 -30.72766 246.0243 -67.05182
0.8752676 0.3527085 2.018427 -30.32308 246.0243 -70.08235
0.9284903 0.4191147 2.038202 -25.56736 246.0243 -75.34953
1.011498 0.4996811 2.015985 -23.804 246.0243 -81.02128
1.062279 0.5277573 1.965937 -19.75056 246.0243 -88.40296
1.061303 0.5792709 1.904657 -14.46049 246.0243 -96.71593
1.037133 0.5900131 1.856073 -8.8269 246.0243 -104.6549
1.041527 0.5475327 1.751825 -1.483389 246.0243 -112.3114
1.105492 0.5604721 1.542597 9.356305 246.0243 -122.6701
1.079125 0.5370346 1.45788 13.39447 246.0243 -129.4182
1.128197 0.537767 1.371942 19.11967 246.0243 -140.6472
1.132836 0.5106674 1.330194 24.29524 246.0243 -149.09
1.076928 0.5275131 1.22497 27.86776 246.0243 -158.8915
1.040307 0.3712632 1.135126 31.48608 246.0243 -172.7159
1.048119 0.3981186 0.9153995 38.16547 246.0243 -182.174
1.004418 0.3593003 0.8460635 25.86776 246.0243 -190.2045
1.053734 0.2015854 0.6060733 21.44028 246.0243 -198.006
0.9133535 0.1481186 0.616083 14.13493 246.0243 -199.3877
0.9690176 0.0384995 0.5071963 6.035695 246.0243 -201.1892
1.024193 -0.1143325 0.5018252 -5.071176 246.0243 -200.0366
0.9941641 -0.248854 0.4112491 -6.956672 246.0243 -193.9831
0.9350821 -0.3137954 0.5201358 -7.330718 246.0243 -194.5862
0.9331289 -0.3491958 0.5157413 -6.468122 246.0243 -190.777
1.036889 -0.4480728 0.2957705 -4.376519 246.0243 -189.777
1.042016 -0.4993423 0.3597354 -6.10171 246.0243 -187.9602
1.014428 -0.5227798 0.4500674 -1.010107 246.0243 -182.4106
1.087182 -0.4903091 0.4256534 2.837221 246.0243 -180.1816
1.100609 -0.4402603 0.4854678 3.516611 246.0243 -176.7694
1.111107 -0.3960708 0.5071963 6.333405 246.0243 -175.6091
1.141381 -0.3469985 0.5145205 4.875389 246.0243 -174.174
1.122826 -0.3440689 0.4969424 7.737985 246.0243 -173.8075
1.134301 -0.307936 0.4488467 7.760885 246.0243 -173.7388
1.049828 -0.3015884 0.4185733 7.348671 246.0243 -173.6014
0.9863516 -0.2888931 0.3563174 6.447908 246.0243 -171.8381
0.9580313 -0.3140396 0.2994326 0.9288244 246.0243 -170.09
0.9326406 -0.3819107 0.1939639 0.974626 246.0243 -170.4259
0.8840567 -0.4031509 0.07824123 -5.300183 246.0243 -167.0976
0.7680898 -0.41194 0.009637713 -17.37652 246.0243 -159.4106
0.8020254 -0.5449966 -0.06165135 -19.25438 246.0243 -151.2961
0.8149649 -0.5232681 -0.06165135 -28.45285 246.0243 -144.8763
0.7864004 -0.5694107 -0.06165135 -32.62079 246.0243 -144.7999
0.7033926 -0.6074966 -0.06165135 -42.7582 246.0243 -138.2503
0.7373281 -0.6104263 -0.06165135 -48.64369 246.0243 -134.0595
0.6621328 -0.6604752 -0.06165135 -48.7353 245.3907 -127.09
0.7385488 -0.6822037 -0.06165135 -46.20858 244.2609 -124.4793
0.7290273 -0.6963638 -0.06165135 -45.11698 237.9403 -119.8686
0.7029043 -0.6956314 -0.06165135 -39.99484 224.2609 -116.8533
0.6797109 -0.6643814 -0.06165135 -37.33072 213.864 -113.9373
0.6738515 -0.6419205 -0.06165135 -34.06354 201.1693 -111.2503
0.7231679 -0.5923599 -0.06165135 -34.04827 173.5128 -101.777
0.7444082 -0.5767349 -0.06018651 -34.49866 168.3372 -98.83044
0.7610097 -0.5684341 0.01891506 -36.00247 163.7037 -96.21976
0.7461172 -0.5877213 0.08727444 -38.03301 159.7647 -92.49456
0.7280508 -0.6094498 0.1312197 -39.83453 156.8411 -88.92204
0.7009511 -0.6253189 0.1434268 -43.06354 154.4823 -83.97548
0.6799551 -0.6548599 0.135126 -47.05591 151.5739 -77.96784
0.6467519 -0.6887955 0.08971584 -51.05591 147.9937 -70.83044
0.6213613 -0.7056412 0.05407131 -53.67423 143.6655 -64.06709
0.5893789 -0.7119888 0.003778338 -52.78873 138.7342 -58.6396
0.5498281 -0.7127213 -0.06165135 -51.84217 131.6121 -53.09762
0.4865957 -0.727858 -0.06165135 -49.04827 122.2075 -48.31899
0.4968496 -0.710524 -0.06165135 -48.95667 116.1922 -43.00601
0.4790273 -0.6839127 -0.06165135 -45.81927 103.8487 -38.48693
0.4804922 -0.6482681 -0.06165135 -43.18568 93.68076 -34.07471
0.5100332 -0.609938 -0.06165135 -41.21621 83.78 -30.21976
0.5171133 -0.5882095 -0.06165135 -39.804 74.42885 -26.38006
0.5385976 -0.5628189 -0.06165135 -38.65896 66.32198 -23.20449
0.5593496 -0.5305923 -0.06165135 -37.27728 58.8716 -20.77701
0.5754629 -0.5034927 -0.02161229 -35.78873 52.43649 -18.60143
0.5779043 -0.4890884 0.0001162291 -34.25438 45.71893 -16.6625
0.5871816 -0.4895767 0.01329982 -32.7811 39.65023 -15.17395
0.5708242 -0.5012955 0.00426662 -31.74293 33.12351 -13.35716
0.5656972 -0.5198502 -0.004278302 -30.9414 26.20748 -11.27319
0.5559316 -0.5520767 -0.0174619 -30.88797 19.29908 -8.624336
0.5605703 -0.5813736 -0.02039158 -31.38415 10.78 -5.05945
0.5747304 -0.6033463 -0.01892674 -33.51392 4.283816 -0.5861679
0.556664 -0.6297134 -0.02063572 -35.06354 -3.62458 4.215359
0.5674062 -0.6502213 -0.02136815 -34.34599 -11.82305 8.222992
0.5859609 -0.6519302 -0.003790021 -33.30018 -18.65512 11.4978
0.605248 -0.648024 0.01281154 -31.42232 -25.54061 14.84131
-0.4081797 -0.266188 1.350214 8.363939 -18.81542 21.55124
-0.4059824 -0.234938 1.368036 7.768519 -18.03679 22.68864
-0.3976817 -0.2124771 1.37829 7.669282 -17.06733 23.03215
-0.3954844 -0.1746353 1.406122 7.577679 -16.2658 23.65811
-0.3932871 -0.146315 1.413446 6.539511 -15.13603 23.41383
-0.3903574 -0.1228775 1.432245 5.913557 -14.16656 23.452
-0.3844981 -0.1057876 1.44787 5.440275 -13.1284 23.3604
-0.3927989 -0.08820948 1.46081 5.371572 -12.00626 22.37566
-0.3842539 -0.07697901 1.458612 5.623481 -10.86885 21.90238
-0.3793711 -0.05915675 1.478632 5.745618 -9.922291 20.86421
