2.289799 -1.113342 -0.2605791 -230.6163 231.0959 -248.4563
2.289799 -1.353088 -0.2605791 -230.6163 231.0959 -248.4563
2.289799 -1.542541 -0.2605791 -230.6163 231.0959 -248.4563
2.289799 -1.774963 -0.2605791 -230.6163 231.0959 -248.4563
2.289799 -1.774963 -0.2605791 -230.6163 231.0959 -248.4563
1.806217 -1.774963 -0.2605791 -230.6163 231.0959 -248.4563
2.12653 -1.774963 -0.2605791 -230.6163 231.0959 -248.4563
1.239811 -1.774963 -0.2605791 -230.6163 231.0959 -248.4563
-0.3949546 -1.774963 -0.2605791 -189.2804 231.0959 -248.4563
-1.71014 -1.774963 -0.2605791 -6.394947 200.1875 -210.8532
-1.71014 -1.774963 -0.2605791 102.8799 34.75237 -127.1815
-1.71014 -1.774963 -0.2605791 184.1776 -89.20947 -81.22726
-1.71014 -1.774963 -0.2605791 150.3226 -181.6522 -22.47154
-1.71014 -1.774963 -0.2605791 112.2615 -241.6522 16.23075
-1.615658 -1.774963 -0.2605791 100.6203 -236.8049 40.45212
-1.188656 -1.774963 -0.2605791 76.87987 -269.1713 38.33762
-0.6329917 -1.774963 -0.2605791 55.58979 -269.1713 84.64296
-0.3612632 -1.774963 -0.2605791 69.52872 -269.1713 91.62769
0.08673486 -1.774963 -0.2605791 71.39894 -269.1713 112.8491
0.3389321 -1.774963 -0.2605791 98.62796 -269.1713 123.9025
0.4715005 -1.774963 0.145915 142.8951 -269.1713 134.1391
0.5999185 -1.774963 0.6068525 182.6585 -269.1713 148.3682
0.9473306 -1.774963 0.9120283 231.2463 -269.1713 177.8567
0.9063149 -1.774963 1.167399 266.605 -269.1713 200.9559
0.9812661 -1.560363 1.302409 269.6508 -269.1713 207.4292
1.126774 -1.304016 1.494548 269.6508 -269.1713 234.1926
1.057682 -1.119933 1.601481 269.6508 -269.1713 230.0934
0.9780923 -0.9136347 1.740642 269.6508 -263.2095 251.4445
0.9795571 -0.6992792 1.636149 269.6508 -231.324 251.8109
0.8579751 -0.6304316 1.479167 269.6508 -218.8812 251.8109
0.9668618 -0.4253534 1.370524 269.6508 -203.5377 251.8109
0.8799478 -0.4902948 1.350017 269.6508 -183.4461 251.8109
0.9002114 -0.4649042 1.246989 269.6508 -168.4843 251.8109
0.8843423 -0.4331659 1.205729 269.6508 -155.0492 251.8109
0.9268228 -0.3611444 1.180583 269.6508 -139.9499 251.8109
0.949772 -0.2742304 1.062907 269.6508 -124.1331 251.8109
0.8548013 -0.228576 1.039958 269.6508 -115.5301 251.8109
0.8494302 -0.1162714 0.9820967 269.6508 -106.8354 251.8109
0.8113442 -0.0371698 0.9525557 269.6508 -101.9194 251.8109
0.8152505 0.01483215 0.9747725 269.6508 -92.1026 251.8109
0.8789712 0.04901184 0.8531904 269.6508 -86.27817 251.8109
0.8638345 0.1019904 0.816081 269.6508 -80.66748 251.8109
0.9390298 0.1190802 0.7494307 269.6508 -76.75145 251.8109
0.9749185 0.07977356 0.6932783 269.6508 -71.48428 251.8109
1.024479 0.1439825 0.63029 269.6508 -69.25526 251.8109
1.046452 0.1493536 0.5673018 269.6508 -65.71329 251.8109
1.388493 0.1935431 0.416667 269.6508 -65.57588 251.8109
1.304752 0.1996466 0.5057783 269.6508 -55.75908 251.8109
1.334293 0.5590216 0.2357588 269.6508 -46.69038 251.8109
1.148014 0.6791388 -0.02205372 269.6508 -55.55298 251.8109
1.215397 0.8078009 -0.2110186 269.6508 -57.3774 251.8109
0.8257485 0.8356329 -0.2605791 269.6508 -87.76672 251.8109
1.049381 0.5592657 -0.2605791 269.6508 -92.1942 251.8109
1.352116 1.15619 -0.2451982 269.6508 -98.17892 251.8109
1.173405 0.9620977 -0.2605791 254.6814 -105.7973 251.8109
1.148258 0.9957891 -0.2605791 240.7348 -123.4156 251.8109
1.219547 1.169129 -0.2605791 218.4753 -136.3621 251.8109
1.202702 1.145447 -0.2605791 213.9486 -145.7209 251.8109
1.207585 1.28241 -0.2366533 207.8951 -156.0034 251.8109
1.234684 1.391785 -0.1851397 205.773 -167.0186 251.8109
1.290836 1.547059 -0.07307911 203.2997 -178.7438 251.8109
1.441471 1.581238 -0.0940752 202.3073 -194.7514 251.8109
2.286442 2.224976 2.335124 -56.86823 -11.09496 -220.0975
2.289799 1.095399 -0.2605791 -230.6163 231.0959 -248.4563
2.289799 0.6991583 -0.2605791 -230.6163 231.0959 -248.4563
2.289799 0.5538946 -0.2605791 -230.6163 231.0959 -248.4563
2.289799 0.2601935 -0.2605791 -230.6163 231.0959 -248.4563
2.289799 -0.01641785 -0.2605791 -230.6163 231.0959 -248.4563
2.289799 -0.136535 -0.2605791 -230.6163 231.0959 -248.4563
2.289799 -0.3606561 -0.2605791 -230.6163 231.0959 -248.4563
2.289799 -0.7097773 -0.2605791 -230.6163 231.0959 -248.4563
2.289799 -0.8054804 -0.2605791 -230.6163 231.0959 -248.4563
2.289799 -1.035949 -0.2605791 -230.6163 231.0959 -248.4563
2.289799 -1.284973 -0.2605791 -230.6163 231.0959 -248.4563
2.289799 -1.527892 -0.2605791 -230.6163 231.0959 -248.4563
2.289799 -1.774963 -0.2605791 -230.6163 231.0959 -248.4563
2.289799 -1.774963 -0.2605791 -230.6163 231.0959 -248.4563
2.289799 -1.774963 -0.2605791 -230.6163 231.0959 -248.4563
2.289799 -1.774963 -0.2605791 -230.6163 231.0959 -248.4563
1.864567 -1.774963 -0.2605791 -230.6163 231.0959 -248.4563
1.773991 -1.774963 -0.2605791 -33.39495 231.0959 -248.4563
-0.7284507 -1.774963 -0.2605791 -58.00563 231.0959 -248.4563
-0.4574546 -1.774963 -0.2605791 189.6585 82.60733 -248.4563
-0.4584311 -1.774963 -0.2605791 269.6508 -52.01099 -248.4563
-1.103207 -1.774963 -0.2605791 269.6508 -117.5606 -232.3799
-1.404232 -1.774963 -0.2605791 269.6508 -162.7285 -180.5555
-1.353451 -1.774963 -0.2605791 269.6508 -190.7285 -141.4639
-1.264095 -1.774963 -0.2605791 269.6508 -251.0263 -124.8074
-1.010189 -1.774963 -0.2605791 269.6508 -269.1713 -89.12803
-0.673519 -1.774963 -0.2605791 244.3837 -269.1713 -54.73872
-0.4313315 -1.774963 -0.2605791 231.5745 -269.1713 -20.34177
0.02960596 -1.774963 -0.2605791 200.7348 -269.1713 19.55899
0.3579751 -1.774963 -0.2605791 174.1241 -269.1713 52.95594
0.6714517 -1.774963 0.2457685 170.6967 -269.1713 95.21548
0.7976724 -1.774963 0.3495283 161.8264 -269.1713 119.8949
0.7620278 -1.774963 0.6581221 100.9104 -269.1713 128.0552
0.1751138 -1.774963 1.295573 146.3302 -269.1713 159.475
1.233463 -1.774963 1.489665 124.5058 -269.1713 218.7498
0.7747231 -1.774963 1.154948 140.5669 -256.0415 222.0628
1.053288 -1.477844 1.124675 132.6051 -238.4766 251.8109
0.8201333 -1.451965 1.188884 132.544 -229.3469 251.8109
0.824772 -1.138 1.141765 132.5745 -219.1484 251.8109
0.7849771 -0.9927362 0.9986982 143.7196 -210.0721 251.8109
0.7551919 -0.9658808 1.004802 142.6585 -202.4003 251.8109
0.7493325 -0.9143671 0.9842939 149.4447 -196.1179 251.8109
0.7266274 -0.8211054 0.9520674 152.3302 -187.1179 251.8109
0.7075845 -0.7637323 0.8917646 156.46 -183.4308 251.8109
0.6768228 -0.709289 0.9064131 158.9562 -180.4079 251.8109
0.685856 -0.6973261 0.9257002 159.3379 -176.9118 251.8109
0.6887856 -0.7070917 0.9430342 157.4218 -174.385 251.8109
0.7175942 -0.6958612 1.006022 158.8417 -169.0339 251.8109
0.7210122 -0.7627558 1.094157 169.0783 -161.7591 251.8109
0.762272 -0.6819452 1.024089 172.4982 -161.469 251.8109
0.7222329 -0.7283319 1.071696 183.3837 -150.8507 251.8109
0.7984048 -0.6660761 1.034343 183.1928 -145.2324 251.8109
0.8809243 -0.7512812 0.8270674 197.4295 -133.8965 251.8109
0.9204751 -0.7708124 0.7137861 202.918 -133.0186 251.8109
0.7661782 -0.7385859 0.7333174 208.4447 -135.7744 251.8109
0.9807778 -0.7586054 0.6022139 213.3226 -138.5377 251.8109
1.080387 -0.7903437 0.4396162 222.3608 -139.2705 251.8109
1.276432 -0.7498163 0.2738447 223.8722 -143.2858 251.8109
1.357243 -0.7012323 0.2775068 225.8188 -151.5072 251.8109
1.495915 -0.7896112 0.2382002 235.5211 -149.6675 251.8109
1.579655 -0.7949823 -0.0315752 242.7425 -164.4308 251.8109
1.752506 -0.6775507 -0.07454395 246.002 -170.6293 251.8109
1.790592 -0.6943964 -0.08772755 258.2386 -183.8736 251.8109
1.874333 -0.07891785 0.1410322 244.0096 -199.1331 251.8109
1.907536 -0.4041132 0.1046553 253.5364 -198.9194 251.8109
2.230778 -0.3577265 -0.08357716 243.4295 -210.5377 251.8109
2.289799 -0.5928339 -0.05110645 249.1241 -215.0568 251.8109
2.289799 -0.3301386 0.0724287 257.9485 -219.8889 251.8109
2.289799 -0.4536737 0.02189159 269.6508 -225.0034 251.8109
2.289799 0.9918829 0.225749 269.6508 -221.5759 251.8109
2.289799 1.387879 -0.06868458 269.6508 -244.6217 251.8109
2.289799 1.547791 -0.2344561 269.6508 -229.3163 251.8109
2.289799 1.369813 0.04679394 269.6508 -247.4461 251.8109
2.289799 1.543397 -0.1389971 269.6508 -246.4156 251.8109
2.289799 1.626649 -0.05867481 269.6508 -249.5911 251.8109
2.289799 1.957459 -0.02522755 269.6508 -254.8507 251.8109
2.289799 2.157655 0.01700878 269.6508 -263.8507 251.8109
2.289799 2.224976 0.104167 269.6508 -269.1713 251.8109
2.289799 2.224976 0.2052412 268.3608 -261.7667 251.8109
2.289799 2.224976 0.3800459 267.4753 -264.7285 251.8109
2.289799 2.224976 0.491374 258.147 -261.0263 251.8109
2.289799 2.224976 0.5485029 248.7654 -259.3545 251.8109
2.289799 2.224976 0.6764326 236.3455 -262.3545 251.8109
2.289799 2.224976 0.802165 228.7425 -261.9347 251.8109
2.289799 2.224976 0.9159346 214.7577 -261.2782 251.8109
2.289799 2.224976 1.155192 213.2234 -254.5377 251.8109
2.289799 2.224976 1.292155 216.1852 -246.4995 251.8109
