-0.5959239 0.0997788 1.288446 -15.7124 14.7571 -2.609068
-0.5871348 0.105394 1.289423 -18.08644 14.61206 -1.074717
-0.5802989 0.1012436 1.293573 -20.40705 15.28382 -0.1281526
-0.578834 0.0973374 1.293085 -22.8269 16.27618 0.9634504
-0.5859141 0.0985581 1.300409 -24.61316 16.53572 1.902382
-0.5854258 0.09294287 1.293573 -24.74293 16.33725 2.597038
-0.5956797 0.1019761 1.286981 -23.48339 16.25328 2.429099
-0.5793223 0.1041733 1.295038 -21.81163 16.13878 1.932916
-0.5866465 0.1129624 1.298212 -19.38415 15.77237 1.413832
-0.5790781 0.122728 1.299677 -17.03301 15.57389 0.3298627
-0.5693125 0.1276108 1.299433 -14.6895 15.68076 -0.5556334
-0.5685801 0.140062 1.318476 -12.05591 15.53573 -1.677771
-0.5688242 0.1610581 1.320917 -9.605527 15.17695 -2.754107
-0.5544199 0.1725327 1.317743 -6.704763 15.19221 -3.647236
-0.547584 0.1735093 1.309442 -4.200947 15.85634 -4.914412
-0.5505137 0.1744858 1.310175 -1.842168 16.12351 -6.708305
-0.5505137 0.1893784 1.313837 0.2723359 16.58153 -8.03655
-0.5483164 0.1908432 1.310175 1.814321 16.39832 -9.235023
-0.5514903 0.185228 1.315058 2.722718 16.83344 -10.27319
-0.5590586 0.1793686 1.303583 3.966992 17.20748 -11.26556
-0.5553965 0.1735093 1.311884 5.157832 16.62733 -10.86861
-0.544166 0.1603257 1.28454 6.577679 15.98611 -11.50983
-0.5363535 0.160814 1.282343 7.768519 17.19221 -13.24266
-0.5409922 0.1642319 1.261835 8.676916 17.38305 -14.08998
-0.5519785 0.1656968 1.265985 8.615848 16.74183 -14.01365
-0.5546641 0.1500718 1.251825 7.547145 16.08534 -13.92205
-0.5583262 0.1508042 1.241815 6.585313 15.56626 -14.33426
-0.5588145 0.1559311 1.232782 5.539512 15.29908 -14.30373
-0.5651621 0.1564194 1.245966 4.363939 14.71893 -14.19686
-0.5636973 0.1481186 1.246454 3.570046 13.44412 -14.29609
-0.5517344 0.1329819 1.281366 3.577679 13.03954 -14.24266
-0.5456309 0.1256577 1.286737 2.89829 13.72657 -14.86098
-0.5514903 0.1283432 1.30163 0.5929465 14.62733 -14.3877
-0.5551524 0.1266343 1.311151 -2.078809 15.36015 -12.62434
-0.5605235 0.1161362 1.312128 -4.353619 15.48992 -11.13579
-0.5556406 0.121019 1.312616 -5.109344 16.17694 -10.4793
-0.5619883 0.1271225 1.321405 -4.605527 16.09298 -10.6854
-0.5561289 0.1322495 1.320429 -3.086443 15.69603 -10.6625
-0.547584 0.1283432 1.332636 -1.223847 15.8487 -11.40296
-0.5317149 0.1342026 1.345575 0.8524886 16.39069 -12.42586
-0.5270762 0.141771 1.337763 2.936458 17.25328 -13.5938
-0.5324473 0.1498276 1.346063 4.631114 17.97084 -14.18922
-0.5287852 0.1481186 1.329706 6.470809 18.06244 -14.56327
-0.5260996 0.1495835 1.330194 8.066229 18.96321 -15.49457
-0.5270762 0.152269 1.31872 9.760885 19.61969 -16.83808
-0.528541 0.1530015 1.312372 10.72272 19.94794 -17.31899
-0.5280528 0.1508042 1.297235 11.89066 19.8029 -17.86098
-0.5312266 0.1498276 1.277704 12.27997 20.26855 -18.5938
-0.5341563 0.1613022 1.262567 11.91356 20.78763 -19.03655
-0.5392832 0.1625229 1.259638 10.82959 20.85633 -19.19686
-0.5361094 0.1759507 1.249628 8.203633 20.7571 -18.80754
-0.5405039 0.1808335 1.239862 5.676916 20.97084 -18.73884
-0.5312266 0.1805893 1.237177 2.715084 20.90977 -18.05182
-0.5407481 0.1822983 1.230585 1.539511 20.55099 -18.36479
-0.5334239 0.1847397 1.232294 0.8295877 20.52046 -18.81518
-0.521461 0.188646 1.239618 0.2799695 20.26092 -19.76174
-0.5219492 0.1893784 1.241571 0.974626 20.58916 -21.29609
0.4682851 0.7010971 2.413935 6.646381 244.696 -132.9373
0.8142324 0.2506577 1.064081 -113.1628 246.0243 -153.861
0.6894765 -0.1573013 0.8221377 -54.09407 246.0243 -137.2121
0.7593008 -0.4104751 0.430292 -16.15514 246.0243 -232.7159
0.9260489 0.1249253 0.5797061 38.95173 246.0243 -153.5556
1.04934 0.3785874 0.5062198 22.04333 246.0243 -171.8381
0.865502 0.3314682 0.7232608 -1.223847 246.0243 -179.5404
0.7541738 0.8524643 0.8987979 -35.92614 246.0243 -185.09
0.9978262 0.6217514 0.9417666 -65.9643 246.0243 -190.0366
1.165551 0.4974839 0.7911319 -96.9185 246.0243 -197.6014
1.209008 0.4271714 0.9039248 -121.0559 246.0243 -205.4335
1.269799 0.2587143 0.9901065 -131.5368 246.0243 -204.5098
1.34768 0.1979233 1.030146 -131.8574 246.0243 -208.5709
1.381371 0.1234604 1.054804 -134.3078 246.0243 -211.2732
1.386254 0.08635107 1.062616 -135.6055 246.0243 -213.0518
1.438012 -0.04597315 0.9715518 -133.3765 246.0243 -216.1053
1.469994 -0.06892237 0.9117373 -133.9872 246.0243 -219.1434
1.514428 -0.1934341 0.8760928 -129.4376 246.0243 -225.4946
1.475609 -0.3018325 0.7838077 -123.3765 246.0243 -234.5098
1.615502 -0.3675064 0.5599307 -124.1628 246.0243 -248.09
1.549828 -0.8699478 0.1275576 -101.5979 246.0243 -233.5556
1.02102 -0.7110123 0.1578311 -125.7048 246.0243 -193.3572
0.9614492 -0.8306412 0.03356349 -142.9261 246.0243 -173.5862
1.063256 -0.9368423 -0.06165135 -131.8651 246.0243 -177.235
0.8301016 -0.8533463 -0.06165135 -115.4681 246.0243 -162.7388
0.6853261 -0.9685806 -0.06165135 -119.43 246.0243 -152.403
0.4814687 -1.170729 -0.06165135 -98.99484 246.0243 -155.9144
0.4167715 -0.9964127 -0.06165135 -57.92614 246.0243 -120.09
0.3467031 -0.9280533 -0.06165135 -42.46049 246.0243 -145.5938
0.03591211 -0.5540298 -0.06165135 -50.8956 246.0243 -109.9449
0.1784902 -0.4868911 -0.06165135 -50.02537 246.0243 -107.09
0.08303125 -0.3203872 -0.06165135 -46.7582 246.0243 -106.3648
0.08351954 -0.3216079 -0.06165135 -44.6666 246.0243 -107.8228
0.03176172 -0.3467544 -0.06165135 -33.06354 246.0243 -110.4182
0.05202539 -0.3157485 -0.06165135 -23.40705 246.0243 -114.3114
0.1196523 -0.1958755 -0.06165135 -24.75056 237.9174 -115.4411
0.07350976 -0.2061294 -0.06165135 -24.85744 223.3754 -121.0747
0.1020742 -0.1128677 -0.06165135 -33.58263 210.5892 -127.6014
0.1203848 -0.3653091 -0.06165135 -23.10171 201.3143 -130.7541
0.1438223 -0.3977798 -0.06165135 -14.62843 192.7113 -133.3343
0.1452871 -0.4287857 -0.06165135 -9.116978 183.3602 -133.6702
0.155541 -0.4451431 -0.06165135 -6.468122 173.8563 -133.1511
0.1843496 -0.4695571 -0.06165135 -5.979573 165.2685 -131.403
0.1931387 -0.538649 -0.06165135 -5.116977 157.7724 -129.2503
0.2068105 -0.6302017 -0.06165135 -4.147511 152.8334 -126.2121
0.2082754 -0.7027115 -0.03113377 -7.742931 149.3067 -120.2732
0.207543 -0.781813 0.02013576 -12.18568 146.78 -112.464
0.2087637 -0.833815 0.0450381 -18.27728 144.0395 -102.2503
0.1924063 -0.8882584 0.04699123 -23.7582 142.0472 -91.5251
0.1616445 -0.9202408 0.04821193 -28.86507 139.1464 -80.11288
0.1255117 -0.9295181 0.02575099 -33.59026 136.696 -68.76937
0.07058008 -0.8838638 -0.02600682 -41.10934 132.6808 -56.58617
0.01882227 -0.8555435 -0.06165135 -47.20858 127.0701 -45.94495
0.0005117208 -0.7781509 -0.06165135 -52.7582 120.2304 -35.5709
-0.0524668 -0.7344498 -0.06165135 -59.25438 112.6197 -25.96785
-0.08200781 -0.6697525 -0.06165135 -59.91087 101.551 -19.18159
-0.09152929 -0.583815 -0.06165135 -58.52156 91.72656 -15.20449
-0.07077734 -0.503981 -0.06165135 -55.54446 81.19984 -12.80754
-0.03977148 -0.4510025 -0.06165135 -48.57499 70.87923 -13.01365
0.001976565 -0.3958267 -0.06165135 -42.60553 60.88687 -13.91441
0.04811914 -0.3831314 -0.005743146 -37.74293 52.7342 -14.35716
0.09011133 -0.3914321 0.1129092 -32.96431 46.49756 -14.92205
0.1545645 -0.4109634 0.2327822 -28.56736 41.22275 -14.41823
0.1706777 -0.4444107 0.3333682 -22.55972 37.6655 -14.81518
0.2141348 -0.4517349 0.3985537 -16.804 35.06244 -13.79228
0.2412344 -0.4468521 0.4600772 -12.42995 32.74947 -12.81518
0.2885976 -0.3997329 0.52746 -10.23148 30.37542 -10.49457
0.3203359 -0.3636001 0.5823916 -12.40705 29.97084 -7.799908
0.3471914 -0.3318618 0.6649112 -15.07118 28.6426 -4.677771
0.3794179 -0.3108657 0.7293643 -18.27728 29.68076 -1.349527
0.3794179 -0.3040298 0.7691592 -24.07881 32.55099 1.703908
0.419457 -0.3035415 0.8043155 -27.7811 43.35252 4.444366
0.3982168 -0.2808364 0.9205264 -31.29255 37.81817 10.41383
0.4323965 -0.2771743 0.8751163 -34.52156 39.24565 11.84131
0.4363027 -0.2554458 0.8697452 -37.59789 42.08534 14.74971
0.4343496 -0.2395767 0.8485049 -39.07117 45.55863 16.14666
0.3877187 -0.2451919 0.7891788 -38.8727 46.36015 16.92528
0.4067617 -0.2354263 0.7469424 -40.03301 47.01664 18.27643
0.3647695 -0.2649673 0.7095889 -34.81163 48.09298 17.20009
0.329125 -0.2412857 0.6151065 -36.9185 46.54336 19.27643
0.2829824 -0.2935318 0.5299014 -35.76583 45.7571 20.51307
0.2343984 -0.2727798 0.4503116 -35.23911 41.77237 22.62757
0.1904531 -0.2866958 0.3768252 -35.26965 38.62733 24.13139
0.1753164 -0.3020767 0.2860049 -33.50629 34.10825 24.93292
0.1333242 -0.2796157 0.2452334 -32.79636 27.72657 25.4749
0.1067129 -0.2945083 0.182001 -30.52919 21.58916 25.73444
-0.5571055 -0.5059341 1.467401 25.25707 14.45939 -1.120519
-0.7394785 -0.3377212 1.156855 20.3105 -4.319237 20.20773
-0.7280039 -0.3133071 1.173212 15.06623 -5.830688 23.59704
-0.740211 -0.280104 1.206659 10.75325 -7.365038 26.36803
-0.7389903 -0.2483657 1.235468 5.661649 -8.105496 29.03215
-0.7321543 -0.240065 1.250605 0.7532519 -9.372672 31.63521
-0.7248301 -0.2241958 1.286493 -2.376519 -9.693283 33.41383
