0.5348662 -0.3664214 0.6236894 -32.19504 1.145771 32.21867
0.5251006 -0.3735015 0.6517656 -33.45458 2.054168 32.066
0.5375518 -0.3732574 0.6449296 -34.24084 3.336611 31.67669
0.5434112 -0.3725249 0.6515214 -33.59962 4.90913 30.74539
0.550003 -0.3713042 0.6546953 -31.59198 5.725924 29.60798
0.5573272 -0.3547027 0.6378496 -30.06527 6.764092 28.69959
0.5546416 -0.3451812 0.64908 -29.2103 7.855694 27.48585
0.5658721 -0.3290679 0.6600664 -27.08817 9.359512 26.37898
0.5668487 -0.3307769 0.655916 -24.12634 10.9015 24.41714
0.5646514 -0.3227202 0.6395586 -20.57672 12.32134 22.07363
0.5668487 -0.3129546 0.6473711 -15.83626 13.77172 19.56982
0.5666045 -0.3371245 0.6312578 -11.79809 15.33661 17.29501
0.565628 -0.3251616 0.603914 -9.164504 16.80226 15.32554
0.5583037 -0.3371245 0.58658 -6.065268 18.35188 13.25684
0.5468291 -0.3464019 0.5624101 -3.011832 19.1076 11.23394
0.5392608 -0.3666656 0.5282304 -0.3171759 20.09233 9.554549
0.53096 -0.377896 0.5038164 1.782061 20.65722 8.088901
0.5302276 -0.3920562 0.4715898 3.759161 20.9702 6.760656
0.5138701 -0.4101226 0.432039 4.499618 20.19921 6.073633
0.5202178 -0.4274566 0.3871171 4.514885 19.62669 5.669053
0.5050811 -0.4479644 0.3688066 4.285878 18.53508 5.165236
0.4904326 -0.4650542 0.3541582 4.087405 16.50455 5.814092
0.4782256 -0.4738433 0.3241289 0.6599236 15.1534 6.585084
0.4647979 -0.4865386 0.3099687 0.0492363 12.87096 7.134703
0.4272002 -0.5275542 0.293123 -9.43168 5.267909 10.79119
0.4086455 -0.5441558 0.294832 -15.25611 3.237374 13.36371
0.3971709 -0.5714995 0.2882402 -17.79046 0.7106564 15.25684
0.3856963 -0.5783355 0.3045976 -19.37824 -2.289344 17.27974
0.3854522 -0.5766265 0.3211992 -19.99656 -4.930565 18.83699
0.3949736 -0.586148 0.3309648 -19.66069 -7.816061 20.38661
0.3966826 -0.5798003 0.3507402 -17.52328 -10.08324 21.27211
0.3815459 -0.5885894 0.3697832 -16.44695 -12.78553 22.98966
0.9013213 -1.038785 0.8663652 161.9195 -166.1825 228.0355
0.01362598 -0.5558745 1.262117 113.7592 131.3671 90.0202
0.005569339 -0.5859038 1.260408 102.9882 133.161 92.64615
-0.02397168 -0.5912749 1.2316 94.41565 134.5656 96.78355
-0.03422558 -0.5968902 1.225252 84.07214 134.9397 101.4935
-0.04301465 -0.5739409 1.231111 74.55305 135.4664 105.5698
-0.06303418 -0.5378081 1.247713 65.36221 136.5885 109.6385
-0.06327832 -0.5092437 1.252107 57.69046 137.6725 113.3713
-0.04301465 -0.4950835 1.264803 49.87366 138.1229 116.5927
-0.04325879 -0.4089019 1.296541 45.05687 140.2603 120.2187
-0.05009472 -0.3373687 1.305818 40.75153 141.9015 120.9439
-0.03520215 -0.2482573 1.314119 36.29351 142.5504 120.8523
-0.02372754 -0.1728179 1.328279 31.9271 143.6878 119.8981
-4.589557e-05 -0.09493702 1.356844 27.27825 145.9549 118.0278
0.01094043 -0.04171435 1.370027 24.43092 149.2145 114.8904
0.01679981 -0.01266162 1.377596 23.04924 152.1839 112.7759
0.02314746 0.02371533 1.369051 23.13321 155.3061 108.5698
0.04463184 0.07278759 1.382234 25.0645 157.7259 103.9362
0.05390918 0.1023286 1.369783 26.73626 161.5504 98.16524
0.06855762 0.1321138 1.377107 28.98817 164.619 91.73012
0.07856739 0.1521333 1.372225 31.21718 168.3519 85.79119
0.1029814 0.1548188 1.350496 33.60649 172.1458 78.84463
0.09419239 0.1785005 1.342439 35.74389 176.8175 73.1805
0.0780791 0.1804536 1.320223 41.10267 180.7259 65.90569
0.07514942 0.1907075 1.268221 43.93473 184.0007 58.47821
0.06538379 0.200229 1.233797 45.42328 186.2603 51.51638
0.05805957 0.1982759 1.205965 47.56068 188.4816 44.83699
0.03828418 0.1980317 1.167635 47.1103 191.016 39.066
0.02680957 0.2021821 1.126863 47.31641 192.474 32.18814
0.02680957 0.1858247 1.101228 47.63702 193.8557 26.33318
0.02046192 0.182895 1.077791 46.42328 196.2374 20.44768
0.01020801 0.1787446 1.050203 46.51488 197.3748 14.68432
0.01509082 0.168979 1.028719 44.9271 198.5885 9.172871
0.01020801 0.1347993 1.013094 46.44618 199.1687 3.180504
0.02290332 0.1421235 0.9984453 45.9958 201.016 -2.269878
0.01679981 0.1230806 0.9711016 44.70572 202.6267 -7.246977
0.01850879 0.1101411 0.951082 42.78206 203.4129 -12.13247
0.03071582 0.09427197 0.9317949 39.75153 205.2297 -16.33095
0.03706348 0.07840283 0.9083574 37.15611 206.8557 -20.72026
0.03388965 0.05227978 0.8688066 36.21717 208.3442 -25.65919
0.02607715 0.02542432 0.8197344 35.52252 208.9778 -30.27751
0.04536426 0.002230957 0.7962968 34.43092 210.4511 -34.34621
0.0522002 -0.01119678 0.7506425 33.39275 210.3977 -38.88056
0.05659473 -0.03243701 0.6996171 31.82023 210.0923 -42.62865
0.07734668 -0.0443999 0.6683671 29.59886 210.5809 -46.31568
0.09345997 -0.05025928 0.6356523 26.78206 210.1763 -49.7279
0.09761036 -0.07003467 0.6105058 23.36985 209.6649 -52.9798
0.1147002 -0.07687061 0.5795 19.32405 209.9473 -56.18591
0.1103057 -0.1056792 0.5716875 13.93473 209.39 -59.0027
0.1147002 -0.1093413 0.5458086 6.980534 209.39 -60.82713
0.1271514 -0.1286284 0.5243242 -0.24084 209.0313 -62.60576
0.1427764 -0.1437651 0.5238359 -6.935496 208.4129 -64.10957
0.1569365 -0.1701323 0.5143144 -12.40878 208.9626 -65.57523
0.1625518 -0.1825835 0.4935625 -16.9126 209.3977 -67.40729
0.1605986 -0.1960112 0.4952714 -20.38588 210.3213 -69.67446
0.1637725 -0.2160308 0.4811113 -21.71412 211.4282 -71.88057
0.1552275 -0.2487456 0.4432695 -22.81336 212.3824 -74.36912
0.1603545 -0.2658355 0.4169023 -24.37824 212.474 -76.37675
0.1588897 -0.2917144 0.3739336 -26.04237 213.245 -78.55996
0.1586455 -0.2995269 0.3827226 -28.75992 212.0542 -80.12484
0.1632842 -0.3415191 0.3136308 -29.2103 216.6801 -82.09431
0.1627959 -0.367398 0.2359941 -30.08817 210.6725 -82.7279
0.1669463 -0.4206206 0.2113359 -29.71412 210.1839 -84.37675
0.154251 -0.4367339 0.1722734 -28.19504 206.9702 -85.36148
0.1439971 -0.4528472 0.1454179 -27.53092 204.7183 -86.41492
0.1315459 -0.487271 0.1168535 -26.53855 202.2908 -87.40729
0.1237334 -0.5177886 0.06021285 -25.98893 198.9626 -87.14774
0.1190947 -0.5297515 0.03262496 -26.86679 194.8023 -86.61339
0.1325225 -0.5429351 0.003572226 -26.20267 189.1687 -86.68209
0.1381377 -0.5461089 0.001619101 -26.71412 183.8023 -86.14011
0.1405791 -0.5527007 -0.001310587 -26.40114 179.1076 -85.91873
0.1442412 -0.5443999 0.008699179 -26.53092 173.9549 -85.40729
0.1461943 -0.5475738 0.0250566 -27.43931 169.7565 -85.17828
0.1564482 -0.5299956 0.05069137 -28.63779 165.2603 -84.68209
0.1667022 -0.5146148 0.07144332 -30.30954 161.4587 -84.22408
0.1776885 -0.4965484 0.1100175 -32.33244 158.245 -84.53706
0.201126 -0.4743316 0.1444414 -33.24847 155.5427 -84.75843
0.2135772 -0.4562652 0.1940019 -31.75992 154.245 -86.40729
0.2152861 -0.4550445 0.220125 -28.62252 153.4664 -88.51415
0.2187041 -0.4504058 0.2267168 -23.27137 153.3977 -91.73553
0.2309111 -0.4479644 0.2235429 -18.61489 153.4816 -95.20118
0.2309111 -0.4626128 0.1957109 -15.21794 153.4359 -98.10957
0.2328643 -0.4665191 0.1874101 -11.83626 151.871 -100.6058
0.3212432 -0.2936675 0.3219316 -26.11107 -20.36568 15.9286
0.4081573 -0.2992827 0.7794511 -10.61489 -5.976367 26.67669
0.4120635 -0.2865874 0.7779863 -9.210305 -2.663389 25.85989
0.4013213 -0.2621734 0.7845781 -7.805725 0.06180143 25.066
0.4020537 -0.2570464 0.7738359 -6.072901 2.870962 24.24157
0.3979033 -0.2436187 0.7633379 -4.164504 5.512183 22.83699
0.3966826 -0.2399565 0.7394121 -2.195038 8.077068 21.50111
0.3908232 -0.2353179 0.7125566 -0.5232825 10.00837 20.16524
0.3861846 -0.2282378 0.6810625 0.9652667 11.93203 18.90569
0.3832549 -0.2421538 0.6661699 2.369847 13.68776 17.43241
0.3791045 -0.2485015 0.6376054 3.522519 15.06944 16.24921
0.3754424 -0.2633941 0.6031816 3.621755 15.82516 15.72249
0.3617705 -0.2814605 0.5687578 3.858397 16.44348 15.40951
0.355667 -0.304898 0.5392168 4.568321 16.66485 14.89043
0.3451689 -0.3210113 0.5111406 4.637022 16.83279 15.03547
0.3371123 -0.3337066 0.499666 4.133206 17.02363 15.43241
0.3327178 -0.3554351 0.4774492 4.392748 16.71829 15.98966
0.3473662 -0.3666656 0.452791 4.026336 15.9244 16.64615
0.3478545 -0.377896 0.447664 3.659923 15.78699 17.47821
0.3478545 -0.376187 0.4300859 2.690458 15.47401 18.45531
0.3354033 -0.3835113 0.4225175 2.05687 15.0618 19.14997
0.3234404 -0.3937652 0.3934648 1.537786 14.18394 20.44768
0.3107451 -0.3947417 0.3741777 1.262977 13.26791 21.41714
0.3083037 -0.3903472 0.3685625 1.095038 12.32134 22.26447
0.3100127 -0.3954741 0.3597734 0.4690838 11.00837 23.53928
0.3148955 -0.3901031 0.3475664 0.1255722 9.870962 24.49348
0.3156279 -0.400357 0.3378007 -0.5003819 8.008366 25.82936
0.3214873 -0.393521 0.3414629 -1.385878 6.596153 27.10417
0.3258818 -0.381314 0.3443925 -2.286641 5.283175 28.34081
0.3322295 -0.3805816 0.3517168 -3.103435 3.825161 29.53928
0.3334502 -0.365689 0.3724687 -4.737023 2.932031 30.67669
0.3380889 -0.3422515 0.3775957 -5.133969 1.809893 31.43241
0.3356475 -0.3398101 0.3822343 -6.05 1.008366 32.41714
0.3361357 -0.3129546 0.4003007 -6.698855 0.7335572 32.69196
0.3471221 -0.3005034 0.4169023 -6.920229 0.2526412 32.83699
