-0.1567842 -0.3566558 0.2713945 -9.34771 13.80989 25.70722
-0.1785127 -0.3332183 0.2760332 -12.06527 10.1305 26.72249
-0.1792451 -0.3280913 0.2777421 -16.08817 6.664855 27.35608
-0.1814424 -0.3383452 0.3085039 -21.21031 3.947298 28.37898
-0.1841279 -0.3581206 0.3358476 -26.19504 2.199206 30.00493
-0.1768037 -0.3620269 0.3448808 -28.32481 1.138137 31.34081
-0.1663057 -0.3637359 0.324373 -27.98893 0.2297404 31.59272
-0.1509248 -0.3510406 0.280916 -28.68359 -3.029802 32.44768
-0.3174287 -0.4989898 0.2879961 -21.62252 -5.938199 28.83699
-0.1265107 -0.3371245 0.2633379 -19.1645 -11.83133 34.37135
-0.07621777 -0.3019683 0.2403886 -29.20267 -13.74736 37.33318
-0.09306347 -0.268521 0.2701738 -40.57672 -15.66339 38.46294
-0.1018525 -0.3161284 0.3045976 -37.32481 -18.26644 37.53165
-0.1121064 -0.3161284 0.3204668 -33.96603 -21.48018 36.81409
-0.1223603 -0.3039214 0.3668535 -35.59198 -23.47255 37.70722
-0.1291963 -0.3017241 0.3961504 -39.28664 -24.87713 38.9515
-0.206833 -0.3273589 0.4542558 -39.9813 -26.79316 39.70722
-0.1204072 -0.3593413 0.4923418 -39.85153 -28.50308 41.46294
-0.1040498 -0.3444488 0.5377519 -45.55382 -27.61759 43.61562
-0.1006318 -0.3803374 0.5946367 -47.51565 -27.88476 45.34081
-0.1191865 -0.4135406 0.6354082 -46.83626 -26.19774 46.75302
-0.1121064 -0.4103667 0.6603105 -45.69886 -25.80843 47.39425
-0.1248018 -0.4433257 0.6705644 -45.53855 -24.80079 48.69196
-0.2817842 -0.4799468 0.6764238 -44.22557 -22.87713 47.53928
-0.1457978 -0.4574859 0.6405351 -45.9813 -23.78553 53.28738
-0.05912793 -0.4308745 0.6388261 -58.40115 -22.34278 58.25684
-0.0469209 -0.4677398 0.6561601 -65.68359 -21.8466 61.42478
-0.06645215 -0.4589507 0.6835039 -68.41641 -19.81606 64.19577
-0.1047822 -0.4364898 0.6659257 -64.74466 -18.57942 65.83699
-0.1157686 -0.3996245 0.6437089 -56.59199 -19.31988 65.91333
-0.09599316 -0.3439605 0.6476152 -52.25611 -19.33515 66.12707
-0.1296846 -0.3080718 0.6571367 -47.15687 -19.65576 65.34081
-0.140915 -0.303189 0.6754472 -41.88206 -19.59469 64.18814
-0.2173311 -0.2475249 0.7045 -38.67595 -19.19774 65.71485
-0.2004853 -0.1186187 0.6012285 -47.36298 -17.63285 64.09653
-0.1123506 -0.1415679 0.6200273 -40.89733 -22.53362 59.9515
-0.02812207 -0.1584136 0.6725175 -43.33244 -19.73209 58.96677
0.03291309 -0.09981983 0.7101152 -49.43932 -16.66339 58.44005
0.01655567 -0.1457183 0.7794511 -50.8897 -13.73973 58.38661
-0.01274121 -0.162564 0.8236406 -49.69886 -9.816061 56.53928
-0.06205761 -0.1286284 0.8795488 -45.70649 -6.129038 54.05836
-0.09526073 -0.1488921 0.904207 -47.81336 -0.2282748 53.21867
-0.1018525 -0.1506011 0.9147051 -45.37825 3.237374 51.80646
-0.09355175 -0.1679351 0.9151934 -45.48512 8.512184 51.85226
-0.1118623 -0.1584136 0.8959063 -46.13397 12.98547 51.70722
-0.1260225 -0.1657378 0.8670977 -44.92786 16.39005 51.32554
-0.1362764 -0.1510894 0.8353594 -43.37825 19.28317 50.98966
-0.1333467 -0.1447417 0.8036211 -42.53855 21.61142 50.94386
-0.1367646 -0.1369292 0.751375 -40.28664 22.80226 49.93623
-0.1316377 -0.1391265 0.7257402 -38.49275 23.49692 49.40188
-0.1335908 -0.1286284 0.701082 -36.69122 24.0847 48.94386
-0.1348115 -0.1256987 0.6778886 -34.23321 24.25264 48.38661
-0.147751 -0.09689014 0.6515214 -32.47748 24.45111 47.9286
-0.1372529 -0.08419483 0.6505449 -29.41641 23.96256 47.00493
0.3898467 0.1216157 1.82657 235.2859 129.6496 196.1271
0.4450225 0.5832856 0.8109453 242.9729 247.9397 28.14234
0.4916533 0.5483735 0.7755449 234.8355 247.9397 22.82936
0.5021514 0.5361665 0.6339433 221.5988 247.9397 19.32554
0.5634307 0.4966157 0.6097734 206.3698 247.9397 17.35608
0.6298369 0.5141938 0.5524004 188.0798 247.9397 16.14234
0.7108916 0.5246919 0.4618242 170.9271 247.9397 13.70722
0.7753448 0.5818208 0.4432695 152.3698 247.9397 11.63852
0.7895049 0.6435884 0.4115312 130.8431 247.9397 9.325542
0.767044 0.7097505 0.3565996 107.866 247.9397 8.012565
0.7335967 0.7656587 0.3336504 81.26298 247.9397 7.004931
0.6286162 0.8327973 0.289705 60.27061 247.9397 4.348442
0.5177764 0.8545259 0.228914 44.86603 247.9397 1.050734
0.4787139 0.8745454 0.1942461 31.16374 247.9397 -2.44545
0.4850616 0.8994477 0.1290605 20.85076 247.9397 -6.621023
0.4901885 0.898227 0.0965898 16.14847 247.9397 -11.74316
0.470169 0.9426606 0.03921676 16.98054 247.9397 -20.37675
0.4350127 0.9597505 -0.03500199 25.8813 247.9397 -32.18591
0.4264678 0.9387544 -0.09921098 30.56069 247.9397 -42.64392
0.3898467 0.9131196 -0.1536543 40.9271 247.9397 -53.7966
0.371292 0.9070161 -0.1746504 49.60649 247.9397 -65.75079
0.3776397 0.873813 -0.2044356 57.43855 247.9397 -77.7279
0.3959502 0.8476899 -0.2015059 62.53015 247.9397 -89.04851
0.4308623 0.7917817 -0.2022383 67.83549 244.39 -100.7432
0.4525908 0.748813 -0.1971114 75.40802 234.5275 -112.3386
0.4530791 0.665561 -0.1338789 85.91183 225.1534 -124.4607
0.4589385 0.6216157 -0.09261918 93.01107 217.161 -135.0409
0.4679717 0.584018 -0.04037309 97.7668 210.4511 -144.789
0.4867705 0.5315278 0.03824019 100.4004 204.5351 -154.3462
0.5312041 0.4597505 0.09878707 99.20954 202.0084 -160.6897
0.5695342 0.4053071 0.122957 96.00344 201.9091 -165.5294
0.5634307 0.3899262 0.1361406 91.53779 201.6954 -169.7203
0.5551299 0.3664887 0.1444414 84.63702 204.5351 -173.7813
0.5272979 0.293979 0.1075761 81.04924 208.8786 -178.0485
0.5194854 0.1721528 0.01407027 74.42329 212.7183 -178.0561
0.5216826 0.2239106 -0.07113481 62.55305 211.3519 -179.1859
0.5963897 0.3122895 -0.1055586 28.00344 214.0694 -175.8195
0.579544 0.07132275 -0.1424239 30.32405 219.0389 -180.7279
0.5590362 0.1269868 -0.2662032 24.33168 216.619 -186.3539
0.5522002 0.06351025 -0.3438399 31.14847 213.9244 -192.9951
0.5526885 0.07498486 -0.3746016 23.56069 208.5504 -195.7737
0.5241241 0.01590283 -0.4031661 22.9042 203.9015 -200.7813
0.4418487 -0.03243701 -0.4026778 14.91947 199.3137 -202.4836
0.4159698 -0.1508452 -0.4309981 7.385114 192.8633 -198.7432
0.4013213 -0.1923491 -0.4427168 4.67519 184.5351 -196.1935
0.409378 -0.2167632 -0.4346602 10.72863 176.6649 -197.4073
0.421585 -0.2196929 -0.3948653 19.29351 167.1305 -201.018
0.3942412 -0.1872222 -0.3714278 25.93473 158.7717 -203.6363
0.4318389 -0.2775542 -0.3621504 27.15611 151.9855 -203.8348
0.4484405 -0.2482573 -0.3240645 24.27824 143.0007 -205.5523
0.4301299 -0.3158843 -0.2801192 32.59122 135.3213 -210.079
0.4479522 -0.4120757 -0.2181075 32.24771 129.6038 -209.8577
0.4860381 -0.5339019 -0.1897871 38.25534 121.9015 -206.6592
0.5111846 -0.5461089 -0.1121504 48.88893 112.8481 -206.3615
0.5895537 -0.5434234 -0.02084184 54.27061 108.9855 -206.4836
0.6020049 -0.5851714 0.03116012 62.0416 105.9702 -206.3691
0.5941924 -0.6137359 0.07632613 71.08741 102.2679 -205.4302
0.6046905 -0.6149566 0.1285722 79.14848 100.2221 -204.8195
0.6117705 -0.5824859 0.1786211 84.9729 99.45875 -204.0943
0.62471 -0.5758941 0.1876543 87.65229 99.97783 -202.4378
0.6388701 -0.5617339 0.1852129 88.33168 100.9855 -200.8806
0.6591338 -0.5468413 0.1703203 89.36221 102.7183 -200.0561
0.6518096 -0.5483062 0.1468828 89.02634 105.5427 -199.4531
0.6234893 -0.5465972 0.08120894 90.66756 106.4282 -199.9416
0.59346 -0.5512359 0.01089644 88.82023 106.2374 -199.934
0.5822295 -0.5373199 -0.04159379 83.55305 106.9091 -198.7966
0.544876 -0.5351226 -0.109709 76.20191 105.1839 -197.4073
0.5424346 -0.4069488 -0.1451094 62.82786 100.3519 -196.3004
0.5563506 -0.5719878 -0.2605879 50.36221 105.5198 -196.6058
0.5224151 -0.4931304 -0.3355391 52.49962 93.40531 -194.8577
0.5460967 -0.5431792 -0.3379805 39.44618 91.56561 -195.079
0.5595244 -0.5961577 -0.3916914 38.87366 83.55798 -195.934
0.4591826 -0.9408843 -0.4151289 30.98817 74.77936 -182.5142
0.435501 -0.8669097 -0.4600508 1.629389 66.35188 -171.3004
0.4335479 -0.9721343 -0.4541914 -2.843893 57.60379 -162.0409
0.4272002 -1.048062 -0.4392989 -17.75992 51.93203 -150.6897
0.4435576 -1.099576 -0.4341719 -18.1416 43.73356 -142.9111
0.4376983 -1.142056 -0.4439375 -18.73702 33.19921 -133.3615
0.4269561 -1.097378 -0.4107344 -10.66832 22.44348 -127.0714
0.3771514 -0.9030425 -0.3169844 -16.24847 11.45111 -119.1935
0.3629912 -0.8117339 -0.2093184 -20.40878 4.275542 -113.7813
0.3893584 -0.7235991 -0.07699418 -19.47748 -0.5794199 -111.392
0.4142608 -0.6374175 0.02823043 -16.31717 -4.57942 -110.4531
0.4464873 -0.5387847 0.1144121 -12.68359 -7.701557 -111.0332
0.4760283 -0.4743316 0.1825273 -9.637787 -9.930565 -112.5981
0.6203155 -0.4540679 0.2589433 -2.958397 -12.43438 -117.3004
0.6295928 -0.5846831 0.310457 16.65992 -10.90766 -121.2088
0.6088408 -0.5675933 0.341707 14.74389 -13.54125 -120.6058
0.558792 -0.5607574 0.3951738 15.10267 -17.48018 -119.537
0.272415 -0.1635405 0.5204179 31.32405 75.45875 -28.73553
0.2848662 -0.1706206 0.4908769 31.71336 75.61142 -32.28515
0.2812041 -0.1735503 0.4740312 32.41565 74.51218 -35.09431
0.2885283 -0.1830718 0.4549882 28.65993 74.11523 -37.38438
0.2846221 -0.202603 0.4466875 26.54542 73.1534 -39.89583
0.2978057 -0.2206694 0.4525468 25.9729 71.51218 -42.23934
0.3097686 -0.2370269 0.4608476 24.65229 70.28317 -44.29278
