-0.8154062 0.2999741 1.435663 -12.30782 47.05481 -8.410596
-0.8095469 0.278978 1.408319 -11.6895 47.97847 -10.19686
-0.8188242 0.2914292 1.386835 -9.361252 46.16932 -11.29609
-0.8115 0.2877671 1.391718 -5.643695 44.86397 -13.78464
-0.8110117 0.2797104 1.366327 -1.239114 45.00901 -15.81518
-0.8344492 0.2811753 1.337519 3.325771 43.83344 -18.5709
-0.8278574 0.2916733 1.315546 7.096763 42.03954 -20.34189
-0.8261484 0.2999741 1.288935 8.654016 41.76473 -22.25792
-0.8234629 0.2987534 1.258905 10.27234 40.48229 -23.57854
-0.8278574 0.2985093 1.226435 10.57768 38.81054 -24.21976
-0.8398203 0.2809311 1.186884 10.82195 38.02428 -25.64724
-0.8498301 0.2811753 1.152216 10.1502 36.17695 -25.83044
-0.8683847 0.2655503 1.116571 8.722717 33.00901 -25.57854
-0.8644785 0.2404038 1.087519 7.860122 30.31435 -26.06708
-0.8820566 0.2347886 1.050897 8.1731 26.52809 -25.4335
-0.8898691 0.1998765 1.019159 9.272336 22.58916 -24.57854
-0.9218515 0.1752182 1.011103 10.74562 17.39069 -25.17395
-0.9098886 0.1766831 1.017206 11.3334 11.86397 -24.36479
-0.9106211 0.1881577 1.024042 10.93646 8.085343 -23.38006
-0.9081797 0.1925522 1.039911 10.00516 2.680763 -21.18159
-0.8947519 0.1901108 1.050897 8.753252 -1.082596 -20.01365
-0.8847422 0.1986557 1.087763 7.631114 -5.319237 -17.82281
-0.8710703 0.2101304 1.121454 6.852489 -8.586412 -16.73884
-0.8527597 0.219896 1.168573 7.554779 -11.3345 -16.07472
-0.8281015 0.2291733 1.220087 8.249435 -13.66275 -15.6396
-0.8168711 0.2469956 1.248896 8.875389 -15.70092 -15.36479
-0.7909922 0.2489487 1.296259 10.3334 -17.31924 -15.28846
-0.7695078 0.2657944 1.343378 11.07386 -17.91466 -15.10525
-0.7514414 0.2782456 1.389521 12.08913 -18.09786 -15.33426
-0.7353281 0.2916733 1.414911 12.57768 -17.73908 -15.39533
-0.7284922 0.2943589 1.424921 12.22653 -17.61695 -14.74647
-0.7157969 0.3055893 1.427606 11.69218 -17.02153 -14.95258
-0.7040781 0.3112046 1.453485 10.43264 -16.76962 -14.72357
-0.6977305 0.322435 1.473017 8.264703 -16.02916 -14.62434
-0.6994395 0.3160874 1.483026 6.142565 -15.60168 -14.18922
-0.6769785 0.3214585 1.505976 3.425008 -14.47191 -13.77701
-0.6642832 0.3236557 1.522089 0.5318779 -13.15893 -13.02892
-0.6584239 0.3158432 1.535028 -1.658962 -11.13603 -12.5938
-0.6642832 0.2960679 1.549433 -3.422321 -9.212366 -12.25029
-0.6716074 0.2989975 1.549433 -5.552092 -7.952825 -11.11289
-0.6757578 0.2765366 1.554315 -8.429955 -6.662748 -10.34953
-0.6647715 0.254564 1.557489 -10.69713 -5.632214 -9.471664
-0.6576914 0.2255112 1.562616 -12.31545 -4.433741 -8.639604
-0.653541 0.2169663 1.566523 -13.24675 -2.830687 -8.387695
-0.6503672 0.2069565 1.572626 -13.8727 -1.761985 -7.212121
-0.6481699 0.2003647 1.589716 -14.21621 -0.7772522 -6.418229
-0.6486582 0.192064 1.588007 -14.17805 0.8410683 -6.25029
-0.6440196 0.2001206 1.608271 -13.09408 2.37542 -6.242656
-0.6418223 0.1957261 1.609003 -11.43759 4.062443 -6.303725
-0.6369395 0.1901108 1.61413 -10.17805 5.871603 -6.540367
-0.6349864 0.192064 1.603632 -9.284916 7.894504 -6.631969
-0.6269297 0.1949936 1.586054 -7.39942 9.711297 -7.135787
-0.630836 0.1923081 1.57287 -5.872703 11.24565 -7.089984
-0.6410899 0.1957261 1.56872 -4.529191 13.26855 -7.563267
-0.6457285 0.20598 1.553095 -3.368886 14.6655 -7.990748
-0.00363867 0.8121811 2.718134 32.83722 -47.69328 44.85658
-0.03098242 0.6046616 2.546991 30.82195 36.59679 -39.17395
-0.04172461 0.5531479 2.561884 32.86012 40.23801 -43.64724
-0.03342383 0.5055405 2.560419 35.00516 44.03191 -47.777
-0.01316015 0.4601304 2.571405 38.44028 49.07771 -51.74647
-0.002417967 0.4279038 2.577997 42.22654 53.57389 -55.30372
0.01027735 0.42473 2.607538 45.35631 58.04718 -58.39533
0.05178125 0.4047104 2.614862 48.78379 63.5968 -61.87624
0.08889063 0.4149643 2.648066 49.93646 69.07008 -64.10525
0.1413809 0.436937 2.699579 46.02806 77.53572 -66.28082
0.2190176 0.4537827 2.724237 44.54715 90.61969 -66.32662
0.237084 0.447435 2.824823 45.94409 94.45939 -65.67777
0.230248 0.4659897 2.799677 45.54715 103.0548 -72.90678
0.2724844 0.5074936 2.882196 42.56241 113.4288 -76.5251
0.3218008 0.5612045 2.910517 39.02806 126.696 -77.42586
0.3559804 0.5485092 2.923212 32.66928 139.0777 -80.31136
0.4057851 0.5885483 2.932001 31.53951 151.4899 -82.5709
0.4433828 0.6356674 2.9508 29.62348 159.78 -86.40296
0.4909902 0.6903549 2.92663 27.14256 167.5052 -88.04418
0.6101308 0.8163315 2.846796 9.837221 206.9785 -100.403
0.6281972 0.832933 2.817743 6.157832 218.1235 -106.0671
0.6860586 0.822435 2.772577 6.127297 228.7647 -113.7083
0.7312246 0.8778549 2.75329 4.104397 240.9403 -120.8381
0.763207 0.8898178 2.714228 0.9211908 246.0243 -128.1969
0.8352285 0.8793198 2.683954 -0.712397 246.0243 -136.0366
0.8969961 0.8859116 2.649286 -1.781099 246.0243 -144.0824
0.9978262 0.8795639 2.6029 -3.781099 246.0243 -151.9297
1.085961 0.8824936 2.531366 -6.42232 246.0243 -159.5862
1.167748 0.8973862 2.434687 -11.07881 246.0243 -166.2121
1.207299 0.9081284 2.344843 -18.24675 246.0243 -172.5785
1.25515 0.9232651 2.228388 -27.52156 246.0243 -178.4411
1.320824 0.9340073 2.091425 -39.16278 246.0243 -183.9144
1.403588 0.895433 1.890009 -44.93377 246.0243 -190.0137
1.400902 0.8986069 1.819208 -59.81163 246.0243 -192.0595
1.517357 0.7528549 1.614618 -60.57499 246.0243 -197.9678
1.517602 0.7826401 1.43371 -63.04827 246.0243 -201.9831
1.608178 0.5358139 1.21081 -54.97194 246.0243 -217.8992
1.4656 0.7711655 1.272577 -48.55972 246.0243 -226.4335
1.439965 0.6166245 1.196649 -54.9414 246.0243 -227.3495
1.387963 0.5243393 1.020136 -45.33835 246.0243 -232.0747
1.43142 0.4923569 0.7720889 -17.45285 246.0243 -241.319
1.396996 0.4779526 0.6827334 -22.8956 246.0243 -248.5709
1.594506 0.5399643 0.3931826 -17.68186 246.0243 -248.5709
1.402123 0.3771225 0.2606143 -15.35362 246.0243 -248.5709
1.306908 0.3173081 0.2232608 -7.086443 246.0243 -248.5709
1.352074 0.2155015 -0.06165135 -7.269649 246.0243 -248.5709
1.507348 0.3282944 -0.06165135 -84.50629 246.0243 -248.5709
1.391137 0.06681982 -0.01135838 -113.3155 246.0243 -248.5709
1.338647 -0.06281886 0.3001651 -122.2849 246.0243 -248.5709
1.449975 -0.1675552 0.3428897 -128.1628 246.0243 -248.5709
1.522484 -0.2613052 0.5023135 -135.0559 246.0243 -248.5709
1.583764 -0.3938735 0.6221866 -138.1552 246.0243 -248.5709
1.701928 -0.5418228 0.6717471 -133.6742 246.0243 -248.5709
1.758568 -0.5745377 0.8072452 -126.3613 246.0243 -248.5709
1.814232 -0.4993423 0.8751163 -131.2162 246.0243 -248.5709
1.640648 -0.7290787 1.137079 -111.5368 246.0243 -236.6854
1.798607 -0.6646255 0.961542 -102.659 246.0243 -230.4793
1.870629 -0.6890396 0.8072452 -104.0712 246.0243 -222.0518
1.876732 -0.6978287 0.687128 -90.79636 246.0243 -218.5022
1.818139 -0.6297134 0.609003 -83.17041 246.0243 -215.1816
1.765893 -0.5657486 0.4466495 -81.94904 246.0243 -212.1205
1.622826 -0.5354752 0.2630557 -82.8727 246.0243 -208.1663
1.396508 -0.5574478 -0.04138768 -80.76583 246.0243 -203.5556
1.288109 -0.516188 0.0216006 -89.64369 246.0243 -183.2121
1.201439 -0.5049576 -0.06165135 -98.97957 246.0243 -175.0747
1.107689 -0.6719498 -0.06165135 -102.346 246.0243 -171.09
1.082299 -0.8579849 -0.06165135 -87.15514 246.0243 -171.5785
0.9255606 -0.6919693 -0.06165135 -94.81927 246.0243 -160.1282
0.8796621 -0.7671646 -0.06165135 -92.55972 246.0243 -151.9449
0.8593985 -0.8174576 -0.06165135 -98.34599 246.0243 -143.2274
0.7807851 -0.8330826 -0.06165135 -95.55209 246.0243 -135.3419
0.8261953 -0.8411392 -0.06165135 -84.56736 246.0243 -128.5098
0.8596426 -0.81819 -0.06165135 -75.52155 246.0243 -124.3495
0.9533926 -0.7749771 -0.06165135 -61.42232 246.0243 -121.4182
1.042748 -0.7007584 -0.06165135 -46.17041 246.0243 -121.3877
1.132348 -0.6089615 -0.06165135 -32.01774 246.0243 -122.1816
1.178246 -0.5266861 0.04870021 -15.6895 246.0243 -125.9297
1.203148 -0.4795669 0.1141299 1.165466 246.0243 -130.7007
1.24392 -0.4395278 0.1392764 16.97463 246.0243 -136.4259
1.265648 -0.3919204 0.1570987 30.0815 246.0243 -141.7617
1.254174 -0.3101333 0.150751 37.50898 246.0243 -146.7465
1.225365 -0.3201431 0.1082705 41.79142 246.0243 -150.4946
1.146264 -0.3496841 0.0438174 45.65401 246.0243 -153.5022
1.071068 -0.3843521 -0.00720799 43.99753 246.0243 -153.4793
0.9778067 -0.4575943 -0.06165135 41.3334 246.0243 -151.632
0.9214102 -0.4925064 -0.06165135 34.86776 246.0243 -147.4488
0.8357168 -0.5496353 -0.06165135 28.39447 246.0243 -141.5556
0.7571035 -0.582106 -0.06165135 20.87539 239.8563 -135.2121
0.6684804 -0.6262955 -0.06165135 13.44027 230.4747 -127.3648
0.6345449 -0.6555923 -0.06165135 8.440275 220.9937 -120.1358
-0.5304942 -0.001783699 1.631464 3.028061 12.10824 17.35276
-0.5561289 0.01555029 1.612909 1.928824 15.63496 13.39856
-0.6008067 0.02116552 1.602411 1.150198 13.71893 13.76498
-0.5854258 0.00163427 1.570429 0.9593588 12.39832 13.30696
-0.5846934 -0.008131355 1.540888 1.829588 14.37542 9.711542
