-0.06083691 -0.4433257 0.5443437 -8.362977 1.535084 19.82936
-0.05961621 -0.4396636 0.5409257 -8.332443 1.794626 19.72249
-0.06718457 -0.4447906 0.5426347 -7.83626 1.985466 19.60798
-0.06181347 -0.443814 0.5372636 -7.614886 1.756458 19.56982
-0.06889355 -0.4396636 0.5384843 -7.294275 2.145771 19.65379
-0.05912793 -0.4460113 0.5460527 -7.13397 2.145771 19.49348
-0.06059277 -0.4450347 0.5360429 -6.813359 2.168672 19.24921
-0.05863965 -0.4413726 0.5333574 -6.675954 1.962565 19.58508
-0.0703584 -0.4447906 0.5321367 -6.668321 2.000733 19.59272
-0.0571748 -0.4430816 0.5357988 -6.721756 1.970199 19.50875
-0.06547558 -0.4381988 0.5401933 -7.088168 2.077069 19.45531
-0.06303418 -0.4482085 0.5362871 -7.011832 2.077069 19.47821
-0.06767285 -0.4450347 0.5265214 -6.714122 1.985466 19.30264
-0.05790722 -0.4518706 0.5362871 -7.24084 1.710656 19.38661
-0.05986035 -0.4452788 0.5323808 -7.64542 1.932031 19.56982
-0.05668652 -0.4491851 0.5336015 -7.446947 1.779359 19.73775
-0.05961621 -0.4430816 0.539705 -7.095802 1.985466 19.35608
-0.06010449 -0.4423491 0.5392168 -7.408779 2.092336 19.49348
-0.05937207 -0.440396 0.5299394 -7.286641 2.138137 19.19577
-0.05961621 -0.4452788 0.5321367 -7.515649 1.893863 19.43241
-0.06718457 -0.443814 0.5428789 -7.362977 1.932031 19.65379
-0.06352246 -0.4508941 0.5345781 -6.996565 2.069435 19.40188
-0.0637666 -0.4513824 0.532625 -7.217939 2.20684 19.54692
-0.06767285 -0.4528472 0.5314043 -7.729389 1.947298 19.66905
-0.05863965 -0.4477202 0.5340898 -7.904962 1.840427 19.56218
-0.06059277 -0.4372222 0.5370195 -7.462214 2.054168 19.51638
-0.06987011 -0.447232 0.529207 -7.45458 1.893863 19.40188
-0.06132519 -0.4494292 0.5331132 -7.958397 1.794626 19.66905
-0.06742871 -0.4435699 0.5379961 -8.340076 1.367145 20.21867
-0.06401074 -0.4379546 0.5357988 -8.133969 1.848061 19.75302
-0.05937207 -0.4355132 0.529207 -7.897328 1.649588 19.66142
-0.06987011 -0.4508941 0.5377519 -8.172137 1.619053 20.066
-0.06010449 -0.4508941 0.5331132 -8.500381 1.451114 19.82936
-0.06230175 -0.4430816 0.5421464 -8.492748 1.443481 19.89043
-0.06108105 -0.4460113 0.5421464 -8.118702 1.779359 19.73012
-0.06352246 -0.4494292 0.5377519 -8.057633 1.428214 19.66905
-0.06034863 -0.4374663 0.5353105 -7.94313 1.397679 19.76066
-0.05912793 -0.4435699 0.532625 -8.088168 1.710656 19.72249
-0.06523144 -0.438687 0.5357988 -8.0271 1.741191 19.91333
-0.06034863 -0.4452788 0.5384843 -8.034733 1.764091 19.73775
-0.05522168 -0.4496734 0.5370195 -7.591985 1.489282 19.67669
-0.05766308 -0.4416167 0.5345781 -7.508016 1.703023 19.65379
-0.05741894 -0.4362456 0.5277421 -7.401145 1.786992 19.37898
-0.06596386 -0.4460113 0.5336015 -7.553817 1.519817 19.68432
-0.06279004 -0.4440581 0.5289629 -7.45458 1.733557 19.60798
-0.05790722 -0.4430816 0.532625 -7.15687 1.710656 19.42478
-0.06059277 -0.4482085 0.5357988 -7.034733 2.054168 19.55455
-0.06034863 -0.442105 0.5389726 -7.370611 1.649588 19.54692
-0.0625459 -0.443814 0.5372636 -7.370611 1.771725 19.48585
-0.06083691 -0.4342925 0.5440996 -7.141603 1.71829 19.38661
-0.06791699 -0.4430816 0.5370195 -7.141603 1.840427 19.40951
-0.06987011 -0.4408843 0.5299394 -7.530916 1.993099 19.58508
-0.06449902 -0.445523 0.5323808 -7.523283 1.962565 19.63852
-0.06230175 -0.445523 0.5372636 -7.546184 1.90913 19.47058
-0.05961621 -0.442105 0.5433671 -7.584351 1.588519 19.49348
-0.06425488 -0.4428374 0.5345781 -7.515649 1.733557 19.56982
-0.06059277 -0.4479644 0.5362871 -7.882061 1.771725 19.88279
-0.06034863 -0.4379546 0.5338457 -8.469848 2.023633 20.05073
-0.06059277 -0.4440581 0.530916 -8.744657 1.848061 20.00493
-0.06059277 -0.4428374 0.5470293 -8.576717 1.855695 19.87516
-0.05888379 -0.4486968 0.5379961 -8.500381 1.985466 19.76829
-0.06156933 -0.4430816 0.5296953 -8.393512 1.855695 19.75302
-0.06279004 -0.4413726 0.5377519 -8.279008 1.588519 19.86753
-0.06547558 -0.4433257 0.5348222 -8.546184 1.764091 19.96676
-0.06840527 -0.4418609 0.5419023 -8.019465 1.542717 19.79119
-0.06401074 -0.4389312 0.5389726 -7.706489 1.672488 19.58508
-0.06156933 -0.4447906 0.5389726 -8.111069 1.428214 19.62325
-0.06474316 -0.4423491 0.5362871 -8.118702 1.664855 19.90569
-0.06181347 -0.4425933 0.5355546 -7.813359 1.832794 19.63852
-0.05790722 -0.4418609 0.5367754 -7.508016 1.939664 19.83699
-0.06132519 -0.4457671 0.5443437 -7.798092 1.779359 19.66142
-0.06181347 -0.4396636 0.5399492 -8.0271 1.756458 19.73012
-0.06279004 -0.4384429 0.5377519 -7.721756 1.61142 19.75302
-0.05790722 -0.4457671 0.5355546 -7.569084 1.573252 19.88279
-0.06474316 -0.4467437 0.5443437 -7.469848 1.641954 19.65379
-0.06352246 -0.4513824 0.5350664 -7.515649 1.756458 19.61562
-0.06571972 -0.4469878 0.5453203 -7.576718 1.687756 19.51638
-0.06523144 -0.4511382 0.539705 -7.584351 1.855695 19.80646
-0.06108105 -0.4391753 0.5328691 -7.996565 1.916763 19.84463
-0.06303418 -0.4469878 0.5301836 -7.904962 1.947298 19.80646
-0.0637666 -0.443814 0.5426347 -8.05 2.023633 19.82173
-0.06083691 -0.4357574 0.5353105 -7.958397 1.863328 19.60798
-0.06352246 -0.4433257 0.5392168 -8.172137 2.016 19.78356
-0.06474316 -0.447232 0.5272539 -8.179771 1.878595 19.78356
-0.06425488 -0.4445464 0.5440996 -7.988932 2.000733 19.52402
-0.06205761 -0.4513824 0.5372636 -7.607252 1.947298 19.43241
-0.0637666 -0.4443023 0.5340898 -7.958397 1.832794 19.76829
-0.05961621 -0.4467437 0.5350664 -8.141603 1.756458 20.01257
-0.05863965 -0.4389312 0.5416582 -8.279008 1.993099 19.79119
-0.06767285 -0.4384429 0.5267656 -7.996565 2.016 19.64615
-0.05961621 -0.4506499 0.5392168 -7.546184 1.786992 19.51638
-0.06401074 -0.4457671 0.5304277 -7.805725 1.848061 19.65379
-0.06181347 -0.4423491 0.5443437 -7.927863 1.802259 19.56982
-0.06083691 -0.4447906 0.5382402 -7.828626 1.916763 19.73775
-0.05888379 -0.4511382 0.5353105 -7.53855 1.725924 19.49348
-0.06303418 -0.4445464 0.5228593 -7.691222 1.756458 19.45531
-0.0625459 -0.4406402 0.5348222 -7.775191 1.687756 19.80646
-0.05986035 -0.4384429 0.5331132 -7.591985 1.71829 19.63089
-0.0637666 -0.4435699 0.5387285 -7.607252 1.733557 19.44005
-0.06645215 -0.4411284 0.5401933 -7.691222 1.672488 19.81409
-0.0625459 -0.4474761 0.5502031 -7.591985 1.939664 19.58508
-0.05888379 -0.4479644 0.5345781 -7.75229 1.687756 19.45531
-0.05619824 -0.4464995 0.5387285 -7.912596 1.733557 19.69959
-0.07060254 -0.4408843 0.5428789 -8.233206 2.176305 19.79119
-0.0625459 -0.4433257 0.5360429 -7.462214 1.771725 19.70722
-0.05863965 -0.445523 0.5370195 -7.355344 1.893863 19.40951
-0.06010449 -0.4413726 0.5419023 -7.553817 1.870962 19.55455
-0.06767285 -0.4428374 0.5367754 -7.782825 1.832794 19.73012
-0.06327832 -0.442105 0.5421464 -7.882061 1.817527 19.70722
-0.0649873 -0.4423491 0.5362871 -7.622519 1.748824 19.47821
-0.06840527 -0.442105 0.5348222 -7.706489 1.832794 19.63089
-0.05912793 -0.4477202 0.532625 -7.599618 1.802259 19.60035
-0.0625459 -0.4513824 0.5404375 -7.805725 1.916763 19.51638
-0.0625459 -0.4457671 0.5387285 -7.523283 1.619053 19.79119
-0.06571972 -0.4501616 0.5323808 -7.485115 1.680122 19.69959
-0.05961621 -0.4499175 0.5406816 -7.584351 1.886229 19.63852
-0.05961621 -0.4433257 0.5399492 -7.935496 1.756458 19.64615
-0.0547334 -0.4391753 0.5289629 -7.813359 1.664855 19.79119
-0.05912793 -0.4413726 0.5394609 -7.904962 1.840427 19.56218
-0.05644238 -0.4406402 0.5357988 -7.828626 2.084702 19.55455
-0.06474316 -0.4433257 0.5270097 -7.935496 1.825161 19.68432
-0.05424511 -0.440396 0.5477617 -7.874428 1.985466 19.56982
-0.05570996 -0.4467437 0.5377519 -7.599618 1.649588 19.69959
-0.06279004 -0.4479644 0.5409257 -8.111069 1.848061 19.71486
-0.06230175 -0.4394195 0.5282304 -8.011832 1.932031 19.70722
-0.05815136 -0.4418609 0.5419023 -8.34771 2.046535 19.9744
-0.06596386 -0.4389312 0.5360429 -8.202672 1.90913 19.89806
-0.06083691 -0.4440581 0.5377519 -8.141603 1.779359 19.84463
-0.06010449 -0.445523 0.5318925 -8.141603 1.725924 19.92096
-0.05693066 -0.4479644 0.5494707 -8.05 1.825161 19.79119
-0.06083691 -0.4462554 0.5379961 -7.966031 1.695389 19.85226
-0.06083691 -0.443814 0.5377519 -7.996565 1.756458 19.85989
-0.05815136 -0.4430816 0.5367754 -8.133969 1.710656 19.85226
-0.06352246 -0.4381988 0.5480058 -7.866794 1.756458 19.87516
-0.06523144 -0.4474761 0.5333574 -7.515649 1.809893 19.57745
-0.05693066 -0.4447906 0.5243242 -7.767557 1.489282 19.59272
-0.06547558 -0.4340484 0.5350664 -7.889695 1.481649 19.85989
-0.06010449 -0.442105 0.5365312 -7.492748 1.657221 19.54692
-0.06059277 -0.443814 0.5416582 -7.546184 1.725924 19.59272
-0.06474316 -0.4486968 0.5301836 -7.729389 1.580885 19.68432
-0.06205761 -0.4457671 0.5365312 -7.843893 1.794626 19.75302
-0.05741894 -0.4447906 0.5440996 -7.637786 1.764091 19.59272
-0.06181347 -0.4477202 0.5345781 -7.294275 1.840427 19.40951
-0.06010449 -0.4440581 0.5277421 -8.111069 1.825161 19.69195
-0.06230175 -0.4423491 0.5270097 -8.45458 1.878595 19.87516
-0.05448925 -0.4399077 0.5462968 -7.820992 1.90913 19.61562
-0.05668652 -0.4425933 0.5462968 -7.408779 1.672488 19.63089
-0.06962597 -0.4457671 0.5318925 -7.622519 1.695389 19.50875
-0.0637666 -0.445523 0.541414 -7.94313 1.542717 19.67669
-0.06083691 -0.4381988 0.5467851 -7.851527 1.725924 19.84463
