0.09565723 -0.3581206 0.4613359 5.637022 -2.335145 13.18814
0.1205596 -0.3727691 0.4967363 -0.1797709 2.153405 12.82936
0.06562793 -0.431607 0.499666 -1.324809 1.588519 14.89806
0.03266895 -0.4020659 0.4935625 -11.26374 3.932031 18.23394
0.05512989 -0.4164702 0.4432695 -16.88206 3.535084 21.08127
0.07978809 -0.4255034 0.4134843 -19.47748 1.405313 23.51638
0.08003223 -0.3554351 0.433748 -15.42405 0.7488244 21.73012
0.06513965 -0.3771636 0.4767168 -12.39351 0.4511144 20.25684
0.07856739 -0.407437 0.5199296 -14.98893 0.6495879 21.56982
0.08711231 -0.3835113 0.5382402 -16.1187 2.161038 22.05837
0.08906544 -0.3581206 0.5277421 -13.64542 2.901496 20.81409
0.08320606 -0.3793609 0.5052812 -9.309542 1.557985 19.66142
0.08052052 -0.4008452 0.5050371 -7.057634 1.649588 19.66142
0.08467091 -0.3808257 0.4964921 -3.94313 2.183939 19.1118
0.08247364 -0.3774077 0.4830644 -0.3400764 1.733557 18.23394
0.0822295 -0.3954741 0.4825761 -0.5003819 2.115237 18.32554
0.07270801 -0.3866851 0.4901445 -2.866794 2.016 18.88279
0.08052052 -0.3783843 0.480623 -4.599618 1.863328 19.11943
0.07881153 -0.3839995 0.4464433 -11.36298 1.451114 20.29501
0.0810088 -0.3818023 0.4691484 -9.752291 -0.113771 19.93623
0.09297169 -0.3949859 0.5055254 -9.378244 1.20684 19.98966
0.09516895 -0.3798491 0.5167558 -8.439313 2.603786 20.00493
0.0810088 -0.3732574 0.5008867 -5.523283 2.31371 19.05837
0.0822295 -0.3839995 0.4918535 -4.45458 1.954931 19.1347
0.08198536 -0.4001128 0.4767168 -5.080534 1.916763 19.36371
0.08491505 -0.3749663 0.4803789 -5.477481 2.000733 19.34081
0.08052052 -0.3835113 0.4732988 -6.378244 2.145771 19.34081
0.08076466 -0.3925445 0.4686601 -8.85916 1.916763 20.12707
0.07832325 -0.3837554 0.4742754 -10.75992 1.687756 20.57745
0.08003223 -0.3808257 0.4794023 -11.1416 1.267908 20.53165
0.08198536 -0.3866851 0.4862382 -10.9355 1.382412 20.30264
0.09053028 -0.3837554 0.5028398 -9.882061 1.733557 20.26447
0.08296192 -0.3827788 0.501375 -8.118702 2.321343 19.82173
0.08979786 -0.3866851 0.5025957 -6.790458 2.733557 19.72249
0.08271778 -0.3791167 0.4759843 -5.500382 2.42058 19.53928
0.07099903 -0.3825347 0.4842851 -4.43168 1.687756 19.54692
0.0822295 -0.381314 0.4889238 -5.882061 2.214473 19.40188
0.08589161 -0.3920562 0.4686601 -7.882061 2.328977 20.02783
0.07783496 -0.3820464 0.4735429 -9.202672 1.779359 20.1576
0.07929981 -0.3776519 0.4874589 -9.095801 1.038901 19.92096
0.08125294 -0.3910796 0.4874589 -10.37824 1.649588 20.17287
0.08784473 -0.3898589 0.4894121 -10.63779 1.703023 20.31791
0.07881153 -0.376187 0.4886796 -8.866794 1.771725 19.47821
0.08174122 -0.3891265 0.4908769 -7.43168 1.748824 19.40188
0.08589161 -0.3820464 0.4930742 -6.408779 1.771725 19.66142
0.08198536 -0.3783843 0.4925859 -5.172137 2.069435 19.00493
0.09077442 -0.3786284 0.4938066 -4.698855 2.321343 18.79119
0.07368457 -0.3879058 0.4759843 -6.714122 2.405313 19.46295
0.0756377 -0.3869292 0.4703691 -8.24084 2.183939 19.60798
0.07734668 -0.3805816 0.463289 -8.94313 1.397679 19.72249
0.08320606 -0.3910796 0.4852617 -10.56145 1.993099 20.10417
0.09223927 -0.381314 0.482332 -9.217939 1.168672 20.20341
0.0888213 -0.3857085 0.5003984 -6.607252 1.275542 19.40188
0.08686817 -0.3937652 0.5145586 -5.408779 1.848061 19.58508
0.08686817 -0.3686187 0.4825761 -5.874428 3.985466 19.27974
0.07295215 -0.3898589 0.4654863 -5.485115 2.130504 19.30264
0.07173145 -0.3832671 0.4640214 -6.065268 0.6419542 19.35608
0.08808887 -0.3876616 0.4894121 -7.83626 2.107603 19.59272
0.09175098 -0.3883941 0.4835527 -10.59198 3.038901 20.11943
0.06465137 -0.3876616 0.4654863 -11.48512 1.893863 20.24157
0.06953418 -0.3937652 0.4801347 -12.69122 1.084702 20.94386
0.08003223 -0.3837554 0.4852617 -12.42405 1.038901 20.63089
0.09443653 -0.3837554 0.5077226 -11.36298 2.168672 20.32554
0.09297169 -0.3805816 0.4938066 -9.294275 2.565619 19.94386
0.08027637 -0.3820464 0.497957 -7.126336 1.50455 19.58508
0.08052052 -0.3940093 0.5035722 -6.202672 1.61142 19.47821
0.08833302 -0.3835113 0.5057695 -5.523283 2.481649 19.066
0.09150684 -0.3766753 0.4808671 -5.393512 2.603786 18.96676
0.07319629 -0.3942534 0.4877031 -7.263741 2.512183 19.84463
0.07197559 -0.3883941 0.4713457 -8.370611 2.046535 20.29501
0.08467091 -0.3774077 0.4708574 -8.15687 1.794626 20.10417
0.0768584 -0.3896148 0.4830644 -8.233206 1.764091 19.87516
0.07417285 -0.3835113 0.4864824 -8.515649 1.893863 19.88279
0.08613575 -0.381314 0.4889238 -8.508016 1.947298 19.9744
0.08735645 -0.3852202 0.4991777 -8.362977 1.557985 19.82936
0.08467091 -0.3832671 0.4825761 -8.019465 2.092336 19.84463
0.07929981 -0.3869292 0.4884355 -7.767557 1.985466 19.76829
0.074417 -0.3932769 0.4825761 -7.43168 1.748824 19.77592
0.07637012 -0.3905913 0.4808671 -7.370611 1.336611 19.69195
0.07856739 -0.381314 0.4899004 -7.820992 1.626687 19.69959
0.08760059 -0.3864409 0.4952714 -8.15687 2.199206 19.68432
0.07710254 -0.3803374 0.4916093 -8.057633 1.932031 19.83699
0.074417 -0.3874175 0.4879472 -8.210305 1.550351 19.77592
0.08003223 -0.3832671 0.4791582 -8.080534 1.588519 19.87516
0.07734668 -0.3849761 0.4833086 -7.988932 1.802259 19.68432
0.08149708 -0.3888824 0.4825761 -7.553817 1.802259 19.81409
0.07539356 -0.3837554 0.4906328 -7.64542 1.474015 19.63852
0.0780791 -0.3835113 0.4825761 -7.668321 1.687756 19.82936
0.08052052 -0.3888824 0.4908769 -7.729389 1.641954 19.56982
0.07881153 -0.3886382 0.4818437 -8.004199 1.932031 19.83699
0.08198536 -0.3837554 0.4794023 -8.042367 1.870962 19.73775
0.0822295 -0.3832671 0.484041 -7.706489 1.596153 19.48585
0.08442677 -0.3783843 0.4850175 -7.782825 1.580885 19.79882
0.08149708 -0.3805816 0.4923418 -7.83626 1.741191 19.65379
0.0780791 -0.3903472 0.4879472 -7.920229 1.863328 19.66905
0.08003223 -0.3832671 0.4874589 -7.790458 1.916763 19.40951
0.08955372 -0.3861968 0.4918535 -7.729389 2.000733 19.42478
0.07539356 -0.3886382 0.4884355 -7.737023 1.855695 19.62325
0.08027637 -0.3891265 0.4811113 -7.798092 1.893863 19.69195
0.07856739 -0.3825347 0.4825761 -7.920229 1.916763 19.58508
0.08589161 -0.3822906 0.4784257 -8.080534 1.794626 19.62325
0.08613575 -0.3901031 0.4894121 -8.004199 1.993099 19.53165
0.08686817 -0.381314 0.49283 -8.332443 1.924397 19.63089
0.08149708 -0.3842437 0.4845293 -8.004199 2.077069 19.73012
0.08491505 -0.3864409 0.4808671 -7.805725 2.061801 19.66142
0.08637989 -0.3854644 0.4833086 -7.637786 1.710656 19.90569
0.07954395 -0.3842437 0.4930742 -7.85916 1.626687 19.9515
0.08149708 -0.3879058 0.4908769 -7.729389 1.771725 19.81409
0.0834502 -0.3820464 0.4845293 -7.966031 1.748824 19.73775
0.08418262 -0.3886382 0.4869707 -8.118702 1.802259 19.74539
0.08637989 -0.3866851 0.4899004 -7.83626 1.771725 19.60798
0.0822295 -0.3793609 0.4825761 -7.996565 1.848061 19.52402
0.07368457 -0.3852202 0.4872148 -7.767557 1.90913 19.49348
0.08247364 -0.3410308 0.4820879 -6.385878 -1.167206 17.89806
0.07759082 -0.4347808 0.5211504 -10.14924 1.573252 19.74539
0.07392871 -0.3512847 0.4923418 -9.45458 0.7793589 19.22631
0.09272755 -0.3883941 0.4757402 -9.362977 4.046535 19.85989
0.06391895 -0.414273 0.4440019 -8.393512 2.893863 19.70722
0.06147754 -0.3420074 0.4513261 -3.950764 -1.029801 18.34844
0.08296192 -0.4350249 0.5128496 -3.210305 -0.6939237 19.34844
0.1120147 -0.3576324 0.5350664 -7.904962 3.397679 20.14234
0.08686817 -0.3644683 0.4977129 -5.126336 4.466382 19.21104
0.04780567 -0.4030425 0.4647539 -6.248473 2.405313 19.27974
0.0768584 -0.3808257 0.4579179 -7.446947 -0.1901069 20.29501
0.09761036 -0.3698394 0.4879472 -6.85916 -0.113771 19.34081
0.07661426 -0.3810699 0.5253007 -7.141603 2.107603 18.9515
0.1176299 -0.4096343 0.4591386 -9.85916 4.924397 19.69195
0.1115264 -0.3808257 0.4698808 -10.08053 -1.945832 20.17287
0.1044463 -0.3949859 0.5038164 -12.24847 0.4511144 20.26447
0.07344043 -0.3727691 0.5006425 -12.79046 2.099969 20.066
0.06733692 -0.4037749 0.4786699 -12.84389 2.794626 20.69195
0.06587207 -0.3852202 0.4664629 -15.14924 1.680122 21.24921
0.07221973 -0.3666656 0.484041 -14.28664 0.6572213 20.94386
0.05659473 -0.3971831 0.4879472 -14.9126 1.825161 21.34844
0.07295215 -0.3842437 0.4911211 -15.64542 2.573252 20.92096
0.09809864 -0.3839995 0.4803789 -13.43168 2.687756 20.34844
0.09223927 -0.376187 0.4818437 -12.38588 1.328977 20.21867
0.1129912 -0.3876616 0.4994218 -10.59198 0.9625649 20.31791
0.09199512 -0.4030425 0.5143144 -6.179771 1.458748 20.11943
0.07417285 -0.3510406 0.5079668 -3.080534 3.512183 18.69195
0.06318653 -0.3886382 0.4899004 -4.85916 3.092336 18.78356
0.07954395 -0.3993804 0.4603593 -11.75229 1.725924 20.38661
0.07832325 -0.3756988 0.4693925 -13.86679 1.664855 21.0889
0.07783496 -0.3781402 0.464998 -10.04237 2.077069 20.19577
0.08637989 -0.3786284 0.4764726 -6.813359 1.741191 19.34844
0.07929981 -0.3886382 0.499666 -5.385878 0.3595114 20.09653
0.09468067 -0.3749663 0.530916 -3.828626 0.9625649 19.19577
0.1029814 -0.3910796 0.5314043 1.67519 3.183939 18.38661
0.08418262 -0.3925445 0.4991777 -1.469848 5.183939 18.55455
0.06880176 -0.4008452 0.4732988 -0.3782444 3.183939 19.48585
