1.045364 -0.3266265 0.9322832 -18.37061 47.73356 11.27974
1.057083 -0.3200347 0.9071367 -18.25611 46.62669 14.34844
1.06929 -0.3117339 0.8880938 -18.53092 45.09997 16.85226
1.098099 -0.2985503 0.8739336 -18.11107 41.93967 19.93623
1.109817 -0.2860991 0.8773516 -19.85153 43.08471 22.11943
1.118606 -0.2677886 0.857332 -20.30191 39.26028 25.11943
1.125931 -0.2834136 0.8482988 -20.79046 36.60379 27.50875
1.123733 -0.2633941 0.8561113 -22.56145 35.04654 29.66142
1.129837 -0.2594878 0.8378008 -23.01947 32.88623 32.09653
1.13594 -0.2555816 0.8409746 -25.03473 31.20684 34.63852
1.128372 -0.2541167 0.8553789 -26.66069 29.18394 37.34081
1.120071 -0.2570464 0.8519609 -28.33244 27.30608 39.69958
1.126663 -0.2621734 0.8639238 -29.01183 25.48165 41.69958
1.113235 -0.2690093 0.8700274 -28.79809 23.75646 43.9744
1.106644 -0.2738921 0.8775957 -27.79046 22.58852 46.01257
1.108841 -0.2792632 0.8873613 -26.72176 21.33661 48.44768
1.106888 -0.2795074 0.8978594 -25.53092 20.22211 50.76829
1.101761 -0.2821929 0.892 -24.92023 18.71829 53.9286
1.088821 -0.2643706 0.9068926 -25.08817 17.44348 56.63088
1.085403 -0.266812 0.9156816 -24.50801 16.44348 59.14997
1.16304 -0.0732085 1.030672 -34.56908 7.512184 3.966763
1.128616 -0.1300933 1.023348 7.140839 2.115237 -7.55232
1.138382 -0.1300933 1.018709 5.896565 1.817527 -6.239344
1.139358 -0.1318022 1.029939 3.308778 2.138137 -4.796595
1.150833 -0.1247222 1.018465 0.7209921 2.229741 -3.017969
1.157669 -0.1425444 1.006502 -2.401145 1.703023 -1.361481
1.165481 -0.1405913 0.9989336 -5.759924 1.20684 0.0812664
1.182083 -0.1388823 0.9850176 -9.126336 0.6419542 1.783558
1.207229 -0.1430327 0.98575 -12.69885 -0.03743505 2.989664
1.222122 -0.1493804 0.9725664 -16.32481 -0.3122443 4.36371
1.242874 -0.1537749 0.9806231 -18.37824 -0.816061 5.066
1.258743 -0.1491362 0.9801348 -19.52328 -1.739725 5.524015
1.26387 -0.1547515 0.9747637 -20.1645 -1.991634 5.333176
1.266067 -0.1552397 0.9779375 -20.69122 -2.197741 5.088902
1.272171 -0.1523101 0.9794024 -20.70649 -2.380947 4.630886
1.258743 -0.1786772 0.9725664 -21.73702 -2.663389 5.043098
1.239944 -0.1828276 0.9835527 -20.15687 -2.426748 5.073633
1.243851 -0.1889312 0.9837969 -10.1645 -3.49545 2.424778
1.229446 -0.1935698 1.006258 -7.622519 -2.609954 0.5316486
1.271683 -0.1618315 1.000154 -2.973664 -1.816061 0.05836678
1.244095 -0.1752593 1.008455 0.1255722 -0.4725495 -1.308046
1.236282 -0.1650054 0.9994219 2.033969 -0.06796956 -2.80423
1.224563 -0.1745269 0.9974688 2.598855 0.4129465 -3.850031
1.218216 -0.1791655 1.012117 3.346946 0.8938625 -4.575222
1.209915 -0.1825835 1.011141 4.003435 1.756458 -5.460718
1.184769 -0.1835601 1.030428 6.087405 4.443481 -7.033237
1.171341 -0.1994292 1.019686 6.720993 5.626687 -7.277512
1.161087 -0.2006499 1.025301 7.308778 6.809893 -7.330946
1.16304 -0.2079741 1.017488 8.362213 7.565618 -7.80423
1.160599 -0.2116362 1.022859 9.568321 8.321344 -7.720259
1.160354 -0.2270171 1.020662 11.73626 8.634321 -7.773695
1.143997 -0.2177397 1.028719 14.41565 9.298443 -7.934
1.144485 -0.225064 1.037019 17.17138 10.11524 -8.010336
1.135452 -0.2218901 1.033846 18.93473 10.83279 -7.361481
1.130081 -0.2318999 1.043367 21.12557 11.82516 -7.086672
1.12178 -0.2277495 1.03116 22.8813 11.88623 -6.811863
1.11055 -0.2340972 1.050447 24.30878 12.43585 -6.140106
1.108353 -0.2292144 1.050203 25.16374 13.38241 -5.788961
1.102981 -0.2255522 1.049227 25.21718 13.74883 -5.109573
1.097366 -0.2240874 1.06534 24.23244 15.19921 -4.376747
1.088577 -0.2326323 1.066072 22.72863 16.56562 -3.269878
1.080276 -0.2331206 1.056062 20.49199 16.80226 -1.788961
1.073929 -0.2350737 1.061922 18.8126 17.77172 -0.5675869
1.077591 -0.2487456 1.051668 17.20954 18.75646 0.6308861
1.071976 -0.2548491 1.021639 15.8584 18.91676 2.394245
1.077591 -0.2658355 1.026521 14.79733 18.64195 4.119434
1.077347 -0.2843902 1.029451 15.32405 19.0847 5.844626
1.073685 -0.2773101 1.034578 16.88893 19.17631 7.020199
1.076858 -0.2758452 1.02115 19.26298 18.75646 8.302641
1.078812 -0.2614409 1.025789 20.14084 18.62669 9.730123
1.070755 -0.2643706 1.02823 21.69046 19.06944 10.9973
1.078812 -0.2568023 1.020662 22.9958 19.09233 12.21867
1.074417 -0.254605 1.018465 23.45382 18.79463 13.66142
1.073685 -0.2438628 1.017 23.21718 18.52745 15.31791
1.068802 -0.2367827 1.019441 22.53015 18.1076 16.79882
1.077591 -0.2279937 1.012117 21.11031 17.83279 18.56218
1.076614 -0.2167632 1.009187 19.8584 17.40531 20.24157
1.079788 -0.2218901 0.999666 18.76679 16.80226 21.66905
1.084915 -0.2145659 1.001131 17.65229 16.11524 23.33318
1.081009 -0.2118804 1.000398 16.7897 15.65722 24.60035
1.081741 -0.2055327 0.9955156 16.27061 15.0389 26.1118
1.087845 -0.1967437 0.9906328 15.98817 14.39005 27.40188
1.088333 -0.1864898 0.9942949 14.46908 13.96256 28.49348
1.095413 -0.1891753 0.9879473 12.91947 13.0389 30.12707
1.098099 -0.179898 0.9864824 11.40802 12.26791 31.24921
1.102249 -0.1779448 0.9955156 10.20191 11.51982 32.60799
1.116897 -0.179898 0.9918535 9.011068 10.43585 33.69959
1.119827 -0.1752593 0.9906328 7.35458 9.367146 34.82172
1.124222 -0.1759917 0.9877031 6.415649 8.893862 35.93623
1.13472 -0.1755034 0.9815996 4.67519 7.61142 37.1347
1.147415 -0.1708647 0.9745195 3.888931 6.519817 37.93623
1.16304 -0.1796538 0.9757402 3.835496 5.588519 38.56218
1.191116 -0.1735503 0.9769609 4.064504 3.557985 39.86753
1.199661 -0.1413237 0.9796465 3.827862 3.267909 39.38661
1.201126 -0.179898 0.9825762 2.65229 2.191573 39.86753
1.204788 -0.1801421 0.973543 -1.118702 0.9701984 41.66905
1.216263 -0.1779448 0.9711016 0.4080153 -0.5488854 41.54692
1.219925 -0.1852691 0.9696367 -0.5461831 -1.816061 41.98203
1.216507 -0.179898 0.9598711 -1.805725 -3.457283 42.56218
1.219925 -0.1723296 0.9676836 -1.172138 -4.556519 42.47058
1.221878 -0.1740386 0.9803789 -0.9660306 -5.922931 43.10417
1.223099 -0.1628081 0.9828203 -0.4164124 -6.693923 42.74539
1.216019 -0.1635405 0.9786699 0.5606871 -7.640489 42.41714
1.228226 -0.1496245 0.9725664 1.003435 -8.686291 42.12707
1.221878 -0.143521 0.9877031 1.255343 -9.648123 41.72249
1.233597 -0.1322905 0.9928301 1.072137 -10.0756 41.24921
1.228958 -0.1210601 0.9889238 0.2248092 -10.77026 40.86753
1.240188 -0.1208159 0.9896563 -0.8973284 -11.76263 40.39425
1.235306 -0.1171538 0.9894121 -2.637786 -12.45728 39.9744
1.244827 -0.1095855 0.9896563 -4.118702 -12.90766 39.37135
1.247513 -0.1086089 0.984041 -5.378244 -13.52598 39.0889
1.254837 -0.1188628 0.9889238 -6.500382 -14.0527 38.63852
1.258743 -0.1183745 0.9913652 -6.630153 -14.69392 37.79119
1.123733 -0.1235015 0.8915117 27.02633 41.84806 -35.97217
0.9782256 -0.3944976 0.9950274 -44.05764 2.840427 -15.10957
1.00972 -0.3974273 1.006258 -47.28664 3.939664 -12.26988
1.025589 -0.3996245 0.9947832 -50.03473 4.481649 -9.292778
1.041458 -0.4193999 0.9899004 -52.79046 4.145771 -5.697359
1.044144 -0.4106109 0.9869707 -55.51565 4.092336 -2.239344
1.072708 -0.4218413 1.011629 -57.24847 4.809893 0.1347027
1.11055 -0.4203765 1.014559 -56.74466 6.016 2.134703
1.106644 -0.4352691 1.015047 -56.0729 8.016001 3.753023
1.111038 -0.4389312 0.9916094 -56.33244 9.054169 5.982031
1.123489 -0.4396636 0.9962481 -54.53855 10.44348 7.676687
1.145462 -0.4506499 1.000643 -53.61489 12.42058 9.073633
1.144241 -0.45773 0.9901445 -51.25611 14.80226 10.84463
1.132522 -0.4584624 0.9837969 -49.27901 16.74882 13.22631
1.118118 -0.459439 0.9828203 -46.83626 18.72592 15.48585
1.108108 -0.4555327 0.9723223 -44.64542 21.06944 17.54692
1.105667 -0.4440581 0.9762285 -42.28664 23.80989 19.66142
1.103958 -0.4360015 0.9789141 -41.06527 26.42058 21.92859
1.102249 -0.4235503 0.9610918 -40.20267 29.03127 23.98966
1.108841 -0.4198882 0.966707 -40.0958 31.46638 26.67669
1.126419 -0.4027984 0.9603594 -40.66832 34.31371 29.066
1.130081 -0.3844878 0.9574297 -41.67596 36.97783 31.77592
1.148147 -0.365689 0.9449785 -42.65305 39.46638 33.86753
1.183304 -0.3735015 0.9339922 -42.43168 41.69539 35.52402
1.210403 -0.3561675 0.9286211 -42.67596 43.79463 36.9515
1.222366 -0.3459136 0.9151934 -42.71412 45.17631 38.37897
1.230667 -0.3305327 0.9046953 -42.49275 46.16867 39.42478
1.27388 -0.320523 0.8993242 -41.8897 47.21447 40.1118
1.3022 -0.3183257 0.8983477 -40.36298 48.68776 40.1576
1.319046 -0.313687 0.8788164 -39.75229 49.38241 40.85226
1.31221 -0.3151519 0.8753984 -37.99657 49.09997 40.85226
1.318802 -0.3019683 0.8719805 -36.0042 48.22974 40.89806
1.327103 -0.3036773 0.8712481 -34.06527 47.48928 40.63089
1.335647 -0.3095366 0.8712481 -32.34771 47.38241 40.63852
1.340286 -0.2992827 0.8563555 -30.45458 46.59615 40.21104
1.329788 -0.3107574 0.8563555 -27.85153 45.28318 40.03547
1.31929 -0.3080718 0.8480547 -25.60725 43.52745 39.58508
