1.13594 -0.6935699 0.9317949 -14.69885 14.22974 15.41714
1.122024 -0.664273 0.9447344 -21.98893 16.16867 18.53165
1.111526 -0.5304839 0.9635332 -22.45458 20.16867 19.52402
1.105911 -0.4513824 0.9420488 -30.71412 23.24501 22.46295
1.089554 -0.3737456 0.9203203 -32.56145 24.85569 22.27974
1.083206 -0.4130523 0.8932207 -35.61489 27.33661 23.82173
1.071976 -0.4120757 0.8946856 -24.66069 28.84043 21.9515
1.063187 -0.4623687 0.8768633 -12.82863 30.38241 20.58508
1.02803 -0.423062 0.8907793 -4.317176 30.17631 19.0202
1.056595 -0.5407378 0.9178789 14.50725 33.59615 18.68432
1.041946 -0.4384429 0.92325 10.03397 34.35188 20.37898
1.021927 -0.3510406 0.8707598 15.48435 35.60379 21.17287
1.020218 -0.3561675 0.8744219 6.553053 37.16104 23.72249
1.00679 -0.2675445 0.8627031 -3.83626 37.98547 24.98966
1.018509 -0.2682769 0.7943437 -12.99656 39.03127 26.88279
0.9669951 -0.282437 0.744539 -23.82099 38.16867 30.19577
0.9897002 -0.2240874 0.7665117 -24.03473 39.93967 27.88279
0.9948272 -0.1996733 0.789705 -28.24847 41.46638 26.71486
1.0168 -0.1237456 0.7071855 -29.88969 37.26028 25.65379
1.034134 -0.1862456 0.8263262 -25.34771 47.74119 23.66142
1.013626 -0.1894194 0.7474687 -29.34008 43.12287 18.56982
0.9948272 -0.11398 0.6878984 -25.67595 41.56562 15.27211
0.9953155 -0.1315581 0.6656816 -25.68359 38.78699 13.16524
0.9950713 -0.1388823 0.683748 -26.39351 36.77936 10.67669
1.019974 -0.1613433 0.5887773 -27.35534 35.93203 9.165236
1.030228 -0.1586577 0.6844804 -30.84389 33.55035 8.440045
1.041458 -0.1515776 0.6432207 -34.52328 30.35951 7.653787
1.051956 -0.1757476 0.6310136 -35.87443 30.12287 6.111801
1.042679 -0.173062 0.6568925 -37.14161 26.43585 5.272107
1.041458 -0.1779448 0.683748 -37.60725 24.72592 3.485847
1.039261 -0.1737944 0.6988847 -36.78283 23.35951 1.753023
1.044144 -0.1745269 0.730623 -36.94313 21.52745 0.3942451
1.053421 -0.1693999 0.7533281 -38.78283 20.32134 -1.109573
1.052444 -0.1684233 0.7843339 -40.27137 19.74119 -2.850031
1.070022 -0.1845366 0.8150957 -40.41641 18.71066 -4.819496
1.074661 -0.1860015 0.8519609 -39.05763 19.34424 -7.399649
1.067093 -0.1957671 0.8651445 -37.39351 20.1076 -9.605755
1.072708 -0.2096831 0.876375 -35.58435 20.82516 -11.85766
1.063187 -0.2262847 0.8915117 -33.80573 21.39005 -13.65156
1.05806 -0.2555816 0.8907793 -32.46985 21.09997 -14.87293
1.064407 -0.2797515 0.8946856 -32.41641 21.89386 -15.98744
1.185745 -0.2675445 0.8966387 -33.72176 24.1076 -15.33858
1.042435 -0.2633941 0.7875078 -38.79809 19.90149 -17.54469
1.018265 -0.2624175 0.8163164 -45.90496 17.51982 -15.62866
1.04512 -0.3385894 0.8959063 -46.94313 19.65722 -14.77369
1.020706 -0.3092925 0.8949297 -54.94313 20.19921 -13.25461
1.042923 -0.3959624 0.864168 -52.92023 19.37478 -12.10957
1.060745 -0.3979156 0.8917559 -58.69122 19.26027 -8.529419
1.083206 -0.3998687 0.9178789 -57.08817 19.60379 -6.185909
1.085647 -0.400357 0.9264238 -58.50802 19.70302 -3.964535
1.089798 -0.3842437 0.937166 -57.37061 20.56562 -2.25461
1.080521 -0.3468902 0.9347246 -55.86679 22.07707 -0.9569016
1.056839 -0.3149077 0.907625 -56.47748 21.50455 0.004930496
1.048294 -0.2848784 0.9142168 -58.90496 20.88623 1.394245
1.043655 -0.2714507 0.928377 -61.0271 22.09997 2.188137
1.057083 -0.2624175 0.9554766 -61.80573 23.29844 2.607985
1.058548 -0.2470366 0.9637774 -60.92786 24.73356 2.691954
1.060257 -0.2453276 0.9501055 -58.26374 25.80226 2.211039
1.048538 -0.2275054 0.9630449 -54.15687 26.32134 1.027832
1.046341 -0.2140776 0.9657305 -48.65305 27.02363 -0.5523205
1.050491 -0.1947905 0.956209 -42.27901 27.31371 -2.399649
1.034378 -0.1745269 0.9593828 -36.1187 27.97783 -4.850031
0.93721 -0.04684131 1.397127 -48.41641 35.87096 12.08127
1.058792 0.04544385 1.1066 -29.1416 14.9473 22.34081
1.083206 0.04471143 1.097811 -28.29428 14.04653 23.98966
1.110062 0.04349072 1.083406 -26.61489 12.71829 25.11943
1.122757 0.04739697 1.072176 -23.64542 10.67249 26.64615
1.122269 0.03226025 1.071932 -19.88206 8.893862 27.70722
1.119583 0.04764112 1.074129 -18.0042 7.183939 29.24157
1.111526 0.06570752 1.070467 -15.9584 5.099969 30.84463
1.100784 0.06473095 1.077059 -14.17977 3.168672 32.52402
1.08638 0.1347993 1.071932 -18.29428 1.069435 36.21867
1.080032 0.1509126 1.091219 -20.82863 -0.6557558 41.05074
1.047562 0.325229 1.063875 -24.82862 -2.57942 42.26447
1.032181 0.3486665 1.058504 -9.828627 -9.678657 34.90569
1.02803 0.3916352 1.081453 -14.06527 -9.884764 34.75302
1.038528 0.3874848 1.094393 -9.286641 -12.60232 33.18814
1.025101 0.4133637 1.099031 -8.668321 -15.15194 31.23394
1.005569 0.4446137 1.104158 -13.39351 -17.33515 30.76066
0.9838408 0.4465669 1.111238 -14.34771 -20.30461 29.09653
0.9735869 0.4470551 1.121736 -17.21794 -22.57942 27.79882
0.9723662 0.4333833 1.127107 -17.34008 -24.58705 26.02783
0.978958 0.4243501 1.12198 -18.25611 -26.57179 24.24157
1.009964 0.4104341 1.134676 -19.1416 -28.67102 23.0431
1.038284 0.3887055 1.13199 -19.96603 -30.36568 21.65379
1.102005 0.3681977 1.142488 -21.28664 -31.81606 21.1347
1.159134 0.3533051 1.136873 -22.30954 -33.12904 20.82936
1.257767 0.3489106 1.152742 -22.01183 -33.39621 20.22631
1.330765 0.3286469 1.160555 -20.84389 -34.34278 20.11943
1.380813 0.3308442 1.159822 -20.06527 -34.54125 20.00493
1.395218 0.3335298 1.16324 -19.48512 -34.48018 19.27211
1.404495 0.3389009 1.165682 -21.24084 -34.60995 19.27974
1.392532 0.3464692 1.180574 -24.79046 -34.59468 19.44005
1.383987 0.3430512 1.208406 -28.0729 -34.32751 19.49348
1.351028 0.3384126 1.211336 -32.38588 -33.40385 19.27974
1.316116 0.3313325 1.229158 -35.35534 -32.88476 18.9973
1.267776 0.3222993 1.244783 -39.56145 -32.52599 18.9744
1.24263 0.3120454 1.24991 -43.72176 -32.56415 19.26447
1.2043 0.2912934 1.272615 -46.85916 -32.35804 19.81409
1.179153 0.2727387 1.280916 -48.06527 -31.90767 19.85226
1.162063 0.2431978 1.292635 -46.61489 -31.21301 19.88279
1.151321 0.2068208 1.294832 -43.75229 -30.82369 20.24921
1.147171 0.186313 1.303133 -38.24084 -30.77026 19.76066
1.122757 0.1545747 1.329012 -29.46985 -30.16721 19.55455
1.094192 0.1059907 1.337068 -21.81336 -29.47255 19.57745
1.069534 0.09134228 1.329256 -17.12634 -28.64812 20.91333
1.044144 0.0686372 1.334627 -16.17214 -28.96873 24.53928
1.028519 0.0493501 1.351473 -15.46221 -28.60232 27.43241
1.019729 0.03470166 1.354158 -13.11107 -27.38858 29.88279
1.016067 0.01102002 1.349519 -13.03473 -26.99927 33.17287
1.028519 0.01102002 1.356355 -13.77519 -26.38095 36.23394
1.03511 -0.02584522 1.349031 -13.39351 -24.97637 39.73012
1.037796 -0.04708545 1.353914 -16.51565 -24.41148 44.89043
1.033157 -0.04806201 1.354891 -17.52328 -23.9382 49.26447
1.031692 -0.06466358 1.347566 -17.1874 -23.78553 53.59272
1.025833 -0.06271045 1.3566 -15.08053 -23.63286 57.31791
1.028274 -0.03121631 1.358064 -14.79046 -22.71683 60.72249
1.010452 -0.01290576 1.353914 -15.34771 -22.28934 64.79119
1.012405 0.008578613 1.353426 -15.34008 -21.53362 67.98203
1.013138 0.0481294 1.3566 -15.69122 -20.97637 70.93623
1.019241 0.09231884 1.337801 -15.33244 -20.0527 72.51638
1.017288 0.1308931 1.328768 -14.24084 -19.27408 73.86752
1.015335 0.1562837 1.303377 -12.9813 -19.17484 74.08127
0.9999541 0.1711763 1.286287 -11.50802 -19.40385 73.9515
0.9867705 0.1816743 1.274568 -10.27901 -20.20537 73.98966
0.971878 0.2007173 1.266268 -9.248473 -20.0069 73.08127
0.9689483 0.2063325 1.248201 -8.446947 -21.0069 72.35608
0.9735869 0.2097505 1.209383 -8.691221 -22.04507 71.80646
1.004104 0.2009614 1.205721 -8.080534 -22.97637 70.56218
1.04512 0.1743501 1.183992 -4.83626 -24.22064 69.43241
1.069778 0.1660493 1.189607 1.148473 -24.93056 67.80646
1.100052 0.125522 1.205965 14.18664 -26.10614 64.80646
1.153763 0.181186 1.206941 16.9271 -25.50308 63.41714
1.173538 0.1999849 1.197664 21.17138 -26.15194 62.29501
1.193313 0.2285493 1.205232 17.84313 -25.50308 61.31027
1.200882 0.2493013 1.20743 14.0187 -24.97637 60.0202
1.232864 0.2612641 1.202059 8.507252 -23.79316 59.21867
1.240677 0.273227 1.18741 1.95 -23.51072 57.82172
1.242142 0.2683442 1.181307 -1.56145 -23.83133 55.63852
1.250198 0.2695649 1.193025 -2.210306 -24.37331 52.78356
1.262649 0.2724946 1.209383 -3.591985 -23.81606 49.92096
1.262405 0.2768891 1.219393 -6.546184 -23.11377 47.12707
1.265091 0.2795747 1.230867 -9.118702 -22.50308 44.40188
1.260696 0.2659028 1.253572 -8.981297 -22.11377 41.09653
1.250687 0.2544282 1.273592 -8.172137 -21.09851 37.78356
1.254837 0.2502778 1.290926 -5.653053 -19.8466 34.43241
1.242142 0.2353853 1.308504 -4.118702 -18.64049 31.63089
1.239944 0.2309907 1.326326 -2.981298 -17.64049 28.80646
1.242142 0.2339204 1.329988 -1.75229 -16.50308 25.68432
1.237259 0.2278169 1.336824 -2.599618 -15.06034 23.17287
