0.577835 0.06204541 0.6400468 -60.13397 -5.220641 3.539282
0.557083 0.1108735 0.6366289 -50.49275 -4.594687 1.119434
0.4982451 0.09134228 0.5973222 -39.1874 -6.861863 -0.8500309
0.4843291 0.1396821 0.5716875 -35.85153 -7.434381 -1.880566
0.4850616 0.1433442 0.5484941 -37.80573 -7.419115 0.1194344
0.4088897 -0.01437061 0.5790117 -12.37061 -11.93056 0.3255424
0.4315948 0.1006196 0.5887773 15.58359 -7.724458 -4.704992
0.4374541 0.2160981 0.5548418 16.38511 -9.655756 -4.704992
0.4135283 0.3594087 0.530916 -1.83626 -10.49545 -2.99507
0.3686064 0.2859223 0.5663164 -17.56145 -9.541252 -0.5904884
0.3454131 0.2632173 0.5775468 -35.22557 -8.991633 3.676687
-0.2654268 0.1347993 0.8065508 25.29351 39.21447 8.85226
-0.1667939 -0.004116699 0.7269609 26.51489 41.45875 18.38661
-0.147751 0.005404785 0.7093828 26.40801 40.80989 20.36371
-0.130417 0.01834424 0.7088945 23.8813 40.46638 22.98203
-0.1277314 0.01639111 0.7047441 19.05687 40.9015 25.38661
-0.1208955 0.03470166 0.7008379 14.93473 40.69539 27.53165
-0.1179658 0.03763135 0.6942461 9.728626 40.54272 30.0431
-0.1282197 0.04642041 0.6915605 5.201909 40.31371 31.98966
-0.1326143 0.06277783 0.6900957 1.67519 40.50455 33.23394
-0.1389619 0.05081494 0.6739824 0.3851142 40.28318 34.50875
-0.1377412 0.07767041 0.6627519 -1.935496 41.1076 35.0202
-0.1487275 0.07693799 0.6310136 -2.744657 40.46638 35.36371
-0.1482393 0.07864697 0.5980546 2.888931 40.61906 34.63089
-0.130417 0.07815869 0.55533 4.698091 38.08471 34.47058
-0.1519014 0.09622509 0.5973222 7.957633 37.9473 33.1805
-0.1577607 0.09256298 0.5719316 8.591221 39.016 32.76829
-0.1548311 0.1208833 0.5362871 4.385114 37.19921 33.57745
-0.1521455 0.1719087 0.5504472 -19.64542 33.80989 38.64615
-0.1526338 0.1211274 0.6117265 -28.51565 35.09997 39.47058
-0.1360322 0.01687939 0.6571367 -19.9126 38.1305 36.64615
-0.132126 0.1250337 0.609041 -10.59198 37.05417 33.79119
-0.1277314 0.04495557 0.5924394 10.11031 38.28318 29.03547
-0.07719433 0.1218599 0.5765703 15.9729 37.9015 27.80646
-0.06132519 0.05935986 0.5626543 32.91946 38.50455 23.51638
-0.02763379 0.1277192 0.5148027 43.20191 38.57325 20.14234
-0.02934277 0.127231 0.4725664 29.96527 37.90913 23.09653
-0.01982129 0.1140474 0.4801347 26.34695 36.83279 23.24157
-0.0247041 0.09573681 0.4991777 24.9042 38.9931 22.21867
-0.03446972 0.09427197 0.449373 23.75153 38.20684 22.48585
-0.04985058 0.1108735 0.4071367 21.59886 36.9015 22.066
-0.06987011 0.07229931 0.3983476 20.38511 35.13814 22.57745
-0.06889355 0.06326611 0.3912675 23.7897 32.8557 21.45531
-0.09355175 0.02566846 0.3951738 30.42328 30.1534 19.98203
-0.1094209 0.05105908 0.3810136 28.1103 29.9702 21.29501
-0.1228486 0.02151807 0.3512285 32.96527 27.02363 20.10417
-0.142624 0.01517041 0.3558671 32.85076 24.97783 19.70722
-0.1685029 -0.04342334 0.3744218 39.18664 21.27554 19.32554
-0.1814424 0.01858838 0.3661211 34.02633 20.43585 19.92859
-0.2134248 -0.03902881 0.3824785 37.09504 15.96256 19.21104
-0.220749 -0.02657764 0.4161699 33.51488 13.51218 19.56218
-0.2136689 -0.0575835 0.4305742 33.59885 11.87096 18.47821
-0.2307588 -0.07174366 0.4628007 35.80496 10.68012 16.67669
-0.2393037 -0.07272022 0.4525468 25.36985 8.588518 19.24921
-0.2322236 -0.06856983 0.4559648 24.35458 5.756458 19.46295
-0.2297822 -0.09566944 0.4964921 20.37748 4.344244 19.94386
-0.2061006 -0.1025054 0.5348222 21.24008 3.023633 18.72249
-0.196335 -0.1025054 0.5433671 22.21718 2.634321 17.9973
-0.1924287 -0.09713428 0.5607011 20.64466 2.779359 18.08127
-0.2317353 0.001498535 0.5480058 10.70572 2.42058 19.59272
-0.2544404 -0.1444976 0.5372636 6.713358 1.649588 21.9744
-0.1909639 -0.06368701 0.5306718 7.484351 -0.1214046 22.79882
-0.1665498 -0.1159331 0.5746171 14.69046 2.565619 19.94386
-0.1562959 -0.00460498 0.5372636 -5.973664 -0.5183512 24.84463
-0.1453096 -0.01461475 0.5829179 -36.46985 -6.213007 33.12707
-0.1128389 -0.05221241 0.6920488 -38.86679 -3.716825 32.76829
-0.09574902 -0.1957671 0.7232988 -27.61489 6.267909 28.54692
-0.1050264 -0.06124561 0.6109941 -32.65305 1.878595 30.92096
-0.142624 -0.03780811 0.5814531 -24.90496 0.5808854 28.79119
-0.1379853 -0.1186187 0.595125 -25.40878 4.412947 30.66905
-0.1558076 -0.05025928 0.5611894 -28.88969 4.649588 32.73775
-0.1748506 -0.1012847 0.5475175 -16.41641 5.680122 30.66142
-0.1653291 -0.02242725 0.5016191 -23.08817 4.535084 33.57745
-0.2373506 -0.0443999 0.5370195 -15.59962 4.153405 32.37897
-0.251999 -0.0004545897 0.5812089 1.285878 7.664855 27.74539
-0.3037568 -0.0275542 0.5582597 1.583588 9.328978 29.57745
-0.2893525 -0.002651855 0.5262773 9.301146 5.794626 28.76829
-0.2007295 -0.034146 0.5929277 16.68283 9.267908 27.02783
-0.1323701 -0.02193897 0.58658 25.38511 11.26791 24.80646
-0.0986787 -0.006802246 0.5719316 28.34695 12.9931 23.76829
-0.08720409 -0.02267139 0.5690019 24.32405 14.78699 26.0431
-0.05888379 -0.005581543 0.5585039 20.8126 16.16867 27.29501
-0.04740918 0.0007661134 0.5672929 14.7897 17.71829 29.066
-0.0403291 -0.06515186 0.6048906 17.69046 18.0847 29.33318
-0.02299511 -0.06295459 0.6146562 15.07214 21.22974 30.28737
-0.007125974 -0.07613819 0.5961015 8.079771 22.14577 33.21104
0.02168262 -0.03487842 0.5853593 1.324046 22.18394 35.1118
0.04878223 -0.05123584 0.6109941 1.583588 23.13814 34.72249
0.08003223 -0.1210601 0.6117265 3.125573 24.09997 34.53165
0.147415 -0.04879443 0.5716875 -1.874428 24.9244 36.11943
0.1537627 -0.1850249 0.6024492 15.07977 22.81753 33.58508
0.1972197 0.04544385 0.5809648 2.896565 25.67249 36.00493
0.169876 -0.05270069 0.5755937 15.49199 25.35951 30.82936
0.1522979 -0.115689 0.5890214 17.33931 24.016 30.45531
0.1422881 -0.01998584 0.5965898 20.62176 25.29081 28.34844
0.09443653 -0.05465381 0.5716875 24.9042 25.71066 25.87516
0.0756377 -0.07638233 0.5704668 26.82786 24.47401 24.1576
0.06172168 -0.04635303 0.574373 28.12557 23.07707 23.1347
0.03828418 0.04422315 0.5555742 17.05687 27.22974 23.32554
-0.002487302 -0.00460498 0.5082109 12.46145 25.25264 22.91333
-0.1091768 -0.4128081 0.5204179 19.27061 -1.770259 13.73776
-0.1055146 -0.4372222 0.5314043 5.43855 30.1534 19.11943
-0.11821 -0.438687 0.5150468 8.041603 31.16867 19.23394
-0.1186982 -0.4545562 0.5287187 12.38511 32.06944 18.79119
-0.1116182 -0.478482 0.5357988 15.98817 33.05417 18.79882
-0.09428417 -0.4816558 0.5343339 18.17138 33.93203 19.29501
-0.07304394 -0.4909331 0.5348222 20.87366 34.22974 19.51638
-0.05766308 -0.4679839 0.5531328 22.56069 35.32135 19.41714
-0.03666699 -0.4672515 0.5616777 24.96527 36.48165 18.72249
-0.02519238 -0.4662749 0.5953691 27.31641 38.03127 17.66905
-0.0168916 -0.4635894 0.5953691 28.85076 39.47402 16.71486
-0.01469433 -0.4679839 0.5965898 29.74389 40.9244 15.79119
-0.01103222 -0.4626128 0.588289 30.22481 42.11524 15.11944
-0.02226269 -0.4782378 0.5978105 32.43855 42.82516 13.95913
-0.02616894 -0.4911773 0.5736406 34.9042 44.12287 13.54692
-0.03788769 -0.5016753 0.5663164 36.82786 44.45875 13.43241
-0.0583955 -0.504605 0.5436113 41.9271 45.32135 11.85989
-0.06230175 -0.4965484 0.5262773 41.49962 45.53508 12.1805
-0.06571972 -0.5116851 0.5187089 38.70572 45.56562 12.59272
-0.06987011 -0.5182769 0.5196855 35.56068 45.48165 13.28737
-0.05937207 -0.4994781 0.5382402 31.07977 46.48928 13.96676
-0.05937207 -0.5016753 0.5548418 28.30115 47.26028 13.88279
-0.05278027 -0.5031402 0.5729082 26.76679 47.42058 13.63852
-0.02787793 -0.539273 0.5841386 28.65229 48.63432 12.27211
-0.02201855 -0.5761382 0.5821855 32.43092 48.9473 11.44768
-0.004684567 -0.5763824 0.5687578 36.0187 49.02364 10.60798
-0.002487302 -0.5890777 0.5409257 33.83549 48.73356 11.48585
0.006301761 -0.5946929 0.5404375 35.42328 47.74883 11.2034
0.0377959 -0.5177886 0.527498 34.50725 47.80226 10.36371
0.03169239 -0.5773589 0.5470293 33.69809 48.04654 9.882794
0.04585254 -0.5068023 0.5321367 26.8355 47.57325 9.890428
0.04267871 -0.516812 0.5174882 27.68283 46.9473 8.409512
0.0377959 -0.5292632 0.48575 23.53779 46.29081 8.188137
0.04512012 -0.5331695 0.4474199 22.62176 44.38241 7.569817
0.04731739 -0.5700347 0.4315507 24.40038 41.70303 6.699588
-0.02177441 -0.6154449 0.4418046 27.17901 38.9702 5.524015
0.007522464 -0.6335113 0.4393632 33.22481 37.28318 4.68432
0.01924121 -0.6047027 0.421541 29.8813 36.016 5.104168
0.00605762 -0.5778472 0.4166582 26.0645 33.23738 5.951496
0.003372073 -0.5922515 0.4349687 24.23244 31.37478 6.096535
0.009719729 -0.5920074 0.466707 20.29351 30.57325 6.615619
0.008010745 -0.6186187 0.4828203 17.36221 29.74882 6.928596
0.003616214 -0.6488921 0.4940507 12.8813 29.39768 8.211039
-0.004928708 -0.6613433 0.5006425 11.32405 27.93203 8.478213
-0.01347363 -0.7084624 0.5165117 12.16374 26.85569 8.699588
-0.02861035 -0.735562 0.5296953 14.36985 25.29844 8.806458
-0.0325166 -0.7255523 0.5206621 15.11794 24.24501 9.615619
-0.03715527 -0.7167632 0.5086992 15.0874 22.66485 9.836992
-0.04057324 -0.6967437 0.4957597 13.91947 21.14577 10.55455
-0.03691113 -0.659146 0.4933183 9.934732 19.42821 11.94386
