0.4079131 0.5515473 1.840975 -24.01183 12.1076 13.61562
0.3949736 0.524936 1.872957 -23.27137 10.66485 13.76066
0.3900908 0.5129731 1.920809 -21.08053 10.29844 13.76829
0.3908232 0.5036958 1.935945 -20.21794 10.45111 14.57745
0.3937529 0.4836762 1.966219 -19.9584 10.63432 15.49348
0.4179229 0.467563 1.977449 -18.85153 10.32134 16.67669
0.4301299 0.4690278 1.989656 -18.12634 10.0847 17.55455
0.4457549 0.4743989 1.99576 -18.36298 9.893862 18.94386
0.4557647 0.4861176 2.029939 -19.0271 10.69539 20.27211
0.4660186 0.4826997 2.058992 -19.92023 11.72592 21.44005
0.4616241 0.4956391 2.074373 -20.90496 12.75646 22.75302
0.4589385 0.495395 2.091707 -20.14924 13.39005 23.71486
0.4542998 0.5068696 2.112459 -18.24084 14.63432 24.10417
0.4538116 0.5207856 2.136629 -15.72939 16.42821 24.47821
0.4418487 0.5254243 2.161043 -14.12634 19.49692 24.74539
0.4411162 0.5322602 2.16617 -12.14924 21.96256 24.9286
0.4279326 0.5368989 2.168855 -9.973664 24.41295 24.76829
0.4127959 0.54227 2.160555 -7.56145 26.55035 24.40188
0.3937529 0.5334809 2.161043 -4.569084 28.75646 24.64615
0.3800811 0.5386079 2.151766 -1.950764 30.62669 24.40951
0.3727568 0.5408051 2.136873 0.7896943 31.9702 24.36371
0.3498076 0.5434907 2.115389 2.54542 32.8786 24.78356
0.3424834 0.5449555 2.103182 4.774427 34.55035 24.69195
0.3307647 0.5505708 2.093904 6.965267 34.90913 24.85226
0.3183135 0.5659516 2.072664 9.133207 35.31371 25.22631
0.3048857 0.5649751 2.048006 11.17138 35.52745 25.45531
0.2973174 0.5825532 2.022615 12.98817 35.34425 25.69195
0.2941436 0.6003755 2.002352 13.48435 34.84043 26.1118
0.2814482 0.6150239 1.989168 13.02634 34.00073 26.65379
0.2926787 0.6260102 1.966951 11.36985 32.84043 26.84463
0.2904815 0.646518 1.952547 9.52252 31.69539 27.33318
0.3009795 0.6474946 1.958162 8.637022 30.68775 27.11943
0.3026885 0.6599458 1.938143 7.499618 29.48165 27.1805
0.3019561 0.663852 1.930086 5.766794 28.20684 26.98203
0.3073272 0.6677583 1.918123 3.324046 26.72592 27.24921
0.3117217 0.6699555 1.920076 1.659923 25.84806 27.44005
0.3263701 0.6709321 1.907625 0.4232821 24.1076 27.59272
0.3290557 0.6977876 1.897615 -1.721756 22.60379 27.56218
0.3388213 0.7087739 1.907625 -4.935496 21.21447 27.41714
0.3415068 0.7104829 1.909822 -8.477481 20.56562 26.80646
0.336624 0.7160981 1.90616 -11.25611 19.50455 25.86753
0.3344268 0.7192719 1.911775 -13.06527 18.26791 25.1118
0.338333 0.7148774 1.912264 -14.46985 16.64959 24.34844
0.3263701 0.7165864 1.924471 -15.85153 15.97783 23.24157
0.3139189 0.7114594 1.932039 -16.54618 15.48928 22.12707
0.3117217 0.7148774 1.928133 -16.23321 14.04653 20.95913
0.3102568 0.7082856 1.946199 -15.08817 13.09234 19.18814
0.3112334 0.714145 1.95865 -15.48512 12.48928 17.80646
0.3188018 0.7092622 1.956453 -17.0729 12.14577 16.72249
0.3253936 0.7095063 1.976717 -18.28664 11.40531 15.76829
0.3268584 0.7036469 1.975496 -18.79809 10.66485 14.51638
0.3295439 0.7104829 1.998689 -18.43931 10.39005 13.12707
0.322708 0.7153657 2.008943 -18.46985 10.61905 11.84463
0.3307647 0.7202485 2.031404 -19.17977 10.59615 10.67669
0.3334502 0.726352 2.043855 -19.79046 10.41295 9.462947
0.3429717 0.7253755 2.055574 -20.48512 10.9702 8.272107
0.340042 0.7370942 2.073641 -20.72176 11.69539 6.66142
0.3559111 0.7451509 2.091219 -20.31717 12.22211 5.104168
0.3622588 0.7632173 2.108553 -19.82099 13.47402 2.989664
0.3700713 0.7773774 2.118318 -19.27901 14.61905 0.9438629
0.371292 0.7739594 2.128084 -19.0729 16.23737 -1.101938
0.3715361 0.7751801 2.120271 -18.30954 17.71066 -3.704992
0.3764189 0.7854341 2.122469 -16.54618 18.55798 -6.239344
0.3744658 0.7925141 2.150057 -13.65305 20.0389 -9.430183
0.3830107 0.8017915 2.153963 -11.76756 22.43585 -12.54469
0.3876494 0.8042329 2.14615 -10.79046 24.73356 -15.41492
0.3908232 0.8025239 2.120027 -9.523283 26.54272 -18.45308
0.3827666 0.7961762 2.090975 -8.706489 27.78699 -21.26988
0.3898467 0.7837251 2.07657 -9.179771 29.26027 -23.8653
0.3966826 0.7712739 2.053621 -10.38588 29.72592 -26.56759
0.3935088 0.7510102 2.066805 -8.737023 31.34424 -28.99507
0.3800811 0.7239106 2.033357 -11.85153 33.62669 -30.05614
0.3808135 0.6992524 1.964021 -15.31717 31.77173 -30.36912
0.3622588 0.6770356 1.962068 -15.83626 31.39768 -31.56759
0.3459014 0.6545747 1.94742 -16.49275 30.42821 -31.94163
0.3314971 0.6330903 1.916414 -17.39351 29.14577 -32.25461
0.3153838 0.6150239 1.896395 -18.20267 27.80989 -32.16301
0.2990264 0.5969575 1.908846 -19.08053 27.09233 -31.78896
0.291458 0.5737641 1.890047 -19.88969 25.58088 -31.41492
0.2772979 0.5552094 1.873689 -20.43931 23.64195 -30.1172
0.2787627 0.5610688 2.01407 14.45382 38.77936 38.0431
0.3026885 0.6938813 1.9274 3.873664 54.35951 39.66142
0.2733916 0.6521333 1.873201 7.743893 53.19157 38.50111
0.2719268 0.6640962 1.863924 9.720993 53.75646 37.16524
0.2611846 0.696811 1.859041 11.15611 53.91676 36.00493
0.2470244 0.72977 1.829256 9.530153 52.1305 34.25684
0.2514189 0.7353852 1.830721 9.858397 51.25264 32.70722
0.2523955 0.7483247 1.824617 6.904198 50.1534 31.82936
0.2489775 0.7605317 1.819246 3.446183 50.29844 30.92096
0.246292 0.7602876 1.810213 -1.065267 48.8786 30.1805
0.2558135 0.7839692 1.821443 -8.935496 49.00073 29.96676
0.2514189 0.7681001 1.847566 -15.46221 48.1534 29.38661
0.2536162 0.7954438 1.851229 -22.14924 48.1305 29.56218
0.2157744 0.7441743 1.856844 -29.74466 44.9015 29.75302
0.2230986 0.7893403 1.893221 -35.79809 45.93203 28.45531
0.2353057 0.7619966 1.878816 -39.80573 47.64196 27.80646
0.2218779 0.7803071 1.887361 -44.63015 46.75646 27.08127
0.2379912 0.7624848 1.906404 -47.34008 45.56562 26.89043
0.2209014 0.7160981 1.90616 -49.75993 45.74883 26.48585
0.2311553 0.6948579 1.857088 -50.72939 44.61906 26.44768
0.2155303 0.6555512 1.869539 -49.61489 42.74883 27.16524
0.2348174 0.6636079 1.899568 -46.8897 41.9244 27.27974
0.2294463 0.6575044 1.935213 -38.23321 41.09234 25.60035
0.2333525 0.682895 1.978426 -32.60725 40.49692 24.56982
0.246292 0.668979 2.018709 -24.46221 40.61906 23.26447
0.2523955 0.6599458 2.025057 -16.89733 40.84806 22.1347
0.2519072 0.6699555 2.014314 -14.32481 40.26791 22.00493
0.2594756 0.6618989 2.035066 -11.46985 41.17631 21.73775
0.2682647 0.6587251 2.000154 -7.698855 40.74119 21.20341
0.274124 0.6448091 1.999666 -8.798092 39.78699 21.69195
0.2760772 0.6577485 2.013826 -9.378244 40.42822 21.63089
0.2606963 0.6736176 1.991854 -7.920229 38.60379 21.29501
0.275833 0.6911958 2.003572 -6.492748 40.51982 20.35608
0.2831572 0.7173188 2.027986 -4.095801 43.35951 18.69959
0.2538604 0.7112153 1.996248 -1.75229 42.18394 17.37898
0.2506865 0.670688 1.995516 2.27061 43.07707 16.16524
0.2301787 0.7068208 2.012361 5.308778 42.32135 14.84463
0.2206572 0.7146333 2.069978 9.934732 41.72593 12.47821
0.2145537 0.7300141 2.064119 12.44618 46.93203 10.85989
0.2328643 0.7383149 2.126131 10.0874 50.84806 10.89043
0.2003936 0.6853364 2.084627 9.201908 49.81753 11.0889
0.1842803 0.6531098 2.141756 6.881298 54.83279 11.2034
0.2038115 0.6787446 2.052156 2.499618 55.27554 11.35608
0.2089385 0.7021821 2.072908 -3.332443 55.35951 12.50111
0.1950225 0.7300141 2.099519 -8.057633 55.97783 12.53165
0.1762236 0.7361176 2.100984 -11.49275 59.35188 12.0889
0.2155303 0.748813 2.11368 -14.21794 62.54272 10.83699
0.2060088 0.726352 2.05826 -15.78283 61.61142 9.859893
0.2223662 0.7119477 2.041414 -21.42405 66.63432 9.714855
0.2265166 0.7195161 1.944246 -24.23321 65.31371 10.45531
0.2013701 0.663852 1.981355 -26.37061 68.33661 10.0431
0.1576689 0.5915864 1.802156 -48.68359 62.96257 18.1805
0.3073272 0.6765473 2.05948 -49.87443 79.68012 13.98966
0.2890166 0.7624848 2.087801 -46.38588 73.25264 15.26447
0.1930693 0.7734712 1.948152 -38.27137 75.07706 10.1347
0.1557158 0.7978852 2.063143 -31.21794 79.16867 7.104168
0.1125029 0.7617524 2.049471 -36.62252 76.19157 8.760656
0.06513965 0.7654145 2.059236 -39.30191 75.87096 9.043099
0.08491505 0.8008149 2.095613 -38.99657 77.35188 7.333176
0.06562793 0.795688 2.085603 -39.14161 78.03127 5.943863
0.04536426 0.7847016 2.087312 -41.92023 79.35188 5.134703
0.02387989 0.774936 2.091951 -46.76756 79.75645 5.699588
0.02461231 0.8203462 2.120271 -50.66832 78.75645 6.218672
0.05439746 0.7668794 2.153719 -52.13397 80.98547 5.012566
0.07246387 0.7422212 2.163973 -56.10344 82.55035 5.134703
0.01533496 0.7104829 2.162019 -60.82863 81.71066 6.394244
0.04292285 0.7134126 2.184969 -61.84389 82.79462 5.615619
0.04194629 0.7561372 2.175936 -63.88206 83.29844 5.462947
0.07270801 0.7256196 2.145174 -64.56908 83.98547 4.44768
0.04512012 0.7483247 2.138338 -65.57671 83.9931 4.165237
