0.2050322 -0.4909331 0.4049394 -44.29428 21.9702 36.1805
0.1923369 -0.4123199 0.3697832 -46.53855 21.93203 41.16524
0.2001494 -0.4477202 0.3536699 -45.64542 18.58088 42.75302
0.2362822 -0.4457671 0.3722246 -47.42405 16.35188 45.49348
0.2209014 -0.4474761 0.4027421 -45.44695 14.61142 47.1805
0.2311553 -0.4360015 0.4149492 -40.37825 11.55799 48.29501
0.2519072 -0.4169585 0.4430254 -38.19504 10.76409 49.44005
0.2765654 -0.3954741 0.4659746 -33.53092 9.634321 49.64615
0.3022002 -0.3805816 0.496248 -26.54618 7.74119 49.30264
0.3004912 -0.2839019 0.5243242 -27.27137 11.81753 49.35608
0.334915 -0.3068511 0.5245683 -26.89733 9.878595 49.68432
0.3483428 -0.2724273 0.558748 -20.48512 11.36715 48.59272
0.4677276 -0.1144683 0.7298906 10.75153 49.55035 -8.498886
0.7777862 -0.7011382 -0.2498457 -26.64542 -54.62522 -148.2241
0.7733916 -0.7275054 -0.2566817 -23.64542 -61.03743 -145.7737
0.7772979 -0.7460601 -0.2583907 -20.26374 -67.70156 -143.4836
0.7836455 -0.7572906 -0.2576582 -16.24847 -74.02217 -140.163
0.7765655 -0.7489898 -0.2342207 -12.92023 -81.23591 -137.0561
0.794876 -0.7243316 -0.1954024 -9.340076 -87.15194 -134.4836
0.8063506 -0.6740386 -0.1712325 -9.85916 -92.01453 -131.3615
0.824417 -0.6408355 -0.1170332 -11.0271 -97.11378 -128.6363
0.8358916 -0.6100738 -0.06918168 -14.24084 -100.3657 -126.2012
0.8407744 -0.5902984 -0.0362227 -16.78283 -103.0145 -123.9035
0.8444366 -0.5741851 0.003083944 -19.1645 -105.5642 -121.9645
0.8505401 -0.5651519 0.02139449 -22.97366 -105.381 -120.3309
0.8427276 -0.5695464 0.04532027 -26.46985 -107.8771 -118.6974
0.846878 -0.5812652 0.04556441 -28.88206 -107.7626 -117.1783
0.8368682 -0.6051909 0.02871871 -28.88969 -107.9687 -116.1019
0.8332061 -0.6361968 -0.0003340244 -26.92023 -112.6558 -114.8806
0.8014678 -0.6342437 -0.02255082 -24.17977 -114.6634 -114.6439
0.800003 -0.6320464 -0.05135942 -19.65305 -116.2893 -114.789
0.7326201 -0.6542632 -0.09628129 -15.27137 -121.4497 -114.2164
0.7392119 -0.6691558 -0.1551192 -8.874428 -122.0069 -115.5294
0.7460479 -0.6943023 -0.2149336 -2.653054 -132.5871 -115.1325
0.7548369 -0.7172515 -0.2432539 5.079771 -137.8695 -115.1859
0.7277373 -0.756314 -0.2588789 11.30878 -145.358 -114.1935
0.7401885 -0.7738921 -0.2788985 15.27061 -153.9077 -112.6363
0.7001494 -0.7829253 -0.2532637 17.41565 -161.1214 -110.3997
0.6518096 -0.785855 -0.2320235 15.65229 -169.1596 -107.7737
0.779251 -0.9008452 -0.1475508 19.56832 -175.9306 -105.9722
0.7338408 -0.9025542 -0.1141036 17.64466 -180.1596 -101.1401
0.746292 -0.943814 -0.0765059 22.51488 -184.5413 -96.34621
0.7060088 -0.9491851 -0.06551957 28.65993 -188.213 -93.07904
0.6916045 -0.9306304 0.02578902 33.43855 -196.4955 -90.37675
0.7501983 -0.9648101 0.08780074 32.9271 -195.9764 -85.88057
0.7714385 -1.007046 0.1051347 39.0874 -194.5031 -82.61339
0.7709502 -1.071499 0.09268355 41.21717 -198.7168 -76.80423
0.7255401 -1.136197 0.1222246 45.02633 -201.7932 -69.18591
0.6984405 -1.174527 0.1708086 50.62939 -203.6939 -61.76606
0.6913604 -1.168912 0.2113359 55.54542 -203.2741 -54.26988
0.6933135 -1.179898 0.2174394 54.27061 -203.3351 -45.71263
0.6532744 -1.195767 0.2203691 51.84313 -205.2512 -35.97217
0.6728057 -1.176724 0.2599199 53.45382 -204.8084 -28.59812
0.6234893 -1.158169 0.2716386 49.87366 -203.9 -21.10957
0.6676787 -1.115201 0.2689531 50.96527 -205.0909 -13.06377
0.7343291 -1.111294 0.2938554 55.37748 -205.2359 -9.117207
0.6591338 -1.067105 0.3436601 49.21717 -204.3046 -0.5141525
0.6193389 -1.06271 0.3702714 56.82023 -203.7474 2.676687
0.5753936 -1.01608 0.3915117 58.52252 -201.1977 8.073633
0.5849151 -0.9745757 0.3824785 65.20954 -201.5413 10.37898
0.565628 -0.9411284 0.3663652 67.53779 -198.7245 12.14997
0.4411162 -0.9696929 0.392 73.14084 -200.2894 15.08127
0.5636748 -0.8947417 0.4090898 77.00344 -196.5031 16.39425
0.5270537 -0.9721343 0.3717363 86.88893 -192.2206 16.46295
0.4149932 -0.9753081 0.339998 89.75916 -191.9153 21.39425
0.3170928 -0.9965484 0.3502519 112.034 -194.442 16.55455
0.4892119 -1.069302 0.3143632 138.637 -188.6787 12.64615
0.4977569 -1.072232 0.1996171 144.408 -188.3199 18.37898
0.3766631 -1.035855 0.1515214 133.7057 -192.0451 27.57745
0.480667 -1.124234 0.1236894 139.0569 -191.5336 30.44004
0.494583 -1.124966 0.08413863 135.034 -195.6863 38.82172
0.4613799 -1.160123 0.09268355 131.8966 -199.9535 46.2263
0.4340362 -1.199429 0.1466386 133.6294 -202.8848 53.8828
0.5216826 -1.173062 0.1666582 131.3317 -204.671 60.05836
0.5204619 -1.194546 0.1874101 129.8355 -206.068 67.78355
0.5106963 -1.181851 0.2328203 131.6294 -209.8161 71.98203
0.560501 -1.222134 0.263582 135.9118 -207.1443 80.27974
0.6049346 -1.169644 0.2518632 138.6981 -209.8313 87.38661
0.5492705 -1.20065 0.313875 135.4767 -214.4268 95.85226
0.5644073 -1.136441 0.4335039 138.9347 -210.5413 99.40188
0.5507354 -1.088833 0.4659746 134.9576 -206.1138 107.0202
0.4276885 -1.063199 0.544832 141.1561 -204.7397 112.5469
0.5072783 -1.024869 0.5453203 154.805 -197.5871 111.066
0.4733428 -1.055386 0.494539 163.9729 -193.671 111.379
0.418167 -1.055386 0.4418046 172.5836 -193.1214 115.1347
0.4032744 -0.9953277 0.4266679 182.2935 -190.213 115.6843
0.4420928 -0.9677398 0.3773515 188.3775 -187.1596 119.0507
0.4604033 -0.891812 0.3295 183.3088 -186.9306 123.9897
0.4499053 -0.8864409 0.2875078 179.1332 -187.8161 127.211
0.4303741 -0.865689 0.3011796 171.2706 -188.8771 132.4171
0.4328155 -0.8210113 0.3146074 161.0874 -188.1214 137.5011
0.4191436 -0.8036773 0.3202226 149.2324 -188.2283 142.7072
0.3791045 -0.7721831 0.3482988 142.2401 -190.2588 146.9973
0.4691924 -0.7328765 0.3858964 139.0111 -188.7626 147.0278
0.4525908 -0.6986968 0.3663652 131.5759 -188.7779 149.0889
0.4779815 -0.3742339 0.480623 -5.721756 -2.258809 -18.05614
0.3681182 -0.6025054 0.3568437 -45.57672 -18.46492 28.43241
0.3861846 -0.5558745 0.3788164 -49.86679 -19.12904 32.90569
0.3996123 -0.5356109 0.4115312 -53.23321 -20.41912 36.01257
0.421585 -0.5190093 0.4481523 -49.67596 -21.41148 37.12707
0.43721 -0.5116851 0.4571855 -48.75993 -18.97637 39.14997
0.4538116 -0.5302398 0.4584062 -36.80573 -19.03744 38.56218
0.4762725 -0.5102202 0.4408281 -32.44695 -21.36568 39.42478
0.4440459 -0.4523589 0.4352129 -24.0958 -21.81606 39.93623
0.4196319 -0.377896 0.4466875 -28.85153 -24.63286 42.57745
0.4525908 -0.3498199 0.4801347 -30.63015 -25.52599 44.31027
0.4679717 -0.3083159 0.5311601 -30.67595 -23.87713 44.34844
0.4596709 -0.2983062 0.5350664 -28.78282 -22.70919 43.43241
0.4533233 -0.2460601 0.5470293 -29.47748 -23.39621 43.45531
0.4525908 -0.2326323 0.558748 -33.12634 -22.60995 43.34844
0.4413604 -0.2248198 0.5765703 -35.25611 -23.83896 43.56218
0.4335479 -0.2069976 0.6029375 -38.74466 -21.64049 42.9973
0.4396514 -0.2084624 0.5990312 -41.37825 -19.70156 42.63089
0.4313506 -0.204312 0.6061113 -41.79046 -19.95347 41.61562
0.4027862 -0.2040679 0.6136796 -40.80573 -19.54125 40.45531
0.4325713 -0.2148101 0.602205 -34.17977 -19.38858 38.01257
0.4630889 -0.2294585 0.5980546 -39.85916 -18.57179 39.25684
0.4784698 -0.2248198 0.609041 -36.60725 -20.04507 37.89043
0.4733428 -0.2243315 0.6258867 -35.04237 -19.19774 36.73012
0.4735869 -0.216519 0.6485918 -32.57672 -18.35041 35.31791
0.4643096 -0.2284819 0.6708086 -27.53092 -17.83896 33.14233
0.4657744 -0.2692534 0.6918046 -20.42405 -16.29698 30.54692
0.4735869 -0.2924468 0.7035234 -12.63015 -14.58705 28.45531
0.4645537 -0.3114898 0.7062089 -5.263741 -13.78553 27.18814
0.478958 -0.3254058 0.7049882 -2.981298 -11.80079 27.12707
0.482376 -0.3412749 0.7008379 -3.798092 -9.274076 28.51638
0.4777373 -0.3510406 0.6813066 -6.217939 -6.57942 30.2034
0.4765166 -0.3722808 0.6764238 -9.576717 -5.235909 32.91333
0.4657744 -0.3551909 0.6586015 -17.13397 -4.022168 36.82936
0.4672393 -0.379605 0.6725175 -18.9813 -1.777893 39.44005
0.4657744 -0.3461577 0.664705 -28.0042 1.939664 44.24157
0.4955596 -0.3666656 0.6607988 -30.37824 1.260275 47.02783
0.5075225 -0.3468902 0.668123 -25.27137 4.130504 46.50111
0.5251006 -0.351773 0.6737382 -19.19504 6.817526 46.75302
0.560501 -0.2946441 0.6354082 -20.40878 8.199205 48.42478
0.5905303 -0.1811187 0.6249101 -32.70649 7.817526 53.0202
0.5509795 -0.1598784 0.7008379 -44.92023 9.802259 56.44005
0.4906768 -0.1857573 0.7286699 -49.38588 14.26027 56.94386
0.49971 -0.1337554 0.7972734 -43.14161 14.55035 57.39424
0.4975127 -0.04708545 0.7416093 -28.63015 19.9244 51.90569
0.4853057 0.02444775 0.7330644 -22.21031 17.88623 46.41714
0.4940948 0.04446729 0.7789629 -12.63779 21.25264 41.63852
0.5001983 0.06936963 0.7906816 -4.714122 25.71829 37.58508
0.4770049 0.1247895 0.7501543 1.927099 28.42821 32.85226
0.4794463 0.1540864 0.7174394 8.522518 30.74882 27.38661
0.4909209 0.1797212 0.6766679 12.75153 33.73356 21.79119
0.4855498 0.1897309 0.6290605 17.53779 36.12287 16.1576
0.4828643 0.1933931 0.5775468 18.79733 37.38241 11.1805
0.4555205 0.1682466 0.5201738 20.66756 38.1076 6.653787
0.4245147 0.132602 0.4554765 23.60649 38.20684 2.714855
