0.2331084 -0.2709624 0.4212968 -25.70649 9.237373 21.71486
0.2074736 -0.2922027 0.4210527 -23.87443 7.092336 22.71486
0.1989287 -0.2770659 0.4432695 -26.72939 8.672489 23.40951
0.2077178 -0.3027007 0.463289 -22.82099 7.443481 23.56982
0.2130889 -0.3046538 0.470125 -21.34008 7.886229 24.34844
0.1886748 -0.2985503 0.4735429 -16.70649 8.000732 24.0889
0.2035674 -0.2863433 0.4711015 -12.21794 8.031267 23.80646
-0.001266599 -0.4135406 -0.4837325 17.95763 -12.58705 19.55455
0.1364287 -0.4006011 0.2240312 2.881298 0.9930992 23.02783
0.2624053 -0.2633941 0.5355546 6.583588 1.962565 22.89806
0.2409209 -0.2152983 0.4591386 9.606489 6.016 22.66142
0.199417 -0.2482573 0.4545 6.728626 5.412947 22.81409
0.211624 -0.2453276 0.4711015 3.224809 1.42058 23.41714
0.2262725 -0.2445952 0.4867265 3.644657 -0.5488854 22.69959
0.2209014 -0.2226226 0.4259355 -0.1263361 -1.411481 22.61562
0.2211455 -0.2384917 0.3971269 -5.553817 0.7411909 23.17287
0.2204131 -0.1630522 0.4488847 -11.19504 1.489282 23.43241
0.2284697 -0.1928374 0.4420488 -12.77519 0.1228702 23.40188
0.2311553 -0.1933257 0.4610918 -11.82863 1.588519 22.49348
0.2331084 -0.1823394 0.4391191 -14.24084 0.5198169 22.82173
0.2243193 -0.2004058 0.46158 -14.79809 1.260275 22.87516
0.2230986 -0.2035796 0.4603593 -14.67595 1.412946 22.42478
0.2311553 -0.2160308 0.4657304 -14.40878 1.63432 21.9515
0.2235869 -0.23898 0.4681718 -14.08053 1.344244 22.00493
0.2162627 -0.2489897 0.4676836 -14.73702 0.664855 22.26447
0.2221221 -0.2536284 0.437166 -15.45458 1.458748 22.66142
0.2348174 -0.2480132 0.464998 -15.21794 1.825161 22.44768
0.2245635 -0.256314 0.4452226 -15.22557 2.649588 22.68432
0.2126006 -0.252896 0.4596269 -16.61489 2.229741 22.9744
0.213333 -0.2699859 0.4628007 -16.43931 1.50455 23.27211
0.2094268 -0.2758452 0.4598711 -16.34008 1.397679 23.47058
0.2211455 -0.2314116 0.4652421 -16.15687 1.428214 23.53928
0.22554 -0.2428862 0.4679277 -16.1416 1.573252 23.59272
0.228958 -0.2362944 0.4671953 -15.08053 2.191573 23.37134
0.2294463 -0.2113921 0.4723222 -14.73702 2.20684 23.03547
0.2209014 -0.218228 0.4732988 -14.05 1.703023 22.9744
0.1762236 -0.2797515 0.4908769 56.29351 -14.33515 5.317908
0.2086943 -0.3332183 0.4696367 62.24008 -11.93056 6.676687
0.1984404 -0.3420074 0.4723222 60.9729 -11.71682 6.745389
0.1886748 -0.3420074 0.4676836 57.98053 -11.09087 8.043099
0.1881865 -0.3503081 0.4745195 55.49198 -10.66339 8.707221
0.1857451 -0.3576324 0.4720781 55.39275 -11.04507 8.768291
0.136917 -0.3654449 0.4005449 63.40038 -14.06034 7.035465
0.1435088 -0.4047515 0.4706132 66.04924 -15.56415 7.241572
0.1754912 -0.348355 0.5221269 65.9042 -11.70919 6.653787
0.2296904 -0.2973296 0.5607011 57.96527 -8.79316 8.493481
0.22554 -0.282437 0.5172441 54.46908 -7.556519 8.707221
0.2152861 -0.3385894 0.4889238 51.65229 -9.319878 8.844626
0.1969756 -0.3630034 0.4859941 50.0645 -10.66339 8.928596
0.1625518 -0.4150054 0.4601152 52.38511 -11.22064 9.455313
0.1667022 -0.4169585 0.5250566 50.87366 -10.69392 8.974397
0.1947783 -0.3586089 0.5519121 51.68282 -6.87713 8.699588
0.1781768 -0.3700835 0.5104082 49.43855 -5.709191 9.394244
0.1684111 -0.3791167 0.4693925 49.0187 -7.487817 9.783557
0.1684111 -0.4069488 0.4759843 50.78969 -9.365679 9.623252
0.1649932 -0.4228179 0.5021074 53.17137 -9.319878 9.027832
0.1757354 -0.431607 0.5018632 54.27061 -6.999267 8.768291
0.1813506 -0.4301421 0.4864824 55.85076 -6.556519 8.455313
0.1759795 -0.4132964 0.4786699 58.72099 -6.838962 7.554549
0.1740264 -0.4176909 0.4564531 59.20954 -7.182473 7.394244
0.1801299 -0.4306304 0.4552324 58.59122 -6.999267 8.004931
0.1730498 -0.4494292 0.4566972 57.8126 -7.816061 8.844626
0.1667022 -0.4631011 0.470125 55.21717 -6.396214 10.59272
0.1757354 -0.4567534 0.4728105 58.51488 -7.854229 9.974397
0.1908721 -0.4452788 0.5003984 56.52252 -6.716825 11.51638
0.1835479 -0.4640777 0.4735429 52.61412 -5.754992 12.75302
0.1584014 -0.4933745 0.482332 48.05687 -3.304611 13.0431
0.1757354 -0.4208648 0.4877031 47.0645 -4.548885 13.86753
0.15596 -0.4775054 0.4862382 46.16374 -5.083237 14.03547
0.178665 -0.4428374 0.5140703 42.29351 -4.716825 14.59272
0.1554717 -0.4862945 0.5023515 41.47672 -4.961099 14.27211
0.1513213 -0.4743316 0.4986894 38.91183 -4.037435 14.82173
0.1623076 -0.4706695 0.5143144 38.04924 -4.09087 14.79119
0.1706084 -0.469937 0.5265214 34.24771 -2.304611 16.0889
0.1505889 -0.4701812 0.497957 31.70572 -2.945832 16.05073
0.1518096 -0.5214507 0.4960039 28.54542 -2.945832 17.44005
0.16304 -0.4965484 0.4925859 26.72863 -2.816061 18.47821
0.1691436 -0.4892241 0.4920976 27.87366 -3.419115 18.24157
0.1791533 -0.4623687 0.5099199 26.25534 -2.47255 18.18814
0.1713408 -0.4735991 0.4820879 27.0187 -2.38858 17.61562
0.152542 -0.4806792 0.4593828 26.62939 -2.617588 17.31791
0.1596221 -0.5058257 0.4584062 25.49962 -4.609954 17.61562
0.1613311 -0.5077788 0.4852617 23.88893 -3.510717 18.29501
0.1735381 -0.5099761 0.4828203 24.96527 -3.319878 17.58508
0.1417998 -0.5370757 0.4576738 27.79733 -4.274076 17.21104
0.1518096 -0.5231597 0.4715898 25.13321 -4.938199 17.74539
0.1635283 -0.5563628 0.4881914 25.31641 -4.358046 17.05837
0.1522979 -0.5622222 0.4899004 26.62939 -3.594687 17.0202
0.1554717 -0.5321929 0.4720781 27.88893 -3.701557 16.60035
0.1452178 -0.5539214 0.4776933 29.0645 -4.006901 16.56218
0.1476592 -0.5500152 0.4947832 29.48435 -3.762626 16.9744
0.1371611 -0.5783355 0.4906328 33.30114 -3.518351 16.51638
0.1427764 -0.5702788 0.4886796 34.24771 -3.701557 16.66905
0.1410674 -0.5619781 0.5016191 36.16374 -4.182473 16.56982
0.1535186 -0.5307281 0.5189531 35.72099 -3.022168 17.05073
0.1237334 -0.5443999 0.510164 38.82023 -3.739725 16.31027
0.140335 -0.5238921 0.5187089 36.98817 -3.350412 16.70722
0.1501006 -0.5243804 0.5189531 41.27824 -3.892397 15.14997
0.1435088 -0.5114409 0.5130937 37.98053 -3.823695 15.40951
0.1486357 -0.5119292 0.5116289 36.62175 -4.075603 14.89043
0.1635283 -0.5048491 0.52408 33.36221 -4.213008 15.05073
0.1522979 -0.5182769 0.529207 29.32405 -3.358046 14.68432
0.1623076 -0.5258452 0.5243242 26.30878 -3.129038 14.43241
0.1557158 -0.5173003 0.5362871 20.36221 -3.785527 15.52402
0.1752471 -0.5424468 0.5231035 19.53779 -0.5717863 14.67669
0.1769561 -0.5224273 0.510164 15.04924 -2.129038 16.08127
0.1667022 -0.5448882 0.513582 10.26298 -2.380947 17.00493
0.1657256 -0.549771 0.5165117 8.507252 -1.564153 17.92096
0.1588897 -0.537564 0.5086992 6.583588 -2.976367 18.37134
0.1676787 -0.5343902 0.5128496 2.751526 -3.976367 19.40188
0.1740264 -0.5434234 0.5382402 -0.8362598 -2.28171 19.77592
0.1708525 -0.5380523 0.532625 -2.75229 -1.426748 19.9973
0.1562041 -0.5319488 0.5148027 -4.011832 -1.800794 19.60035
0.1520537 -0.5495269 0.513582 -4.393512 -2.632855 19.38661
0.1576689 -0.5656402 0.5253007 -5.0271 -2.426748 19.05837
0.1593779 -0.5714995 0.5409257 -4.477481 -2.38858 19.05837
0.1566924 -0.5873687 0.5336015 -3.874428 -2.449649 19.05837
0.1427764 -0.5998199 0.54825 -2.126336 -2.800794 18.80646
0.1522979 -0.6005523 0.5607011 -0.5385499 -3.220641 18.82936
0.1601104 -0.5951812 0.5643632 1.728626 -3.770259 18.50875
0.1566924 -0.5819976 0.5738847 4.835496 -3.915298 17.46295
0.1510772 -0.5746734 0.5785234 4.316412 -3.029802 16.9973
0.1476592 -0.5839507 0.5682695 5.400382 -3.518351 16.85226
0.1459502 -0.5822417 0.5633867 6.163741 -4.434381 16.27211
0.2348174 -0.192105 0.5687578 -46.23321 10.71829 22.14234
0.1823272 -0.318814 0.3685625 18.19427 10.9931 16.09653
0.2018584 -0.2790191 0.3597734 20.42328 10.45111 16.39425
0.2023467 -0.2729156 0.3512285 20.66756 8.748825 16.55455
0.2033232 -0.2365386 0.36075 19.69046 7.138137 16.25684
0.2001494 -0.2294585 0.3595293 17.35458 6.550352 16.10417
0.1950225 -0.2360503 0.3561113 13.24008 5.985466 15.9973
0.1928252 -0.2326323 0.3700273 9.117939 4.550351 16.43241
0.1925811 -0.2421538 0.383455 4.369847 3.932031 16.82936
0.2067412 -0.2585113 0.4054277 -0.1874046 3.603786 17.29501
0.2050322 -0.2572906 0.4205644 -3.973664 3.680122 17.39425
0.2003936 -0.2682769 0.4188554 -7.279008 3.886229 17.98203
0.199417 -0.2804839 0.4374101 -9.072901 3.351878 18.1576
0.1989287 -0.2834136 0.4584062 -9.691221 3.42058 18.48585
0.1972197 -0.2951324 0.4674394 -9.126336 3.489283 18.38661
0.2052764 -0.2965972 0.4862382 -7.324809 3.725924 18.1576
0.2030791 -0.2965972 0.5072343 -4.737023 3.657221 18.1347
0.2113799 -0.2936675 0.5133379 -2.332443 3.802259 17.9286
0.2055205 -0.2939116 0.513582 1.156106 4.20684 17.42478
0.2086943 -0.3085601 0.5199296 4.110305 4.496916 17.41714
0.2187041 -0.3056304 0.4984453 6.720993 5.115237 17.11943
0.2091826 -0.3053863 0.4818437 8.621756 5.214473 17.21867
0.211624 -0.3088042 0.4747636 10.11794 5.298443 16.86753
0.2023467 -0.313687 0.4745195 11.07214 4.901496 16.9286
0.2018584 -0.3180816 0.4713457 11.14084 5.390046 17.49348
0.2055205 -0.3190581 0.451082 10.82023 5.351878 17.38661
