-1.341244 -1.774963 -0.2605791 -13.46365 -110.7362 -50.1891
-1.340999 -1.774963 -0.2605791 -57.44075 -149.1942 13.06281
-1.358089 -1.774963 -0.2605791 -53.79953 -200.9499 55.43686
-0.9157065 -1.774963 -0.2605791 -52.54762 -218.1713 95.94067
-0.6823081 -1.774963 -0.2605791 -27.48655 -233.4995 121.3605
-0.2784995 -1.774963 -0.2605791 -18.94456 -269.1713 137.8262
-0.4435386 -1.774963 -0.2605791 2.070702 -269.1713 152.4521
-0.09417335 -1.774963 -0.1480303 26.53635 -269.1713 181.5819
0.2673989 -1.774963 0.237956 47.86459 -269.1713 196.2766
0.4368325 -1.774963 0.5514326 86.27681 -269.1713 199.0323
0.5935708 -1.774963 0.7631025 126.1852 -269.1713 228.559
0.8381997 -1.585998 0.9425459 168.8188 -269.1713 229.4063
0.7759439 -1.328185 1.089763 193.8417 -251.0415 239.2842
0.7949868 -1.028869 1.098552 236.6127 -231.8965 241.559
0.824772 -0.6162714 1.088786 229.2081 -220.866 251.8109
0.7774087 -0.6912226 1.186442 259.2844 -208.5224 250.4674
0.7766763 -0.4502558 1.177165 269.6508 -192.8965 251.8109
0.7324868 -0.3667597 1.139812 269.6508 -180.2629 251.8109
0.7073403 -0.2063592 1.114665 269.6508 -166.3927 251.8109
0.661686 -0.07281433 1.020671 269.6508 -158.7362 251.8109
0.6709634 0.08734192 0.960124 268.231 -149.5453 251.8109
0.6636392 0.1735236 0.8902998 268.5669 -145.1408 251.8109
0.6611978 0.2584845 0.8409834 262.7195 -139.3545 251.8109
0.6272622 0.2882696 0.7977705 260.2921 -136.7133 251.8109
0.6319009 0.3453985 0.7645674 256.918 -132.8583 251.8109
0.6057778 0.353211 0.7460127 255.6356 -130.4156 251.8109
0.5762368 0.4340216 0.7284346 252.2234 -129.5301 251.8109
0.5486489 0.5018927 0.7399092 244.2844 -129.7285 251.8109
0.6123696 0.4081427 0.7523603 245.6203 -128.9881 251.8109
0.6450845 0.4230352 0.7474775 256.1241 -128.4308 251.8109
0.6660806 0.4269415 0.7443037 261.2539 -124.4003 251.8109
0.6590005 0.4201056 0.7328291 269.6508 -123.7056 251.8109
0.6367837 0.4415899 0.7611494 269.6508 -125.7056 251.8109
0.6665689 0.4389044 0.7428389 269.6508 -125.7591 251.8109
0.6797524 0.445252 0.6757002 269.6508 -125.4919 251.8109
0.6907388 0.4523321 0.6935225 269.6508 -127.8812 251.8109
0.7063638 0.4171759 0.6359053 269.6508 -123.8278 249.3224
0.7022134 0.3641974 0.5714521 269.6508 -124.2171 251.8109
0.7183267 0.31659 0.4608564 269.6508 -126.3011 251.8109
0.7652017 0.4218145 0.4359541 269.6508 -128.1713 251.8109
0.8162271 0.4828497 0.4164228 269.6508 -128.8202 251.8109
0.8406411 0.5426641 0.3683271 269.6508 -123.2553 251.8109
0.8540689 0.6425177 0.3346357 269.6508 -126.1484 251.8109
0.8958169 0.7006231 0.3063154 269.6508 -124.6904 251.8109
0.9509927 0.8646856 0.2367353 269.6508 -123.4614 251.8109
0.868229 0.8717657 0.2384443 269.6508 -132.7285 251.8109
0.9929849 0.9098516 0.2714033 269.6508 -130.7744 251.8109
1.048161 0.8573614 0.2550459 269.6508 -124.5453 251.8109
1.12653 1.190613 0.1720381 269.6508 -126.9041 251.8109
1.180485 1.159852 0.2215986 269.6508 -134.9194 251.8109
1.285465 1.182801 0.2679853 269.6508 -132.4461 251.8109
1.324528 1.185975 0.3075361 269.6508 -133.1255 251.8109
1.378727 1.255067 0.3487959 269.6508 -135.4843 251.8109
1.418278 1.33075 0.4203291 262.8646 -136.7285 251.8109
1.47028 1.432313 0.4591475 247.6967 -139.1942 251.8109
1.567936 1.506043 0.5394697 237.4371 -142.8354 251.8109
1.837956 1.73407 0.5292158 227.1623 -140.9576 251.8109
1.840153 1.873231 0.6263838 207.9791 -145.2629 251.8109
1.904118 2.018739 0.743083 200.2616 -131.3621 251.8109
2.034245 2.018006 0.8971357 215.9562 -122.8049 251.8109
2.182926 2.073182 0.8766279 235.0707 -109.4995 251.8109
2.158512 2.184998 0.8439131 255.315 -99.73619 251.8109
2.22028 2.224976 0.8148603 268.5516 -92.83542 251.8109
2.289799 2.224976 0.7362471 269.6508 -84.66748 251.8109
2.242741 2.224976 0.6156416 269.6508 -74.94229 251.8109
2.17609 2.224976 0.6190596 258.2157 -55.39267 251.8109
2.285465 2.224976 0.4469404 228.2768 -41.67512 251.8109
2.289799 2.224976 0.4139814 174.5058 -36.56824 251.8109
2.264225 2.224976 0.3841963 121.8646 -34.03389 251.8109
2.2757 2.224976 0.3622236 68.20047 2.515724 244.6964
2.049137 2.224976 0.340251 62.59742 2.431755 206.0094
1.821842 2.224976 0.3129072 57.76536 -0.7361832 160.8262
1.729557 2.224976 0.4308271 48.84933 5.706564 111.5132
1.655094 2.224976 0.4833174 45.94093 13.34779 56.91014
1.372135 2.224976 0.4235029 38.97147 17.98901 2.207847
1.315739 2.224976 0.4032393 18.8646 17.79817 -52.02116
1.243473 2.224976 0.5629072 14.55925 16.53862 -114.6547
1.279118 2.224976 0.6676435 0.7424583 17.76 -180.899
1.246891 2.224976 0.5965986 -0.5170841 20.92794 -241.0135
1.270573 2.224976 0.493083 -6.959833 22.15694 -248.4563
1.379948 2.224976 0.3326826 -14.39495 16.42412 -248.4563
1.472721 2.224976 0.3299971 -28.10487 8.752365 -248.4563
1.63654 2.224976 0.3343916 -39.16594 8.393587 -248.4563
1.871159 2.224976 0.2330732 -79.8606 0.08824348 -248.4563
2.13361 2.224976 0.2555342 -111.1659 -4.522443 -248.4563
2.289799 2.224976 0.2277021 -135.4713 -3.575878 -248.4563
2.289799 2.224976 0.2054853 -153.0438 -5.285802 -248.4563
2.289799 2.224976 0.1847334 -157.8835 -0.3010693 -248.4563
-0.6874351 -1.774963 -0.2605791 148.1089 -269.1713 17.61243
0.701481 -0.8379511 1.163005 141.9791 -160.4308 251.8109
0.7070962 -0.7754511 1.092692 143.2539 -154.4308 251.8109
0.7156411 -0.6619257 1.050944 143.5745 -147.5072 251.8109
0.757145 -0.6052851 1.003337 147.46 -144.385 251.8109
0.7564126 -0.5725702 0.9559736 148.7425 -140.698 251.8109
0.7686196 -0.5310663 0.9642744 155.5898 -135.2247 251.8109
0.786686 -0.5039667 0.9007978 168.0402 -132.4843 251.8109
0.8174478 -0.3892206 0.8758955 171.2234 -129.5224 251.8109
0.8250161 -0.3660272 0.8778486 181.1776 -129.3774 251.8109
0.8848306 -0.2688593 0.8260908 197.5516 -124.9652 251.8109
0.9036294 -0.2669061 0.7591963 212.7425 -127.4614 251.8109
0.9382974 -0.2149042 0.7584639 223.628 -128.8736 251.8109
1.014713 -0.169494 0.7220869 234.7348 -123.843 251.8109
1.073551 -0.1187128 0.6818037 246.6203 -124.5682 251.8109
1.138981 -0.01885925 0.6307783 250.3837 -125.0644 251.8109
1.282047 -0.1167596 0.574626 247.6432 -123.1942 251.8109
1.23029 -0.03131042 0.5377607 266.4218 -125.7285 251.8109
1.354557 0.143006 0.4835615 269.6508 -126.0263 251.8109
1.375553 0.07074036 0.4000654 269.6508 -123.3927 251.8109
1.394352 0.1088263 0.2860518 269.6508 -126.0721 251.8109
1.520084 0.2106329 0.2562666 269.6508 -127.0034 251.8109
1.48444 0.2230841 0.243083 269.6508 -136.9576 251.8109
1.46735 0.5016485 0.2389326 269.6508 -136.6599 251.8109
1.5965 0.4647833 -0.03304005 269.6508 -146.8583 251.8109
1.583561 0.37909 0.01554394 269.6508 -158.0415 251.8109
1.423405 1.601502 0.05070019 202.8646 -157.0797 251.8109
1.300846 1.45282 0.1449385 220.7959 -203.1637 251.8109
2.018864 1.588318 0.1151533 208.8722 -179.4079 251.8109
1.826969 1.084168 0.16154 241.9257 -181.8965 251.8109
1.899723 1.359803 -0.0369463 223.544 -191.8507 251.8109
1.900944 1.468445 0.08219433 218.6814 -199.324 251.8109
1.890934 1.638611 0.1937666 183.7883 -206.7438 251.8109
1.923649 1.699402 0.2975264 170.8264 -215.8049 251.8109
1.991032 1.770936 0.432292 162.1089 -224.469 251.8109
2.151676 1.709168 0.5785322 154.086 -230.8583 251.8109
2.236393 1.711854 0.649333 157.8417 -239.2629 251.8109
2.289799 1.862488 0.8080244 158.3073 -237.5835 251.8109
2.289799 1.991883 1.00236 163.3531 -227.5148 251.8109
2.289799 2.062196 1.120524 167.3837 -222.8736 251.8109
2.289799 2.113465 1.169597 178.3302 -217.2782 251.8109
2.289799 2.224061 1.240397 187.918 -212.2324 251.8109
2.289799 2.224976 1.316325 203.9944 -209.1331 251.8109
2.289799 2.224976 1.378825 221.3379 -209.8965 251.8109
2.289799 2.224976 1.405192 225.6127 -185.0797 251.8109
2.289799 2.224976 1.449138 254.8646 -164.7972 251.8109
2.289799 2.224976 1.346599 266.689 -151.095 251.8109
2.289799 2.224976 1.211101 269.6508 -138.5606 251.8109
2.289799 2.224976 1.158854 265.0554 -132.8202 251.8109
2.289799 2.224976 0.9889326 250.2616 -122.6828 251.8109
2.289799 2.224976 0.9659834 225.8035 -118.5759 251.8109
2.287907 2.224976 0.9960127 179.2539 -109.1942 248.3376
2.187809 2.224976 1.152751 118.4218 -97.65222 221.6201
2.010807 2.224976 1.258952 64.55162 -81.63695 189.4598
1.686344 2.224976 1.454997 22.78063 -68.71329 151.3911
1.71027 2.224976 1.454753 -17.80716 -60.27817 109.6277
1.86945 2.224976 1.452312 -47.9751 -44.86596 64.52083
1.925602 2.224976 1.526042 -86.78426 -30.62168 16.55136
1.763249 2.224976 1.902263 -98.83006 -19.24 -39.97536
1.899723 2.224976 1.941081 -104.9064 -4.010993 -99.35704
1.904606 2.224976 1.972087 -104.3797 15.30198 -154.67
2.033268 2.224976 1.966472 -95.05907 37.75237 -214.8227
