0.4652862 -0.3168609 0.3602617 -31.1416 -34.79316 38.03547
0.4525908 -0.3236968 0.3727129 -31.01183 -36.60995 37.38661
0.43721 -0.3200347 0.3858964 -31.63015 -38.17484 36.67669
0.4303741 -0.3212554 0.3924882 -31.56908 -40.06033 36.33318
0.4293975 -0.3122222 0.4073808 -31.94313 -41.0756 35.50875
0.4286651 -0.2978179 0.4400957 -32.53092 -41.83896 34.98203
0.4254912 -0.3005034 0.4564531 -33.9584 -42.42675 34.63089
0.4230498 -0.3005034 0.4713457 -34.53092 -43.59468 34.28738
0.4257354 -0.3078277 0.4825761 -35.36298 -43.52598 33.73012
0.4110869 -0.3610503 0.4872148 -29.59198 -44.94583 32.84463
0.4267119 -0.2873199 0.5074785 -35.72939 -43.45728 34.27974
0.4118194 -0.2692534 0.5116289 -38.33244 -43.55652 34.02783
0.3969268 -0.2934234 0.5133379 -41.20267 -43.68629 34.0202
0.4086455 -0.3114898 0.5382402 -43.92786 -42.19011 33.96676
0.4169463 -0.3105132 0.5318925 -46.01183 -41.53362 34.29501
0.4291533 -0.3280913 0.5458086 -48.08817 -40.74736 34.58508
0.4428252 -0.3351714 0.5526445 -50.50802 -39.54125 34.9744
0.440628 -0.3400542 0.5665605 -51.72176 -38.64049 34.9515
0.4264678 -0.3444488 0.5763261 -49.55382 -37.21301 34.60035
0.4037627 -0.4591949 0.6014726 -35.65305 -34.77789 31.18814
0.4125518 -0.4557769 0.5968339 -38.28664 -34.78553 33.76066
0.4149932 -0.2604644 0.5931718 -52.29428 -32.40385 36.57745
0.4047393 -0.3119781 0.5360429 -47.58435 -30.46492 35.11943
0.3915557 -0.3739898 0.546541 -48.37825 -29.85423 33.80646
0.4086455 -0.3774077 0.5433671 -47.17977 -30.43438 35.05073
0.3898467 -0.2865874 0.5301836 -45.9584 -26.19774 31.27974
0.3280791 -0.4059722 0.4940507 -49.32481 -30.44202 32.72249
0.3351592 -0.3925445 0.4991777 -52.33244 -30.57942 35.92096
0.6735381 -1.331021 0.1200273 100.7363 -222.9229 211.8523
0.720169 -0.9745757 0.8710039 228.8202 -181.0985 222.6996
0.6811065 -0.9726226 0.8707598 241.7744 -177.4268 222.8675
0.6491241 -0.9423491 0.8338945 242.9729 -173.0451 225.2874
0.6381377 -0.92648 0.7919023 242.9729 -170.4496 228.5011
0.6498565 -0.9049956 0.777498 242.9729 -168.0374 233.379
0.6806182 -0.8473784 0.7916582 242.9729 -165.9764 238.5698
0.6757354 -0.8459136 0.8011797 242.9729 -161.5489 242.0355
0.7094268 -0.790982 0.7738359 240.6905 -157.5871 248.066
0.7016143 -0.726773 0.7477129 236.4691 -154.8848 251.7988
0.6991729 -0.6344878 0.7320879 230.408 -155.4878 254.0049
0.7006377 -0.5805327 0.7577226 225.0874 -156.5184 255.4706
0.6859893 -0.5470855 0.8019121 219.4996 -156.7016 257.3943
0.6706084 -0.5321929 0.841707 215.0798 -155.4039 259.2798
0.6510772 -0.5070464 0.878084 210.7439 -152.7474 260.5316
0.6061553 -0.4980132 0.9183672 208.2019 -150.4039 260.7149
0.5692901 -0.4526031 0.9413164 204.095 -148.7474 262.1194
0.5373076 -0.4428374 0.9630449 204.9958 -147.0527 260.7683
0.5192412 -0.415982 0.9545 206.6981 -146.442 259.2645
0.513626 -0.3993804 0.9696367 209.8889 -145.4725 256.6233
0.5207061 -0.3957183 1.014314 212.9805 -143.9535 254.3484
0.5272979 -0.3608062 1.037019 215.7515 -141.6023 251.608
0.5189971 -0.3532378 1.05118 216.5149 -139.358 250.0049
0.515335 -0.2941558 1.07657 207.6752 -135.1061 250.3179
0.4845733 -0.3334624 1.088045 207.637 -130.6939 249.3408
0.4591826 -0.2621734 1.079256 202.324 -125.8771 249.2492
0.4403838 -0.2314116 1.075105 197.3393 -122.8695 248.2034
0.4123076 -0.1415679 1.055086 182.9424 -121.2741 249.0813
0.4228057 -0.06930225 1.057771 162.0798 -118.2817 251.3713
0.425003 -0.02389209 1.054598 142.4462 -116.1138 250.5698
0.3671416 -0.07516162 1.063143 129.8584 -116.1825 248.9439
0.3549346 -0.02438037 1.098299 113.4233 -115.6252 248.6461
0.3095244 -0.05440967 1.140535 99.51488 -114.9993 248.5622
0.3551787 0.08011181 1.183016 68.59885 -110.0832 249.982
0.3224639 0.008334473 1.196687 36.27824 -104.2435 253.7759
0.2953643 0.03103955 1.182771 17.07977 -104.0985 254.1347
0.180374 -0.1034819 1.193025 15.17901 -109.7397 250.6385
0.1562041 -0.0876128 1.27701 13.73626 -112.7474 248.2339
0.1408232 -0.05489795 1.331453 13.0187 -121.0145 246.6691
0.1044463 -0.0563628 1.516023 9.896564 -117.9611 244.6232
0.2633818 -0.06295459 1.466463 9.285879 -119.0527 243.295
0.1359404 0.03665478 1.598543 -2.301908 -111.1138 235.921
0.1632842 -0.1493804 1.564363 17.0874 -119.5107 231.4171
0.1122588 -0.1652495 1.678133 19.98054 -113.1977 231.379
0.1605986 -0.0443999 1.678621 31.23244 -108.4115 229.7607
0.19429 -0.03780811 1.696443 40.67519 -108.8848 226.9057
0.1584014 -0.05514209 1.777742 52.30878 -101.4955 219.4858
0.1439971 -0.01119678 1.773836 60.03397 -98.11378 215.6996
0.1405791 -0.018521 1.797518 77.58359 -92.78553 209.5775
0.2509307 0.1667817 1.748445 79.39275 -88.88477 210.5622
0.1569365 0.1059907 1.86075 102.1714 -84.56416 193.3255
0.2279814 0.1594575 1.838533 97.80496 -75.77789 191.9133
0.2421416 0.2009614 1.811189 98.14848 -64.82369 187.1881
0.2760772 0.2253755 1.849275 98.6981 -53.9611 179.8141
0.1874541 0.1423677 1.871736 96.07214 -48.24354 174.8981
0.07124317 0.1658052 1.88077 93.34695 -41.55652 172.6385
0.04927051 0.1929048 1.914217 99.24008 -32.93056 168.4935
0.04804981 0.2617524 1.934236 87.8126 -26.54889 168.982
-0.005416989 0.2444185 1.972811 90.77443 -19.69392 162.7377
-0.01249707 0.2617524 1.95865 88.95 -10.51072 160.7072
-0.1191865 0.2236665 2.00284 93.88893 -5.419115 156.0965
-0.1089326 0.2878755 2.017488 92.12557 4.565619 153.2797
-0.111374 0.2602876 2.038728 92.89657 9.954931 150.5393
-0.1562959 0.2378267 2.083162 99.7668 20.51218 144.5011
-0.2141572 0.2566255 2.107332 102.3164 27.17631 141.6691
-0.2427217 0.2346528 2.121248 110.4386 33.1076 138.0507
-0.283249 0.3069184 2.241121 111.4844 49.8786 132.9057
-0.1592256 0.3681977 2.187166 124.4385 58.84806 125.7225
-0.1797334 0.3157075 2.24698 116.3699 74.03889 121.1729
-0.07768261 0.3020356 2.205965 119.2553 84.83279 118.379
-0.01493847 0.3630708 2.190828 124.3164 101.4511 111.6461
0.04975879 0.3013032 2.072664 131.9653 113.245 106.0431
0.08393848 0.3042329 1.984285 131.4691 122.6114 102.6385
0.1112822 0.288852 1.909822 131.6752 131.5504 98.95913
0.1024932 0.2744477 1.840486 131.4462 139.3442 95.57745
0.07783496 0.2659028 1.803865 131.0034 146.3519 92.45531
0.05488575 0.2480806 1.775545 131.4462 151.9855 89.59271
0.01875293 0.2361177 1.762361 134.4538 158.619 86.37134
0.0009306669 0.2024263 1.747957 139.1332 163.9931 82.47821
-0.009323239 0.2326997 1.708406 137.8813 171.9626 79.60035
-0.02836621 0.2073091 1.673738 143.0798 177.3519 76.21104
0.03315723 0.2082856 1.622957 139.6294 184.8557 74.56982
-0.01371777 0.1760591 1.578279 140.1714 187.3977 72.19577
-0.0102998 0.1877778 1.589021 145.6752 192.8939 67.89806
-0.001510739 0.2026704 1.574373 149.8355 198.3366 63.72249
0.01216114 0.2034028 1.556062 152.7668 203.3748 59.35608
0.1339873 -0.2768218 0.6097734 72.13321 2.641954 9.127069
0.2841338 -0.2436187 0.4244707 52.22481 0.1610382 25.64615
0.2589873 -0.2624175 0.5006425 51.58359 0.9320305 25.0431
0.24971 -0.2548491 0.5336015 48.09504 3.886229 25.64615
0.2389678 -0.2211577 0.5279863 45.66756 5.084702 26.22631
0.2350615 -0.190396 0.5462968 36.61412 6.153405 27.67669
0.244583 -0.2038237 0.5807207 30.52252 8.90913 28.1118
0.2453154 -0.2057769 0.5965898 26.27061 11.9473 28.14997
0.2357939 -0.2069976 0.6085527 27.20954 13.79463 27.09653
0.2362822 -0.2238433 0.6315019 26.15611 16.89386 26.42478
0.2172393 -0.1994292 0.6315019 24.8126 19.71829 25.61562
0.2375029 -0.1647612 0.6273515 18.50725 21.66485 25.85226
0.2387236 -0.2067534 0.6251543 13.07214 23.77172 26.00493
0.2470244 -0.193814 0.607332 13.0874 26.90913 25.84463
0.2438506 -0.2087065 0.5719316 17.95763 28.20684 24.44768
0.2367705 -0.1664702 0.5443437 20.20954 30.74882 22.89806
0.2021025 -0.1076323 0.371248 29.85076 29.58088 17.92096
0.2060088 -0.08346241 0.3739336 28.0645 31.41295 17.44005
0.2025908 -0.06344287 0.3268144 25.24771 31.92439 16.35608
0.2050322 -0.02731006 0.3019121 18.46908 29.74882 15.88279
0.2042998 -0.02853076 0.2682207 11.33168 28.59615 14.40951
0.2035674 -0.0209624 0.2438066 2.117939 27.88623 13.60798
0.199417 -0.02511279 0.2232988 -7.45458 25.62669 12.86753
0.1916045 -0.0509917 0.2171953 -15.12634 23.47401 12.17287
0.1964873 -0.07003467 0.2203691 -19.72939 20.48928 11.01256
0.201126 -0.09078663 0.2235429 -23.59198 18.0389 9.737756
0.2089385 -0.1191069 0.2494218 -25.69885 15.32898 8.913328
0.2284697 -0.1210601 0.2508867 -30.05 13.79463 8.157603
0.228958 -0.1339995 0.2606523 -35.34008 12.23737 7.730123
0.2299346 -0.1554839 0.260164 -38.82862 9.664854 7.85226
0.2475127 -0.1620757 0.2836015 -40.34771 7.817526 7.050733
0.2560576 -0.1737944 0.3063066 -43.46985 7.077069 6.85226
0.2526397 -0.219937 0.3241289 -39.92786 5.61142 5.058367
0.2824248 -0.1889312 0.3331621 -41.69886 5.916764 5.501115
0.2563018 -0.1864898 0.3133867 -46.821 5.107603 6.043099
0.2292022 -0.2243315 0.3302324 -45.77519 3.405313 5.455313
