0.6183623 -0.2455718 0.543123 -17.23321 -27.22064 42.16524
0.6210479 -0.249478 0.5392168 -11.76756 -27.44965 40.92096
0.621292 -0.2599761 0.5209062 -12.56908 -26.68629 41.53165
0.6115264 -0.275357 0.5182207 -10.98893 -26.82369 41.37897
0.5915069 -0.268521 0.513582 -10.40114 -27.18247 41.76066
0.5768584 -0.3105132 0.5184648 -8.263741 -26.40385 42.01257
0.5495147 -0.3227202 0.5160234 -5.195038 -27.27408 42.42478
0.5453643 -0.3551909 0.5209062 4.140839 -28.59469 41.60035
0.5609893 -0.383023 0.5253007 7.583588 -27.95347 42.77592
0.595169 -0.3671538 0.5099199 10.54542 -27.48018 44.74539
0.5985869 -0.3603179 0.4938066 12.62939 -27.33515 46.1576
0.5626983 -0.3383452 0.4828203 14.23244 -26.9153 47.39425
0.5456084 -0.3334624 0.4764726 14.45382 -26.73209 48.76066
0.5397491 -0.3307769 0.4437578 14.43092 -26.23591 50.08127
0.5133819 -0.3473784 0.416414 13.74389 -26.82369 51.89806
0.5055694 -0.3476226 0.3968828 12.8813 -28.16721 53.60035
0.4972686 -0.3542144 0.313875 4.682825 -32.68629 61.53928
0.4755401 -0.3302886 0.30533 1.751526 -35.06033 64.17287
0.4611358 -0.3273589 0.2962968 2.54542 -36.99927 65.08127
0.4796905 -0.3241851 0.3014238 6.293511 -40.74736 66.30264
0.496292 -0.3034331 0.2855546 5.980534 -43.28934 67.9286
0.4897002 -0.2768218 0.2870195 5.316412 -46.16721 69.1118
0.5006866 -0.2560699 0.3082597 4.079771 -49.0527 70.32554
0.5219268 -0.2277495 0.3299882 0.6904578 -50.9611 71.26447
0.5421905 -0.1964995 0.3402421 -3.530916 -52.8695 72.59272
0.5363311 -0.1735503 0.3546464 -9.96603 -54.0985 73.72249
0.5492705 -0.1554839 0.3780839 -15.54618 -55.56415 74.64616
0.5395049 -0.14523 0.402498 -22.34008 -56.68629 75.21104
0.5724639 -0.1144683 0.4283769 -28.17977 -57.75499 76.02783
0.5783233 -0.117398 0.4586504 -33.84389 -58.1214 76.38661
0.5961455 -0.09469288 0.4645097 -39.19504 -58.15194 76.20341
0.6007842 -0.08858936 0.508455 -43.48512 -58.25117 75.75302
0.5771026 -0.08346241 0.5340898 -43.80573 -58.39621 74.03547
0.581253 -0.09151905 0.5733964 -42.58435 -58.32751 71.82936
0.5810088 -0.07687061 0.6122148 -41.05764 -57.35041 69.60035
0.5854033 -0.07882373 0.6322343 -39.32481 -56.53362 67.69196
0.5897979 -0.07760303 0.6573808 -37.31718 -55.0069 65.00493
0.6012725 -0.06832569 0.6813066 -35.27901 -53.38094 62.63088
0.5993194 -0.06441944 0.7145097 -34.12634 -51.54889 60.34081
0.6046905 -0.06856983 0.7269609 -33.94313 -49.12904 58.36371
0.6044463 -0.07589405 0.7567461 -33.88206 -46.91529 56.70722
0.6076201 -0.08370655 0.7679765 -33.39351 -44.42675 54.76066
0.6098174 -0.09859913 0.7899492 -32.46985 -41.77026 53.1576
0.6044463 -0.1059233 0.8087481 -30.64542 -38.78553 51.63089
0.6063994 -0.1110503 0.8219316 -28.32481 -35.51072 49.80646
0.6051787 -0.1112944 0.8336504 -25.92023 -32.0069 48.1805
0.5995635 -0.1210601 0.8268145 -22.66832 -28.48018 46.27211
0.5966338 -0.1181304 0.8331621 -19.72176 -24.79316 44.60799
0.5819854 -0.1130034 0.8307207 -17.06527 -20.99163 42.95913
0.5688018 -0.1195952 0.8226641 -14.27137 -17.61759 41.1576
0.5612334 -0.1152007 0.7862871 -12.01183 -14.04507 39.33318
0.5543975 -0.1183745 0.7604082 -10.05 -11.97637 38.1805
0.5451201 -0.124478 0.7374589 -8.889695 -9.304611 37.46294
0.5373076 -0.1269194 0.7137773 -7.843893 -7.266443 36.30264
0.296585 -0.2157866 0.6305254 22.51488 16.74119 1.615618
0.2846221 -0.2126128 0.4708574 48.21717 41.04654 -30.85003
0.2785186 -0.2211577 0.4574296 50.55305 41.38241 -33.04087
0.2748564 -0.2245757 0.4383867 53.30878 41.19157 -35.01797
0.2733916 -0.2304351 0.4242265 55.98817 40.8786 -37.13248
0.2716826 -0.2350737 0.4159257 56.96527 41.09234 -38.59812
0.2521514 -0.2441069 0.4093339 58.20954 39.89386 -40.14011
0.2362822 -0.2631499 0.4217851 59.79733 38.89386 -41.83476
0.2494658 -0.2724273 0.4212968 60.38511 38.05417 -42.66682
0.2926787 -0.2912261 0.4435136 61.16374 39.11524 -44.01034
0.3000029 -0.3009917 0.4249589 61.86603 39.60379 -44.97217
0.3009795 -0.2992827 0.4093339 61.44618 38.82516 -45.52942
0.2960967 -0.3114898 0.3956621 59.26297 38.29081 -45.31568
0.2970732 -0.3070952 0.3922441 57.80496 37.68012 -45.56759
0.3056182 -0.3141753 0.3827226 55.14084 37.35188 -45.47599
0.2985381 -0.3134429 0.3795488 51.36985 36.91676 -45.43018
0.2958525 -0.3210113 0.376375 48.53778 35.64196 -45.68973
0.2970732 -0.3239409 0.3795488 45.07214 34.60379 -45.68209
0.2936553 -0.3529937 0.3790605 43.14847 33.49692 -45.72026
0.3175811 -0.3695952 0.3802812 41.8126 31.82516 -45.934
0.3083037 -0.3727691 0.3941972 40.22481 30.93966 -45.23934
0.3007354 -0.4023101 0.3993242 36.18664 29.92439 -43.89584
0.291458 -0.4045074 0.4230058 36.27824 28.07707 -43.33858
0.2787627 -0.4054839 0.4564531 37.52252 28.0618 -43.51415
0.2831572 -0.4208648 0.4576738 39.9271 27.42058 -43.89584
0.2890166 -0.4272124 0.4711015 41.62175 26.78699 -43.9798
0.298294 -0.4301421 0.4923418 42.15611 26.62669 -43.62103
0.3031768 -0.4208648 0.4918535 41.95763 26.38241 -43.18591
0.3090361 -0.4277007 0.5052812 40.65229 25.93966 -42.33095
0.3043975 -0.4313628 0.5221269 37.71336 25.65722 -41.62865
0.3085479 -0.4252593 0.5323808 34.8126 26.19157 -40.62865
0.3175811 -0.4245269 0.5497148 32.46908 26.21447 -40.16301
0.3119658 -0.4406402 0.5387285 30.75153 26.39768 -39.38438
0.3058623 -0.447232 0.5560625 27.05687 26.47401 -38.50652
0.3148955 -0.443814 0.5677812 22.76679 26.82516 -37.10194
0.31929 -0.4367339 0.572664 17.10267 26.55798 -35.33858
0.3373564 -0.4428374 0.5939043 11.95 27.11524 -34.0714
0.3549346 -0.4367339 0.6004961 7.156106 27.77936 -32.87293
0.3666533 -0.4523589 0.6183183 5.240077 29.39768 -32.72026
0.3668975 -0.4609038 0.622957 2.217175 30.76409 -32.17828
0.3749541 -0.4626128 0.6202714 -1.195038 31.26791 -31.50652
0.3671416 -0.4618804 0.6471269 -4.851527 32.42822 -30.68209
0.3776397 -0.4606597 0.6361406 -9.233206 33.69539 -29.49125
0.3813018 -0.4518706 0.6522539 -11.78282 34.48165 -29.06377
0.383499 -0.4523589 0.6517656 -13.23321 34.75646 -28.63629
0.3759307 -0.4313628 0.6847246 -15.21031 36.35188 -28.62866
0.3937529 -0.4252593 0.6832597 -15.81336 38.56562 -29.30041
0.3952178 -0.4054839 0.688875 -15.0729 39.58852 -29.85766
0.4152373 -0.3959624 0.7088945 -14.37824 41.39005 -31.1172
0.4210967 -0.3810699 0.7128007 -12.37824 43.52745 -32.46072
0.4313506 -0.3722808 0.7267168 -10.03473 45.95493 -34.62865
0.4384307 -0.3505523 0.7228105 -9.095801 48.00837 -36.75079
0.4579619 -0.337857 0.7276933 -7.13397 50.22211 -39.17828
0.4733428 -0.3312652 0.7218339 -6.393512 52.65722 -41.65156
0.4889678 -0.3302886 0.7247636 -5.034733 55.16867 -44.06377
0.4970244 -0.3276031 0.716707 -3.263741 57.75646 -46.92637
0.5055694 -0.3268706 0.7128007 -0.6301527 60.21447 -49.934
0.5167998 -0.3298003 0.7120683 1.65229 62.97783 -52.8195
0.5226592 -0.3356597 0.7118242 3.522519 65.64958 -55.59812
0.5407256 -0.3363921 0.6898515 5.423282 68.1763 -58.24698
0.543167 -0.3490874 0.6869218 7.262977 70.91676 -60.43018
0.5246123 -0.3263824 0.6747148 7.018702 73.06944 -62.34621
0.5429229 -0.3114898 0.6686113 4.125573 74.78699 -63.7279
0.5626983 -0.3183257 0.6656816 7.102671 78.36714 -67.07904
0.5893096 -0.3254058 0.6534746 8.064505 82.1076 -70.34621
0.59346 -0.3229644 0.619539 9.140841 85.14577 -73.36912
0.610794 -0.3507964 0.5736406 8.827862 87.42058 -75.7966
0.6227569 -0.3578765 0.5382402 6.469084 89.07706 -77.65156
0.6347198 -0.377896 0.5091875 4.812595 90.56561 -79.75079
0.6310576 -0.4215972 0.4686601 3.499618 91.49691 -80.99507
0.6295928 -0.4294097 0.4313066 1.117939 91.68775 -82.57523
0.6208037 -0.4850738 0.4032304 2.408015 91.28317 -83.96454
0.6215362 -0.4738433 0.3793046 1.05687 91.016 -85.43782
0.591751 -0.5182769 0.3614824 -0.5309162 89.44348 -87.06377
0.5868682 -0.5519683 0.3490312 1.629389 88.38241 -87.45309
0.5932158 -0.5883452 0.3263261 -3.485115 87.1534 -84.01797
0.579544 -0.6071441 0.3089921 -5.469848 84.65722 -83.51415
0.5922393 -0.6252105 0.3036211 -9.546184 82.45875 -81.39965
0.6044463 -0.6488921 0.2989824 -14.36298 80.27554 -78.22408
0.6178741 -0.6547515 0.3043535 -21.92023 78.23737 -74.10194
0.6193389 -0.681607 0.3292558 -26.28664 76.45111 -70.42255
0.6193389 -0.7065093 0.3666093 -27.65305 75.1534 -67.48362
0.605667 -0.7065093 0.3829668 -29.27901 73.96256 -64.29278
0.6044463 -0.7065093 0.4134843 -29.59962 72.58089 -61.0027
0.610794 -0.6984527 0.4195879 -28.78282 71.9702 -57.71263
0.6181182 -0.6708648 0.4344804 -28.29428 71.37478 -54.97217
0.6244658 -0.6437652 0.4571855 -28.0271 70.87859 -52.48362
0.6256866 -0.6164214 0.4669511 -28.78282 71.05417 -49.75843
0.6295928 -0.579312 0.4894121 -30.59198 70.89386 -47.23171
0.8896026 -0.3666656 1.021639 88.08741 83.18394 15.46295
0.7116241 -0.06905811 0.4064043 76.01107 90.57325 26.44005
0.6571807 -0.01583545 0.4037187 74.24008 86.42822 27.07363
0.6891631 0.03885205 0.3583086 70.33932 84.25264 27.0431
0.6886748 0.134311 0.3316972 72.31641 78.67249 25.83699
0.643753 0.1155122 0.3231523 74.62939 75.60378 19.84463
0.65596 0.1853364 0.2608964 75.34695 71.12287 16.30264
