0.2807158 -0.2148101 0.532625 -19.94313 -20.24354 42.72249
0.2812041 -0.2038237 0.5470293 -18.53855 -19.45728 42.60799
0.2865752 -0.2016265 0.5665605 -16.42405 -18.28171 42.23394
0.2824248 -0.192105 0.5685136 -14.28664 -17.69392 41.76829
0.2902373 -0.1728179 0.5853593 -13.17214 -16.63285 41.2263
0.2904815 -0.1769683 0.6009843 -12.12634 -14.68629 41.18814
0.28804 -0.1801421 0.5921953 -9.614885 -12.67102 40.35608
0.2968291 -0.1691558 0.5863359 -7.576718 -12.01453 39.86753
0.2970732 -0.169644 0.5895097 -6.24084 -10.75499 39.47821
0.3007354 -0.1659819 0.5848711 -4.706489 -8.716825 38.9973
0.2946318 -0.1610991 0.5880449 -3.83626 -7.327511 38.21867
0.2956084 -0.148648 0.5699785 -2.630153 -5.846596 38.01257
0.2875518 -0.1442534 0.5602129 -1.966031 -4.159573 37.32554
0.2807158 -0.1393706 0.5436113 -0.9736643 -2.922931 36.43241
0.2782744 -0.1286284 0.5111406 -0.1645041 -2.083237 36.1576
0.2709502 -0.1183745 0.5113847 -0.2179389 -0.8694963 35.07363
0.2704619 -0.1083647 0.4925859 0.1408396 0.03890085 34.09653
0.2594756 -0.1134917 0.4659746 0.7286258 0.3900459 33.0202
0.2472686 -0.1154448 0.4376543 1.65229 0.1228702 31.73012
0.2406768 -0.1210601 0.4149492 2.568321 -0.426748 30.79882
0.246292 -0.1239897 0.4086015 3.041603 -0.8771297 29.89043
0.2394561 -0.1415679 0.4034746 2.904198 -1.235908 29.26447
0.2250518 -0.1569487 0.3934648 2.766794 -2.266443 28.69195
0.2216338 -0.1786772 0.3922441 2.469084 -2.907664 28.75302
0.2179717 -0.1933257 0.3883379 2.308778 -4.09087 28.9515
0.2145537 -0.2038237 0.390291 2.194274 -4.991633 29.26447
0.21846 -0.2148101 0.3939531 1.782061 -5.922931 29.46295
0.2189482 -0.2248198 0.405916 1.46145 -6.373313 30.19577
0.2182158 -0.235562 0.4086015 1.35458 -7.052702 30.72249
0.2172393 -0.235562 0.4125078 1.804962 -7.739725 31.51638
0.2201689 -0.242398 0.4271562 1.95 -7.930565 32.32554
0.2240752 -0.2411772 0.4283769 2.201909 -8.365679 33.1347
0.2262725 -0.2348296 0.4413164 2.522519 -8.274076 33.73775
0.2316436 -0.2318999 0.4474199 3.240077 -8.144305 34.07363
0.2299346 -0.2204253 0.4545 3.133206 -8.182473 34.56982
0.227249 -0.2106597 0.4549882 2.553053 -7.57942 35.02783
0.2294463 -0.2096831 0.4474199 2.766794 -7.380947 35.10417
0.2328643 -0.2048003 0.4447343 2.927099 -7.449649 35.62325
0.2421416 -0.2018706 0.4335039 2.782061 -7.464916 35.52402
0.2570342 -0.1894194 0.4332597 3.049237 -7.87713 35.98203
0.258499 -0.1742827 0.4359453 2.308778 -8.067969 36.03547
0.25679 -0.1652495 0.4286211 1.988168 -8.396214 35.84463
0.2646025 -0.1579253 0.4347246 1.606489 -8.907664 35.50875
0.2699736 -0.1444976 0.4369218 1.583588 -9.411481 34.9515
0.2616729 -0.1415679 0.4569414 0.6217556 -9.075603 34.27974
0.2563018 -0.1459624 0.4608476 0.5072517 -9.251175 33.92096
0.2702178 -0.1466948 0.468416 0.2553434 -9.274076 33.85989
0.2770537 -0.1369292 0.4718339 0.4538169 -9.342779 32.9515
0.2834014 -0.131314 0.4986894 -0.9278626 -8.922932 32.88279
0.2875518 -0.127896 0.501375 -1.271374 -8.77026 32.62325
0.291458 -0.1259429 0.5106523 -3.24084 -7.999267 32.23394
0.2790068 -0.1332671 0.5123613 -4.805725 -7.136672 32.2263
0.2770537 -0.1449858 0.5243242 -6.263741 -6.609954 32.21104
0.117874 -0.09347218 0.8785723 71.56832 200.0007 -69.92637
0.7177276 -0.3312652 -0.2481368 -99.36298 76.1534 -200.3768
0.7392119 -0.3959624 -0.1209395 -84.73702 72.09997 -207.4913
0.8144073 -0.4242827 -0.007902384 -76.2103 69.55035 -214.4225
0.8615264 -0.4616363 0.06875777 -64.79046 69.1076 -220.4836
0.9428252 -0.6610991 0.2626054 -19.9355 74.9702 -228.9951
0.9210967 -0.6769683 0.2562578 -8.83626 76.68775 -228.9951
0.925003 -0.7238433 0.2442949 2.110305 78.56561 -228.9951
0.9184112 -0.7897613 0.2181718 8.866032 78.65722 -228.9951
0.9049834 -0.8664214 0.1878984 13.62176 79.45111 -228.9951
0.8925323 -0.9257476 0.164705 19.04924 81.36714 -228.9951
0.8813018 -1.014615 0.1219804 26.79733 79.38241 -228.9951
0.8166045 -0.9828765 0.06094527 18.57595 77.79462 -228.9951
0.8239287 -1.12106 0.04678512 26.40801 74.1534 -228.9951
0.8073272 -1.137662 0.03555465 25.52252 70.56561 -228.9951
0.7616729 -1.196011 0.002107382 25.77443 66.84042 -228.9951
0.7470244 -1.239224 0.01040816 17.75916 60.60379 -228.9951
0.6789092 -1.321988 0.006013632 7.713358 56.63432 -225.7126
0.6791533 -1.322232 0.01162887 5.217175 51.45875 -221.9035
0.6359405 -1.335171 -0.01254106 -0.5843511 44.12287 -216.2241
0.6635283 -1.441861 0.02456832 -1.072901 36.89386 -209.6516
0.6830596 -1.445523 -0.0008223057 -21.43931 32.87096 -196.7203
0.6498565 -1.58273 0.07095504 -33.79809 23.16104 -181.3462
0.6234893 -1.582974 0.1666582 -43.75229 21.71829 -170.2546
0.6024932 -1.587124 0.2218339 -53.41641 17.22974 -160.1248
0.6193389 -1.643277 0.3211992 -63.33244 16.71066 -143.3691
0.6835479 -1.481656 0.3421953 -56.64542 12.04653 -133.5829
0.6850127 -1.578335 0.4432695 -51.37061 10.72592 -126.1554
0.7008819 -1.538785 0.5658281 -44.56908 9.084702 -119.2317
0.735794 -1.407925 0.6410234 -38.28664 13.26027 -113.6439
0.779251 -1.244107 0.6481035 -32.08054 13.59615 -108.163
0.7970733 -1.177212 0.7037675 -27.44695 16.84043 -107.5294
0.7892608 -1.164517 0.7604082 -19.32481 14.48165 -103.1477
0.8263701 -1.051724 0.8290117 -12.82863 19.27554 -100.2317
0.84346 -0.9379546 0.8834551 -11.35534 24.32134 -98.65156
0.9425811 -0.8625152 0.8785723 -12.24847 29.42821 -94.58286
0.8229522 -0.8383452 0.9212969 -7.759924 35.9702 -98.01797
0.8393096 -0.7321441 0.8985918 1.553053 38.04654 -101.9187
0.8251494 -0.7001616 0.921541 6.95 41.9244 -104.9416
0.8273467 -0.6994292 0.9552324 11.24771 47.52745 -107.079
0.8217315 -0.695523 0.956209 12.56069 55.46638 -108.7203
0.798294 -0.7013824 0.9142168 15.0187 62.45111 -110.4913
0.7907256 -0.7301909 0.8209551 16.59122 67.64958 -111.537
0.7819366 -0.7692534 0.7081621 20.19427 70.67249 -112.247
0.7751006 -0.7929351 0.5978105 22.27061 72.04653 -112.7432
0.7667998 -0.822232 0.5204179 22.60649 71.23737 -112.4302
0.7611846 -0.8439605 0.4115312 21.33168 68.11523 -111.2241
0.7592315 -0.8771636 0.3263261 18.51488 65.34424 -109.56
0.7597198 -0.9040191 0.2718828 15.29351 60.70303 -106.7661
0.7689971 -0.9430816 0.2391679 12.33931 56.20684 -103.5829
0.7680205 -0.9565093 0.2191484 10.18664 51.68012 -100.56
0.7714385 -0.9633452 0.2137773 9.270611 46.9931 -97.23171
0.775833 -0.9687163 0.2164629 9.255344 42.37478 -94.38438
0.7875518 -0.9623687 0.2315996 9.186642 38.20684 -91.24698
0.7980498 -0.9372222 0.2547929 9.301146 34.19921 -88.54469
0.7992705 -0.9120757 0.2750566 8.751526 31.36714 -85.7966
0.8119658 -0.8791167 0.3016679 7.499618 28.86333 -83.11721
0.8161162 -0.8395659 0.3312089 6.186641 26.64959 -81.28515
0.8141631 -0.803189 0.355623 5.339313 25.59615 -79.59812
0.81221 -0.7773101 0.3524492 4.117939 24.16867 -77.7966
0.8009795 -0.7607085 0.3700273 3.446183 23.58852 -77.44545
0.7919463 -0.7184722 0.3565996 0.3240457 22.1076 -77.26988
0.7855987 -0.719937 0.3251054 -3.462214 20.25264 -76.99507
0.8068389 -0.7370269 0.3031328 -5.950764 18.58852 -75.9569
0.8129424 -0.7614409 0.2679765 -7.889695 16.56562 -74.59049
0.829544 -0.7763335 0.2303789 -8.24084 13.77936 -73.85767
0.855667 -0.7924468 0.1996171 -8.217939 9.970198 -72.55996
0.8759307 -0.8112456 0.1581132 -8.149237 6.283176 -71.38438
0.8966826 -0.8359038 0.1415117 -9.34771 2.000733 -69.49889
0.9054717 -0.8525054 0.1373613 -9.187405 -2.022168 -67.7737
0.918167 -0.8627593 0.1241777 -8.469848 -6.342779 -65.98743
0.9296416 -0.8617827 0.1412675 -7.530916 -10.62522 -64.23934
0.9508819 -0.8603179 0.1451738 -7.072901 -14.42675 -62.38438
0.9643096 -0.853482 0.1708086 -7.286641 -17.66339 -60.39201
0.9752959 -0.8410308 0.1979082 -7.798092 -20.30461 -58.71263
0.9782256 -0.8381011 0.2145097 -7.988932 -22.24354 -57.27751
0.9853057 -0.8307769 0.2281816 -7.614886 -24.59469 -56.15537
0.9865264 -0.8210113 0.2508867 -7.508016 -26.67102 -55.26988
0.9728545 -0.8219878 0.2743242 -6.851527 -27.79316 -54.30042
0.9594268 -0.8290679 0.2811601 -5.889695 -28.984 -53.60576
0.9374541 -0.8302886 0.2804277 -4.332443 -30.09087 -52.99507
0.9291533 -0.8337066 0.275789 -3.042367 -31.41912 -51.87293
0.9098662 -0.8485991 0.2489336 -2.485115 -32.95346 -50.8653
0.3224639 -0.3512847 0.4779375 -5.263741 -0.243542 22.1347
0.3432158 -0.3376128 0.5331132 -5.202672 -1.17484 28.33318
0.3439482 -0.3258941 0.5238359 -5.927863 -0.5794199 28.56982
0.3390654 -0.3232085 0.5289629 -6.866794 -0.06796956 28.78356
0.3361357 -0.3202788 0.5336015 -7.378244 0.4892824 29.0889
0.3305205 -0.3202788 0.5348222 -7.591985 1.115237 29.50111
0.327835 -0.3217437 0.52408 -7.820992 1.168672 29.79119
0.326126 -0.3056304 0.5138261 -7.653054 1.443481 29.71486
0.3224639 -0.3024566 0.5162675 -7.668321 1.649588 30.00493
0.3168486 -0.2936675 0.508455 -7.83626 1.756458 29.85989
0.3136748 -0.2856109 0.5128496 -7.973664 1.848061 30.24157
0.3168486 -0.2777984 0.5130937 -8.301908 1.817527 29.87516
0.3229522 -0.2694976 0.5216386 -8.271374 1.916763 30.14997
0.326126 -0.2607085 0.5189531 -8.317176 1.977832 29.66142
