1.03804 -0.06930225 0.801668 -11.69885 -6.724458 23.16524
1.034622 -0.06759326 0.7987382 -11.81336 -6.915298 22.69195
1.036087 -0.06588428 0.8150957 -11.74466 -7.312244 22.31791
1.034866 -0.06246631 0.8126543 -11.9355 -7.434381 21.77592
1.034866 -0.06246631 0.8131426 -11.9355 -7.548885 21.40951
1.037552 -0.06637256 0.8216875 -11.99656 -7.747359 21.14997
1.044144 -0.06075733 0.8243731 -12.08053 -7.999267 20.78356
1.044388 -0.05733936 0.8265703 -12.34771 -7.716825 20.42478
1.051224 -0.05367725 0.8253496 -12.40114 -8.045069 20.32554
1.051468 -0.05831592 0.8336504 -12.68359 -8.075603 19.62325
1.04805 -0.05050342 0.8287676 -12.97366 -8.213007 19.57745
1.044144 -0.04635303 0.8373125 -12.84389 -7.808427 19.1576
1.044632 -0.04586474 0.8399981 -13.04237 -7.556519 18.45531
1.036087 -0.04293506 0.8419512 -13.01947 -7.380947 17.88279
1.04219 -0.03951709 0.8399981 -13.70649 -7.266443 17.63852
1.038772 -0.03585498 0.8497637 -13.68359 -7.228275 17.28737
1.035599 -0.04391162 0.8336504 -13.70649 -7.006901 16.76829
1.03511 -0.0443999 0.8480547 -13.32481 -6.716825 16.34081
1.037552 -0.05563037 0.8375566 -12.13397 -6.556519 15.68432
1.039505 -0.05685108 0.8407305 -9.882061 -6.816061 15.14997
1.048294 -0.05709522 0.8395098 -8.935496 -6.571786 14.85989
1.05513 -0.05416553 0.8407305 -8.889695 -6.136672 14.51638
1.05806 -0.05929248 0.8448809 -8.500381 -5.861863 14.61562
1.059524 -0.05953662 0.8519609 -8.279008 -6.052702 14.43241
1.055618 -0.05001514 0.8368242 -8.141603 -5.671023 14.24921
1.060989 -0.06197803 0.845125 -8.080534 -5.518351 14.34081
1.06514 -0.06612842 0.8436602 -8.095801 -5.243542 13.92096
1.071976 -0.06979053 0.845125 -7.614886 -4.861863 13.87516
1.076614 -0.07491748 0.8507402 -6.889695 -4.36568 13.56982
1.07344 -0.08150928 0.8265703 -5.05 -4.36568 13.19577
1.074417 -0.07735889 0.8390215 -4.515649 -4.442015 12.9973
1.069778 -0.0744292 0.8304766 -5.256107 -4.251176 12.90569
1.072464 -0.07882373 0.8426836 -5.317176 -3.68629 12.84463
1.076858 -0.081021 0.8348711 -5.599618 -3.564153 12.71486
1.067581 -0.07711475 0.8316973 -5.805725 -3.266443 12.65379
1.067093 -0.08443897 0.8341387 -5.950764 -3.220641 12.60798
1.054397 -0.09005421 0.8365801 -6.553817 -2.831328 12.22631
1.060501 -0.0876128 0.8356035 -6.401145 -2.655756 12.46295
1.076126 -0.06759326 0.9332598 39.0187 7.466382 22.54692
1.135452 -0.1520659 0.9120195 3.087405 14.76409 -7.369114
1.140823 -0.1503569 0.895418 4.896565 14.73356 -8.827129
1.146194 -0.1603667 0.8751543 5.362214 13.42821 -9.140106
1.147659 -0.1579253 0.8727129 5.835496 12.19157 -10.15537
1.144485 -0.1745269 0.8924883 7.507252 10.98547 -10.96453
1.151077 -0.1813628 0.8976152 8.766794 11.16104 -11.89583
1.158646 -0.1874663 0.881502 11.46145 10.18394 -12.25461
1.168167 -0.1867339 0.8768633 14.13321 8.680122 -13.23171
1.180374 -0.1801421 0.8822344 17.17901 7.848061 -14.46835
1.190384 -0.1811187 0.8868731 17.68283 7.099969 -15.32331
1.184036 -0.174771 0.865877 15.54542 5.229741 -14.9798
1.185989 -0.1686675 0.8609941 13.8355 4.199206 -15.30805
1.184524 -0.1562163 0.8793047 10.20191 3.099969 -15.18591
1.179397 -0.1457183 0.879793 6.476717 2.619053 -15.39202
1.156937 -0.1503569 0.8768633 3.469084 1.496916 -15.78133
1.142288 -0.1518218 0.8836992 0.1790075 0.2602749 -15.66683
1.137405 -0.1481597 0.8844316 -2.920229 -1.251176 -15.67446
1.129593 -0.1471831 0.8963945 -5.401145 -1.961099 -15.54469
1.125687 -0.1506011 0.9010332 -6.675954 -1.816061 -15.77369
1.118362 -0.1615874 0.8976152 -5.569084 -2.47255 -16.0027
1.113968 -0.1579253 0.878084 -1.72939 -3.419115 -16.48362
1.113479 -0.1447417 0.8761309 3.385114 -4.457283 -17.62866
1.110306 -0.1361968 0.8675859 7.644657 -5.396214 -18.52179
1.105911 -0.1310698 0.8500078 11.84313 -6.724458 -19.39965
1.095413 -0.1222808 0.8373125 16.94237 -8.327511 -20.52179
1.099319 -0.1068999 0.8280352 19.59122 -9.945832 -21.51415
1.099075 -0.09029835 0.8099688 20.00344 -11.57942 -21.62866
1.101517 -0.08370655 0.8060625 18.57595 -13.86186 -21.56759
1.085159 -0.07857959 0.8009356 16.01107 -16.10614 -21.33858
1.080521 -0.07516162 0.8060625 13.37748 -17.92293 -21.26988
1.086868 -0.07174366 0.8058184 11.04924 -19.96873 -21.30041
1.085647 -0.06588428 0.8014238 8.423283 -21.77789 -21.42255
1.094192 -0.06441944 0.8092363 5.942366 -23.25881 -21.94163
1.099319 -0.06930225 0.8182695 3.278244 -24.77789 -21.90347
1.102737 -0.07272022 0.8194902 0.4843512 -26.12904 -21.96453
1.104202 -0.06905811 0.8216875 -2.584351 -27.83133 -22.17064
1.111526 -0.08028858 0.8351152 -5.927863 -29.0298 -22.06377
1.125198 -0.08248585 0.8443926 -9.233206 -30.03744 -21.37675
1.139603 -0.0942046 0.845125 -11.38588 -30.95347 -20.97217
1.156448 -0.1059233 0.8685625 -12.99656 -31.9611 -20.41492
1.157669 -0.1054351 0.8685625 -13.88969 -32.46492 -19.8195
1.16304 -0.1127593 0.878084 -14.77519 -32.9382 -19.29278
1.153519 -0.1130034 0.8834551 -15.31717 -33.80079 -18.58285
1.142288 -0.1186187 0.8966387 -16.33244 -34.22827 -17.9798
1.143021 -0.1054351 0.8976152 -18.84389 -34.35804 -17.14011
1.143021 -0.1003081 0.9103106 -23.29428 -34.03743 -16.30805
1.149124 -0.08517139 0.9088457 -30.75229 -33.39621 -14.78896
1.160354 -0.07467334 0.9005449 -37.72176 -32.71682 -13.70499
1.161819 -0.07784717 0.895418 -41.52328 -31.8695 -12.96453
1.149856 -0.07906787 0.8910234 -41.53855 -32.0527 -12.9798
1.123489 -0.07149951 0.893709 -38.52328 -31.67866 -12.13247
0.9518584 0.0115083 0.9117754 -27.11107 -26.54889 -17.08667
0.9564971 -0.08346241 0.897127 -10.17214 -29.73973 -21.45308
1.038284 -0.03951709 0.8700274 -12.1874 -30.39621 -20.21644
1.079056 -0.03316943 0.8834551 -2.744657 -30.77789 -20.92637
1.16011 -0.05587451 0.876375 2.476717 -31.23591 -20.18591
1.217972 -0.0509917 0.8890703 7.67519 -31.60995 -20.0256
1.287552 -0.06930225 0.8890703 13.46145 -33.0069 -18.96453
1.316604 -0.07027881 0.897127 18.9271 -33.54889 -18.54469
1.321487 -0.05807178 0.8934649 23.84313 -34.28934 -18.33858
1.322464 -0.04928271 0.8983477 25.36985 -34.06797 -17.54469
1.314407 -0.02926318 0.9061602 25.8126 -34.34278 -16.94927
1.282669 -0.018521 0.9186113 24.11794 -34.14431 -16.14011
1.251175 -0.02071826 0.9139727 21.43855 -33.60232 -15.92637
1.221634 -0.00851123 0.9132402 18.29351 -32.68629 -15.94927
1.192093 -0.01485889 0.9195879 14.77443 -31.8695 -15.99507
1.167435 -0.01607959 0.9308184 11.54542 -30.73209 -16.16301
1.143265 -0.01485889 0.9366777 8.54542 -29.54889 -16.59812
1.133987 -0.03048389 0.9469316 6.278244 -28.31224 -17.06377
1.120315 -0.03805225 0.951082 4.072137 -26.95347 -17.43782
1.121536 -0.04342334 0.9545 2.400382 -25.51072 -17.68209
1.121536 -0.06051319 0.9606035 0.858397 -23.90767 -17.77369
1.123489 -0.06173389 0.9689043 -0.8362598 -22.54125 -17.75843
1.132034 -0.06832569 0.9642656 -2.546183 -20.9611 -17.38438
1.135452 -0.065396 0.9681719 -4.622519 -19.31224 -16.9569
1.128372 -0.06466358 0.968416 -7.714122 -17.79316 -16.63629
1.128128 -0.06368701 0.9811113 -11.82099 -15.76263 -16.26224
1.126663 -0.06051319 0.9794024 -16.54618 -13.96873 -15.46835
1.123489 -0.07149951 0.9920977 -20.88206 -11.85423 -14.65156
1.122024 -0.07516162 0.982332 -24.20267 -9.564153 -14.01797
1.123733 -0.08834522 0.9884356 -26.0729 -8.029801 -13.68209
1.112747 -0.08981007 0.9942949 -26.75992 -6.029801 -13.04087
0.9472198 -0.09273975 1.035311 -30.05 -3.609954 -9.384382
0.9489287 -0.1576812 0.9813555 -42.25611 0.9625649 -1.277512
0.8412627 -0.4931304 0.9869707 -3.729389 -9.617588 -3.99507
1.050247 -0.1537749 1.111482 36.50725 -10.64049 -9.559954
1.085403 -0.140103 1.192537 49.09504 6.222106 -12.94163
1.09761 -0.2345855 0.9071367 -43.08054 15.03127 77.64616
1.091019 -0.2345855 0.9335039 -37.50801 8.535084 71.1576
1.092239 -0.2362944 0.935457 -36.0729 7.458748 69.80646
1.101272 -0.2348296 0.9427813 -34.89733 6.74119 68.23394
1.102737 -0.2380034 0.951082 -33.24847 5.435847 66.76066
1.11055 -0.2387358 0.9513262 -32.32481 4.367145 65.0431
1.10762 -0.2279937 0.9606035 -31.27901 3.443481 63.30264
1.112503 -0.2343413 0.9706133 -31.06527 2.31371 61.09653
1.106644 -0.2226226 0.9708574 -31.01183 1.344244 59.63852
1.10762 -0.2104155 0.9696367 -32.16451 0.870962 57.90569
1.100784 -0.2048003 0.9747637 -33.36298 0.4816489 55.85989
1.105911 -0.2065093 0.9757402 -35.82862 0.2373741 53.70722
1.109085 -0.1991851 0.9806231 -37.61489 0.1381373 51.80646
1.107132 -0.2011382 0.9855059 -39.34771 -0.296977 49.71486
1.119339 -0.1991851 0.9930742 -42.22557 0.0007328987 47.53928
1.117874 -0.1977202 0.9938066 -45.90496 0.03890085 45.53928
1.133743 -0.1974761 0.9945391 -49.79809 0.4587481 43.69958
1.152298 -0.2023589 0.9869707 -53.62252 1.008366 41.78356
1.172806 -0.2067534 0.9950274 -56.89733 1.336611 39.80646
1.19014 -0.2550933 1.006746 -48.05 2.054168 30.85989
1.166458 -0.2721831 1.006746 -43.50802 1.985466 28.87516
1.169388 -0.2809722 1.031893 -32.44695 0.2831755 26.21867
1.172806 -0.2589995 1.075594 -23.05763 2.527451 23.71486
1.178909 -0.2353179 1.097322 -14.40878 5.191573 21.45531
