1.312698 -0.3107574 0.8539141 -22.42405 42.00073 38.76066
1.305862 -0.3083159 0.8668535 -19.27137 40.84806 38.01257
1.295364 -0.3107574 0.8670977 -16.17977 38.79463 37.36371
1.289017 -0.3112456 0.8773516 -13.87443 37.18394 36.41714
1.273636 -0.3073394 0.8700274 -10.71412 34.9931 35.66905
1.248001 -0.306607 0.865877 -7.714122 33.30608 34.61562
1.22554 -0.3210113 0.8854082 -3.966031 30.81753 33.78356
1.212356 -0.3161284 0.8910234 -0.8896947 28.80226 33.11943
1.184036 -0.3232085 0.9007891 1.43855 26.9473 32.66905
1.163528 -0.3163726 0.8949297 3.522519 24.62669 32.46295
1.133743 -0.3185699 0.905916 4.95 21.84806 32.84463
1.118118 -0.3075835 0.9242266 6.514885 21.48928 32.92096
1.112015 -0.2939116 0.9134844 7.720993 19.05417 32.57745
1.085647 -0.2936675 0.9020098 5.682825 16.35188 33.37135
1.076614 -0.2968413 0.9293535 1.896565 14.36714 35.14233
1.064651 -0.2963531 0.9508379 -0.004198551 13.1534 36.03547
1.068313 -0.2987945 0.9427813 -2.0271 11.9015 37.26447
1.065384 -0.3017241 0.9469316 -5.072901 10.16867 38.51638
1.069534 -0.298062 0.9647539 -6.523283 9.298443 39.36371
1.090286 -0.306607 0.9442461 -9.072901 6.489282 40.9515
1.095169 -0.2895171 0.9652422 -13.31718 4.641954 43.39425
1.102005 -0.2631499 0.9603594 -15.21794 3.161038 42.92096
1.094437 -0.2970855 0.9588945 -17.9355 0.1610382 44.77592
1.101272 -0.2951324 0.982332 -22.88969 -0.9763664 46.9286
1.103714 -0.3107574 1.000887 -21.60725 -1.770259 46.60035
1.096878 -0.3175933 0.9845293 -21.83626 -3.480183 47.61562
1.08931 -0.3161284 1.005525 -20.32481 -5.380947 48.28738
1.089554 -0.2929351 1.002352 -17.30954 -6.342779 48.12707
1.085159 -0.2931792 0.9986895 -16.10344 -8.312244 48.47058
1.075149 -0.2773101 1.014559 -16.0958 -10.02217 49.28738
1.077591 -0.2699859 1.043855 -15.72176 -10.26644 49.63089
1.080765 -0.2653472 1.051912 -16.50801 -10.28171 50.26447
1.068313 -0.2382476 1.040926 -18.80573 -10.20537 51.32554
1.074661 -0.2265288 1.036775 -22.0042 -11.03744 52.52402
1.087601 -0.20773 1.04532 -26.0958 -11.77026 53.03547
1.098831 -0.2006499 1.066072 -30.58435 -11.73973 54.1805
1.118362 -0.1906401 1.059236 -35.25611 -11.06797 55.07363
1.139603 -0.1845366 1.055574 -39.47748 -11.33515 55.56218
1.155716 -0.1789214 1.042391 -44.69122 -11.22064 56.46294
1.17012 -0.2001616 1.039949 -49.66069 -12.39621 56.83699
1.201614 -0.1974761 1.027986 -50.0958 -13.29698 55.77592
1.244339 -0.2038237 1.03409 -48.89733 -13.73209 54.56982
1.26094 -0.1982085 1.026277 -48.48512 -13.73209 52.70722
1.294876 -0.2011382 1.015535 -47.03473 -13.75499 50.56218
1.310257 -0.202603 1.006014 -46.58435 -15.0069 48.28738
1.325149 -0.2143218 0.9977129 -45.29428 -16.03744 46.09653
1.345169 -0.2167632 0.9901445 -43.40115 -16.9611 43.59272
1.34639 -0.219937 0.9984453 -41.72176 -17.39621 40.89806
1.33638 -0.2279937 1.001619 -38.67595 -18.01453 37.80646
1.321731 -0.233853 0.997957 -35.38588 -18.79316 34.90569
1.314651 -0.2384917 1.005525 -32.12634 -19.64049 32.35608
1.29219 -0.2465483 1.019197 -29.43931 -20.15194 30.34081
1.282181 -0.2516753 1.036287 -27.1645 -20.06034 28.50111
1.150101 -0.4045074 0.8314531 -45.22557 4.703023 32.09653
1.116409 -0.3522613 0.8907793 -35.9584 -16.83133 55.50875
1.125931 -0.3522613 0.8959063 -34.58435 -17.19774 55.27211
1.137405 -0.3505523 0.8893145 -33.50038 -18.64049 55.40188
1.153519 -0.3268706 0.8829668 -29.49275 -21.96873 54.14997
1.151321 -0.3183257 0.8778399 -28.23321 -23.31224 53.56982
1.162063 -0.3149077 0.8785723 -27.62252 -23.8924 52.50111
1.166214 -0.3139312 0.8771074 -26.37824 -25.09851 51.27211
1.173538 -0.2978179 0.8873613 -25.17977 -25.8695 50.05074
1.18013 -0.3061187 0.8851641 -24.05763 -27.15194 49.00493
1.174759 -0.2914702 0.8834551 -23.37061 -28.08324 47.77592
1.168411 -0.2924468 0.8910234 -22.69885 -28.64812 46.28738
1.159866 -0.3056304 0.8927324 -22.69122 -29.48782 45.40951
1.166214 -0.3017241 0.9032305 -21.95076 -29.9611 43.77592
1.158401 -0.3036773 0.9086016 -20.38588 -30.54889 42.50875
1.163772 -0.3080718 0.8949297 -19.84389 -30.90767 41.40951
1.033646 -0.1056792 0.9107988 -39.68359 -28.58705 61.18814
0.8517608 0.0415376 0.8692949 6.293511 -25.15957 35.1347
0.9733428 0.04471143 0.7753007 55.47672 -45.48782 10.94386
1.189407 0.04007276 0.8338945 21.79733 -40.73972 23.9744
1.164993 0.0002778322 0.8929766 11.33168 -39.52598 23.22631
1.153519 0.02933057 0.8802813 15.69046 -42.52598 15.56218
1.141312 0.07352002 0.8753984 5.324046 -43.38858 15.61562
1.128616 0.06253369 0.857332 11.23244 -45.50308 8.745389
1.130081 0.02395947 0.8707598 11.67519 -47.77026 5.012566
1.150345 -0.007778809 0.8688066 11.17138 -49.23591 1.180504
1.143509 -0.02511279 0.8661211 12.95763 -51.45728 -2.056137
1.1418 -0.06002491 0.8556231 11.88893 -52.35041 -4.033237
1.13887 -0.09029835 0.8522051 16.8355 -54.39621 -7.735527
1.172562 -0.1237456 0.8634356 22.98054 -57.27407 -11.04087
1.171341 -0.1803862 0.9017656 28.40801 -56.55652 -13.91873
1.170853 -0.1786772 0.8783281 34.03397 -58.9611 -15.50652
1.184769 -0.1757476 0.8732012 38.13321 -63.0069 -17.91873
1.191604 -0.2006499 0.9208086 40.02633 -62.11377 -19.82713
1.174759 -0.2524077 0.942293 36.68282 -62.85423 -19.15537
1.166702 -0.2463042 0.9584063 34.53015 -64.73209 -18.68973
1.157425 -0.2585113 0.9889238 31.0874 -63.0756 -18.50652
1.153519 -0.2489897 1.014314 26.31641 -62.48782 -17.25461
1.139358 -0.2721831 1.035066 19.56832 -62.64049 -16.57522
1.143753 -0.2897613 1.083406 10.80496 -62.10614 -15.68973
1.156692 -0.3178374 1.133699 2.911832 -59.0069 -15.0027
1.162063 -0.3859527 1.162508 -5.225573 -55.0756 -14.20117
1.171585 -0.4374663 1.166658 -16.42405 -50.38858 -7.674458
1.22969 -0.7704741 1.063631 60.24008 -16.0756 -15.934
1.070511 -0.08443897 0.7074296 70.17138 -49.28934 -14.37675
0.9086455 -0.4364898 0.6830156 75.39275 -59.70156 -24.39202
1.253128 -0.2353179 0.9024981 25.67519 -53.69392 -7.63629
1.258987 -0.2682769 1.172762 -2.004199 -63.50308 -1.819496
1.233108 -0.3112456 1.224031 -11.43931 -46.42675 -6.44545
1.222366 -0.36398 1.168855 -31.87443 -40.33514 0.8064575
1.18428 -0.3422515 1.093904 -35.30954 -42.11377 3.87516
1.164261 -0.4123199 1.139803 -35.85916 -43.57178 0.9896641
1.208694 -0.391812 1.21158 -45.16451 -38.06797 5.836992
1.185257 -0.415982 1.205232 -36.37061 -31.77789 4.279741
1.145218 -0.4572417 1.167879 -16.08817 -28.15957 1.088902
1.12764 -0.4001128 1.112215 -10.17214 -29.16721 0.01256561
1.13887 -0.3915679 1.145418 -8.279008 -27.21301 2.401878
1.137405 -0.3925445 1.170564 -2.94313 -21.9153 0.9514961
1.125442 -0.3730132 1.139559 -1.118702 -18.61759 1.38661
1.107864 -0.3681304 1.106355 -2.45458 -17.19011 2.836992
1.105423 -0.3634917 1.108553 -5.607252 -15.06034 4.058367
1.112015 -0.3652007 1.118318 -9.553817 -12.51072 5.722488
1.122269 -0.3683745 1.12784 -12.56145 -9.136671 7.524015
1.099563 -0.3661773 1.097322 -15.58435 -6.861863 8.974397
1.087112 -0.3556792 1.11075 -19.9813 -4.854229 10.79119
1.094192 -0.3669097 1.112459 -23.81336 -2.083237 12.34844
1.073929 -0.3571441 1.104891 -28.1645 1.351878 13.9286
1.05806 -0.3564116 1.11075 -32.05 4.428214 15.51638
1.045853 -0.3556792 1.110506 -35.23321 7.107603 16.53165
1.042435 -0.3507964 1.107576 -38.59962 10.07707 17.75302
1.036575 -0.3529937 1.096834 -41.14161 13.02363 18.53165
1.042923 -0.3583648 1.103182 -45.34008 16.49692 21.44005
1.035843 -0.1466948 0.9222734 -112.0958 60.25264 38.69196
0.652542 -0.1303374 -0.5752852 -83.98129 165.7412 18.70722
-0.4026338 0.2754243 -0.5752852 -69.27901 20.45111 -7.788961
-0.12529 -1.139371 -0.5752852 -49.78283 -100.5947 -2.544687
0.8681182 -0.8573882 0.09634566 -113.592 -128.3962 10.00493
1.192337 -1.065396 0.7206132 -69.79046 -38.88476 31.47821
1.356155 -0.8095366 0.6427324 -71.0958 -34.86186 27.63852
1.011673 -0.6318023 0.4322832 -65.71412 -34.32751 28.46295
0.9618682 -0.30148 0.1583574 -65.38588 -45.31224 28.066
0.9716338 -0.2123687 0.1693437 -64.12634 -58.24354 22.83699
0.9123076 -0.299771 0.3790605 -49.53092 -63.31988 15.73012
0.9369658 -0.4030425 0.4974687 -35.06527 -64.37331 10.63089
0.9533233 -0.7524077 0.6454179 29.62176 -63.8695 -0.04850388
0.9140166 -0.7079741 0.6561601 32.95 -63.51835 4.730122
0.9071807 -0.7172515 0.6935136 51.75916 -64.24355 9.432412
0.8649444 -0.6969878 0.7406328 52.179 -61.13667 13.22631
0.8598174 -0.659146 0.7264726 52.0187 -60.54125 17.14997
0.8542022 -0.6733062 0.7389238 49.85076 -60.20537 22.60035
0.7611846 -0.570523 0.6405351 -23.46221 24.00073 97.60035
0.8002471 -0.369107 0.5287187 -58.20267 -11.67102 89.87516
0.7799834 -0.3688628 0.5597246 -58.23321 -14.76263 86.9744
0.7816924 -0.3420074 0.5909746 -57.44695 -16.92293 83.36371
0.7733916 -0.3459136 0.5978105 -58.79809 -17.41148 79.72249
0.7414092 -0.3454253 0.5958574 -57.82863 -18.32751 75.46294
0.7301787 -0.3537261 0.595125 -62.90496 -20.06034 73.10417
