0.4761392 -1.774963 0.3173018 88.69666 -240.6064 89.42922
0.4873696 -1.774963 0.6942549 103.315 -215.5453 123.7346
0.4739419 -1.774963 0.7198896 106.7425 -211.0644 150.6735
0.4458657 -1.774963 0.9237471 103.6661 -209.5148 180.7651
0.6948892 -1.774963 0.9120283 113.918 -196.7667 196.8262
0.7319985 -1.774963 1.03654 114.8417 -185.9499 222.7193
0.7381021 -1.774963 1.063396 122.2463 -173.0492 237.6659
0.7131997 -1.774963 1.045329 129.7806 -167.7209 238.8414
0.8145181 -1.557678 1.043864 129.8722 -157.9881 251.8109
0.7503091 -1.422668 1.044841 132.8799 -151.1408 251.8109
0.7566567 -1.24298 1.030925 141.1165 -142.782 251.8109
0.7590981 -1.152648 0.9828291 136.7654 -138.4232 251.8109
0.7515298 -1.109924 0.9574385 143.315 -132.7973 251.8109
0.7359048 -0.9424433 0.8922529 146.4371 -130.0415 251.8109
0.729313 -0.8674921 0.840251 152.9791 -132.1255 251.8109
0.7564126 -0.7869257 0.87321 156.8341 -129.6293 251.8109
0.7966958 -0.7222284 0.9029951 166.4524 -127.7744 251.8109
0.8020669 -0.64508 0.8798018 176.4524 -124.6675 251.8109
0.6636392 -0.4722284 1.002116 181.9638 -133.0034 251.8109
0.8511392 -0.4846796 0.9694014 195.6051 -124.6293 251.8109
0.9019204 -0.5181269 0.9318037 214.8417 -122.5301 251.8109
0.9907876 -0.4683222 0.8832197 227.399 -117.0492 251.8109
0.9946939 -0.4241327 0.9466963 241.5592 -114.7744 251.8109
1.01569 -0.3547968 0.9996748 251.0936 -108.866 251.8109
1.045231 -0.3157343 0.9532881 259.9791 -102.0492 251.8109
1.077213 -0.2703241 0.8849287 267.0707 -98.48427 251.8109
1.034001 -0.2268671 0.9364424 269.6508 -88.98045 251.8109
1.088444 -0.1477655 0.7443037 269.6508 -86.73619 251.8109
1.162663 0.005798951 0.5914717 269.6508 -83.50717 251.8109
1.2132 0.1710822 0.5384932 262.4753 -84.32397 251.8109
1.234684 0.3026739 0.4249678 253.8799 -86.93466 251.8109
1.358463 0.3776251 0.3590498 255.3761 -79.96519 251.8109
1.376042 0.3995978 0.210124 256.8264 -90.64458 251.8109
1.616276 0.7943731 0.2006025 243.9104 -87.83542 251.8109
1.443668 0.5514532 0.1422529 233.2768 -91.65985 251.8109
1.509098 0.7074591 0.08707714 215.1012 -95.4003 251.8109
1.50568 0.6825567 0.02653027 202.1776 -100.2782 251.8109
1.594792 0.7836309 -0.007405281 187.2005 -108.011 251.8109
1.640934 0.8971563 -0.001301765 176.9409 -113.0644 251.8109
1.594059 0.9777227 0.08072948 161.231 -124.8202 251.8109
1.73737 1.037293 0.01261425 149.7501 -124.1942 251.8109
1.810124 1.23285 0.01334667 140.5134 -124.6293 251.8109
1.878971 1.434754 -0.2190752 138.6203 -153.8889 251.8109
1.799625 1.558045 0.06925488 127.5363 -159.9957 251.8109
1.805973 1.65033 0.1847334 121.6432 -162.6293 251.8109
1.821842 1.667176 0.1847334 128.4524 -172.3545 251.8109
1.89777 1.798035 0.184001 133.7348 -180.4461 251.8109
1.887516 1.868592 0.2477217 152.3455 -194.8278 251.8109
2.044987 2.220887 0.1761885 144.002 -204.8583 251.8109
1.990299 2.141785 0.366374 157.9104 -205.6751 251.8109
2.024723 2.224976 0.4689131 163.4677 -209.1866 251.8109
2.080875 2.224976 0.5196943 176.9638 -221.3621 251.8109
2.256413 2.224976 0.4996748 219.544 -219.5988 251.8109
2.134098 2.224976 0.5123701 222.4753 -221.0721 251.8109
2.126774 2.224976 0.5467939 225.2692 -226.8125 251.8109
1.457829 2.224976 0.784831 208.7883 -260.2247 251.8109
1.941471 2.224976 0.6368818 190.3684 -257.2324 251.8109
1.877506 2.224976 1.02653 184.4371 -251.4537 251.8109
1.970036 2.224976 1.004802 177.4829 -236.7667 251.8109
2.049625 2.224976 0.9532881 173.1241 -237.6217 251.8109
2.068424 2.224976 1.031413 156.4371 -241.927 251.8109
2.048893 2.224976 1.226481 131.1623 -244.8278 251.8109
2.289799 2.224976 1.331218 122.9104 -234.866 218.2995
2.105778 2.224976 1.548259 111.5822 -228.9194 189.0399
1.982487 2.224976 1.869792 139.4218 -204.4003 140.0857
2.099918 2.224976 1.922038 89.63559 -185.3698 102.9254
2.065739 2.224976 2.054851 51.20047 -189.3392 76.24602
2.203678 2.224976 2.336589 102.3455 -166.6675 10.13914
2.139713 2.224976 2.372966 122.3379 -118.4919 -50.11276
2.27985 2.224976 2.632243 134.857 -88.36214 -109.5173
2.220768 2.224976 2.892741 118.46 -62.68275 -172.9601
2.289799 2.224976 3.103679 38.68139 -28.02626 -241.357
2.289799 2.224976 3.045573 -46.94457 12.81343 -248.4563
2.289799 2.224976 2.610515 -56.11251 46.67603 -248.4563
2.289799 2.224976 2.337565 -65.27281 70.56915 -248.4563
2.289799 2.224976 2.085124 -73.31097 97.83633 -248.4563
2.289799 2.224976 1.75529 -85.83769 114.134 -248.4563
2.289799 2.224976 1.483806 -92.03616 128.5615 -248.4563
2.289799 2.224976 1.166667 -113.1812 140.0119 -248.4563
2.289799 2.224976 0.9613447 -130.5553 146.6531 -248.4563
2.289799 2.224976 0.8197432 -149.8911 154.8974 -248.4563
2.289799 2.224976 0.6918135 -166.8911 165.1646 -248.4563
2.289799 2.096375 0.5787764 -181.5476 172.4623 -248.4563
2.289799 1.761414 0.4772139 -201.9827 183.9585 -248.4563
2.289799 1.5495 0.4064131 -220.4255 193.76 -248.4563
2.289799 1.464539 0.357585 -230.6163 199.5234 -248.4563
2.289799 1.061463 0.2062178 -230.6163 212.2409 -248.4563
2.289799 0.9738165 0.2130537 -230.6163 226.4623 -248.4563
2.289799 0.7523809 0.1083174 -230.6163 230.7524 -248.4563
2.289799 0.6386114 0.07633495 -230.6163 231.0959 -248.4563
-1.59808 -1.774963 -0.2605791 -53.86059 -212.9881 -19.75398
0.8120767 -0.2195428 0.4779463 269.6508 -117.2705 251.8109
0.8342935 -0.1724237 0.4354658 269.6508 -114.927 251.8109
0.8772622 -0.1255487 0.3475752 269.6508 -113.4385 251.8109
0.9509927 -0.05425964 0.3180342 269.6508 -111.8125 251.8109
0.9824868 0.04901184 0.2682295 252.1623 -116.0721 251.8109
1.0257 -0.007384643 0.21696 245.6432 -115.698 251.8109
1.15485 0.04071106 0.1925459 230.5822 -120.8049 251.8109
1.427067 -0.002013549 0.1793623 222.7577 -125.1179 251.8109
1.477116 0.09613098 0.2755537 221.8112 -124.6522 251.8109
1.476383 0.1442267 0.2633467 218.3761 -131.8049 251.8109
1.510563 0.1749884 0.3373213 210.8722 -136.7362 251.8109
1.426334 0.650086 0.3705244 192.9944 -141.553 251.8109
1.182926 1.357606 0.6954756 148.7272 -152.9728 251.8109
1.249333 1.133484 0.5460615 198.4295 -154.2095 251.8109
1.42487 1.408143 0.4816084 182.2539 -158.782 251.8109
1.617252 0.962586 0.03922558 202.9791 -162.4308 251.8109
1.48859 1.473328 0.2125654 181.315 -171.7209 251.8109
1.447819 1.200867 0.2059736 193.6203 -180.0721 251.8109
1.460514 1.664002 0.191081 167.9791 -188.1713 251.8109
1.539616 1.783387 0.1940107 170.7272 -199.2324 251.8109
1.547917 1.33783 0.2804365 161.6203 -206.6827 251.8109
1.648014 1.570984 0.3578291 150.5211 -209.4843 251.8109
1.704655 1.533143 0.4169111 164.2234 -215.5606 251.8109
1.834049 1.682557 0.4576826 157.3913 -214.553 251.8109
1.843571 1.684754 0.4659834 165.4142 -215.8812 251.8109
1.932926 1.800965 0.4366865 161.9791 -223.7285 251.8109
1.962711 1.888123 0.5431318 162.3302 -224.782 251.8109
1.989079 2.006287 0.6334639 162.6051 -226.614 251.8109
1.989323 2.074647 0.7091475 159.857 -234.1026 251.8109
1.988102 2.195008 0.8378096 161.7119 -223.6599 251.8109
1.837711 2.224976 1.112224 119.5898 -262.1408 251.8109
1.803532 2.224976 1.470866 143.6356 -197.843 251.8109
1.937321 2.224976 1.597575 141.5898 -188.2553 251.8109
1.989079 2.224976 1.506511 155.7119 -170.4079 251.8109
1.917301 2.224976 1.531901 141.6432 -157.156 251.8109
1.94611 2.224976 1.536296 135.9791 -141.2018 243.8643
1.89362 2.224976 1.41569 152.8341 -127.1102 227.3453
1.700504 2.224976 1.626628 151.2005 -119.7056 212.4827
1.70734 2.224976 1.629802 128.8799 -107.0644 194.6353
1.617008 2.224976 1.653972 127.4982 -94.75908 166.6582
1.58527 2.224976 1.691325 129.9791 -80.71329 133.2918
1.632145 2.224976 1.700847 134.5898 -68.59878 103.2766
1.516667 2.224976 1.736247 146.7883 -53.86596 70.32999
1.404362 2.224976 1.78654 118.5211 -36.76672 43.66586
1.673893 2.224976 1.702556 93.33025 -39.01099 18.32998
2.289799 1.97577 0.6600752 269.6508 39.35542 -62.78452
1.27692 2.224976 0.8097334 115.7119 -31.69038 -5.715816
1.547184 2.224976 1.278239 41.08597 -46.63695 -40.53261
1.75153 2.224976 1.679851 54.0478 10.66076 -90.53261
1.437809 2.224976 1.267253 23.39131 5.790533 -120.5326
1.325016 2.224976 1.231853 40.32261 -4.049161 -168.4944
1.351872 2.224976 1.467204 -34.9293 15.29435 -198.8837
1.252262 2.224976 1.453044 -85.69266 29.74473 -236.6776
1.481999 2.224976 1.399577 -128.6927 35.8974 -248.4563
1.643864 2.224976 1.503581 -144.4255 49.70656 -248.4563
1.857975 2.224976 1.476726 -151.601 66.64549 -248.4563
2.289799 2.224976 1.316081 -140.769 84.74474 -248.4563
2.289799 2.224976 1.090007 -148.9446 96.30962 -248.4563
2.289799 2.224976 0.960124 -151.0743 108.8898 -248.4563
