0.9254912 -0.2799956 0.6793535 -13.32481 -16.86186 22.16524
0.9352569 -0.2826812 0.697664 -13.87443 -17.02217 22.37898
0.938919 -0.2843902 0.7171953 -14.27137 -17.0756 23.22631
0.9452666 -0.2834136 0.7403886 -14.72176 -16.8466 23.55455
0.9398955 -0.290982 0.7474687 -14.79809 -16.49545 24.14997
0.9484405 -0.2870757 0.7579668 -14.50038 -16.62522 24.60798
0.9542998 -0.2904937 0.7848222 -14.40878 -15.87713 25.05837
0.9579619 -0.2924468 0.7933671 -14.43931 -14.95347 25.75302
0.9513701 -0.2926909 0.7962968 -14.38588 -14.0527 26.1805
0.9538116 -0.2878081 0.8009356 -14.21031 -13.53362 26.84463
0.9555205 -0.289273 0.8243731 -14.06527 -12.35041 27.55455
0.951126 -0.2907378 0.8214434 -13.78282 -11.44965 28.17287
0.9506377 -0.2834136 0.8255938 -12.9355 -10.41148 28.65379
0.9457549 -0.2839019 0.8326738 -12.52328 -9.548885 29.45531
0.9408721 -0.2795074 0.8270586 -11.57672 -8.312244 29.9286
0.9479522 -0.2770659 0.817293 -10.17214 -8.052702 30.69959
0.9381866 -0.2670562 0.8295 -9.813359 -7.121405 31.42478
0.9364776 -0.2611968 0.8251055 -9.775191 -6.182473 31.94386
0.9345244 -0.2621734 0.8153399 -9.622519 -5.342779 32.75302
0.93721 -0.2550933 0.8131426 -9.599619 -4.808428 33.1347
0.9357451 -0.2399565 0.8043535 -9.309542 -4.17484 34.03547
0.9318389 -0.2279937 0.7938554 -9.225573 -4.228275 34.38661
0.9274444 -0.218228 0.7877519 -9.233206 -3.68629 34.75302
0.9286651 -0.2045562 0.779207 -9.508016 -3.541252 35.44004
0.9281768 -0.1964995 0.7840898 -9.698855 -3.052702 35.31028
0.9242705 -0.1881987 0.775789 -9.813359 -2.854229 35.35608
0.9281768 -0.1725737 0.7645586 -9.927862 -2.747359 35.34844
0.923294 -0.1610991 0.761873 -10.22557 -2.831328 35.09653
0.9245147 -0.1506011 0.7623613 -10.48512 -2.846595 35.0202
0.9257354 -0.14523 0.760164 -10.46985 -2.77026 34.66142
0.9328155 -0.140103 0.7711504 -10.65305 -2.648122 34.1118
0.9284209 -0.129605 0.7533281 -10.45458 -2.77026 33.66905
0.9391631 -0.1259429 0.7538164 -10.84389 -2.785527 33.05073
0.9467315 -0.1264312 0.7518632 -11.1645 -2.732092 32.66142
0.952835 -0.1249663 0.7511308 -11.50038 -2.396214 31.85226
0.9257354 -0.1144683 0.7101152 -23.95076 -4.678657 53.11943
0.8983916 -0.1816069 0.6293046 -10.43168 6.924397 14.85226
0.8891143 -0.1969878 0.6258867 -9.309542 6.519817 14.03547
0.8896026 -0.2196929 0.6258867 -8.439313 5.886229 13.76829
0.8876494 -0.2340972 0.6158769 -7.75229 5.565619 13.30264
0.8893584 -0.2555816 0.6127031 -7.279008 4.786993 13.37134
0.8834991 -0.2570464 0.6136796 -7.271374 4.321343 13.86753
0.8893584 -0.2714507 0.6190507 -7.256107 3.848061 14.14234
0.8717803 -0.2829253 0.6232011 -7.118702 3.176305 14.90569
0.8732451 -0.2941558 0.619539 -7.179771 2.71829 15.33318
0.8668975 -0.3056304 0.6207597 -6.622519 1.71829 16.29501
0.8581084 -0.3122222 0.6227129 -6.897328 1.22974 17.27211
0.8554229 -0.322232 0.6207597 -6.75229 0.7640915 17.98966
0.8666533 -0.3212554 0.6344316 -6.668321 0.2908092 19.02783
0.8568877 -0.3261382 0.6290605 -7.485115 -0.7091908 20.18814
0.8512725 -0.3315093 0.6310136 -8.111069 -0.7626259 21.14234
0.8490752 -0.337857 0.6324785 -8.492748 -1.289344 22.37898
0.8532256 -0.3407866 0.6324785 -8.904962 -1.892397 23.80646
0.8559112 -0.3359038 0.6410234 -9.462214 -2.28171 24.62325
0.8612823 -0.3473784 0.6429765 -10.20267 -2.861863 26.10417
0.8617705 -0.344937 0.6354082 -11.0042 -3.358046 27.07363
0.8727569 -0.3490874 0.6349199 -11.55382 -3.823695 28.28737
0.8732451 -0.33273 0.6358964 -12.17214 -4.304611 29.56982
0.8737334 -0.334439 0.6463945 -12.47748 -5.006901 30.71486
0.8717803 -0.3427398 0.6412675 -13.33244 -5.373313 32.1576
0.871292 -0.3354156 0.640291 -14.34008 -5.632855 33.50875
0.8705596 -0.3368804 0.6498125 -15.72176 -5.701557 34.50111
0.8773955 -0.3346831 0.6412675 -16.9355 -6.304611 35.85226
0.8754424 -0.3285796 0.6388261 -18.01947 -7.113771 36.96676
0.8837432 -0.3319976 0.6415117 -19.0271 -7.632855 38.43241
0.8751983 -0.3285796 0.6549394 -20.0042 -7.922931 39.63852
0.8771514 -0.3337066 0.6522539 -20.83626 -8.556519 41.11943
0.8832549 -0.3256499 0.6583574 -21.08053 -9.083237 42.0889
0.8876494 -0.3241851 0.6659257 -21.0958 -9.365679 43.24921
0.886917 -0.2963531 0.6781328 -20.92786 -10.48782 46.17287
0.8947295 -0.2851226 0.687166 -21.21031 -10.78553 46.85226
0.8966826 -0.2660796 0.6881425 -22.08053 -11.15194 47.72249
0.8993682 -0.2594878 0.6844804 -23.25611 -11.06797 48.28738
0.8998565 -0.2516753 0.6842363 -25.23321 -11.0985 48.9515
0.9062041 -0.2348296 0.6998613 -26.88206 -11.18247 49.47821
0.9049834 -0.2292144 0.6944902 -28.03473 -11.28171 50.02783
0.9037627 -0.2228667 0.7137773 -29.26374 -11.23591 50.45531
0.9086455 -0.2150542 0.714998 -29.48512 -10.8466 50.1347
0.9022979 -0.2011382 0.7240312 -29.50038 -11.02217 50.14233
0.9015655 -0.2038237 0.7252519 -29.66832 -10.36568 49.63089
0.9091338 -0.1943023 0.734041 -29.41641 -9.869496 49.10417
0.9069366 -0.1899077 0.7294023 -29.30191 -9.785526 48.56982
0.9091338 -0.1772124 0.7460039 -29.1416 -9.449649 48.25684
0.9088897 -0.1772124 0.7508867 -28.9813 -8.480183 47.33318
0.9052276 -0.1759917 0.7506425 -29.0958 -8.113771 47.05074
0.9079131 -0.1711089 0.761873 -29.0042 -7.319878 46.27974
0.9103545 -0.1755034 0.7696855 -28.28664 -6.754992 45.54692
0.9052276 -0.1676909 0.7711504 -27.0958 -5.816061 44.53165
0.9003448 -0.1610991 0.7713945 -26.05763 -5.022168 43.56218
0.8883819 -0.1632964 0.7745683 -24.59198 -4.266443 42.37135
0.8813018 -0.1652495 0.7818925 -22.82863 -3.304611 41.1118
0.8817901 -0.1615874 0.7704179 -21.21794 -2.319878 40.08127
0.8786162 -0.1610991 0.7794511 -19.85916 -1.640489 38.9973
0.8776397 -0.154019 0.7623613 -18.79046 -0.5794199 37.82172
0.871292 -0.1576812 0.7560136 -18.24084 -0.3122443 36.82936
0.8664092 -0.1579253 0.73575 -17.98893 0.2144732 36.17287
0.8749541 -0.1503569 0.7438066 -18.40115 1.138137 35.35608
0.8617705 -0.1610991 0.7389238 -18.23321 1.565618 34.63852
0.8690948 -0.1686675 0.7206132 -18.61489 1.435847 34.27211
0.8642119 -0.1640288 0.7137773 -18.92023 1.786992 33.85989
0.8668975 -0.1725737 0.7179277 -19.11107 1.764091 33.62325
0.8654326 -0.1779448 0.7076738 -19.17977 1.687756 33.44004
0.8647002 -0.1786772 0.6991289 -19.1874 1.077069 33.38661
0.8698272 -0.1813628 0.6991289 -19.72176 1.092336 33.33318
0.8783721 -0.1808745 0.7018144 -20.55382 1.183939 33.00493
0.8793487 -0.179898 0.6974199 -21.66069 1.023633 33.25684
0.8769073 -0.1838042 0.6969316 -22.67595 1.077069 33.09653
0.8761748 -0.179898 0.7103593 -23.43931 1.199206 32.71486
0.8834991 -0.1855132 0.7113359 -23.86679 1.603786 32.41714
0.8778838 -0.1835601 0.7181718 -24.53092 2.031267 32.27974
0.8842315 -0.1842925 0.7152421 -24.54618 2.588519 32.0889
0.8791045 -0.1879546 0.7154863 -24.72939 3.138137 31.62325
0.8800811 -0.1877105 0.7193925 -24.46221 3.748825 31.28737
0.8827666 -0.1935698 0.7279375 -24.39351 4.527451 30.9744
0.886917 -0.1916167 0.7235429 -24.04237 5.50455 30.71486
0.8803252 -0.1933257 0.7242754 -23.63015 6.474016 29.98966
0.8759307 -0.1960112 0.7098711 -23.11107 7.222106 29.71486
0.8700713 -0.1918608 0.7020586 -22.13397 8.168673 29.2034
0.8664092 -0.1996733 0.6996171 -21.28664 8.840427 28.9286
0.8659209 -0.1962554 0.6881425 -20.50801 9.306076 28.31791
0.8634795 -0.1918608 0.6781328 -19.84389 9.687756 27.93623
0.853958 -0.1986968 0.6720293 -19.20267 10.12287 27.63852
0.846878 -0.1943023 0.6625078 -18.61489 10.62669 27.03547
0.8527373 -0.1891753 0.6510332 -17.72176 10.00837 26.76066
0.8473662 -0.1901519 0.6346757 -17.57672 10.21447 26.36371
0.8842315 -0.1991851 0.5909746 -14.30954 19.28317 7.211039
0.8563994 -0.3810699 0.5619218 -4.912596 17.58852 -2.117207
0.8546905 -0.3988921 0.5462968 -4.607252 16.62669 -1.567587
0.8490752 -0.4115874 0.54825 -3.790458 15.58852 -1.048504
0.8483428 -0.4181792 0.5404375 -3.668321 14.40531 -0.1095734
0.8424834 -0.4320952 0.5357988 -4.05 13.32898 0.9591293
0.8473662 -0.4411284 0.5379961 -4.462214 12.48165 2.272106
0.8463897 -0.4491851 0.5492265 -4.759924 11.11524 3.87516
0.8376006 -0.4535796 0.543123 -4.988932 10.09234 5.012566
0.8376006 -0.454312 0.5487382 -6.851527 8.557985 6.936229
0.8354033 -0.4709136 0.5467851 -7.088168 7.39768 8.68432
0.845169 -0.4655425 0.5382402 -7.485115 6.382412 10.2034
0.8388213 -0.4806792 0.5419023 -7.958397 5.588519 12.01256
0.8339385 -0.4709136 0.5550859 -8.530916 4.351878 13.69195
0.827835 -0.4765288 0.5619218 -8.759924 3.756458 15.61562
0.8236846 -0.476773 0.5572832 -9.294275 2.336611 17.31791
0.8219756 -0.4714019 0.5538652 -9.553817 1.496916 19.36371
0.8290557 -0.4674956 0.5597246 -9.950764 -0.243542 21.54692
0.8290557 -0.4631011 0.5670488 -11.01947 -0.9916335 23.58508
0.8361358 -0.4633452 0.5773027 -12.17214 -1.823695 25.78356
0.8378448 -0.4516265 0.5816972 -13.11107 -3.289343 27.98966
0.8393096 -0.4277007 0.5748613 -13.53092 -3.472549 29.76829
0.8512725 -0.4123199 0.5795 -14.46221 -4.716825 31.59272
0.8537139 -0.3988921 0.589998 -15.69122 -5.510717 33.26447
0.8642119 -0.3888824 0.6012285 -17.0958 -6.190107 34.91333
