1.424625 0.1825568 0.1244307 269.6508 -84.62932 251.8109
1.361881 0.2885138 -0.008625984 269.6508 -88.35451 251.8109
1.513249 0.3998419 -0.08064747 269.6508 -99.98045 251.8109
1.55817 0.4308477 -0.03279591 269.6508 -104.7744 251.8109
1.617985 0.6334845 -0.0838213 269.6508 -111.24 251.8109
1.713932 0.7145391 -0.09700489 269.6508 -114.553 251.8109
1.789372 0.9342657 -0.1541338 264.0554 -122.5988 251.8109
1.701237 1.062684 -0.1907549 250.4371 -136.6828 251.8109
1.861393 1.193787 -0.1624346 219.3608 -147.1026 251.8109
1.878971 1.252381 -0.06673145 211.0402 -151.7209 251.8109
1.938297 1.307557 -0.05843067 196.4295 -163.6827 251.8109
2.00983 1.236268 0.08170605 181.3684 -169.1102 251.8109
2.088444 1.18451 0.0802412 173.5211 -174.7285 251.8109
2.175114 1.131775 0.105876 163.2844 -184.5759 251.8109
2.278873 1.088563 0.1974287 154.5287 -192.1408 251.8109
2.289799 1.00702 0.2579756 152.6967 -198.3469 251.8109
2.289799 1.017029 0.3143721 151.1394 -205.4308 251.8109
2.289799 0.9804083 0.3297529 161.3837 -212.2934 251.8109
2.289799 1.091981 0.4476728 159.7806 -223.9041 251.8109
2.289799 1.006775 0.4449873 180.0402 -229.0797 251.8109
2.289799 1.206238 0.4921064 195.2616 -236.095 251.8109
2.289799 1.395692 0.5780439 204.3913 -233.5377 251.8109
2.289799 1.583924 0.7162275 216.1928 -235.8354 251.8109
2.289799 1.939637 0.7147627 224.3379 -247.5835 251.8109
2.289799 2.224976 0.8881025 224.8417 -232.8049 251.8109
2.289799 2.224976 0.9686689 225.9867 -223.4385 251.8109
2.289799 2.224976 1.145915 231.2005 -220.7285 251.8109
2.289799 2.224976 1.12321 269.6508 -199.7209 251.8109
2.289799 2.224976 1.143718 261.1776 -173.5988 251.8109
2.289799 2.224976 1.249431 269.6508 -168.1179 251.8109
2.171452 2.224976 1.470866 253.2386 -151.9194 251.8109
2.289799 2.224976 1.139812 236.2005 -150.2629 251.8109
2.289799 2.224976 1.523845 255.2997 -137.1866 251.8109
2.07233 2.224976 1.570476 -137.6774 80.27908 -248.4563
2.289799 0.8930059 -0.00301075 -219.8301 187.9279 -248.4563
2.289799 0.7684942 -0.09236622 -230.6163 198.4012 -248.4563
2.289799 0.6539923 -0.08650684 -230.6163 209.1188 -248.4563
2.289799 0.5023809 -0.1739092 -230.6163 225.0577 -248.4563
2.289799 0.3920294 -0.22054 -230.6163 231.0959 -248.4563
2.289799 0.2846075 -0.2605791 -230.6163 231.0959 -248.4563
2.289799 0.1593634 -0.2605791 -230.6163 231.0959 -248.4563
2.289799 -0.02056824 -0.2605791 -230.6163 231.0959 -248.4563
2.289799 -0.4829706 -0.2605791 -230.6163 231.0959 -248.4563
2.289799 -0.6929316 -0.2605791 -230.6163 231.0959 -248.4563
2.289799 -0.7000116 -0.2605791 -230.6163 231.0959 -248.4563
2.289799 -1.05841 -0.2605791 -230.6163 231.0959 -248.4563
2.289799 -1.344055 -0.2605791 -230.6163 231.0959 -248.4563
2.289799 -1.521057 -0.2605791 -230.6163 231.0959 -248.4563
2.289799 -1.774963 -0.2605791 -230.6163 231.0959 -248.4563
2.289799 -1.774963 -0.2605791 -230.6163 231.0959 -248.4563
2.289799 -1.774963 -0.2605791 -230.6163 231.0959 -248.4563
1.416569 -1.774963 -0.2605791 -230.6163 231.0959 -248.4563
1.746647 -1.774963 -0.2605791 -230.6163 231.0959 -248.4563
0.7669106 -1.774963 -0.2605791 -230.6163 231.0959 -248.4563
0.06427392 -1.774963 -0.2605791 -39.69266 48.98137 -248.4563
-0.2050132 -1.774963 -0.2605791 60.48292 -41.73618 -248.4563
-0.41473 -1.774963 -0.2605791 150.4066 -105.3163 -238.4563
-1.009945 -1.774963 -0.2605791 168.9486 -166.8812 -191.7082
-1.324642 -1.774963 -0.2605791 160.1776 -195.6827 -152.7005
-1.182308 -1.774963 -0.2605791 139.544 -246.0415 -151.2883
-1.276302 -1.774963 -0.2605791 140.6203 -261.8889 -88.2578
-0.5629233 -1.774963 -0.2605791 123.8112 -259.4308 -87.44864
-0.7501792 -1.774963 -0.2605791 133.4524 -260.0797 -65.86086
-0.361019 -1.774963 -0.2605791 129.0707 -269.1713 -38.01353
-0.35223 -1.774963 0.1012373 143.1089 -269.1713 -26.83795
0.05255517 -1.774963 0.4625654 143.4447 -269.1713 24.25365
0.3357583 -1.774963 0.5609541 152.7348 -265.3392 41.59716
0.2813149 -1.774963 0.5777998 169.2081 -266.0186 61.64296
0.4448892 -1.774963 0.8348799 168.857 -256.6751 98.26891
0.5784341 -1.774963 0.9034834 175.9944 -241.5606 117.4521
0.4739419 -1.774963 1.030437 181.3684 -230.2782 136.3987
0.512272 -1.619445 1.04655 177.2005 -221.2629 142.2766
0.3562661 -1.688049 1.260417 197.5898 -216.5377 159.7193
0.5579263 -1.422424 1.257487 191.9257 -194.614 178.2613
0.4734536 -1.212219 1.196696 183.8951 -181.4919 193.0628
0.4426919 -1.09674 1.162761 183.2768 -175.2171 202.1544
0.4490396 -1.035705 1.148356 176.7425 -169.1408 209.643
0.4656411 -1.006896 1.16862 170.689 -160.614 220.1315
0.4649087 -0.9849237 1.16569 174.1623 -155.4995 227.017
0.4754067 -0.9495234 1.177653 171.9104 -147.7972 234.6048
0.461979 -0.9473261 1.188884 172.0325 -140.2705 242.3758
0.474186 -0.9417109 1.194255 172.773 -134.9576 251.4827
0.4990884 -0.9324335 1.226481 175.8035 -128.0721 251.8109
0.5149575 -0.9241327 1.237224 180.2997 -122.7209 251.8109
0.5569497 -0.9224237 1.253337 182.8035 -113.5224 251.8109
0.5896646 -0.849914 1.241862 185.2234 -107.6293 251.8109
0.6294595 -0.8328241 1.236979 188.2616 -101.2095 251.8109
0.6428872 -0.860412 1.162761 193.5364 -94.30107 251.8109
0.6472817 -0.8662714 1.069499 201.6967 -93.29344 251.8109
0.6712075 -0.815246 1.119548 200.628 -88.69801 251.8109
0.6887856 -0.816955 1.007487 216.0096 -90.68275 251.8109
0.6594888 -0.584289 1.147868 215.3531 -85.39267 251.8109
0.7476235 -0.688537 0.9447432 228.8951 -80.93466 251.8109
0.7383462 -0.6533808 0.8370771 226.4524 -88.95757 251.8109
0.882145 -0.6804804 0.8133955 230.6356 -85.25526 251.8109
0.9197427 -0.6011347 0.7689619 241.4753 -91.26289 251.8109
0.9939614 -0.4566034 0.8131514 250.0554 -92.1713 251.8109
1.133366 -0.4180292 0.7799482 266.2692 -91.33923 251.8109
1.200993 -0.3521112 0.791667 269.6508 -89.63695 251.8109
1.309879 -0.256164 0.7972822 269.6508 -87.32397 251.8109
1.388493 -0.181701 0.7684736 269.6508 -86.05679 251.8109
1.523014 -0.1167596 0.7740889 269.6508 -82.29343 251.8109
1.54694 -0.05596863 0.7545576 269.6508 -78.43084 251.8109
1.313297 0.6278692 0.7613935 240.3837 -84.23236 251.8109
1.397038 0.7479864 0.7594404 233.4066 -97.06442 251.8109
1.808903 0.7167364 0.5602217 263.9257 -67.82779 251.8109
1.804264 0.5856329 0.4025068 267.8264 -69.17893 251.8109
1.763981 0.5763556 0.2904463 269.6508 -74.09496 251.8109
1.82526 0.648377 0.1244307 269.2768 -78.72855 251.8109
1.872624 0.7504278 0.1110029 263.2997 -88.51482 251.8109
1.937809 0.9369513 -0.1021318 257.3531 -88.59879 251.8109
1.981754 0.9489141 -0.1067705 245.1623 -107.8049 251.8109
2.111149 0.9181524 -0.09016895 241.0478 -115.2782 251.8109
2.283512 1.057801 -0.06673145 241.3226 -120.7667 251.8109
2.289799 1.276063 0.01822948 242.3913 -127.1866 251.8109
2.289799 1.401063 0.06290722 246.7806 -130.6751 251.8109
2.289799 1.661805 -0.07112598 251.6738 -143.324 251.8109
2.289799 1.960389 -0.0147295 256.8112 -155.7362 251.8109
2.289799 2.207947 -0.03206348 269.6508 -178.0034 251.8109
2.289799 2.224976 -0.1177568 261.1547 -191.469 251.8109
2.289799 2.224976 0.1000166 269.6508 -175.0339 251.8109
2.289799 2.224976 -0.0315752 269.6508 -172.6293 251.8109
2.289799 2.224976 -0.07137012 269.6508 -183.9194 251.8109
2.289799 2.224976 1.900065 -76.0209 108.3783 -248.4563
2.289799 0.1920782 -0.2605791 -230.6163 231.0959 -248.4563
2.289799 0.110047 -0.2605791 -230.6163 231.0959 -248.4563
2.289799 0.02996887 -0.2605791 -230.6163 231.0959 -248.4563
2.289799 -0.1221307 -0.2605791 -230.6163 231.0959 -248.4563
2.289799 -0.1585077 -0.2605791 -230.6163 231.0959 -248.4563
2.289799 -0.6379999 -0.2605791 -230.6163 231.0959 -248.4563
2.289799 -0.9353632 -0.2605791 -230.6163 231.0959 -248.4563
2.289799 -1.090637 -0.2605791 -230.6163 231.0959 -248.4563
2.289799 -1.425842 -0.2605791 -230.6163 231.0959 -248.4563
2.289799 -1.75299 -0.2605791 -230.6163 231.0959 -248.4563
2.289799 -1.774963 -0.2605791 -230.6163 231.0959 -248.4563
2.289799 -1.774963 -0.2605791 -230.6163 231.0959 -248.4563
2.289799 -1.774963 -0.2605791 -230.6163 231.0959 -248.4563
2.289799 -1.774963 -0.2605791 -230.6163 231.0959 -248.4563
-0.1071128 -1.774963 -0.2605791 82.9791 1.317251 -248.4563
0.4170571 -1.774963 -0.2605791 209.5974 -89.75145 -248.4563
0.1370278 -1.774963 -0.2605791 189.918 -135.3011 -248.4563
-0.2296714 -1.774963 -0.2605791 250.5592 -159.4308 -248.4563
-0.5424155 -1.774963 -0.2605791 211.9104 -188.5835 -234.0135
-0.3514976 -1.774963 -0.2605791 185.3913 -181.1484 -185.0975
-0.626644 -1.774963 -0.05550098 155.0402 -193.6675 -165.7845
-0.3822593 -1.774963 0.1114912 102.5363 -168.7285 -103.7005
-0.3344077 -1.774963 0.1207685 64.70428 -167.7896 -74.41811
-0.1449546 -1.774963 0.2833662 19.48292 -155.2095 -24.3265
-0.04314795 -1.774963 0.3859053 4.543984 -148.1102 14.60479
0.05939111 -1.774963 0.3463545 -9.906397 -143.4385 58.58953
