-0.3291475 -0.2773101 0.6109941 -8.355344 -40.59468 32.68432
-0.3271943 -0.2651031 0.6373613 -8.149237 -42.48782 33.67669
-0.3435518 -0.01388232 0.8006914 -58.40115 -12.04507 51.19577
-0.3391572 0.3222993 0.8470781 -73.44695 -9.213007 37.03547
-0.3437959 0.3179048 0.8482988 -69.2103 -9.075603 34.63089
-0.3489228 0.2932466 0.8456133 -65.53091 -7.991633 31.90569
-0.3325654 0.3181489 0.8255938 -67.95076 -6.587053 31.31028
-0.3420869 0.3032563 0.8182695 -73.24084 -5.49545 32.05836
-0.3606416 0.3115571 0.8011797 -79.01183 -4.38858 31.85226
-0.3616182 0.274936 0.8150957 -80.36298 -4.350412 32.05836
-0.3227998 0.259311 0.8316973 -80.99656 -4.403847 31.34081
-0.3513643 0.2414888 0.8531816 -75.79046 -2.365679 29.1118
-0.3391572 0.2473481 0.8529375 -70.87443 -4.785527 28.9744
-0.3464814 0.2624848 0.8649004 -65.58435 -3.525985 26.66142
-0.3259736 0.2893403 0.8426836 -63.34771 -2.739725 24.61562
-0.3188936 0.280063 0.8375566 -62.45458 -4.678657 23.82936
-0.3210908 0.2829926 0.8580645 -60.97367 -5.68629 22.52402
-0.3188936 0.2781098 0.8685625 -53.9584 -6.762626 19.9973
-0.3181611 0.2771333 0.8866289 -49.31718 -7.052702 18.34844
-0.3286592 0.287143 0.8868731 -44.50038 -7.68629 16.70722
-0.3103486 0.3098481 0.8644121 -46.21794 -7.151939 15.74539
-0.3054658 0.3105805 0.8128984 -58.37061 -6.87713 18.25684
-0.3262178 0.2893403 0.8087481 -59.11107 -8.915298 17.68432
-0.3245088 0.2493013 0.8168047 -53.86679 -11.59469 16.0202
-0.2895967 0.2451509 0.8360918 -39.50802 -12.95347 12.05073
-0.2473603 0.2517426 0.8556231 -30.57672 -13.26644 9.68432
-0.1560518 0.3213227 0.8356035 -31.84389 -8.205374 9.348443
-0.1545869 0.2659028 0.8021563 -32.05 -7.816061 9.600351
-0.2144014 0.3240083 0.8295 -17.9355 -10.26644 5.531649
-0.2270967 0.351352 0.8685625 -10.27137 -7.915298 4.043098
-0.2681123 0.257602 0.8805254 6.262977 -6.434381 1.997297
-0.2886201 0.3042329 0.9095781 30.61412 -6.609954 -1.590488
-0.3276826 0.3271821 0.9347246 69.53015 -10.35805 -9.621023
-0.3635713 0.3515962 0.9625566 98.20954 -8.533619 -15.52179
-0.3010713 0.3149751 0.9632891 138.5836 -5.403847 -27.73553
0.01728809 0.5898774 0.8236406 87.56069 7.382412 -32.50652
-0.3774873 0.4997895 0.6373613 -41.21794 11.17631 6.004931
-0.5095674 0.2720063 0.6810625 15.51488 -6.953465 -3.185909
-0.4045869 0.5610688 0.8668535 -13.40114 3.321343 2.524015
-0.3748018 0.4853852 0.8402422 2.324046 11.65722 -6.61339
-0.3425752 0.4177583 0.8124102 -25.89733 16.29081 0.4858475
-0.496872 0.1233247 0.8233965 42.19427 -4.037435 -5.872931
-0.3340303 0.3916352 1.061434 116.2553 4.786993 -32.72789
-0.3708955 -0.03292529 1.061678 174.6523 -4.68629 -41.43018
-0.2808076 0.2615083 1.105379 235.7363 -1.800794 -54.50652
-0.3374482 -0.01290576 1.080965 242.9729 -2.915298 -55.23934
-0.3191377 0.1396821 1.024324 242.9729 2.50455 -61.85767
-0.3738252 0.09280712 0.9230059 242.9729 4.130504 -63.49889
-0.3904268 0.08938915 0.7042558 242.9729 12.39768 -58.30042
-0.5459443 0.08279736 0.2157304 233.6065 22.13814 -42.44545
-0.6672822 -0.006802246 -0.1053145 141.7363 8.443481 -16.07904
-0.6992646 -0.1454741 -0.108 45.38511 -13.25117 16.41714
-0.576706 -0.1872222 0.3431718 -10.50038 -21.67102 34.82936
-0.4382783 -0.1247222 0.8031328 -26.82099 -19.8466 38.87516
-0.3708955 -0.1723296 1.025545 -7.256107 -15.50308 36.46295
-0.2749482 -0.1388823 1.176912 17.00344 -6.762626 34.58508
-0.2600557 -0.1142241 1.172762 52.40801 -2.052702 27.05073
-0.2637178 -0.02657764 1.068269 72.20191 0.8251602 24.35608
-0.2793428 0.001742676 0.9952715 78.7897 2.023633 25.1118
-0.284958 0.07962353 0.9195879 72.40038 4.290809 27.02783
-0.3291475 0.08865673 0.8741777 58.41565 4.710657 29.93623
-0.3564912 0.1523774 0.846834 42.01107 4.412947 30.88279
-0.3577119 0.06766064 0.999666 8.736259 12.30608 34.2034
-0.3713838 0.06766064 1.00699 10.13321 15.31371 32.1576
-0.3760225 0.08401806 1.016023 12.57595 18.77172 29.80646
-0.3706514 0.1006196 1.006258 14.52252 21.77936 27.76829
-0.3816377 0.1155122 0.9845293 17.27824 24.82516 25.05837
-0.4158174 0.1501802 0.9664629 16.62939 28.13814 23.05837
-0.4385224 0.1860688 0.9330156 14.59122 29.18394 22.17287
-0.4282685 0.1799653 0.9474199 10.71336 31.72592 21.22631
-0.4148408 0.2102388 0.9322832 8.011068 33.79463 19.52402
-0.3970185 0.2034028 0.9691484 11.29351 35.50455 16.29501
-0.396042 0.2173188 0.9776934 9.965267 38.62669 13.74539
-0.3750459 0.2222017 0.9764727 11.04924 40.60379 9.989664
-0.3713838 0.1889985 0.9938066 9.339314 42.68012 7.859893
-0.3459932 0.1946138 1.002596 3.934733 45.19157 5.989664
-0.3357393 0.1821626 1.009187 -2.301908 47.27554 4.378977
-0.3115693 0.1640962 1.004061 -10.14924 50.09234 2.920961
-0.2895967 0.1750825 1.011629 -20.35534 53.19157 2.333176
-0.2766572 0.1455415 1.014559 -30.24084 55.8557 1.44768
-0.2476045 0.1660493 1.02115 -40.95076 58.40532 1.607985
-0.2529756 0.1670259 1.01993 -46.37061 61.00837 0.1270695
-0.2361299 0.2021821 0.9862383 -48.12634 63.21447 -1.369114
-0.2280732 0.2722505 0.9444902 -55.31718 65.50455 -2.25461
-0.2295381 0.2305024 0.8995684 -63.61489 67.09233 -1.025602
-0.2080537 0.3291352 0.8448809 -73.67595 68.55035 -1.949266
-0.1904756 0.3503755 0.810457 -77.41641 69.53508 -6.567587
-0.1218721 0.2551606 0.7940996 -78.10343 70.84806 -10.26988
-0.1687471 0.1650728 0.815584 -79.2561 72.79462 -11.62102
-0.2080537 0.116977 0.8082598 -65.66069 74.016 -16.85766
-0.4761201 -0.08443897 0.8368242 -30.30191 20.21447 -8.949266
-0.784958 0.02859814 1.365389 27.51489 -12.57179 -5.308046
-0.5703584 0.05252392 1.467439 29.9271 -5.083237 -10.8653
-0.6902314 0.09964306 1.404451 17.75153 -4.129038 -5.842398
-0.6514131 0.1335786 1.410555 7.812595 8.496916 -7.338581
-0.5977021 0.2825044 1.467439 -16.26374 13.29844 -5.147741
-0.5586396 0.3855317 1.50284 -29.0958 20.1076 -8.865297
-0.5793916 0.1911958 1.466219 -38.77519 35.67249 -12.13247
-0.5737763 0.3857759 1.427156 -55.24084 27.49692 -14.01034
-0.613083 0.3335298 1.474519 -59.04237 40.09234 -18.59049
-0.5559541 0.2527192 1.409578 -60.46222 55.79463 -22.51415
-0.5664521 0.2029145 1.307039 -46.39351 55.62669 -27.97217
-0.5996552 0.1494478 1.248445 -37.85153 60.1076 -34.46072
-0.6101533 0.1052583 1.200838 -28.85153 62.56562 -40.33095
-0.5979463 0.1269868 1.172029 -29.40114 66.39005 -42.10957
-0.6338349 0.05813916 1.125398 -26.59962 71.79462 -44.88057
-0.621872 -0.06881397 1.023836 -31.05763 71.06944 -43.80423
-0.623581 -0.1068999 0.9974688 -31.9584 71.51981 -43.92637
-0.6294404 -0.1618315 0.9779375 -33.31718 73.34424 -43.81187
-0.6536103 -0.1852691 0.9483965 -34.42405 74.51218 -43.37675
-0.6787568 -0.2331206 0.9064043 -34.63015 74.00836 -42.21645
-0.6714326 -0.256314 0.8670977 -35.19504 73.75645 -40.08667
-0.6621552 -0.2636382 0.8448809 -36.37825 72.73356 -37.53706
-0.6082002 -0.2655913 0.8365801 -39.15687 71.35951 -34.15537
-0.646042 -0.287564 0.8378008 -36.86679 70.59615 -33.25461
-0.6487275 -0.2663238 0.819002 -38.9584 68.07706 -30.14774
-0.6448213 -0.2697417 0.8089922 -38.36298 66.59615 -28.10194
-0.6521455 -0.3114898 0.8089922 -37.40878 64.62669 -26.05614
-0.6448213 -0.3141753 0.7875078 -37.49275 62.03127 -23.39202
-0.6414033 -0.3185699 0.7518632 -36.0271 59.51218 -21.49888
-0.6306611 -0.3156402 0.7218339 -35.67595 55.46638 -19.13247
-0.6260224 -0.3241851 0.7140214 -34.49275 51.63432 -17.44545
-0.6177217 -0.3376128 0.7237871 -31.92786 48.57325 -15.61339
-0.6091767 -0.3461577 0.71158 -30.13397 45.22974 -13.44545
-0.6016084 -0.3515288 0.720125 -27.83626 42.93203 -11.71263
-0.5969697 -0.3229644 0.7098711 -27.80573 40.04654 -9.323313
-0.5862275 -0.2882964 0.7020586 -29.38588 37.08471 -6.903465
-0.5701142 -0.2673003 0.7091386 -32.71412 34.96257 -4.475985
-0.5769502 -0.2226226 0.7081621 -35.41641 33.09997 -2.384382
-0.5884248 -0.2065093 0.7235429 -37.77519 31.90149 -1.399649
-0.5808564 -0.1891753 0.7435625 -38.30191 30.39005 -0.6057549
-0.6086884 -0.159146 0.767 -37.64542 29.00837 -0.8500309
-0.5674287 -0.1169097 0.7943437 -41.0729 28.74882 -0.3691139
-0.5510713 -0.1169097 0.8192461 -40.9355 28.85569 -1.376747
-0.5386201 -0.1039702 0.8399981 -43.10344 29.0847 -1.659191
-0.53154 -0.1137358 0.8702715 -42.11107 29.98546 -2.842398
-0.503708 -0.1049468 0.8929766 -42.57672 31.38241 -3.55232
-0.482956 -0.117398 0.9205645 -40.73703 32.62669 -5.056137
-0.4526826 -0.1242339 0.9349688 -39.82863 34.19921 -6.346214
-0.4228974 -0.1396147 0.9608477 -38.1187 36.09234 -7.529419
-0.3796846 -0.1488921 0.9584063 -37.81336 38.22211 -8.697359
-0.1506807 -0.1161772 0.8343828 -39.15687 47.1534 -12.01797
-0.1340791 -0.1193511 0.4532793 -30.37061 37.87096 -16.37675
-0.3442842 -0.2050444 0.5641191 -34.87443 0.4740152 -7.346214
-0.3054658 -0.1462065 1.019441 -27.14924 17.71829 -13.34621
-0.2322236 -0.1830718 1.108797 -30.23321 30.43585 -16.19354
-0.1528779 -0.3078277 1.119783 -33.27137 30.1305 -14.09431
-0.2017061 -0.3676421 1.213533 -32.92786 37.27554 -11.90347
-0.191208 -0.346646 1.205477 -24.05 41.79463 -10.97217
-0.2139131 -0.3693511 1.193514 -10.92023 43.70303 -11.44545
