2.289799 2.224976 -0.2605791 269.6508 -250.9957 251.8109
2.289799 2.224976 -0.2398272 269.6508 -265.2553 251.8109
2.289799 2.224976 -0.06966114 269.6508 -269.1713 251.8109
2.289799 2.224976 1.252849 269.6508 -241.8583 251.8109
2.289799 0.1017462 -0.2605791 -230.6163 231.0959 -248.4563
-0.4552573 -1.774963 -0.2605791 74.10124 -20.94992 -233.6013
-1.025082 -1.774963 -0.2605791 155.7501 -115.5606 -161.4715
-1.71014 -1.774963 -0.2605791 200.918 -165.1866 -108.1509
-1.71014 -1.774963 -0.2605791 163.3837 -203.2476 -52.73872
-1.703792 -1.774963 -0.2605791 134.1089 -269.1713 -54.69292
-1.178158 -1.774963 -0.2605791 104.4524 -269.1713 15.50556
-0.7399253 -1.774963 -0.2605791 105.7196 -269.1713 21.49792
-0.2015952 -1.774963 -0.2605791 115.1699 -269.1713 46.78036
0.3228189 -1.774963 -0.2605791 137.7425 -269.1713 68.56663
0.4475747 -1.774963 -0.08211231 151.7043 -269.1713 94.64296
0.5271646 -1.774963 0.184001 153.4218 -269.1713 119.0552
0.8010903 -1.774963 0.651042 142.6127 -269.1713 149.9407
0.9656411 -1.774963 1.007731 170.2539 -269.1713 187.7422
1.065739 -1.774963 1.191325 169.1012 -269.1713 216.8567
0.9978677 -1.774963 1.213542 182.8341 -269.1713 234.559
0.9561196 -1.774963 1.052897 237.1928 -269.1713 251.8109
1.275944 -1.502014 1.470134 206.9944 -241.9118 251.8109
0.873356 -1.364074 1.641521 230.1776 -214.7056 251.8109
0.927311 -1.200012 1.435466 226.4906 -202.0873 251.8109
0.8721353 -1.074523 1.447917 228.8035 -185.4232 251.8109
0.8948403 -0.969787 1.366862 229.4447 -170.9041 251.8109
0.883854 -0.8660273 1.292155 231.5592 -159.7896 251.8109
0.8894692 -0.7910761 1.241618 228.6356 -147.5377 251.8109
0.8955728 -0.7222284 1.217204 227.5745 -136.3392 251.8109
0.8916665 -0.7002558 1.194987 228.4753 -126.6751 251.8109
0.8982583 -0.6343378 1.174479 231.315 -115.3163 251.8109
0.7566567 -0.1726678 1.172526 210.5592 -107.6828 251.8109
0.6597329 0.1930548 1.258708 173.1852 -113.156 251.8109
0.8706704 -0.0003045648 1.143962 218.0402 -106.3163 251.8109
0.8753091 0.2394415 1.059001 219.0249 -75.36977 251.8109
0.8494302 0.1278693 0.8907881 235.5745 -78.73618 251.8109
0.7847329 0.1425177 0.8578291 226.5592 -77.62932 251.8109
0.7517739 0.1701056 0.8688154 232.0402 -71.92702 251.8109
0.684147 0.2619025 0.8248701 225.7883 -67.55298 251.8109
0.6465493 0.3527228 0.7567549 217.4906 -67.39267 251.8109
0.6277505 0.3759161 0.7237959 210.2081 -67.91176 251.8109
0.6658364 0.4435431 0.7030439 204.1623 -68.78198 251.8109
0.7632485 0.3048712 0.5734053 211.3455 -66.78198 251.8109
0.7713052 0.3673712 0.5724287 211.8875 -72.01099 251.8109
0.8342935 0.4281622 0.475749 211.8875 -68.63695 251.8109
0.8169595 0.3300177 0.3968916 214.3684 -71.93466 251.8109
0.8523599 0.3082892 0.2633467 210.689 -77.54535 251.8109
0.8894692 0.2797247 0.1879072 212.3761 -84.61404 251.8109
0.9834634 0.2877814 0.1048994 208.9257 -89.27054 251.8109
1.030827 0.3217169 0.06803417 203.8188 -95.81252 251.8109
1.07526 0.3226935 0.01945019 198.9562 -100.9194 251.8109
1.203434 0.403504 -0.08064747 188.0478 -109.3392 251.8109
1.28693 0.3751837 -0.1001787 177.3684 -118.6369 251.8109
1.348698 0.4266973 -0.1719561 175.6356 -124.3621 251.8109
1.498112 0.514588 -0.2605791 168.7654 -135.8049 251.8109
1.635807 0.6166388 -0.2605791 171.3684 -145.4995 251.8109
1.71442 0.7548223 -0.2605791 170.4371 -162.2705 251.8109
1.896793 0.8432013 -0.2605791 155.147 -174.6827 251.8109
2.032047 0.9135138 -0.2605791 156.4524 -184.4232 251.8109
2.069645 1.184022 -0.1917315 158.689 -199.4995 251.8109
2.203434 1.465272 -0.1182451 180.6967 -214.4003 251.8109
2.288395 1.691346 -0.09187794 174.3761 -229.6827 251.8109
2.289799 1.991639 0.04191113 194.6356 -260.0797 251.8109
2.289799 2.224976 0.1451826 245.2463 -269.1713 251.8109
2.289799 2.224976 0.3153486 264.0936 -266.6217 251.8109
2.289799 2.224976 0.3192549 269.6508 -269.1713 251.8109
2.289799 2.224976 0.2926435 269.6508 -267.2477 251.8109
2.289799 2.224976 0.4095869 269.6508 -266.24 251.8109
2.289799 2.224976 0.4984541 269.6508 -255.6217 251.8109
2.289799 2.224976 0.4459639 269.6508 -245.8736 251.8109
2.289799 2.224976 0.364665 269.6508 -237.8201 251.8109
2.289799 2.224976 0.3009443 269.6508 -244.2705 251.8109
2.289799 2.224976 0.3990889 269.6508 -229.7744 251.8109
2.289799 2.224976 0.7789717 254.4066 -215.7133 251.8109
2.134098 2.224976 1.113688 195.5669 -204.9652 231.7575
1.861637 2.224976 1.182048 122.8035 -193.0873 186.475
1.65485 2.224976 1.446452 46.65849 -186.7438 133.3529
1.416569 2.224976 1.639323 -10.83769 -181.9118 78.37579
1.551334 2.224976 1.930339 -51.49418 -166.8736 12.80327
1.533268 2.224976 2.27946 -123.0285 -131.2018 -58.38757
1.57819 2.224976 2.445231 -179.3568 -94.99573 -125.7845
1.79401 2.224976 2.32194 -179.0209 -76.72855 -196.8303
1.859684 2.224976 2.422038 -185.5171 -50.45374 -248.4563
2.154362 2.224976 2.327312 -185.6087 -20.3316 -248.4563
2.289799 2.224976 2.231364 -171.9675 7.279083 -248.4563
2.289799 2.224976 2.078532 -177.8148 21.88977 -248.4563
2.289799 2.224976 1.980632 -157.5476 48.88214 -248.4563
2.289799 2.224976 1.629558 -155.3186 66.65312 -248.4563
2.289799 2.224976 1.392985 -153.1201 77.09587 -248.4563
2.289799 2.224976 1.374431 -162.1278 94.93558 -248.4563
2.289799 2.041688 1.161052 -171.6239 109.989 -248.4563
2.289799 1.808777 1.098552 -181.143 121.6989 -248.4563
2.289799 1.711365 0.9039717 -204.1583 127.3707 -248.4563
2.289799 1.437928 0.8846846 -223.6927 138.3249 -248.4563
2.289799 1.337098 0.8910322 -230.6163 153.6684 -248.4563
-0.2167319 -1.774963 -0.2605791 109.6661 -269.1713 16.79563
0.717106 -0.5313105 1.035808 168.231 -156.2247 251.8109
0.7151528 -0.4624628 1.062419 174.3302 -146.095 251.8109
0.7295571 -0.4092402 0.9867353 185.1928 -138.9423 251.8109
0.7317544 -0.3582147 0.9586592 190.9638 -133.4995 251.8109
0.6924478 -0.3433222 0.9532881 201.2844 -127.5835 251.8109
0.6870767 -0.3399042 0.913249 208.5211 -125.4308 251.8109
0.7124673 -0.3533319 0.8321943 218.9867 -119.2858 251.8109
0.7036782 -0.407287 0.8116865 227.231 -117.553 251.8109
0.6514321 -0.4448847 0.7906904 247.4753 -117.4385 251.8109
0.7144204 -0.3565058 0.7384443 258.3073 -114.9499 251.8109
0.7141763 -0.4153437 0.6852217 269.6508 -115.1331 251.8109
0.7417642 -0.3723749 0.6761885 269.6508 -113.2858 251.8109
0.7576333 -0.3628534 0.6669111 269.6508 -112.385 251.8109
0.8010903 -0.3421015 0.6356611 269.6508 -110.4308 251.8109
0.8350259 -0.2952265 0.6171064 269.6508 -109.5911 251.8109
0.8711587 -0.2437128 0.5953779 269.6508 -107.5148 251.8109
0.9321939 -0.1980585 0.5651045 269.6508 -104.5911 251.8109
0.9424478 -0.2141717 0.4786787 269.6508 -98.91939 251.8109
0.9009439 -0.1148065 0.4415693 269.6508 -105.6293 251.8109
1.028629 -0.07379089 0.4147139 269.6508 -96.17892 251.8109
1.028385 0.09344543 0.3981123 269.6508 -103.385 251.8109
1.079899 0.2250372 0.3307295 269.6508 -91.75145 251.8109
1.063786 0.1610724 0.1832685 269.6508 -96.86595 251.8109
1.182194 0.06146301 0.1344404 269.6508 -99.57588 251.8109
1.271061 0.1210333 0.1288252 269.6508 -97.06442 251.8109
1.361637 0.2062384 0.06144238 269.6508 -95.23236 251.8109
1.403874 0.2467658 0.04044628 269.6508 -93.88885 251.8109
1.490299 0.3905646 -0.09334278 269.6508 -92.96519 251.8109
1.527653 0.4738165 -0.1802568 269.6508 -98.01099 251.8109
1.603825 0.5253302 -0.2329912 269.6508 -98.85069 251.8109
1.68195 0.5831915 -0.2605791 265.8188 -103.3621 251.8109
1.71735 0.6661993 -0.2605791 253.1852 -112.5453 251.8109
1.823551 0.7601934 -0.2605791 233.6509 -120.6599 251.8109
1.922672 0.8522345 -0.2605791 209.4142 -120.8354 251.8109
2.027897 0.8368536 -0.2605791 202.7272 -137.3087 251.8109
2.117496 1.158143 -0.2605791 161.0936 -146.6904 251.8109
2.047428 1.116639 -0.2605791 167.7348 -162.2934 251.8109
2.275211 1.406678 -0.2605791 141.1089 -171.3621 251.8109
2.289799 1.317811 -0.2605791 137.2692 -183.7056 251.8109
2.289799 1.52533 -0.2215166 129.9562 -196.5988 251.8109
2.289799 1.590272 -0.1250811 137.9638 -218.782 251.8109
2.289799 1.787049 0.08390331 145.9104 -234.7972 251.8109
2.289799 2.091981 0.1507978 158.0096 -251.4308 251.8109
2.289799 2.224976 0.2096357 158.147 -241.5606 251.8109
2.289799 2.224976 0.3951826 174.4753 -248.4079 251.8109
2.289799 2.224976 0.5311689 220.2768 -251.7438 251.8109
2.289799 2.224976 0.602458 234.9715 -243.5682 251.8109
2.289799 2.224976 0.6669111 259.5974 -241.9423 251.8109
2.289799 2.224976 0.7911787 269.6508 -247.0186 251.8109
2.289799 2.224976 0.8265791 269.6508 -242.5911 251.8109
2.289799 2.224976 0.9313154 267.628 -227.3927 251.8109
2.289799 2.224976 0.9730635 261.376 -218.2553 251.8109
2.289799 2.224976 0.9681807 245.6661 -212.7591 251.8109
2.289799 2.224976 1.011882 233.0554 -214.2858 251.8109
