0.8051299 -0.1745269 0.7257402 -15.1645 20.09233 5.898061
0.7892608 -0.1794097 0.7186601 -14.71412 20.49692 6.409512
0.791458 -0.1742827 0.7101152 -14.19504 20.62669 7.035465
0.7875518 -0.1835601 0.7193925 -13.75229 20.74119 7.676687
0.7960967 -0.1901519 0.7186601 -13.53092 20.86333 8.485847
0.8017119 -0.1818511 0.7093828 -13.69885 21.016 9.485847
0.8056182 -0.1867339 0.7098711 -13.66832 20.70302 10.82172
0.808792 -0.1825835 0.7001054 -13.69122 21.05417 11.64615
0.8151397 -0.1862456 0.7123125 -13.71412 21.016 12.9744
0.8185576 -0.1835601 0.7049882 -13.78282 21.18394 14.0889
0.8119658 -0.1840483 0.7023027 -14.0958 21.11524 15.36371
0.8085479 -0.1828276 0.701082 -14.24084 21.07707 16.66142
0.8046416 -0.1791655 0.6886308 -13.85916 21.00837 17.69195
0.7919463 -0.1803862 0.6979082 -13.55382 20.33661 18.9515
0.7912139 -0.1755034 0.7015703 -13.46221 20.09997 19.92859
0.7782744 -0.1755034 0.6915605 -13.82863 20.1305 21.0431
0.7748565 -0.1708647 0.6930254 -13.64542 20.00073 21.88279
0.7655791 -0.1701323 0.6918046 -13.79809 19.64195 22.9973
0.7528838 -0.1613433 0.6920488 -13.30191 19.44348 23.72249
0.7489776 -0.1850249 0.6966875 -12.08817 18.49692 24.58508
0.7458037 -0.1759917 0.682039 -10.45458 17.93966 25.30264
0.7438506 -0.1698882 0.685457 -8.798092 17.9702 25.79119
0.7406768 -0.1759917 0.6798418 -6.737023 17.41295 26.27211
0.7467803 -0.1720855 0.6776445 -4.935496 16.61905 26.63852
0.7460479 -0.1689116 0.6651933 -3.401145 16.19157 27.05837
0.7472686 -0.1701323 0.6661699 -2.233206 15.63432 27.82936
0.7638701 -0.1645171 0.6666582 -1.966031 14.90913 28.38661
0.7628936 -0.1569487 0.6673906 -2.378244 14.58852 29.07363
0.7753448 -0.1559722 0.664705 -2.94313 13.84806 29.76066
0.7831573 -0.1523101 0.6473711 -4.080534 13.20684 30.52402
0.7814483 -0.1520659 0.6417558 -4.805725 12.00073 31.37134
0.7782744 -0.1488921 0.6415117 -5.966031 11.42821 32.03547
0.7733916 -0.1396147 0.6456621 -6.988932 10.73356 32.21867
0.7709502 -0.1457183 0.6407793 -7.569084 10.04653 32.64615
0.7711944 -0.1376616 0.6339433 -7.737023 9.298443 32.68432
0.7719268 -0.143521 0.6278398 -7.324809 8.283176 32.69959
0.777542 -0.1357085 0.6290605 -7.172138 7.657221 32.70722
0.7794951 -0.1427886 0.6236894 -6.782825 6.74119 33.0889
0.7946319 -0.1391265 0.6297929 -6.393512 5.947298 33.27974
0.7985381 -0.1381499 0.626375 -5.83626 5.038901 33.44768
0.7973174 -0.1408355 0.6210039 -5.126336 4.229741 33.59272
0.7968291 -0.1388823 0.6188066 -4.118702 3.344244 33.74539
0.8053741 -0.1391265 0.6207597 -3.095802 2.367145 33.65379
0.8090362 -0.1318022 0.6258867 -2.065267 1.672488 33.60035
0.8148955 -0.1381499 0.6217363 -1.233206 0.6801221 33.53165
0.822708 -0.1254546 0.6253984 -0.721756 -0.1824732 33.63089
0.8310088 -0.1325347 0.6283281 -0.7751908 -0.8236947 33.69959
0.8332061 -0.1320464 0.6271074 -0.8591604 -1.442015 33.79882
0.8368682 -0.129605 0.6295488 -1.569084 -2.029802 34.16524
0.8437041 -0.1308257 0.6354082 -2.126336 -2.663389 34.09653
0.855667 -0.1271636 0.6429765 -2.996565 -3.144305 34.34081
0.8532256 -0.1254546 0.638582 -3.866794 -3.625221 34.32554
0.8554229 -0.1300933 0.640291 -4.492748 -3.709191 34.05836
0.8642119 -0.1303374 0.6429765 -4.935496 -4.449649 34.21104
0.8720244 -0.1181304 0.6512773 -5.362977 -4.640489 33.80646
0.8773955 -0.1164214 0.6515214 -6.164504 -4.953465 33.9286
0.8725127 -0.1093413 0.6456621 -7.362977 -5.235909 34.1118
0.8715362 -0.1044585 0.6522539 -8.263741 -5.472549 33.76066
0.8686065 -0.1054351 0.6620195 -8.851527 -5.739725 33.67669
0.8634795 -0.1049468 0.6498125 -9.64542 -5.907664 33.37897
0.8620147 -0.09347218 0.6537187 -10.0729 -6.167206 32.90569
0.8627471 -0.09518116 0.6612871 -10.22557 -6.144305 32.49348
0.8703155 -0.09640186 0.6622636 -10.20267 -6.113771 31.9515
0.8664092 -0.09371632 0.6656816 -10.04237 -6.083237 31.55455
0.8554229 -0.08810108 0.6671464 -9.614885 -6.434381 31.03547
0.8527373 -0.08981007 0.6747148 -9.96603 -6.136672 30.52402
0.8444366 -0.1003081 0.6798418 -10.14924 -6.258809 30.56218
0.8393096 -0.09200733 0.6808183 -10.56908 -6.373313 30.25684
0.8378448 -0.1047026 0.6825273 -11.05763 -6.052702 30.16524
0.8324737 -0.1181304 0.6534746 -7.691222 2.054168 16.71486
0.8273467 -0.1203276 0.6568925 -7.340076 2.20684 16.44768
0.8358916 -0.1254546 0.6427324 -6.94313 2.054168 16.10417
0.8376006 -0.1291167 0.6417558 -6.294275 2.183939 16.31027
0.8483428 -0.1215483 0.6444414 -5.759924 2.321343 16.01257
0.8429717 -0.1274077 0.6510332 -5.775191 2.168672 16.11943
0.8429717 -0.1269194 0.6354082 -6.011832 1.924397 16.35608
0.8444366 -0.1286284 0.6332109 -6.340076 1.970199 16.40188
0.8593291 -0.1183745 0.635164 -5.729389 1.321343 16.58508
0.8585967 -0.1332671 0.6444414 -5.584352 1.451114 16.50111
0.860794 -0.1291167 0.6293046 -4.744657 1.557985 16.51638
0.8612823 -0.1310698 0.6356523 -3.912596 1.306076 16.42478
0.8529815 -0.1374175 0.6300371 -3.56145 1.046534 16.40188
0.855667 -0.1291167 0.633455 -3.637786 1.359511 16.63852
0.8449248 -0.1310698 0.6405351 -3.576718 1.382412 16.61562
0.8522491 -0.138394 0.636873 -1.622519 1.176305 16.73775
0.8578643 -0.1408355 0.642 -0.8057251 1.092336 16.65379
0.8478545 -0.1413237 0.6393144 -0.01946592 1.428214 16.43241
0.838333 -0.1442534 0.6302812 0.2095418 1.252641 16.67669
0.8317412 -0.1457183 0.6454179 0.1026716 1.138137 16.72249
0.8341826 -0.1339995 0.6412675 -0.4851146 1.016 16.82936
0.8329619 -0.1337554 0.6451738 -1.149237 0.3900459 17.30264
0.8256377 -0.1332671 0.6529863 -2.401145 0.832794 17.50875
0.824417 -0.1344878 0.6481035 -3.408779 0.6801221 17.86753
0.8229522 -0.1354644 0.6554277 -4.370611 0.8022594 18.00493
0.8251494 -0.1335112 0.6564043 -5.45458 0.6495879 18.48585
0.824417 -0.1376616 0.6485918 -6.492748 0.6343205 18.73012
0.8234405 -0.1303374 0.6564043 -7.958397 0.535084 19.50875
0.8202666 -0.129605 0.6595781 -9.332443 0.6953893 19.71486
0.8202666 -0.1259429 0.6651933 -9.973664 0.4205801 20.44768
0.8275908 -0.1269194 0.6593339 -10.10344 0.3518779 20.53165
0.8280791 -0.1264312 0.6578691 -10.14924 0.1381373 21.066
0.8344268 -0.1239897 0.6656816 -10.43931 0.2679083 21.03547
0.8283233 -0.1181304 0.6568925 -10.13397 -0.3580458 21.61562
0.8288116 -0.1191069 0.654207 -10.1416 -0.1901069 21.9515
0.8329619 -0.1154448 0.6654375 -9.828627 -0.4420153 21.9973
0.8339385 -0.115689 0.6615312 -9.210305 -0.5641527 21.9973
0.8356475 -0.1137358 0.6571367 -8.698855 -0.2893435 21.73775
0.8427276 -0.1112944 0.6644609 -8.133969 -0.2893435 21.69195
0.8429717 -0.1086089 0.6573808 -7.973664 -0.5336184 21.48585
0.8402862 -0.1098296 0.652498 -7.851527 -0.7626259 21.31791
0.8424834 -0.112271 0.6544511 -7.591985 -0.5107175 21.0889
0.8439483 -0.1137358 0.6649492 -7.630153 -0.4878168 20.77592
0.8488311 -0.1171538 0.6529863 -7.653054 -0.4801832 20.44005
0.8449248 -0.1161772 0.6527421 -7.874428 -0.08323669 20.31027
0.8463897 -0.1200835 0.6551836 -8.133969 -0.08323669 19.95913
0.8544463 -0.1254546 0.6451738 -8.080534 0.3060763 19.44768
0.8500518 -0.1349761 0.6461504 -7.904962 0.664855 19.11943
0.8622588 -0.1283843 0.6476152 -7.782825 0.2450078 18.59272
0.8671416 -0.127896 0.6476152 -8.279008 0.4663818 18.31791
0.8651885 -0.1327788 0.6446855 -9.24084 0.5961528 18.35608
0.8666533 -0.1308257 0.6383379 -10.01183 1.069435 18.02783
0.8671416 -0.1283843 0.6527421 -10.82863 1.145771 17.98966
0.8690948 -0.1322905 0.6446855 -11.43931 1.367145 17.82173
0.8610381 -0.1366851 0.6444414 -11.35534 1.077069 17.55455
0.8554229 -0.1379058 0.6424882 -11.41641 1.107603 17.38661
0.855667 -0.1349761 0.6471269 -11.0958 1.328977 16.9973
0.8480987 -0.1361968 0.6454179 -10.82099 1.42058 17.05837
0.8415069 -0.1393706 0.6483476 -10.36298 1.550351 16.86753
0.8397979 -0.143521 0.6566484 -10.13397 1.580885 16.60035
0.8341826 -0.1371733 0.6571367 -9.599619 1.71829 16.71486
0.829544 -0.140103 0.6615312 -9.515649 1.893863 16.77592
0.8275908 -0.1386382 0.6561601 -9.813359 1.924397 16.52402
0.8288116 -0.1391265 0.6615312 -9.897328 2.130504 16.63089
0.8258819 -0.1391265 0.6642168 -9.706489 2.245008 16.93623
0.8209991 -0.1398589 0.6676347 -9.019465 2.275542 16.59272
0.8256377 -0.1437651 0.666414 -8.408779 2.489283 16.87516
0.8224639 -0.1374175 0.6710527 -7.698855 2.565619 16.88279
0.8263701 -0.1393706 0.6654375 -7.83626 2.542717 16.88279
0.827835 -0.1318022 0.6644609 -7.782825 3.092336 17.12707
0.8251494 -0.1386382 0.6620195 -7.630153 2.641954 17.14234
0.8256377 -0.141812 0.655916 -8.225573 2.649588 17.55455
0.8297881 -0.138394 0.650789 -8.591985 2.840427 17.64615
0.8283233 -0.138394 0.6493242 -8.775191 2.649588 18.12707
0.8283233 -0.1488921 0.6478593 -9.202672 2.779359 18.18814
0.8334502 -0.1454741 0.6456621 -8.94313 2.641954 18.38661
0.8419951 -0.1376616 0.638582 -8.874428 2.298443 18.87516
0.8454131 -0.133023 0.6429765 -8.798092 2.298443 18.80646
0.8441924 -0.1427886 0.6451738 -8.767557 2.61142 19.21104
0.8493194 -0.1366851 0.6437089 -8.553817 2.42058 19.40188
0.8537139 -0.1415679 0.6390703 -8.553817 2.20684 19.53928
