1.545922 -0.006422371 0.9766788 -35.90324 246.0243 -202.6243
1.430688 -0.1792739 1.029413 -38.03301 246.0243 -217.9755
1.546898 -0.07551417 0.7725772 -43.53682 246.0243 -205.4106
1.553734 -0.1951431 0.622919 -55.04064 246.0243 -219.3724
1.629174 -0.2871841 0.3985537 -54.46049 246.0243 -208.0976
1.715844 -0.1980728 0.3480166 -53.61316 246.0243 -204.0595
1.719262 -0.2022232 0.3619326 -66.26965 246.0243 -196.1663
1.562279 -0.2930435 0.4168643 -72.59026 246.0243 -188.5938
1.512719 -0.4680923 0.3170108 -74.77347 246.0243 -194.6396
1.44973 -0.4942153 0.2281436 -77.70477 246.0243 -198.8839
1.404809 -0.5562271 0.1832217 -80.58263 246.0243 -183.4793
1.434594 -0.6663345 0.03820217 -91.39178 246.0243 -178.3495
1.415063 -0.7510513 -0.06165135 -99.00247 246.0243 -163.1969
1.239281 -0.9312271 -0.06165135 -100.491 246.0243 -152.9908
1.379418 -1.070631 -0.06165135 -101.5292 246.0243 -143.7312
1.163354 -1.177077 -0.06165135 -98.07881 246.0243 -132.3877
1.034691 -1.142409 -0.06165135 -99.97194 246.0243 -140.9297
0.6543203 -1.181715 -0.06165135 -117.7429 246.0243 -129.5175
0.5456777 -1.200026 -0.06165135 -122.033 246.0243 -110.4259
0.4985586 -1.352126 -0.06165135 -128.5826 246.0243 -107.1205
0.393334 -1.466383 -0.06165135 -108.3002 246.0243 -68.11288
0.1675039 -1.686598 -0.06165135 -89.13224 204.6502 -48.15105
0.08229883 -1.527419 -0.06165135 -88.54446 206.7418 -56.76937
-0.02219336 -1.569411 -0.06165135 -77.09408 174.5663 -40.48693
-0.04367773 -1.667311 -0.06165135 -53.22385 148.2991 -35.7312
-0.02463476 -1.578932 -0.06165135 -33.12461 120.1235 -28.24266
-0.01804297 -1.391676 -0.06165135 -31.74293 96.06244 -14.4106
0.09890039 -1.350172 -0.06165135 -24.44522 80.07771 -9.654871
0.2236562 -1.238112 -0.06165135 -16.42232 69.7113 -12.73884
0.3310781 -1.158766 -0.06165135 1.432641 51.78764 15.04742
0.4355703 -1.056471 -0.01550877 18.67692 51.37542 -0.5250992
0.5593496 -0.7915787 0.1580752 26.70745 43.32199 6.971084
0.6174551 -0.5948013 0.3380069 27.0357 32.70367 13.68101
0.6709219 -0.4922622 0.4175967 25.0586 23.74947 19.45963
0.747582 -0.4248794 0.4964541 33.1731 16.74183 21.5436
0.8237539 -0.3826431 0.5655459 40.82196 12.18458 17.90238
0.8535391 -0.2805923 0.687128 49.11966 11.39069 9.413832
1.059594 -0.03669581 0.7562198 49.60058 7.085343 7.673374
0.7654043 0.2323472 2.291376 -42.67423 177.7418 -44.28846
1.125023 0.3417222 2.207392 6.944091 246.0243 -83.15105
1.133324 0.3966538 2.137568 16.99753 246.0243 -92.33426
1.18435 0.436937 2.049921 21.67692 246.0243 -101.548
1.221215 0.4759995 1.977899 25.85249 246.0243 -109.2579
1.257348 0.4513413 1.884394 29.05096 246.0243 -116.8075
1.241479 0.4523179 1.801142 32.1731 246.0243 -123.7465
1.27224 0.5148178 1.700312 27.77615 246.0243 -129.6702
1.323754 0.5441147 1.590448 21.99753 246.0243 -134.8533
1.31643 0.4945542 1.533564 13.08913 246.0243 -139.1892
1.336938 0.5055405 1.442255 4.722718 246.0243 -142.6472
1.372582 0.4684311 1.348749 -5.269649 246.0243 -145.4793
1.316186 0.4232651 1.305292 -11.31545 246.0243 -148.3419
1.457543 0.2838608 1.274286 -17.42995 246.0243 -158.0289
1.444115 0.2416245 1.348993 -20.86507 246.0243 -157.9984
1.52932 0.2111069 1.212519 -29.56736 246.0243 -159.3495
1.460717 0.06877294 1.246698 -28.58262 246.0243 -170.1511
1.477074 0.1305405 1.155634 -27.72766 246.0243 -175.0366
1.549828 0.1351792 1.108515 -29.46049 246.0243 -179.632
1.528832 0.09294287 0.9444522 -32.72766 246.0243 -176.0213
1.622826 0.1754624 0.7801455 -33.33835 246.0243 -168.2198
1.459496 0.1268784 0.7598819 -34.38415 246.0243 -159.4259
1.393822 0.1610581 0.7188663 -33.81927 246.0243 -164.0213
1.262231 0.1310288 0.6885928 -29.05591 246.0243 -171.5785
1.461449 -0.02180323 0.3878115 -30.06354 246.0243 -166.0976
1.334984 0.06486669 0.5120791 -17.72766 246.0243 -171.4106
1.439965 -0.0913833 0.3299502 -19.8498 246.0243 -170.0442
1.406518 -0.03449854 0.2823428 -24.42232 246.0243 -166.2961
1.365014 -0.07673487 0.2222842 -33.38415 246.0243 -166.9908
1.35183 -0.111647 0.2049502 -43.59026 246.0243 -163.2503
1.355492 -0.1936782 0.1812686 -52.10934 246.0243 -158.9221
1.321313 -0.285231 0.1561221 -56.6666 246.0243 -155.6549
1.290307 -0.3636001 0.1678408 -56.22385 246.0243 -153.3114
1.292748 -0.3782485 0.1426944 -60.81163 246.0243 -148.3648
1.28518 -0.5218033 0.0816592 -61.59026 246.0243 -146.8152
1.249291 -0.5088638 0.116083 -68.804 246.0243 -132.1663
1.143334 -0.635817 0.05651271 -70.72766 246.0243 -119.1511
1.135277 -0.7119888 -0.02722752 -68.75819 246.0243 -117.7007
1.071801 -0.7923111 -0.06165135 -64.17041 246.0243 -114.2885
0.9851309 -0.7837662 -0.06165135 -65.99484 246.0243 -108.09
0.8613516 -0.7061295 -0.06165135 -84.6895 246.0243 -96.6625
0.8264395 -1.067213 -0.06165135 -81.94141 246.0243 -97.6625
0.7524648 -0.8579849 -0.06165135 -73.98721 246.0243 -98.70067
0.5801015 -0.7547134 -0.06165135 -81.26965 246.0243 -67.08235
0.4990469 -0.8201431 -0.06165135 -102.1628 246.0243 -88.02892
0.5066152 -1.143629 -0.06165135 -79.52919 246.0243 -76.28082
0.386498 -1.086012 -0.06165135 -51.41468 230.9403 -44.44113
0.3562246 -0.9903091 -0.06165135 -46.30018 222.6502 -39.548
0.2285391 -1.020583 -0.06165135 -43.08644 194.3602 -31.12052
0.2627187 -0.9937271 -0.06165135 -41.30018 176.3983 -23.76174
0.2612539 -0.9654068 -0.06165135 -41.01774 154.9098 -13.79228
0.3022695 -0.9480728 -0.06165135 -39.05591 137.322 -5.914412
0.325707 -0.8975357 -0.06165135 -35.52919 120.1464 1.116122
0.4123769 -0.7979263 -0.06165135 -35.71239 106.5281 8.627572
0.4602285 -0.7527603 -0.06165135 -32.47575 93.69603 14.3604
0.4909902 -0.6844009 -0.06165135 -26.70476 81.16931 18.37566
0.5500722 -0.6575455 -0.06165135 -24.57499 71.94794 18.06269
0.6091543 -0.5596451 -0.06165135 -22.69713 60.28382 28.32986
0.6606679 -0.5059341 -0.06165135 -21.92614 50.29908 31.81078
0.7151113 -0.4702896 -0.06165135 -20.07117 42.13115 36.84132
0.7553945 -0.3841079 -0.005987287 -16.97194 33.27618 39.87948
0.8027578 -0.3518814 0.05529201 -14.93377 27.13115 42.53597
0.8198477 -0.2998794 0.1539248 -11.29255 21.23801 30.87948
0.9497305 -0.2012466 0.2112979 -5.063542 10.00137 38.3833
0.8974844 -0.08845362 0.418085 -3.544458 12.39069 24.09322
1.071557 0.05436864 0.4554385 -5.956672 3.69603 48.84895
1.027123 0.06047216 0.5140323 -16.67423 -2.594046 42.00162
1.192895 0.2689682 0.5679873 -18.85744 -3.800153 47.23826
1.141625 0.1930405 0.6829776 -39.42232 -13.07496 50.43673
1.143578 0.08781591 0.7076358 -38.71239 -12.47954 45.99399
1.199486 0.0841538 0.7303409 -35.84217 -12.09786 42.90238
1.242455 0.1439682 0.7625674 -38.78873 -12.58641 39.09322
1.261498 0.1718003 0.7974795 -43.65896 -13.64748 38.18483
1.273949 0.08854834 0.8311709 -45.23148 -14.22 36.13902
1.286645 0.0529038 0.8748721 -43.7353 -13.99099 33.92529
1.293969 0.01750341 0.8887881 -42.33835 -11.85359 30.29933
1.266869 -0.05329737 0.8831729 -40.59026 -10.36504 26.72681
1.240258 -0.1570571 0.8467959 -39.20095 -8.1971 24.24589
1.203881 -0.2622818 0.7845401 -36.39178 -7.00626 22.68101
1.141381 -0.370436 0.6734561 -34.16278 -7.761985 23.22299
1.096947 -0.3618911 0.6007022 -36.76583 -11.42611 29.4062
1.046898 -0.4771255 0.4891299 -41.76583 -18.51771 36.07032
0.9958731 -0.5742935 0.395624 -46.78873 -24.42611 37.81078
0.9768301 -0.6817154 0.3297061 -47.81927 -32.99099 40.56651
0.9614492 -0.7180923 0.3013858 -46.9414 -38.20473 44.85658
0.9101797 -0.8030533 0.2906436 -43.99484 -45.94519 47.35276
0.9148184 -0.8936295 0.2640322 -38.01774 -51.29633 49.79551
0.9365469 -0.9253677 0.2645205 -32.02537 -56.51007 51.94818
1.645531 -0.5928482 0.812128 -12.59026 246.0243 -177.9526
0.8572012 -0.8013443 -0.06165135 -23.37652 246.0243 -98.96784
0.65725 -0.7525162 -0.06165135 -25.99484 246.0243 -79.21212
0.587914 -0.8311295 -0.06165135 -23.63606 246.0243 -78.27319
0.5798574 -0.7962173 -0.06165135 -25.74293 246.0243 -74.08235
0.4782949 -0.8272232 -0.06165135 -18.804 236.8334 -68.30373
0.4985586 -0.8277115 -0.06165135 -13.8727 220.1311 -65.76937
0.4829336 -0.8225845 -0.06165135 -9.552092 205.9632 -61.7312
0.4890371 -0.8191666 -0.06165135 -2.376519 189.2304 -56.36479
0.5300527 -0.7744888 -0.06165135 2.157832 176.4594 -55.00601
0.5356679 -0.7259048 -0.06165135 2.40974 163.3831 -48.56327
0.5827871 -0.6538834 -0.06165135 2.737985 151.3449 -42.7541
0.6013418 -0.5852798 -0.06165135 2.371572 140.2914 -38.28846
0.655541 -0.5327896 -0.06165135 4.70745 130.7953 -34.5938
0.7016836 -0.4405044 -0.0120908 10.18073 122.4441 -34.25792
0.7317129 -0.3802017 0.05211818 18.13493 113.8716 -31.13579
0.7497793 -0.191481 0.1324404 13.98989 104.6121 -40.41059
0.7951894 -0.06281886 0.2598819 2.760885 90.38305 -30.07472
0.8423086 -0.05232081 0.3248233 -6.414687 81.55862 -26.20449
0.8955313 -0.08259424 0.366083 -6.071176 74.02427 -30.89915
0.9223867 -0.03938136 0.4373721 -3.124611 67.22275 -32.79227
0.9594961 0.02751318 0.5279483 -3.720031 61.7113 -36.70831
0.9770742 0.05021825 0.617792 -12.59789 53.25328 -32.91441
1.02224 0.02092138 0.6812686 -14.92614 48.93267 -35.65487
