0.3642119 -1.450406 1.715975 -13.19504 17.9473 19.0889
0.3910674 -1.152066 1.716463 -29.71412 -1.258809 26.83699
0.3507842 -1.292935 1.792635 -18.25611 1.031267 27.47058
0.3773955 -1.202115 1.860018 -24.19504 6.016 28.48585
0.4120635 -1.181363 1.854402 -18.49275 2.260275 27.62325
0.4184112 -1.144498 1.866121 -18.51565 2.855695 26.84463
0.4135283 -1.151822 1.888094 -15.9813 3.168672 25.91333
0.4186553 -1.174039 1.862947 -13.82863 3.725924 25.31027
0.4071807 -1.195523 1.83365 -10.85916 3.145771 25.1118
0.386917 -1.214566 1.777254 -9.294275 1.779359 25.37898
0.3871611 -1.2048 1.757723 -6.660687 -0.5183512 25.31027
0.4066924 -1.199429 1.765291 -4.782825 -4.029801 25.08127
0.4293975 -1.17648 1.798738 -2.630153 -5.190107 24.49348
0.4423369 -1.148404 1.795076 2.659923 -5.869496 22.55455
0.4342803 -1.101529 1.766268 5.873664 -7.319878 20.81409
0.4289092 -1.073208 1.753572 7.690458 -9.594687 18.84463
0.4330596 -1.047574 1.784822 9.140841 -10.95347 16.64615
0.4425811 -1.041958 1.82535 10.56832 -10.77026 14.24157
0.4459991 -1.047574 1.84659 12.27061 -10.62522 11.64615
0.4516143 -1.063687 1.858797 13.36221 -10.70919 9.966763
0.4550323 -1.078335 1.868318 13.32405 -10.51072 8.806458
0.4584502 -1.087369 1.883455 12.32405 -10.08324 7.982031
0.4574737 -1.101773 1.920076 13.03397 -9.083237 6.989664
0.4669951 -1.116665 1.957918 12.77443 -7.205374 6.607985
0.4501494 -1.118374 1.977205 11.36985 -5.098504 6.844626
0.449417 -1.140835 1.986238 8.713358 -2.938199 7.424779
0.4440459 -1.171109 2.006746 7.27061 -0.7549924 8.317908
0.4303741 -1.195035 1.997713 5.339313 1.542717 9.348443
0.4293975 -1.20358 1.991854 3.05687 3.550351 10.73012
0.4240264 -1.202603 1.978182 0.4919844 5.306077 12.18814
0.419876 -1.200162 1.964021 -1.591985 6.474016 13.43241
0.4152373 -1.203824 1.937166 -4.088168 7.603786 14.63089
0.4167022 -1.195279 1.915438 -6.85916 7.985466 16.066
0.4269561 -1.201626 1.909334 -7.095802 7.74119 16.53165
0.4428252 -1.223599 1.90201 -6.737023 8.191572 17.37134
0.4450225 -1.220181 1.897615 -4.767557 8.42058 17.55455
0.4428252 -1.22604 1.892488 -2.851527 8.344244 17.76829
0.4445342 -1.200162 1.868318 -0.6912217 7.832794 17.47058
0.4525908 -1.195523 1.853182 0.3698473 5.970198 17.26447
0.4682158 -1.176968 1.842195 -1.294275 4.466382 17.51638
0.4730987 -1.145474 1.843416 -1.889695 3.344244 17.1347
0.4582061 -1.124478 1.821688 0.0492363 1.252641 15.93623
0.4489287 -1.101285 1.7941 1.240077 -0.6710229 14.38661
0.4376983 -1.089566 1.797762 0.377481 -3.014534 13.50111
0.4328155 -1.085171 1.803377 -0.5614505 -5.564153 11.94386
0.4381866 -1.089322 1.816561 -1.927863 -7.587053 11.50111
0.4323272 -1.108365 1.839998 -2.172138 -8.632854 10.80646
0.435501 -1.134244 1.861238 -2.523283 -9.816061 10.44005
0.4335479 -1.14523 1.878328 -2.630153 -10.38858 10.45531
0.4416045 -1.164029 1.890047 -3.385878 -10.65576 11.14234
0.435501 -1.173306 1.907137 -4.179771 -11.14431 11.63852
0.451126 -1.192837 1.949617 -6.56145 -11.78553 13.23394
0.4821319 -1.209683 1.97574 -10.1187 -11.11377 15.0202
0.4904326 -1.190396 1.993074 -10.21031 -9.28171 15.47058
0.4843291 -1.159878 1.990389 -9.714123 -7.587053 15.17287
0.4911651 -1.12521 1.972078 -10.87443 -6.251175 15.40951
0.4787139 -1.13229 1.979158 -13.41641 -4.266443 15.85226
0.487503 -1.124478 1.977693 -13.43931 -1.915298 15.61562
0.4894561 -1.139371 1.967928 -13.86679 -0.06796956 15.49348
0.484085 -1.150357 1.943514 -12.88206 1.970199 15.68432
0.4738311 -1.17233 1.92325 -11.23321 2.870962 15.57745
0.4665069 -1.191617 1.892488 -9.790459 3.191573 16.54692
0.4518584 -1.199185 1.881258 -9.469848 3.947298 17.17287
0.4555205 -1.182583 1.882479 -7.920229 4.161038 17.53928
0.4567412 -1.185757 1.901521 -6.004199 5.069435 18.23394
0.4533233 -1.179654 1.895662 -4.64542 5.832794 18.50111
0.4455108 -1.178433 1.892732 -4.057633 6.130504 19.1118
0.451126 -1.180142 1.898592 -3.103435 6.099969 19.83699
0.4450225 -1.180386 1.900545 -3.301908 6.252641 20.92859
0.4398955 -1.174527 1.908846 -3.866794 6.649588 21.75302
0.1813506 -1.296109 1.525789 -114.0118 6.52745 238.2263
-0.1746064 -0.9682281 1.359529 -53.11107 32.59615 191.6309
-0.1348115 -0.9772613 1.324129 -50.39351 32.61906 188.2416
-0.1291963 -0.9709136 1.300203 -47.37061 31.68775 183.9515
-0.1150361 -0.9748199 1.306795 -47.0958 30.24501 180.753
-0.1208955 -0.9738433 1.319002 -44.08054 30.35951 177.0584
-0.1345674 -0.9526031 1.32535 -42.40115 30.05417 173.2874
-0.1423799 -0.9462554 1.329256 -42.14161 29.72592 170.5469
-0.1531221 -0.929898 1.31949 -44.59199 30.17631 168.463
-0.1765596 -0.9259917 1.332674 -47.01183 30.40531 166.5164
-0.1990205 -0.9323394 1.341707 -50.37825 31.30607 165.0965
-0.2270967 -0.9425933 1.337312 -53.04237 32.13814 163.608
-0.2280732 -0.9499175 1.334383 -56.31718 32.74119 162.8828
-0.2344209 -0.9606597 1.33658 -57.01183 34.71829 161.5546
-0.2256318 -0.9584624 1.315096 -58.14924 35.45875 160.6614
-0.1846162 -0.9596831 1.312166 -57.9126 37.12287 159.4324
-0.1428682 -0.9291656 1.257234 -61.25611 40.26028 158.7759
-0.2134248 -0.9089019 1.199373 -63.36298 39.20684 158.4171
-0.2263643 -0.9540679 1.225984 -62.66832 36.77173 158.3637
-0.1682588 -0.8547027 1.276033 -50.01183 41.39768 158.7912
-0.1765596 -0.8175933 1.26993 -67.64542 45.39768 160.7377
-0.2168428 -0.8966949 1.293123 -33.48512 44.27554 152.1271
-0.2136689 -0.990689 1.324617 -14.04237 48.73356 146.1805
-0.238083 -0.7990386 1.279695 -10.92023 51.84043 144.4477
-0.2627412 -0.8752105 1.299959 -3.340076 50.73356 142.295
-0.2510225 -0.8417632 1.355379 -0.1645041 55.47402 141.9439
-0.2607881 -0.8119781 1.354646 -6.988932 59.54272 142.295
-0.258835 -0.8083159 1.338289 -9.988932 62.33661 142.753
-0.2627412 -0.8034331 1.342684 -19.08817 65.65722 144.0126
-0.258835 -0.7946441 1.345369 -22.34771 68.26027 143.9591
-0.251999 -0.7856109 1.347811 -28.85916 69.64958 143.4019
-0.25029 -0.8544585 1.381502 -10.30954 73.45875 137.5851
-0.1516572 -0.7790191 1.297518 -12.44695 79.07706 136.7836
-0.2473603 -0.7895171 1.237459 -33.60725 80.54272 137.8675
-0.2080537 -0.8373687 1.234773 -24.1645 79.9015 136.5698
-0.1882783 -0.7895171 1.262117 -26.0042 83.65722 133.8141
-0.1331025 -0.7362945 1.204256 -24.56908 87.61905 131.7072
-0.1265107 -0.8158843 1.182283 -32.45458 88.26791 133.7912
-0.1475068 -0.8561675 1.242586 -28.61489 89.22211 134.0049
-0.1511689 -0.8075835 1.26285 -28.1645 93.64958 135.7225
-0.1528779 -0.8219878 1.221346 -26.1874 98.85569 132.379
-0.208542 -0.6342437 1.18033 -33.59198 98.38241 131.4095
-0.1211396 -0.6830718 1.136629 -42.0042 99.72592 135.1652
-0.09159863 -0.5988433 1.102937 -74.92023 104.9702 140.7072
-0.1504365 -0.7104156 1.065096 -83.72176 102.0313 143.295
-0.2361299 -0.7370269 1.119539 -86.19504 101.2679 141.982
-0.3760225 -0.7162749 1.174227 -46.84389 101.0923 132.6538
-0.4233857 -0.7297027 1.171297 -36.9355 99.9473 131.1271
-0.4683076 -0.7160308 1.192537 -32.31718 99.57325 129.524
-0.4109345 -0.6950347 1.162508 -24.88969 99.27554 129.3561
-0.3379365 -0.6256988 1.111482 -36.11107 102.3061 129.6691
-0.284958 -0.6007964 1.039217 -50.11871 100.619 132.2034
-0.2725068 -0.6264312 1.05118 -61.03473 98.58852 133.1271
-0.2649385 -0.6076324 1.069978 -63.9355 98.77172 131.753
-0.2905732 -0.6239898 1.076082 -61.59962 98.65722 129.0126
-0.3242646 -0.6112945 1.072664 -55.44695 98.48928 124.5546
-0.3806611 -0.6215484 1.08365 -48.05764 98.04653 119.3637
-0.4460908 -0.6235015 1.071932 -43.24084 98.55035 115.7149
-0.5012666 -0.6274077 1.068269 -39.73703 99.42058 111.7912
-0.5576631 -0.6247222 1.058016 -37.35534 100.2832 107.692
-0.5708467 -0.5990874 1.070955 -34.76756 99.77172 102.2645
-0.4497529 -0.4823882 1.409334 -44.32481 111.3366 97.34844
-0.4998017 -0.6227691 1.277498 -13.9355 131.39 85.68432
-0.4258271 -1.131802 0.7098711 -18.20267 141.4129 93.52401
-0.363083 -0.7069976 0.702791 -43.96603 117.7107 98.14233
-0.3945771 -0.4823882 0.6620195 -82.45457 105.6649 100.6461
-0.4604951 -0.5192534 0.7665117 -77.35534 95.93203 92.08127
-0.4907685 -0.6718413 0.9540117 -64.0729 93.93203 87.40951
-0.5059052 -0.6203277 1.004061 -54.82863 101.6725 83.43241
-0.4580537 -0.5798003 0.9022539 -40.84389 102.7794 78.0431
-0.3957978 -0.5365874 0.7735918 -38.40878 99.56561 74.58508
-0.3684541 -0.4953277 0.7540605 -43.52328 96.87096 73.44768
-0.3608857 -0.4816558 0.7528398 -50.45458 95.28317 74.14997
-0.3745576 -0.4745757 0.7535722 -52.42405 93.79462 72.93623
-0.3855439 -0.4589507 0.7423418 -55.34771 92.16103 72.08127
-0.3914033 -0.4679839 0.7064531 -56.52328 90.42058 70.47821
-0.4060517 -0.4887359 0.6632402 -58.50038 86.58089 69.72249
-0.397751 -0.5251128 0.6417558 -59.79046 83.16867 68.90569
-0.4016572 -0.5336577 0.6273515 -60.66832 79.50455 67.72249
-0.409958 -0.5546538 0.6127031 -58.8897 74.93203 66.16524
