-0.7236094 0.2682358 1.315302 -4.116977 17.32198 7.658107
-0.7082285 0.2714097 1.323603 -7.124611 16.67313 9.001618
-0.6962656 0.2804429 1.33581 -9.002474 15.74183 9.940549
-0.6835703 0.2882554 1.346552 -9.689496 15.16168 10.18482
-0.6808848 0.2889878 1.369013 -8.979572 15.06244 10.01688
-0.6723399 0.2884995 1.37536 -7.139878 14.8945 9.245893
-0.6686778 0.292894 1.384882 -4.544458 14.91741 7.986351
-0.6635508 0.2926499 1.38244 -1.826901 15.09298 7.032153
-0.6559824 0.3129136 1.387079 1.40974 15.51282 5.474901
-0.6572031 0.3331772 1.37536 2.279969 15.7571 5.032153
-0.6562266 0.3185288 1.368036 4.157832 16.74947 4.070321
-0.6672129 0.3434311 1.355829 4.066229 16.26855 4.26116
-0.6750254 0.3207261 1.347284 3.562412 16.32962 3.894748
-0.6835703 0.3373276 1.341425 7.165465 16.40595 2.070321
-0.6772227 0.3265854 1.324091 7.180733 16.65786 2.100855
-0.6806406 0.3229233 1.318231 8.478443 16.62733 0.7802444
-0.6874766 0.3297593 1.282343 7.516611 15.29908 1.734443
-0.6857676 0.324144 1.267206 6.379206 15.52046 1.139023
-0.6884531 0.3260972 1.265009 1.768519 12.23802 2.139023
-0.6962656 0.3280503 1.271601 -0.04064119 11.53572 2.268794
-0.6945567 0.3268296 1.277948 -1.345985 9.795267 3.116122
-0.6884531 0.3192612 1.28747 -3.193313 8.902137 3.619939
-0.6855235 0.329271 1.294794 -5.452855 8.108244 4.658107
-0.6696543 0.3248765 1.317011 -7.750565 7.596794 5.574138
-0.6611094 0.311937 1.313349 -9.139878 6.39832 6.001618
-0.6594004 0.3134018 1.323603 -9.48339 6.421221 6.551237
-0.6567149 0.3190171 1.351435 -8.834535 5.703664 6.482534
-0.643043 0.3173081 1.368769 -7.300183 5.321984 6.070321
-0.6376719 0.3214585 1.385126 -4.880336 5.367786 5.192458
-0.6261973 0.3270737 1.402948 -1.857435 5.031908 4.177191
-0.6095957 0.3502671 1.411493 1.279969 5.18458 3.15429
-0.6042246 0.3680893 1.422968 3.921191 5.680763 1.64284
-0.5969004 0.3544175 1.421747 6.356305 6.253283 0.7573436
-0.5981211 0.3610093 1.417353 8.020428 7.344885 -0.4792977
-0.6105723 0.3812729 1.406366 9.180733 7.696031 -1.792275
-0.6144785 0.3685776 1.39245 13.15783 8.268549 -3.838076
-0.6178965 0.3602768 1.386835 13.65402 8.474656 -4.349526
-0.622291 0.3641831 1.383661 13.18073 8.99374 -5.219756
-0.6320567 0.3661362 1.37829 11.18837 8.37542 -4.998382
-0.6232676 0.3632065 1.369745 9.180733 8.917404 -5.044183
-0.6318125 0.3656479 1.362177 6.157832 9.268549 -4.448763
-0.6362071 0.3563706 1.357294 3.699817 9.268549 -3.708305
-0.6418223 0.355394 1.3612 2.890656 8.825801 -3.708305
-0.641334 0.3644272 1.359003 0.7685191 8.48229 -2.051817
-0.6310801 0.3492905 1.360468 3.432641 9.20748 -4.196855
-0.6393809 0.3719956 1.374384 4.608214 8.299084 -3.708305
-0.6171641 0.3724839 1.37121 8.157832 9.367786 -6.326626
-0.6252207 0.3954331 1.379267 9.287603 8.18458 -6.708305
-0.6069102 0.388353 1.376093 10.20363 9.085343 -8.013649
-0.6139903 0.4049546 1.394647 10.92882 8.505191 -9.021283
-0.5988535 0.4142319 1.402948 11.2647 8.917404 -9.84571
-0.5888438 0.4222886 1.41369 10.55478 9.581527 -10.25792
-0.5868906 0.4349839 1.397821 9.501344 9.932672 -11.25029
-0.5656504 0.4442612 1.41369 9.257069 9.925038 -12.548
-0.5610117 0.4391343 1.407099 8.753252 11.19985 -14.09762
-0.5500254 0.4535386 1.405146 8.654016 11.8945 -15.73121
-0.5636973 0.454271 1.395868 7.49371 12.74946 -16.76174
-0.575416 0.4547593 1.387079 5.837221 13.30672 -18.41823
-0.591041 0.4676987 1.392694 3.40974 13.45939 -18.74647
-0.5971446 0.4769761 1.391718 -0.323084 14.37542 -19.18922
-0.5939707 0.4781968 1.398798 -3.582626 14.74183 -19.11289
-0.6095957 0.4777085 1.403681 -5.773466 15.42885 -19.77701
-0.6108164 0.4657456 1.417597 -8.216214 16.00901 -19.5938
-0.615211 0.457689 1.409052 -9.147511 16.16168 -19.54037
-0.6237559 0.4515854 1.391962 -11.74293 16.98611 -18.69304
0.294457 0.3395249 2.86706 26.18073 144.1006 -81.27319
1.062279 -0.04768214 -0.06165135 -67.88033 246.0243 -222.235
1.009789 -0.1267837 -0.06165135 -59.30018 246.0243 -226.7236
1.019066 -0.2432388 -0.06165135 -55.54446 246.0243 -228.2732
1.033227 -0.3291763 -0.06165135 -49.79636 246.0243 -228.9831
1.068627 -0.3994888 0.0606631 -44.33835 246.0243 -228.4259
1.050561 -0.4746841 0.2259463 -42.04827 246.0243 -224.8533
1.111596 -0.5064224 0.3233584 -38.23148 246.0243 -222.0213
1.201684 -0.5689224 0.428583 -31.62079 246.0243 -220.0747
1.253197 -0.5574478 0.494501 -26.63606 246.0243 -218.5098
1.274682 -0.5811295 0.5684756 -19.39178 246.0243 -217.6014
1.277367 -0.5686783 0.5579776 -7.804 246.0243 -214.4717
1.27224 -0.5083755 0.5025577 1.501343 246.0243 -211.8763
1.249779 -0.4734634 0.4366397 8.1731 246.0243 -211.0213
1.237084 -0.3924087 0.3607119 11.35631 246.0243 -210.8228
1.219262 -0.323561 0.305292 11.21127 246.0243 -210.3266
1.197289 -0.2757095 0.27746 6.539511 246.0243 -209.1892
1.195336 -0.2832778 0.2486514 3.325771 246.0243 -208.4717
1.124535 -0.3050064 0.199335 -1.39942 246.0243 -206.4411
1.143578 -0.3423599 0.1986026 -6.109344 246.0243 -202.3877
1.129662 -0.3797134 0.185419 -12.78873 246.0243 -198.5709
1.104516 -0.3552993 0.1702822 -19.01774 246.0243 -192.9297
1.091576 -0.3533462 0.1414737 -31.55209 246.0243 -186.0595
1.070824 -0.3792251 0.09166897 -38.65133 246.0243 -180.2121
1.042016 -0.3552993 0.01622951 -46.71239 246.0243 -173.9068
1.068871 -0.3709243 -0.03650486 -53.88034 246.0243 -168.4182
1.061791 -0.3777603 -0.06165135 -56.40705 246.0243 -164.6854
1.062035 -0.3504165 -0.06165135 -54.97957 246.0243 -164.1587
1.031762 -0.3816665 -0.06165135 -45.39942 246.0243 -165.2961
1.016381 -0.3355239 -0.06165135 -42.45285 246.0243 -168.6396
0.957543 -0.3660415 -0.06165135 -34.13224 246.0243 -170.5327
0.9277578 -0.4322036 -0.06165135 -22.55209 246.0243 -173.6625
0.8884512 -0.4248794 -0.06165135 -19.53682 246.0243 -179.6472
0.8227774 -0.5000748 -0.06165135 -16.62079 238.0548 -182.4182
0.7270742 -0.540358 -0.06165135 -13.06354 220.8411 -181.5022
0.7263418 -0.6450943 -0.06165135 -15.93377 208.7342 -180.5938
0.610375 -0.8169693 -0.06165135 -8.269649 194.5357 -176.3572
0.5493398 -0.7757095 -0.06165135 -16.95667 181.5281 -169.4946
0.501 -0.922438 -0.06165135 -26.19331 180.4365 -163.9144
0.4306875 -0.9912857 -0.06165135 -26.6895 164.4136 -151.6702
0.3723379 -1.007887 -0.06165135 -41.92614 153.0166 -138.4793
0.3208242 -1.069167 -0.06165135 -53.79636 140.322 -123.5938
0.275414 -1.106764 -0.06165135 -67.07881 126.9861 -106.3801
0.2383047 -1.131667 -0.06165135 -77.94904 114.9174 -89.53273
0.2258535 -1.146559 -0.06165135 -83.43758 100.6884 -76.15868
0.1853262 -1.117751 -0.06165135 -87.99484 86.73419 -63.7999
0.1758047 -1.048903 -0.06165135 -93.01011 70.42885 -51.15868
0.2456289 -1.093092 -0.06165135 -90.72766 55.55099 -42.12815
0.3445058 -1.033522 -0.06165135 -85.36888 42.28382 -36.08235
0.4287344 -0.97444 -0.06165135 -80.43758 29.40596 -27.83808
0.5324941 -0.9781021 -0.06165135 -69.39942 16.9174 -24.5709
0.638207 -0.9163345 -0.05017674 -59.27728 8.612061 -22.04418
0.7126699 -0.8611588 0.1468447 -49.07117 -0.1436644 -20.54037
0.8105703 -0.8330826 0.2369326 -40.41468 -6.204733 -19.37243
0.881127 -0.7830338 0.3748721 -34.16278 -10.61695 -17.39533
0.9497305 -0.774733 0.4725284 -33.04827 -12.83832 -14.27319
1.094506 -0.7935318 0.5174502 -30.75056 -6.502443 -13.40296
1.020287 -0.7927994 0.7066592 -30.30018 -8.62458 -8.189221
1.085961 -0.8269791 0.7540225 -29.49102 -14.89176 -3.303725
1.143578 -0.8731216 0.8140811 -22.05591 -9.571145 1.696275
1.116967 -0.8777603 0.8614444 -16.01774 -4.769619 8.245893
1.082299 -0.835524 0.9061221 -12.49102 -4.739084 15.43673
1.07766 -0.8155045 0.8953799 -6.880336 -1.784886 21.09322
1.038842 -0.7486099 0.852167 -1.887969 -0.01389313 25.76498
1.009545 -0.6824478 0.8028506 -1.376519 0.5433583 32.06269
0.9673086 -0.6389908 0.7283877 0.4708091 1.047175 36.55124
0.924584 -0.5689224 0.649042 1.592947 -0.7009163 40.59704
0.9104239 -0.5274185 0.6092471 2.142565 -3.769619 44.5207
0.8877188 -0.4915298 0.5496768 1.944092 -7.151298 48.09322
0.8657461 -0.4478286 0.5003604 1.821954 -11.39557 50.69628
0.8584219 -0.4038833 0.5089053 2.157832 -16.34214 51.90238
0.8564688 -0.3733657 0.5154971 0.3639389 -19.78489 54.11612
0.8628164 -0.3601821 0.5218448 -2.200946 -22.54061 55.96345
0.8401114 -0.358229 0.515253 -3.834535 -25.37267 57.94055
0.8257071 -0.3614028 0.5140323 -4.681863 -28.11313 59.13902
0.8193594 -0.3592056 0.4971866 -4.857435 -30.99863 60.3146
0.7968984 -0.3711685 0.4783877 -6.10171 -34.79252 61.83368
0.78225 -0.3994888 0.475458 -7.025374 -39.14366 63.90238
0.7551504 -0.4351333 0.4717959 -7.674229 -43.2887 65.97108
0.7524648 -0.4717544 0.4612979 -7.765832 -47.41084 68.65811
0.7495351 -0.4934829 0.4515323 -9.086443 -51.80779 72.69627
0.7524648 -0.4956802 0.4473819 -10.76583 -55.94519 76.39857
0.759789 -0.5137466 0.4471377 -12.01774 -60.72382 80.29169
0.7712636 -0.5154556 0.4349307 -11.65133 -65.41084 83.4978
0.768334 -0.4990982 0.4691104 -11.26965 -70.2429 86.87185
