0.8056182 0.08401806 0.6857011 -1.553817 7.50455 9.295008
0.8004912 0.08230907 0.6791093 -1.64542 7.474016 9.814092
0.7990264 0.08255322 0.6822832 -1.508016 7.092336 10.16524
0.7973174 0.08133251 0.6859453 -1.706489 6.886229 10.40951
0.8053741 0.07742627 0.6918046 -1.966031 6.939664 11.09653
0.8024444 0.08230907 0.699373 -2.340076 6.809893 11.90569
0.8026885 0.08157665 0.6927812 -2.714122 6.863328 12.10417
0.8041533 0.08060009 0.6971757 -2.737023 6.657221 12.63089
0.8043975 0.09060986 0.7005937 -2.630153 6.428214 13.11944
0.7963408 0.08816845 0.7037675 -2.523283 6.519817 13.43241
0.8031768 0.09524853 0.6935136 -2.43168 6.33661 13.76066
0.8092803 0.09793407 0.6910722 -2.714122 6.50455 14.21104
0.8039092 0.1037935 0.6886308 -3.011832 6.405313 14.59272
0.8004912 0.103061 0.6798418 -3.118702 6.557985 14.70722
0.8019561 0.1015962 0.6835039 -2.882061 6.31371 14.88279
0.7978057 0.09598095 0.6778886 -2.706489 5.893862 14.72249
0.807083 0.1164888 0.6771562 -2.813359 6.405313 15.10417
0.8065948 0.1147798 0.6844804 -2.744657 5.161038 15.82936
0.8002471 0.1084321 0.68033 -2.737023 5.176305 15.96676
0.7975616 0.132602 0.6629961 -1.912596 4.550351 15.60035
0.8009795 0.1521333 0.6639726 -1.744657 3.977832 14.70722
0.8075713 0.1347993 0.6549394 -2.111069 3.977832 14.66905
0.8075713 0.1160005 0.6500566 -2.630153 2.306077 15.28737
0.8170928 0.1284517 0.6752031 -3.324809 1.886229 16.08127
0.8158721 0.1174653 0.6844804 -5.553817 3.344244 16.64615
0.8251494 0.1184419 0.6693437 -6.805725 2.405313 17.73775
0.8183135 0.1362642 0.6937578 -6.637786 2.382412 17.73012
0.8202666 0.1640962 0.6979082 -8.095801 3.191573 18.05073
0.8178252 0.1538423 0.688875 -8.599619 3.542717 18.19577
0.8180694 0.1604341 0.6686113 -9.324809 1.817527 18.38661
0.8100127 0.163852 0.6896074 -8.988932 2.321343 18.01257
0.8039092 0.1926606 0.688875 -10.21794 1.825161 17.95913
0.8009795 0.1726411 0.6961992 -8.622519 1.565618 16.9515
0.7960967 0.1621431 0.7049882 -9.0271 0.4663818 16.80646
0.8075713 0.179477 0.7186601 -7.622519 0.9167633 15.77592
0.7990264 0.1731294 0.7113359 -8.011832 1.12287 15.33318
0.8053741 0.1797212 0.7047441 -8.958397 2.069435 13.72249
0.7968291 0.1028169 0.7169511 -9.805725 -1.648122 16.46295
0.8065948 0.1362642 0.7242754 -9.065268 1.90913 14.77592
0.7873076 0.1096528 0.6920488 -13.85153 1.405313 15.73012
0.794876 0.0986665 0.7064531 -11.17214 0.07706881 16.29501
0.793167 0.09549267 0.7269609 -12.46221 0.832794 17.05837
0.7804717 0.07474072 0.7101152 -13.59962 0.8938625 18.12707
0.7841338 0.08475048 0.7030351 -10.51565 -0.5488854 17.55455
0.7980498 0.08523876 0.7203691 -9.981297 0.05416799 17.92096
0.8039092 0.07596142 0.7108476 -8.508016 0.1228702 17.73012
0.8031768 0.07449658 0.6991289 -7.882061 -0.3198779 17.92096
0.8063506 0.07596142 0.7193925 -7.065267 -0.7015573 18.32554
0.8092803 0.0661958 0.7154863 -6.614886 -0.7091908 18.72249
0.800003 0.06497509 0.7142656 -6.85916 -0.7168244 19.60035
0.8068389 0.05520947 0.7162187 -7.263741 -0.6633893 20.22631
0.8124541 0.07547314 0.7147539 -7.698855 -0.5870534 21.22631
0.8117217 0.0686372 0.7257402 -7.668321 -0.816061 22.0889
0.796585 0.08352978 0.7281816 -7.172138 -0.5641527 22.39425
0.8024444 0.08645947 0.7245195 -6.714122 -0.1519389 22.53165
0.8083037 0.0986665 0.7203691 -7.256107 -0.06796956 23.23394
0.8217315 0.09964306 0.7171953 -7.813359 0.2068398 23.66142
0.8212432 0.1015962 0.7193925 -8.0271 0.1992061 23.87516
0.8251494 0.1125825 0.7198808 -7.53855 0.3289771 23.88279
0.8117217 0.1138032 0.7252519 -6.988932 0.3976793 23.56982
0.8117217 0.1211274 0.7325761 -5.622519 0.07706881 23.40188
0.8080596 0.1233247 0.73575 -4.775191 -0.06796956 23.01257
0.8046416 0.1223481 0.7342851 -4.43168 0.0465343 22.85226
0.8046416 0.1184419 0.7281816 -4.195038 0.145771 22.66142
0.8065948 0.1279634 0.7198808 -4.286641 0.5121832 22.44768
0.8080596 0.1225923 0.7154863 -3.813359 0.3442442 22.76829
0.8048858 0.1345552 0.7171953 -3.546183 0.01600003 22.38661
0.8068389 0.1301606 0.7215898 -3.515649 -0.03743505 22.35608
0.7553252 -0.1532866 0.390291 60.42328 35.67249 -85.10194
0.6244658 -0.3339507 0.3292558 39.9958 -3.159573 -47.69736
0.6325225 -0.3564116 0.3368242 36.59885 -6.533618 -44.47599
0.6366729 -0.3642241 0.3429277 34.71336 -9.022168 -41.31568
0.6439971 -0.3727691 0.3558671 33.40801 -12.0069 -38.46072
0.6601104 -0.3786284 0.3668535 32.63702 -13.88476 -35.68973
0.6620635 -0.3810699 0.3600175 32.88129 -17.18247 -33.03323
0.6740264 -0.3603179 0.3785722 32.58359 -19.66339 -30.56759
0.6850127 -0.3559234 0.4110429 32.72863 -21.80079 -28.55995
0.6847686 -0.3278472 0.4322832 32.31641 -23.8466 -25.75843
0.6979522 -0.3078277 0.4584062 32.38511 -23.35041 -25.44545
0.6857451 -0.3520171 0.4503496 31.33168 -25.85423 -23.56759
0.7118682 -0.3366363 0.4801347 30.70572 -27.34278 -20.68209
0.7277373 -0.3285796 0.5450761 31.22481 -27.29698 -19.58285
0.7147979 -0.3324859 0.5628984 28.62176 -26.38095 -17.36148
0.7228545 -0.3266265 0.5724199 28.27061 -25.99163 -16.26988
0.7309112 -0.2973296 0.5719316 28.03397 -26.58705 -15.13247
0.7345733 -0.2987945 0.5770586 27.07214 -25.38858 -13.8195
0.7399444 -0.2878081 0.5961015 25.85076 -24.36568 -12.8195
0.737503 -0.2624175 0.58658 25.17901 -23.59469 -12.09431
0.7418975 -0.2519195 0.5773027 24.8813 -23.45728 -11.72789
0.7379912 -0.235562 0.5731523 24.8813 -23.99163 -11.15537
0.7440948 -0.247769 0.5992754 24.55305 -23.01453 -10.94163
0.7272491 -0.2365386 0.6024492 25.70572 -21.56415 -11.19354
0.7128448 -0.2218901 0.5975664 28.18664 -22.15194 -11.92637
0.7096709 -0.2345855 0.6075761 31.24008 -21.83896 -12.63629
0.7101592 -0.2318999 0.6275957 35.49198 -20.28171 -13.54469
0.6842803 -0.225064 0.5992754 39.36221 -19.64812 -14.64392
0.6527862 -0.1352202 0.5719316 41.18664 -18.51835 -15.68973
0.6767119 -0.1889312 0.5958574 45.72863 -23.22828 -20.26988
0.6933135 -0.1571929 0.577791 44.98053 -18.80843 -20.39965
0.6991729 -0.193814 0.5626543 54.14084 -21.04507 -22.36912
0.7106475 -0.216519 0.5780351 50.75916 -19.77789 -20.934
0.7123565 -0.1881987 0.5531328 52.47672 -17.52598 -21.14774
0.7191924 -0.2206694 0.494539 49.68282 -18.15194 -19.7508
0.7143096 -0.2326323 0.5150468 47.24007 -18.73973 -17.26224
0.7057647 -0.237271 0.5106523 43.94236 -17.38095 -15.41492
0.7006377 -0.2470366 0.5057695 37.27824 -17.14431 -11.80423
0.6803741 -0.2433745 0.5074785 29.66756 -17.1214 -8.628656
0.6662139 -0.251187 0.5006425 22.74389 -17.58705 -5.628656
0.6613311 -0.2152983 0.5096757 15.93473 -17.03744 -2.934
0.6596221 -0.252896 0.4867265 14.14847 -15.60995 -2.475985
0.65596 -0.1808745 0.385164 13.48435 -23.38858 -1.659191
0.6667022 -0.1916167 0.470125 17.55305 -24.34278 -1.850031
0.6503448 -0.2096831 0.532625 17.53779 -20.71683 -3.147741
0.652542 -0.2023589 0.4952714 21.19427 -20.44965 -3.506519
0.6376494 -0.2038237 0.4549882 25.03397 -25.0756 -4.300413
0.6474151 -0.1816069 0.48575 27.42328 -24.58705 -4.834763
0.6552276 -0.1774565 0.4654863 31.0416 -24.70156 -6.55232
0.6432647 -0.1745269 0.4278886 30.46145 -28.13667 -5.338581
0.6203155 -0.2023589 0.4625566 28.82023 -29.25881 -5.506519
0.6227569 -0.1881987 0.4540117 25.32405 -27.17484 -4.582855
0.6205596 -0.1872222 0.383455 20.31641 -30.58705 -2.666824
0.6159209 -0.2157866 0.369539 15.93473 -33.83896 -1.269878
0.6200713 -0.2206694 0.3456132 12.85076 -36.95346 0.0812664
0.626419 -0.216519 0.3351152 11.38511 -41.35041 1.600351
0.6308135 -0.2445952 0.3846757 8.29351 -44.24354 3.340809
0.6283721 -0.2492339 0.4369218 8.759161 -45.0756 4.440046
0.6344756 -0.2704741 0.4584062 8.117939 -47.59468 6.47058
0.643753 -0.2626616 0.5138261 8.499619 -48.06797 7.928596
0.6476592 -0.2773101 0.5138261 9.140841 -48.21301 9.027832
0.6757354 -0.2287261 0.5460527 8.54542 -50.30461 10.69959
0.6764678 -0.2577788 0.5680254 6.285878 -49.90003 12.90569
0.6759795 -0.2091948 0.562166 2.988168 -47.27407 13.69195
0.6772002 -0.2155425 0.5057695 0.2400761 -49.90766 15.61562
0.6718291 -0.06222217 0.4322832 -7.378244 -51.46492 16.50875
0.6959991 -0.129605 0.4540117 -6.683588 -55.57942 15.37898
0.7089385 -0.08028858 0.4247148 -13.34771 -55.15194 14.94386
0.6942901 -0.05221241 0.392 -11.0271 -59.91529 12.05837
0.6762237 -0.07906787 0.3788164 -12.79046 -64.68629 11.80646
0.6859893 -0.0744292 0.3929765 -9.752291 -66.0527 9.783557
0.6779326 -0.07149951 0.4120195 -9.034733 -69.97637 8.730123
0.6930694 -0.07027881 0.4464433 -6.492748 -71.96111 7.340809
0.6891631 -0.09566944 0.419832 -5.324809 -72.76263 5.768291
0.7282256 -0.1181304 0.4574296 8.423283 -83.0985 1.638519
0.7282256 -0.1364409 0.4918535 12.11794 -84.54125 0.8751602
0.7309112 -0.1459624 0.5057695 16.58359 -84.71683 -0.2164421
0.7304229 -0.1650054 0.5304277 20.49962 -84.83133 -0.8652973
0.7343291 -0.1772124 0.5450761 23.62176 -83.36568 -2.31568
0.7438506 -0.1701323 0.5419023 28.35458 -83.32751 -3.651558
0.7348174 -0.178189 0.54825 32.83549 -82.83133 -5.384382
0.7172393 -0.1786772 0.5729082 37.65992 -80.79316 -7.666824
