-0.06132519 -0.4496734 0.5323808 -7.424046 1.657221 19.55455
-0.06279004 -0.4535796 0.5194414 -9.94313 1.466382 20.16524
-0.06156933 -0.4569976 0.5182207 -11.69885 0.9091299 20.78356
-0.06645215 -0.4499175 0.5248125 -12.27901 1.168672 20.90569
-0.06279004 -0.4479644 0.5406816 -12.56908 1.038901 20.79119
-0.06352246 -0.4474761 0.532625 -12.38588 0.794626 21.10417
-0.06181347 -0.4516265 0.5365312 -12.08817 0.756458 20.70722
-0.06449902 -0.4489409 0.5423906 -12.11107 0.870962 21.066
-0.05522168 -0.442105 0.5472734 -11.21031 1.412946 20.30264
-0.05790722 -0.4389312 0.5521562 -10.50038 1.20684 20.45531
-0.05448925 -0.4411284 0.5489824 -9.630153 1.573252 20.23394
-0.05693066 -0.4477202 0.5392168 -9.065268 1.573252 20.0889
-0.05546582 -0.447232 0.5436113 -8.416412 1.993099 19.88279
-0.0571748 -0.4425933 0.5440996 -7.958397 1.901496 19.82936
-0.05815136 -0.4452788 0.5453203 -7.095802 2.183939 19.69959
-0.05693066 -0.4477202 0.5548418 -6.111069 2.046535 19.35608
-0.05741894 -0.4440581 0.5392168 -5.85916 2.397679 19.07363
-0.06962597 -0.4328277 0.5382402 -6.133969 2.321343 19.37134
-0.06938183 -0.4399077 0.5338457 -6.286641 2.443481 19.37898
-0.05790722 -0.4372222 0.5392168 -6.05 2.336611 19.1347
-0.06889355 -0.4479644 0.5399492 -5.889695 2.474015 19.10417
-0.05961621 -0.4425933 0.5350664 -5.874428 2.237374 19.16524
-0.06010449 -0.4540679 0.5382402 -5.897328 2.42058 19.24157
-0.050583 -0.4484527 0.5404375 -5.43168 2.481649 19.10417
-0.05326855 -0.45773 0.5384843 -4.324809 2.260275 18.89806
-0.05326855 -0.4565093 0.5323808 -4.500381 2.245008 18.9286
-0.0625459 -0.4596831 0.5323808 -5.210305 2.405313 19.02783
-0.05131543 -0.4589507 0.5226152 -5.851527 2.351878 18.86753
-0.06401074 -0.4548003 0.5323808 -6.935496 1.970199 19.58508
-0.06938183 -0.461148 0.5194414 -8.469848 1.924397 19.77592
-0.07182324 -0.4555327 0.5228593 -10.29428 1.252641 20.37898
-0.06767285 -0.4482085 0.527498 -11.56145 1.107603 20.86753
-0.06889355 -0.4452788 0.5343339 -12.54618 0.870962 20.79882
-0.06645215 -0.4428374 0.5338457 -12.85153 0.7411909 21.1805
-0.06889355 -0.4440581 0.5279863 -13.28664 1.061801 20.9744
-0.06791699 -0.445523 0.5194414 -14.24084 0.535084 21.34844
-0.05693066 -0.4425933 0.5460527 -13.45458 0.8785954 20.98203
-0.05619824 -0.4367339 0.5470293 -12.25611 0.5961528 20.82936
-0.06059277 -0.4408843 0.5462968 -11.63779 0.5579848 20.52402
-0.05351269 -0.4340484 0.544832 -11.1187 0.6419542 20.70722
-0.05619824 -0.4399077 0.5504472 -10.22557 1.084702 20.1118
-0.05278027 -0.4381988 0.5487382 -9.385878 1.367145 19.9744
-0.06279004 -0.4508941 0.5480058 -8.599619 1.535084 19.82936
-0.06596386 -0.4462554 0.5419023 -7.874428 1.458748 19.85226
-0.05961621 -0.4501616 0.5411699 -7.179771 1.687756 19.44005
-0.06181347 -0.4401519 0.5411699 -6.889695 1.725924 19.49348
-0.05863965 -0.4425933 0.5470293 -6.485115 2.031267 19.37134
-0.06083691 -0.4396636 0.5487382 -6.271374 2.382412 19.47058
-0.05766308 -0.4445464 0.5497148 -5.668321 2.519817 18.95913
-0.05790722 -0.4362456 0.5387285 -5.393512 2.390046 19.07363
-0.05888379 -0.4401519 0.5367754 -5.668321 2.496916 19.1347
-0.05815136 -0.4477202 0.5231035 -5.462214 2.641954 19.02783
-0.06132519 -0.4518706 0.5394609 -4.569084 2.451115 19.02783
-0.0559541 -0.4499175 0.5206621 -4.530916 2.367145 18.92096
-0.05668652 -0.4496734 0.5277421 -4.798092 2.351878 19.09653
-0.06083691 -0.4479644 0.5277421 -4.683588 2.474015 18.77592
-0.05644238 -0.445523 0.5306718 -4.45458 2.634321 18.73775
-0.0637666 -0.4482085 0.539705 -4.653053 2.573252 18.90569
-0.06864941 -0.4474761 0.525789 -5.378244 2.20684 19.0202
-0.066208 -0.4430816 0.5345781 -5.439313 2.130504 19.0889
-0.06279004 -0.4394195 0.5270097 -6.217939 1.779359 19.33318
-0.06987011 -0.4550445 0.5296953 -7.393512 1.779359 19.74539
-0.06523144 -0.4413726 0.5318925 -8.248473 1.550351 19.84463
-0.06474316 -0.4482085 0.5296953 -9.133969 1.50455 19.96676
-0.06156933 -0.4430816 0.530916 -9.775191 1.092336 20.22631
-0.06596386 -0.4479644 0.5343339 -10.04237 1.168672 20.1118
-0.06083691 -0.4467437 0.532625 -10.25611 1.031267 20.1805
-0.05302441 -0.442105 0.5367754 -10.65305 1.161038 20.56218
-0.05888379 -0.440396 0.5504472 -10.03473 1.458748 20.1347
-0.06205761 -0.4501616 0.5558183 -9.0271 1.367145 20.09653
-0.05815136 -0.4484527 0.5455644 -8.729389 1.435847 19.88279
-0.0559541 -0.4504058 0.5384843 -8.737023 1.580885 19.91333
-0.05912793 -0.4486968 0.5445879 -8.065268 1.985466 19.67669
-0.05815136 -0.4433257 0.5436113 -7.355344 2.267909 19.46295
-0.06449902 -0.4447906 0.5445879 -6.973664 2.222107 19.51638
-0.06474316 -0.4535796 0.5318925 -6.798092 2.176305 19.31791
-0.05766308 -0.4496734 0.5382402 -6.744657 2.161038 19.42478
-0.05424511 -0.4413726 0.5375078 -6.75229 2.237374 19.24921
-0.06181347 -0.443814 0.5409257 -6.591985 2.344244 19.32554
-0.05693066 -0.4430816 0.530916 -7.94313 1.924397 19.96676
-0.06425488 -0.4464995 0.5367754 -8.065268 1.893863 19.66905
-0.06327832 -0.4491851 0.5306718 -8.080534 1.848061 19.79119
-0.05815136 -0.4501616 0.5318925 -8.271374 1.748824 19.50111
-0.06401074 -0.4447906 0.5294511 -7.897328 1.626687 19.9973
-0.06156933 -0.4435699 0.5279863 -8.225573 1.63432 19.9515
-0.06108105 -0.4462554 0.530916 -7.996565 1.90913 19.73012
-0.05815136 -0.4464995 0.5382402 -7.75229 1.832794 19.79119
-0.0571748 -0.4460113 0.5311601 -7.714122 1.954931 19.84463
-0.06132519 -0.4372222 0.5406816 -7.775191 1.71829 19.69959
-0.05986035 -0.4474761 0.529207 -7.553817 1.916763 19.41714
-0.0583955 -0.4452788 0.5287187 -7.630153 1.932031 19.76829
-0.06083691 -0.4482085 0.5384843 -7.64542 1.901496 19.70722
-0.05619824 -0.4411284 0.5279863 -7.43168 1.886229 19.50111
-0.05741894 -0.4484527 0.5475175 -7.279008 1.733557 19.60035
-0.06864941 -0.4430816 0.5384843 -7.095802 1.855695 19.53165
-0.05815136 -0.4428374 0.5370195 -7.202672 2.077069 19.66905
-0.06132519 -0.4377105 0.5265214 -7.271374 2.130504 19.53928
-0.06523144 -0.4406402 0.5387285 -6.897328 2.176305 19.35608
-0.05570996 -0.4526031 0.5392168 -6.767557 1.687756 19.53165
-0.06327832 -0.4528472 0.5333574 -6.958397 1.870962 19.33318
-0.05888379 -0.4391753 0.5360429 -7.088168 2.161038 19.49348
-0.06083691 -0.4538238 0.5460527 -6.912596 1.947298 19.21867
-0.0571748 -0.4401519 0.5340898 -7.088168 2.069435 19.79882
-0.05986035 -0.4435699 0.5367754 -6.94313 1.840427 19.50875
-0.06352246 -0.4545562 0.5314043 -7.126336 2.130504 19.61562
-0.06083691 -0.4450347 0.5343339 -7.34771 1.893863 19.50111
-0.06132519 -0.4474761 0.5389726 -7.576718 1.878595 19.60035
-0.06449902 -0.4518706 0.5406816 -7.553817 1.771725 19.56982
-0.06449902 -0.4399077 0.5260332 -8.15687 1.802259 19.77592
-0.06181347 -0.4474761 0.5379961 -8.698855 1.741191 19.86753
-0.06059277 -0.4450347 0.5379961 -8.981297 1.542717 19.93623
-0.06401074 -0.454312 0.5419023 -9.080534 1.580885 19.9973
-0.06181347 -0.4464995 0.5336015 -9.362977 1.687756 20.02783
-0.05766308 -0.4474761 0.5343339 -9.546184 1.50455 19.9744
-0.06034863 -0.4347808 0.5406816 -9.94313 1.573252 20.23394
-0.06059277 -0.4460113 0.5382402 -9.492748 1.336611 20.24921
-0.05888379 -0.4430816 0.539705 -9.217939 1.336611 20.09653
-0.05986035 -0.4491851 0.5389726 -9.210305 1.703023 20.24921
-0.06034863 -0.4369781 0.5392168 -8.889695 1.893863 19.87516
-0.06401074 -0.4467437 0.5419023 -8.263741 1.687756 19.79119
-0.05912793 -0.4460113 0.5399492 -7.805725 1.63432 19.66905
-0.05766308 -0.4484527 0.5475175 -7.340076 1.893863 19.63852
-0.05937207 -0.4518706 0.5406816 -7.057634 1.970199 19.28737
-0.0547334 -0.4399077 0.5338457 -6.828626 1.825161 19.42478
-0.05815136 -0.4457671 0.5401933 -6.469848 2.000733 19.37134
-0.06279004 -0.4445464 0.5333574 -6.324809 2.061801 19.26447
-0.05790722 -0.4447906 0.5311601 -6.286641 2.092336 19.0889
-0.0559541 -0.4452788 0.5331132 -6.53855 1.977832 19.42478
-0.06156933 -0.4474761 0.5267656 -6.523283 2.046535 19.46295
-0.06034863 -0.4452788 0.541414 -6.714122 1.962565 19.50875
-0.06352246 -0.4464995 0.5409257 -7.195038 1.939664 19.75302
-0.0625459 -0.4484527 0.5423906 -7.630153 1.932031 19.69195
-0.05888379 -0.4467437 0.5355546 -7.75229 1.764091 19.61562
-0.06791699 -0.4474761 0.5328691 -8.011832 1.657221 19.80646
-0.05815136 -0.4452788 0.5277421 -8.057633 1.870962 19.9515
-0.06010449 -0.4530913 0.5367754 -8.385878 1.741191 19.78356
-0.0625459 -0.4511382 0.5277421 -8.729389 1.603786 20.00493
-0.06181347 -0.4521148 0.5389726 -8.935496 1.52745 19.93623
-0.06279004 -0.4467437 0.5345781 -9.019465 1.52745 19.98203
-0.05912793 -0.4484527 0.5338457 -8.988932 1.535084 20.02783
-0.06596386 -0.4425933 0.5350664 -9.286641 1.680122 20.05837
-0.06132519 -0.4450347 0.5365312 -9.508016 1.542717 19.9973
-0.06108105 -0.4474761 0.5357988 -9.538549 1.680122 20.07363
-0.05815136 -0.4399077 0.5370195 -9.668321 1.550351 20.0431
-0.06547558 -0.4367339 0.5401933 -9.515649 1.61142 20.03547
-0.06156933 -0.4499175 0.5419023 -9.851526 1.489282 19.9744
-0.05961621 -0.4452788 0.5348222 -9.660687 1.893863 20.00493
-0.06303418 -0.4396636 0.543123 -9.508016 1.695389 19.98966
-0.06327832 -0.4460113 0.5438554 -8.935496 1.741191 19.98203
-0.06059277 -0.4452788 0.5392168 -8.805725 1.489282 19.84463
