0.07832325 -0.379605 0.5209062 -2.515649 5.42058 45.38661
0.06587207 -0.4623687 0.449373 1.186641 5.496916 48.61562
0.1085967 -0.4413726 0.5018632 -4.920229 6.580885 53.75302
0.1669463 -0.4843413 0.4498613 -1.767558 9.145771 54.93623
0.1061553 -0.443814 0.5585039 11.04924 8.222107 47.24921
-0.05619824 -0.4123199 0.6078203 0.6141219 8.802259 43.89043
-0.2280732 -0.3942534 0.3421953 -21.22557 -0.9992672 44.2263
-0.02787793 -0.4347808 0.5521562 -13.17214 -0.5641527 38.52402
0.0690459 -0.412564 0.6510332 -9.462214 4.31371 37.45531
0.06513965 -0.3424956 0.49283 0.4385495 6.947298 31.0889
0.0546416 -0.3400542 0.3666093 -7.523283 2.31371 29.24157
0.06269825 -0.4296538 0.541414 -9.355344 0.6724885 30.02783
0.01924121 -0.4137847 0.5626543 -5.385878 3.848061 28.98203
0.0155791 -0.4235503 0.4889238 -2.439313 5.191573 26.93623
0.01728809 -0.4179351 0.4520586 -3.958397 5.176305 26.63089
0.03169239 -0.4150054 0.4908769 -8.469848 4.023633 26.56218
0.04658496 -0.4401519 0.5243242 -8.828626 2.214473 26.44005
0.05659473 -0.4152495 0.525789 -8.370611 1.351878 25.16524
0.05195606 -0.4162261 0.4906328 -7.714122 1.977832 23.80646
0.05610645 -0.4206206 0.478914 -7.225573 1.466382 23.20341
0.0612334 -0.4086577 0.4925859 -6.576718 2.130504 22.12707
0.06562793 -0.4130523 0.5001543 -6.966031 2.145771 21.63852
0.0666045 -0.415982 0.4786699 -8.630153 0.405313 22.82173
0.07075489 -0.4262359 0.4762285 -10.70649 0.275542 24.16524
0.0822295 -0.4220855 0.48575 -12.75992 0.8251602 24.72249
0.1083525 -0.4621245 0.4671953 -14.45458 2.557985 25.85989
0.1237334 -0.478482 0.4523027 -16.82099 2.245008 28.41714
0.1249541 -0.4816558 0.4715898 -19.17977 2.519817 31.32554
0.121292 -0.4748199 0.4989336 -17.38588 3.535084 32.85226
0.1024932 -0.4755523 0.4889238 -17.22557 3.893863 35.43241
0.06098926 -0.4523589 0.4640214 -18.24847 4.512183 37.60799
0.06220996 -0.415982 0.5108964 -19.9126 4.741191 39.57745
0.06367481 -0.4025542 0.4769609 -19.98893 4.603786 40.56982
0.04853809 -0.4267241 0.480623 -21.97366 4.985466 40.9744
0.06440723 -0.4064605 0.5287187 -21.51565 5.725924 41.78356
0.03926075 -0.3949859 0.4837968 -24.27901 1.550351 41.21104
0.09028614 -0.313687 0.5616777 -17.90496 6.481649 41.0202
-0.005905271 -0.3703277 0.5126054 -11.85153 6.893862 37.32554
-0.05180371 -0.4320952 0.4271562 -18.58435 5.328977 35.69959
0.01655567 -0.3874175 0.5733964 -24.53092 3.153405 36.46295
-0.005905271 -0.4154937 0.5602129 -18.27901 2.932031 32.68432
0.003372073 -0.4259917 0.5455644 -15.32481 3.802259 30.94386
0.02680957 -0.4213531 0.5306718 -11.30954 3.756458 29.61562
0.03999317 -0.4169585 0.5272539 -7.927863 3.817527 28.38661
0.07929981 -0.4176909 0.5514238 -4.286641 4.183939 27.86753
0.04536426 -0.5224273 0.5213945 -0.6301527 4.061801 26.31027
0.09101856 -0.4782378 0.525789 1.156106 3.817527 26.52402
0.1427764 -0.4572417 0.4503496 1.278244 3.764091 25.0431
0.2106475 -0.5346343 0.4923418 1.194274 3.412947 26.55455
0.2250518 -0.532437 0.4784257 2.140839 3.466382 27.67669
0.2052764 -0.5402495 0.4881914 4.606489 3.016 28.98966
0.1886748 -0.5544097 0.5685136 6.148473 4.191573 30.85226
0.1735381 -0.5221831 0.5487382 15.43092 5.20684 30.79119
0.1376494 -0.4987456 0.4681718 17.93473 6.573252 32.49348
0.116165 -0.4806792 0.494539 17.51488 6.130504 34.80646
0.06855762 -0.4794585 0.4803789 21.17138 7.840428 32.92096
0.05512989 -0.4709136 0.4681718 13.7897 8.405313 36.93623
0.07539356 -0.4904449 0.4535234 11.37748 7.557985 38.81409
0.08369434 -0.5194976 0.4022539 0.09503794 8.947298 43.44005
0.05415332 -0.3586089 0.4713457 -3.492748 8.504549 39.72249
0.07173145 -0.4811675 0.4222734 -4.286641 9.893862 40.71486
0.1303252 -0.4726226 0.4762285 -16.75992 9.122869 44.03547
0.2030791 -0.5819976 0.5287187 -13.40878 6.962565 47.37897
0.2248076 -0.5070464 0.3429277 -18.90496 7.435848 49.45531
0.2262725 -0.6217925 0.4269121 -24.92023 10.67249 51.90569
0.1774443 -0.6239898 0.4315507 -32.50038 2.580885 57.11944
0.1740264 -0.6103179 0.5619218 -36.47748 4.351878 58.85226
0.1376494 -0.650357 0.3839433 -36.79046 -1.632855 61.29501
0.1313018 -0.5995757 0.5711992 -36.70649 0.5427175 63.69958
0.1476592 -0.6830718 0.6449296 -24.0042 -5.022168 65.86752
0.1537627 -0.6508452 0.6307695 -13.42405 -5.136672 66.12707
0.1701201 -0.5600249 0.6383379 1.262977 0.9930992 64.74539
0.1701201 -0.5053374 0.5047929 20.21718 1.703023 63.51638
0.1649932 -0.4596831 0.5301836 26.13321 6.924397 64.9744
0.1342314 -0.3368804 0.517 29.58359 9.725924 65.18814
0.09883106 -0.2599761 0.3981035 25.42328 10.91676 65.40188
0.0966338 -0.1940581 0.2665117 15.75153 10.9244 65.40188
0.03877246 -0.1484038 0.260164 -2.660687 12.22974 65.70722
0.133499 -0.1225249 0.2274492 -21.97366 10.34424 67.98203
0.1122588 -0.1584136 0.2074296 -35.47748 13.68776 66.52402
0.1227568 -0.2221343 0.267 -55.64542 12.89386 67.94386
0.1288604 -0.2633941 0.3639238 -60.821 14.0618 67.28738
0.1415557 -0.3256499 0.4227617 -59.46222 14.49692 65.39424
0.1676787 -0.3376128 0.4894121 -59.9813 16.19921 63.74539
0.1679229 -0.3832671 0.4659746 -49.79046 15.0847 61.03547
0.1833037 -0.4123199 0.5111406 -49.15687 17.51982 60.34844
0.1459502 -0.4311187 0.5296953 -41.83626 15.9244 59.40951
0.1635283 -0.5019195 0.5558183 -37.43168 24.28317 58.92096
0.2143096 -0.4467437 0.4825761 -36.87443 25.11524 59.55455
0.1505889 -0.4513824 0.4920976 -33.29428 20.54272 58.18814
0.1857451 -0.4145171 0.4415605 -40.87443 20.57325 61.0431
0.1576689 -0.4464995 0.4178789 -38.71412 17.61905 60.34844
0.1667022 -0.4499175 0.4005449 -49.68359 18.90149 62.81409
0.1503447 -0.4635894 0.3634355 -54.87443 16.03127 64.63852
0.1366729 -0.4894683 0.3485429 -63.75993 12.50455 69.33318
0.1024932 -0.5490386 0.3221757 -65.72939 9.848061 70.03547
0.09736622 -0.5710113 0.3302324 -61.56145 5.916764 71.79119
0.08857716 -0.5920074 0.3307207 -52.30191 3.344244 72.14233
0.0810088 -0.5817534 0.3233964 -40.38588 0.6419542 71.65379
0.08125294 -0.5544097 0.3207109 -29.71412 -2.480183 72.17287
0.074417 -0.5136382 0.3368242 -19.90496 -4.617588 71.56982
0.06220996 -0.4662749 0.3346269 -14.1874 -6.434381 71.20341
0.06538379 -0.4357574 0.3182695 -11.20267 -8.800795 70.79119
0.05268848 -0.4259917 0.3246171 -9.301908 -10.22828 70.66905
0.03852832 -0.4037749 0.3246171 -8.576717 -12.02217 70.45531
0.02363575 -0.3932769 0.3160722 -7.94313 -13.53362 70.42478
0.01582325 -0.3859527 0.3109453 -8.508016 -15.54125 70.76829
0.01142871 -0.3879058 0.2975175 -10.23321 -17.27408 70.84463
0.02680957 -0.3905913 0.2997148 -13.58435 -19.80079 71.89043
0.03071582 -0.4137847 0.3031328 -12.76756 -21.06034 71.83699
0.0209502 -0.4347808 0.2836015 -10.80573 -23.88476 71.9744
0.01094043 -0.4445464 0.2640703 -8.034733 -27.32751 72.44768
0.002883792 -0.4308745 0.2750566 -5.225573 -30.27408 72.79119
0.0009306669 -0.4211089 0.2818925 -1.446947 -33.25881 72.98203
-0.009323239 -0.4001128 0.2777421 1.514885 -36.22064 73.27211
-0.01396191 -0.3627593 0.2836015 3.614122 -39.43438 73.40188
-0.01884472 -0.3302886 0.3026445 3.560687 -42.36568 73.55455
-0.01713574 -0.2919585 0.3107011 3.224809 -44.21301 73.14233
-0.02445996 -0.2716949 0.3109453 -0.3935118 -46.53362 73.27974
-0.01445019 -0.2506988 0.3136308 -3.744657 -48.59468 72.40951
-0.004928708 -0.2384917 0.3158281 -7.225573 -50.69392 71.93623
-0.3257295 0.05520947 0.8924883 0.316412 23.87096 3.714855
-0.3538057 0.04373487 0.878084 3.072137 25.30608 4.19577
-0.3704072 0.05130322 0.8646563 2.743893 27.61142 4.806458
-0.3833467 0.1062349 0.8473223 -8.94313 24.84043 7.577451
-0.3481904 0.09476025 0.8702715 -8.820992 24.98547 7.172871
-0.2986299 0.06375439 0.8568438 -15.17977 25.67249 8.088901
-0.2922822 0.06155713 0.8563555 -14.38588 25.71829 8.203404
-0.2913057 0.05325634 0.8629473 -14.54618 25.65722 8.058367
-0.2739717 0.04446729 0.8678301 -13.48512 25.35951 8.401877
-0.2747041 0.04886182 0.8829668 -12.26374 26.02363 8.035465
-0.2766572 0.05350049 0.8951738 -11.57672 26.80226 8.333176
-0.2734834 0.05813916 0.9020098 -9.927862 28.0847 7.798824
-0.2822725 0.06717236 0.9064043 -7.340076 29.90913 7.440045
-0.2837373 0.07278759 0.8988359 -4.233206 31.9931 6.699588
-0.2949678 0.08792431 0.8866289 -0.3553438 34.19157 5.737756
-0.3010713 0.1096528 0.8666094 3.308778 36.16104 4.531649
-0.302292 0.1128267 0.827791 7.24771 38.21447 3.485847
-0.3149873 0.1181978 0.8014238 11.48435 39.83279 2.432413
-0.330124 0.1365083 0.7586992 14.69809 40.73356 1.233938
-0.3540498 0.1440767 0.7206132 18.74389 41.86333 -0.2775116
-0.3582002 0.1755708 0.6605546 18.0645 41.29081 -0.132473
-0.3608857 0.16727 0.6517656 17.26298 40.20684 -0.5523205
-0.3506318 0.1338228 0.6529863 23.13321 41.45875 -2.712626
-0.3589326 0.1435884 0.5924394 19.28588 40.49692 -1.582855
-0.3603975 0.1103853 0.5672929 21.23244 39.51982 -2.31568
-0.3650361 0.1225923 0.5191972 20.40802 38.42822 -1.392015
-0.363083 0.1067231 0.4884355 16.7897 34.71066 -0.4072819
-0.3603975 0.09183056 0.4938066 15.37748 32.8786 -0.4225502
-0.3603975 0.08475048 0.4711015 15.28588 30.8557 0.1499691
