0.2165068 0.3274262 0.6405351 -7.614886 -0.167206 16.85989
0.2072295 0.3244966 0.6400468 -7.614886 0.09233594 16.63852
0.2138213 0.3159516 0.6344316 -7.446947 -0.3122443 16.62325
0.2042998 0.3105805 0.6310136 -7.103435 -0.5794199 16.57745
0.2016143 0.2959321 0.6253984 -6.523283 -1.006901 16.59272
0.1833037 0.4807466 0.7460039 -9.393512 5.725924 21.83699
0.1713408 0.4548676 0.7577226 21.05687 2.237374 16.52402
0.1925811 0.4822114 0.7557695 23.10267 3.580885 15.9286
0.2001494 0.4995454 0.7186601 21.47672 3.20684 15.72249
0.2086943 0.5068696 0.7047441 19.36985 3.527451 14.98203
0.2113799 0.4975923 0.7106035 19.84313 2.672489 14.08127
0.2123564 0.4822114 0.7069414 17.33931 3.183939 13.80646
0.2077178 0.4770844 0.6942461 14.66756 3.183939 13.75302
0.1979522 0.4653657 0.6964433 12.52252 2.168672 13.47058
0.1869658 0.459018 0.6942461 10.28588 1.687756 13.64615
0.1688994 0.4512055 0.6883867 8.84313 1.710656 13.56982
0.1825713 0.4448579 0.6940019 7.614122 1.275542 13.51638
0.1811065 0.4458344 0.6903398 6.812595 1.183939 13.02783
0.1850127 0.445102 0.6859453 6.392748 1.267908 12.73776
0.1898955 0.4475434 0.687166 6.171374 0.6114199 12.27211
0.1776885 0.4529145 0.669832 4.782061 0.1534045 12.1576
0.1684111 0.4648774 0.6622636 3.728626 -0.1366718 11.90569
0.1740264 0.4619477 0.6654375 2.659923 -0.7473588 11.66905
0.182083 0.4673188 0.6727617 1.575954 -0.9381985 10.98966
0.1823272 0.4678071 0.6722734 0.575954 -1.251176 10.63852
0.1784209 0.4575532 0.6749589 -0.401145 -1.525985 10.57745
0.1823272 0.4512055 0.6886308 -1.103435 -2.075603 10.05837
0.180374 0.4460786 0.697664 -1.279008 -2.87713 9.737756
0.1818389 0.4382661 0.7211015 -1.309542 -2.709191 9.081267
0.183792 0.4436372 0.7259843 -1.43168 -1.961099 8.615619
0.1833037 0.4421723 0.7274492 -1.820992 -2.518351 8.638519
0.1906279 0.4470551 0.7223222 -2.966031 -2.640489 8.844626
0.1806182 0.4431489 0.7176836 -4.401145 -3.197741 8.966763
0.1952666 0.4419282 0.7276933 -4.675954 -2.602321 8.554549
0.209915 0.4372895 0.7411211 -4.004199 -2.235909 7.87516
0.2174834 0.4341157 0.7215898 -4.317176 -2.419115 7.455313
0.2118682 0.4253266 0.7345293 -6.843893 -1.945832 7.554549
0.1991729 0.4057954 0.7511308 -7.691222 -3.235909 8.638519
0.2057647 0.399936 0.7745683 -4.279008 -2.68629 7.707221
0.2086943 0.4316743 0.7909257 2.194274 0.7640915 5.25684
0.1884307 0.401645 0.7403886 3.713358 1.321343 4.592718
0.1632842 0.4023774 0.6920488 0.797328 -0.167206 6.157603
0.1540068 0.3728364 0.7037675 0.8431296 -2.220641 6.386611
0.1703643 0.4014009 0.7259843 4.05687 -1.151939 5.943863
0.1586455 0.3833344 0.7193925 8.179007 -0.9916335 4.852259
0.1598662 0.4001801 0.6808183 8.911833 -0.9458321 4.607985
0.1637725 0.3960298 0.6512773 9.430916 -2.251176 4.882793
0.1642607 0.3938325 0.6551836 10.43092 -2.900031 4.829359
0.1635283 0.4123872 0.6595781 10.27824 -3.167206 4.333176
0.1618193 0.3918794 0.6354082 8.820229 -3.846595 4.852259
0.1586455 0.399936 0.6388261 5.888931 -4.945832 5.966763
0.1461943 0.3743012 0.6695879 4.499618 -6.243542 6.890428
0.1501006 0.3767426 0.7196367 7.537786 -6.533618 6.058367
0.1464385 0.3701509 0.7286699 10.40038 -7.022168 5.730123
0.1566924 0.3887055 0.7235429 13.9729 -6.220641 4.93623
0.1479033 0.3901704 0.7171953 15.43092 -6.976367 4.630886
0.1249541 0.4148286 0.6832597 12.12557 -7.09087 5.562183
0.1344756 0.3657563 0.6725175 9.461451 -8.724459 6.66142
0.1713408 0.3967622 0.718416 19.0187 -8.396214 4.821726
0.1547393 0.412143 0.7088945 21.9271 -6.671023 2.088902
0.1735381 0.3591645 0.6669023 25.37748 -6.602321 1.134703
0.1486357 0.4516938 0.6166093 24.7897 -8.632854 2.74539
0.1435088 0.3660005 0.6444414 23.89656 -8.571787 1.088902
0.1532744 0.3950532 0.6437089 19.63702 -10.52598 3.57745
0.1359404 0.3821137 0.6695879 19.23244 -9.678657 2.25684
0.1498564 0.3948091 0.6795976 18.60649 -10.41148 3.066
0.1420439 0.373813 0.6979082 17.66756 -10.09087 2.867527
0.1264189 0.3657563 0.6969316 16.9729 -8.617588 2.974398
0.117874 0.3677094 0.7047441 16.49962 -8.434381 3.241573
0.116165 0.3591645 0.6927812 17.00344 -9.754992 3.073633
0.1339873 0.3630708 0.7084062 17.61412 -9.319878 2.974398
0.1366729 0.3481782 0.7030351 20.49962 -10.41912 2.753023
0.1383818 0.3601411 0.7081621 22.69809 -10.19011 2.68432
0.1447295 0.3645356 0.7211015 25.9958 -9.426748 1.951496
0.1354522 0.3645356 0.7230546 29.8813 -10.20537 1.149969
0.1376494 0.3691743 0.7240312 33.26297 -10.21301 0.2339382
0.1613311 0.3630708 0.7096269 38.40038 -10.56415 -0.6362896
0.1728057 0.3699067 0.7084062 45.00343 -11.0985 -2.42255
0.1808623 0.3594087 0.720125 54.95763 -11.36568 -5.185909
0.1557158 0.3701509 0.7333086 67.30878 -10.10614 -8.682091
0.1642607 0.4568208 0.6346757 55.36985 -3.922931 -4.758427
0.1217803 0.3623384 0.6415117 64.30878 -10.45728 -6.44545
0.0690459 0.3750337 0.6378496 57.26297 -6.342779 -6.300413
0.08003223 0.3105805 0.6134355 58.19427 -13.984 -5.537054
0.1015166 0.3362153 0.6876543 66.09504 -15.28934 -8.361481
0.08003223 0.35477 0.6754472 57.179 -7.006901 -5.61339
0.05488575 0.2285493 0.5680254 54.20191 -12.80079 -3.017969
0.08711231 0.3005708 0.6166093 52.03397 -14.86186 -2.323313
0.09370411 0.2690766 0.6627519 56.75153 -15.81606 -3.017969
0.1059111 0.2187837 0.6683671 57.98053 -14.50308 -2.987434
0.09931934 0.2117036 0.6749589 58.85839 -13.35805 -1.369114
0.1088408 0.219272 0.668123 62.89656 -13.14431 -2.109573
0.1220244 0.2270845 0.6747148 66.37748 -14.8466 -1.308046
0.1120147 0.2170747 0.666414 67.17901 -14.67102 -0.7584267
0.102249 0.2256196 0.6739824 69.30878 -14.15957 -0.1553745
0.1745147 -0.2524077 0.4606035 11.88893 11.26027 18.61562
0.1537627 -0.2658355 0.4825761 -30.58435 9.481649 18.92096
0.1645049 -0.313687 0.4542558 -28.21794 8.489283 19.30264
0.1984404 -0.268521 0.4681718 -31.46221 11.1076 20.77592
0.1852568 -0.2384917 0.4757402 -30.80573 8.206841 20.09653
0.2077178 -0.2741363 0.4925859 -34.73702 11.58088 22.14234
0.22554 -0.2460601 0.4283769 -33.75229 10.30608 21.85226
0.2060088 -0.2929351 0.4523027 -36.63779 10.09997 22.9744
0.1996611 -0.3097808 0.4689043 -38.01947 9.588518 23.78356
0.1571807 -0.3493316 0.4640214 -41.44695 9.664854 26.05073
0.1825713 -0.3224761 0.4779375 -39.52328 5.977832 25.56218
0.2108916 -0.2721831 0.4908769 -34.59198 5.794626 24.63089
0.2094268 -0.2431304 0.4874589 -27.0729 6.306077 22.38661
0.1859893 -0.2089507 0.4664629 -27.9584 9.672489 21.75302
0.2045439 -0.2399565 0.4562089 -29.25611 9.176306 21.62325
0.19429 -0.2318999 0.4711015 -32.1187 9.283176 22.36371
0.2196807 -0.2055327 0.4825761 -32.08817 8.817526 22.10417
0.2101592 -0.2057769 0.5189531 -31.35534 8.580885 21.67669
0.201126 -0.2221343 0.5282304 -30.90496 10.12287 21.44005
0.1989287 -0.225064 0.5174882 -29.03473 10.29844 20.66905
0.2035674 -0.2331206 0.5065019 -24.49275 10.22211 19.76829
0.1898955 -0.2431304 0.5052812 -21.20267 10.83279 19.27974
0.1906279 -0.2636382 0.5001543 -18.06527 11.04653 18.90569
0.2023467 -0.2560699 0.4964921 -13.95076 11.05417 18.69195
0.2089385 -0.2516753 0.511873 -9.233206 11.57325 17.60798
0.2082061 -0.2585113 0.5003984 -4.996565 12.55799 17.1576
0.2126006 -0.266812 0.4903886 -2.149237 11.76409 17.0202
0.201126 -0.2570464 0.4969804 0.1790075 11.9931 16.90569
0.1920928 -0.2589995 0.4896562 0.7438931 12.03127 16.85989
0.2094268 -0.251187 0.5050371 2.163741 12.19921 16.75302
0.2021025 -0.2514312 0.4872148 1.575954 12.67249 16.80646
0.2064971 -0.2558257 0.4935625 0.2629771 13.44348 17.05073
0.2052764 -0.2604644 0.4874589 -1.011832 13.90913 17.27974
0.2033232 -0.2550933 0.4950273 -2.523283 14.50455 17.77592
0.2067412 -0.2555816 0.4894121 -4.019465 14.37478 18.18814
0.2086943 -0.2548491 0.4833086 -5.805725 14.68012 19.10417
0.2035674 -0.2599761 0.4794023 -11.78282 15.49692 21.40188
0.2023467 -0.2533843 0.4818437 -13.75229 15.70302 22.55455
0.2035674 -0.2472808 0.480623 -13.74466 16.47401 22.91333
0.2025908 -0.2538726 0.4732988 -12.66832 16.22211 22.9973
0.1974639 -0.2318999 0.4747636 -10.68359 16.0618 23.0202
0.1984404 -0.2497222 0.4691484 -8.133969 15.57325 22.47821
0.2106475 -0.2304351 0.4796464 -2.446947 15.9931 20.50875
0.2033232 -0.2318999 0.4703691 -1.103435 16.0847 19.88279
0.1928252 -0.2318999 0.4581621 1.491985 16.1305 19.07363
0.1859893 -0.23898 0.4564531 0.8049617 15.8786 18.88279
0.1930693 -0.240689 0.4454668 -0.3477101 15.80989 18.96676
0.2045439 -0.2367827 0.4357011 -2.920229 16.22211 18.91333
0.2348174 -0.2587554 0.3797929 -4.584352 13.32898 20.03547
0.2257842 -0.2795074 0.3587968 -13.78282 13.67249 22.27974
0.2238311 -0.2619292 0.3592851 -18.44695 13.90149 23.30264
0.2299346 -0.2526519 0.3524492 -21.24847 12.88623 23.53165
0.2252959 -0.2360503 0.3458574 -22.28664 10.9931 23.14234
0.22554 -0.2384917 0.3656328 -25.63779 10.40531 22.94386
0.2243193 -0.2472808 0.3968828 -26.08817 9.565619 22.44005
