1.56818 -1.635559 1.49406 114.6203 -269.1713 251.8109
1.544499 -1.467346 1.335124 129.2844 -269.1713 251.8109
1.5882 -1.342346 1.437907 142.773 -269.1713 251.8109
1.591129 -1.147033 1.547771 156.3531 -269.1713 251.8109
1.485905 -1.08551 1.548015 184.1547 -269.1713 251.8109
1.590153 -0.8657831 1.44279 204.9104 -269.1713 251.8109
1.602116 -0.8191523 1.496989 223.9409 -269.1713 251.8109
1.618229 -0.641662 1.506267 246.4218 -269.1713 251.8109
1.623356 -0.5940546 1.48405 269.6508 -262.3469 251.8109
1.664127 -0.4978632 1.425456 269.6508 -252.4614 251.8109
1.695866 -0.3511347 1.410075 269.6508 -241.6217 251.8109
1.71442 -0.2432245 1.397624 269.6508 -230.8278 251.8109
1.725163 -0.1931757 1.38322 269.6508 -217.4232 251.8109
1.727848 -0.09429871 1.311198 269.6508 -202.4385 251.8109
1.780094 0.07318176 1.235515 269.6508 -190.3927 251.8109
1.781803 0.1124884 1.226726 269.6508 -182.5835 251.8109
1.852848 0.1156622 1.099284 269.6508 -176.7896 251.8109
1.827702 0.2579962 1.095134 269.6508 -157.553 251.8109
1.250797 1.140809 1.154704 269.6508 -150.7285 251.8109
1.655094 1.55658 1.075358 269.6508 -157.0415 251.8109
2.116032 1.608826 0.6695967 269.6508 -141.8965 251.8109
1.468815 1.594422 1.150798 269.6508 -118.6369 251.8109
1.635319 1.497742 0.4215498 269.6508 -118.9576 251.8109
1.688786 1.506287 0.3671064 269.6508 -122.1179 251.8109
1.409977 1.651551 0.5304365 269.6508 -130.2247 251.8109
1.505192 1.518983 0.4139814 269.6508 -126.011 251.8109
1.597965 1.577088 0.3175459 262.1699 -126.0034 251.8109
1.524723 1.519959 0.3380537 252.231 -133.011 251.8109
1.663395 1.570008 0.2723799 234.6203 -137.0797 251.8109
1.618717 1.554383 0.2628584 227.6051 -140.4766 251.8109
1.646793 1.753846 0.3580732 212.2539 -144.4766 251.8109
1.626774 1.590027 0.3766279 205.1623 -153.9346 251.8109
1.735172 1.428162 0.3937178 194.315 -150.2934 251.8109
1.636051 1.608826 0.4657393 189.4218 -158.2324 251.8109
1.670963 1.749451 0.5155439 190.0325 -165.2782 251.8109
1.694157 1.8266 0.5848799 189.4066 -166.5759 251.8109
1.720768 2.002381 0.6144209 190.1928 -170.8812 251.8109
1.75275 2.156922 0.6422529 198.5822 -176.4385 251.8109
1.959782 2.224976 0.6461592 213.5592 -179.5224 251.8109
2.219791 2.224976 0.6271162 240.0936 -184.0797 251.8109
2.289799 2.224976 0.7486982 269.6508 -181.8278 251.8109
2.289799 2.224976 0.7985029 269.6508 -182.7744 251.8109
2.289799 2.224976 0.9178877 269.6508 -186.8812 251.8109
2.289799 2.224976 1.007976 269.6508 -180.7591 251.8109
2.289799 2.224976 1.104655 269.6508 -158.6599 251.8109
2.289799 2.224976 1.170085 269.6508 -142.3927 238.3605
2.289799 0.1615607 -0.2605791 -230.6163 231.0959 -248.4563
-0.6886558 -1.774963 -0.2605791 -46.93693 -269.1713 21.16205
-0.2579917 -1.774963 -0.2605791 11.29208 -269.1713 37.22311
0.5808755 -1.774963 -0.1765947 103.9944 -269.1713 120.3758
0.8465005 -1.774963 0.1393232 119.4218 -269.1713 141.3834
0.8967935 -1.774963 0.4432783 139.1089 -269.1713 176.8872
0.9854165 -1.702453 0.5179853 130.4447 -269.1713 154.2995
0.5635415 -1.774963 1.129069 183.1318 -269.1713 210.9636
1.127506 -1.735656 1.690104 192.7272 -269.1713 214.33
1.193668 -1.403137 1.476237 205.7959 -269.1713 233.3758
1.159245 -1.325256 1.441325 209.3379 -269.1713 251.8109
1.013981 -1.065978 1.36613 216.5898 -269.1713 251.8109
1.030094 -0.8096308 1.390788 229.2692 -269.1713 251.8109
1.036442 -0.705871 1.393229 237.9486 -255.6599 251.8109
1.027897 -0.6636347 1.357585 245.5135 -238.5606 251.8109
1.04987 -0.5252069 1.284099 249.4295 -225.5377 251.8109
0.9849282 -0.5588984 1.248942 256.4905 -214.7056 251.8109
1.044254 -0.4063105 1.167399 257.2768 -201.095 251.8109
1.016911 -0.3909296 1.12614 259.9638 -191.6064 251.8109
1.033756 -0.2976679 1.123942 258.8722 -180.8278 251.8109
1.033024 -0.2241815 1.074626 256.0173 -171.3316 251.8109
1.031803 -0.1194452 1.027263 254.9562 -164.0186 251.8109
1.029362 -0.04058777 0.9921064 254.9104 -158.4614 251.8109
1.040836 0.0734259 0.9408369 252.6967 -152.3621 251.8109
1.06403 0.156922 0.8661299 253.2081 -148.3545 251.8109
1.125065 0.2128302 0.8268232 254.399 -142.0339 251.8109
1.138981 0.2448126 0.7904463 262.8188 -137.782 251.8109
1.157536 0.3244025 0.7047529 264.7119 -132.553 251.8109
1.138493 0.3297735 0.6149092 269.6508 -131.0492 251.8109
1.169987 0.4120489 0.4820967 269.6508 -128.5148 251.8109
1.148991 0.466004 0.3949385 269.6508 -132.1484 251.8109
1.163151 0.5377813 0.2799482 269.6508 -135.7209 251.8109
1.19318 0.5126348 0.1735029 269.6508 -137.095 251.8109
1.30402 0.5585333 -0.004719734 269.6508 -141.5606 251.8109
1.386051 0.5370489 -0.2097979 269.6508 -143.1637 251.8109
1.408756 0.6432501 -0.2605791 269.6508 -154.1637 251.8109
1.447575 0.7714239 -0.2605791 269.6508 -165.782 251.8109
1.493229 0.8353888 -0.2605791 269.6508 -177.3545 251.8109
1.667057 0.9774786 -0.2605791 268.7119 -186.2018 251.8109
1.728825 0.9943243 -0.2605791 252.0554 -195.8049 251.8109
1.770084 1.115662 -0.2605791 225.1928 -206.8049 251.8109
1.793278 1.164002 -0.2605791 207.2844 -228.9728 251.8109
2.01276 1.332215 -0.2605791 176.4829 -233.8278 251.8109
1.944157 1.280213 -0.2605791 162.5135 -265.9194 251.8109
2.153385 1.669861 -0.2605791 136.8341 -267.1942 251.8109
2.289799 1.678895 -0.2605791 120.2539 -269.1713 251.8109
2.289799 1.606141 -0.1873369 114.5974 -269.1713 251.8109
2.289799 1.691346 -0.102376 117.9944 -269.1713 251.8109
2.289799 1.833191 -0.0291338 130.8417 -269.1713 251.8109
2.289799 2.224976 0.1063643 125.6051 -269.1713 251.8109
2.289799 2.224976 0.3256025 137.4524 -269.1713 251.8109
2.289799 2.224976 0.458415 156.9486 -269.1713 251.8109
2.289799 2.224976 0.5821943 170.1623 -269.1713 251.8109
2.289799 2.224976 0.8658857 188.1852 -269.1713 251.8109
2.289799 2.224976 1.163737 223.315 -269.1713 251.8109
2.289799 2.224976 1.267009 240.9944 -269.1713 251.8109
2.289799 2.224976 1.429362 243.8341 -269.1713 251.8109
2.289799 2.224976 1.309733 269.6508 -269.1713 251.8109
2.289799 2.224976 1.885417 269.6508 -269.1713 251.8109
2.289799 2.224976 1.922282 269.6508 -269.1713 226.7346
2.289799 2.224976 1.822917 269.6508 -269.1713 205.185
2.13776 2.224976 2.121989 231.1623 -264.8354 166.4674
2.013981 2.224976 2.313884 169.5058 -230.8354 115.1926
1.930973 2.224976 2.613933 62.00963 -208.9957 63.09334
1.963444 2.224976 2.555827 -32.21938 -177.0568 6.017008
2.053288 2.224976 2.570476 -90.30334 -145.2553 -51.20437
2.04694 2.224976 2.565593 -122.0972 -119.4614 -110.4028
2.231022 2.224976 2.567546 -138.2804 -89.92702 -169.6471
2.266666 2.224976 2.598796 -152.8148 -64.76672 -225.8761
2.289799 2.224976 2.498698 -132.8911 -38.07206 -248.4563
2.289799 2.224976 2.434001 -129.6621 -9.32397 -248.4563
2.289799 2.224976 2.361735 -131.7461 10.79817 -248.4563
2.289799 2.224976 2.268229 -127.227 35.81343 -248.4563
2.289799 2.224976 2.13444 -131.0133 51.79817 -248.4563
2.289799 2.224976 1.955974 -132.7384 72.5997 -248.4563
2.289799 2.224976 1.822429 -136.853 88.6913 -248.4563
2.289799 2.224976 1.655681 -144.7614 105.3783 -248.4563
2.289799 2.224976 1.462565 -162.1736 121.5463 -248.4563
2.289799 2.224976 1.373698 -175.6698 137.6302 -248.4563
2.289799 2.134949 1.192546 -195.8301 154.447 -248.4563
2.289799 1.978455 1.114177 -210.456 168.302 -248.4563
2.289799 1.793641 0.9860029 -230.6163 185.0348 -248.4563
2.289799 1.6391 0.862956 -230.6163 201.0195 -248.4563
2.289799 1.509461 0.7892256 -230.6163 217.3631 -248.4563
2.289799 1.396668 0.7081709 -230.6163 231.0959 -248.4563
2.289799 1.260682 0.59196 -230.6163 231.0959 -248.4563
2.289799 1.085633 0.4767256 -230.6163 231.0959 -248.4563
2.289799 0.9555059 0.3009443 -230.6163 231.0959 -248.4563
2.289799 0.8893438 0.1078291 -230.6163 231.0959 -248.4563
2.289799 0.8273321 -0.06526661 -230.6163 231.0959 -248.4563
2.289799 0.8417364 -0.2183428 -230.6163 231.0959 -248.4563
2.289799 0.6727911 -0.2605791 -230.6163 231.0959 -248.4563
2.289799 0.4166876 -0.2605791 -230.6163 231.0959 -248.4563
0.4959146 -1.774963 0.4576826 178.0325 -269.1713 108.5437
0.8928872 -1.677795 1.429362 91.89513 -179.3011 251.8109
0.9075356 -1.631408 1.410563 98.55925 -170.1637 251.8109
0.9570962 -1.549377 1.375651 103.3379 -162.7667 251.8109
1.008366 -1.477111 1.376384 107.9257 -155.3621 251.8109
1.041325 -1.409728 1.399577 116.2844 -146.7362 251.8109
1.060124 -1.309387 1.394206 126.6967 -137.698 251.8109
1.060368 -1.21051 1.39445 136.9715 -129.9957 251.8109
1.119206 -1.076232 1.391765 147.0173 -123.5988 251.8109
1.235661 -1.094787 1.333415 165.6356 -109.866 251.8109
1.182194 -0.9207148 1.33195 172.8417 -107.6293 251.8109
