0.2633818 -0.271939 0.5050371 -7.897328 1.077069 15.44005
0.241165 -0.2873199 0.4696367 -7.729389 1.191572 15.37898
0.2230986 -0.30148 0.4352129 -9.034733 0.6419542 16.0431
0.2130889 -0.3229644 0.3939531 -11.1645 -0.1595726 16.86753
0.202835 -0.3346831 0.3793046 -13.41641 -1.228275 17.9744
0.1911162 -0.337857 0.3453691 -16.21031 -2.869496 19.17287
0.2223662 -0.3498199 0.3182695 -19.08053 -4.762626 20.56982
0.2204131 -0.3730132 0.3375566 -21.17977 -4.953465 21.92859
0.1947783 -0.3634917 0.2843339 -24.1416 -9.426748 23.53928
0.2287139 -0.3713042 0.2704179 -26.75992 -11.64049 25.57745
0.260208 -0.3688628 0.2899492 -30.61489 -13.15194 27.26447
0.2721709 -0.3532378 0.3058183 -33.33244 -14.90766 28.60798
0.2699736 -0.3456695 0.3248613 -36.51565 -16.13667 30.54692
0.2558135 -0.322232 0.3324296 -39.56145 -17.22828 31.83699
0.2533721 -0.3090484 0.341707 -42.30191 -18.82369 32.46295
0.2472686 -0.2941558 0.3612382 -43.79809 -20.77789 32.83699
0.2421416 -0.2878081 0.3946855 -45.64542 -21.65576 33.03547
0.2418975 -0.2780425 0.4195879 -47.0729 -22.02217 33.05073
0.2460479 -0.282437 0.4391191 -48.0729 -22.88476 33.28738
0.2379912 -0.2282378 0.4418046 -49.59199 -21.50308 33.88279
0.2160186 -0.1925933 0.4513261 -48.30191 -22.46492 32.44004
0.2206572 -0.2006499 0.4442461 -46.42405 -23.03744 30.69196
0.2370147 -0.1952788 0.4430254 -46.08817 -23.77789 29.70722
0.2492217 -0.2011382 0.4696367 -45.31718 -24.22064 28.68432
0.2570342 -0.1894194 0.4920976 -47.84389 -24.16721 28.28737
0.2555693 -0.1830718 0.4952714 -52.42405 -24.73973 28.60035
0.2628936 -0.1777007 0.5221269 -55.60725 -23.31224 28.14234
0.2702178 -0.1630522 0.5233476 -58.56908 -23.02217 27.70722
0.3124541 -0.5326812 1.22159 163.4691 -135.6405 141.211
0.3180693 -0.5260894 1.233309 160.095 -132.2359 142.7454
0.3134307 -0.5033843 1.26407 156.8202 -130.7855 143.3103
0.3271025 -0.4811675 1.321932 156.0798 -126.4115 142.5469
0.2963408 -0.5785796 1.362459 161.324 -123.8695 140.2721
0.2770537 -0.5563628 1.386873 158.2095 -120.9382 142.295
0.2707061 -0.5246245 1.452791 161.9958 -110.5489 145.0049
0.2860869 -0.5038726 1.469637 165.2782 -103.5718 142.8599
0.275833 -0.3776519 1.457918 162.9576 -96.19775 139.837
0.2191924 -0.5204741 1.47574 165.6599 -92.99164 137.1347
0.2338408 -0.4789702 1.535799 168.4309 -85.8466 137.8904
0.2157744 -0.4787261 1.55533 172.6752 -78.0527 135.8141
0.195999 -0.5053374 1.609773 173.8737 -70.755 132.9362
0.1608428 -0.5089995 1.61075 177.9653 -61.42675 130.7072
0.1396025 -0.5246245 1.608553 185.4996 -53.72446 128.4706
0.1327666 -0.5041167 1.568514 194.7897 -46.41911 125.0584
0.1095732 -0.5819976 1.564363 207.4538 -40.0756 120.7759
0.09761036 -0.5585601 1.546785 214.9882 -33.31224 120.3866
0.08857716 -0.5204741 1.511385 219.5072 -26.90003 119.066
0.06709278 -0.5021636 1.51285 219.9424 -19.9611 118.5774
0.04853809 -0.4843413 1.499666 218.8126 -13.63285 117.7149
0.0312041 -0.4689605 1.486727 217.3317 -7.984 118.6309
0.02558887 -0.4638335 1.478426 216.4385 -2.678657 118.4171
0.01997364 -0.4433257 1.470857 215.1332 2.741191 119.0355
0.01338184 -0.4096343 1.475252 211.0187 7.267909 119.5698
0.007034183 -0.3671538 1.482088 203.1561 12.76409 121.1958
0.008743167 -0.3290679 1.489168 192.4462 18.81753 122.4629
0.004836917 -0.2890288 1.501375 181.5072 24.13814 123.5698
-0.003219724 -0.2682769 1.509432 169.8126 29.00837 124.3561
0.01045215 -0.2817046 1.515047 157.4309 33.72593 125.6996
0.004592776 -0.2631499 1.555574 146.5836 38.93967 125.4553
0.004592776 -0.2524077 1.5795 134.5912 43.61142 126.6538
-0.001266599 -0.2707183 1.611482 124.5912 49.36715 126.6538
0.02119434 -0.2716949 1.634432 116.7363 53.09997 126.8599
0.02241504 -0.2936675 1.662508 112.7439 58.68012 124.753
0.03022754 -0.3263824 1.708162 111.4767 64.22211 121.7836
0.0509795 -0.3385894 1.740877 112.0569 71.40531 121.4477
0.06343067 -0.336148 1.756746 112.6676 78.59615 119.6461
0.06025684 -0.3576324 1.758455 114.4004 86.92439 116.1042
0.04707325 -0.379605 1.76285 119.3469 95.22211 113.1194
0.0390166 -0.3923003 1.746492 124.0034 103.1305 110.7072
0.03852832 -0.396939 1.731844 127.7134 111.5809 107.3713
0.03022754 -0.4006011 1.686678 129.3927 120.2984 104.9973
0.03071582 -0.42648 1.642732 129.2935 128.4511 103.2568
0.02778614 -0.4279449 1.579012 127.7821 136.2221 102.6614
0.02778614 -0.4609038 1.514803 126.866 142.2374 102.1271
0.01020801 -0.4650542 1.449861 126.9042 148.1458 101.1423
-0.0007783175 -0.4640777 1.409822 126.3775 152.7794 100.2874
-0.0002900362 -0.4721343 1.350496 125.5836 156.642 100.1958
-0.01542675 -0.4801909 1.29117 125.8126 160.4053 100.3484
-0.03324902 -0.478482 1.241121 126.6676 163.1381 101.2416
-0.03593457 -0.4399077 1.189607 125.0798 165.7183 101.9515
-0.04008496 -0.4154937 1.159334 122.9271 167.3213 102.1729
-0.05253613 -0.3573882 1.131258 118.2401 168.9397 103.1881
-0.07524121 -0.3522613 1.05533 114.8813 169.9855 103.3942
-0.08598339 -0.3134429 1.017244 110.4386 167.0694 104.1423
-0.09159863 -0.2673003 1.024812 104.3775 165.6801 105.0584
-0.0830537 -0.2152983 1.034578 97.12557 166.39 105.1729
-0.09965527 -0.2040679 1.037996 88.7668 164.4587 106.4095
-0.08915722 -0.1515776 1.070711 80.98817 163.4359 107.15
-0.06987011 -0.09518116 1.104891 74.57596 163.9168 105.982
-0.04423535 -0.07540576 1.155184 68.94237 163.8939 104.6233
-0.02323925 -0.0563628 1.211824 65.30878 165.1534 102.3408
0.009475589 -0.03463428 1.251863 62.69809 167.558 100.1652
0.03804004 -0.005093262 1.303865 60.66755 170.8175 97.28737
0.04048145 -0.001919433 1.359041 61.0645 174.1229 95.05073
0.1200713 0.04129346 1.351228 63.63702 177.1534 92.53928
0.123001 -0.002163574 1.420564 64.6981 183.8023 86.14233
0.1544951 0.09695751 1.424471 61.00344 187.8328 84.85226
0.1635283 0.09939892 1.46451 64.07214 197.8252 77.91333
0.1610869 0.06912549 1.42032 66.04924 205.5885 72.9744
0.1808623 0.07693799 1.380769 68.01871 210.3748 68.32554
0.1962432 0.07937939 1.380769 76.72099 219.329 62.45531
0.1720732 0.1020845 1.292879 75.36221 224.8099 57.64616
0.1652373 0.1094087 1.217195 77.40802 229.4359 51.87516
0.1608428 0.118686 1.138826 76.66756 233.8633 46.47058
0.1415557 0.09842236 1.074861 80.17901 236.932 40.58508
0.1281279 0.1086763 1.025301 80.91946 239.5198 35.2263
0.08320606 0.1033052 0.8280352 88.40802 240.6267 15.61562
0.09516895 0.09134228 0.7882402 79.47672 241.8023 12.77592
0.1095732 0.1472505 0.7550371 77.75153 242.3137 7.821725
0.09834278 0.1509126 0.7389238 70.96527 242.7565 4.600351
0.08198536 0.1511567 0.7215898 67.54543 242.5427 0.5163822
0.09028614 0.1470063 0.6883867 61.59122 244.1534 -2.727894
0.08052052 0.1350435 0.6656816 57.91946 243.9015 -5.880566
0.1000518 0.1487153 0.6446855 54.33931 244.4969 -9.453083
0.09736622 0.1352876 0.624666 50.86603 245.4053 -12.55232
0.1493682 -0.1759917 0.2418535 42.9042 24.22974 23.46295
0.1823272 -0.329312 0.3148515 -2.958397 -12.984 57.31791
0.2204131 -0.3134429 0.3597734 -3.630153 -14.39621 58.30264
0.2218779 -0.2897613 0.4093339 -1.469848 -14.51835 58.10417
0.2204131 -0.2653472 0.4425371 0.5606871 -14.69392 57.74539
0.2228545 -0.2257964 0.4759843 2.446183 -14.38858 57.11944
0.2277373 -0.2067534 0.5021074 4.606489 -13.44201 55.87516
0.2362822 -0.1857573 0.513582 7.110305 -12.63285 54.79119
0.2333525 -0.1857573 0.5311601 10.00344 -11.31988 53.31027
0.2287139 -0.1860015 0.5428789 12.41565 -10.44965 51.96676
0.2421416 -0.1745269 0.544832 13.43855 -8.762627 51.05074
0.2450713 -0.1630522 0.5548418 13.46908 -7.205374 50.21104
0.2404326 -0.1432769 0.5502031 12.45382 -5.900031 49.09653
0.2382354 -0.1427886 0.5367754 10.0416 -4.373313 48.24157
0.2440947 -0.1464507 0.5235918 8.614122 -3.518351 47.66905
0.2482451 -0.14523 0.4999101 7.659923 -2.984 46.81409
0.2560576 -0.1498687 0.4889238 7.110305 -2.838962 46.12707
0.258499 -0.1337554 0.4984453 6.789694 -2.732092 45.02783
0.2680205 -0.140103 0.4850175 6.553053 -2.846595 44.05836
0.274124 -0.1335112 0.4859941 6.148473 -2.808427 43.1347
0.2753447 -0.1303374 0.4881914 5.904198 -2.762626 41.68432
0.2780303 -0.129605 0.5011308 5.766794 -2.732092 40.76066
0.2714385 -0.1178862 0.5052812 5.980534 -2.129038 39.37897
0.2689971 -0.1130034 0.5177324 7.324046 -1.587053 37.33318
0.2772979 -0.09933155 0.5187089 8.369846 -0.464916 35.46295
0.2682647 -0.07833545 0.5379961 10.26298 0.4816489 32.28738
0.2650908 -0.0942046 0.5367754 12.94237 2.397679 28.82936
0.2641143 -0.1444976 0.5321367 21.61412 1.71829 25.24921
0.2751006 -0.1293608 0.5497148 27.37748 1.489282 22.35608
0.2663115 -0.1427886 0.5519121 27.36222 5.786993 20.30264
0.2687529 -0.1567046 0.532625 27.0874 7.229741 18.71486
0.28804 -0.188687 0.5133379 27.51489 7.374778 17.53165
0.2851104 -0.2189605 0.5025957 27.85076 9.496916 16.75302
0.258499 -0.2292144 0.4940507 26.30115 8.985466 16.82173
0.2165068 -0.2245757 0.4960039 23.38511 9.848061 16.82936
