0.6747588 0.2510102 0.2198808 70.62176 63.71829 12.88279
0.683792 0.2759126 0.2252519 68.96527 56.87096 7.050733
0.7050323 0.309604 0.2369707 58.45382 52.56562 2.852259
0.7099151 0.3176606 0.2386796 48.86603 46.95493 -1.040871
0.7113799 0.3210786 0.2650468 35.63702 41.89386 -4.338581
0.7160186 0.3064301 0.3048418 21.62176 37.74883 -7.147741
0.6999053 0.2954438 0.3429277 10.8355 34.9702 -10.18591
0.6874541 0.2532075 0.3856523 2.415649 32.20684 -13.10957
0.6857451 0.2202485 0.4315507 -3.569084 30.0389 -16.25461
0.6986846 0.1748384 0.4537675 -8.271374 28.24501 -19.38438
0.7050323 0.1426118 0.4769609 -10.66069 26.77172 -22.41492
0.721878 0.08938915 0.4901445 -11.25611 24.83279 -25.41492
0.7372588 0.04202588 0.5187089 -10.75229 23.11524 -28.04087
0.7406768 -0.01241748 0.5533769 -9.614885 21.37478 -29.68209
0.7414092 -0.0431792 0.5829179 -9.133969 20.23737 -30.8882
0.7353057 -0.07589405 0.5956132 -7.523283 18.89386 -31.40728
0.7311553 -0.1027495 0.6305254 -5.591985 17.8786 -31.78896
0.7335967 -0.1274077 0.6771562 -3.15687 17.33661 -31.68209
0.7401885 -0.1371733 0.6866777 0.3622136 16.86333 -31.23171
0.730667 -0.1381499 0.7208574 4.514885 17.1534 -31.09431
0.7365264 -0.1222808 0.7286699 9.629389 17.19157 -30.9569
0.7348174 -0.1022612 0.7401445 15.98817 17.60379 -31.47598
0.7553252 -0.08199757 0.7518632 23.52252 18.04653 -32.7737
0.7890166 -0.06246631 0.7582109 31.45382 18.05417 -34.59812
0.8166045 -0.02975146 0.7472246 36.36221 18.29081 -36.8882
0.8397979 -0.002651855 0.7328203 37.07977 17.42821 -38.24698
0.8756866 0.01126416 0.7313554 32.67519 17.19921 -39.31568
0.8993682 0.01883252 0.7294023 23.9729 17.44348 -39.48362
0.9301299 -0.05733936 0.7596757 -10.77519 20.58088 -38.17064
0.9323272 -0.08736866 0.775789 -20.41641 22.02363 -37.78896
0.9428252 -0.1513335 0.7735918 -28.54618 23.65722 -37.49125
0.9330596 -0.1437651 0.7560136 -34.9813 25.19921 -37.14011
0.9350127 -0.1996733 0.7379472 -36.53092 26.1534 -38.09431
0.9252471 -0.2643706 0.7391679 -38.21794 26.35188 -36.65156
0.9245147 -0.318814 0.749666 -37.85153 26.11524 -34.74316
0.9254912 -0.3490874 0.7594316 -34.16451 27.32134 -33.9798
0.9105987 -0.3627593 0.7518632 -32.64542 28.0389 -32.41492
0.9035186 -0.377896 0.749666 -36.38588 27.46638 -28.62866
0.8888701 -0.4135406 0.7726152 -36.30191 27.60379 -25.65919
0.9047393 -0.473355 0.8024004 -33.90496 29.05417 -20.63629
0.9147491 -0.4406402 0.8241289 -32.92786 30.41295 -15.23171
0.9018096 -0.4211089 0.8246172 -32.16451 30.51982 -12.01034
0.9054717 -0.4186675 0.8338945 -35.52328 31.53508 -6.101938
0.9132842 -0.4303863 0.8585527 -38.15687 32.63432 -0.1935425
0.9267119 -0.393521 0.8744219 -37.22557 34.35951 4.272106
0.940628 -0.3644683 0.8966387 -36.16451 35.88623 8.272107
0.9533233 -0.3068511 0.9090899 -34.54618 37.30608 11.53165
0.9713897 -0.2470366 0.9247149 -31.86679 39.71829 13.9744
0.9892119 -0.1840483 0.9327715 -30.56908 41.63432 15.82173
1.005081 -0.1410796 0.9317949 -28.74466 44.51982 16.91333
1.010696 -0.0888335 0.9347246 -28.72176 48.52745 18.71486
1.012649 -0.07296436 0.9364336 -25.86679 50.39005 18.05073
1.017044 0.001010254 0.9310625 -21.48512 54.00837 18.02783
1.032181 0.1606782 0.8556231 -18.33244 55.04654 9.585084
1.077347 0.1448091 0.8292559 -16.61489 57.50455 4.531649
1.096634 0.1667817 0.8004473 -29.68359 58.38241 4.409512
1.112991 0.1763032 0.7833574 -35.01183 59.46638 1.119434
1.09761 0.1772798 0.7562578 -46.0271 61.65722 -1.246977
1.086136 0.1785005 0.7518632 -53.54618 61.29844 -4.850031
1.074661 0.1658052 0.7535722 -59.32481 63.50455 -8.964535
1.068558 0.116977 0.7377031 -62.10344 64.91676 -14.18591
1.061233 0.06692822 0.730623 -63.45458 65.31371 -18.934
1.052688 0.02371533 0.7081621 -64.72176 66.58089 -22.72026
1.037063 -0.02682178 0.6791093 -63.59962 67.06944 -27.26988
1.015335 -0.1154448 0.6478593 -60.56908 66.80989 -30.23934
1.00679 -0.1408355 0.6476152 -54.92786 64.66486 -33.43782
1.005081 -0.1906401 0.633455 -51.59962 65.85569 -35.78133
1.000442 -0.2594878 0.6036699 -48.34008 64.88622 -36.79659
0.9958037 -0.2826812 0.563875 -47.08054 62.34424 -35.78896
0.9904326 -0.2970855 0.5538652 -51.13397 60.48165 -33.42255
0.9826201 -0.3278472 0.532625 -53.82863 59.02364 -30.68973
0.9782256 -0.3459136 0.4960039 -58.26374 57.28318 -27.07904
0.9479522 -0.3708159 0.4828203 -61.69122 53.58089 -23.52179
0.9403838 -0.3915679 0.4796464 -64.49274 51.66486 -18.92637
0.9577178 -0.331021 0.4249589 -63.36298 48.44348 -18.33095
0.952835 -0.3471343 0.3946855 -60.39351 42.1534 -17.20117
0.9469756 -0.3476226 0.3863847 -63.40115 38.64196 -15.29278
0.954544 -0.3234527 0.3580644 -62.17214 35.14577 -15.33095
0.940628 -0.3498199 0.3568437 -63.47748 29.05417 -13.94927
0.935501 -0.3512847 0.3668535 -68.63779 24.39768 -11.38438
0.9230498 -0.3566558 0.3656328 -71.13397 20.95493 -10.39202
0.9362334 -0.3644683 0.3529375 -76.15687 15.65722 -8.483618
0.9391631 -0.3700835 0.3568437 -82.88969 10.84043 -5.42255
1.045364 0.02566846 0.5353105 39.65229 84.43584 -54.52942
1.341995 0.1172212 -0.4590743 -0.3095422 -9.098503 2.073633
1.294876 0.3557466 -0.5564864 -24.30954 -23.43438 5.928596
1.261185 0.3816255 -0.5752852 -25.28664 -35.56415 3.615618
1.260452 0.5654634 -0.5254805 -30.58435 -49.984 0.09653473
1.251907 0.5884126 -0.3345625 -41.57672 -55.83896 -1.147741
1.317093 0.5686372 0.05533004 -46.79046 -60.0298 -4.147741
1.292679 0.4592622 0.3702714 -52.0042 -62.33514 -4.872931
1.258743 0.2654145 0.5543535 -52.69122 -65.94583 -4.300413
1.182571 0.1028169 0.6546953 -53.41641 -68.0985 -2.559954
1.120071 0.006625488 0.6617754 -59.53092 -69.11378 2.485847
1.071487 -0.02901904 0.7298906 -61.9584 -67.46492 7.699588
1.030228 -0.04635303 0.7516191 -60.52328 -64.8695 12.40188
1.062454 -0.03902881 0.8187578 -57.56145 -61.78553 18.11943
1.120071 -0.05001514 0.9095781 -49.92023 -56.984 22.27211
1.158157 -0.03121631 0.9588945 -41.35535 -51.57942 26.03547
1.213333 -0.02022998 0.9903887 -34.9813 -45.63285 30.49348
1.263626 0.002230957 0.9918535 -30.78282 -39.81606 34.72249
1.294876 0.006625488 0.9894121 -28.28664 -33.96873 39.03547
1.322708 0.0007661134 0.9808672 -26.61489 -27.29698 42.83699
1.338821 0.001986817 0.987459 -24.68359 -20.83133 46.40188
1.347122 -0.005581543 0.9837969 -24.76756 -13.67102 50.23394
1.359817 -0.01046436 0.9945391 -25.96603 -7.258809 54.09653
1.333694 -0.01681201 0.9989336 -25.88969 0.2450078 56.77592
1.306106 -0.0131499 1.008211 -24.64542 6.756458 59.47058
1.277542 -0.00460498 1.009676 -20.85916 12.68776 60.20341
1.258499 0.009311035 1.029939 -18.01947 19.23737 61.39424
1.237503 0.01102002 1.062654 -13.9355 26.53508 61.66142
1.21138 -0.01900928 1.055818 -10.62252 33.83279 62.24921
1.172317 -0.0263335 1.023836 -4.882061 38.54272 62.77592
1.122269 -0.01290576 1.022371 -1.591985 42.42058 63.34081
1.081253 -0.000942871 1.030184 -1.217939 47.13814 64.50875
1.050735 -0.002407715 1.040437 -2.85916 51.79463 65.70722
1.030472 -0.01119678 1.031893 -6.187405 56.09997 67.23394
1.009231 -0.01339404 1.043367 -8.714123 59.71066 69.38661
0.984085 -0.01290576 1.034334 -10.74466 62.81753 71.0431
0.9677276 -0.01241748 1.033113 -11.86679 66.12287 72.1347
0.9643096 -0.01412647 1.022859 -13.36298 68.30608 74.43241
0.9560088 -0.006802246 1.034822 -15.71412 70.70302 76.16524
0.9596709 -0.01217334 1.039217 -17.52328 73.03127 77.34844
0.96846 -0.02071826 1.031404 -18.33244 75.97783 78.63088
0.9713897 -0.01998584 1.017488 -18.1416 78.32134 79.37897
0.9867705 -0.02071826 0.9830645 -17.57672 80.53508 79.85226
1.005081 -0.02608936 0.9632891 -16.99656 82.31371 80.09653
1.03096 -0.03023975 0.9227617 -15.95076 83.77172 79.96677
1.044144 -0.02413623 0.8927324 -14.45458 84.51218 79.33318
1.045364 -0.02901904 0.8749102 -12.85153 84.68775 78.26447
1.065872 -0.02950732 0.8600176 -11.0042 84.85569 77.39424
1.080765 -0.03878467 0.8439043 -9.034733 84.38241 75.58508
1.090286 -0.04244678 0.8392656 -6.179771 83.68012 73.44768
1.099808 -0.034146 0.827791 -3.920229 82.77936 71.0202
1.118362 -0.03951709 0.8285234 -1.485115 81.82516 67.9973
1.129593 -0.04586474 0.8251055 0.04160309 80.64195 65.1805
1.137649 -0.04708545 0.8214434 0.4309158 79.47401 62.60035
1.142288 -0.04342334 0.8141191 -0.8362598 77.80225 59.67669
1.144974 -0.0456206 0.8077715 -3.782825 76.13814 57.59272
1.152054 -0.04806201 0.7943437 -8.301908 74.68775 55.73013
1.159866 -0.05245655 0.7938554 -13.42405 72.9015 53.9744
1.162796 -0.05123584 0.7972734 -18.46221 70.53508 52.38661
1.159866 -0.06148975 0.8014238 -24.57672 68.93966 51.24157
1.159134 -0.05196826 0.8026445 -30.57672 66.245 49.89043
1.16011 -0.04879443 0.8053301 -36.50038 64.245 49.08127
1.16011 -0.04952685 0.8109453 -41.72939 62.23738 48.2263
1.165726 -0.04659717 0.8048418 -46.0042 59.63432 47.41714
1.176224 -0.05343311 0.8072832 -48.69122 56.91676 46.64615
1.175491 -0.06246631 0.815584 -49.57672 54.55799 45.46294
1.192825 -0.06295459 0.8092363 -48.68359 51.11524 44.00493
