-0.1467051 -1.145583 1.292353 11.32577 33.28382 -18.57854
-0.2009043 -1.198073 1.242304 14.69218 29.28382 -21.13579
-0.1286387 -1.127516 1.202509 20.69982 28.7571 -11.4564
-0.2043223 -1.064528 1.182733 24.67692 29.65786 -14.08235
0.3813711 1.307787 1.232538 -126.8574 -92.8765 -220.9678
0.07814844 -0.9925064 0.2786807 -196.6284 -12.96046 -248.5709
0.1316152 -1.064772 0.2659854 -228.1246 -36.93756 -248.5709
0.01174219 -1.298415 0.1732119 -236.3689 -41.2887 -238.3572
0.01638086 -1.452711 0.1238955 -235.8956 -46.29633 -245.1511
0.0244375 -1.714674 0.1568545 -204.9185 -57.02916 -228.4488
0.1113516 -1.82527 0.1829776 -177.4529 -63.63985 -237.4259
-0.01853125 -1.502272 0.5277041 -173.659 -73.96046 -229.6625
0.1660391 -1.422194 0.6783389 -181.9414 -77.41848 -210.7465
0.09963282 -1.634596 0.7388858 -184.8574 -76.74672 -194.0595
0.2102285 -1.836256 1.068476 -182.2239 -86.32687 -202.0137
0.3215566 -1.836256 1.408564 -158.7124 -55.95282 -170.6243
0.3061758 -1.756422 1.500605 -144.5521 -41.76962 -139.0824
0.2407461 -1.739333 1.533319 -128.201 -24.05206 -123.2656
0.1738516 -1.656813 1.575556 -115.4376 -12.0826 -129.1587
0.0713125 -1.618727 1.639032 -107.178 -1.250535 -116.7083
0.06130273 -1.551833 1.73205 -92.59789 2.009007 -115.403
-0.003150389 -1.449538 1.665644 -80.63606 6.100611 -113.3724
-0.07639258 -1.315993 1.527216 -81.58263 2.795267 -112.6091
-0.04733984 -1.354323 1.302851 -77.19331 7.856336 -104.1052
-0.09079687 -1.31404 1.240351 -75.36888 11.65023 -92.97548
-0.2736582 -1.274001 0.8870791 -63.92614 4.222748 -72.76937
-0.2531504 -1.212233 0.8150577 -51.20095 1.047175 -67.41823
-0.2873301 -1.104567 0.8411807 -48.40705 -4.456641 -63.81517
-0.2677989 -1.072585 0.829462 -40.39178 -7.052061 -58.21212
-0.2834239 -1.022536 0.8592471 -31.51392 -10.25817 -57.5709
-0.2511973 -0.960524 0.8785342 -22.27728 -12.3116 -55.47166
-0.2670664 -0.8958267 0.8931827 -14.09408 -15.22763 -54.84571
-0.2531504 -0.8426041 0.9049014 -5.048275 -18.85359 -56.73884
-0.2343516 -0.7837662 0.9207705 4.028061 -20.86885 -56.43349
-0.2753672 -0.7095474 0.8929385 2.89829 -23.63985 -55.00601
-0.2387461 -0.7251724 0.9512881 4.127298 -32.34214 -59.97548
-0.1677012 -0.7200455 0.9593448 10.07386 -34.55588 -52.65487
-0.1801523 -0.8306412 0.9981631 20.13493 -39.22763 -52.4793
-0.1513438 -0.8213638 1.131464 34.71508 -41.34214 -56.44876
-0.1183848 -0.75569 1.225702 42.01279 -46.21236 -52.96785
-0.04294531 -0.644606 1.369501 35.64638 -42.25817 -54.60907
-0.01047461 -0.6455826 1.457392 18.21127 -43.89175 -46.25792
0.04567774 -0.7337173 1.495478 17.23417 -35.74672 -45.86861
0.0647207 -0.7288345 1.563593 15.38684 -33.01389 -36.02892
0.05007226 -0.7927994 1.605097 13.40211 -28.63221 -33.13578
0.06960351 -0.8313736 1.688593 15.21127 -24.76962 -31.64724
0.1101309 -0.7942642 1.768427 14.62348 -21.91466 -28.60907
0.1540762 -0.7298111 1.843134 4.295237 -17.77725 -21.18922
0.2068105 -0.7403091 1.86413 -3.742931 -13.12076 -10.6396
0.2234121 -0.7403091 1.910028 -7.880336 -4.532977 -4.46403
0.1477285 -0.7176041 1.948847 -11.17805 2.253282 4.566504
0.2170645 -0.7080826 2.016718 -16.25438 10.50519 1.467267
0.2646719 -0.6616959 2.000116 -10.03301 19.81054 4.230626
0.2888418 -0.6604752 1.984247 3.38684 29.52809 5.421466
0.2280508 -0.4326919 2.113398 6.356305 30.93267 1.917649
0.1767812 -0.3965591 2.123407 -15.17805 39.26855 24.12375
0.2785879 -0.3430923 1.977655 -13.39179 50.78 12.68864
0.3816152 -0.3990005 2.086786 -2.216214 66.46702 7.520702
0.3596426 -0.3169693 2.02453 15.99753 63.97084 18.42146
0.3135 -0.1385025 2.078974 18.71508 74.92503 6.650474
0.3115469 -0.09211573 2.146357 9.966992 80.05481 4.368031
0.3696523 -0.1580337 2.127069 15.56241 80.01664 2.902382
0.4131094 -0.1055435 2.083124 20.44791 85.47466 -2.089985
0.4182363 -0.06110987 2.08581 25.67692 92.61206 -5.967847
0.4341054 -0.03767237 2.073847 29.76089 99.1235 -10.39533
0.4587636 -0.02595362 2.060419 34.34867 105.1235 -14.84571
0.4848867 -0.004957527 2.080439 39.46318 110.238 -19.48693
0.5139394 0.02971044 2.067987 42.34867 117.0014 -22.97548
0.5385976 0.05461278 2.07165 45.51661 122.5434 -26.54037
0.5561758 0.09172216 2.047968 49.40211 128.7266 -31.38769
0.5530019 0.1483628 2.063593 50.51661 132.4518 -37.40296
0.5957265 0.09953466 2.103388 58.81432 136.5052 -43.42586
0.643334 0.1637436 2.110468 58.84486 144.3831 -48.17395
0.6823965 0.153978 2.139521 55.1502 151.8792 -51.57853
0.6892324 0.1537339 2.139765 53.31814 160.0166 -54.6854
0.7314687 0.1908432 2.171015 40.80669 169.7189 -55.00601
0.777123 0.1190659 2.18664 43.13493 178.551 -57.95258
0.8237539 0.1561753 2.140253 40.13493 189.3296 -59.70067
0.8525625 0.1488511 2.139521 35.32577 198.2304 -61.25792
0.8879629 0.1083237 2.129267 39.13493 208.2914 -64.34953
0.9160391 0.1674057 2.084345 34.91356 219.7647 -65.7999
0.9201895 0.18181 2.01037 27.69218 229.635 -65.70067
0.9301992 0.1847397 1.949823 22.2189 236.5739 -66.01365
0.9411856 0.2418686 1.894892 10.92119 245.2838 -64.81517
0.9218985 0.2074448 1.863153 2.508977 246.0243 -63.7541
0.9311758 0.2396714 1.79455 -8.200947 246.0243 -61.6167
0.9304434 0.2328354 1.720819 -14.28492 246.0243 -61.26556
0.9507071 0.2657944 1.652704 -19.81163 246.0243 -61.41823
0.9966055 0.266771 1.573603 -23.26201 246.0243 -62.44113
1.016381 0.310228 1.536493 -26.33835 246.0243 -64.70831
1.021752 0.3500229 1.487665 -32.10171 246.0243 -66.5938
1.029076 0.3549057 1.442255 -37.36889 246.0243 -69.06709
1.056664 0.3768784 1.406366 -42.43759 246.0243 -71.70831
1.063012 0.3768784 1.398065 -46.58263 246.0243 -74.72357
0.1245352 -0.2000259 1.786981 -8.01774 -8.288702 18.71154
0.5910879 0.01432958 2.552362 51.90593 84.21511 -12.96021
0.9416739 0.02140966 2.286982 69.79906 87.46702 6.390932
0.7385488 0.046312 2.483759 97.60822 98.35252 -15.78464
0.5827871 0.4572007 2.886103 68.52425 120.9174 -64.15868
0.6992422 0.6261459 2.724482 32.50898 125.4518 -68.26556
0.7746816 0.2950913 2.742304 23.88302 140.467 -98.83044
0.9331289 0.3087632 3.001093 49.27234 173.2457 -94.77701
0.9494864 0.3881089 3.011591 63.93646 187.2838 -70.96784
0.8869864 0.3981186 2.968378 63.37921 186.1998 -84.38006
0.9660879 0.48723 2.929804 54.34104 181.7266 -86.23502
1.112084 0.4642807 2.757685 50.65401 180.238 -81.12051
1.161645 0.4410874 2.662226 46.22654 201.4594 -81.81517
1.164086 0.478685 2.621454 33.36394 217.2227 -87.25792
1.163598 0.4288804 2.526239 30.74562 230.6273 -89.60143
1.178002 0.4015366 2.481318 27.35631 243.6044 -94.84571
1.196801 0.4042222 2.397333 21.95173 246.0243 -100.2427
1.211449 0.4061753 2.313349 17.24944 246.0243 -105.1816
1.248803 0.3673569 2.211542 12.88302 246.0243 -110.6091
1.292748 0.3405015 2.119989 9.188367 246.0243 -117.6396
1.315209 0.3007065 2.044794 10.01279 246.0243 -117.7007
1.353295 0.27556 1.932245 13.30287 246.0243 -122.6701
1.401879 0.2748276 1.819696 12.58531 246.0243 -121.9068
1.416039 0.2504136 1.746698 12.34867 246.0243 -128.7083
1.395531 0.2257554 1.695185 12.37157 246.0243 -132.7847
1.386986 0.2086655 1.647577 12.2418 246.0243 -135.5556
1.391869 0.1815659 1.561396 13.39447 246.0243 -138.1587
1.448998 0.1378647 1.436884 16.58531 246.0243 -141.2503
1.628686 0.1425034 1.316034 19.09676 246.0243 -148.6243
1.483422 0.1393296 1.309931 15.79905 246.0243 -156.2808
1.450951 0.136644 1.217646 21.08913 246.0243 -160.09
1.453637 0.134935 1.21203 22.76852 246.0243 -165.9602
1.427758 0.1132065 1.19787 20.64638 246.0243 -169.0671
1.443139 0.04338232 1.064569 23.41738 246.0243 -172.9678
1.451439 -0.004957527 0.9769229 26.98989 246.0243 -177.6702
1.448998 -0.01716456 0.9056338 24.13493 246.0243 -178.6167
1.450219 -0.02888331 0.8458194 20.36394 246.0243 -177.1587
1.473656 -0.01716456 0.7281436 4.905924 246.0243 -178.4488
1.436303 -0.111647 0.8150577 7.234168 246.0243 -180.693
1.438744 -0.1114028 0.6881045 2.096763 246.0243 -179.09
1.484887 -0.1643814 0.6578311 -13.92614 246.0243 -177.3572
1.392846 -0.207106 0.6014346 -22.6666 246.0243 -171.0824
1.315941 -0.2613052 0.5801944 -23.35362 246.0243 -166.5633
1.360131 -0.2334732 0.5455264 -35.75056 246.0243 -161.9678
1.316674 -0.2737564 0.5015811 -41.37652 246.0243 -157.6014
1.289818 -0.3281997 0.4923038 -44.22385 246.0243 -153.5938
1.266869 -0.3430923 0.3528994 -45.07117 246.0243 -150.0671
1.276879 -0.3106216 0.1829776 -43.58263 246.0243 -149.0518
1.219994 -0.2732681 0.197626 -44.33835 246.0243 -150.3572
1.190453 -0.3223403 0.122919 -41.34599 246.0243 -151.8228
1.140893 -0.2793716 0.116083 -36.21621 246.0243 -153.2198
1.019799 -0.3457778 0.06212795 -34.58263 246.0243 -153.4793
0.9631582 -0.4036392 0.003778338 -28.30018 246.0243 -155.2427
0.9875723 -0.3977798 -0.06165135 -27.9414 246.0243 -153.7083
0.9284903 -0.4854263 -0.06165135 -33.10171 246.0243 -152.3724
0.9148184 -0.5393814 -0.06165135 -34.83453 246.0243 -150.6854
