0.9026528 0.6928106 0.4703779 269.6508 -29.48428 251.8109
0.9260903 0.6652227 0.4142256 269.6508 -29.30107 251.8109
0.9087564 0.8139044 0.3688154 269.6508 -22.80489 251.8109
0.9656411 0.681336 0.2018232 269.6508 -32.53008 251.8109
0.9361001 0.7291876 0.2652998 269.6508 -30.98809 251.8109
0.9624673 0.7235723 0.230876 269.6508 -30.18657 251.8109
0.9946939 0.8324591 0.1471357 269.6508 -29.98809 251.8109
0.9683267 0.8724981 0.1590986 269.6508 -33.66748 251.8109
1.018131 0.9074102 0.07706738 269.6508 -35.1255 251.8109
1.080876 0.9457403 0.03043652 267.2005 -38.63695 251.8109
1.174626 0.9564825 -0.04085255 260.2921 -42.24 251.8109
1.310368 0.9281622 -0.05647755 256.6737 -46.43084 251.8109
1.379215 1.088318 -0.09993458 237.6585 -49.11786 251.8109
1.45026 1.069764 -0.09261036 226.8875 -56.87359 251.8109
1.624577 1.134949 0.003581047 219.3531 -58.46901 251.8109
1.678043 1.129822 0.04484081 217.6585 -70.46901 251.8109
1.626286 1.367615 0.09220409 210.0554 -77.86595 251.8109
2.016422 1.449891 0.1227217 197.4066 -68.46138 251.8109
2.091618 1.681336 0.1864424 199.6127 -76.85832 251.8109
2.198063 1.895936 0.4083662 206.9409 -78.00336 251.8109
2.289799 2.026551 0.4047041 214.9104 -63.88122 251.8109
2.289799 2.224976 0.4589033 224.1165 -53.59878 251.8109
2.22443 2.224976 0.4152021 223.147 -54.3316 251.8109
2.166813 2.224976 0.3771162 204.4524 -40.91176 251.8109
2.195133 2.224976 0.3949385 195.5822 -34.1484 251.8109
2.184391 2.224976 0.451335 183.2844 -25.64458 251.8109
1.962956 2.224976 0.3590498 160.0325 -20.81252 251.8109
1.918522 2.224976 0.2435713 120.1394 -8.659848 251.8109
1.92902 2.224976 0.2591963 108.1852 -5.461374 251.8109
1.628239 2.224976 0.1876631 91.75009 -5.140764 237.0323
1.646549 2.224976 0.2364912 79.20047 -0.7056484 192.2231
1.507389 2.224976 0.1551924 67.9104 2.279083 147.1926
1.444889 2.224976 0.1288252 51.53635 -0.003358841 97.23838
1.337956 2.224976 0.1844893 37.85696 -4.049161 38.97884
1.216129 2.224976 0.2355146 6.605053 -1.133131 -10.08986
1.195377 2.224976 0.2862959 -30.13541 -6.530077 -65.67001
1.252018 2.224976 0.3995771 -45.998 -5.377405 -131.525
1.329167 2.224976 0.4418135 -73.18121 2.149313 -188.5402
1.465397 2.224976 0.3939619 -119.3339 3.179848 -240.815
1.652897 2.224976 0.3763838 -150.2957 3.561525 -248.4563
1.847965 2.224976 0.4598799 -162.9293 6.958473 -248.4563
2.069889 2.224976 0.480876 -164.143 18.27908 -248.4563
2.289799 2.224976 0.3077803 -177.4484 21.13404 -248.4563
2.289799 2.224976 0.3080244 -195.769 24.86687 -248.4563
2.289799 2.224976 0.3041182 -209.6927 30.03481 -248.4563
2.289799 2.224976 0.3009443 -223.5629 35.21801 -248.4563
2.289799 2.224976 0.3666182 -230.6163 45.22565 -248.4563
2.289799 2.136414 0.3734541 -230.6163 55.77526 -248.4563
2.289799 1.907654 0.3761396 -230.6163 68.39359 -248.4563
2.289799 1.732606 0.3548994 -230.6163 80.67603 -248.4563
2.289799 1.531434 0.2645674 -230.6163 93.20274 -248.4563
2.289799 1.314637 0.2352705 -230.6163 108.2256 -248.4563
0.8845864 -0.278869 0.7543135 269.6508 -20.56824 251.8109
1.295719 0.6735235 -0.2022295 269.6508 -10.56061 251.8109
1.319645 0.7304083 -0.2605791 264.0707 -17.66748 251.8109
1.353581 0.8478399 -0.2605791 244.544 -25.65985 251.8109
1.405338 0.882752 -0.2605791 230.3837 -33.24 251.8109
1.439762 0.934754 -0.2605791 212.0478 -38.88122 251.8109
1.418034 1.065858 -0.2317705 190.6509 -51.52244 251.8109
1.566227 1.035096 -0.2166338 190.2616 -55.91939 251.8109
1.632877 1.131775 -0.1416826 183.5898 -62.56061 251.8109
1.83112 1.046082 -0.09993458 195.1623 -71.0797 251.8109
2.097965 1.036805 -0.149251 212.8646 -82.36977 251.8109
1.936833 1.32367 0.03800488 213.8722 -82.45374 251.8109
2.211491 1.322693 -0.02791309 233.8264 -91.07207 251.8109
2.262028 1.466492 0.1561689 255.399 -91.36214 251.8109
2.289799 1.564149 0.1434736 260.9104 -91.06442 251.8109
2.289799 1.655457 0.1224775 269.6508 -97.3087 251.8109
2.289799 2.023865 0.1256514 269.6508 -110.2858 251.8109
2.289799 2.224976 0.01969433 246.1852 -88.15604 251.8109
2.289799 2.224976 0.1356611 268.5669 -83.68275 251.8109
2.289799 2.224976 0.145915 256.0936 -68.82015 251.8109
2.277653 2.224976 0.02506542 244.7883 -61.06443 251.8109
2.050602 2.224976 -0.08577442 213.0478 -60.31634 251.8109
1.917057 2.224976 -0.1560869 177.7501 -60.90412 251.8109
1.872379 2.224976 -0.161458 160.002 -68.90412 251.8109
1.5257 2.224976 -0.121419 119.2234 -74.02626 251.8109
1.541569 2.224976 0.04508495 100.1241 -66.72092 251.8109
1.57111 2.224976 0.03434277 85.04016 -58.20947 220.7575
1.463932 2.224976 0.05314159 68.002 -62.22473 170.1239
1.399235 2.224976 0.1219893 48.01727 -65.25526 117.1773
1.32404 2.224976 0.2399092 23.40658 -66.90412 62.38342
1.345768 2.224976 0.3588057 11.10124 -69.68275 0.7574656
1.368961 2.224976 0.4105635 -23.89876 -63.25527 -56.76162
1.533268 2.224976 0.4344893 -55.59342 -65.11023 -118.1891
1.635563 2.224976 0.5128584 -71.66212 -62.36977 -185.2578
1.735661 2.224976 0.5846357 -91.64685 -57.03389 -245.6471
1.921208 2.224976 0.6166182 -86.28807 -49.08733 -248.4563
2.138248 2.224976 0.4921064 -104.0133 -44.1713 -248.4563
2.272282 2.224976 0.4259443 -120.9751 -41.40031 -248.4563
2.289799 2.224976 0.3839521 -138.4331 -39.1026 -248.4563
2.289799 2.224976 0.413249 -151.4942 -35.05679 -248.4563
2.289799 2.224976 0.4347334 -166.1201 -31.2858 -248.4563
2.289799 2.224976 0.472331 -176.9293 -27.16367 -248.4563
2.289799 2.224976 0.479167 -186.914 -22.66748 -248.4563
2.289799 2.224976 0.526042 -208.456 -16.68275 -248.4563
2.289799 2.153016 0.5958662 -218.6316 -7.873589 -248.4563
2.289799 1.879578 0.618083 -229.9598 2.889771 -248.4563
2.289799 1.674256 0.5997725 -230.6163 11.7829 -248.4563
2.289799 1.458191 0.614665 -230.6163 24.6684 -248.4563
2.289799 1.267029 0.5882978 -230.6163 39.05771 -248.4563
2.289799 1.097108 0.5431318 -230.6163 53.63023 -248.4563
2.289799 1.026551 0.5384932 -230.6163 73.33252 -248.4563
2.289799 0.8632208 0.4730635 -230.6163 84.5997 -248.4563
2.289799 0.6486212 0.3912764 -230.6163 114.9203 -248.4563
2.289799 0.4186407 0.3592939 -230.6163 140.3401 -248.4563
2.289799 0.2145392 0.2052412 -230.6163 172.2562 -248.4563
2.289799 -1.171935 -0.2605791 -230.6163 231.0959 -248.4563
2.289799 -1.130432 -0.2605791 -230.6163 231.0959 -248.4563
2.289799 -1.55841 -0.2605791 -230.6163 231.0959 -248.4563
2.289799 -1.774963 -0.2605791 -230.6163 231.0959 -248.4563
2.289799 -1.774963 -0.2605791 -230.6163 231.0959 -248.4563
2.289799 -1.774963 -0.2605791 -230.6163 231.0959 -248.4563
2.289799 -1.774963 -0.2605791 -230.6163 231.0959 -248.4563
2.289799 -1.774963 -0.2605791 -230.6163 231.0959 -248.4563
1.293766 -1.774963 -0.2605791 -230.6163 231.0959 -248.4563
0.9790689 -1.774963 -0.2605791 -230.6163 231.0959 -248.4563
0.1414224 -1.774963 -0.2605791 -230.6163 231.0959 -248.4563
0.1382485 -1.774963 -0.2605791 -230.6163 175.9737 -248.4563
-0.2731284 -1.774963 -0.2605791 -164.3339 83.8287 -188.8303
-0.9520835 -1.774963 -0.2605791 -100.8911 -4.2171 -116.6624
-1.48016 -1.774963 -0.2605791 -49.12014 -82.59114 -48.71582
-1.541683 -1.774963 -0.2605791 -42.66975 -135.843 11.81853
-1.308529 -1.774963 -0.2605791 -17.00563 -182.6369 48.80327
-0.876644 -1.774963 -0.2605791 1.490549 -211.3316 72.06281
-0.7404136 -1.774963 -0.2605791 31.002 -252.9652 91.64296
-0.4506186 -1.774963 -0.2605791 59.61269 -269.1713 115.9636
-0.08562842 -1.774963 -0.2605791 99.03253 -269.1713 138.5819
0.538395 -1.774963 -0.2605791 141.3608 -269.1713 164.0934
0.6951333 -1.774963 0.09098339 160.2157 -269.1713 192.6201
1.031315 -1.774963 0.4037275 194.7348 -269.1713 207.5743
1.001042 -1.774963 0.6637373 226.9257 -269.1713 229.6124
1.078922 -1.774963 0.862956 243.6814 -269.1713 251.8109
1.116032 -1.774963 1.147868 265.9791 -269.1713 251.8109
1.144596 -1.573059 1.323405 269.6508 -257.4919 251.8109
1.208805 -1.406066 1.402019 269.6508 -237.6827 251.8109
1.222965 -1.117492 1.434978 269.6508 -214.1789 251.8109
1.211002 -0.9270624 1.465739 269.6508 -195.4843 251.8109
1.181706 -0.8538202 1.50236 269.6508 -174.7438 251.8109
1.194889 -0.7515253 1.465495 269.6508 -150.9652 251.8109
1.20026 -0.6023554 1.385905 269.6508 -135.6904 251.8109
1.155338 -0.4956659 1.349528 269.6508 -121.0339 251.8109
1.159489 -0.4146112 1.268718 269.6508 -100.3011 251.8109
1.87067 2.224976 -0.2605791 96.66612 -56.25527 251.8109
2.289799 2.224976 0.6871748 -184.7079 -47.40031 -248.4563
2.289799 2.224976 0.7142744 -201.227 -37.94992 -248.4563
2.289799 2.224976 0.7186689 -219.6163 -26.43847 -248.4563
2.289799 2.043153 0.7457685 -230.6163 -14.39267 -248.4563
2.289799 1.819275 0.722331 -230.6163 1.65313 -248.4563
2.289799 1.639832 0.762126 -230.6163 20.33252 -248.4563
