1.366276 2.224976 1.428386 173.5898 -165.2247 146.0323
1.301579 2.224976 1.465495 179.9257 -158.1866 121.3071
1.461002 2.224976 1.597575 172.3073 -142.4003 101.9483
1.483463 2.224976 1.638591 175.3608 -128.1637 79.54372
1.435368 2.224976 1.671062 156.4218 -116.2476 65.28419
1.41779 2.224976 1.660075 144.3073 -107.2858 48.44449
1.374577 2.224976 1.717692 126.2463 -101.5072 42.93304
1.176335 2.224976 1.704509 106.9409 -94.20947 6.719297
1.226627 2.224976 1.924235 76.07834 -78.04153 -14.31124
1.357975 2.224976 1.809978 51.85696 -60.38504 -42.17383
1.425602 2.224976 1.702556 30.85696 -47.75909 -69.10513
1.441715 2.224976 1.696208 15.28444 -41.75909 -97.47918
1.425358 2.224976 1.688151 -5.807161 -31.22473 -126.6853
1.353336 2.224976 1.725261 -11.34151 -23.02626 -156.357
1.380436 2.224976 1.680827 -15.1125 -17.97282 -188.8837
1.362614 2.224976 1.798747 -21.79189 -6.804886 -218.6395
1.431217 2.224976 1.789714 -32.8835 7.263817 -248.4028
1.429752 2.224976 1.768474 -37.79189 19.54626 -248.4563
1.443668 2.224976 1.707927 -43.52472 28.05008 -248.4563
1.517887 2.224976 1.692058 -58.9522 40.17221 -248.4563
1.629948 2.224976 1.609782 -78.82243 50.92794 -248.4563
1.691959 2.224976 1.531413 -100.4713 65.02718 -248.4563
1.710026 2.224976 1.448649 -111.4865 75.46992 -248.4563
1.743473 2.224976 1.35197 -128.9598 85.62259 -248.4563
1.856754 2.224976 1.268718 -140.3186 94.66077 -248.4563
1.95612 2.224976 1.235026 -152.769 109.7905 -248.4563
2.11359 2.145447 1.115397 -162.2423 124.8898 -248.4563
2.216373 1.949158 0.989665 -166.2804 135.302 -248.4563
2.289799 1.703309 0.7965498 -178.2423 146.1417 -248.4563
2.289799 1.408631 0.7054853 -183.9217 159.4318 -248.4563
2.289799 1.169617 0.5636396 -191.3186 173.4623 -248.4563
2.289799 0.9555059 0.5458174 -197.1507 185.531 -248.4563
2.289799 0.8212286 0.3895674 -218.4713 196.1951 -248.4563
2.289799 0.6076056 0.3612471 -230.6163 220.3478 -248.4563
2.289799 0.6320196 0.2486982 -230.6163 231.0959 -248.4563
2.289799 0.2130744 -0.225667 -230.6163 231.0959 -248.4563
2.283268 0.184754 0.06803417 -230.6163 231.0959 -248.4563
2.289799 -0.2412714 -0.2605791 -230.6163 231.0959 -248.4563
2.289799 -0.09332214 -0.1038408 -230.6163 231.0959 -248.4563
2.289799 -0.3389276 -0.2605791 -230.6163 231.0959 -248.4563
2.289799 -0.5012812 -0.2605791 -230.6163 231.0959 -248.4563
2.289799 -0.7864374 -0.2605791 -230.6163 231.0959 -248.4563
2.289799 -0.9998163 -0.2605791 -230.6163 231.0959 -248.4563
2.289799 -1.560607 -0.2605791 -230.6163 231.0959 -248.4563
2.289799 -1.774963 -0.2605791 -230.6163 231.0959 -248.4563
2.289799 -1.774963 -0.2605791 -230.6163 231.0959 -248.4563
2.289799 -1.774963 -0.2605791 -230.6163 231.0959 -248.4563
1.266422 -1.774963 -0.2605791 -230.6163 231.0959 -248.4563
0.5989419 -1.774963 -0.2605791 -171.3415 231.0959 -248.4563
0.004947752 -1.774963 -0.2605791 -28.87586 195.9127 -248.4563
-0.05291358 -1.774963 -0.2605791 55.16994 83.37833 -248.4563
-0.3954429 -1.774963 -0.2605791 120.9867 9.614962 -248.4563
-0.928646 -1.774963 -0.2605791 152.7577 -65.66748 -209.5708
-1.225765 -1.774963 -0.2605791 151.5745 -107.614 -162.6318
-1.131039 -1.774963 -0.2605791 133.6661 -136.2934 -119.754
-1.058773 -1.774963 -0.2605791 100.2386 -163.4079 -71.50208
-0.5082358 -1.774963 -0.2605791 76.002 -175.3927 -27.33414
-0.5402183 -1.774963 -0.2605791 71.87987 -208.469 10.91014
-0.2614097 -1.774963 -0.2605791 64.05544 -213.4461 50.62006
0.07184228 -1.774963 -0.2605791 74.002 -223.6522 86.09335
0.2783853 -1.774963 0.1434736 63.33025 -217.6827 128.0857
0.4863931 -1.774963 0.446208 57.63559 -209.0797 162.6582
0.4710122 -1.774963 0.6092939 57.12414 -199.9346 193.6735
0.5486489 -1.774963 0.7589521 52.38368 -194.3698 223.704
1.283756 1.586121 0.2286787 152.4677 -105.5301 251.8109
1.565739 2.217469 0.5079756 84.74246 -200.2247 251.8109
1.653141 2.224976 0.6420088 75.03253 -213.927 251.8109
1.798405 2.221619 0.8185225 73.53635 -215.5606 251.8109
1.883122 2.224976 0.8553877 64.76536 -207.4843 251.8109
1.877018 2.224976 1.045817 70.84933 -206.6827 251.8109
1.858219 2.224976 1.176677 74.002 -206.9728 251.8109
1.904362 2.224976 1.246257 84.36841 -205.7285 247.9025
1.93317 2.224976 1.396159 98.35315 -202.927 245.0323
1.926334 2.224976 1.450847 128.147 -206.3087 251.3682
1.861881 2.224976 1.516276 130.8035 -181.7972 219.3682
1.857243 2.224976 1.58903 141.0249 -168.5301 198.4674
1.940739 2.224976 1.636882 136.2844 -161.3545 188.0857
1.988346 2.224976 1.586345 144.8875 -147.0415 157.7651
1.812809 2.224976 1.718669 146.4524 -131.0339 130.2689
2.031071 2.224976 1.492839 121.086 -111.9652 105.1697
1.892643 2.224976 1.579265 93.9104 -106.1255 80.52082
1.872868 2.224976 1.649821 70.20811 -92.3087 51.47502
1.854313 2.224976 1.778972 35.58979 -79.80489 19.37579
1.833805 2.224976 1.876384 12.96383 -58.53008 -18.90666
1.782047 2.224976 1.99113 -12.60869 -40.0797 -56.69292
1.721745 2.224976 1.994304 -31.9751 -23.02626 -96.44101
1.794254 2.224976 2.105632 -50.26518 -11.97283 -134.5937
1.784489 2.224976 2.141276 -60.49418 14.37069 -174.7845
1.790836 2.224976 2.086345 -72.25754 30.97374 -215.7769
1.846989 2.224976 2.132487 -95.2041 43.8287 -248.4563
1.859684 2.224976 2.136638 -106.9751 62.63023 -248.4563
1.918034 2.224976 2.091472 -115.6774 77.79817 -248.4563
2.065495 2.224976 2.085612 -120.2423 96.21039 -248.4563
2.269108 2.224976 2.063884 -124.9217 117.4241 -248.4563
2.289799 2.224976 1.951579 -119.7308 137.2409 -248.4563
2.289799 2.224976 1.809978 -112.1812 154.4852 -248.4563
2.289799 2.224976 1.602946 -112.998 167.9737 -248.4563
2.289799 2.224976 1.423503 -117.2041 180.1417 -248.4563
2.289799 2.158631 1.330241 -124.6392 193.5386 -248.4563
2.289799 2.017274 1.245036 -134.5705 203.9508 -248.4563
2.289799 1.783631 1.13444 -145.4865 221.1493 -248.4563
2.289799 1.632264 1.092448 -159.2423 231.0959 -248.4563
2.289799 1.455262 0.9657393 -171.1888 231.0959 -248.4563
2.289799 1.318299 0.8771162 -184.7766 231.0959 -248.4563
2.289799 1.163758 0.7213545 -200.0362 231.0959 -248.4563
2.289799 1.03241 0.5731611 -218.6927 231.0959 -248.4563
2.289799 0.8461309 0.4342451 -230.6163 231.0959 -248.4563
2.289799 0.7453009 0.253581 -230.6163 231.0959 -248.4563
2.289799 0.6215216 0.1070967 -230.6163 231.0959 -248.4563
2.289799 0.5372931 -0.194417 -230.6163 231.0959 -248.4563
2.289799 0.2162482 -0.2605791 -230.6163 231.0959 -248.4563
2.289799 0.02874817 -0.2605791 -230.6163 231.0959 -248.4563
2.289799 -0.1799921 -0.2605791 -230.6163 231.0959 -248.4563
2.289799 -0.3630975 -0.2605791 -230.6163 231.0959 -248.4563
2.289799 -0.6655878 -0.2605791 -230.6163 231.0959 -248.4563
2.289799 -0.9270624 -0.2605791 -230.6163 231.0959 -248.4563
2.289799 -1.080871 -0.2605791 -230.6163 231.0959 -248.4563
2.289799 -1.107726 -0.2605791 -230.6163 231.0959 -248.4563
2.289799 -1.618225 -0.2605791 -230.6163 231.0959 -248.4563
2.289799 -1.774963 -0.2605791 -230.6163 231.0959 -248.4563
2.088932 -1.774963 -0.2605791 -230.6163 231.0959 -248.4563
1.16779 -1.774963 -0.2605791 -230.6163 231.0959 -248.4563
0.5750161 -1.774963 -0.2605791 -230.6163 231.0959 -248.4563
-0.3339194 -1.774963 -0.2605791 -230.6163 231.0959 -248.4563
-0.5714683 -1.774963 -0.2605791 -98.70792 123.4394 -218.5555
-1.088802 -1.774963 -0.2605791 -48.05143 10.76 -153.2731
-1.443783 -1.774963 -0.2605791 -3.601053 -48.85069 -101.1051
-1.71014 -1.774963 -0.2605791 -23.65449 -92.88885 -43.75399
-1.624203 -1.774963 -0.2605791 28.00963 -120.9423 -44.73872
-1.231869 -1.774963 -0.2605791 32.59742 -184.0797 -21.58605
-1.132992 -1.774963 -0.2605791 33.67376 -204.8201 4.398687
-0.8329429 -1.774963 -0.2605791 84.0249 -227.9728 10.15441
-0.4650229 -1.774963 -0.2605791 124.4066 -269.1713 27.29945
-0.07610693 -1.774963 -0.2605791 145.0554 -269.1713 48.08571
0.1301919 -1.774963 -0.2605791 166.857 -269.1713 72.9483
0.4026528 -1.774963 -0.2605791 193.4829 -269.1713 88.6506
0.4378091 -1.774963 -0.1746416 205.0936 -269.1713 113.0094
0.5408364 -1.774963 0.08390331 224.0783 -269.1713 136.8796
0.6250649 -1.774963 0.371501 243.6432 -269.1713 149.6735
0.7180825 -1.549621 0.7025557 248.8875 -269.1713 171.2689
0.7669106 -1.455871 0.8436689 262.4753 -269.1713 183.7269
0.7874185 -1.275451 1.028728 269.2921 -268.1866 197.3758
0.7844888 -0.9917597 1.123698 255.6203 -250.2018 216.9712
0.7525064 -0.940246 1.198894 269.6508 -238.2324 221.788
0.7627603 -0.764953 1.258708 269.6508 -228.4843 228.3376
0.8518716 -0.7837519 1.224528 264.7425 -194.4461 246.2766
0.7268716 -0.6445917 1.05656 250.9562 -185.7896 251.8109
0.7036782 -0.5376581 1.014323 249.9486 -183.5301 251.8109
0.7339517 -0.4497675 1.027263 241.0402 -172.7896 251.8109
0.7595864 -0.4421991 1.019938 232.9486 -162.324 251.8109
