2.289799 1.308777 0.2645674 -219.0056 220.3249 -248.4563
2.289799 1.066834 -0.06624317 -223.4255 227.5692 -248.4563
2.289799 0.9843145 -0.2078447 -230.6163 231.0959 -248.4563
2.289799 0.7621466 -0.194417 -230.6163 231.0959 -248.4563
2.289799 0.4762579 -0.2605791 -230.6163 231.0959 -248.4563
2.289799 0.1271368 -0.2605791 -230.6163 231.0959 -248.4563
2.289799 -0.09991394 -0.2605791 -230.6163 231.0959 -248.4563
2.289799 -0.3435663 -0.2605791 -230.6163 231.0959 -248.4563
2.289799 -0.5435175 -0.2605791 -230.6163 231.0959 -248.4563
2.289799 -0.7835077 -0.2605791 -230.2117 231.0959 -248.4563
2.289799 -0.9187616 -0.2605791 -207.9675 231.0959 -248.4563
2.289799 -1.122863 -0.2605791 -195.5094 228.8211 -248.4563
2.289799 -1.333068 -0.2605791 -193.6774 223.8363 -248.4563
2.264713 -1.571594 -0.2605791 -214.9904 217.1188 -248.4563
1.899967 -1.774963 -0.2605791 -223.0591 208.9127 -248.4563
1.59235 -1.774963 -0.2605791 -230.6163 167.6226 -248.4563
1.118961 -1.774963 -0.2605791 -230.6163 141.7829 -248.4563
0.7578774 -1.774963 -0.2605791 -230.6163 127.1646 -248.4563
0.442936 -1.774963 -0.2605791 -230.6163 98.38596 -248.4563
0.1475259 -1.774963 -0.2605791 -230.6163 70.74474 -248.4563
-0.1784019 -1.774963 -0.2605791 -230.6163 20.63786 -248.4563
-0.5094565 -1.774963 -0.2605791 -230.6163 -27.49954 -248.4563
-0.6066245 -1.774963 -0.2605791 -230.6163 -59.32397 -248.4563
0.1367837 -1.774963 -0.2605791 -230.6163 -82.46138 -248.4563
-0.4691733 -1.774963 -0.2605791 -230.6163 -109.5682 -248.4563
-0.6591147 -1.774963 -0.2605791 -230.6163 -140.9041 -223.5479
0.2324868 -0.1580194 0.824626 183.2081 -176.9576 250.3224
1.332096 0.4594122 1.399089 195.4447 -153.0034 251.8109
1.447086 0.342713 1.361247 206.6967 -153.8965 251.8109
1.540836 0.3641974 1.335124 210.9791 -153.782 251.8109
1.606754 0.4315802 1.346354 222.0631 -151.2858 251.8109
1.704167 0.4445196 1.316569 237.7119 -149.7514 251.8109
1.847721 0.4974981 1.258708 262.1012 -147.2782 251.8109
1.914616 0.6398321 1.356608 269.6508 -149.9194 251.8109
2.085026 0.7970587 1.402507 269.6508 -152.5224 251.8109
2.0257 0.8927618 1.500896 269.6508 -137.9728 251.8109
2.2132 1.416688 1.515544 269.6508 -96.62932 251.8109
2.289799 1.695252 1.477214 269.6508 -70.59114 251.8109
2.289799 1.837342 1.139812 269.6508 -52.85069 251.8109
2.269596 2.175965 1.142009 269.6508 -22.30107 251.8109
2.289799 2.224976 0.8434248 269.6508 11.08061 251.8109
2.289799 2.224976 0.670085 269.6508 20.39359 251.8109
2.289799 2.224976 0.493083 269.6508 28.52336 251.8109
2.289799 2.224976 0.5926924 269.6508 36.7371 251.8109
2.289799 2.224976 0.2599287 269.6508 96.45465 251.8109
2.289799 2.224976 -0.2605791 269.6508 141.302 251.8109
2.118717 2.224976 -0.2605791 181.5058 109.3707 239.246
2.006168 2.224976 -0.2605791 187.1394 91.00427 190.7804
1.855534 2.224976 0.364665 97.58978 115.0195 148.6888
1.537418 2.224976 0.4069014 88.16994 142.8287 83.01701
1.261784 2.224976 0.5802412 87.44475 138.7447 7.368153
1.057926 2.224976 0.7877607 61.46765 149.1951 -71.0975
0.3853189 2.224976 0.5983076 -7.265175 168.7524 -120.1051
0.8413735 2.224976 0.3094893 1.253908 164.1417 -186.9448
0.9024087 2.224976 0.1898603 -16.48655 150.5921 -248.4563
0.9182778 2.224976 -0.1399736 -49.28807 148.8592 -248.4563
1.121891 2.224976 0.07218456 -24.36441 123.6226 -248.4563
1.264469 2.224976 -0.2605791 -55.47128 125.1188 -248.4563
1.383122 2.224976 -0.2605791 -164.3568 116.0959 -248.4563
1.61237 2.224976 -0.2605791 -163.7461 103.6837 -248.4563
1.982975 2.224976 -0.2605791 -138.7995 99.42412 -248.4563
2.142155 2.224976 -0.2605791 -142.4408 88.10352 -248.4563
2.179752 2.224976 -0.2605791 -159.0743 81.17984 -248.4563
2.226139 1.767518 -0.2605791 -164.4255 70.97374 -248.4563
2.289799 1.419129 -0.2605791 -180.853 69.08824 -248.4563
2.289799 1.040223 -0.2605791 -190.9446 58.96611 -248.4563
2.289799 0.7597052 -0.2605791 -201.9675 43.33252 -248.4563
2.289799 0.585877 -0.2605791 -204.4331 38.43939 -248.4563
2.289799 0.3663946 -0.2605791 -208.7843 41.8287 -248.4563
2.289799 0.05218567 -0.2605791 -204.3033 34.14168 -248.4563
2.289799 -0.1455682 -0.2605791 -205.227 20.98901 -248.4563
2.289799 -0.4053339 -0.2605791 -204.8988 17.46992 -248.4563
2.289799 -0.8330683 -0.2605791 -210.7384 11.51572 -248.4563
2.289799 -1.217101 -0.2605791 -211.1278 5.790533 -248.4563
2.289799 -1.594055 -0.2605791 -191.9217 -3.888855 -248.4563
2.289799 -1.774963 -0.2605791 -181.6774 -31.93466 -248.4563
2.289799 -1.774963 -0.2605791 -181.5171 -39.1484 -248.4563
2.289799 -1.774963 -0.2605791 -213.9598 -54.2171 -248.4563
2.289799 -1.774963 -0.2605791 -202.4102 -95.78961 -248.4563
2.289799 -1.774963 -0.2605791 -230.6163 -110.9499 -248.4563
2.058903 -1.774963 -0.2605791 -230.6163 -144.8812 -248.4563
1.114323 -1.774963 -0.2605791 -230.6163 -131.9499 -248.4563
1.112614 -1.774963 -0.2605791 -230.6163 -147.5301 -248.4563
0.5340005 -1.774963 -0.2605791 -230.6163 -171.4614 -248.4563
-0.3702964 -1.774963 -0.2605791 -230.6163 -192.6293 -248.4563
-0.8204917 -1.774963 0.274333 -230.6163 -201.2476 -248.4563
0.5589028 -1.774963 -0.03548145 -230.6163 -140.2018 -248.4563
0.9546548 -1.774963 -0.1409502 -230.6163 -143.2018 -217.67
0.8181802 -1.774963 -0.2605791 -230.6163 -139.5988 -170.67
0.552311 -1.774963 -0.005940437 -230.6163 -141.2934 -144.441
0.3721353 -1.774963 0.3356123 -230.6163 -140.1789 -135.8685
0.1331216 -1.774963 0.5768232 -203.9217 -131.1789 -95.19673
-0.06634131 -1.774963 0.6976728 -143.5705 -122.4537 -50.89139
-0.1913413 -1.774963 0.7870283 -114.9064 -116.4766 -1.42574
-0.2650718 -1.774963 0.9430342 -61.48655 -114.5377 23.68113
-0.3090171 -1.774963 1.006267 -1.288076 -107.8049 53.05518
-0.300228 -1.774963 1.001384 64.36078 -102.4461 84.55136
-0.2721519 -1.774963 0.8724775 70.89513 -103.5148 120.8185
-0.2338218 -1.774963 0.8522139 81.97147 -96.46901 159.1239
-0.1312827 -1.774963 0.8097334 105.6585 -97.65985 180.5743
-0.1124839 -1.774963 0.7677412 114.8264 -95.95757 207.4827
-0.038021 -1.774963 0.7208662 127.3455 -96.76672 228.1391
-0.004085451 -1.774963 0.6984053 136.9791 -95.76672 244.1315
0.06183252 -1.665344 0.6039228 145.628 -99.75908 251.8109
0.06866846 -1.513244 0.6088057 161.4753 -104.0797 251.8109
0.1843911 -1.272033 0.581706 180.5592 -107.7591 251.8109
0.2173501 -1.067687 0.6339521 191.399 -109.3316 251.8109
0.2324868 -0.8372187 0.638835 197.5516 -109.4385 251.8109
0.2339517 -0.6318964 0.59904 207.5592 -116.2553 251.8109
0.1953774 -0.459289 0.5802412 208.4753 -116.3927 251.8109
0.1433755 -0.3416132 0.5233564 219.3455 -124.7133 251.8109
0.2131997 -0.2925409 0.4762373 218.7119 -128.3469 251.8109
0.2517739 -0.2769159 0.5113935 222.0631 -134.7896 251.8109
0.3120767 -0.3713983 0.5858564 229.3761 -135.1026 251.8109
0.3186685 -0.3611444 0.5585127 235.3455 -138.2095 251.8109
1.90192 2.224976 1.75822 30.58979 -175.8278 48.7193
1.984928 0.4122931 -0.09749317 -230.6163 121.844 -248.4563
2.088932 0.309754 -0.2427568 -230.6163 124.6913 -248.4563
2.128483 0.2313849 -0.2605791 -230.6163 119.9127 -248.4563
2.256168 0.03509583 -0.2605791 -230.6163 120.447 -248.4563
2.217594 -0.08917175 -0.2605791 -230.6163 114.1951 -248.4563
2.263493 -0.3875116 -0.2605791 -230.6163 113.1646 -248.4563
2.169498 -0.5698847 -0.2605791 -230.6163 106.4547 -248.4563
2.224918 -0.9834589 -0.2605791 -230.6163 105.844 -248.4563
2.168034 -1.091369 -0.2605791 -230.6163 101.615 -248.4563
2.019352 -1.268371 -0.2605791 -230.6163 102.9585 -248.4563
1.518864 -1.65509 -0.2605791 -230.6163 107.9966 -248.4563
1.700993 -1.53131 -0.2605791 -230.6163 78.15695 -248.4563
1.60236 -1.774963 -0.2605791 -230.6163 79.28671 -248.4563
1.351872 -1.774963 -0.2605791 -230.6163 65.8058 -248.4563
1.257633 -1.774963 -0.2605791 -230.6163 62.98901 -248.4563
1.387272 -1.774963 -0.2605791 -230.6163 63.97374 -248.4563
1.303532 -1.774963 -0.2605791 -230.6163 42.67603 -248.4563
1.381168 -1.774963 -0.2605791 -230.6163 28.26382 -248.4563
1.295231 -1.774963 -0.2605791 -230.6163 38.51572 -248.4563
0.9888345 -1.774963 -0.2605791 -230.6163 -24.94229 -248.4563
1.212956 -1.774963 -0.2605791 -230.6163 -52.47664 -248.4563
0.3286782 -1.774963 -0.2605791 -230.6163 -38.58351 -248.4563
0.2844888 -1.774963 -0.2605791 -230.6163 -51.78962 -248.4563
0.4588052 -1.774963 -0.2605791 -230.6163 -123.9576 -241.7234
0.927311 -1.774963 -0.2605791 -230.6163 -124.095 -169.0975
0.8848306 -1.774963 -0.2605791 -230.6163 -119.9652 -123.0364
0.5344888 -1.774963 -0.2605791 -230.6163 -114.5301 -119.8761
0.07745752 -1.774963 -0.2605791 -230.6163 -135.3545 -68.36467
-0.25848 -1.774963 0.03361034 -230.6163 -119.8965 -93.47918
-0.2714194 -1.774963 -0.03841114 -230.6163 -124.0568 -70.80742
-0.2716636 -1.774963 0.1669111 -230.6163 -120.4461 -44.44864
-0.4601401 -1.774963 0.25529 -230.6163 -126.2171 -20.89139
-0.4462241 -1.774963 0.1925459 -211.311 -127.8736 7.742198
-0.2125815 -1.774963 0.09830761 -165.1125 -130.8049 29.72693
