0.7307363 -1.032545 -0.06165135 -35.62079 24.96321 31.07795
0.7380605 -1.002516 -0.06165135 -35.27728 16.18458 37.223
0.7453847 -0.9990982 -0.06165135 -34.00247 4.963206 43.21536
0.7780996 -0.9495377 -0.06165135 -34.49102 -3.357405 48.81078
0.7802969 -0.9458755 -0.06165135 -32.52919 -13.86122 53.68864
0.8000723 -0.9365982 -0.06165135 -32.55972 -22.06733 58.65811
0.818627 -0.9368423 -0.06165135 -30.52156 -31.45664 62.57414
0.8569571 -0.9141373 -0.06165135 -30.48339 -38.1055 66.63521
0.860375 -0.9261002 -0.06165135 -28.8269 -44.60931 70.18483
0.8528067 -0.9903091 -0.06165135 -24.20094 -50.51771 72.76498
0.8347403 -1.023268 -0.06165135 -19.53682 -56.81542 74.6123
0.8008047 -1.08528 -0.06165135 -16.86507 -63.47954 79.02452
0.7851797 -1.147536 -0.06165135 -18.08644 -69.61695 85.6123
0.7505117 -1.209059 -0.06165135 -19.94904 -77.63222 93.35277
0.7236562 -1.249586 -0.06165135 -22.46812 -88.18183 101.4902
0.6921621 -1.320631 -0.06165135 -26.63606 -98.22 110.8108
0.6767812 -1.367751 -0.06165135 -28.46812 -110.5864 118.4902
0.6775136 -1.428053 -0.06165135 -30.09408 -120.1666 127.6886
0.6806875 -1.487868 -0.06165135 -32.44522 -128.7925 137.6276
0.6684804 -1.523268 -0.06165135 -36.46812 -138.3956 149.4062
0.6648183 -1.526442 -0.06165135 -44.21621 -149.3727 162.9787
0.6701894 -1.567458 -0.06165135 -53.01774 -161.5253 176.9863
0.6828847 -1.395094 -0.06165135 -72.36888 -174.7467 196.7497
0.737084 -1.550856 -0.06165135 -91.32308 -181.1666 198.7192
0.674584 -1.607985 -0.06165135 -99.81163 -191.0215 193.9176
0.8254629 -1.752516 -0.06165135 -84.37652 -202.4185 218.1237
0.7661367 -1.794508 -0.06165135 -68.18568 -212.3192 222.7573
0.832543 -1.705153 -0.06165135 -60.07117 -222.3116 231.5741
0.8459707 -1.737868 -0.06165135 -60.04827 -231.3269 240.9024
0.8960196 -1.768629 -0.06165135 -59.05591 -238.9681 251.6963
0.9509512 -1.778639 -0.06165135 -59.59789 -246.8918 251.6963
0.9809805 -1.795973 -0.06165135 -61.91087 -254.2429 251.6963
1.047875 -1.802321 -0.06165135 -63.76583 -254.2429 251.6963
1.123314 -1.77986 -0.06165135 -64.71239 -254.2429 251.6963
1.191186 -1.72151 -0.06165135 -66.15514 -254.2429 251.6963
1.264184 -1.678786 -0.06165135 -66.83453 -254.2429 251.6963
1.349145 -1.630202 -0.03235447 -67.30782 -254.2429 251.6963
1.458275 -1.485426 0.08434475 -69.24675 -254.2429 251.6963
1.539818 -1.371901 0.1973819 -69.58263 -254.2429 251.6963
1.641381 -1.29402 0.2833194 -66.01011 -254.2429 251.6963
1.586938 -1.231276 0.3944033 -54.88797 -254.2429 251.6963
1.799096 -1.132643 0.4461612 -49.68186 -254.2429 251.6963
1.76516 -1.076979 0.5926455 -42.85743 -254.2429 251.6963
1.804955 -0.9741959 0.6429385 -38.14751 -254.2429 251.6963
1.809838 -0.9226822 0.6949405 -39.58263 -254.2429 251.6963
1.849877 -0.8894791 0.7266788 -35.28492 -254.2429 251.6963
1.859398 -0.8845963 0.787958 -28.26965 -254.2429 251.6963
1.922143 -0.8274673 0.866083 -20.84217 -254.2429 251.6963
1.929467 -0.7801041 0.9798526 -15.57499 -254.2429 251.6963
1.933617 -0.781813 1.037714 -5.773466 -254.2429 251.6963
1.939965 -0.7315201 1.097528 5.104397 -254.2429 251.6963
1.971215 -0.6839127 1.10119 17.1273 -254.2429 251.6963
1.979272 -0.6624283 1.130976 39.99753 -254.2429 251.6963
1.938256 -0.4453872 1.248896 50.85249 -254.2429 251.6963
1.959984 -0.2793716 1.301142 48.60822 -254.2429 251.6963
1.962914 -0.1975845 1.31164 55.63111 -254.2429 251.6963
1.922875 -0.1731704 1.373896 60.25707 -254.2429 251.6963
1.917748 0.05217138 1.519892 65.23417 -254.2429 251.6963
1.891381 0.3990952 1.645136 62.40974 -254.2429 251.6963
0.9883047 -1.279372 0.3128604 -114.0406 -241.6017 218.2841
1.206322 -1.12654 0.4349307 -103.2391 -254.2429 251.6963
1.247582 -1.080641 0.492792 -96.74293 -254.2429 251.6963
1.288109 -1.045485 0.5286807 -90.59789 -254.2429 251.6963
1.308373 -0.9822525 0.5850772 -86.62843 -254.2429 251.6963
1.319115 -0.9610123 0.6378116 -80.25438 -254.2429 251.6963
1.356225 -0.94319 0.7174014 -72.27728 -254.2429 251.6963
1.391137 -0.8819107 0.7779483 -62.46049 -254.2429 251.6963
1.544945 -0.7498306 0.7332705 -56.51392 -254.2429 251.6963
1.249047 -0.9187759 0.9720401 -42.42232 -254.2429 251.6963
1.454613 -0.6822037 0.9268741 -31.59026 -254.2429 251.6963
1.413109 -0.7093033 0.9280948 -23.92614 -254.2429 251.6963
1.339867 -0.651442 0.9837588 -18.64369 -254.2429 251.6963
1.356957 -0.578688 0.9891299 -15.90324 -254.2429 251.6963
1.384057 -0.4888443 0.9674014 -13.34598 -254.2429 251.6963
1.392113 -0.4466079 0.9395694 -12.9414 -254.2429 251.6963
1.388451 -0.3980239 0.9591006 -10.09408 -254.2429 251.6963
1.411889 -0.3570083 0.9603213 -4.979573 -254.2429 251.6963
1.391137 -0.2976821 1.032587 2.241802 -254.2429 251.6963
1.352318 -0.2058853 1.085077 12.2418 -254.2429 251.6963
1.38308 -0.06892237 1.137567 16.31814 -254.2429 251.6963
1.357689 -0.04597315 1.218866 21.21127 -254.2429 251.6963
1.403344 0.1801011 1.241327 28.57768 -254.2429 251.6963
1.386254 0.1234604 1.241327 35.18073 -254.2429 251.6963
1.428246 0.2277085 1.359247 46.89829 -254.2429 251.6963
1.33474 1.014818 1.696649 30.29524 -254.2429 251.6963
1.382348 0.3383042 1.389765 19.44028 -254.2429 251.6963
1.371117 0.5092026 1.603876 16.20363 -254.2429 248.9558
1.392602 0.6268784 1.682489 15.70745 -254.2429 247.1237
1.403344 0.6700912 1.92956 20.95936 -252.8841 245.9558
1.388207 0.6573959 2.085077 31.04333 -215.8002 228.2001
1.40432 0.6305405 2.16247 32.83722 -199.3192 226.681
1.333275 0.7941147 2.286737 30.73799 -162.7238 221.7344
1.101098 0.7028061 2.4779 14.36394 -159.0902 200.6657
1.084496 0.5038315 2.368525 13.97463 -144.7391 200.9558
0.9548574 0.520433 2.423212 40.34104 -141.5941 200.8642
0.9719473 0.5050522 2.486933 38.54715 -124.1437 201.3222
0.9255606 0.5043198 2.49206 48.97463 -99.62458 192.0627
0.9067617 0.6205307 2.475946 48.49371 -87.22 187.5665
0.7373281 0.5240952 2.482538 65.94409 -88.84595 181.2153
0.6914297 0.6967026 2.580927 79.14256 -92.54825 173.6352
0.5505605 0.9388901 2.58288 56.65401 -74.1055 139.7955
0.5903554 0.6779037 2.438837 51.87539 -80.45664 150.2459
0.573998 0.827562 2.258417 56.98226 -63.69328 141.8108
0.4926992 0.8907944 2.234735 56.79142 -55.22763 137.4978
0.4880605 0.9340073 2.140497 56.87539 -46.20473 132.9482
0.3745351 1.001878 2.067743 52.79905 -47.56351 126.139
0.3764883 1.057054 1.960321 45.99753 -41.44137 125.0016
0.3279043 1.069261 1.946649 42.08913 -35.67038 116.0169
0.3149648 1.164476 1.866571 39.09676 -22.23527 113.1925
0.2568594 1.204759 1.864374 36.41737 -16.93756 102.3909
0.2048574 1.253099 1.834589 31.27997 -14.73908 96.78788
0.2131582 1.265794 1.796747 26.44028 -9.868855 85.67338
0.1926504 1.26433 1.778437 22.44028 -4.494809 76.87185
0.1648184 1.24138 1.773798 20.65402 0.02427435 67.64284
0.1355215 1.175707 1.777948 21.99753 3.741832 57.11612
0.1184316 1.1093 1.764276 23.82195 6.680763 48.25353
0.1045156 1.033373 1.769403 26.1273 10.56626 40.21536
0.08034571 0.936937 1.744989 30.02806 14.11588 32.44437
0.1057363 0.8990952 1.743769 34.59295 17.36015 24.74971
0.1018301 0.8341537 1.721796 39.98226 22.38305 17.61994
0.0713125 0.7941147 1.718378 44.02806 26.40595 13.01688
0.05471094 0.7123276 1.689081 46.86776 32.59679 9.215359
0.006615236 0.6583725 1.670771 50.1731 37.21511 7.597038
0.01516016 0.6361557 1.622431 53.38684 42.9174 5.268794
-0.1745371 0.6180893 1.654169 58.60058 45.37542 1.566504
-0.1044688 0.6163803 1.446161 70.77615 30.32199 -0.25029
-0.03562109 0.6232162 1.40661 62.87539 28.26092 -2.013649
-0.03513281 0.7313705 1.273554 63.30287 44.15405 -1.509832
-0.2009043 0.6742416 1.243036 63.99753 52.76473 -11.02128
-0.2255625 0.7284409 1.077021 61.50898 45.21511 -13.21976
-0.2865977 0.7906967 1.083124 59.63111 31.78764 -14.54037
-0.2035898 0.8451401 1.042108 54.29524 26.11588 -13.5251
-0.2555918 0.8903061 0.951044 49.83722 28.06244 -13.10525
-0.2353281 0.9967514 0.9471377 42.60058 28.43649 -9.402962
-0.2270273 0.9403549 0.949335 40.70745 29.37542 -13.97548
-0.2441172 0.9855209 0.9266299 40.86012 28.13115 -25.51747
-0.2892832 0.9850327 0.900751 43.47844 22.30672 -28.78464
-0.3046641 0.9801498 0.9251651 49.1502 15.36015 -31.25793
-0.2416758 1.02971 0.8218936 52.66928 14.76473 -38.777
-0.2397227 1.058275 0.7640323 54.50898 17.47466 -51.41059
-0.249 1.080003 0.7366885 59.14257 19.8716 -60.95258
-0.2990489 1.119066 0.6807803 65.73798 15.51282 -71.85334
-0.3276133 1.204515 0.6085147 67.15783 11.33725 -71.76937
-0.3222422 1.18889 0.5667666 71.20364 0.9250379 -83.28846
-0.2800059 1.248705 0.5091495 73.49371 2.299084 -96.96784
-0.3119883 1.297533 0.5108584 75.82195 -3.067328 -97.67777
-0.3527598 1.309496 0.5159854 79.18837 -10.1971 -120.7617
-0.3276133 1.402025 0.5010928 75.3105 -17.32687 -119.6625
-0.2990489 1.490648 0.5269717 73.52425 -26.16656 -121.5709
-0.2341074 1.50847 0.5450381 69.60822 -33.3345 -128.9984
