0.3168486 -0.258023 0.4715898 23.38511 69.39767 -46.27751
0.3317412 -0.2782866 0.4903886 23.0645 68.54272 -48.04851
0.3576201 -0.2807281 0.5209062 19.38511 68.14577 -49.65919
0.3759307 -0.306607 0.5311601 19.82023 67.93966 -51.56759
0.400833 -0.3285796 0.5773027 19.09504 68.06944 -53.35385
0.4135283 -0.3376128 0.5921953 19.78206 69.1992 -55.12484
0.423294 -0.3693511 0.6222246 20.95763 70.80225 -56.8653
0.4333037 -0.3896148 0.6354082 22.67519 71.97783 -58.50652
0.447708 -0.4086577 0.6456621 25.05687 73.86333 -59.94927
0.4730987 -0.4193999 0.6564043 27.55305 76.22974 -61.9798
0.4772491 -0.4450347 0.6568925 33.29351 78.07706 -64.20118
0.4733428 -0.4584624 0.6388261 38.63702 80.61142 -66.65156
0.4591826 -0.4650542 0.6156328 43.36985 82.74883 -68.64393
0.4367217 -0.4787261 0.5841386 45.59885 84.77172 -69.78896
0.4120635 -0.485562 0.5528886 46.67519 86.65722 -71.08667
0.3957061 -0.4999663 0.4925859 46.41565 87.82516 -71.74316
0.3847197 -0.5092437 0.4366777 43.77443 88.19157 -71.49889
0.371292 -0.5160796 0.3771074 39.72863 88.51218 -71.05614
0.3708037 -0.5006988 0.3241289 30.46145 86.61142 -68.52942
0.3703154 -0.5175445 0.310457 26.14084 86.0847 -67.9569
0.3749541 -0.5475738 0.2909257 21.19427 85.64958 -66.67446
0.3717803 -0.572232 0.2450273 19.27061 83.93203 -66.22408
0.3727568 -0.5956695 0.2120683 18.69046 81.03889 -64.96454
0.3693389 -0.6061675 0.1935136 17.69046 78.42058 -64.11721
0.3671416 -0.6100738 0.1705644 18.25534 76.03889 -63.10194
0.3683623 -0.6142241 0.1376054 18.59122 73.13814 -61.96454
0.3910674 -0.6051909 0.1097734 17.54542 70.29844 -60.8653
0.3815459 -0.6095855 0.1285722 18.53015 67.68012 -60.10194
0.3527373 -0.5373199 0.06241012 18.46145 61.87096 -58.9569
0.357376 -0.5092437 0.07290816 17.54542 57.1076 -58.39201
0.3776397 -0.4670074 0.1009843 16.79733 55.17631 -58.92637
0.3881377 -0.4252593 0.121248 16.98054 52.17631 -59.85767
0.3986357 -0.3883941 0.1295488 17.47672 48.20684 -61.05614
0.4069366 -0.3510406 0.1612871 18.82023 45.54272 -63.27751
0.4179229 -0.3332183 0.1688554 19.8126 43.80989 -65.70499
0.4230498 -0.2958648 0.2062089 21.13321 41.71829 -68.51415
0.4384307 -0.2624175 0.2276933 21.27061 40.27554 -71.40729
0.4567412 -0.2362944 0.2503984 21.28588 39.33661 -74.62866
0.4750518 -0.2226226 0.2555254 21.17138 38.51982 -77.82713
0.5001983 -0.2065093 0.2662675 20.27061 38.13814 -81.04087
0.5302276 -0.192105 0.2672441 19.56832 38.16104 -84.69736
0.5009307 -0.1801421 0.2838457 20.9271 37.28318 -88.42255
0.5844268 -0.1838042 0.2660234 19.03397 39.37478 -89.934
0.5668487 -0.162564 0.2501543 27.68283 37.67249 -97.04851
0.558792 -0.122769 0.2189043 29.84313 36.39768 -102.476
0.5829619 -0.1154448 0.201082 32.76679 36.1534 -107.6516
0.6034698 -0.1059233 0.1578691 34.46908 34.93967 -112.3844
0.6144561 -0.09273975 0.1376054 34.70572 33.11524 -116.5142
0.6164092 -0.09347218 0.1207597 34.68282 31.23738 -120.1859
0.6147002 -0.06222217 0.0965898 34.41565 30.0618 -124.0714
0.6000518 -0.04293506 0.07705855 38.69046 27.72592 -129.4378
0.5539092 -0.06588428 0.0641191 44.95763 23.65722 -135.7355
0.5976104 0.009066895 0.02334762 48.77443 25.0389 -141.4454
0.5912627 0.02249463 -0.05062699 50.94236 18.89386 -148.0256
0.5868682 0.04202588 -0.07162309 51.74389 14.89386 -154.8958
0.5895537 0.01248486 -0.1326582 53.37748 11.48928 -161.0638
0.6012725 -0.01461475 -0.1734297 55.59122 5.626687 -166.7355
0.6049346 -0.02828662 -0.20175 56.95763 -0.1901069 -172.1248
0.6225127 -0.05733936 -0.2200606 58.55305 -5.564153 -177.4913
0.6278838 -0.09322803 -0.2481368 59.38511 -11.71682 -182.1859
0.6493682 -0.1513335 -0.2591231 58.78969 -18.22064 -186.4531
0.6862334 -0.2113921 -0.2459395 55.78206 -24.21301 -188.9645
0.7116241 -0.2629058 -0.248625 50.27824 -29.0298 -190.7661
0.7450713 -0.2773101 -0.2093184 42.93473 -33.93056 -192.9493
0.7790069 -0.346646 -0.1944258 33.75153 -36.26644 -193.56
0.8136748 -0.4567534 -0.1683028 22.75153 -39.1214 -191.5218
0.8551787 -0.629605 -0.147795 -6.912596 -47.79316 -182.8195
0.8546905 -0.6679351 -0.142668 -13.1645 -51.10614 -180.2012
0.8510283 -0.7392241 -0.1458418 -15.74466 -54.48782 -178.3309
0.8415069 -0.7931792 -0.1177657 -15.59962 -57.60995 -176.85
0.8292998 -0.8405425 -0.1224043 -13.9126 -60.70919 -175.8271
0.8085479 -0.8930327 -0.1297286 -11.83626 -63.08324 -174.9111
0.7626494 -0.962857 -0.1709883 -11.74466 -67.79316 -172.7203
0.7533721 -1.030484 -0.1805098 -8.378244 -72.33514 -170.4149
0.7377471 -1.091519 -0.2249434 -6.94313 -77.10614 -166.9035
0.7257842 -1.179165 -0.2625411 -4.317176 -83.54889 -162.3844
0.7333526 -1.249478 -0.2813399 -2.691222 -90.38095 -156.3233
0.7348174 -1.285855 -0.2908614 -1.019466 -95.984 -149.9035
0.7296905 -1.321744 -0.2854903 -0.7141223 -102.0451 -142.7279
0.7252959 -1.34396 -0.2986739 -0.9125957 -109.4497 -136.0485
0.7199248 -1.390591 -0.2898848 -1.210306 -114.6787 -129.0867
0.7155303 -1.405484 -0.2776778 -0.8667941 -119.9687 -121.247
0.6193389 -0.6286284 0.4264238 -34.32481 -67.50309 -49.31568
0.6115264 -0.6427886 0.4183671 -41.24847 -68.8924 -45.69736
0.6305694 -0.6593902 0.4540117 -44.26374 -71.77789 -42.98743
0.6396026 -0.6864898 0.5091875 -42.96603 -71.44202 -41.60576
0.6452178 -0.709439 0.5572832 -34.01183 -69.38095 -41.85767
0.6464385 -0.7035796 0.5594804 -29.77519 -70.92294 -40.7737
0.6552276 -0.6889312 0.5731523 -29.56908 -71.41911 -39.33095
0.6220244 -0.7045562 0.6190507 -30.08053 -71.48019 -37.64392
0.6427764 -0.6845366 0.6112382 -30.75229 -72.51836 -35.23171
0.6632842 -0.7353179 0.671541 -26.69122 -68.78553 -34.40728
0.6674346 -0.7362945 0.6788652 -27.37824 -66.60233 -31.12484
0.6493682 -0.723355 0.6795976 -26.82862 -66.81606 -25.14011
0.6488799 -0.6862456 0.6998613 -22.19504 -65.25881 -23.15537
0.6527862 -0.664273 0.7079179 -16.22557 -62.80843 -21.29278
0.6723174 -0.6462066 0.7211015 -10.31718 -58.87713 -19.28515
0.6676787 -0.6059234 0.7225664 -2.820992 -55.70919 -19.25461
0.6549834 -0.5761382 0.6922929 5.148473 -52.57942 -20.33858
0.6273955 -0.5551421 0.6610429 12.69046 -48.06797 -20.71263
0.6042022 -0.5270659 0.6146562 13.9042 -43.92293 -19.85003
0.5771026 -0.4914214 0.5099199 16.37748 -41.49545 -19.82713
0.5470733 -0.4523589 0.4281328 19.10267 -40.99163 -19.94163
0.5180205 -0.4215972 0.3378007 22.8584 -40.96873 -20.97217
0.498001 -0.3578765 0.2491777 24.03397 -41.82369 -20.92637
0.4884795 -0.3512847 0.1908281 25.64466 -44.79316 -22.37675
0.4740752 -0.3131988 0.1341875 23.50725 -47.67865 -22.73553
0.4689483 -0.2961089 0.06900191 19.0645 -51.64812 -22.9569
0.4818877 -0.3061187 0.0340898 13.28588 -56.48018 -22.10957
0.4955596 -0.2919585 0.02554488 7.102671 -61.90766 -21.1172
0.510208 -0.27023 0.03653121 -0.7293897 -66.96873 -20.35385
0.5165557 -0.256314 0.08242965 -10.90496 -71.8466 -19.14011
0.5182647 -0.2619292 0.1437089 -20.82099 -76.34278 -18.44545
0.5302276 -0.2846343 0.2533281 -29.92786 -79.8008 -17.27751
0.534378 -0.2995269 0.3170488 -35.87443 -81.06034 -16.83476
0.5578155 -0.3161284 0.4151933 -38.61489 -81.41148 -17.10194
0.5775908 -0.3261382 0.4906328 -38.9813 -80.94583 -17.91873
0.6017608 -0.3402984 0.5641191 -38.31718 -78.94583 -19.27751
0.6098174 -0.3593413 0.6065996 -37.1874 -76.30461 -20.35385
0.6220244 -0.3642241 0.6380937 -35.92023 -73.67103 -21.43018
0.5221709 -0.3849761 0.6754472 -34.79046 -70.01453 -20.72026
0.5856475 -0.3241851 0.6881425 -46.75229 -69.14431 -19.85003
0.6134795 -0.3730132 0.6920488 -34.43931 -62.32751 -23.934
0.6383819 -0.4196441 0.655916 -32.9126 -57.67102 -24.934
0.6188506 -0.4396636 0.6085527 -27.08817 -55.83896 -26.72789
0.5944366 -0.4909331 0.577791 -22.59199 -53.64049 -27.21644
0.5211944 -0.5092437 0.5250566 -16.67595 -51.0527 -27.55995
0.4794463 -0.5180327 0.4620683 -18.62252 -50.37331 -25.73553
0.447708 -0.5387847 0.4339921 -17.0729 -49.28934 -24.52179
0.4115752 -0.5629546 0.3597734 -18.34008 -48.56415 -22.24698
0.3949736 -0.5859038 0.3006914 -17.24847 -50.16721 -20.52942
0.3893584 -0.6130034 0.2457597 -16.85916 -51.41911 -18.39965
0.3664092 -0.6327788 0.1935136 -14.92023 -53.92293 -15.85003
0.3664092 -0.6718413 0.1620195 -12.54618 -56.74736 -13.33858
0.3415068 -0.7021148 0.1305254 -8.133969 -60.34278 -10.64392
0.2875518 -0.6720855 0.08780074 -8.088168 -65.04507 -6.109573
0.2726592 -0.6361968 0.0785234 -11.32481 -69.51836 -1.735527
0.275833 -0.619107 0.08902144 -11.39351 -73.56416 1.531649
0.2743682 -0.5956695 0.1044023 -11.99656 -78.0527 4.600351
0.2821807 -0.5629546 0.1012285 -13.21031 -81.38095 7.371344
0.28804 -0.5353667 0.1275957 -14.92023 -85.44965 10.01256
0.3102568 -0.5016753 0.1529863 -14.95076 -88.52599 11.14234
0.3229522 -0.4926421 0.1730058 -14.39351 -91.86186 12.73012
0.3419951 -0.4757964 0.1988847 -13.88969 -93.78553 13.76829
0.3554229 -0.4496734 0.2257402 -14.08053 -95.9382 14.76066
0.3654326 -0.4233062 0.2506425 -13.88969 -97.57942 15.33318
0.3725127 -0.4001128 0.2748125 -14.97366 -98.8466 15.71486
0.3769072 -0.391812 0.2972734 -16.14924 -99.67103 16.08127
0.3910674 -0.3735015 0.3197343 -16.66832 -100.5031 15.49348
0.3861846 -0.3708159 0.3409746 -16.69122 -101.442 15.44768
