-0.1401133 0.1761948 1.022577 0.4784428 -0.2047331 0.1848245
-0.1452402 0.1774155 1.026239 0.7456183 -0.2429011 0.3680305
-0.1427988 0.1761948 1.01745 1.096763 -0.1054964 0.04741991
-0.1403574 0.1820542 1.018183 0.7837862 -0.1894658 0.08558786
-0.1415781 0.1791245 1.015009 0.7761527 -0.08259583 -0.006015182
-0.1425547 0.176439 1.022089 0.9669924 -0.1436644 0.2535268
-0.1376719 0.1781479 1.028192 0.8295877 -0.3268704 -0.1815877
-0.1403574 0.1791245 1.021601 0.8372213 0.3372517 0.1695573
-0.1462168 0.1805893 1.019647 0.6234809 -0.06732845 -0.028916
-0.1427988 0.1783921 1.025751 0.6998168 -0.3574047 0.1313894
-0.1445078 0.176439 1.03161 0.4326413 -0.01389313 0.05505347
-0.1449961 0.1786362 1.02453 0.6005801 0.131145 0.2229924
-0.1418223 0.1769272 1.01745 0.3181374 -0.05206108 0.1390229
-0.1415781 0.1769272 1.021601 0.6234809 0.2685494 0.1771909
-0.1415781 0.1786362 1.015985 0.4784428 -0.006259918 0.1161222
-0.1454844 0.1720444 1.01623 0.5700459 0.001373768 0.09322143
-0.1440195 0.1757065 1.019159 0.455542 -0.07496214 0.2077253
-0.1432871 0.1825425 1.02331 0.5776794 -0.1818323 0.1313894
-0.143043 0.1700913 1.015253 0.6158473 0.2838163 0.3832978
-0.1403574 0.1779038 1.02453 0.4708091 -0.1436644 0.03978634
-0.139625 0.1779038 1.027704 0.4479084 0.09297705 0.2840612
-0.1384043 0.1801011 1.01623 0.5624123 0.1082439 0.1771909
-0.1410898 0.176439 1.016718 0.5776794 -0.0291605 0.5207024
-0.139625 0.1837632 1.025019 0.5242443 -0.1131301 0.1848245
-0.1403574 0.1815659 1.023554 0.7685191 0.03954172 -0.028916
-0.1484141 0.1766831 1.021112 0.8982901 0.08534336 0.001618385
-0.1423105 0.1803452 1.022089 0.4479084 0.1464119 0.1084886
-0.139625 0.1761948 1.020624 0.7608855 -0.03679419 0.06268704
-0.1376719 0.176439 1.028437 0.7379847 0.2456489 0.02451921
-0.1423105 0.1781479 1.018671 0.8295877 0.2761831 -0.0518167
-0.1442637 0.1722886 1.019403 0.5318779 0.1006103 0.009251952
-0.1471934 0.1793686 1.023554 0.417374 0.1464119 0.3451298
-0.1386484 0.1776597 1.029169 0.5776794 0.08534336 0.1390229
-0.1454844 0.1788804 1.018915 0.3792061 0.1158776 0.1771909
-0.1425547 0.1757065 1.022089 0.4631755 -0.0291605 0.3069619
-0.1462168 0.1796128 1.034296 0.6082138 0.001373768 -0.0518167
-0.1459727 0.1810776 1.026239 1.134931 -0.07496214 -0.08998466
-0.1420664 0.1725327 1.02038 0.6158473 -0.2505345 -0.03654957
-0.1410898 0.1791245 1.018671 0.7227176 -0.06732845 0.100855
-0.1445078 0.1796128 1.020136 1.035695 -0.09786272 -0.158687
-0.1425547 0.1761948 1.023065 0.7837862 -0.281069 0.03978634
-0.1381602 0.1783921 1.021845 0.7532519 -0.1360307 0.03215277
-0.1442637 0.1761948 1.025751 0.7303512 -0.07496214 -0.07471752
-0.1427988 0.1710679 1.021845 0.6463817 0.08534336 0.2153589
-0.1398691 0.1739975 1.020624 0.3639389 -0.2581682 0.2535268
-0.1401133 0.1832749 1.022577 0.5547786 -0.1741986 0.2458932
-0.1401133 0.1786362 1.018427 0.9593588 0.1540456 -0.09761822
-0.144752 0.1781479 1.015985 0.5395114 -0.6398475 0.1771909
-0.139625 0.1749741 1.028681 0.7685191 -0.151298 0.1313894
-0.1408457 0.1771714 1.022577 1.043328 -0.1283972 0.230626
-0.1393809 0.1727768 1.015497 0.806687 -0.3803055 0.1237558
-0.1296152 0.1779038 1.014521 0.6311145 -0.04442787 0.1466565
-0.1410898 0.1776597 1.02038 0.8982901 0.131145 0.001618385
0.09401758 -0.1822036 2.406366 -2.773466 132.2914 -30.25029
0.1076895 -0.120436 2.342157 -12.32308 139.6121 -24.68541
0.1062246 -0.1331314 2.294062 -18.40705 147.6502 -20.70831
0.1057363 -0.1299575 2.272089 -21.32308 151.9556 -17.29609
0.08596094 -0.1077407 2.231806 -28.33835 158.6197 -13.25029
0.06911523 -0.1092056 2.216181 -30.17041 164.0472 -10.28082
0.06740625 -0.0835708 2.213984 -31.44522 170.7495 -8.311359
0.0844961 -0.07478175 2.208368 -33.04827 179.0853 -6.14342
0.1001211 -0.0486587 2.231806 -35.8269 186.9937 -2.693038
0.1255117 -0.03205714 2.254755 -32.62079 194.9021 -1.662504
0.1701895 0.03044286 2.255487 -31.59026 202.7876 -0.8762442
0.2124258 0.07438818 2.243525 -35.49102 209.0624 1.009252
0.2776113 0.07463232 2.265497 -33.67423 215.9632 1.452
0.3479238 0.1342026 2.267694 -36.39942 223.8105 3.253527
0.3911367 0.192064 2.271601 -43.26202 231.3983 6.848947
0.4433828 0.2035386 2.282831 -39.67423 240.551 5.910016
0.5012441 0.2714097 2.284296 -36.95667 246.0243 4.841313
0.5527578 0.3324448 2.257441 -37.42995 246.0243 3.085588
0.5488515 0.3461167 2.202509 -31.78873 246.0243 -0.7617403
0.5520254 0.4154526 2.178339 -30.98721 246.0243 -3.27319
0.5989004 0.4579331 2.191034 -26.26201 246.0243 -9.227389
0.6172109 0.4696518 2.147333 -11.60553 246.0243 -19.21212
0.6530996 0.4457261 2.01623 -1.223847 246.0243 -27.55563
0.7019277 0.5009018 1.927851 -0.4757558 246.0243 -30.70831
0.6968008 0.5260483 1.827021 -1.269649 246.0243 -36.73884
0.6804433 0.5465561 1.696161 3.234168 246.0243 -43.79991
0.6899648 0.6617905 1.71789 -10.90324 246.0243 -48.37243
0.6970449 0.5035873 1.562372 -4.246748 246.0243 -54.99838
0.780541 0.4921128 1.623651 25.86012 246.0243 -62.50983
0.7810293 0.4440171 1.379511 8.692183 246.0243 -71.5938
0.8320547 0.4449936 0.9886416 9.493711 246.0243 -69.43349
0.8489004 0.4332749 1.000605 8.142565 246.0243 -75.85334
0.9907461 0.5350815 0.7569522 -5.361252 246.0243 -78.6396
0.8630606 0.4669663 1.048944 -32.90324 246.0243 -78.09762
0.9692617 0.5170151 1.017938 -67.48339 246.0243 -73.04418
1.026147 0.4410874 1.12536 -90.01774 246.0243 -68.62434
1.106957 0.3165757 1.152704 -92.95667 246.0243 -70.3877
1.146752 0.2367417 1.221063 -91.20094 246.0243 -72.72357
1.192162 0.1259018 1.2633 -83.804 246.0243 -75.49456
1.257104 0.07585302 1.259394 -80.55209 246.0243 -74.95258
1.249779 0.0372788 1.281122 -82.88033 246.0243 -71.28082
1.247094 -0.02570948 1.24914 -85.6895 246.0243 -65.50983
1.272973 -0.07307276 1.221552 -77.33835 246.0243 -63.46403
1.211938 -0.08161768 1.156122 -72.11697 246.0243 -59.91441
1.219994 -0.1040786 1.004999 -63.15514 246.0243 -59.28846
1.158715 0.007737785 0.8814639 -60.99484 246.0243 -57.28082
1.197777 0.01921239 0.650751 -63.77347 246.0243 -48.72357
1.159447 0.01359716 0.6431827 -66.32308 246.0243 -37.4793
1.215356 0.03239599 0.4876651 -67.36125 246.0243 -33.20449
1.218041 0.03141943 0.4705752 -47.85743 246.0243 -34.76937
1.065453 0.03239599 0.3887881 -20.93377 246.0243 -37.6167
0.992211 0.1307847 0.2039737 20.67692 246.0243 -50.84571
0.9746328 0.01530614 0.09118069 54.70745 246.0243 -44.19685
1.048363 0.2816636 -0.06165135 69.3792 246.0243 -43.83044
0.8042227 0.2596909 0.008905292 62.82196 246.0243 -36.28846
0.620873 0.372728 -0.06165135 91.71509 246.0243 -37.17395
0.7834707 0.8593002 -0.06165135 147.2113 246.0243 -65.95258
0.922875 0.7496811 -0.06165135 44.79905 246.0243 -87.6625
0.8344961 0.6896225 -0.06165135 -14.00247 246.0243 -97.34189
0.7690664 0.4806382 -0.06165135 -21.33072 246.0243 -98.64723
0.7348867 0.4967515 -0.06165135 -30.13224 246.0243 -101.1816
0.816918 0.3719956 -0.06165135 -35.65896 246.0243 -103.7541
0.7444082 0.3937241 -0.06165135 -41.63606 246.0243 -103.6701
0.8154531 0.3260972 -0.06165135 -45.18568 246.0243 -105.6243
0.8061758 0.2714097 -0.06165135 -47.34599 246.0243 -106.8915
0.8298574 0.2179429 -0.06165135 -50.95667 246.0243 -107.5862
0.8652578 0.1639878 0.04674709 -56.33835 246.0243 -107.1282
0.8991934 0.08806005 0.09191311 -60.94904 246.0243 -105.4411
0.9323965 0.0126206 0.1407412 -65.91087 246.0243 -101.9678
0.9726797 -0.07234034 0.187128 -70.46049 246.0243 -97.5251
0.9538809 -0.07014307 0.2281436 -77.30782 246.0243 -91.05945
0.9780508 -0.1167739 0.254999 -82.69713 246.0243 -85.71593
0.8269278 -0.1172622 0.07555568 -80.30019 246.0243 -73.53273
0.8198477 -0.06721339 0.01671779 -77.94141 246.0243 -72.18922
0.7080312 -0.02155909 -0.06165135 -74.15514 246.0243 -70.7312
0.6582265 0.02067724 -0.06165135 -70.93377 246.0243 -70.26556
0.6872793 0.01555029 -0.06165135 -60.45285 246.0243 -74.14342
0.5398183 -0.05622706 -0.06165135 -47.17041 246.0243 -75.20449
0.5635 0.0001694262 -0.06165135 -29.97957 234.0853 -72.80754
0.4421621 0.0673081 -0.06165135 -26.8269 222.8487 -75.5709
0.4287344 0.03044286 -0.06165135 -30.36125 223.6502 -80.44876
0.2759023 -0.04792628 -0.06165135 -16.81927 199.9327 -76.44113
0.3357168 -0.1111587 -0.06165135 -20.05591 187.0701 -77.81517
0.3200918 -0.2127212 -0.06165135 -16.23911 171.2762 -73.97548
0.2539297 -0.13777 -0.06165135 -30.32308 152.9327 -70.72357
0.3501211 -0.2901138 -0.06165135 -37.10171 147.2914 -71.92204
0.3005605 -0.3670181 -0.06165135 -40.88034 136.1464 -69.5022
0.2224355 -0.3916763 -0.06165135 -46.04827 117.1922 -63.50983
0.2817617 -0.4910415 -0.06165135 -47.98721 104.8945 -58.53273
0.2585683 -0.5677017 -0.06165135 -48.48339 91.98611 -52.09762
0.2270742 -0.5869888 -0.06165135 -48.24675 78.18458 -45.05182
-0.669166 -0.05500636 1.50744 16.02806 6.352519 5.83368
-0.6867442 -0.06184229 1.477411 16.79905 5.963206 4.551237
-0.6996836 -0.04304347 1.459345 15.06623 4.642595 4.276428
-0.6999278 -0.05549464 1.445673 13.23417 3.436488 3.85658
-0.6923594 -0.05818018 1.434687 11.21127 1.8029 3.993985
-0.6806406 -0.0835708 1.443231 10.76089 0.4822898 3.917649
