1.347191 0.4020249 1.804804 -30.04064 246.0243 -42.15868
1.396508 0.3666245 1.761835 -26.9414 246.0243 -41.73884
1.474633 0.539476 1.693231 -15.38415 246.0243 -43.67777
1.591332 0.4100815 1.571649 -3.414687 246.0243 -61.58617
1.530297 0.3055893 1.56872 8.547145 246.0243 -72.85334
1.645531 0.2875229 1.455194 16.82959 246.0243 -73.6625
1.620141 0.2145249 1.352167 37.55478 246.0243 -69.25792
1.673852 0.296312 1.425409 40.18073 246.0243 -63.7312
1.623803 0.02604833 0.9744815 39.81432 246.0243 -98.28082
1.612084 -0.2920669 0.8775577 81.0815 246.0243 -188.2885
1.619164 -0.1179946 0.3804873 106.0357 246.0243 -175.0442
1.824486 -0.1460708 -0.06165135 139.738 246.0243 -147.2274
1.767602 -0.2393325 -0.06165135 144.9746 246.0243 -173.5327
1.470238 -0.184645 -0.06165135 161.341 246.0243 -163.6549
1.138939 -0.3203872 -0.06165135 140.9212 246.0243 -155.5556
1.382104 -0.3826431 -0.06165135 101.4174 246.0243 -161.3419
1.232445 -0.3714126 -0.06165135 89.08913 246.0243 -159.9831
0.9900137 -0.5462173 -0.06165135 84.0815 246.0243 -140.5556
0.7719961 -0.6424088 -0.06165135 84.28761 246.0243 -135.4946
0.7785879 -0.7493423 -0.06165135 77.77615 246.0243 -147.9221
0.7629629 -0.7549576 -0.06165135 80.37157 246.0243 -134.3419
0.7268301 -0.8413834 -0.06165135 86.54715 246.0243 -138.5098
0.7326894 -0.8860611 -0.06165135 103.3487 246.0243 -130.2427
0.7036367 -0.8274673 -0.06165135 116.0891 246.0243 -135.693
0.6963125 -0.7315201 -0.06165135 119.8067 246.0243 -131.9449
0.7295156 -0.7202896 -0.06165135 118.6769 246.0243 -128.9297
0.7229238 -0.696608 -0.06165135 117.5166 246.0243 -125.5022
0.7568594 -0.696608 -0.06165135 113.6845 246.0243 -122.6472
0.7715078 -0.6707291 -0.04724705 107.2876 246.0243 -118.3572
0.7639394 -0.674147 -0.004522443 97.91356 246.0243 -110.5633
0.7602773 -0.6917252 0.005731463 88.52425 246.0243 -103.9068
0.7148672 -0.726149 -0.02356541 77.62348 246.0243 -95.73884
0.7033926 -0.7681412 -0.06165135 65.32577 243.9937 -86.18922
0.6628652 -0.8213638 -0.06165135 54.29524 239.3983 -76.05945
0.6386953 -0.8325943 -0.06165135 42.18073 232.1617 -64.14342
0.6548086 -0.8670181 -0.06165135 30.90592 230.2914 -55.88388
0.5620351 -0.8577408 -0.06165135 20.99753 219.0014 -38.96021
0.5432363 -0.9243912 -0.06165135 13.79905 209.6731 -37.79991
0.5244375 -0.861647 -0.06165135 7.096763 198.3678 -27.62434
0.4775625 -0.8596939 -0.06165135 1.753252 188.4518 -19.51747
0.4248281 -0.8726334 -0.06165135 -1.544458 176.5739 -13.24266
0.4109121 -0.8936295 -0.06165135 -3.712397 163.467 -6.311358
0.3730703 -0.9053482 -0.06165135 -5.178046 149.5586 -1.204488
0.3740469 -0.8826431 -0.06165135 -9.872703 138.5663 6.841313
0.343041 -0.8872818 -0.06165135 -12.01774 125.1769 12.84895
0.3369375 -0.8760513 -0.06165135 -13.10171 110.7342 18.85658
0.3462148 -0.8357681 -0.06165135 -15.46049 96.54336 25.24589
0.3593984 -0.7854752 -0.06165135 -17.27728 83.07008 30.85658
0.3701406 -0.7327408 -0.06165135 -19.85744 69.81817 35.98635
0.3845449 -0.6973404 -0.06165135 -21.24675 58.24565 39.65047
0.3965078 -0.6592545 -0.06165135 -22.58262 45.77237 42.98635
0.4453359 -0.604567 -0.06165135 -23.97194 35.51283 45.68101
2.064904 0.04997411 0.2608584 125.7914 246.0243 -248.2885
2.064904 0.3107163 -0.06165135 42.90593 246.0243 -232.5175
2.064904 -0.0174087 -0.06165135 36.0586 246.0243 -248.5709
2.064904 -0.1267837 -0.06165135 21.15783 246.0243 -248.5709
2.002465 -0.2844985 -0.06165135 4.501344 246.0243 -242.1892
1.762963 -0.5210709 -0.06165135 -14.7124 246.0243 -237.9221
1.795678 -0.6123795 -0.06165135 -33.04827 246.0243 -227.9602
1.64724 -0.7649673 -0.06165135 -39.18568 246.0243 -207.3648
1.562523 -0.8716568 -0.06165135 -61.20858 246.0243 -190.7923
1.505395 -0.9351334 -0.06165135 -95.93377 246.0243 -199.3877
1.367699 -1.054518 -0.06165135 -127.5903 246.0243 -183.0824
1.260277 -1.392165 -0.06165135 -146.0865 246.0243 -154.2579
1.009057 -1.170973 -0.06165135 -183.9643 246.0243 -131.6396
1.068139 -1.705885 -0.06165135 -197.2544 246.0243 -144.403
0.5249258 -1.654616 -0.06165135 -174.1246 246.0243 -100.4869
0.5295644 -1.836256 -0.06165135 -136.4223 246.0243 -64.85334
0.5039297 -1.836256 -0.06165135 -106.5903 246.0243 -90.48693
0.2424551 -1.836256 -0.06165135 -80.24675 246.0243 -89.09762
0.08620508 -1.815016 -0.06165135 -53.04827 246.0243 -57.24266
-0.1200938 -1.807936 -0.06165135 -48.41468 213.9632 -48.02128
-0.1860117 -1.807936 -0.06165135 -45.94904 185.551 -32.548
-0.271461 -1.829665 -0.06165135 -39.55209 155.2838 -23.29609
-0.3486094 -1.750319 -0.06165135 -39.8727 114.0319 -12.18922
-0.3324961 -1.670973 -0.06165135 -44.02537 78.52045 2.658107
-0.2770762 -1.645338 -0.06165135 -50.9414 43.93267 16.71918
-0.2028574 -1.64485 -0.06165135 -50.40705 15.68076 28.08559
-0.1078867 -1.586256 -0.06165135 -46.81163 -9.754351 38.23063
0.06154687 -1.492995 -0.06165135 -44.26965 -30.88412 48.4291
0.2263418 -1.38484 -0.06165135 -44.20858 -46.2429 57.72681
0.3320547 -1.306471 -0.06165135 -42.06354 -59.83832 69.32986
0.4116445 -1.180495 -0.06165135 -40.38415 -76.71619 78.53597
0.5581289 -1.166579 -0.06165135 -28.33072 -90.42611 85.4291
0.6997304 -0.9463638 -0.06165135 -15.94141 -96.86122 79.98635
0.8069082 -0.594313 -0.06165135 -15.46049 -110.1513 89.51307
0.8769766 -0.5159439 0.01476467 -19.03301 -115.5024 101.1848
0.8755117 -0.3328384 0.2310733 -32.30782 -127.2963 96.29169
1.014916 -0.3997329 0.291376 -30.25438 -133.2887 96.44437
1.097436 -0.2664321 0.4991397 -17.7353 -131.4795 84.92529
1.100121 -0.1216568 0.6632022 -16.97957 -131.4719 81.452
1.09475 -0.1072525 0.7625674 -19.45285 -140.0292 79.00925
1.221703 -0.1436294 0.7576846 -0.3078167 -133.9681 82.48254
1.111107 -0.06574854 0.9341983 20.40211 -139.8154 73.44437
1.193871 0.007005363 0.9969424 32.92883 -146.2276 73.01688
1.253441 0.2648179 1.192499 19.21127 -129.365 45.53597
1.19558 0.5392319 1.373896 -19.09408 -136.449 67.30696
1.314965 0.2208725 1.247187 -35.13224 -146.6017 85.61994
1.18557 -0.05402979 1.286737 -39.21621 -124.7162 40.99399
1.247094 0.06218114 1.34997 -32.28492 -122.6933 65.00925
1.225121 -0.06794581 1.300165 -34.57499 -114.7544 51.36803
1.189477 -0.1050552 1.291132 -35.30018 -108.22 46.87948
1.180199 -0.1424087 1.261591 -35.63606 -104.1895 46.52834
1.125023 -0.3365005 1.157343 -35.93377 -99.18947 48.35276
1.10476 -0.410231 1.086542 -37.43759 -95.43375 50.57414
1.063988 -0.453688 1.021356 -37.88797 -93.80779 53.4291
0.9875723 -0.4566177 0.9588565 -38.48339 -89.54825 54.84895
0.9624258 -0.6050552 0.8062686 -40.90324 -88.93756 67.35277
0.9135977 -0.7202896 0.6695498 -43.11698 -85.40321 66.55887
0.7663808 -0.7469009 0.5303897 -44.07117 -91.67039 74.29933
0.7068105 -0.7791275 0.3709658 -51.01011 -95.80016 83.75735
0.6386953 -0.7581314 0.2611026 -62.45285 -99.67039 84.4749
0.5996328 -0.7342056 0.1998233 -83.36125 -112.0444 101.4825
0.6184316 -0.8775162 0.05455959 -92.41469 -122.8918 110.307
0.5703359 -1.045973 0.0003603697 -98.97957 -131.2963 108.6352
0.5935293 -1.079176 0.0216006 -94.57499 -141.6628 113.9864
0.6526113 -1.072829 0.06749904 -88.84217 -149.075 118.7344
0.6379629 -0.9922623 0.1917666 -89.72003 -159.8154 123.9558
0.7844472 -0.9768814 0.2581729 -88.54446 -161.3116 125.765
0.783959 -1.014235 0.3033389 -87.8498 -170.3269 132.6047
0.8384024 -1.032057 0.3948916 -84.65896 -173.3421 136.0856
0.8379141 -0.9683365 0.4776553 -83.26202 -176.0368 141.0703
0.8882071 -0.9470963 0.4879092 -81.07881 -177.7315 143.4062
0.8716055 -0.988356 0.5064639 -79.23148 -181.4566 149.2535
0.8686758 -0.9925064 0.5191592 -77.23911 -183.7009 151.91
0.8667227 -0.9683365 0.5411319 -76.90324 -186.3116 155.1848
0.8196035 -1.030592 0.524042 -77.9643 -187.8994 161.9405
0.8020254 -1.061354 0.4852237 -77.18568 -191.1971 166.4978
0.7656484 -1.097975 0.4322452 -77.77347 -194.6857 172.3146
0.7463613 -1.138258 0.3839053 -78.40705 -199.6246 179.597
0.7202383 -1.177077 0.3170108 -79.09408 -205.0139 185.1772
0.7168203 -1.205641 0.2681826 -82.17041 -210.4185 193.3375
0.6743398 -1.181471 0.256708 -89.14751 -216.4414 198.9024
0.6760488 -1.188063 0.1566104 -97.59026 -224.2047 214.1008
0.6372304 -1.354079 0.1241397 -97.99484 -234.22 216.2306
0.6916738 -1.392653 0.09923733 -91.37652 -240.1971 218.0322
0.7524648 -1.297438 0.1661319 -92.70477 -247.5788 226.3222
0.7644277 -1.372389 0.1944522 -92.97957 -254.2429 232.1467
0.7842031 -1.427077 0.2347354 -94.07117 -254.2429 241.1848
0.7541738 -0.9451431 0.3963565 -55.8727 -27.35741 10.79551
0.6506582 -1.406325 -0.06165135 -60.46049 -152.5177 113.2917
0.7148672 -1.429518 -0.06165135 -70.88797 -162.2429 125.0093
0.7590566 -1.427809 0.07311428 -78.01011 -169.2811 136.1848
0.8376699 -1.438063 0.2032412 -80.75819 -174.1742 148.3375
0.862084 -1.40779 0.2840518 -84.34599 -177.1055 156.223
0.8823477 -1.401442 0.2923526 -84.39178 -181.678 168.3909
0.9155508 -1.368971 0.355585 -85.42232 -186.6933 175.1085
0.9109121 -1.353102 0.4080752 -87.64369 -189.1055 183.9482
0.9009024 -1.357252 0.3936709 -88.8956 -192.4872 194.0703
0.8755117 -1.360182 0.386835 -91.33072 -197.1055 200.9253
