-0.2677989 0.1146714 1.086054 12.81432 -0.8154202 -4.853343
-0.2726817 0.1129624 1.074823 11.66165 0.1616793 -5.280824
-0.2746348 0.107103 1.079218 10.63111 0.2074809 -4.937313
-0.2865977 0.1080796 1.071161 11.04333 0.169313 -5.128152
-0.2865977 0.1171128 1.063837 10.54714 -0.1054964 -5.433496
-0.2824473 0.1273667 1.070185 9.814321 -0.1207635 -5.112885
-0.2778086 0.1276108 1.073603 8.325771 0.2761831 -5.135786
-0.278541 0.1344468 1.07287 7.249435 -0.01389313 -5.196855
-0.2707285 0.1346909 1.06994 6.386839 0.03190804 -5.349526
-0.2748789 0.1442124 1.086542 5.928824 0.1998472 -5.84571
-0.269752 0.1471421 1.083368 4.615847 0.6807632 -6.280824
-0.2717051 0.138353 1.088007 3.951725 1.459389 -6.586168
-0.2817149 0.1542222 1.084345 2.295237 1.718931 -6.662504
-0.2773203 0.1473862 1.08581 -0.9032368 2.07771 -6.631969
-0.2756114 0.1503159 1.0758 -2.498657 2.314351 -6.777008
-0.2807383 0.1439682 1.079706 -3.819267 2.283816 -6.876244
-0.2763438 0.1276108 1.06994 -4.094077 2.612061 -7.509832
-0.271461 0.1229722 1.062616 -4.742931 2.047175 -7.5709
-0.2809824 0.1298081 1.051142 -5.613161 1.986107 -7.777008
-0.2873301 0.1149155 1.049188 -6.231481 1.314351 -7.983115
-0.2856211 0.08854834 1.05163 -5.055909 1.092977 -8.723573
-0.2829356 0.09929052 1.046991 -3.857435 0.3143511 -8.792275
-0.2851328 0.08366552 1.049433 -2.246748 -0.2429011 -9.25029
-0.2927012 0.08757177 1.032099 0.8601221 -1.41084 -10.41823
-0.294166 0.09953466 1.035761 0.8601221 -2.800153 -10.65487
-0.2795176 0.09025732 1.050409 7.348671 -6.746717 -12.46403
-0.2612071 0.08268896 1.073114 9.989893 -7.907023 -13.4335
-0.2648692 0.07658544 1.09704 11.96699 -7.990993 -14.4564
-0.252418 0.07292333 1.11413 14.87539 -8.273436 -15.5938
-0.2280039 0.06389013 1.134149 15.34867 -7.983359 -16.12052
-0.2262949 0.05534521 1.150995 15.44027 -7.494809 -16.02892
-0.2204355 0.05583349 1.165888 14.68455 -6.258168 -15.28846
-0.2106699 0.07097021 1.169794 10.79142 -5.059695 -13.98312
-0.1996836 0.06266943 1.182733 8.203633 -3.784886 -12.92205
-0.1852793 0.06022802 1.198358 5.425008 -2.357405 -12.01365
-0.174293 0.05607763 1.192499 1.654015 -1.609313 -10.57854
-0.1645273 0.06486669 1.209345 -2.903237 0.2151141 -9.670137
-0.1374277 0.07975927 1.212763 -6.109344 2.642595 -8.502199
-0.1044688 0.061937 1.205438 -7.59026 5.474656 -8.25029
-0.1305918 0.1146714 1.217646 -13.27728 7.176947 -7.288457
-0.1374277 0.1151597 1.220575 -19.18568 9.230381 -6.380061
-0.1716074 0.1578843 1.233759 -25.62843 9.665496 -6.089984
-0.1423105 0.1647202 1.252558 -30.04064 16.50519 -5.235023
-0.1711191 -0.05476222 1.18664 -25.14751 14.03191 -5.425862
-0.1962656 0.1127182 1.196405 -15.60553 13.07771 -7.685404
-0.1935801 0.04191747 1.218378 -16.34598 17.90977 -9.616703
-0.238502 0.02800146 1.197382 -10.36125 16.95557 -10.5938
-0.2463145 0.02580419 1.143183 -10.29255 18.87924 -11.91441
-0.2685313 -0.007398933 1.107538 -10.61316 18.21511 -10.97548
-0.2883067 -0.04792628 1.080438 -11.06354 17.56626 -9.219756
-0.3083262 -0.07697901 1.04748 -10.10171 15.45939 -7.723572
-0.301002 -0.1033462 1.028192 -9.315451 14.54336 -6.105252
-0.3022227 -0.1292251 1.025751 -8.338351 12.97084 -3.754107
-0.2875742 -0.1341079 1.019403 -6.811634 11.90214 -1.326626
-0.2946543 -0.1199478 1.027704 -3.475756 9.673129 0.3069619
-0.2768321 -0.1021255 1.033319 -0.8574351 8.383053 1.528336
-0.2743906 -0.0708755 1.066278 2.577679 6.573893 2.337496
0.9563223 1.257249 3.029657 35.37921 -180.3192 144.4367
0.2251211 0.4193589 2.67956 -18.58262 118.1082 -86.3877
0.2749258 0.43181 2.69372 -24.46049 130.9556 -87.7312
0.3012929 0.390062 2.752314 -38.99484 131.6808 -91.99075
0.2011953 0.1595932 2.89245 -44.34599 117.4976 -98.548
0.4187246 0.3353745 2.810419 -29.94904 136.2685 -96.37243
0.3498769 0.2855698 2.869989 -18.88797 156.3983 -100.1969
0.5093008 0.251146 2.813593 -0.971939 181.5052 -105.7694
0.4419179 0.2496811 2.817499 2.218901 196.1998 -98.83044
0.4128652 0.1688706 2.811152 3.89829 193.8792 -102.3266
0.4140859 0.1644761 2.742304 3.38684 187.2533 -102.1816
0.4719472 0.1188218 2.570673 9.814321 187.2533 -106.6167
0.5551992 0.1893784 2.45373 8.486076 211.6044 -101.5785
0.5542226 0.190355 2.372919 9.096764 224.6426 -104.2808
0.5742422 0.2230698 2.332148 10.78379 234.3983 -106.5404
0.5708242 0.23723 2.307734 10.47844 234.7113 -107.9144
0.6274648 0.2462632 2.243525 12.48608 241.8258 -110.6778
0.6530996 0.259935 2.181269 11.01279 246.0243 -112.464
0.6848379 0.2631089 2.115107 10.58531 246.0243 -114.8304
0.7104726 0.2958237 2.076532 11.35631 246.0243 -114.861
0.7116933 0.2875229 2.026972 14.29524 246.0243 -117.0824
0.7783437 0.3790757 1.816278 -3.391787 246.0243 -118.3648
0.8183828 0.3593003 1.762812 -16.17805 246.0243 -120.7236
0.895043 0.2748276 1.642939 -19.72003 246.0243 -121.861
0.7517324 0.3094956 1.840204 -26.39942 246.0243 -126.1816
0.791039 0.2723862 1.60998 -20.67423 246.0243 -122.9297
0.7341543 0.1171128 1.463495 11.32577 246.0243 -126.8075
0.8818594 0.07267919 1.049921 2.928824 246.0243 -137.7465
0.5591054 0.05827489 1.230341 21.97463 246.0243 -139.4259
0.9345938 0.29973 0.5567569 3.68455 246.0243 -141.7388
0.8005606 0.1598374 0.8790225 -26.42232 246.0243 -149.9373
0.6006094 -0.02497706 0.8734073 -20.05591 246.0243 -150.6778
0.7265859 0.05339208 0.6739444 -26.8498 246.0243 -150.3724
0.9741446 0.06462255 0.631708 -38.01774 246.0243 -154.2656
0.9392324 0.008958488 1.012812 -36.81927 246.0243 -162.0824
0.9809805 -0.003736824 1.119257 -29.74293 246.0243 -167.09
1.097191 -0.002516121 1.151728 -26.39178 246.0243 -173.7159
1.255883 -0.07624659 1.192743 -25.61316 246.0243 -178.1892
1.335473 -0.1494888 1.305048 -19.35362 246.0243 -183.5556
1.40017 -0.1936782 1.281366 -12.61316 246.0243 -189.693
1.438012 -0.2588638 1.141962 -8.071176 246.0243 -193.0213
1.492699 -0.2823013 0.9300479 -4.300183 246.0243 -199.2961
1.36599 -0.3491958 0.7806338 -7.216214 246.0243 -206.5327
1.058617 -0.5271744 0.735712 -1.666595 246.0243 -213.0518
1.131859 -0.4878677 0.4769229 -23.99484 246.0243 -199.6243
0.9907461 -0.5877213 0.3196963 -39.11698 246.0243 -188.2503
1.056908 -0.6924576 0.182001 -44.33835 246.0243 -185.5785
1.009301 -0.7793716 -0.06165135 -56.10171 246.0243 -191.2121
0.9397207 -0.844313 -0.06165135 -63.67422 246.0243 -184.09
0.8310781 -0.8267349 -0.06165135 -61.99484 246.0243 -151.5556
0.816918 -0.9629654 -0.06165135 -51.14751 246.0243 -144.0137
0.5957265 -0.9851822 -0.06165135 -39.71239 246.0243 -127.2961
0.4597402 -0.9673599 -0.06165135 -32.97194 246.0243 -147.0518
0.4851308 -0.6531509 -0.06165135 -43.23148 246.0243 -128.2045
0.4677969 -0.6704849 -0.06165135 -50.61316 246.0243 -115.7923
0.5373769 -0.6590103 -0.06165135 -46.37652 246.0243 -114.1129
0.5920644 -0.6101822 0.1214541 -34.79636 246.0243 -115.9755
0.7300039 -0.4951919 0.3067569 -21.45285 246.0243 -112.5785
0.8025137 -0.2674087 0.4720401 -14.08644 246.0243 -95.14342
0.9690176 -0.2007583 0.5538272 -24.81163 246.0243 -101.5404
1.020043 -0.2732681 0.6199893 -8.239115 246.0243 -103.4946
1.072045 -0.1873306 0.6468448 7.447908 246.0243 -107.5327
1.066674 -0.01838526 0.6849307 12.83722 246.0243 -110.2808
1.094994 -0.05988917 0.6216983 12.46318 246.0243 -119.8839
1.126488 -0.04670557 0.5303897 21.34104 246.0243 -125.7312
1.109398 0.01017919 0.3856143 20.16547 246.0243 -129.7159
1.040063 0.02678075 0.2903994 17.60058 246.0243 -134.0213
0.9426504 -0.004713387 0.1688174 13.99753 246.0243 -137.9068
0.7873769 -0.08405909 0.05773342 8.913557 246.0243 -140.2885
0.8100821 -0.201979 -0.06165135 -2.361252 246.0243 -138.5404
0.666039 -0.3389419 -0.06165135 -6.689496 246.0243 -135.3953
0.5993886 -0.3716568 -0.06165135 -14.47576 239.5968 -113.319
0.5246816 -0.4749282 -0.06165135 -29.04827 237.6655 -114.2808
0.3852773 -0.5948013 -0.06165135 -39.52919 222.1006 -109.319
0.322289 -0.6580338 -0.06165135 -50.35362 207.8487 -99.3877
0.261498 -0.7588638 -0.06165135 -61.31545 196.7876 -91.22739
0.2763906 -0.7862076 -0.06165135 -65.27728 190.1617 -84.04418
0.2365957 -0.7823013 -0.06165135 -70.81927 176.9632 -72.08998
0.2375723 -0.832106 -0.06165135 -70.72766 168.7571 -65.27319
0.2441641 -0.7744888 -0.06165135 -68.23911 157.5815 -57.18159
0.2466055 -0.7439713 -0.06165135 -64.43758 148.0624 -52.60907
0.2448965 -0.7039322 -0.06165135 -56.53682 138.3678 -47.96785
0.3022695 -0.6094498 -0.06165135 -49.74293 131.4899 -48.08235
0.2693105 -0.5337662 -0.06165135 -45.8269 119.8487 -46.31899
0.34475 -0.4351333 -0.06165135 -41.54446 110.4518 -42.90678
0.369164 -0.4090103 -0.06165135 -38.83453 101.6044 -44.39533
0.3957754 -0.3516372 0.0001162291 -37.07881 92.9632 -43.34953
0.4519277 -0.2888931 0.06798732 -37.33072 86.90977 -43.96021
-0.4374766 -0.1402114 1.323358 4.615847 -12.22 16.84131
-0.4318614 -0.1328872 1.344355 1.394473 -12.04443 18.37566
-0.4240489 -0.1214126 1.370233 -2.300183 -12.05206 20.01689
-0.4096446 -0.1138443 1.385126 -5.147511 -11.27344 21.08559
-0.3969492 -0.1131118 1.405146 -6.758199 -10.60931 21.58177
