-0.4374766 -0.1648696 1.486933 23.71508 -18.15893 18.51307
-0.4374766 -0.1426528 1.487665 26.25707 -16.79252 17.78024
-0.4262461 -0.1319107 1.491571 28.27234 -15.25054 17.59704
-0.4228281 -0.1258071 1.498163 30.63111 -13.00626 16.89475
-0.426002 -0.1092056 1.498407 32.73798 -11.3345 16.71918
-0.4238047 -0.1087173 1.494257 33.75325 -9.181832 16.57414
-0.427711 -0.1111587 1.504755 34.73798 -6.693283 16.68101
-0.4338145 -0.1038345 1.488153 34.98989 -4.105496 17.26116
-0.4386973 -0.09333643 1.458368 35.49371 -2.00626 17.92528
-0.4650645 -0.09602198 1.434442 36.49371 -0.1818323 18.29933
-0.4740977 -0.07185206 1.40539 37.52425 0.7799997 18.95582
-0.4955821 -0.05329737 1.371698 38.40211 1.360152 19.4978
-0.500709 -0.03547511 1.339228 37.91356 1.909771 19.74208
-0.512916 0.0006577075 1.313593 34.40974 2.207481 20.23826
-0.5253672 0.008714348 1.296259 30.50898 1.955572 20.65047
-0.5309824 0.01750341 1.272089 26.79142 1.841068 21.81078
-0.5258555 0.03264013 1.236688 22.47844 0.7341981 22.48253
-0.5341563 0.03825536 1.227167 18.69218 -0.151298 23.31459
-0.5363535 0.0594956 1.228876 14.76852 -1.868855 23.84131
-0.545875 0.06218114 1.230097 10.84486 -3.288702 24.28406
-0.544166 0.04875341 1.233759 7.325771 -4.79252 24.80314
-0.5383067 0.04680028 1.252069 3.570046 -6.532977 25.32223
-0.5258555 0.03239599 1.274286 -0.1322442 -7.51771 26.29933
-0.504127 0.03190771 1.294062 -3.033008 -8.876489 26.76498
-0.488502 0.0228745 1.319452 -6.781099 -9.464275 27.45963
-0.4667735 0.01408544 1.35119 -9.842168 -10.1284 28.20009
-0.4565196 0.0001694262 1.392938 -12.05591 -10.55588 29.13902
-0.4369883 -0.01985011 1.423212 -14.39942 -10.71618 29.78788
-0.4145274 -0.01154932 1.461054 -15.16278 -10.52534 30.07795
-0.3901133 -0.008375496 1.491571 -17.16278 -9.990993 30.37566
-0.3691172 -0.01301417 1.520868 -17.61316 -9.990993 30.95582
-0.3346934 0.003587395 1.557001 -18.70476 -8.296336 30.84131
-0.3134531 0.004319817 1.595819 -19.48339 -7.250535 30.28406
-0.2846446 0.01921239 1.626093 -19.07881 -6.174199 29.63521
-0.2575449 0.02556005 1.666132 -19.6666 -4.937557 28.91765
-0.2260508 0.04094091 1.703974 -20.02537 -3.502443 28.10085
-0.167457 0.05046239 1.76037 -18.48339 -1.907023 26.70391
-0.1227793 0.07023778 1.810663 -17.58262 0.6578622 25.20773
-0.09836523 0.05314794 1.850214 -16.23911 6.99374 23.97872
-0.06662695 0.061937 1.894159 -13.9185 10.74946 20.29933
-0.05734961 0.08635107 1.960565 -13.06354 15.55863 19.73444
0.01027735 0.1508042 1.958124 -18.13224 16.13115 22.91765
0.03444727 0.1583725 2.028437 -24.9185 24.61969 23.13139
0.09890039 0.1432358 2.116571 -20.34598 39.7571 20.07795
0.1289297 0.09465185 2.193232 -11.49866 45.03954 20.12375
0.1506582 0.07048193 2.180536 5.379206 55.70367 16.66574
0.2329336 0.2501694 2.269892 6.638748 65.83344 15.63521
0.2199941 0.2828843 2.329706 -3.872703 77.49755 13.24589
0.2937246 0.3282944 2.445917 -9.384152 86.58916 14.67337
0.3225332 0.3253647 2.384882 -12.94904 104.9021 14.00162
0.4150625 0.2836167 2.368036 -16.64369 124.3907 14.50543
0.3962636 0.2406479 2.456659 -0.9261374 132.1769 14.51307
0.4616933 0.4513413 2.508661 0.4097404 143.696 13.17719
0.4907461 0.4269272 2.473261 2.440275 162.1922 -3.288458
0.5639883 0.6981674 2.5487 -5.712397 177.3525 -6.807541
0.5298086 0.6473862 2.555048 -14.48339 181.3907 -5.082351
0.6684804 0.6056381 2.406855 -27.62843 195.5357 -5.799908
0.6125722 0.5563217 2.304804 -29.23911 202.9327 -8.593801
0.4778066 0.5782944 2.293329 -29.65896 212.8334 -13.72357
0.6379629 0.5946518 2.229853 -24.78873 219.8029 -16.42586
0.7705312 0.6857162 2.170038 -34.9185 234.2533 -14.92205
0.6880117 0.6854721 2.136835 -35.99484 243.9785 -22.02892
0.7317129 0.7103745 2.07287 -32.85743 246.0243 -29.32663
0.7993398 0.7416245 2.032831 -30.55972 246.0243 -37.10525
0.8049551 0.7296616 2.028681 -24.06354 246.0243 -46.93731
0.8513418 0.7328354 2.021112 -15.84217 246.0243 -57.79227
0.8879629 0.71306 2.004267 -9.323084 246.0243 -68.20449
0.9275137 0.6642319 1.971796 -2.59026 246.0243 -77.96021
0.9619375 0.6378647 1.954218 4.119664 246.0243 -87.10525
1.000512 0.5912338 1.907831 11.44791 246.0243 -96.6167
1.041039 0.5282455 1.850214 18.07386 246.0243 -104.7923
1.073998 0.4755112 1.79748 23.91356 246.0243 -112.5938
1.088158 0.4454819 1.743036 28.23417 246.0243 -119.2045
1.115258 0.3983628 1.683222 32.42501 246.0243 -125.5709
1.131615 0.3634507 1.635126 35.62348 246.0243 -131.5022
1.160424 0.3273179 1.584345 37.29524 246.0243 -137.0595
1.204125 0.2904526 1.546747 38.2647 246.0243 -142.4106
1.254418 0.238939 1.506708 38.22654 246.0243 -146.3343
1.272484 0.1625229 1.457392 37.89066 246.0243 -149.1205
1.291039 0.103685 1.414911 37.50898 246.0243 -150.632
1.337426 0.03776708 1.366327 38.94409 246.0243 -151.2961
1.438988 -0.002760261 1.292108 40.59295 246.0243 -152.6854
1.403344 -0.03449854 1.259394 40.01279 246.0243 -152.0747
1.370629 -0.05549464 1.218866 42.86012 246.0243 -153.1434
1.371361 -0.06867823 1.130487 44.37157 246.0243 -155.3877
1.39602 -0.08454737 1.023065 47.03569 246.0243 -159.8228
1.34768 -0.1311782 0.968378 54.63875 246.0243 -167.5785
0.9411856 -0.3030532 0.2996768 -8.29255 24.19985 52.92529
0.7959219 0.1847397 0.5142764 -22.01011 -29.45664 34.63521
0.7873769 0.1930405 0.5115909 -22.04064 -34.3345 32.97872
0.7820058 0.2267319 0.515253 -23.72766 -39.12076 30.28406
0.7815176 0.2438218 0.5228213 -25.17041 -43.66275 27.53597
0.7763906 0.2513901 0.5335635 -26.85744 -48.16656 24.82605
0.7763906 0.2487046 0.546503 -27.9185 -52.41084 21.68864
0.7639394 0.2391831 0.5772647 -28.81927 -56.84595 19.22299
0.761498 0.2296616 0.6019229 -29.95667 -60.89175 16.81078
0.7573476 0.2152573 0.6302432 -31.29255 -63.82305 14.45963
0.7610097 0.1805893 0.6566104 -33.06354 -67.76199 12.98635
0.761498 0.1625229 0.6678409 -34.24675 -70.36504 11.3146
0.7695547 0.134935 0.6912784 -35.15514 -72.92229 10.16192
0.7654043 0.1073472 0.6988467 -35.8269 -75.65512 9.169558
0.7556386 0.09221045 0.7381534 -36.79636 -78.52534 8.711542
0.7617422 0.0817124 0.744501 -38.39178 -81.13603 8.818412
0.7688222 0.07219091 0.758417 -40.20095 -83.83069 9.146656
0.7785879 0.07902685 0.7845401 -42.45285 -85.82306 9.66574
0.7795644 0.08879248 0.810419 -44.45285 -88.36504 9.96345
0.7810293 0.0883042 0.8467959 -46.36125 -90.2887 10.07032
0.7966543 0.08683935 0.8658389 -46.70476 -92.04443 9.612305
0.803002 0.1029526 0.869501 -46.30018 -93.21237 8.917649
0.8174063 0.1176011 0.9044131 -46.46812 -95.26581 7.993985
0.8337637 0.1254136 0.9190616 -45.70476 -96.57878 6.894748
0.8579336 0.1180893 0.9473819 -43.26965 -96.88412 5.94055
0.8530508 0.1263901 0.9798526 -41.65133 -97.1055 4.268794
0.8584219 0.1271225 1.023554 -42.64369 -97.00626 1.314595
0.9016348 0.077562 0.9940127 -43.16278 -90.31161 -1.670137
0.8496328 0.06926122 1.097284 -40.61316 -91.96809 -3.257924
0.8769766 0.06144872 1.078485 -40.20095 -95.41084 -4.494565
0.8867422 0.04484716 1.069696 -39.59026 -94.12077 -5.532732
0.9009024 0.02848974 1.073603 -40.23911 -92.57878 -6.33426
0.8821035 0.007981926 1.076776 -40.01011 -90.80779 -7.410595
0.8650137 -0.04279932 1.067743 -38.36125 -89.0826 -9.028916
0.8405996 -0.08161768 1.057245 -34.00247 -87.62458 -10.6625
0.7429433 -0.2432388 0.8826846 -19.47576 -86.06733 -9.418229
0.7116933 -0.2520278 0.7943057 -15.88034 -87.93756 -8.563268
0.6718984 -0.2857193 0.7242373 -12.99484 -90.69328 -6.975481
0.6389394 -0.2959732 0.6702823 -8.48339 -94.25053 -2.128152
0.603539 -0.3914321 0.5665225 -5.155145 -97.71619 -2.265557
0.5700918 -0.3863052 0.5338077 -1.170412 -102.2124 -0.4029617
0.5530019 -0.4031509 0.4630069 2.249435 -106.8307 2.719176
0.5366445 -0.406813 0.4151553 4.127298 -111.4185 4.795512
0.5356679 -0.4192642 0.3790225 6.119664 -118.6628 7.291695
0.5366445 -0.4231704 0.3721865 6.295237 -124.6933 11.08559
0.5522695 -0.4300064 0.353876 5.165466 -130.4185 14.53597
0.5688711 -0.44319 0.3443545 4.753252 -136.4337 17.81841
0.5820547 -0.4348892 0.3563174 1.730351 -141.2734 21.81078
0.587914 -0.4688247 0.3802432 -0.544458 -145.5712 26.24589
0.5866933 -0.4905532 0.3829287 -1.552092 -149.9681 30.16956
0.5871816 -0.5103287 0.3961123 -3.536825 -154.4185 34.223
0.5940176 -0.5462173 0.4085635 -5.903237 -158.6628 39.29933
0.5927969 -0.5669693 0.4359073 -8.88797 -163.0139 45.29933
0.5903554 -0.601149 0.4520205 -10.85744 -166.3116 49.95582
0.5981679 -0.6387466 0.4571475 -14.34598 -170.3879 56.4749
0.6118398 -0.6643814 0.4698428 -19.62079 -173.7467 63.77261
0.6174551 -0.7144302 0.4966983 -25.20858 -176.5788 72.4978
0.6042715 -0.7583755 0.5181827 -29.58262 -178.7773 80.39093
0.5844961 -0.8108658 0.5347842 -31.44522 -181.1666 88.43674
0.5727773 -0.8469986 0.5474795 -29.47576 -182.533 94.74208
0.5549551 -0.8902115 0.5150088 -26.6666 -185.0292 99.28407
0.606957 -0.8950943 0.4774112 -26.75056 -186.5941 105.9406
0.5998769 -0.9751724 0.4241885 -29.37652 -191.7162 118.3146
