0.3917998 -0.752896 0.5887773 -50.15687 -61.15194 28.69195
0.385208 -0.751187 0.6324785 -53.40878 -59.76262 32.31028
0.3822783 -0.7504546 0.682039 -52.34008 -57.73972 35.02783
0.3720244 -0.740689 0.7069414 -51.21794 -55.57942 37.63852
0.3698272 -0.7157866 0.7381914 -48.66069 -52.65575 39.84463
0.3854522 -0.7030913 0.7599199 -44.0958 -48.61759 41.34844
0.4049834 -0.7091949 0.7416093 -35.28664 -43.36568 41.51638
0.3969268 -0.6545074 0.6935136 -33.54618 -41.96873 44.52402
0.3800811 -0.5990874 0.7025468 -37.24084 -41.22064 47.11943
0.3739775 -0.5629546 0.7264726 -39.50038 -38.72446 48.66142
0.383499 -0.539273 0.7250078 -40.72176 -35.50308 50.39425
1.089554 -0.9672515 -0.1729414 15.53015 -208.9535 -46.52942
1.028519 -1.345425 0.3985918 49.9729 -234.4496 24.07363
1.076614 -1.453335 0.3312089 53.21717 -232.8161 29.27974
1.106644 -1.533658 0.2814043 55.68282 -233.8771 37.14997
1.114212 -1.538052 0.2892168 60.30114 -236.839 44.10417
1.139358 -1.549771 0.2836015 65.01871 -236.6329 52.9515
1.13179 -1.567349 0.2814043 69.82023 -238.7779 61.69196
1.123245 -1.541226 0.2755449 70.91183 -241.2435 70.37897
1.082474 -1.522915 0.3011796 73.88893 -243.0374 78.1347
1.085892 -1.488247 0.3153398 73.17138 -243.5871 85.56982
1.102493 -1.453335 0.3463457 72.59122 -244.8008 92.62325
1.119827 -1.436734 0.3468339 72.96527 -245.1825 99.40188
1.116653 -1.403531 0.3707597 72.75153 -246.5031 105.15
1.111038 -1.395962 0.3976152 72.88893 -248.3657 110.3484
1.104446 -1.379605 0.4474199 74.49199 -247.8313 114.982
0.9225616 -1.341519 0.5072343 76.55305 -248.4878 122.8981
1.131058 -1.419888 0.4122636 96.98054 -248.5107 119.7072
1.042923 -1.334683 0.5072343 88.32405 -252.3275 119.8599
1.123001 -1.463345 0.6795976 95.27061 -247.2359 131.44
1.125687 -1.479214 0.6461504 104.4767 -239.1138 135.7072
1.091019 -1.506314 0.591707 111.3775 -240.0069 139.1729
1.001175 -1.479703 0.6285722 121.2935 -243.4649 142.9515
1.037796 -1.497525 0.6759355 128.8813 -236.4955 148.7301
1.011429 -1.557828 0.6737382 135.9958 -231.1596 154.837
0.9872588 -1.523892 0.6485918 141.4538 -228.1443 162.1652
0.9496612 -1.538052 0.6261308 147.3927 -224.755 168.4171
0.9450225 -1.500455 0.6097734 151.0645 -222.5413 175.3713
0.9516143 -1.4819 0.5751054 151.3393 -219.7168 182.3408
0.9403838 -1.463101 0.5504472 147.7897 -219.0832 190.6767
0.9464873 -1.448208 0.546541 146.7744 -217.3504 197.3179
0.9467315 -1.425747 0.5375078 144.492 -216.6558 205.0507
0.9352569 -1.436734 0.532625 144.3011 -216.0909 211.4858
0.9169463 -1.414029 0.5699785 145.3698 -217.0145 217.608
0.9499053 -1.408658 0.5870683 146.2706 -213.9611 223.44
0.9591826 -1.401089 0.5851152 148.9576 -214.213 228.2492
0.9538116 -1.396939 0.6127031 151.4767 -214.2206 232.9591
0.9897002 -1.419888 0.6127031 153.8355 -211.7321 238.0507
1.005081 -1.444546 0.6141679 154.5759 -211.7626 244.8141
1.02803 -1.446988 0.6044023 156.6752 -212.5794 252.1958
1.061233 -1.430874 0.6183183 158.0492 -213.3733 259.4401
1.08638 -1.383999 0.666414 159.2324 -212.7474 266.0965
1.112503 -1.318081 0.7030351 158.9805 -210.9229 271.2721
1.053421 -1.233365 0.7547929 160.7133 -210.0832 271.2721
1.045608 -1.139615 0.8187578 165.5607 -207.213 271.2721
1.159866 -1.115933 0.7843339 170.1256 -202.4725 271.2721
1.07344 -1.054654 0.8905352 171.9805 -206.8848 271.2721
1.153519 -0.9345366 0.935457 173.8279 -200.9687 271.2721
1.190872 -0.8280913 0.9894121 173.2553 -198.0451 271.2721
1.227737 -0.7804839 1.027742 169.9118 -192.9764 271.2721
1.199661 -0.7450835 1.083162 169.263 -189.1519 271.2721
1.174515 -0.6796538 1.161287 170.7668 -184.1138 271.2721
1.178421 -0.5170562 1.31534 169.4538 -179.4344 271.2721
1.102493 -0.5190093 1.289461 171.6828 -170.297 271.2721
1.043899 -0.5102202 1.306551 165.6981 -160.358 271.2721
0.9992217 -0.4391753 1.329012 159.0569 -151.7703 271.2721
0.965042 -0.3910796 1.335359 149.9576 -144.8008 271.2721
0.9237823 -0.3190581 1.367098 139.4462 -136.8161 271.2721
0.8759307 -0.2555816 1.381746 124.4691 -127.0909 271.2721
0.824417 -0.2316558 1.374422 108.3393 -118.2283 271.2721
0.7731475 -0.2318999 1.363436 95.65993 -111.2817 271.2721
0.735794 -0.2636382 1.360262 90.72863 -105.755 271.2721
0.6767119 -0.2541167 1.37076 90.56832 -99.32751 271.2721
0.6427764 -0.2572906 1.381746 99.96527 -95.02217 271.2721
0.6049346 -0.2467925 1.394197 104.9271 -90.71683 271.2721
0.5746612 -0.2275054 1.427156 112.8202 -86.0069 271.2721
0.5631866 -0.1603667 1.431551 106.1408 -79.54125 271.2721
0.5436553 -0.2228667 1.431551 111.3088 -74.46492 268.7683
0.541458 -0.2052886 1.439852 115.8737 -70.95347 260.3256
0.5338897 -0.1991851 1.461824 127.9882 -66.97637 251.5927
0.4877471 -0.1952788 1.496736 133.3775 -61.38858 244.9439
0.4638213 -0.1918608 1.502596 143.4843 -56.21301 236.6309
0.4281768 -0.1996733 1.527986 152.7363 -51.26644 230.0355
0.4052276 -0.1772124 1.552644 163.7439 -44.30461 220.837
0.3947295 -0.160855 1.527498 170.4538 -38.70156 214.7988
0.359085 -0.1762358 1.536531 176.8126 -32.59469 207.7149
0.3432158 -0.1640288 1.527742 182.7286 -26.77789 199.8523
0.3195342 -0.1857573 1.529451 187.805 -20.81606 193.9668
0.2990264 -0.1679351 1.537019 187.9271 -14.56415 189.4248
0.2838897 -0.1669585 1.527986 181.3011 -7.762626 187.5622
0.2516631 -0.179898 1.538973 175.2859 -2.411481 186.7149
0.2533721 -0.1767241 1.556551 176.9195 3.275542 183.6309
0.2377471 -0.1706206 1.56534 172.6447 8.771725 182.5164
0.2377471 -0.1569487 1.582674 173.1332 12.71829 179.8294
0.2548369 -0.1715972 1.623201 170.8966 20.38241 178.8675
0.2812041 -0.1117827 1.630281 167.95 25.95493 177.8294
0.3200225 -0.09029835 1.653719 163.9118 31.41295 176.0355
0.2787627 -0.06173389 1.652254 152.1179 37.11524 177.6691
0.2787627 -0.04415576 1.663973 148.9576 41.45875 176.8599
0.3634795 -0.3373687 0.6383379 -3.279008 7.557985 23.74539
0.2843779 -0.3263824 0.5025957 16.58359 13.02363 18.9744
0.2834014 -0.3134429 0.4471757 18.60649 13.016 18.44768
0.2794951 -0.2973296 0.4083574 16.54542 12.0389 18.86753
0.2677764 -0.2995269 0.3788164 16.61412 10.84806 18.58508
0.2899932 -0.3073394 0.3541582 12.45382 9.222107 20.07363
0.2655791 -0.2941558 0.3307207 7.774427 7.695389 19.85989
0.2628936 -0.2770659 0.3182695 1.881298 4.962565 20.89806
0.2714385 -0.2760894 0.3102129 -1.401145 3.023633 21.30264
0.2675322 -0.284146 0.3170488 -5.721756 0.7869923 21.98966
0.2777861 -0.2880523 0.3241289 -8.752291 -2.052702 22.76829
0.2841338 -0.2934234 0.3558671 -12.40114 -4.067969 23.01257
0.2870635 -0.313687 0.3844316 -13.05 -5.564153 23.14234
0.2936553 -0.3144195 0.4222734 -14.34008 -6.869496 23.45531
0.305374 -0.3212554 0.4562089 -13.80573 -7.136672 23.29501
0.3188018 -0.3232085 0.4889238 -14.1187 -7.335145 23.45531
0.3397979 -0.3251616 0.5189531 -13.65305 -6.79316 23.51638
0.3515166 -0.3195464 0.5475175 -14.01947 -5.373313 23.69195
0.3615264 -0.3210113 0.5663164 -13.53092 -4.28171 23.67669
0.3654326 -0.3012359 0.5802324 -13.95076 -2.480183 23.066
0.3791045 -0.2914702 0.5863359 -14.68359 -0.7626259 22.51638
0.3783721 -0.2890288 0.5936601 -17.26374 1.267908 22.27974
0.3947295 -0.3051421 0.5816972 -19.33244 3.779359 21.70722
0.3876494 -0.3027007 0.5885332 -21.47748 5.367145 21.84463
0.3939971 -0.3351714 0.5765703 -21.66832 8.687756 21.60798
0.3761748 -0.3476226 0.5558183 -20.96603 9.90913 21.72249
0.3600615 -0.3625152 0.5304277 -16.99656 10.86333 21.27974
0.340042 -0.3649566 0.5099199 -11.25611 11.51218 19.9973
0.3502959 -0.3793609 0.4811113 -3.301908 11.80226 18.42478
0.3407744 -0.3617827 0.4479082 -0.8438931 11.41295 17.82173
0.3229522 -0.3727691 0.4169023 1.896565 11.48928 17.38661
0.3056182 -0.3681304 0.3932207 3.972901 10.51982 17.56218
0.3002471 -0.3683745 0.3531816 5.316412 8.947298 17.28737
0.2943877 -0.3749663 0.3380449 6.140839 7.344244 17.33318
0.2960967 -0.3888824 0.3170488 7.033969 5.046535 17.60035
0.2904815 -0.3940093 0.3168046 7.324046 2.703023 18.34081
0.2841338 -0.4057281 0.3065507 8.217175 0.3976793 18.76829
0.2919463 -0.4103667 0.3048418 8.553053 -1.838962 19.56218
0.2899932 -0.4145171 0.322664 9.240076 -3.922931 20.26447
0.2980498 -0.4169585 0.3409746 9.385115 -5.587053 21.32554
0.3095244 -0.4189116 0.3668535 9.469084 -7.190107 22.08127
0.3410186 -0.4001128 0.437166 8.797329 -8.846596 24.89806
0.3607939 -0.3859527 0.4723222 8.140839 -8.518351 25.43241
0.3761748 -0.3698394 0.4852617 7.026336 -8.182473 25.87516
0.3700713 -0.3581206 0.5094316 2.743893 -6.304611 26.85226
0.4110869 -0.3700835 0.5287187 3.659923 -6.289343 26.9973
0.4084014 -0.3634917 0.5472734 5.43855 -4.900031 25.83699
0.4057158 -0.3627593 0.5575273 6.629389 -2.892397 25.47058
0.4044951 -0.3571441 0.5646074 6.972901 -1.609954 25.1805
0.3856963 -0.3515288 0.5782793 8.156107 -0.1061375 24.67669
0.3856963 -0.3485991 0.5585039 7.774427 2.527451 24.75302
