0.2934111 -0.3981597 0.5641191 -16.34771 -2.571786 10.38661
0.2912139 -0.4067046 0.5565507 -16.66832 -1.739725 9.539283
0.2746123 -0.4233062 0.5567949 -16.0958 -0.7320915 9.088901
0.2650908 -0.4389312 0.5406816 -15.98893 -0.2588092 8.333176
0.2606963 -0.459439 0.5433671 -15.1416 -0.113771 7.798824
0.2384795 -0.4806792 0.5345781 -15.10344 0.01600003 8.004931
0.2304229 -0.5175445 0.530916 -14.34008 0.4892824 8.508748
0.2353057 -0.5353667 0.5069902 -14.92023 0.1228702 9.607985
0.228958 -0.5434234 0.5074785 -16.04237 -0.07560301 11.10417
0.2328643 -0.5495269 0.5033281 -18.13397 -0.3962138 12.9515
0.2294463 -0.5568511 0.5003984 -19.46985 -0.4420153 14.56982
0.2196807 -0.5590484 0.4972246 -20.72939 -1.243542 16.02783
0.2160186 -0.5585601 0.501375 -21.0271 -1.609954 17.59272
0.2130889 -0.5600249 0.5128496 -20.26374 -1.838962 18.56218
0.216751 -0.5641753 0.5006425 -18.37824 -2.457283 19.34081
0.2216338 -0.5568511 0.5069902 -15.9584 -3.449649 19.58508
0.22554 -0.5453765 0.5148027 -13.92786 -3.785527 20.35608
0.2189482 -0.5356109 0.532625 -14.79809 -4.587053 21.05073
0.2443389 -0.55148 0.5536211 -11.76756 -4.869496 21.34844
0.2787627 -0.5104644 0.5602129 -11.89733 -3.533618 23.53165
0.2729033 -0.3876616 0.5731523 -14.30954 -4.052702 26.61562
0.3012236 -0.4757964 0.5875566 -14.43931 -1.869496 21.01257
0.2599639 -0.5060699 0.5965898 -16.01183 -2.709191 22.32554
0.2436064 -0.5273101 0.5980546 -14.34771 -2.602321 24.19577
0.2616729 -0.4865386 0.6004961 -9.653053 -1.258809 25.0202
0.2816924 -0.4689605 0.5953691 -7.225573 0.2831755 24.9515
0.2946318 -0.4411284 0.5660722 -5.011832 0.5885191 23.96676
0.2794951 -0.4279449 0.5296953 -3.500382 0.2450078 22.9515
0.2770537 -0.4218413 0.5174882 -1.576718 0.2450078 21.93623
0.2663115 -0.4013335 0.5006425 -0.6759543 -0.04506874 21.20341
0.2689971 -0.3866851 0.5028398 -0.01946592 -0.7855268 20.20341
0.263626 -0.398648 0.5086992 0.5835876 -0.8084274 19.34081
0.2751006 -0.4064605 0.5082109 2.133206 -0.9687328 18.21867
0.2777861 -0.4059722 0.5253007 0.9500003 -2.296977 17.43241
0.2606963 -0.4294097 0.5548418 -2.385878 -2.197741 17.10417
0.2704619 -0.4662749 0.5807207 -4.882061 -1.861863 17.14997
0.2797393 -0.4977691 0.5965898 -11.55382 -1.426748 19.20341
0.3009795 -0.5634429 0.6300371 -16.0271 0.8785954 19.83699
0.2824248 -0.5656402 0.6395586 -23.69885 1.748824 24.51638
0.2714385 -0.6147124 0.6390703 -22.13397 4.672489 26.16524
0.3051299 -0.5939605 0.6537187 -20.1645 5.367145 26.07363
0.3063506 -0.6083648 0.6444414 -24.9126 8.90913 29.34081
0.0780791 -0.6276519 0.6190507 -32.58435 11.79463 33.48585
0.2023467 -0.5812652 0.5455644 -38.73702 12.14577 36.59272
0.2492217 -0.6022613 0.4696367 -39.66832 13.93203 37.77592
0.2421416 -0.6300933 0.3431718 -30.06527 16.43585 34.21867
0.1947783 -0.6305816 0.2274492 -35.31718 2.932031 37.50111
0.08247364 -0.5744292 0.2333086 -23.36298 -0.7397252 34.48585
0.1876982 -0.6037261 0.2455156 -32.05763 3.878595 36.27211
0.1725615 -0.6344878 0.2528398 -36.88206 -2.144305 38.07363
0.1049346 -0.5356109 0.2923906 -50.69886 -7.106137 42.86753
0.121292 -0.6813628 0.2713945 -52.37825 -3.487817 45.36371
0.1425322 -0.6203277 0.2269609 -55.30954 -7.342779 49.26447
0.1635283 -0.6081206 0.2318437 -51.83626 -11.41912 49.1118
0.1886748 -0.617398 0.2345293 -48.44695 -14.21301 48.67669
0.2079619 -0.7121245 0.2171953 -35.01183 -16.48018 47.72249
0.22554 -0.6291167 0.2220781 -34.36298 -22.0298 50.20341
-0.02030957 -0.5089995 1.214021 158.805 -61.48782 158.7607
-0.03691113 -0.4997222 1.202303 164.1485 -58.59468 157.0507
-0.03691113 -0.4833648 1.191072 167.7821 -55.77789 155.4935
-0.03642285 -0.4997222 1.182527 170.0416 -53.31224 153.9362
-0.05082715 -0.4950835 1.158602 170.3775 -51.0756 153.0278
-0.05448925 -0.5119292 1.141023 172.7744 -49.52598 152.9515
-0.05668652 -0.5116851 1.127107 171.492 -47.31988 152.9668
-0.06303418 -0.5038726 1.116121 167.4843 -46.38094 153.6691
-0.05790722 -0.5129058 1.119783 160.6828 -44.63285 155.8904
-0.06694043 -0.5214507 1.125643 152.7133 -43.41148 158.7149
-0.05741894 -0.5260894 1.142488 143.5149 -42.49545 162.2187
-0.05180371 -0.5175445 1.190096 133.1103 -41.33514 166.2034
-0.04325879 -0.5107085 1.222078 124.5378 -39.51835 169.5011
-0.0559541 -0.5104644 1.283113 117.0187 -38.17484 172.4858
-0.05131543 -0.501187 1.347566 110.5912 -36.46492 175.5087
-0.05424511 -0.5151031 1.428865 106.5607 -34.23591 178.0202
-0.04570019 -0.5412261 1.500887 107.3393 -30.39621 180.7072
-0.03617871 -0.5160796 1.525301 110.4996 -21.08324 181.0889
-0.0493623 -0.4980132 1.594148 112.4386 -22.0756 182.7225
-0.03739941 -0.4765288 1.644441 117.2019 -14.60232 184.0965
-0.02299511 -0.4469878 1.649812 122.2553 -6.075603 184.5164
-0.01103222 -0.3959624 1.637117 128.4538 -0.4801832 184.8141
0.0006865263 -0.3632476 1.637605 134.4614 5.367145 183.2721
0.01484668 -0.3095366 1.628572 140.095 12.33661 181.1729
0.0221709 -0.2516753 1.611727 144.034 18.98547 178.7072
0.01167285 -0.2235991 1.605623 146.7592 26.09233 176.692
-0.003463864 -0.1672026 1.584383 151.2095 33.00837 173.0355
-0.01200879 -0.1459624 1.487215 157.3775 39.72593 166.1652
-0.05107129 -0.1090972 1.475496 158.8126 46.38241 166.982
-0.03446972 -0.003384277 1.462557 160.3164 50.81753 161.982
-0.07670605 -0.00851123 1.459139 164.6217 56.05417 153.1347
-0.1155244 0.004916504 1.410799 164.6141 61.78699 147.8446
-0.1436006 0.02151807 1.353426 164.3851 66.03889 144.0889
-0.1614228 0.06912549 1.319978 164.034 69.22974 142.0584
-0.1763154 0.1128267 1.30533 159.8431 71.48928 137.7683
-0.1462861 0.1218599 1.241121 156.3393 74.47401 132.1271
-0.1843721 0.1201509 1.22159 150.5988 75.82516 127.4171
-0.2004853 0.120395 1.208894 145.3317 76.74883 123.2263
-0.2244111 0.1123384 1.206697 138.8813 77.85569 120.211
-0.2273408 0.1150239 1.21451 132.6217 79.02363 117.4171
-0.2400361 0.101352 1.24283 126.9424 80.79462 115.6538
-0.2334443 0.0830415 1.263582 122.5073 83.14577 112.7912
-0.2383271 0.06106884 1.274324 118.866 85.41294 109.5851
-0.2317353 0.04739697 1.276521 115.866 88.16867 107.4706
-0.21904 0.04227002 1.279695 112.5378 90.64195 105.3408
-0.2141572 0.02933057 1.292879 110.4844 92.67249 103.3179
-0.2153779 0.03201611 1.28824 109.4691 95.74883 100.6538
-0.2112275 0.03592236 1.301668 109.1866 98.80225 98.74538
-0.2134248 0.04446729 1.27115 107.6828 102.0313 96.45531
-0.2153779 0.0505708 1.284578 106.0416 104.8939 93.91333
-0.2163545 0.06058056 1.249666 106.1943 108.1 91.14233
-0.2295381 0.08401806 1.246248 103.3928 111.1458 89.05836
-0.2297822 0.04349072 1.239168 104.2095 113.703 84.90569
-0.2197725 0.05545361 1.213777 98.47672 118.1687 84.84463
-0.2302705 0.1230806 1.147127 94.04924 120.8557 81.27974
-0.2385713 0.09305126 1.140047 90.46909 120.7107 78.65379
-0.2617646 0.07425244 1.135408 84.43092 123.016 78.16524
-0.2629853 0.09231884 1.134676 80.55305 125.5198 76.91333
-0.2585908 0.0932954 1.129061 75.03397 127.6725 75.69958
-0.2717744 0.07571728 1.12784 72.06451 129.3366 73.19577
-0.2783662 0.0686372 1.118807 68.48435 131.5656 71.82172
-0.2786103 0.05765088 1.118807 65.19427 133.3824 70.1576
-0.2751924 0.06131299 1.100496 63.179 135.016 68.66142
-0.2754365 0.05887158 1.085603 61.35458 136.2755 67.40188
-0.2732393 0.06253369 1.072908 59.45382 137.8633 65.73013
-0.2690889 0.06448681 1.050203 57.83549 138.6038 64.24157
-0.2795869 0.07010205 1.044832 56.86603 139.1763 62.43241
-0.2729951 0.08475048 1.02823 56.65229 139.4282 60.48585
-0.2690889 0.09891064 1.033846 56.95 140.3671 58.37897
-0.2610322 0.1181978 1.021394 56.24771 140.9091 56.19577
-0.2664033 0.1460298 1.013338 57.35458 141.1687 53.09653
-0.2595674 0.1523774 1.006746 59.55305 141.4969 49.68432
-0.2495576 0.139438 0.9984453 64.13321 142.5961 45.43241
-0.2471162 0.1799653 0.9837969 66.35458 143.0084 41.91333
-0.2458955 0.2200044 0.9808672 69.19427 143.6878 36.66905
-0.2456514 0.2136567 0.9586504 72.38512 145.8557 29.76829
-0.2436982 0.2190278 0.9305742 74.73626 146.0618 23.50111
-0.2476045 0.1889985 0.8878496 74.9271 147.0236 18.59272
-0.24321 0.1528657 0.8627031 75.42329 148.4129 13.60035
-0.2473603 0.1264985 0.8148516 74.14084 149.4359 10.0202
-0.2251436 0.1489595 0.7816484 63.38511 150.7106 9.272107
-0.2974092 -0.01095264 0.7779863 64.24008 148.558 5.317908
-0.2605439 0.04080518 0.7628496 60.53015 150.8404 4.035465
-0.2739717 -0.04855029 0.73575 65.54543 150.8252 -0.2393436
-0.2656709 -0.08419483 0.6971757 69.37748 148.1839 -3.643923
-0.2595674 -0.112271 0.6903398 70.60649 147.2297 -5.628656
-0.2690889 -0.1288726 0.654207 52.45382 142.3366 -3.056137
-0.284958 -0.1569487 0.6825273 51.31641 140.5732 -3.117207
-0.27446 -0.1552397 0.6983964 48.38511 139.5885 -2.651558
-0.2644502 -0.1564605 0.7211015 44.58359 139.3671 -1.99507
-0.2566377 -0.1530425 0.734041 41.89656 138.9549 -1.31568
-0.2388154 -0.1545073 0.7486894 41.34695 138.8862 -1.376747
0.2240752 -0.2467925 0.5377519 -2.775191 12.39768 15.77592
