0.3063506 -0.3405425 0.3968828 -38.70649 81.73356 57.51638
0.2848662 -0.3700835 0.3846757 -42.22557 78.74119 61.47058
0.2936553 -0.3581206 0.4010332 -40.90496 76.87859 64.38661
0.2951201 -0.3381011 0.4212968 -39.03473 78.1534 66.34081
0.2865752 -0.2897613 0.4327714 -36.86679 78.25264 67.60799
0.2777861 -0.259732 0.4498613 -39.83626 79.32897 69.71485
0.2646025 -0.2135894 0.4364336 -42.42405 80.55798 71.94386
0.2655791 -0.2265288 0.4391191 -45.22557 81.71828 74.19577
0.265335 -0.2560699 0.4444902 -45.94313 81.96256 76.34081
0.2611846 -0.251187 0.4601152 -46.46985 82.43584 77.19577
0.2682647 -0.1999175 0.449373 -49.44695 83.64195 78.79883
0.279251 -0.2323882 0.4501054 -46.85153 84.66486 80.39424
0.3000029 -0.2174956 0.4786699 -55.27901 84.84042 82.95913
0.3183135 -0.2277495 0.4881914 -50.63015 87.04653 81.56218
0.3388213 -0.2206694 0.4986894 -52.51565 89.05417 81.14233
0.3483428 -0.2023589 0.4879472 -53.49275 91.1076 80.66905
0.3500518 -0.2101714 0.4913652 -56.9584 93.37478 80.40951
0.3412627 -0.2187163 0.5047929 -56.94313 94.66486 79.12707
0.3346709 -0.2211577 0.5018632 -54.59199 95.86333 77.56982
0.3327178 -0.2257964 0.5196855 -50.92786 96.92439 75.29501
0.3319854 -0.2160308 0.5338457 -48.27137 98.1534 72.84463
0.3446807 -0.2050444 0.5438554 -45.33244 99.68012 69.71485
0.3288115 -0.1794097 0.5133379 -48.59199 101.3442 67.10417
0.3451689 -0.1337554 0.4635332 -58.80573 100.2297 66.08127
0.390335 -0.1068999 0.418123 -72.08817 99.06944 64.36371
0.3849639 -0.02462451 0.3995683 -93.73702 98.05417 66.07363
0.3754424 -0.05050342 0.3107011 -104.8821 98.38241 62.73013
0.3947295 0.03201611 0.2093828 -119.9508 90.43584 60.98203
0.4030303 0.05740674 0.1659257 -134.8363 83.45111 59.05074
0.4152373 0.07034619 0.1515214 -143.3248 77.61905 56.56218
0.4445342 0.09524853 0.09927535 -145.9279 70.86333 53.1347
0.4582061 0.1213716 0.07486129 -136.6989 62.00074 44.37135
0.451126 0.08328564 0.0875566 -118.2408 54.54272 34.98966
0.4220733 0.07010205 0.06973433 -100.3324 49.016 26.83699
0.3671416 0.09353954 0.07168746 -79.31718 41.61906 18.9286
0.3090361 0.07474072 0.08682418 -59.40115 33.80226 10.44768
0.2448272 0.07620556 0.1505449 -42.82863 27.70302 2.218672
0.2113799 0.06643994 0.2113359 -34.17214 23.71829 -3.727894
0.19429 0.03006299 0.2630937 -30.50801 19.70302 -8.544687
0.1857451 -0.01144092 0.3238847 -31.63779 17.66485 -11.59049
0.2057647 -0.04635303 0.3578203 -36.34008 15.86333 -13.10957
0.2406768 -0.05831592 0.3937089 -42.78283 14.24501 -13.69736
0.2592314 -0.101773 0.451082 -51.63779 14.45875 -13.62102
0.2824248 -0.1735503 0.4759843 -59.05 13.68776 -11.8424
0.2943877 -0.193814 0.5206621 -63.9584 13.44348 -10.14774
0.3158721 -0.2167632 0.5675371 -66.61488 13.1305 -8.857664
0.3239287 -0.237271 0.6183183 -68.53855 13.69539 -6.773695
0.3451689 -0.2577788 0.6586015 -69.30191 14.91676 -4.392015
0.3476104 -0.2577788 0.6881425 -66.28664 15.75646 -2.865297
0.3515166 -0.2487456 0.7171953 -63.53855 17.55035 -1.643923
0.3632354 -0.2453276 0.7367265 -60.12634 19.57325 -0.4607182
0.2631377 -0.249478 0.7743242 -53.96603 21.02363 -1.308046
0.3251494 -0.1811187 0.747957 -37.0271 23.51218 -4.964535
0.3896025 -0.1806304 0.7250078 -46.01183 28.06944 -1.330946
0.4086455 -0.1332671 0.7191484 -55.69886 28.31371 2.424778
0.3961943 -0.1820952 0.7320879 -66.37061 30.71066 6.936229
0.3944854 -0.02340381 0.7220781 -82.08054 33.51218 11.73012
0.4186553 -0.02438037 0.7616289 -73.99656 30.58852 6.68432
0.4293975 -0.03487842 0.7887285 -86.0958 37.88623 7.058367
0.4459991 -0.0509917 0.7438066 -75.27901 40.00837 3.356077
0.4442901 -0.08224171 0.7482011 -76.1874 42.09234 4.00493
0.3871611 -0.09103077 0.7474687 -67.58435 43.20684 1.783558
0.3610381 -0.122769 0.7386796 -48.56145 45.74883 -2.651558
0.3444365 -0.1164214 0.7096269 -34.08054 48.41295 -6.819496
0.3163604 -0.117398 0.6666582 -19.38588 50.42058 -10.8653
0.2807158 -0.1208159 0.61783 -13.11107 52.34425 -12.70499
0.2499541 -0.1481597 0.570955 -10.79046 52.93203 -12.9569
0.2082061 -0.1569487 0.5384843 -11.56908 53.05417 -12.49888
0.1884307 -0.1952788 0.5072343 -9.64542 53.31371 -11.59812
0.1806182 -0.2301909 0.4635332 -1.401145 53.07707 -12.7508
0.1864775 -0.251187 0.405916 4.637022 51.45875 -12.03324
0.1908721 -0.273648 0.3722246 7.881298 47.68012 -10.43782
0.1483916 -0.2611968 0.3514726 12.95763 44.67249 -9.895832
0.1613311 -0.2350737 0.3312089 11.71336 40.74883 -9.132473
0.1828154 -0.2633941 0.324373 10.31641 37.9015 -8.514153
0.2165068 -0.2399565 0.3248613 1.133206 33.47402 -5.834763
0.2328643 -0.2900054 0.3465898 -5.637786 29.16104 -4.651558
0.241165 -0.33273 0.3680742 -4.828626 25.48165 -4.369114
0.2660674 -0.3713042 0.3895586 -5.920229 22.49692 -2.384382
0.274124 -0.4110991 0.4132402 -3.469847 17.66485 -0.7126255
0.3007354 -0.4137847 0.4425371 -4.866794 13.59615 2.585085
0.3019561 -0.4360015 0.4767168 -0.660687 10.74883 3.974398
0.3139189 -0.4262359 0.5074785 2.537786 6.710657 5.928596
0.307083 -0.4362456 0.5401933 5.659923 3.840427 8.409512
0.3214873 -0.3905913 0.5724199 6.896565 0.03890085 10.87516
0.3314971 -0.3800933 0.61783 7.293511 -1.602321 13.34081
0.3371123 -0.3666656 0.6520097 3.919466 -3.938199 17.10417
0.3373564 -0.3532378 0.6861894 5.46145 -6.098504 19.85989
0.8390655 -0.2138335 0.732332 -0.5080156 14.19921 -18.65919
0.8188018 -0.2380034 0.7215898 -11.92786 20.84043 -11.06377
0.8112334 -0.2550933 0.7030351 -14.13397 22.42058 -9.23171
0.813919 -0.2729156 0.6827714 -16.76756 24.22974 -7.727894
0.7978057 -0.2738921 0.6825273 -17.80573 24.58088 -5.964535
0.7875518 -0.273648 0.6439531 -15.40115 26.00073 -5.758427
0.8222198 -0.2812163 0.6280839 -23.1187 25.09997 -2.941633
0.8356475 -0.2985503 0.5990312 -26.85153 23.9931 0.1652374
0.8429717 -0.3383452 0.6034257 -32.25611 22.61905 3.455313
0.8095244 -0.3586089 0.6078203 -29.38588 21.39768 5.462947
0.8058623 -0.2653472 0.5963457 -47.26374 17.52745 12.10417
0.8366241 -0.3329741 0.642 -41.0271 16.64959 12.12707
0.8830108 -0.3180816 0.6534746 -42.57672 18.84043 13.19577
0.8783721 -0.3329741 0.5834062 -37.75993 19.44348 13.98966
0.8673858 -0.3683745 0.5541093 -31.9126 17.42821 14.12707
0.8505401 -0.3925445 0.5235918 -26.56908 15.52745 14.24157
0.8427276 -0.4308745 0.4984453 -16.58435 13.48928 16.66905
0.8241729 -0.4545562 0.4691484 -6.263741 10.48928 18.63852
0.798294 -0.4135406 0.4537675 -1.202672 4.977832 22.22631
0.8258819 -0.3913238 0.4671953 5.797328 0.4587481 24.21867
0.8422393 -0.3627593 0.5201738 8.018702 -2.510718 26.72249
0.8332061 -0.337857 0.5458086 9.056871 -4.243542 29.11943
0.8405303 -0.3102691 0.5919511 7.255343 -6.541252 32.08127
0.8480987 -0.2934234 0.6319902 4.163741 -7.182473 35.1347
0.857376 -0.2663238 0.6747148 1.072137 -7.419115 38.23394
0.8632354 -0.2629058 0.7120683 -3.469847 -6.556519 41.70722
0.8603057 -0.2377593 0.716707 -6.737023 -5.991633 44.81409
0.87471 -0.2079741 0.734041 -10.06527 -5.442015 47.85989
0.8825225 -0.1786772 0.7301347 -13.29428 -5.052702 50.55455
0.8947295 -0.1571929 0.7640703 -14.9355 -4.060336 53.05074
0.8883819 -0.1320464 0.7679765 -14.40114 -3.006901 55.16524
0.8778838 -0.09054249 0.7853105 -12.0958 -2.182473 55.78355
0.8700713 -0.02926318 0.7916582 -10.45458 -1.045069 56.71485
0.796585 0.05618603 0.7777421 -11.96603 2.626687 58.37897
0.8393096 0.01639111 0.7538164 -18.66069 1.458748 59.70722
0.8966826 0.08597118 0.7430742 -16.0271 0.4511144 56.71485
0.9425811 0.1028169 0.8253496 -15.77519 0.573252 54.76066
0.9738311 0.1150239 0.8446367 -15.69885 6.779358 52.28738
0.978958 0.1094087 0.8233965 -13.83626 7.924397 50.77592
0.978958 0.1213716 0.8136309 -15.01183 8.710657 48.78356
0.9586944 0.1443208 0.8258379 -15.61489 10.72592 46.79119
0.9296416 0.1628755 0.8309649 -14.51565 12.19921 44.30264
0.9293975 0.1758149 0.8307207 -11.83626 14.30608 41.50111
0.921585 0.203647 0.8297441 -8.088168 15.19921 36.56218
0.9291533 0.2243989 0.841707 -4.34771 16.69539 30.74539
0.9213408 0.2275728 0.8314531 -3.866794 19.58852 26.48585
0.9228057 0.2383149 0.8209551 -4.675954 21.76409 21.39425
0.9257354 0.2353853 0.796541 -5.591985 22.95493 16.77592
0.919876 0.2373384 0.7706621 -6.698855 23.97783 12.25684
0.9101104 0.2268403 0.7320879 -5.813359 24.09233 7.546916
0.9108428 0.2204927 0.7052324 -4.912596 24.23737 2.966763
0.8930205 0.2021821 0.6849687 -1.05 23.66485 -1.697359
0.886917 0.181186 0.6642168 4.850763 23.1534 -6.376747
0.8732451 0.1711763 0.6520097 11.21718 22.39005 -11.41492
0.8822783 0.1548188 0.6437089 15.82023 21.60379 -15.21644
0.8783721 0.1521333 0.638582 18.25534 21.00073 -18.43782
0.8798369 0.1352876 0.6271074 19.60649 20.35188 -21.24698
0.8817901 0.1113618 0.6390703 20.01107 19.67249 -23.50652
0.8913116 0.08890087 0.6339433 19.00344 19.25264 -25.18591
0.9020537 0.0608247 0.6451738 16.73626 19.46638 -25.72026
0.8954619 0.02444775 0.652498 14.82023 19.84043 -26.51415
0.900833 -0.01144092 0.6581132 12.82023 19.68012 -26.39202
