0.5478057 0.03934033 0.5213945 -11.67595 8.527451 19.02783
0.5456084 0.03885205 0.5162675 -11.43168 8.519817 19.40951
0.5404815 0.03836377 0.5133379 -11.0271 8.855694 19.47821
0.5390166 0.03885205 0.5072343 -10.39351 8.367146 19.31791
0.5314483 0.04104932 0.5106523 -10.21031 8.306076 19.51638
0.5277862 0.0403169 0.4999101 -10.37061 8.367146 19.63089
0.5146026 0.04422315 0.4977129 -10.70649 8.214474 19.60035
0.5163116 0.04080518 0.5067461 -11.43931 8.084702 20.11943
0.5106963 0.03860791 0.501375 -12.1416 7.893862 20.066
0.5097198 0.03714307 0.5055254 -12.61489 7.573252 20.52402
0.5104522 0.03103955 0.5043046 -13.04237 7.344244 20.48585
0.5141143 0.03030713 0.5060136 -13.17977 7.12287 20.47821
0.5126494 0.03348096 0.5023515 -13.38588 6.474016 20.72249
0.5202178 0.0205415 0.5104082 -13.19504 5.947298 21.27974
0.5197295 0.01248486 0.5045488 -13.38588 5.680122 21.45531
0.5221709 0.01785596 0.4984453 -13.33244 5.306077 21.66142
0.525833 0.01639111 0.4977129 -13.1645 4.619053 21.87516
0.5299834 0.01346143 0.4972246 -12.65305 4.260275 22.05073
0.5407256 0.01297314 0.4938066 -12.35534 3.90913 22.14234
0.5424346 0.008822754 0.4899004 -11.87443 3.535084 22.21867
0.550003 0.004428223 0.4986894 -11.65305 3.283175 22.18814
0.5575713 0.002719238 0.4884355 -10.79809 2.901496 21.98203
0.5673369 0.0007661134 0.4950273 -9.912596 2.794626 22.07363
0.5692901 0.005160645 0.4930742 -9.462214 2.405313 21.89043
0.5746612 -0.0006987304 0.4891679 -9.126336 2.138137 22.08127
0.5731963 3.369152e-05 0.496248 -9.622519 2.016 22.11943
0.5705108 -0.006069824 0.5016191 -10.01947 1.977832 21.85989
0.5692901 -0.0002104491 0.5130937 -10.83626 2.069435 22.01257
0.5568389 0.001498535 0.5165117 -11.48512 2.031267 21.9744
0.5543975 0.001254395 0.5294511 -12.30954 2.20684 22.12707
0.5426787 0.006625488 0.5304277 -12.97366 2.290809 22.0202
0.543167 0.004916504 0.5323808 -13.34771 2.580885 21.50875
0.5368194 0.007602051 0.5367754 -13.76756 2.886229 21.50111
0.5331573 0.01248486 0.529207 -13.94313 3.176305 21.27211
0.5285186 0.008090332 0.543123 -13.75229 3.31371 20.98203
0.5255889 0.01053174 0.5531328 -13.66069 3.542717 20.69959
0.5248565 0.0115083 0.5597246 -13.1187 3.764091 20.45531
0.5319366 0.01761182 0.5536211 -12.92023 4.092336 20.17287
0.5319366 0.01712353 0.5506914 -12.38588 4.145771 20.1347
0.5360869 0.02518018 0.5477617 -12.30954 4.405313 19.68432
0.5341338 0.0205415 0.5519121 -12.24847 4.657221 19.63089
0.5319366 0.02176221 0.5538652 -11.90496 4.512183 19.46295
0.5302276 0.02200635 0.5619218 -12.59962 4.664855 19.64615
0.5246123 0.03250439 0.5577714 -13.20267 5.008367 19.47821
0.5216826 0.03470166 0.5597246 -13.77519 5.306077 19.44005
0.5231475 0.02933057 0.5543535 -14.53855 5.527451 19.26447
0.5189971 0.03470166 0.5575273 -15.55382 5.817526 19.47821
0.5233916 0.04202588 0.5504472 -16.1187 6.344244 19.14234
0.5172881 0.0349458 0.5585039 -16.78283 6.374778 18.71486
0.5182647 0.04300244 0.5555742 -16.95076 6.451114 18.54692
0.5211944 0.0427583 0.5494707 -17.08053 6.550352 18.16524
0.5177764 0.0481294 0.5497148 -17.01947 6.764092 17.92096
0.5189971 0.04886182 0.532625 -16.92023 6.664855 17.52402
0.5180205 0.04593213 0.5406816 -16.28664 6.588519 17.0431
0.5185088 0.04837354 0.5355546 -15.27137 6.535084 16.33318
0.5236358 0.04861768 0.5318925 -14.08817 6.008366 15.86753
0.5282744 0.04300244 0.5296953 -12.78282 6.168672 15.02783
0.4879912 -0.07638233 0.6988847 23.93473 -4.098504 12.19577
0.5670928 0.001498535 0.6595781 17.98817 20.71829 34.76066
0.5492705 0.008822754 0.6588457 15.69046 22.31371 35.75302
0.5399932 0.005404785 0.6400468 13.53779 23.54272 36.87516
0.5126494 0.005404785 0.6151445 11.87366 24.79463 37.12707
0.471878 -0.01559131 0.5802324 14.32405 27.03127 36.42478
0.4762725 -0.005825684 0.508455 16.56832 24.55798 36.17287
0.5060576 0.01053174 0.5094316 10.09504 23.26027 38.98203
0.5207061 0.03348096 0.5467851 4.301145 23.35951 39.98203
0.5285186 0.02542432 0.576082 -0.141603 23.57325 41.27211
0.5375518 0.03592236 0.5804765 -2.263741 23.98547 41.77592
0.5263213 0.03079541 0.5685136 -4.340076 24.90149 42.41714
0.513626 0.01980908 0.5619218 -4.141603 25.1076 42.24157
0.5124053 0.03250439 0.5357988 -4.248473 24.64959 42.34844
0.5106963 0.04739697 0.5221269 -4.530916 24.07707 42.47821
0.5082549 0.0481294 0.5196855 -5.019465 23.45875 42.37135
0.5121612 0.06399853 0.5157793 -6.408779 22.65722 42.73775
0.5194854 0.05935986 0.527498 -7.508016 22.37478 42.61562
0.527542 0.06473095 0.5409257 -8.996565 21.77172 42.68432
0.5307158 0.07352002 0.541414 -10.34008 21.9244 42.39425
0.5375518 0.08157665 0.5419023 -11.79046 21.52745 42.27974
0.5509795 0.1001313 0.5445879 -13.41641 21.45875 41.55455
0.5548858 0.1018403 0.5323808 -15.20267 21.34424 41.1347
0.5514678 0.111606 0.5306718 -17.35534 21.04653 40.57745
0.5563506 0.116977 0.5316484 -19.38588 20.77936 40.00493
0.5541533 0.123813 0.525789 -20.33244 20.62669 39.07363
0.5597686 0.1328462 0.527498 -20.87443 20.44348 37.75302
0.5731963 0.1413911 0.5321367 -20.52328 20.02363 36.45531
0.5780791 0.1367524 0.5443437 -20.06527 19.9931 34.51638
0.5827178 0.1421235 0.5331132 -19.72939 19.9244 33.0202
0.5941924 0.1367524 0.5475175 -19.22557 20.13814 31.37898
0.6066436 0.1372407 0.5533769 -19.47748 20.20684 30.14234
0.6176299 0.1345552 0.546541 -19.19504 20.29844 28.86753
0.6417998 0.1025728 0.543123 -17.40878 20.57325 27.61562
0.6615752 0.09817822 0.5375078 -15.27901 20.65722 26.36371
0.6630401 0.08890087 0.5338457 -13.63015 21.0618 25.26447
0.6618194 0.09500439 0.5223711 -13.08053 21.06944 24.90569
0.6581573 0.08792431 0.5157793 -13.32481 21.0618 24.58508
0.6398467 0.08719189 0.5128496 -13.66832 21.17631 24.40951
0.610794 0.08060009 0.5035722 -12.24847 20.95493 23.69195
0.6054229 0.08328564 0.5028398 -9.133969 20.11524 23.23394
0.5949248 0.08279736 0.5079668 -5.034733 19.51218 22.10417
0.5807647 0.08084423 0.5196855 -0.5996184 19.19157 20.77592
0.5834502 0.07352002 0.5123613 3.637022 19.09997 19.98966
0.5670928 0.05130322 0.510164 11.46145 19.1305 17.73775
0.5678252 0.03226025 0.48575 19.91947 18.80226 15.66142
0.5802764 0.04202588 0.4796464 22.62939 15.88623 15.9973
0.6000518 0.05472119 0.5016191 21.49199 14.39768 15.96676
0.6151885 0.05252392 0.5389726 18.68283 14.77172 16.9286
0.6244658 0.04373487 0.5511796 13.64466 14.30608 18.22631
0.6256866 0.04104932 0.5660722 9.324047 14.48928 19.0431
0.6278838 0.0349458 0.5692461 4.293511 15.04653 20.31027
0.6222686 0.04202588 0.5836504 -1.164504 15.16867 21.21867
0.6139678 0.04129346 0.5702226 -4.889695 15.9473 21.41714
0.605667 0.03787549 0.5592363 -6.401145 16.51982 21.73775
0.5763701 0.03738721 0.5433671 -6.813359 16.77172 21.35608
0.558792 0.04202588 0.5372636 -5.271374 16.78699 20.66905
0.5485381 0.03079541 0.5226152 -2.485115 16.50455 19.44005
0.5312041 0.0205415 0.511873 -0.0423665 15.77172 18.25684
0.5387725 0.03103955 0.517 1.408015 15.53508 17.24157
0.5434112 0.03128369 0.5233476 1.125573 15.55798 16.29501
0.5551299 0.04715283 0.5184648 -0.6759543 15.29081 16.10417
0.5756377 0.06131299 0.5111406 -5.530916 14.36714 16.44768
0.5836944 0.06351025 0.5216386 -13.92786 15.27554 17.36371
0.5841826 0.05472119 0.5296953 -23.05 15.55035 18.87516
0.5609893 0.03470166 0.5245683 -31.9584 16.14577 20.31027
0.3273467 0.0493501 0.546541 -44.94313 18.60379 25.24157
0.1476592 0.1487153 0.451082 -44.99657 26.19921 20.55455
0.07417285 0.001254395 0.3802812 -43.56908 17.90149 18.73775
0.2021025 -0.04073779 0.296541 -31.39351 7.328977 13.93623
0.3253936 -0.04415576 0.3316972 -24.9355 4.214473 13.82173
0.4264678 -0.05440967 0.3959062 -22.60725 0.6801221 13.66905
0.5580596 -0.03951709 0.4410722 -14.71412 -0.9534657 13.61562
0.6813506 -0.03146045 0.4830644 -14.86679 -3.342779 17.31027
0.8039092 -0.02218311 0.5401933 -20.32481 -5.838962 22.00493
0.8808135 -0.06002491 0.6261308 -13.72939 -2.594687 23.9744
0.8925323 -0.1132476 0.6278398 -2.385878 -0.6252213 24.28737
0.8915557 -0.08810108 0.5809648 8.575954 -3.190107 26.0889
0.8734893 -0.07394092 0.5841386 16.27824 -3.564153 28.77592
0.8288116 -0.06002491 0.576082 25.47672 -3.17484 29.67669
0.7719268 -0.06930225 0.5592363 33.20191 -3.884763 31.44004
0.7326201 -0.04024951 0.539705 36.39275 -5.869496 33.66905
0.6972198 -0.01559131 0.5336015 36.21717 -6.87713 36.53165
0.666458 -0.009243652 0.5401933 35.35458 -8.945832 39.18814
0.6396026 0.01663525 0.5626543 33.51488 -10.0527 41.05074
0.6334991 0.04739697 0.5773027 31.9042 -10.9153 42.36371
0.6371612 0.07352002 0.5897539 30.0187 -12.38858 43.98966
0.6205596 0.07034619 0.6139238 29.73626 -14.04507 44.02783
0.6220244 0.08157665 0.6273515 30.65993 -14.11377 43.53928
0.621292 0.0986665 0.6400468 33.36985 -15.46492 42.79119
0.6061553 0.1091645 0.6529863 36.38511 -14.11377 41.16524
0.6139678 0.1181978 0.6656816 40.43092 -14.15957 39.39425
0.5216826 -0.1176421 0.5079668 -12.59962 4.115237 13.1576
