0.1150552 -1.774963 0.4569502 152.315 -260.6446 50.61243
0.4339028 -1.774963 0.5155439 147.7043 -251.1637 84.16205
0.2566567 -1.774963 0.9891768 153.315 -269.1713 99.22311
0.5327798 -1.774963 1.445476 153.5135 -221.4995 143.3453
0.7053872 -1.774963 1.34489 163.5516 -209.4232 158.9101
0.6016274 -1.774963 1.516032 165.8417 -200.0568 179.0704
0.6109048 -1.762756 1.577556 173.6585 -185.1026 194.6048
0.5813638 -1.549377 1.669353 172.5974 -172.4461 212.5285
0.6143228 -1.391662 1.692302 175.4753 -151.9423 225.2308
0.5908853 -1.257141 1.699382 180.3608 -133.3316 234.2766
0.5510903 -1.132141 1.633708 182.2921 -118.0873 244.2155
0.4871255 -1.026428 1.509929 183.2005 -108.7209 251.8109
0.4661294 -0.9507441 1.428874 181.3608 -99.89648 251.8109
0.5034829 -0.9031366 1.37028 188.2692 -93.36214 251.8109
0.5471841 -0.8767694 1.361979 194.7348 -83.63695 251.8109
0.5506021 -0.8765253 1.288981 204.4753 -73.05679 251.8109
0.6121255 -0.7808222 1.215495 204.2081 -63.81252 251.8109
0.5654946 -0.7273554 1.174968 209.7043 -58.88122 251.8109
0.5115396 -0.5711054 1.075847 211.1089 -50.59114 251.8109
0.5755044 -0.5151972 0.9054365 214.1699 -50.56824 251.8109
0.6087075 -0.424621 0.8671064 208.9257 -48.14076 251.8109
0.6069985 -0.4309687 0.8153486 211.1699 -48.77435 251.8109
0.6184731 -0.3489374 0.774333 206.5135 -47.30107 251.8109
0.6570474 -0.3245233 0.6778975 204.4371 -50.22473 251.8109
0.6897622 -0.2378534 0.6315107 203.7654 -50.39267 251.8109
0.7402993 -0.2136835 0.569499 204.3073 -51.42321 251.8109
0.7964517 -0.1384882 0.520915 201.6203 -54.1484 251.8109
0.8381997 -0.1289667 0.4359541 198.5974 -57.36977 251.8109
0.8980142 -0.09356628 0.3868818 196.5974 -60.13313 251.8109
0.9680825 -0.05255066 0.3451338 190.9944 -64.46138 251.8109
1.043034 -0.014953 0.2872725 190.6814 -67.64458 251.8109
1.077458 -0.01153503 0.1793623 195.8722 -72.47664 251.8109
1.122868 0.1129767 0.1044111 192.544 -83.82016 251.8109
1.177067 0.04779114 0.01334667 193.2768 -86.0797 251.8109
1.267887 0.1693732 0.03946972 184.5516 -106.9805 251.8109
1.297184 0.7396856 0.00480175 186.6738 -91.33923 251.8109
0.9519692 1.568787 -0.1277666 156.2539 -135.0339 251.8109
1.308903 1.384461 -0.002522469 141.2921 -141.9728 251.8109
1.381413 0.6979376 0.2508955 172.2157 -135.6599 251.8109
1.455143 0.8771368 0.04337597 174.1852 -138.9499 251.8109
1.507389 1.052918 -0.05598927 187.8951 -153.6064 251.8109
1.543034 1.216981 0.02604198 166.9944 -158.4003 251.8109
1.61237 1.52118 0.06730175 138.1852 -183.5835 251.8109
1.738346 1.538514 0.107585 138.7425 -191.6522 251.8109
1.769596 1.7016 0.1525068 138.2844 -198.4003 251.8109
1.781803 1.710633 0.2789717 142.0783 -205.7056 251.8109
1.873112 1.789246 0.2860518 132.8264 -203.4995 251.8109
1.969303 1.896668 0.2623701 132.2463 -212.9576 251.8109
1.784 2.224976 1.85905 30.05544 -113.2018 -146.586
2.289799 0.6102911 -0.09334278 -230.6163 231.0959 -248.4563
2.289799 0.1303107 -0.2605791 -230.6163 231.0959 -248.4563
2.289799 -0.4602655 -0.2605791 -230.6163 231.0959 -248.4563
2.289799 -0.2998651 -0.2605791 -230.6163 231.0959 -248.4563
2.289799 -0.3511347 -0.2605791 -230.6163 231.0959 -248.4563
2.289799 -0.7383417 -0.2605791 -230.6163 231.0959 -248.4563
2.289799 -1.272277 -0.2605791 -230.6163 231.0959 -248.4563
2.289799 -1.240783 -0.2605791 -230.6163 231.0959 -248.4563
2.289799 -1.522521 -0.2605791 -230.6163 231.0959 -248.4563
2.289799 -1.636047 -0.2605791 -230.6163 231.0959 -248.4563
2.289799 -1.774963 -0.2605791 -230.6163 231.0959 -248.4563
2.289799 -1.774963 -0.2605791 -230.6163 231.0959 -248.4563
2.289799 -1.774963 -0.2605791 -230.6163 231.0959 -248.4563
2.270084 -1.774963 -0.2605791 -230.6163 231.0959 -248.4563
0.8862954 -1.774963 -0.2605791 -230.6163 231.0959 -248.4563
-0.6744956 -1.774963 -0.2605791 -194.2346 231.0959 -248.4563
-0.9503745 -1.774963 -0.2605791 -106.6927 128.7524 -248.4563
-0.6691245 -1.774963 -0.2605791 59.47528 26.56916 -212.1128
-0.3473472 -1.774963 -0.2605791 269.6508 -28.07969 -190.6471
-1.10931 -1.774963 -0.2605791 269.6508 -114.0263 -146.4868
-1.652767 -1.774963 -0.2605791 269.6508 -170.5301 -105.3112
-1.705257 -1.774963 -0.2605791 210.3531 -205.553 -58.20437
-1.690609 -1.774963 -0.2605791 169.918 -244.0797 -16.2349
-0.8468589 -1.774963 -0.2605791 105.5516 -251.9499 31.86434
-0.5114097 -1.774963 -0.2605791 77.86459 -269.1713 78.21548
-0.2443198 -1.774963 -0.2605791 77.9562 -269.1713 100.0246
0.135563 -1.774963 -0.2317705 81.67375 -269.1713 159.0018
0.3711587 -1.774963 -0.04646778 89.83406 -269.1713 193.3376
0.6035806 -1.774963 0.002116203 89.62796 -269.1713 221.1697
0.6756021 -1.774963 0.4103193 89.40659 -269.1713 251.8109
1.239323 -1.774963 0.8793135 83.35315 -269.1713 251.8109
1.088688 -1.774963 1.121745 106.6356 -263.2553 251.8109
0.9216958 -1.774963 1.087321 110.8188 -259.1484 251.8109
0.9583169 -1.661682 1.222819 113.628 -246.6293 251.8109
0.9053384 -1.262512 1.343181 121.0936 -239.3163 251.8109
0.9500161 -1.120422 1.409587 132.7272 -220.5911 251.8109
0.9234048 -1.016174 1.396403 128.9257 -204.1484 251.8109
0.8950845 -0.9409784 1.338298 130.3837 -192.9499 251.8109
0.9336587 -0.882873 1.274577 129.2692 -183.3011 251.8109
0.9829751 -0.8254999 1.25529 130.2005 -174.095 251.8109
1.0882 -0.7681269 1.208659 131.3226 -165.4537 251.8109
1.082829 -0.7713007 1.169353 135.3379 -156.3621 251.8109
1.0882 -0.6995234 1.120036 140.4829 -151.0339 251.8109
1.096256 -0.6716913 1.095622 145.0707 -144.5377 251.8109
1.127995 -0.5776972 1.074382 145.6051 -140.0873 251.8109
1.162174 -0.5989374 1.00529 151.9944 -137.0263 251.8109
1.16071 -0.5337519 1.028728 162.7654 -134.6522 251.8109
1.226627 -0.468078 0.9737959 174.4066 -128.7133 251.8109
1.282047 -0.3914179 0.8756514 183.5135 -124.7514 251.8109
1.295719 -0.3533319 0.8070478 191.002 -128.4232 251.8109
1.4007 -0.2351678 0.7189131 192.6203 -124.3011 251.8109
1.494694 -0.233703 0.6879072 198.2997 -130.3621 251.8109
1.527165 -0.1614374 0.590251 206.1318 -131.9423 251.8109
1.564274 -0.07940613 0.5475264 213.7577 -132.9576 251.8109
1.622379 0.007507935 0.479167 217.1012 -136.7438 251.8109
1.705875 0.07244934 0.4139814 220.0631 -141.7209 251.8109
1.790836 0.06976379 0.3431807 226.5592 -145.5911 251.8109
1.868473 0.1244513 0.2897139 252.231 -149.8507 251.8109
2.0965 0.4015509 0.269206 269.6508 -145.5835 251.8109
2.116276 1.55658 -0.2605791 269.6508 -151.9728 251.8109
1.773991 1.971619 0.001383781 230.9486 -218.5759 251.8109
2.089909 1.465272 0.27946 221.0325 -189.6369 251.8109
1.894352 1.238709 0.2225752 212.7806 -185.1331 251.8109
1.732487 1.227234 0.02482128 211.1547 -209.5377 251.8109
1.986881 1.443299 0.2440596 204.918 -221.0263 251.8109
2.025455 1.51532 0.3275557 195.5898 -225.9652 251.8109
2.035709 1.613953 0.3800459 196.8188 -236.6675 251.8109
2.286686 1.916443 0.3614912 189.3608 -238.4232 251.8109
2.128727 1.983582 0.6251631 189.9486 -238.9957 251.8109
2.238834 2.080262 0.6107588 200.5058 -239.6751 251.8109
2.195133 2.130067 0.6793623 203.7883 -241.1408 251.8109
2.184879 2.190858 0.6908369 205.3913 -242.7514 251.8109
2.276432 2.224976 0.6769209 199.6814 -249.385 251.8109
2.27985 2.224976 0.8116865 202.5364 -248.3087 251.8109
2.271061 2.224976 0.9039717 200.6432 -248.011 251.8109
2.219059 2.224976 0.9784346 200.5135 -237.9728 251.8109
2.260563 2.224976 1.002116 196.5669 -237.7056 251.8109
2.281315 2.224976 1.107097 192.4295 -236.9576 251.8109
2.289799 2.224976 1.21989 185.1699 -235.8812 251.8109
2.289799 2.224976 1.372233 175.8035 -238.7591 251.8109
2.289799 2.224976 1.464519 178.4447 -232.2476 251.8109
2.289799 2.224976 1.667888 179.7043 -213.5911 251.8109
2.289799 2.224976 1.959147 184.7577 -211.6751 251.8109
2.289799 2.224976 2.127116 209.3684 -201.0034 243.5819
2.289799 2.224976 2.303874 218.0631 -165.5606 217.3453
2.289799 2.224976 2.554606 221.1012 -130.8965 193.8796
2.289799 2.224976 2.66447 218.0707 -98.03389 171.0094
2.289799 2.224976 2.676677 186.8875 -69.05679 148.2231
2.289799 2.224976 2.696696 154.399 -36.91176 121.9788
2.289799 2.224976 2.722087 106.2615 -1.927023 95.77274
2.262516 -1.774963 -0.2605791 -230.6163 231.0959 -248.4563
-0.5577964 -1.774963 -0.2605791 92.29971 -269.1713 31.23075
-0.1115073 -1.774963 -0.2605791 125.9715 -269.1713 36.31472
-0.06365576 -1.774963 -0.2605791 134.3608 -269.1713 53.11625
0.2705728 -1.774963 0.1315107 168.3531 -269.1713 84.79563
0.5564614 -1.774963 0.4393721 188.0325 -269.1713 109.1086
0.6607095 -1.774963 0.803874 206.773 -269.1713 132.8185
0.7598306 -1.774963 1.031169 229.0936 -269.1713 157.1163
0.7927896 -1.774963 1.278728 244.8341 -269.1713 172.8949
0.8440591 -1.774963 1.609294 267.605 -264.011 198.0475
0.8135415 -1.512023 1.595134 269.6508 -237.1637 212.0857
