0.8762442 0.3612534 1.428095 38.42501 -245.5559 187.2612
0.9475332 0.4711167 1.480341 30.56241 -242.4872 185.1696
0.952416 0.4357163 1.583368 26.60822 -233.7009 182.2764
0.9875723 0.3903061 1.550653 29.53188 -220.3727 177.5741
0.905541 0.6486069 1.696649 46.63875 -206.9528 173.6352
0.8039785 0.7360092 1.899286 4.936458 -223.0597 167.9634
0.8550039 0.5294662 1.84289 5.142565 -209.2734 163.7573
0.8071524 0.5421616 1.946161 9.806687 -197.5712 155.7192
0.7695547 0.5770737 1.973017 12.15783 -186.3956 148.7421
0.7253652 0.5853745 2.022333 13.08913 -171.8536 142.8337
0.6682363 0.622728 2.084833 10.74562 -160.4566 138.6276
0.596459 0.6271225 2.100702 9.241801 -149.8078 134.3757
0.5559316 0.603685 2.063105 10.95936 -139.0979 130.2535
0.4939199 0.6398178 2.069696 8.844855 -129.907 125.994
0.5029531 0.6144272 2.002314 8.98226 -118.3116 121.8108
0.4582754 0.6139389 1.981073 11.03569 -105.3803 113.597
0.3452383 0.692308 2.013544 6.180733 -102.3956 111.5436
0.3178945 0.6718002 1.97204 3.844855 -100.4719 110.9711
0.3342519 0.6537338 1.900507 4.371572 -93.47191 105.7115
0.2817617 0.6803452 1.886835 4.654015 -86.36504 100.5207
1.752953 -0.2368911 0.6883487 -13.26965 246.0243 -137.2961
1.762719 -0.3355239 0.4456729 -16.77346 246.0243 -122.4259
1.724877 -0.3484634 0.319208 -23.36125 246.0243 -118.9678
1.61892 -0.3953384 0.1529483 -26.41469 246.0243 -111.4717
1.613549 -0.4002212 -0.04480565 -24.24675 246.0243 -108.8075
1.558129 -0.4048599 -0.06165135 -27.59026 246.0243 -106.6854
1.488549 -0.4763931 -0.06165135 -23.85744 246.0243 -107.4946
1.273217 -0.3347915 -0.06165135 -49.97957 246.0243 -98.67014
1.401635 -0.6070084 -0.06165135 -41.48339 246.0243 -102.0289
1.232689 -0.4400161 -0.06165135 -60.46049 246.0243 -89.47929
1.384545 -0.5769791 -0.06165135 -63.86507 246.0243 -89.12051
1.14602 -0.7083267 -0.06165135 -56.39942 246.0243 -80.13579
0.9333731 -0.6402115 -0.06165135 -63.7353 246.0243 -78.6396
0.9597403 -0.6685318 -0.06165135 -77.20858 246.0243 -77.93731
0.666039 -0.7627701 -0.06165135 -80.60552 246.0243 -81.37243
0.752709 -0.852858 -0.06165135 -74.6666 246.0243 -47.38769
0.5390859 -0.991774 -0.06165135 -64.26965 246.0243 -29.44876
0.4504629 -1.13777 -0.06165135 -78.55972 246.0243 -42.80754
0.1784902 -1.065016 -0.06165135 -87.63606 246.0243 -28.31899
0.1958242 -1.367506 -0.06165135 -82.78873 222.1617 -5.906778
0.04299219 -1.283522 -0.06165135 -99.75819 213.2838 7.390932
-0.08371679 -1.362135 -0.06165135 -108.804 179.1846 28.87185
-0.1713633 -1.75984 -0.06165135 -99.02538 154.0701 25.80314
-0.1462168 -1.79817 -0.06165135 -73.16278 127.1998 40.87185
-0.1325449 -1.484694 -0.06165135 -66.47575 100.3602 55.32986
-0.04856054 -1.438551 -0.06165135 -73.75056 74.18458 73.02452
-0.4889903 -1.198805 -0.06165135 -100.3994 32.18458 97.18483
-0.4684824 -0.6336197 -0.06165135 -118.9109 3.512824 97.04742
-0.285377 -0.3042739 -0.06165135 -116.5826 -39.1284 80.70391
-0.2033457 -0.1638931 -0.06165135 -83.43758 -46.80015 58.60467
0.4319082 -0.1192153 -0.06165135 -77.42232 -62.60931 67.16193
0.749291 -0.6558365 -0.06165135 -4.529191 -61.58641 46.3604
0.8799063 -0.3914321 0.2183779 1.867756 -50.06733 21.82605
1.128686 -0.2913345 0.4935245 -6.536824 -38.34214 24.69627
1.282494 -0.1807388 0.9671573 -25.24675 -47.92229 66.59704
1.262475 -0.3765396 1.151239 -36.14751 -52.43374 108.7497
1.191186 -0.6145767 0.975458 -45.15514 -49.38031 106.7268
1.218529 -0.6406998 0.9488467 -32.81163 -42.95282 92.62757
1.3135 -0.5003189 0.8736514 -34.91087 -44.3116 107.2001
1.263207 -0.5354752 0.8443545 -31.95667 -37.16656 111.7726
1.222436 -0.3560318 0.8253116 -31.20095 -35.12076 115.1009
1.161889 -0.1802505 0.7752627 -28.37652 -33.97573 114.7421
1.093041 -0.08845362 0.7415713 -15.33072 -34.79252 105.7802
1.121117 0.01921239 0.7191104 -1.979572 -32.99863 89.23063
1.099145 0.1720444 0.7344913 3.363939 -34.60931 78.57414
1.069115 0.2889878 0.7413272 2.98226 -37.22763 76.00162
0.9868399 0.2909409 0.7593936 4.554779 -39.45664 70.97108
0.9377676 0.2208725 0.7401065 9.417375 -42.18183 64.32986
0.9182364 0.03386083 0.6339053 17.1044 -41.99863 59.01689
0.7339101 -0.3345474 0.3685244 38.29524 -45.2887 57.76498
0.6345449 -0.472731 0.2542666 45.64638 -47.81542 62.75734
0.511498 -0.6504654 0.06945217 54.04333 -49.30397 58.90238
0.3930898 -0.7342056 -0.06165135 56.60058 -48.32687 55.20773
0.339623 -0.6026138 -0.06165135 38.80669 -58.29633 72.10849
0.2004629 -0.8011002 -0.06165135 20.84486 -74.28107 87.51307
0.1045156 -1.093581 -0.06165135 18.1731 -84.73909 85.85658
0.1145254 -1.382155 -0.06165135 31.21127 -101.8383 77.95582
0.04982813 -1.25984 -0.06165135 57.02043 -109.136 90.91002
0.01345117 -1.199782 -0.06165135 63.36394 -130.0673 100.91
-0.002417967 -1.205641 -0.06165135 71.18837 -146.7162 101.8566
0.05251367 -1.062086 -0.06165135 68.27997 -167.4185 113.4749
0.07033594 -1.003493 -0.06165135 63.73035 -186.4337 123.6352
0.1291738 -0.9644302 -0.06165135 61.48608 -205.6169 130.826
0.1970449 -0.9033951 -0.06165135 58.98226 -224.5864 138.2841
0.2883535 -0.8191666 -0.06165135 55.28761 -240.8002 145.4444
0.3884511 -0.7620377 -0.06165135 50.83722 -254.2429 150.307
0.4782949 -0.7110123 -0.06165135 46.02043 -254.2429 152.0779
0.5801015 -0.6529068 -0.06165135 40.97463 -254.2429 160.2993
0.671166 -0.6282486 -0.06165135 37.50898 -254.2429 162.0245
0.7861562 -0.5650162 -0.06165135 33.18073 -254.2429 166.681
0.8496328 -0.5183853 -0.06165135 31.51661 -254.2429 169.9405
0.8769766 -0.4925064 -0.06165135 27.06623 -254.2429 173.9176
0.9255606 -0.495436 -0.06165135 28.80669 -254.2429 176.2993
1.011498 -0.4881118 -0.06165135 27.46318 -254.2429 177.8947
1.03518 -0.458815 -0.06165135 27.63875 -254.2429 178.91
1.099389 -0.4561294 -0.06165135 26.96699 -254.2429 183.5131
1.134301 -0.4995864 -0.06165135 28.95936 -254.2429 183.2001
1.122338 -0.4905532 -0.06165135 31.37921 -254.2429 184.8718
1.124291 -0.4893325 -0.06165135 32.94409 -254.2429 187.2383
1.127953 -0.4993423 -0.06165135 34.34104 -254.2429 188.0322
1.132348 -0.5049576 -0.06165135 33.02043 -254.2429 191.0169
1.151391 -0.5071548 -0.06165135 31.50134 -254.2429 193.5665
1.182641 -0.5174088 -0.06165135 29.97463 -254.2429 197.2688
1.201684 -0.5027603 -0.03064549 27.54715 -254.2429 200.4825
1.212914 -0.5135025 0.002557635 24.2418 -254.2429 203.1848
1.248803 -0.5320572 -0.005743146 22.35631 -254.2429 203.2306
1.239281 -0.488356 0.03991115 20.2189 -254.2429 207.6963
1.279564 -0.4749282 0.107294 17.95936 -254.2429 208.7726
-0.08029882 0.6549545 1.808466 -4.086443 -50.94519 -16.40296
-0.3385996 0.3004624 1.603144 -15.62079 1.459389 -45.11288
-0.3627696 0.2223374 1.539911 -19.42232 4.535725 -44.25029
-0.3793711 0.1705796 1.48498 -24.01011 4.230381 -41.92204
-0.4186778 0.1293198 1.45495 -27.98721 5.215115 -40.18159
-0.4594492 0.0763413 1.443231 -34.29255 5.421221 -36.31136
-0.4911875 -0.001295418 1.424189 -37.29255 1.238015 -30.86098
-0.485084 -0.08503565 1.408075 -34.16278 1.88687 -30.21212
-0.4875254 -0.07356104 1.431757 -31.8727 2.245649 -27.46403
-0.5212168 -0.07697901 1.432001 -28.26201 1.902137 -25.10525
-0.5202403 -0.05012354 1.448603 -26.7811 2.680763 -23.02128
-0.514625 -0.07111964 1.474237 -22.86507 2.734198 -21.96021
-0.4865489 -0.04328761 1.500605 -19.01011 4.054809 -21.70831
-0.4675059 -0.0330337 1.521601 -13.15514 5.520458 -22.18922
-0.4599375 -0.01594386 1.527948 -6.368886 7.795267 -23.30373
-0.4567637 0.006517082 1.530146 -0.2162137 9.810534 -24.83808
-0.4570078 0.02702489 1.53161 5.715084 11.77237 -26.15869
-0.4653086 0.04948583 1.506952 10.61585 14.33725 -27.77701
-0.4765391 0.05973974 1.486689 15.1273 15.8945 -29.60907
-0.4789805 0.07438818 1.463007 18.02043 17.79527 -31.02892
-0.4828867 0.06804052 1.437616 21.11967 18.96321 -32.26556
-0.497291 0.07560888 1.405634 22.49371 20.09298 -33.10525
-0.5070567 0.06877294 1.37121 23.31814 20.7342 -33.67777
-0.5073008 0.05973974 1.366327 24.36394 21.39832 -34.09762
-0.5212168 0.05583349 1.348505 25.01279 21.72657 -34.11288
-0.5177989 0.05241552 1.327509 24.96699 21.78763 -34.04418
-0.5273203 0.06120458 1.316278 23.56241 21.8258 -33.38006
-0.5329356 0.02018896 1.317499 22.78379 22.70366 -32.87624
-0.5173106 0.00554052 1.314813 24.69218 21.00901 -31.91441
-0.5192637 0.07707372 1.314325 18.41738 22.45176 -30.60907
-0.5107188 -0.1009048 1.343378 26.24944 24.52809 -30.89915
-0.533668 0.008714348 1.307489 29.66928 23.36015 -30.88388
-0.5195078 0.01139989 1.330927 23.94409 24.20748 -28.13579
-0.5019297 0.004319817 1.323603 22.57768 26.70366 -26.98311
-0.5063242 0.007005363 1.31164 19.63875 26.52809 -24.90678
-0.5048594 -0.01936182 1.268427 21.40211 27.7113 -24.5251
-0.490211 0.01310888 1.293573 21.69982 26.76473 -23.78464
-0.4804453 0.02482763 1.280878 22.1044 28.81817 -23.5938
-0.4860606 0.046312 1.257196 22.88302 28.8258 -23.11289
-0.4960703 0.06364599 1.239374 24.30287 28.99374 -23.60907
-0.5043711 0.0817124 1.241571 26.2189 28.56626 -25.26556
-0.5087656 0.09636084 1.247431 28.62348 28.50519 -27.15869
