0.8673858 -0.1061675 0.7142656 0.278244 7.245008 15.066
0.8637237 -0.1098296 0.714998 0.4156489 8.000732 14.77592
0.8595733 -0.1125151 0.701082 -0.08053446 8.504549 14.93623
0.8600616 -0.1142241 0.7045 -0.6454201 9.206841 15.066
0.8615264 -0.1205718 0.701082 -1.324809 9.496916 15.24921
0.8622588 -0.1291167 0.6832597 -1.75229 10.03127 15.59272
0.8544463 -0.1298491 0.6747148 -1.920229 10.21447 15.85989
0.8554229 -0.1405913 0.6839921 -2.408779 10.69539 16.10417
0.8517608 -0.1391265 0.6783769 -2.446947 10.72592 16.53928
0.8405303 -0.1388823 0.6734941 -2.294275 11.23737 16.89806
0.8483428 -0.1440093 0.6793535 -2.317176 11.26027 17.39425
0.8563994 -0.1630522 0.6776445 -0.8133588 11.97783 19.25684
0.8595733 -0.1576812 0.664705 0.2477098 12.37478 19.76066
0.8605498 -0.1510894 0.6625078 1.179007 12.37478 20.14234
0.862503 -0.1523101 0.6568925 1.972901 12.51218 20.58508
0.8620147 -0.1457183 0.6649492 1.957633 12.54272 21.39425
0.8651885 -0.1466948 0.6529863 1.804962 12.83279 21.92096
0.8744658 -0.1437651 0.6483476 1.698091 13.03127 22.28737
0.8761748 -0.1361968 0.6434648 1.637022 13.33661 22.47058
0.8766631 -0.1354644 0.6503007 1.980534 13.63432 22.34844
0.8808135 -0.1271636 0.6390703 1.568321 13.40531 23.00493
0.8324737 -0.1054351 0.6451738 -0.0423665 13.00073 24.08127
0.7829131 -0.0456206 0.6586015 -7.828626 12.96256 25.19577
0.8173369 -0.07149951 0.6568925 -10.03473 13.016 25.53165
0.8332061 -0.09835499 0.6598222 -8.279008 14.18394 24.60798
0.8493194 -0.09859913 0.6441972 -4.538549 13.57325 23.63089
0.8854522 -0.09713428 0.6427324 -3.462214 13.41295 23.1118
0.919876 -0.09786671 0.640291 -3.15687 13.54272 23.01257
0.9364776 -0.1059233 0.6371171 -3.340076 13.59615 23.28737
0.9523467 -0.1090972 0.6495683 -4.843893 12.88623 23.82936
0.9582061 -0.1027495 0.6532304 -6.53855 12.64959 25.0889
0.9589385 -0.1061675 0.6615312 -8.820992 12.80226 26.19577
0.9564971 -0.09908741 0.6659257 -10.9126 12.30608 27.60798
0.9435576 -0.09005421 0.671541 -13.13397 12.1076 28.60798
0.938919 -0.08663624 0.6893632 -13.98893 11.58852 29.54692
0.9274444 -0.08614796 0.6944902 -13.66069 11.80226 30.14997
0.9191436 -0.08565968 0.701082 -12.97366 12.1305 30.43241
0.9027862 -0.06808155 0.7047441 -12.89733 12.34424 30.75302
0.8974151 -0.07491748 0.7025468 -12.22557 13.09997 30.93623
0.8866729 -0.05685108 0.7076738 -12.33244 13.23737 30.76829
0.8661651 -0.05318897 0.7145097 -12.32481 13.69539 30.9973
0.8710479 -0.07076709 0.7052324 -11.48512 14.45111 30.53165
0.860794 -0.05929248 0.6969316 -11.37824 14.42821 30.21104
0.8488311 -0.06466358 0.6881425 -10.27901 14.97783 29.78356
0.8402862 -0.06319873 0.6866777 -10.9813 15.00837 29.27974
0.8358916 -0.06173389 0.6793535 -11.9584 15.25264 29.0889
0.8273467 -0.05318897 0.6781328 -13.68359 14.9931 29.0889
0.8273467 -0.06002491 0.6673906 -13.94313 15.00837 28.59272
0.8134307 -0.05733936 0.6615312 -13.12634 15.26791 28.08127
0.8124541 -0.05245655 0.6583574 -13.9813 14.77172 27.53928
0.8136748 -0.05123584 0.6554277 -13.24847 14.80989 26.96676
0.815628 -0.06197803 0.652498 -13.31718 14.74119 26.46295
0.8168487 -0.05709522 0.6566484 -13.90496 14.35951 26.01257
0.8161162 -0.05416553 0.6500566 -14.86679 14.12287 26.1118
0.8195342 -0.05318897 0.6422441 -15.12634 14.09997 25.60798
0.8185576 -0.05367725 0.6363847 -15.30191 13.81753 25.63852
0.8175811 -0.05172412 0.6390703 -14.59198 13.39768 24.78356
0.8195342 -0.05343311 0.6332109 -13.26374 12.8786 24.37134
0.826126 -0.06173389 0.638582 -11.24847 12.56562 23.40188
0.815628 -0.05709522 0.6346757 -9.271374 11.9244 22.68432
0.8266143 -0.05856006 0.6398027 -7.515649 11.63432 21.73012
0.8317412 -0.05953662 0.6224687 -5.981298 10.88623 21.31027
0.8329619 -0.06490772 0.6239336 -5.034733 10.1076 20.74539
0.8297881 -0.06222217 0.6175859 -4.393512 9.351877 20.29501
0.8268584 -0.06197803 0.626375 -4.591985 8.527451 20.12707
0.8271026 -0.06783741 0.622957 -5.263741 7.825161 19.55455
0.8310088 -0.06197803 0.6290605 -6.019466 6.878596 19.85226
0.8341826 -0.06734912 0.6344316 -7.118702 6.275542 19.21867
0.8358916 -0.06173389 0.6266191 -8.004199 5.451115 18.92096
0.840042 -0.06783741 0.6336992 -8.851527 4.619053 18.29501
0.841751 -0.06515186 0.6297929 -8.843893 3.832794 18.05073
0.8432158 -0.06197803 0.6395586 -9.515649 2.970199 17.66142
0.845169 -0.06466358 0.6361406 -9.805725 2.260275 17.31027
0.8505401 -0.06612842 0.6373613 -9.920229 1.741191 16.69959
0.8483428 -0.06979053 0.6393144 -9.706489 1.252641 16.31027
0.8502959 -0.06783741 0.6344316 -8.637787 0.5121832 15.68432
0.857376 -0.06783741 0.6361406 -7.401145 0.2373741 14.82936
0.8605498 -0.06393116 0.6424882 -5.988932 -0.3809465 13.80646
0.8708037 -0.06319873 0.6266191 -4.256107 -1.006901 13.27974
0.8561553 -0.06075733 0.6429765 -3.172137 -1.68629 12.44005
0.8581084 -0.05856006 0.6280839 -2.897328 -2.342779 12.10417
0.8532256 -0.0588042 0.6341875 -2.706489 -3.075603 11.68432
0.8449248 -0.0588042 0.6322343 -2.546183 -3.732091 11.22631
0.8388213 -0.05709522 0.6463945 -2.141603 -4.396214 10.59272
0.8483428 -0.08468311 0.6471269 -6.187405 -2.335145 17.96676
0.8144073 -0.06246631 0.6886308 -7.309542 -0.9458321 17.45531
0.8185576 -0.0575835 0.6798418 -7.172138 -0.8389618 17.54692
0.8146514 -0.06368701 0.6893632 -6.904962 -0.6633893 17.68432
0.810501 -0.06856983 0.6864336 -6.53855 -1.075603 17.73775
0.8163604 -0.06759326 0.6886308 -6.668321 -0.6786565 17.69959
0.8217315 -0.06686084 0.6927812 -6.759924 -0.6404885 17.82936
0.8163604 -0.07857959 0.6927812 -6.94313 -0.5412519 17.77592
0.8212432 -0.07516162 0.7025468 -7.660687 -0.05270219 18.1805
0.8246612 -0.07491748 0.7030351 -8.279008 0.3213434 18.30264
0.8241729 -0.07906787 0.7047441 -8.706489 0.443481 18.82936
0.8249053 -0.08077686 0.7005937 -9.095801 1.046534 18.9515
0.8234405 -0.08346241 0.7005937 -9.195038 1.351878 19.24921
0.8222198 -0.08321827 0.7069414 -9.126336 1.817527 19.60798
0.8197783 -0.08565968 0.7023027 -9.111069 2.405313 19.86753
0.8202666 -0.08468311 0.6922929 -8.744657 2.863328 19.94386
0.8168487 -0.08614796 0.6903398 -8.614885 2.985466 20.37898
0.815628 -0.07906787 0.6774004 -8.94313 3.412947 20.86753
0.8180694 -0.08614796 0.6722734 -8.882061 3.397679 21.17287
0.8141631 -0.08468311 0.6644609 -8.966031 3.61142 21.24921
0.8117217 -0.08395069 0.6659257 -9.179771 3.649588 21.51638
0.808792 -0.08419483 0.6581132 -9.439313 3.794626 21.85989
0.8078155 -0.08077686 0.6549394 -9.45458 4.054168 21.98966
0.8141631 -0.08956593 0.6432207 -9.172137 3.954931 21.96676
0.8148955 -0.07467334 0.6590898 -9.034733 3.90913 22.31791
0.8153838 -0.08517139 0.6437089 -8.622519 3.809893 22.34081
0.8209991 -0.08517139 0.6551836 -8.523283 4.031267 22.43241
0.8249053 -0.08126514 0.64908 -8.355344 4.077069 22.69959
0.826126 -0.08419483 0.6500566 -8.332443 4.054168 22.68432
0.8302764 -0.08248585 0.6495683 -8.088168 4.367145 22.95913
0.8275908 -0.08272999 0.6527421 -7.698855 4.084702 23.1576
0.8285674 -0.07906787 0.6393144 -7.805725 4.000733 23.38661
0.8241729 -0.07589405 0.6307695 -7.653054 4.092336 23.53928
0.827835 -0.07760303 0.6341875 -8.034733 3.993099 23.83699
0.8285674 -0.0666167 0.6258867 -7.729389 3.924397 23.76829
0.822708 -0.07125537 0.6295488 -7.317176 3.31371 23.73012
0.822708 -0.06637256 0.6190507 -7.179771 2.977832 24.00493
0.8217315 -0.06490772 0.6141679 -6.85916 2.71829 23.90569
0.8224639 -0.06271045 0.6207597 -6.515649 2.412947 23.76829
0.8205108 -0.05514209 0.6080644 -6.004199 1.954931 23.57745
0.8209991 -0.05489795 0.6109941 -5.737023 1.535084 23.36371
0.8229522 -0.05416553 0.6065996 -5.714122 1.107603 23.37134
0.8251494 -0.05782764 0.6234453 -5.408779 0.6724885 23.27974
0.8251494 -0.04732959 0.6149004 -5.523283 0.183939 23.1118
0.8285674 -0.04610888 0.6180742 -5.401145 0.183939 22.9973
0.8290557 -0.04977099 0.6222246 -6.011832 -0.06033587 23.1805
0.8219756 -0.05245655 0.6168535 -6.439313 -0.1519389 23.32554
0.8256377 -0.0443999 0.6261308 -6.920229 -0.4114809 23.34081
0.8283233 -0.04195849 0.6310136 -7.362977 -0.8694963 22.82173
0.8319854 -0.04122607 0.6310136 -7.469848 -1.564153 23.05837
0.8273467 -0.03780811 0.636873 -8.286641 -1.525985 23.10417
0.8285674 -0.03609912 0.6319902 -8.691221 -1.663389 22.87516
0.8336944 -0.0365874 0.635164 -8.630153 -2.350412 23.21104
0.8334502 -0.0353667 0.6344316 -8.637787 -2.49545 22.9744
0.8349151 -0.03463428 0.6429765 -8.698855 -2.854229 22.82936
0.8319854 -0.04220263 0.6505449 -8.034733 -3.006901 22.39425
0.8334502 -0.04098193 0.6522539 -7.744657 -2.884763 21.86753
0.8280791 -0.03121631 0.6564043 -8.011832 -2.732092 21.65379
0.8346709 -0.03902881 0.6510332 -7.798092 -2.869496 21.23394
0.8288116 -0.03219287 0.6666582 -7.904962 -2.785527 20.72249
0.8341826 -0.04122607 0.669832 -7.805725 -2.678657 20.53928
0.8280791 -0.03780811 0.6720293 -8.195038 -2.892397 20.25684
0.8285674 -0.04757373 0.6639726 -9.042366 -2.396214 19.72249
0.8241729 -0.03756397 0.6683671 -9.477481 -2.312244 19.37898
0.8241729 -0.05147998 0.6708086 -10.0271 -1.884763 18.9744
0.8314971 -0.05123584 0.6776445 -10.15687 -2.327512 18.80646
