1.0257 -1.774963 1.308024 116.4142 -269.1713 251.8109
1.221256 -1.774963 1.161784 129.4906 -245.469 251.8109
0.7117349 -1.774963 1.041911 191.9638 -269.1713 251.8109
1.337467 -1.774963 1.215007 182.7196 -236.4995 251.8109
1.159245 -1.347961 1.893229 178.6738 -188.7362 251.8109
1.08527 -1.365783 1.443278 193.3608 -182.3545 251.8109
1.067204 -1.026428 1.274333 206.6051 -170.1713 251.8109
1.022526 -0.9407343 1.22404 210.918 -159.0339 251.8109
0.9959146 -0.8130487 1.114909 215.4142 -146.7209 251.8109
0.9683267 -0.7617792 0.9943037 220.2463 -139.553 251.8109
2.289799 2.224976 0.6844893 269.6508 -205.5301 251.8109
2.001286 2.224976 2.223796 -45.65449 39.70657 -242.128
2.013737 2.224976 2.313396 -41.93693 61.8974 -248.4563
2.033268 2.224976 2.228923 -57.03617 79.34778 -248.4563
2.289799 2.224976 2.188151 -64.45601 105.7905 -248.4563
2.289799 2.224976 1.809733 -55.73082 127.1264 -248.4563
2.289799 2.224976 1.544841 -48.69265 134.9203 -248.4563
2.289799 2.224976 1.297282 -51.09724 142.2715 -248.4563
2.289799 2.224976 1.119548 -54.60106 151.2104 -248.4563
2.289799 2.224976 0.9159346 -60.92167 155.2562 -248.4563
2.289799 2.224976 0.7828779 -69.44838 157.8898 -248.4563
2.289799 2.224976 0.6747236 -81.64685 159.1951 -248.4563
2.289799 2.100526 0.6429853 -96.14304 163.2256 -248.4563
2.289799 1.825623 0.5843916 -109.9446 170.8745 -248.4563
2.289799 1.620545 0.5043135 -123.0667 173.5844 -248.4563
2.289799 1.479188 0.4493818 -138.601 178.5005 -248.4563
2.289799 1.284119 0.3946943 -149.9904 185.0119 -248.4563
2.289799 1.33783 0.3465986 -175.1583 192.6073 -248.4563
2.289799 1.22284 0.2770185 -201.5247 202.1188 -248.4563
2.289799 1.15326 0.2403975 -220.5171 211.9279 -248.4563
2.289799 0.9901739 0.1605635 -230.6163 229.6989 -248.4563
2.289799 0.8871466 0.04484081 -230.6163 231.0959 -248.4563
2.289799 0.7731329 -0.09431934 -230.6163 231.0959 -248.4563
2.289799 0.6561895 -0.2605791 -230.6163 231.0959 -248.4563
2.289799 0.5270391 -0.2605791 -230.6163 231.0959 -248.4563
2.289799 0.3151251 -0.2605791 -230.6163 231.0959 -248.4563
2.289799 0.110047 -0.2605791 -230.6163 231.0959 -248.4563
2.289799 -0.2202753 -0.2605791 -230.6163 231.0959 -248.4563
2.289799 -1.171935 -0.2605791 -230.6163 231.0959 -248.4563
2.289799 -1.099914 -0.2605791 -230.6163 231.0959 -248.4563
2.289799 -1.287902 -0.2605791 -230.6163 231.0959 -248.4563
2.289799 -1.70343 -0.2605791 -230.6163 231.0959 -248.4563
2.289799 -1.774963 -0.2605791 -230.6163 231.0959 -248.4563
2.289799 -1.774963 -0.2605791 -230.6163 231.0959 -248.4563
2.289799 -1.774963 -0.2605791 -230.6163 231.0959 -248.4563
2.289799 -1.774963 -0.2605791 -230.6163 231.0959 -248.4563
-1.71014 -1.774963 -0.2605791 -188.853 231.0959 -248.4563
1.421452 -1.774963 -0.2605791 -98.769 142.4776 -248.4563
0.2381021 -1.774963 -0.2605791 -46.83006 -4.240001 -248.4563
-0.3890952 -1.774963 -0.2605791 87.16231 -84.47664 -248.4563
-1.141292 -1.774963 -0.2605791 154.9867 -143.9041 -222.4334
-1.449886 -1.774963 -0.2605791 150.6127 -191.1102 -162.6776
-1.131283 -1.774963 -0.2605791 138.8188 -219.2553 -120.8074
-0.7894858 -1.774963 -0.2605791 114.7272 -269.1713 -90.35704
-0.3099936 -1.774963 -0.2605791 118.2157 -269.1713 -61.86086
-0.07293311 -1.774963 -0.2605791 123.5363 -269.1713 -11.3036
0.02472314 -1.774963 -0.2605791 106.4906 -269.1713 0.9559389
0.03131494 -1.774963 0.3531904 102.4142 -269.1713 59.14678
0.4207192 -1.774963 0.2086592 117.5974 -269.1713 82.8567
0.7537271 -1.774963 0.8170576 132.2692 -269.1713 112.8567
0.9798013 -1.774963 1.251628 138.9944 -269.1713 138.933
1.02985 -1.774963 1.468669 155.6738 -254.5682 170.5437
1.045475 -1.774963 1.595866 164.2997 -230.1713 200.7346
1.005924 -1.774963 1.680095 175.0783 -208.7133 223.101
1.000065 -1.774963 1.71989 180.9028 -186.2095 249.6735
1.022526 -1.774963 1.720378 183.0173 -165.7744 251.8109
1.044254 -1.774963 1.65861 184.4982 -142.1713 251.8109
0.9146157 -1.774963 1.400798 178.8875 -124.0339 251.8109
0.8189126 -1.684142 1.301921 182.1165 -123.4537 251.8109
0.8743325 -1.559631 1.29069 178.7348 -113.1789 251.8109
0.9190103 -1.490295 1.273845 179.2844 -96.16367 251.8109
0.9114419 -1.327697 1.128581 182.3302 -85.72092 251.8109
0.9092446 -1.156555 0.9466963 178.0554 -80.51481 251.8109
0.9326821 -1.027648 0.8136396 173.8722 -75.95756 251.8109
0.9456216 -0.9243769 0.7225752 169.5745 -72.95756 251.8109
0.9710122 -0.86383 0.6190596 170.0783 -74.2171 251.8109
1.024967 -0.8045038 0.6036787 167.4829 -72.16367 251.8109
1.017399 -0.6670527 0.5936689 175.2463 -70.1026 251.8109
1.116764 -0.5601191 0.4366865 184.5974 -74.51481 251.8109
1.136784 -0.3445429 0.3798018 186.0783 -76.90412 251.8109
1.229557 -0.3171991 0.272624 189.5516 -84.86595 251.8109
1.273747 -0.1675409 0.293376 192.0707 -93.81252 251.8109
1.323063 -0.09014832 0.3361006 203.5135 -92.60641 251.8109
1.304997 -0.08624207 0.2704268 210.6127 -95.75908 251.8109
1.326481 -0.04400574 0.215251 216.1547 -104.9118 251.8109
1.361637 0.005798951 0.1905928 222.4829 -111.7438 251.8109
1.364323 0.1051642 0.1957197 224.7883 -115.9041 251.8109
1.384098 0.1466681 0.213542 229.9257 -121.3316 251.8109
1.48737 0.2965704 0.196208 232.3761 -124.5453 251.8109
1.53278 0.3309942 0.1515303 233.2539 -130.9423 251.8109
1.590641 0.3620001 0.1861982 233.773 -132.0797 251.8109
1.641911 0.5692755 0.1529951 230.0402 -139.2858 251.8109
1.695866 0.6474005 0.15446 228.773 -145.4003 251.8109
1.778141 0.7001348 0.1522627 226.8722 -150.5606 251.8109
1.825749 0.7623907 0.1456709 222.4753 -155.9576 251.8109
1.878483 0.7616583 0.1486006 213.8035 -158.927 251.8109
1.900944 0.8273321 0.1920576 201.3684 -162.469 251.8109
1.927799 0.853211 0.1852217 189.9333 -170.1789 251.8109
2.048405 0.9008184 0.1627607 177.1547 -176.2782 251.8109
1.573795 1.960633 0.1605635 127.2768 -189.2324 251.8109
2.289799 2.157655 0.1429853 -166.456 231.0959 -248.4563
-1.71014 -1.774963 -0.2605791 21.9791 -177.0034 -112.8227
-1.563412 -1.774963 -0.2605791 25.05544 -191.7744 -93.57841
-1.71014 -1.774963 -0.2605791 2.910397 -269.1713 -71.19673
-0.8417319 -1.774963 -0.2605791 28.10887 -269.1713 -35.81505
-0.6566733 -1.774963 -0.2605791 55.94857 -269.1713 -16.54788
-0.04217139 -1.774963 -0.2605791 98.92566 -269.1713 13.27655
0.3528481 -1.774963 -0.2605791 113.6738 -269.1713 29.42159
0.6787759 -1.774963 -0.2605791 174.544 -269.1713 79.96357
0.7337075 -1.774963 0.210124 206.1241 -269.1713 94.7422
0.8540689 -1.774963 0.6844893 228.0936 -269.1713 129.414
0.8819009 -1.774963 1.558024 269.6508 -259.2477 211.2995
0.9124185 -1.774963 1.570231 269.6508 -233.6904 235.5437
1.038395 -0.908996 1.391521 269.6508 -192.2553 246.933
0.1882974 -1.774963 1.453044 269.6508 -220.8049 227.414
0.9263345 -1.236877 1.289714 269.6508 -178.9499 251.8109
0.8919106 -1.251037 1.024821 269.6508 -152.469 251.8109
0.8362466 -1.084289 0.8929853 269.6508 -140.1408 251.8109
0.8909341 -1.059387 0.756999 269.6508 -125.2324 251.8109
0.9507485 -0.9529413 0.6820478 269.6508 -115.5148 251.8109
1.026188 -0.9534296 0.5262861 269.6508 -97.43085 251.8109
1.020817 -0.7190546 0.3111982 269.6508 -94.65222 251.8109
0.9646646 -0.5349726 0.1368818 269.6508 -91.75908 251.8109
0.9422036 -0.4209589 0.006266594 265.2463 -97.07207 251.8109
1.1236 -0.2691034 -0.1131182 246.7348 -99.69038 251.8109
1.017887 -0.2554315 -0.03011036 240.3913 -104.5759 251.8109
1.003239 -0.1465448 -0.06966114 247.6585 -108.4766 251.8109
0.998356 -0.08550964 -0.1153154 247.7272 -111.5759 251.8109
1.081364 0.0009161383 -0.1187334 252.5211 -119.8889 251.8109
1.059635 0.03753723 -0.1026201 256.6432 -122.0644 251.8109
1.050114 0.0800177 -0.1306963 253.1547 -126.5682 251.8109
1.036198 0.06536926 -0.12679 251.0402 -133.2858 251.8109
1.114567 0.1505743 -0.1209307 245.544 -135.2858 251.8109
1.199772 0.1388556 -0.1314287 250.8493 -143.2705 251.8109
1.381657 0.4022833 -0.06013966 225.3226 -146.9423 251.8109
1.388004 0.3612677 -0.05183887 237.3302 -151.1484 251.8109
1.508122 0.4757696 -0.1209307 239.689 -153.9576 251.8109
1.545719 0.5343634 -0.2000322 250.4677 -164.9652 251.8109
1.598209 0.7247931 -0.2058916 250.9791 -175.553 251.8109
2.127018 1.14325 -0.2251787 211.4371 -177.4843 251.8109
1.366764 1.325135 -0.01448536 236.0783 -190.9423 251.8109
2.076969 1.417176 -0.2605791 225.544 -184.6751 251.8109
1.727604 1.074891 -0.08162403 247.8264 -184.5835 251.8109
1.758854 1.29535 -0.04182911 228.8035 -191.9728 251.8109
1.650944 1.429139 -0.09431934 239.4829 -207.3698 251.8109
1.770084 1.454774 -0.04060841 221.4677 -208.5759 251.8109
1.703434 1.581483 0.04264355 214.0707 -214.8812 251.8109
1.715885 1.639832 0.01725292 196.6738 -223.6904 251.8109
1.797184 1.565369 0.06193066 192.5974 -234.1484 251.8109
1.86359 1.581727 0.118083 189.7883 -241.7972 251.8109
