0.9167715 -0.5552505 -0.06165135 -59.54446 246.0243 -117.1129
0.8987051 -0.4800552 -0.06165135 -73.58263 246.0243 -127.0518
0.9028555 -0.5115494 -0.06165135 -81.97957 246.0243 -116.7999
0.7988515 -0.5003189 -0.06165135 -95.52919 246.0243 -108.6854
0.751 -0.6663345 -0.06165135 -97.7353 246.0243 -90.39532
0.6106191 -0.7368912 -0.06165135 -97.08644 246.0243 -91.98312
0.5388418 -0.8108658 -0.06165135 -82.033 246.0243 -73.60907
0.5678945 -0.8174576 -0.06165135 -69.25438 237.1846 -57.35716
-0.01071875 -0.1016372 1.687372 -1.361252 -48.89939 10.07795
0.251 -0.05891261 2.269403 -20.02537 51.88687 2.299328
0.2168203 -0.05134425 2.289667 -10.85744 65.34488 -10.86098
0.2426992 0.03874364 2.270136 -7.132244 67.65786 -7.708305
0.2673574 0.01750341 2.183466 -3.300183 76.27618 -15.69304
0.329125 0.07365575 2.191523 2.241802 84.81817 -19.07472
0.3637929 0.07194677 2.145136 3.715084 91.16931 -20.23502
0.4023672 0.09684912 2.138544 5.478443 97.23038 -23.12815
0.4370351 0.121019 2.133905 7.394473 103.1846 -26.35716
0.4782949 0.188646 2.148554 7.379206 109.4899 -28.63197
0.5031972 0.2264878 2.168085 6.371572 115.0624 -31.4564
0.5029531 0.1718003 2.204706 9.257069 122.7724 -33.63197
0.4382558 0.1901108 2.275263 16.69218 127.2685 -38.58617
0.6389394 0.2638413 2.250116 18.11967 141.6655 -42.18159
0.6423574 0.3890854 2.235956 15.55478 149.9861 -41.64724
0.6699453 0.4718491 2.24621 3.646382 155.5968 -43.73884
0.7966543 0.4757554 2.225946 -5.246748 173.0014 -49.15105
0.7981191 0.5087143 2.258661 -9.361252 199.3143 -55.72357
0.7988515 0.5197006 2.403193 -13.10934 206.1235 -56.78464
0.8703848 0.5338608 2.527216 -3.964305 216.4365 -64.85334
0.9062735 0.4655015 2.494257 3.799054 232.8487 -74.05945
0.9641348 0.647142 2.54162 -7.162779 239.9632 -80.5251
1.058373 0.5326401 2.488153 -7.61316 246.0243 -88.21976
1.054223 0.2401597 2.431269 10.82195 246.0243 -99.84571
1.057397 0.555101 2.533564 4.119664 246.0243 -102.777
1.215356 0.4640366 2.299921 -9.368886 246.0243 -103.2503
1.245141 0.5089584 2.156855 -13.42995 246.0243 -107.5175
1.264916 0.4818589 2.071405 -14.17805 246.0243 -112.8762
1.270043 0.325853 2.040644 -5.50629 246.0243 -120.1358
1.335717 0.2848374 1.984247 -0.6665954 246.0243 -125.1969
1.345971 0.2592026 1.890985 -3.063542 246.0243 -129.2579
1.369652 0.2413804 1.788935 -3.742931 246.0243 -133.548
1.384301 0.2357651 1.714472 -4.597893 246.0243 -138.3343
1.407006 0.1979233 1.626093 -3.880336 246.0243 -140.1434
1.451684 0.1676499 1.539911 -4.445221 246.0243 -142.0595
1.481225 0.1158921 1.435663 -4.971939 246.0243 -147.7923
1.47976 0.1019761 1.392938 -6.819267 246.0243 -149.2274
1.498314 0.05558935 1.31579 -7.849802 246.0243 -151.3419
1.499779 0.02531591 1.250116 -9.727664 246.0243 -152.2503
1.51809 0.003343254 1.193964 -12.25438 246.0243 -152.5022
1.538598 -0.01374659 1.148798 -15.97957 246.0243 -152.1282
1.542016 0.0004135668 1.080194 -22.7811 246.0243 -150.9602
1.575463 -0.009596199 1.046503 -29.39178 246.0243 -149.0366
1.565697 -0.002760261 1.029169 -35.23148 246.0243 -147.6549
1.598168 -0.000318855 0.9881534 -41.17804 246.0243 -146.6091
1.602074 -0.02155909 0.9586123 -47.23148 246.0243 -145.4869
1.599877 -0.04694972 0.9273623 -50.91087 246.0243 -144.8381
1.623803 -0.05329737 0.8702334 -56.45285 246.0243 -145.5022
1.564232 -0.06989893 0.8565616 -58.32308 246.0243 -143.9449
1.64016 -0.1033462 0.6939639 -59.18568 246.0243 -147.3419
1.620629 -0.06696925 0.7222842 -59.37652 246.0243 -152.235
1.553246 -0.1206802 0.6949405 -60.59789 246.0243 -161.0518
1.582055 -0.2364028 0.5391788 -63.41469 246.0243 -172.3801
1.505883 -0.2630142 0.5438174 -67.8727 246.0243 -173.1358
1.541527 -0.2078384 0.4925479 -67.52155 246.0243 -156.006
1.585717 -0.3701919 0.2747744 -79.72003 246.0243 -140.1434
1.575951 -0.3174575 -0.02918065 -79.35361 246.0243 -137.1434
1.619652 -0.4383071 -0.0186826 -82.59026 246.0243 -127.7694
1.446557 -0.4829849 -0.06165135 -79.75819 246.0243 -114.3419
1.601586 -0.8719009 -0.06165135 -69.08644 246.0243 -123.0365
1.385277 -0.6834244 -0.06165135 -68.53683 246.0243 -100.3724
1.111596 -0.8621353 -0.06165135 -61.65896 246.0243 -102.5327
1.136742 -0.8245377 -0.06165135 -69.10934 246.0243 -111.1969
1.105004 -0.821608 -0.06165135 -73.88797 246.0243 -103.7846
0.9651114 -0.8657974 -0.06165135 -76.72003 246.0243 -82.95258
0.8205801 -0.924147 -0.06165135 -77.37652 246.0243 -76.5938
0.6928945 -0.9297623 -0.06165135 -74.20094 246.0243 -66.44876
0.6626211 -0.9549088 -0.06165135 -68.41469 246.0243 -56.89151
0.5813222 -0.9685806 -0.06165135 -66.01011 246.0243 -50.60907
0.4858633 -0.9844498 -0.06165135 -55.12461 246.0243 -37.65487
0.4043203 -0.9531998 -0.06165135 -49.8498 239.4594 -34.70067
0.3132558 -0.9698013 -0.06165135 -39.44522 179.5052 -12.89151
0.3115469 -0.9522232 -0.06165135 -34.86507 162.1006 -6.486931
0.3315664 -0.94319 -0.06165135 -29.07881 145.3602 -1.013649
0.3811269 -0.8921646 -0.06165135 -24.70476 130.3754 4.490168
0.4604726 -0.8565201 -0.06165135 -20.8269 115.8563 9.917648
0.5371328 -0.8145279 -0.06165135 -16.37652 101.9556 14.07795
0.6228261 -0.7390884 -0.06165135 -12.30018 91.03954 19.62757
0.6799551 -0.6929459 -0.06165135 -8.69713 80.37542 23.48253
0.7524648 -0.6238541 -0.06165135 -2.376519 71.45175 26.55887
0.8181387 -0.5926041 -0.007940412 9.60058 63.8945 30.34513
0.851586 -0.4605239 0.1068057 21.2876 60.02427 25.73444
0.893334 -0.32527 0.1822451 23.37921 51.97847 29.452
0.9394766 -0.1790298 0.2625674 21.37157 45.13115 32.63521
0.976586 -0.0811294 0.3231143 16.69218 37.48993 35.452
0.9895254 -0.03864893 0.334833 16.32577 31.10825 33.07032
1.055199 0.04142919 0.3873233 14.05096 28.57389 30.12375
1.05935 0.1222397 0.4488467 13.69218 22.36015 31.4978
1.08352 0.2020737 0.5015811 9.646381 18.88687 28.13902
1.272973 0.6310287 2.029902 -16.8269 246.0243 -107.7999
1.788842 0.02678075 1.017938 -22.98721 246.0243 -170.9068
1.811059 0.003099114 1.004999 -30.47575 246.0243 -180.3419
1.891381 0.01091161 0.9866885 -35.13224 246.0243 -182.8533
1.811791 -0.07624659 0.9454288 -39.35362 246.0243 -189.5785
1.923852 -0.1280044 0.7835635 -44.97194 246.0243 -183.464
1.930688 -0.1389907 0.7386416 -52.49102 246.0243 -180.0976
1.923852 -0.191481 0.6741885 -54.49102 246.0243 -183.0976
1.936791 -0.1719497 0.6673526 -66.02538 246.0243 -170.464
1.807152 -0.2285903 0.5750674 -65.63606 246.0243 -164.2045
1.864037 -0.3677505 0.4644717 -59.74293 246.0243 -163.5785
1.786645 -0.2625259 0.2647647 -65.48339 246.0243 -147.9908
1.546898 -0.346022 0.2911319 -71.8727 246.0243 -155.7617
1.746361 -0.2930435 -0.01135838 -66.78873 246.0243 -150.3724
1.802758 -0.4087661 -0.008184552 -55.37652 246.0243 -161.1205
1.674584 -0.1284927 -0.06165135 -68.8269 246.0243 -121.6167
1.462182 -0.3103775 -0.06165135 -75.58263 246.0243 -108.6854
1.278344 -0.2083267 -0.06165135 -96.07881 246.0243 -124.8686
1.164086 -0.3238052 -0.06165135 -100.7735 246.0243 -119.4411
1.159447 -0.4688247 -0.06165135 -92.84217 246.0243 -119.9297
1.129906 -0.4239028 -0.06165135 -101.8727 246.0243 -101.0213
0.9238516 -0.4583267 -0.06165135 -106.5368 246.0243 -100.7694
0.9253164 -0.5252213 -0.06165135 -104.9032 246.0243 -91.00601
0.8132559 -0.5603775 -0.06165135 -107.2391 246.0243 -90.35716
0.6823965 -0.587233 -0.06165135 -111.1628 246.0243 -73.10525
0.698998 -0.7742447 -0.06165135 -117.9719 246.0243 -72.26556
0.626 -0.84944 -0.06165135 -120.0483 246.0243 -72.30373
0.5779043 -0.9925064 -0.06165135 -105.6513 241.8105 -52.36479
0.5412832 -1.132643 -0.06165135 -82.10171 226.4441 -50.18159
0.5263906 -1.112868 -0.06165135 -64.76583 215.3754 -48.15868
0.4363027 -1.09529 -0.06165135 -56.30018 196.1235 -38.76174
0.4209219 -1.07112 -0.06165135 -50.59789 179.8792 -30.14342
0.3911367 -1.037672 -0.06165135 -46.8269 163.4976 -20.4793
0.3449941 -0.9998306 -0.06165135 -44.30018 143.3449 -12.58617
0.3440176 -0.9383072 -0.06165135 -42.16278 124.154 -4.03655
0.34475 -0.8833755 -0.06165135 -40.08644 103.1998 3.948183
0.3774648 -0.8052505 -0.06165135 -38.79636 84.37542 9.757343
0.4270254 -0.6875748 -0.06165135 -37.79636 65.50519 16.37566
0.4926992 -0.6031021 -0.06165135 -35.70476 47.97847 20.91002
0.558373 -0.5127701 -0.06165135 -34.34599 32.7571 25.71918
0.6101308 -0.4700454 -0.06165135 -31.27728 17.6884 28.44437
0.7048574 -0.3965591 -0.06165135 -30.48339 5.092977 32.58941
0.7876211 -0.3636001 -0.06165135 -26.78873 -5.456641 33.4978
0.881127 -0.3140396 -0.06165135 -23.8727 -15.54824 34.95582
0.9804922 -0.264479 -0.06165135 -17.83453 -21.18946 30.55887
0.9756094 -0.2381118 -0.06165135 -14.13988 -33.3345 35.36803
1.049584 -0.1270278 0.02770412 -22.84217 -38.96809 36.55887
1.106713 -0.1936782 0.03380764 -24.81927 -40.73145 38.97872
1.161645 -0.08381495 0.07042873 -30.96431 -50.02153 42.11612
1.149926 -0.1499771 0.05260646 -38.32308 -58.73908 45.89475
1.199486 -0.1621841 0.05602443 -39.36889 -63.15893 44.62757
1.20266 -0.1580337 0.05846584 -44.11698 -69.94519 44.39093
1.228783 -0.2180923 0.02550685 -48.35362 -76.71619 48.13902
