0.3600615 -0.3312652 0.4781816 -4.996565 -6.724458 30.64615
0.3664092 -0.304898 0.4855058 -5.256107 -5.907664 30.66142
0.3651885 -0.2900054 0.4916093 -6.469848 -5.037435 30.67669
0.3649443 -0.2826812 0.4874589 -6.362977 -4.449649 30.37134
0.3610381 -0.2795074 0.4852617 -5.904962 -3.693924 29.96676
0.3666533 -0.2692534 0.4891679 -5.385878 -3.411481 29.36371
0.3664092 -0.2602202 0.4828203 -4.408779 -3.251175 29.1118
0.3686064 -0.2543609 0.4830644 -3.843893 -2.113771 28.07363
0.3683623 -0.2604644 0.4674394 -3.225573 -1.869496 27.54692
0.3651885 -0.2631499 0.4654863 -3.584351 -1.304611 27.066
0.3542022 -0.2848784 0.4481523 -4.439313 -1.029801 26.98966
0.3603057 -0.2943999 0.4249589 -4.729389 -0.8389618 26.89806
0.3617705 -0.3039214 0.3956621 -4.439313 -1.228275 27.24157
0.3710479 -0.3107574 0.3812578 -4.324809 -2.190107 27.60798
0.369583 -0.3129546 0.3732011 -3.920229 -3.060336 27.81409
0.3759307 -0.3119781 0.3732011 -3.775191 -4.129038 28.14234
0.3742217 -0.3029449 0.3719804 -3.927863 -5.067969 28.60798
0.3786162 -0.3024566 0.3719804 -4.011832 -6.503084 28.78356
0.3825225 -0.2973296 0.372957 -4.263741 -6.976367 29.066
0.3856963 -0.2756011 0.3961504 -4.126336 -7.693923 28.86753
0.3861846 -0.2626616 0.4156816 -3.759924 -8.350412 28.74539
0.3922881 -0.2443511 0.4264238 -4.668321 -8.060336 28.43241
0.3983916 -0.2316558 0.4469316 -5.744657 -7.968733 27.85226
0.3935088 -0.2284819 0.4566972 -6.324809 -7.541252 27.45531
0.3910674 -0.2243315 0.4718339 -6.0271 -7.434381 26.59272
0.3893584 -0.2177397 0.4781816 -6.111069 -6.838962 25.64615
0.390335 -0.2062651 0.4847734 -5.737023 -6.525985 24.39425
0.388626 -0.2035796 0.4906328 -5.607252 -5.739725 23.26447
0.3942412 -0.2038237 0.501375 -5.729389 -5.220641 22.38661
0.3856963 -0.2065093 0.5077226 -5.614886 -4.701557 21.42478
0.3957061 -0.2052886 0.5108964 -5.095801 -4.190107 20.40188
0.3954619 -0.2162749 0.5138261 -4.637786 -3.663389 19.24921
0.4049834 -0.2279937 0.5157793 -3.56145 -2.785527 17.72249
0.4030303 -0.2336089 0.5189531 -2.340076 -2.167206 16.89806
0.4088897 -0.2804839 0.517 -0.2713742 1.351878 13.58508
0.4047393 -0.303189 0.4984453 0.5530534 2.252641 13.00493
0.4022979 -0.3200347 0.4859941 1.67519 2.863328 12.48585
0.3983916 -0.3415191 0.4862382 3.033969 3.733557 12.19577
0.3915557 -0.3627593 0.4679277 4.163741 4.71829 11.84463
0.38179 -0.3732574 0.4503496 4.942366 5.176305 11.76829
0.3615264 -0.3996245 0.4264238 5.262977 5.664855 12.0889
0.3571318 -0.4220855 0.4056718 6.27061 5.382412 12.87516
0.3376006 -0.4484527 0.3670976 6.591221 4.916763 13.93623
0.3273467 -0.4562652 0.3526933 7.232442 4.374779 14.91333
0.3212432 -0.4709136 0.3363359 7.560687 3.275542 16.54692
0.3117217 -0.4821441 0.3131425 7.637022 2.099969 17.82936
0.3026885 -0.4806792 0.2960527 6.980534 0.6190534 19.60798
-0.1775361 -0.2367827 1.270662 63.85839 115.5962 71.55455
0.2079619 -0.00460498 0.5316484 -26.56908 197.6725 -11.20117
0.2624053 0.02640088 0.5738847 -25.44695 198.9855 -14.65156
0.2975615 0.05374463 0.6180742 -25.31717 201.9015 -17.55232
0.3080596 0.08401806 0.6300371 -25.50801 204.7106 -21.10957
0.3341826 0.09500439 0.6527421 -25.54618 208.4129 -24.68209
0.3468779 0.09939892 0.6407793 -25.92786 213.3519 -28.35385
0.3549346 0.1037935 0.61075 -25.94313 217.6267 -32.46835
0.3715361 0.1177095 0.5455644 -26.30954 220.5809 -36.41492
0.3913115 0.1194185 0.49283 -26.99656 222.7488 -40.67446
0.400833 0.1059907 0.4437578 -27.74466 224.9091 -44.68209
0.400833 0.09671337 0.4022539 -27.77519 226.1458 -48.69736
0.3876494 0.0842622 0.3436601 -27.87443 225.8404 -52.10194
0.3874053 0.05350049 0.2870195 -27.68359 225.6572 -55.43782
0.3754424 0.05081494 0.2455156 -28.03473 224.4359 -58.0714
0.3781279 0.02810986 0.1991289 -28.27901 225.0694 -60.98743
0.3847197 0.02566846 0.14908 -27.63779 221.245 -63.65919
0.3761748 0.005648926 0.09878707 -26.66069 217.3824 -66.26225
0.3788604 -0.005337402 0.07827926 -25.60725 214.2755 -68.62866
0.3681182 3.369152e-05 0.06167769 -23.53855 210.3671 -71.30804
0.386917 0.01199658 0.03824019 -22.0271 205.9091 -73.29278
0.3952178 0.02493603 0.04019332 -20.86679 201.6954 -76.0027
0.4171905 0.05862744 0.04873824 -18.90496 198.6496 -79.03324
0.4328155 0.05618603 0.05679488 -16.99656 196.4664 -81.44545
0.4318389 0.1201509 0.05801558 -14.70649 194.4206 -85.8653
0.4601592 0.1611665 0.05264449 -12.57672 192.8557 -91.89584
0.465042 0.1738618 0.04361129 -12.30191 192.2984 -96.94164
0.485794 0.1977876 0.01895308 -11.90496 190.9244 -102.6821
0.501419 0.2090181 -0.02523637 -11.60725 188.871 -108.5981
0.5128936 0.2129243 -0.06063676 -11.87443 186.7565 -115.3844
0.5094756 0.2077974 -0.08090043 -12.0958 184.9626 -122.2241
0.5019073 0.1772798 -0.1153243 -13.25611 182.7794 -128.3691
0.4850616 0.1196626 -0.158293 -14.37061 179.6878 -134.3615
0.4850616 0.05276806 -0.1995528 -14.9813 175.7412 -139.4684
0.482376 -0.005825684 -0.2388594 -15.77519 171.1534 -144.3539
0.4892119 -0.0863921 -0.2696211 -16.88969 166.3061 -148.5905
0.515335 -0.1210601 -0.2925704 -21.05763 161.2297 -151.0332
0.527542 -0.1889312 -0.3052657 -23.85153 154.6725 -154.1859
0.5580596 -0.2809722 -0.3101485 -28.36298 149.7717 -154.7432
0.511917 -0.3927886 -0.3211348 -31.45458 143.787 -153.8042
0.546585 -0.4711577 -0.311125 -38.10344 136.3137 -151.4989
0.5443877 -0.5041167 -0.2986739 -29.37824 131.6878 -152.7355
0.5409698 -0.5407378 -0.2679121 -25.75992 126.5198 -152.3309
0.5392608 -0.5714995 -0.2566817 -28.40878 121.0465 -148.9111
0.5673369 -0.5795562 -0.2244551 -26.73702 116.4129 -147.3615
0.5849151 -0.5729644 -0.1941817 -25.01946 113.016 -146.9035
0.596878 -0.5631988 -0.1668379 -24.71412 110.9168 -146.3462
0.5839385 -0.5558745 -0.1680586 -23.1416 107.1458 -145.9111
0.5941924 -0.5214507 -0.1607344 -18.50801 102.0694 -149.4836
0.5827178 -0.6808745 -0.1448653 2.743893 100.5656 -152.0714
0.612503 -0.5495269 -0.1492598 14.22481 91.93966 -156.2393
0.6381377 -0.4565093 -0.1294844 6.904198 90.84806 -155.2623
0.6454619 -0.5026519 -0.09139848 4.201909 88.38241 -158.3157
0.6068877 -0.5451324 -0.08358598 0.08740425 85.9015 -158.1554
0.6078643 -0.6051909 -0.08724809 7.293511 83.1076 -160.4302
0.572708 -0.5829741 -0.07382035 6.988168 79.79462 -163.7813
0.5407256 -0.7741363 -0.04086137 7.957633 77.46638 -160.1248
0.5387725 -0.7953765 -0.06503129 -3.111069 77.1305 -152.8119
0.5246123 -0.8122222 -0.1036055 -4.019465 73.9473 -149.7203
0.5526885 -0.9145171 -0.1128829 -11.56908 68.80225 -145.2546
0.5419463 -0.992398 -0.1070235 -18.04237 66.14577 -137.4302
0.5192412 -1.037076 -0.1199629 -24.66069 62.03127 -128.8729
0.5233916 -1.033902 -0.1126387 -32.68359 59.22974 -120.7813
0.4970244 -1.056363 -0.1121504 -42.95076 55.33661 -111.6134
0.5099639 -1.054898 -0.1084883 -49.63779 51.41295 -103.2699
0.5180205 -1.050748 -0.113127 -57.71412 48.00073 -94.82713
0.5058135 -1.032681 -0.114836 -63.52328 43.07707 -87.39201
0.510208 -1.010953 -0.1011641 -67.41641 38.54272 -80.43018
0.5080108 -0.9782378 -0.0752852 -70.24084 33.75646 -74.35385
0.5204619 -0.9362456 -0.03964067 -72.34007 29.73356 -69.17065
0.5263213 -0.8883941 0.006257772 -75.37061 26.0389 -63.97217
0.534378 -0.8346831 0.0484941 -77.54618 23.21447 -59.46835
0.5402373 -0.7882964 0.1051347 -76.48512 20.71066 -56.76606
0.5492705 -0.7358062 0.1534746 -74.46985 18.61142 -54.69736
0.5524444 -0.7089507 0.1966875 -71.92786 17.16104 -53.56759
0.5407256 -0.673062 0.2298906 -68.59199 16.016 -52.80423
0.5387725 -0.6635406 0.2662675 -65.01183 14.86333 -51.81187
0.5526885 -0.6359527 0.2933671 -59.14161 14.76409 -51.99507
0.5690459 -0.6286284 0.312166 -54.43168 14.20684 -51.7279
0.5775908 -0.619107 0.3241289 -49.27901 13.34424 -51.81187
0.6029815 -0.6022613 0.3280351 -44.29428 12.65722 -51.46072
0.6479033 -0.5944488 0.3436601 -38.32481 11.20684 -51.82713
0.2858428 -0.304898 0.5350664 -3.546183 13.86333 15.1347
0.3314971 -0.2367827 0.5563066 -5.523283 20.55798 15.47058
0.3319854 -0.2253081 0.5755937 -5.401145 21.83279 14.56982
0.3378447 -0.2177397 0.595125 -6.095802 23.13814 13.78356
0.3376006 -0.2057769 0.6000078 -7.195038 24.64195 12.92096
0.3520049 -0.2074858 0.6087968 -7.882061 26.36714 12.0431
0.3500518 -0.2118804 0.6144121 -8.805725 27.77936 11.29501
0.3500518 -0.2218901 0.6253984 -9.34771 29.44348 10.1118
0.3566436 -0.2289702 0.6459062 -9.233206 31.0389 9.455313
0.3642119 -0.2399565 0.6600664 -8.370611 32.51982 8.814092
0.3656768 -0.2514312 0.6617754 -7.424046 34.63432 7.966763
0.3634795 -0.2697417 0.6752031 -5.790458 37.48928 6.905695
0.3493193 -0.2929351 0.6583574 -4.0271 40.23738 5.982031
0.3317412 -0.3166167 0.6454179 -1.75229 42.68776 5.524015
0.3163604 -0.344937 0.6053789 0.4461832 44.75646 5.68432
0.3095244 -0.369107 0.5597246 2.995801 46.0389 6.058367
0.3144072 -0.3835113 0.5038164 4.408015 46.70303 6.814092
0.3048857 -0.3988921 0.4537675 5.850763 46.53508 7.569817
0.298294 -0.4008452 0.4186113 6.850763 45.88623 8.478213
0.28804 -0.4023101 0.3805254 7.667557 44.35951 10.1347
0.282669 -0.3942534 0.3309648 7.782061 42.68012 11.31028
