-0.7626719 0.6085678 1.894159 22.02806 59.57389 -6.998381
-0.6457285 0.759935 1.63244 -0.07880914 59.9403 -2.540366
-0.5890879 0.6510483 1.757929 -10.48339 65.54336 -1.486931
-0.6537852 0.5275131 1.762567 -7.040642 73.9174 -9.731206
-0.7289805 0.4818589 1.743524 -4.857435 72.37542 -17.96785
-0.7492442 0.4567124 1.651239 2.447908 69.61969 -23.02128
-0.766334 0.4486557 1.603876 3.997527 67.65022 -26.18159
-0.7939219 0.4066636 1.514032 10.56241 59.51283 -27.91441
-0.8293222 0.3929917 1.512323 10.75325 50.43649 -29.14342
-0.8100351 0.3395249 1.446405 15.78379 44.29908 -23.41059
-0.7560801 0.341478 1.476679 15.03569 48.02428 -27.05182
-0.7995371 0.3202378 1.524042 16.40211 46.74183 -30.16632
-0.8156504 0.3405015 1.565058 17.65402 39.47466 -29.49457
-0.7887949 0.4054429 1.589472 10.95936 37.29145 -27.96785
-0.78025 0.3851792 1.672724 4.104397 37.97847 -25.34953
-0.7814707 0.3549057 1.721796 4.623481 36.74947 -25.88388
-0.7511973 0.3658921 1.762567 5.966992 35.33725 -24.92205
-0.7153086 0.3749253 1.782343 7.684549 36.90977 -25.70067
-0.6955332 0.3785874 1.813593 9.661649 40.61969 -28.10525
-0.6938242 0.3988511 1.826288 12.0586 42.14641 -28.33426
-0.6689219 0.4010483 1.816034 16.82195 43.33725 -29.93731
-0.6625742 0.4076401 1.800409 20.55478 47.42886 -33.34953
-0.6694102 0.3922593 1.75744 25.73035 51.83344 -37.76937
-0.6843028 0.3890854 1.716913 30.61585 51.88687 -40.16632
-0.6869883 0.3405015 1.665399 34.99753 52.50519 -42.16632
-0.7070078 0.3177964 1.623163 38.42501 56.05481 -46.548
-0.7497324 0.3419663 1.599237 38.67692 58.26092 -48.55563
-0.7809824 0.3270737 1.554315 36.2189 55.7113 -47.15105
0.8039785 -0.833815 -0.06165135 17.54715 -254.2429 223.5436
1.532738 -0.63069 -0.06165135 112.2113 -254.2429 238.2153
1.5906 -0.5401138 -0.06165135 124.6769 -254.2429 239.4673
1.730248 -0.4961685 -0.06165135 134.5548 -254.2429 235.9711
1.884545 -0.3682388 -0.06165135 152.0357 -254.2429 223.6657
1.935082 -0.2097915 -0.06165135 162.0891 -254.2429 239.2917
1.970238 -0.2266372 -0.01184666 171.6311 -254.2429 233.0856
2.064904 -0.1726821 0.102167 192.5166 -254.2429 225.1696
2.064904 -0.05744776 0.3424014 211.6311 -254.2429 221.7879
2.064904 0.02263036 0.4825381 234.5319 -254.2429 228.0779
1.937035 0.2753159 0.5364932 243.3945 -254.2429 221.0551
1.754174 0.2352768 0.780878 239.6922 -254.2429 218.7726
1.952904 0.4703843 0.9166202 239.8296 -254.2429 251.6963
2.04348 0.5704819 0.9280948 219.7761 -254.2429 248.5207
1.878197 0.601976 0.9466495 206.6769 -254.2429 247.7192
1.777123 0.647142 1.004022 203.6998 -254.2429 244.9405
1.877953 0.7924057 1.102167 192.9212 -254.2429 247.2841
1.684594 0.9142319 1.394892 123.4937 -254.2429 246.3986
1.62185 1.075121 1.608271 95.16547 -254.2429 242.6047
1.593041 1.017992 1.631708 79.29523 -254.2429 231.6886
1.489037 1.027513 1.674677 54.55478 -254.2429 218.765
1.461205 0.9886948 1.790399 26.99753 -254.2429 217.1543
1.434105 0.9547592 1.957392 7.028061 -254.2429 214.6047
1.378197 0.9159409 2.047968 -8.239115 -254.2429 219.5207
1.369897 0.7093979 2.151484 -16.47576 -254.2429 189.4596
1.320092 0.7218491 1.996454 13.59295 -254.2429 193.2459
1.268822 1.210374 2.577021 -6.460488 -254.2429 185.1543
1.047631 0.707933 2.178339 -15.88034 -254.2429 202.765
1.065941 0.9044662 2.674433 -44.42232 -254.2429 110.9787
0.8264395 1.034105 2.67663 -93.99484 -254.2429 131.5131
0.5527578 0.8141342 2.670038 -138.8727 -254.2429 141.9024
0.5974355 0.6307846 3.046503 -160.5368 -233.6093 94.94818
0.8374258 0.6788803 2.984247 -171.3155 -198.5788 95.79551
0.7065664 0.3988511 2.962275 -192.5445 -177.6704 83.73444
0.6050039 0.5958725 3.39953 -204.4147 -147.4032 71.84895
0.737084 0.4689194 3.18664 -162.5521 -149.846 93.3375
0.5818105 0.4327866 3.234491 -177.6361 -151.9681 66.67338
0.4685293 0.4320542 3.282099 -192.3918 -147.846 12.02452
0.7221914 0.423021 3.367304 -171.5979 -135.3879 68.32986
0.4463125 0.3192612 3.449335 -144.804 -110.9223 57.91002
0.185082 0.4510972 3.559198 -156.7887 -108.4108 61.27643
0.3303457 0.2960679 3.594843 -154.3842 -109.5177 69.62757
0.372582 0.2159897 3.594355 -113.2467 -107.9757 71.75735
0.362084 0.2731186 3.639277 -78.12461 -97.93756 53.84132
0.1916738 0.2362534 3.603144 -21.30018 -94.59405 35.05505
0.1821523 0.2584702 3.589472 31.80669 -71.51008 22.35276
0.1855703 0.4806382 3.734491 41.56241 -53.25053 11.23063
0.2002187 0.4669663 3.689814 59.31814 -31.07496 -2.16632
0.2051016 0.5668198 3.665155 87.1273 -10.51771 -14.31136
0.2085195 0.6561752 3.567987 104.7151 5.489923 -23.56327
0.2583242 0.7142807 3.441034 98.73798 18.54336 -27.30373
0.2790761 0.7064682 3.346796 86.44028 42.13878 -30.98311
0.2722402 0.7140366 3.332392 70.34104 57.50519 -32.85334
0.2429434 0.6722885 3.290644 57.45554 69.08534 -34.73884
0.2361074 0.5941635 3.246454 47.20364 84.18458 -36.7541
0.2165762 0.5548569 3.205439 37.90593 99.62733 -37.38769
0.1997305 0.4928452 3.174433 29.24944 112.3067 -39.38006
0.2090078 0.4242417 3.06164 25.18837 125.467 -41.93731
0.2170645 0.3541733 3.019403 24.66928 137.9937 -44.78464
0.2480703 0.3417222 2.987177 27.0586 146.3831 -47.86098
0.2661367 0.33098 2.964228 28.63111 154.4976 -50.91441
0.2829824 0.3155991 2.931757 28.79906 165.3372 -54.11288
0.2773672 0.3048569 2.889521 27.3105 176.3067 -56.92204
0.2705312 0.2989975 2.824091 21.50134 183.3143 -58.23502
0.3093496 0.2704331 2.7987 20.02806 194.9708 -60.71594
0.329125 0.2567612 2.772821 16.67692 203.6197 -62.5251
0.3650136 0.2411362 2.747675 15.01279 212.2533 -64.44876
0.393334 0.2362534 2.721552 14.13493 223.3143 -67.38006
0.4214101 0.2272202 2.696894 13.41737 233.2762 -70.43349
0.4209219 0.2037827 2.694696 15.1044 241.0777 -72.99075
0.4458242 0.173021 2.640497 19.40211 246.0243 -76.21212
0.4914785 0.1461655 2.577021 21.46318 246.0243 -78.16632
0.5202871 0.1393296 2.537226 24.95936 246.0243 -80.83807
0.5613027 0.1449448 2.479853 26.00516 246.0243 -82.73884
0.5908437 0.1786362 2.452753 22.69982 246.0243 -82.64723
0.6106191 0.1952378 2.380487 17.05096 246.0243 -82.14342
0.6450429 0.1984116 2.31164 3.913557 246.0243 -79.5022
0.6992422 0.1967026 2.264032 -3.109344 246.0243 -78.42586
0.7351308 0.2203843 2.247675 -9.910871 246.0243 -76.76174
0.7573476 0.24431 2.203241 -15.14751 246.0243 -76.54037
0.8225332 0.2609116 2.132685 -18.38415 246.0243 -76.50983
0.8198477 0.2968003 2.125605 -26.62079 246.0243 -74.07471
0.8781973 0.3195054 2.018183 -37.88034 246.0243 -72.27319
0.9270254 0.3065659 1.971308 -48.9185 246.0243 -70.18922
0.9675528 0.311937 1.916864 -60.60553 246.0243 -68.05945
1.030297 0.3197495 1.890253 -72.28491 246.0243 -65.06709
1.018334 0.311937 1.904413 -80.26202 246.0243 -62.64723
1.05935 0.2977768 1.816278 -83.64369 246.0243 -60.20449
1.075951 0.3038804 1.755731 -84.14751 246.0243 -59.86861
1.111352 0.2892319 1.644159 -78.33835 246.0243 -62.49456
1.14724 0.2831284 1.579218 -67.97957 246.0243 -66.53273
1.191918 0.3065659 1.482782 -63.6208 246.0243 -69.31136
-0.8107676 0.2777573 1.519892 0.1501985 15.86397 -4.204488
-0.7826914 0.1781479 1.598749 -3.941405 14.26855 -4.5709
-0.7782969 0.1844956 1.605341 -2.750565 14.22275 -4.624336
-0.7602305 0.1847397 1.616327 -1.498656 14.59679 -4.95258
-0.7592539 0.1954819 1.626825 -0.3994199 15.84107 -5.479298
-0.7577891 0.2069565 1.643671 0.8143207 16.47466 -6.074718
-0.7597422 0.2142807 1.64538 1.699817 17.13878 -6.349526
-0.7485117 0.2247788 1.653925 2.249435 17.8716 -6.647236
-0.7480235 0.2289292 1.659052 2.776153 18.87924 -7.288457
-0.7397227 0.2289292 1.672235 3.363939 20.45939 -7.929679
-0.7355723 0.2316147 1.655878 4.257069 21.45939 -8.631969
-0.7314219 0.2306382 1.646845 4.661649 22.68076 -9.257924
-0.735084 0.2340561 1.640741 5.486076 23.55099 -9.975481
-0.7233653 0.2386948 1.638788 6.066229 25.21511 -10.60144
-0.721168 0.2413804 1.617792 6.310503 26.70366 -11.28082
-0.7338633 0.2506577 1.597773 6.684549 28.05481 -12.28082
-0.7441172 0.2479722 1.582636 5.425008 29.01664 -12.28082
-0.7468028 0.2550522 1.54455 4.715084 29.6884 -12.75411
-0.7529063 0.2474839 1.537958 4.196 29.56626 -13.29609
-0.7614512 0.238939 1.509149 3.799054 29.37542 -13.6625
-0.7675547 0.2306382 1.501825 3.295237 30.05481 -14.12815
-0.7861094 0.2281968 1.483271 3.875389 29.83344 -15.02892
-0.7985606 0.2201401 1.474726 3.692183 28.81817 -14.93731
-0.7917246 0.2291733 1.450312 3.715084 27.84107 -15.12052
-0.7980723 0.2281968 1.439325 3.562412 26.81817 -15.38006
-0.7973399 0.2213608 1.429315 3.60058 26.12351 -15.69304
-0.7983164 0.2162339 1.431757 4.020428 25.40595 -16.77701
-0.8093027 0.2289292 1.42956 4.447908 23.86397 -17.10525
-0.7970957 0.2235581 1.437616 4.860122 22.13878 -17.30373
-0.783668 0.221605 1.434931 5.249435 21.40595 -17.84571
