-0.4214326 -0.5556304 0.5990312 -56.34008 71.00836 64.27974
-0.4353486 -0.549771 0.5956132 -53.98893 66.51218 62.19577
-0.4541474 -0.5346343 0.5751054 -52.1874 62.33661 61.27974
-0.465622 -0.5248687 0.5589921 -51.27137 58.80989 60.27211
-0.489792 -0.4862945 0.5314043 -51.72176 54.23738 58.85226
-0.4936982 -0.4506499 0.4886796 -51.72939 48.59615 56.33318
-0.4958955 -0.4596831 0.4732988 -52.73703 42.40532 54.47058
-0.4802705 -0.4655425 0.4933183 -53.88206 37.25264 52.87516
-0.4729463 -0.4735991 0.4923418 -51.25611 32.43585 50.57745
-0.4561006 -0.4811675 0.4869707 -47.84389 27.61905 48.34844
-0.4441377 -0.4789702 0.5079668 -44.34008 22.80226 46.0431
0.02265918 -0.01485889 0.7503984 9.514885 27.25264 -62.75843
-0.1948701 -0.1679351 0.4723222 122.5302 48.42822 -79.68209
-0.2283174 -0.1681792 0.3966386 119.2477 51.48928 -79.94927
-0.2839814 -0.1637847 0.2972734 108.3011 50.23738 -77.8195
-0.3252412 -0.1908843 0.2047441 95.54543 49.55035 -75.0027
-0.34404 -0.2021147 0.1393144 74.82023 47.32898 -69.04851
-0.3586885 -0.2460601 0.06607223 51.83549 43.48928 -61.65919
-0.3567353 -0.3090484 0.04898238 27.8813 39.40532 -52.9569
-0.3413545 -0.3652007 0.05972457 7.965267 35.16867 -44.38438
-0.3074189 -0.4154937 0.08584762 -8.179771 31.55035 -36.14011
-0.284958 -0.4333159 0.1288164 -17.1416 27.97783 -29.37675
-0.2498018 -0.4584624 0.182039 -21.39351 24.00837 -23.1172
-0.2310029 -0.4496734 0.2472246 -22.74466 21.80989 -18.06377
-0.2112275 -0.4323394 0.3002031 -21.1874 19.88623 -13.45308
-0.1997529 -0.4152495 0.345125 -18.48512 18.98547 -10.33858
-0.1829072 -0.4069488 0.3893144 -11.30191 16.28317 -8.056137
-0.1462861 -0.398648 0.4801347 6.301145 14.32898 -8.987434
-0.1365205 -0.3241851 0.5790117 19.02634 15.46638 -10.56759
-0.1313936 -0.3173491 0.5873125 26.91183 20.87096 -11.40728
-0.1194307 -0.3029449 0.5472734 25.49198 23.51218 -10.17064
-0.1208955 -0.2973296 0.4957597 23.11794 23.42821 -8.750793
-0.1357881 -0.1108062 0.4696367 -2.530916 32.51982 4.791191
-0.08525097 -0.01607959 0.3036211 -79.98129 44.91676 26.39425
-0.1350557 -0.2336089 0.3649004 -59.25611 28.0389 16.62325
-0.1472627 -0.2726714 0.5516679 -20.24084 30.61142 2.440046
-0.1765596 -0.4049956 0.7154863 11.85076 37.36715 -2.926367
-0.2104951 -0.2958648 0.7084062 20.64466 42.0389 -2.101938
-0.1526338 -0.218228 0.6996171 23.38511 41.8557 -0.735527
-0.1016084 -0.1444976 0.7025468 18.30878 45.61142 -1.811863
-0.07328808 -0.1542632 0.7062089 13.40038 50.07707 -2.06377
-0.06645215 -0.193814 0.6615312 4.972901 54.20684 -0.01796913
-0.081833 -0.2074858 0.6002519 -0.1110687 56.52745 2.356077
-0.1072236 -0.2255522 0.5426347 -3.622519 57.74883 3.180504
-0.1213838 -0.2255522 0.4969804 -3.53855 58.22211 2.829359
-0.1584932 -0.2455718 0.4608476 -1.530916 58.14577 1.714855
-0.1377412 -0.3139312 0.3976152 5.400382 60.29844 0.7148552
-0.1387178 -0.2336089 0.3580644 -1.103435 55.016 1.516382
-0.1741182 -0.258023 0.3544023 4.904198 51.91676 0.5927181
-0.1343232 -0.2240874 0.3519609 0.7820611 50.42058 0.9362297
-0.1099092 -0.2074858 0.3565996 0.1484733 48.76409 1.279741
-0.08891308 -0.190396 0.3771074 -4.660687 47.84043 2.119434
-0.06791699 -0.1835601 0.3922441 -8.042367 46.8786 2.699587
-0.04911816 -0.1845366 0.421541 -9.500381 46.25264 2.997297
-0.04081738 -0.1774565 0.4486406 -8.607252 46.25264 2.607985
0.00996387 -0.1549956 0.449373 -8.950764 45.42822 2.088902
0.03242481 -0.1723296 0.4847734 -9.439313 47.21447 1.959129
0.03828418 -0.1715972 0.4642656 -12.54618 48.74119 3.287374
0.03095996 -0.1813628 0.4691484 -14.21794 48.76409 4.264473
0.0612334 -0.2187163 0.4566972 -12.17214 49.80226 4.653786
0.04975879 -0.1989409 0.4896562 -16.27901 49.74119 6.081267
0.03388965 -0.2128569 0.5043046 -12.30191 49.80226 5.936229
0.06489551 -0.2453276 0.527498 -12.27901 51.14577 7.485847
0.03755176 -0.2463042 0.5314043 -9.133969 51.58852 7.760656
0.02168262 -0.2790191 0.5563066 -4.83626 53.00073 7.417145
0.006301761 -0.285855 0.5804765 -5.805725 54.46638 8.25684
0.03584278 -0.1845366 0.570955 -16.21794 56.77173 13.98966
-0.001022458 -0.2714507 0.5931718 -21.06527 58.32898 15.21104
0.01167285 -0.2409331 0.640291 -16.94313 60.72593 13.24157
-0.05888379 -0.3317534 0.6546953 -10.60725 64.63432 12.48585
-0.0727998 -0.2887847 0.6061113 -8.737023 64.57325 12.83699
-0.08110058 -0.3346831 0.5555742 -7.446947 65.39767 13.98203
-0.05790722 -0.3190581 0.5157793 -10.31718 67.14577 15.68432
-0.05912793 -0.3232085 0.4535234 -15.46221 66.50455 18.30264
-0.0234834 -0.2995269 0.4115312 -22.90496 65.69539 22.35608
0.02192676 -0.2680327 0.3956621 -30.55382 64.80225 26.46295
0.03022754 -0.2475249 0.4286211 -33.27901 64.0618 28.9973
0.06025684 -0.2394683 0.4691484 -32.52328 64.79462 31.1347
0.1063994 -0.2157866 0.4947832 -31.72939 65.80225 33.21867
0.1359404 -0.2040679 0.4982011 -30.83626 66.9473 35.1118
0.1610869 -0.2069976 0.4867265 -27.34771 68.31371 36.56982
0.1725615 -0.2231108 0.463289 -23.67595 69.20684 38.42478
0.1737822 -0.2228667 0.4400957 -18.37061 69.40531 40.23394
0.1757354 -0.2248198 0.4064043 -11.88206 69.11523 41.11943
0.1557158 -0.2140776 0.3883379 -5.271374 68.63432 41.62325
0.07734668 -0.206021 0.3917558 0.5683203 67.44348 41.79882
0.05732715 -0.2006499 0.4051836 10.98817 66.86333 40.53928
0.08271778 -0.1530425 0.4169023 11.62176 68.52745 41.14997
0.04951465 -0.1676909 0.4440019 18.85076 67.1534 39.01257
0.03218067 -0.1171538 0.5057695 22.59122 67.45111 37.21104
0.03144825 -0.171353 0.5423906 33.56832 69.48928 34.066
0.02485645 -0.1437651 0.5611894 38.76679 70.31371 31.48585
0.02119434 -0.1547515 0.5475175 40.73626 71.9931 30.66905
0.01362598 -0.1691558 0.5196855 39.59885 73.27554 29.91333
0.007278323 -0.1593901 0.5035722 33.86603 73.95493 30.74539
0.0197295 -0.1742827 0.4938066 30.79733 74.37478 30.68432
0.5290069 -0.6010406 0.4720781 11.43855 4.046535 -39.78896
0.7484893 -0.4511382 0.6390703 63.95 2.382412 -33.43782
0.7301787 -0.4469878 0.6170976 61.73626 2.038901 -31.62102
0.7052764 -0.4530913 0.6127031 58.67519 1.725924 -29.46072
0.6835479 -0.4609038 0.6078203 54.71336 1.20684 -27.35385
0.6735381 -0.462857 0.5904863 50.31641 0.4511144 -25.12484
0.6640166 -0.4809234 0.5912187 47.05687 -0.8618626 -23.62866
0.6803741 -0.5104644 0.588289 46.9042 -0.8465954 -23.23171
0.704544 -0.5465972 0.6175859 54.9271 -3.129038 -23.83476
0.6679229 -0.4997222 0.6341875 48.93473 -5.342779 -21.72789
0.6623076 -0.506314 0.6717851 54.22481 -6.17484 -20.85003
0.6710967 -0.4718902 0.6810625 41.85839 -5.861863 -16.0027
0.6540069 -0.4384429 0.6925371 36.15611 -8.121405 -12.90347
0.6510772 -0.4347808 0.7223222 28.72863 -9.57942 -9.155375
0.659378 -0.4174468 0.7252519 16.07214 -10.39621 -4.399649
0.6969756 -0.4262359 0.7106035 6.690458 -11.27408 -0.9263668
0.7174834 -0.4787261 0.6969316 2.095038 -11.51072 1.035465
0.730667 -0.5190093 0.6395586 1.278244 -11.52598 1.57745
0.6959991 -0.5321929 0.5677812 1.95 -13.0298 2.394245
0.6601104 -0.5758941 0.5143144 6.064504 -14.86186 1.36371
0.6242217 -0.6147124 0.4471757 11.0187 -17.83133 0.3331757
0.5619658 -0.5807769 0.4073808 12.36985 -21.54889 0.6232529
0.5387725 -0.6366851 0.400789 19.80496 -26.38858 -0.4836178
0.5565948 -0.6086089 0.4220293 21.73626 -30.25881 -0.575222
0.596878 -0.6132476 0.4681718 27.70572 -32.41148 -1.468351
0.6422881 -0.5944488 0.5016191 26.41565 -33.36568 -0.9492664
0.6669463 -0.5382964 0.5460527 25.03397 -34.79316 -0.2011757
0.6718291 -0.5448882 0.5795 23.95 -34.51072 -0.2546101
0.6764678 -0.5268218 0.603914 23.0416 -33.65575 0.2339382
0.6781768 -0.5141265 0.6290605 24.20954 -32.42675 0.09653473
0.6613311 -0.4989898 0.619539 24.14084 -31.50308 0.6003513
0.6479033 -0.4955718 0.6117265 26.64466 -28.9153 0.9820309
0.640335 -0.4994781 0.5992754 23.36221 -28.96873 2.119434
0.62471 -0.504605 0.6129472 18.29351 -28.77026 3.264473
0.6173858 -0.5126616 0.6202714 12.45382 -28.77789 4.317909
0.6127471 -0.5387847 0.6398027 8.011068 -28.25118 5.058367
0.6117705 -0.5788238 0.6564043 6.446183 -28.67102 5.554549
0.6029815 -0.6181304 0.6742265 7.224809 -28.11377 4.959129
0.5832061 -0.629605 0.6529863 9.346947 -28.8695 5.25684
0.5646514 -0.634732 0.6798418 10.30115 -28.87713 5.119434
0.558792 -0.631314 0.6964433 10.03397 -28.75499 5.653787
0.546585 -0.6254546 0.7106035 5.789694 -28.54125 7.287374
0.5460967 -0.6225249 0.7262285 -0.7904582 -28.42675 9.539283
0.5495147 -0.6144683 0.7589433 -6.75229 -27.09087 11.61562
0.5556182 -0.6210601 0.7711504 -12.9355 -25.70156 13.64615
0.5619658 -0.6225249 0.7850664 -17.69122 -23.48018 15.46295
0.5683135 -0.6266753 0.7735918 -20.97366 -21.53362 17.1805
0.5565948 -0.6283843 0.7591875 -23.46221 -20.24354 19.1118
0.5585479 -0.6325347 0.7704179 -24.41641 -18.35805 20.63089
0.548294 -0.6413238 0.7762773 -24.21794 -16.25881 22.05837
0.5390166 -0.6401031 0.7633379 -23.87443 -14.43438 23.66142
0.5324248 -0.6247222 0.7364824 -26.45458 -12.55652 26.01257
0.5182647 -0.6103179 0.7169511 -28.71412 -11.92293 28.48585
0.5167998 -0.6144683 0.7140214 -32.29428 -11.57179 31.34081
