0.612084 0.9816147 1.932489 29.94409 145.2304 0.3451298
0.7827383 1.060716 1.911005 30.16547 162.009 -18.92205
0.7175527 1.134447 2.002069 30.49371 171.154 -37.44113
-0.3024668 -0.8177017 1.150995 4.028061 26.88687 -53.63197
-0.3989024 -0.5691666 0.8724307 -10.53682 2.329618 -34.67014
-0.3989024 -0.5391373 0.8778018 -12.33072 -3.800153 -32.83807
-0.3915781 -0.4993423 0.8951358 -13.10934 -9.00626 -32.00601
-0.3942637 -0.4407485 0.9219913 -13.37652 -14.51008 -31.73884
-0.3532481 -0.4429458 0.9542178 -13.28492 -19.92992 -30.98311
-0.3539805 -0.3994888 1.019403 -8.513924 -22.32687 -35.35716
-0.3195567 -0.3191665 1.088983 -10.59026 -26.45664 -35.45639
-0.2695078 -0.3076919 1.16247 -13.46049 -28.61695 -36.71594
-0.2363047 -0.307936 1.223017 -13.06354 -29.02153 -37.50983
-0.2082285 -0.2949966 1.295771 -12.8269 -29.83832 -38.63197
-0.1738047 -0.3050064 1.331659 -13.8269 -29.80779 -38.67777
-0.1542734 -0.3289321 1.370966 -11.49102 -29.07496 -40.26556
-0.1340098 -0.330397 1.401972 -8.246748 -27.99099 -41.95258
-0.1149668 -0.3094009 1.441767 -5.880336 -26.99863 -42.5022
-0.1047129 -0.3069595 1.458124 -4.513924 -26.25817 -43.5022
-0.09323828 -0.3062271 1.479853 -4.055909 -24.21237 -43.99838
-0.0783457 -0.3020767 1.49206 -4.323084 -21.99863 -43.65487
-0.04685156 -0.281813 1.512079 -5.796367 -20.09786 -43.62433
-0.02414648 -0.2671646 1.515741 -8.01774 -17.97573 -42.64724
0.003441408 -0.2481216 1.509394 -11.22385 -15.98336 -42.27319
0.03591211 -0.2254165 1.51037 -14.36125 -14.76962 -42.31899
0.0622793 -0.2005142 1.548212 -16.59789 -14.27344 -43.44876
0.09597071 -0.2136978 1.58581 -18.52919 -12.97573 -46.30372
0.1106191 -0.2273696 1.674189 -18.16278 -11.61695 -49.46403
0.1098867 -0.2312759 1.737909 -21.38415 -9.929924 -53.44876
0.1574941 -0.2986587 1.856562 -28.94904 -6.464275 -50.07471
0.2414785 -0.4688247 1.889032 -36.23911 -0.9451912 -43.32663
0.296166 -0.5877213 1.97204 -35.52919 6.276183 -45.16632
0.2890859 -0.6304459 2.046015 -35.72766 13.35252 -39.92204
0.3481679 -0.6714615 2.081171 -34.8956 23.8029 -35.93731
0.3545156 -0.7583755 2.137079 -31.93377 33.77237 -31.38769
0.355248 -0.8369888 2.168085 -27.65896 45.23038 -26.46403
0.3442617 -0.859938 2.187128 -22.46812 56.41359 -21.12815
0.3674551 -0.8560318 2.18786 -17.97957 68.53572 -15.87625
0.3740469 -0.8340591 2.166376 -11.49102 81.19221 -12.4335
0.3659902 -0.8030533 2.088251 -6.498656 91.39069 -8.860977
0.3432851 -0.7510513 1.965204 -1.200946 99.56625 -4.540366
0.3105703 -0.7171158 1.886835 2.432641 105.7342 -1.731206
0.28225 -0.667067 1.78039 5.173099 110.7342 2.177191
0.2517324 -0.6375259 1.704218 6.692183 114.6579 6.444366
0.2309805 -0.5701431 1.629267 8.188367 119.1006 10.26879
0.2407461 -0.4907974 1.561396 11.18837 119.9479 9.96345
0.2275625 -0.4661392 1.514521 12.55478 119.6808 12.48253
0.2556386 -0.4019302 1.490351 14.21127 121.1159 12.65811
0.2534414 -0.3198989 1.498163 15.93646 119.8182 11.83368
0.2942129 -0.2263931 1.521112 17.2876 120.1846 11.21536
0.3169179 -0.1861099 1.546503 18.66928 119.8945 10.12376
0.3745351 -0.1267837 1.594843 19.50134 120.8792 8.444366
0.4277578 -0.09968409 1.678095 19.2647 122.9021 6.421466
0.5053945 -0.06013331 1.763788 18.37921 127.3678 4.001618
0.5718008 -0.05598292 1.851435 17.30287 131.2075 2.368031
0.5949941 -0.05622706 1.911005 18.81432 135.5663 1.772611
0.672875 -0.04939112 1.945917 20.59295 140.8487 -0.731206
0.7688222 -0.0174087 2.004511 23.2189 146.0166 -3.395328
0.8144766 -0.01179346 2.074335 25.79142 151.4976 -6.380061
0.9028555 0.001390129 2.119989 28.79906 161.3678 -9.792275
0.9848867 0.04777685 2.18786 28.56241 174.7342 -12.85334
1.118188 0.09294287 2.115839 26.37921 206.1998 -18.08998
0.9970938 0.0829331 2.316278 27.45554 220.0166 -21.86861
1.200951 0.1312729 2.209589 28.86776 233.0319 -23.74647
1.21267 0.07878271 2.278925 35.28761 246.0243 -30.94495
1.229272 0.1820542 2.495966 55.48608 246.0243 -37.15105
1.229272 0.2142807 2.561152 51.69218 246.0243 -44.87624
1.292016 0.270189 2.532831 55.82959 246.0243 -51.5709
1.342797 0.2557847 2.416132 62.69218 246.0243 -59.25029
1.403344 0.3341538 2.27331 65.71509 246.0243 -67.79227
1.431908 0.3702866 2.15954 68.98226 246.0243 -76.05182
1.444848 0.3973862 2.023798 71.62348 246.0243 -84.95258
1.445336 0.4152085 1.924433 69.53951 246.0243 -93.26556
1.457543 0.3614975 1.785761 67.25707 246.0243 -101.2808
1.467553 0.3021714 1.64538 64.66928 246.0243 -107.2503
1.468529 0.249437 1.534296 62.94409 246.0243 -113.4717
1.469994 0.2360093 1.468622 59.84486 246.0243 -119.0518
1.480004 0.2081772 1.390985 53.73798 246.0243 -123.4488
1.497338 0.160814 1.314081 48.92883 246.0243 -126.1205
1.525658 0.122728 1.25622 44.41737 246.0243 -129.3037
1.542748 0.1051499 1.215448 40.44028 246.0243 -132.6014
1.53518 0.07487646 1.167108 35.15783 246.0243 -135.319
1.542504 0.04313818 1.106562 30.13493 246.0243 -137.4488
1.566918 0.01066747 1.011835 25.44791 246.0243 -140.2656
1.538109 -0.005445808 0.9959659 19.59295 246.0243 -142.6396
1.527367 -0.05354151 0.921503 17.92119 246.0243 -145.5098
1.555199 -0.08820948 0.8480166 12.52424 246.0243 -146.1892
1.524682 -0.1077407 0.7891788 5.287603 246.0243 -144.235
1.50393 -0.1460708 0.7257022 -1.529191 246.0243 -143.8839
1.334984 -0.1756118 0.7737979 -7.468122 246.0243 -147.4717
1.43435 -0.1865982 0.4490909 -14.01774 246.0243 -137.2732
1.388207 -0.2044204 0.3568057 -22.07117 246.0243 -132.5098
1.438988 -0.2351821 0.2503604 -26.62079 246.0243 -129.777
0.5293203 -0.3369888 2.361933 -10.62843 47.45176 17.73444
0.5595937 -0.2744888 2.408319 22.48608 78.70366 -21.44876
0.5569082 -0.2844985 2.363886 26.68455 87.81053 -20.15105
0.5905996 -0.2935318 2.289911 33.77615 97.52045 -25.06708
0.6113515 -0.2603286 2.252802 37.76852 104.093 -23.21976
0.7099844 -0.09333643 2.160761 42.1273 125.9632 -25.70831
0.7348867 -0.04157862 2.167109 42.47844 134.093 -25.69304
0.7387929 0.00163427 2.155634 44.73798 141.5968 -25.89151
0.7539297 0.09367529 2.133417 46.39447 150.2075 -29.26556
0.7502676 0.1681382 2.116083 47.96699 158.2838 -31.86098
0.759789 0.2255112 2.082392 47.44028 166.8258 -35.64724
0.7680898 0.3026597 2.049921 44.0586 173.864 -39.69304
0.7951894 0.3690659 2.001093 39.87539 180.8411 -45.54036
0.8352285 0.4488999 1.911249 36.2418 177.3831 -50.14342
0.835961 0.4537827 1.896112 26.57768 186.1998 -54.98311
0.8364492 0.5045639 1.875849 15.27234 199.3525 -58.44876
0.8364492 0.4679429 1.872431 5.570046 205.9479 -61.00601
0.8559805 0.4149643 1.880731 -3.330718 212.9021 -65.08998
0.9138418 0.3949448 1.884149 -12.04827 220.7037 -67.51746
0.9553457 0.3822495 1.888544 -20.38415 227.0624 -69.12051
0.9988028 0.3456284 1.890253 -27.62079 234.8334 -71.09762
1.022484 0.3009507 1.889276 -34.88034 243.635 -72.38006
1.044945 0.2640854 1.889032 -40.05591 246.0243 -74.34953
1.054955 0.2401597 1.875116 -43.04827 246.0243 -76.47166
1.071068 0.2736069 1.804071 -47.01011 246.0243 -78.23502
1.095238 0.2382065 1.768915 -45.18568 246.0243 -81.5938
1.093041 0.2323472 1.699579 -46.36889 246.0243 -84.94495
1.105736 0.2245347 1.647821 -47.11698 246.0243 -88.07471
1.131859 0.1871811 1.589472 -46.55209 246.0243 -91.62434
1.156762 0.1456772 1.551386 -46.46049 246.0243 -94.54037
1.193139 0.09880224 1.514521 -45.48339 246.0243 -97.10525
1.201928 0.05632177 1.493769 -43.23148 246.0243 -98.88387
1.214135 -0.01447901 1.455683 -39.00247 246.0243 -102.2885
1.21975 -0.05451807 1.421259 -35.12461 246.0243 -104.4869
1.220482 -0.1370376 1.409784 -30.55972 246.0243 -105.2656
1.22976 -0.1887954 1.389276 -26.70476 246.0243 -105.4717
1.252709 -0.269606 1.335077 -22.21621 246.0243 -103.4793
1.255639 -0.2403091 1.28747 -18.84217 246.0243 -101.5633
1.26101 -0.22444 1.229608 -14.17041 246.0243 -100.6472
1.279809 -0.2300552 1.214228 -8.437588 246.0243 -100.1434
1.308861 -0.2127212 1.153681 -5.200947 246.0243 -98.98312
1.312768 -0.1922134 1.113397 -1.262015 246.0243 -97.92204
1.306664 -0.1438735 1.04748 1.646382 246.0243 -99.53273
1.275902 -0.09528955 1.011347 2.867756 246.0243 -101.4564
1.275902 -0.03693995 0.9661807 6.081496 246.0243 -106.9755
1.335229 -0.04011378 0.8577823 5.241802 246.0243 -114.6167
1.34768 -0.000318855 0.8204288 6.050961 246.0243 -116.6778
1.391869 0.02702489 0.6280459 8.287603 246.0243 -115.0671
1.324731 -0.002760261 0.6895694 12.97463 246.0243 -119.7846
1.281762 -0.07136378 0.5347842 16.2647 246.0243 -113.5785
1.148705 -0.1402114 0.305292 25.37921 246.0243 -117.09
1.113305 -0.184645 0.2650088 22.02043 246.0243 -109.4106
1.110619 -0.2261489 -0.06165135 22.83722 246.0243 -114.5938
1.103051 -0.2908462 -0.06165135 29.89066 246.0243 -121.2045
1.040795 -0.2041763 -0.06165135 7.905923 246.0243 -130.09
0.882836 -0.3318618 -0.06165135 -0.3765191 246.0243 -104.1358
0.832543 -0.3858169 -0.06165135 -6.88797 246.0243 -71.06709
