0.6818389 -0.7729156 0.002351522 -94.10343 -37.67865 18.31027
0.6422881 -0.7692534 0.1012285 -102.3477 -43.0069 24.69195
0.7072295 -0.7416656 0.1734941 -107.5538 -48.09087 29.95913
0.7128448 -0.7487456 0.3011796 -114.8973 -54.29697 36.66905
0.746292 -0.7113921 0.388582 -115.1721 -53.62522 39.39425
0.7565459 -0.697232 0.4691484 -114.6607 -55.61759 42.91333
0.7499541 -0.6667144 0.5419023 -110.8821 -55.57178 43.24921
0.7785186 -0.6701324 0.5970781 -110.8363 -56.08324 46.16524
0.7890166 -0.679898 0.6781328 -108.424 -56.57942 49.44005
0.7384795 -0.5993316 0.7691972 -107.6759 -54.25881 53.08127
0.7538604 -0.5407378 0.7538164 -98.17213 -44.25117 48.67669
0.6383819 -0.4921538 0.6869218 -101.6912 -46.82369 52.10417
0.6652373 -0.521939 0.6424882 -102.6912 -49.60995 52.75302
0.7382354 -0.4682281 0.6454179 -98.63015 -50.39621 51.53165
0.7772979 -0.4987456 0.6463945 -97.91259 -50.51835 52.76066
0.8148955 -0.4850738 0.6363847 -94.78282 -51.28171 52.03547
0.8424834 -0.4965484 0.6583574 -92.69122 -51.44965 53.21104
0.8500518 -0.485562 0.666414 -87.52328 -50.9611 53.23394
0.8236846 -0.4850738 0.6808183 -84.14923 -51.02217 54.1118
0.8131866 -0.4633452 0.7047441 -81.92023 -50.1214 54.98966
0.8146514 -0.4723784 0.7203691 -77.85916 -49.11377 55.55455
0.8095244 -0.4696929 0.7372148 -70.98893 -48.86186 55.79119
0.793167 -0.4599273 0.7565019 -65.9126 -48.22064 56.28738
0.796585 -0.4286773 0.7726152 -60.37061 -46.44201 56.42478
0.8202666 -0.429898 0.7728593 -59.27137 -44.94583 57.27211
0.8424834 -0.4208648 0.7770097 -56.1874 -43.9611 57.23394
0.855667 -0.415982 0.7840898 -49.92023 -42.8466 56.72249
0.8773955 -0.4037749 0.7836015 -42.83626 -40.16721 55.56982
0.8888701 -0.3695952 0.7782304 -38.87443 -38.82369 54.53165
0.885208 -0.3495757 0.793123 -36.10344 -38.1214 53.80646
0.8859405 -0.3400542 0.8143633 -31.63779 -36.87713 52.2263
0.8725127 -0.3107574 0.812166 -28.34008 -34.53362 50.66905
0.8515166 -0.3070952 0.8282793 -26.63015 -32.0069 50.1805
0.8166045 -0.2826812 0.8334063 -25.30954 -29.48018 49.03547
0.7892608 -0.2646148 0.841707 -24.75229 -26.8695 47.76829
0.7741241 -0.2553374 0.8404863 -24.57672 -23.85423 46.76829
0.7626494 -0.2526519 0.8419512 -22.56908 -21.62522 45.0889
0.7584991 -0.2331206 0.86075 -21.59199 -18.26644 43.54692
0.7609405 -0.223355 0.8385332 -20.84389 -14.78553 42.23394
0.7553252 -0.2121245 0.832918 -20.05 -11.28171 40.56982
0.7641143 -0.2062651 0.834627 -20.30191 -7.999267 38.79119
0.7580108 -0.1952788 0.8304766 -20.34008 -4.556519 37.14233
0.7548369 -0.1889312 0.8253496 -18.70649 -0.816061 34.73775
0.7577666 -0.1860015 0.8094805 -18.50038 2.306077 32.48585
0.7521514 -0.1947905 0.8111895 -17.34771 5.634321 30.55455
0.7511748 -0.1881987 0.8128984 -15.74466 9.390045 28.21104
0.753128 -0.1864898 0.8063066 -13.83626 12.91676 25.85226
0.7831573 -0.3046538 0.6441972 -6.523283 -2.907664 15.1347
0.7855987 -0.3061187 0.6371171 -9.378244 -1.083237 17.53165
0.7880401 -0.3068511 0.6307695 -9.424046 -0.4801832 17.77592
0.7899932 -0.3068511 0.6388261 -9.85916 -0.2511755 18.1576
0.7924346 -0.303189 0.6422441 -10.03473 0.1992061 18.21104
0.794876 -0.3102691 0.635164 -9.683588 0.8480611 18.67669
0.7936553 -0.3007476 0.6315019 -9.233206 1.52745 18.78356
0.7877959 -0.304898 0.6341875 -8.477481 2.12287 18.96676
0.7853545 -0.2978179 0.6236894 -8.210305 2.328977 18.94386
0.7804717 -0.3007476 0.622957 -8.118702 2.710657 18.98203
0.7816924 -0.2904937 0.6217363 -8.149237 2.832794 19.23394
0.7863311 -0.287564 0.6261308 -8.721756 3.069435 19.48585
0.7848662 -0.2926909 0.6119707 -8.966031 3.367145 19.72249
0.784378 -0.287564 0.6141679 -9.64542 3.496916 19.9744
0.7904815 -0.2931792 0.6075761 -10.53092 3.397679 20.25684
0.7885283 -0.2931792 0.609041 -11.70649 3.397679 20.40951
0.7851104 -0.284146 0.6048906 -12.66069 3.512183 21.066
0.7875518 -0.285855 0.6095293 -13.15687 3.199206 21.45531
0.7836455 -0.2870757 0.6102617 -13.58435 3.42058 21.69195
0.7863311 -0.2890288 0.6185625 -12.87443 2.893863 21.90569
0.7841338 -0.2948882 0.6014726 -12.56908 2.832794 22.1805
0.782669 -0.2919585 0.6146562 -12.1187 3.038901 22.60035
0.7855987 -0.290982 0.6114824 -10.98893 2.542717 22.94386
0.7807158 -0.289273 0.6019609 -10.0729 2.390046 23.26447
0.7831573 -0.2863433 0.6095293 -9.263741 2.435847 23.78356
0.78096 -0.2834136 0.6112382 -8.599619 2.252641 24.12707
0.7812041 -0.2902495 0.6185625 -8.317176 2.000733 24.85226
0.7855987 -0.284146 0.6129472 -8.340076 1.939664 25.44768
0.7838897 -0.2799956 0.609041 -8.401145 1.962565 26.18814
0.7853545 -0.2758452 0.6080644 -8.851527 1.893863 26.85226
0.7802276 -0.273648 0.6036699 -9.630153 1.619053 27.19577
0.7802276 -0.266812 0.6100175 -10.13397 1.794626 27.57745
0.7880401 -0.2599761 0.6078203 -11.24847 2.176305 28.14997
0.7877959 -0.2558257 0.5929277 -11.36298 1.90913 28.05837
0.7846221 -0.2570464 0.589998 -10.92786 1.680122 27.9286
0.7782744 -0.2533843 0.5968339 -10.62252 1.848061 27.59272
0.7697295 -0.2673003 0.588289 -10.21031 1.954931 27.17287
0.7777862 -0.2538726 0.5890214 -9.996565 1.809893 26.66905
0.7672881 -0.2487456 0.5863359 -10.43931 1.855695 26.29501
0.7606963 -0.2480132 0.5851152 -11.43168 2.054168 25.25684
0.7548369 -0.254605 0.5892656 -15.46221 1.496916 23.69959
0.7541045 -0.2633941 0.5863359 -16.36298 1.519817 23.16524
0.7567901 -0.2660796 0.5912187 -16.66832 1.52745 22.72249
0.7533721 -0.2665679 0.5941484 -16.55382 1.290809 22.20341
0.7516631 -0.2712066 0.5919511 -15.89733 1.428214 21.84463
0.7501983 -0.2714507 0.6017168 -14.86679 1.275542 21.56218
0.7565459 -0.2846343 0.602205 -13.70649 0.9320305 21.24921
0.7584991 -0.2885406 0.5956132 -12.45458 1.099969 21.00493
0.7563018 -0.2870757 0.5980546 -10.61489 0.8785954 20.89043
0.7587432 -0.2929351 0.5987871 -9.393512 0.703023 20.91333
0.7741241 -0.2956206 0.589998 -7.958397 1.092336 21.09653
0.7751006 -0.2882964 0.5985429 -7.080534 0.7717252 21.39425
0.7851104 -0.2912261 0.58658 -7.13397 0.7335572 21.75302
0.7924346 -0.2897613 0.576082 -8.179771 0.4129465 22.62325
0.7943877 -0.2797515 0.5856035 -9.141603 -0.1061375 23.27974
0.7907256 -0.2773101 0.5858476 -9.973664 -0.3656794 23.9515
0.7870635 -0.2690093 0.5807207 -10.48512 -0.594687 24.36371
0.7816924 -0.2616851 0.5758379 -11.24084 -0.7931603 24.82936
0.7848662 -0.2641265 0.5904863 -11.9126 -1.258809 25.19577
0.7975616 -0.2538726 0.5868242 -12.39351 -1.442015 25.57745
0.7917022 -0.2548491 0.5856035 -12.70649 -1.655756 25.87516
0.7956084 -0.2509429 0.5851152 -12.82863 -1.976366 25.9744
0.7873076 -0.2450835 0.5921953 -12.69885 -2.014534 26.0202
0.791458 -0.2436187 0.5843828 -12.43168 -2.327512 26.19577
0.791458 -0.2387358 0.5997636 -12.35534 -2.480183 26.22631
0.7936553 -0.247769 0.595125 -12.04237 -2.49545 26.23394
0.7907256 -0.237271 0.5965898 -11.68359 -2.556519 25.82173
0.7824248 -0.240689 0.6017168 -11.52328 -2.426748 25.74539
0.7836455 -0.2431304 0.603914 -11.21794 -2.190107 25.37134
0.7785186 -0.2377593 0.6117265 -10.58435 -2.396214 24.96676
0.7814483 -0.2404448 0.6139238 -10.41641 -1.785527 24.39425
0.7736358 -0.2448394 0.6080644 -10.10344 -1.945832 23.78356
0.7733916 -0.2450835 0.6061113 -10.27137 -1.770259 23.26447
0.7719268 -0.2516753 0.607332 -10.49275 -1.68629 22.82936
0.7714385 -0.2594878 0.6129472 -11.01183 -1.190107 22.23394
0.7694854 -0.2536284 0.6105058 -11.85153 -0.7931603 21.69959
0.7702178 -0.2670562 0.6139238 -12.44695 -0.3809465 21.26447
0.7741241 -0.2658355 0.6139238 -12.9355 -0.167206 20.91333
0.7729033 -0.2758452 0.6141679 -12.92023 0.1305039 20.42478
0.7751006 -0.2836577 0.609041 -12.69122 0.3900459 19.92096
0.7751006 -0.2863433 0.61075 -12.30954 0.6114199 19.54692
0.7746123 -0.2878081 0.6153886 -11.80573 0.4511144 19.44005
0.7814483 -0.2922027 0.6078203 -11.32481 0.664855 19.38661
0.782669 -0.3017241 0.6217363 -10.84389 0.9625649 19.47821
0.7853545 -0.3034331 0.6151445 -10.39351 1.191572 19.64615
0.7921905 -0.3002593 0.6283281 -9.126336 0.9625649 19.95913
0.8029326 -0.2995269 0.6036699 -7.988932 1.275542 20.30264
0.7958526 -0.3002593 0.602205 -7.317176 1.619053 20.71486
0.7941436 -0.2995269 0.5973222 -6.462214 1.809893 20.63089
0.7902373 -0.3051421 0.5895097 -5.675954 2.153405 20.54692
0.7448272 -0.2575347 0.5851152 -4.15687 -9.029801 19.37898
0.7589873 -0.2421538 0.5948808 -3.164504 -9.373313 22.55455
0.7545928 -0.2377593 0.5956132 -3.584351 -9.373313 23.28737
0.7553252 -0.2328765 0.5943925 -4.019465 -9.045069 24.43241
0.7655791 -0.2284819 0.6004961 -4.179771 -9.006901 25.53165
0.7699737 -0.2377593 0.5970781 -4.088168 -8.953465 26.14234
0.7724151 -0.2380034 0.5946367 -4.385878 -8.556519 27.16524
0.7787627 -0.2289702 0.6029375 -4.45458 -8.732092 28.00493
0.7836455 -0.233853 0.6009843 -4.217939 -8.945832 29.07363
0.7816924 -0.2297026 0.6114824 -4.279008 -8.663389 29.64615
0.7841338 -0.2306792 0.6024492 -5.095801 -8.197741 30.02783
0.791458 -0.2228667 0.6124589 -5.973664 -7.663389 30.69196
0.7919463 -0.2204253 0.6105058 -7.019466 -7.594687 31.1805
