1.874821 2.224976 2.012858 195.773 -219.2934 251.8109
1.799137 2.224976 2.196696 193.5974 -232.6904 251.8109
2.052311 2.224976 2.465007 177.3455 -189.3927 251.8109
2.139469 2.224976 2.573649 153.2768 -153.8965 239.0934
2.202702 2.224976 2.526286 125.4753 -125.8965 209.9636
2.140446 2.224976 2.462321 112.9028 -117.4079 172.2308
2.289799 2.224976 2.437907 90.15468 -101.698 127.3605
2.289799 2.224976 2.523845 61.0249 -83.33923 92.62006
2.289799 2.224976 2.625896 54.0478 -68.59878 49.86433
2.289799 2.224976 2.811442 17.89513 -33.3774 11.95594
2.227604 2.224976 2.864177 8.085969 6.126411 -39.99826
2.006657 2.224976 2.93864 -5.959833 34.11878 -87.79215
1.969059 2.224976 2.717692 -18.57052 73.08824 -132.0975
1.740055 2.224976 2.830241 -31.24228 96.37068 -177.754
1.813542 2.224976 2.805583 -22.37205 131.7447 -224.67
1.747868 2.224976 2.574138 -33.8606 155.5692 -248.4563
1.527409 2.224976 2.630046 -24.98273 191.5081 -248.4563
1.585758 2.224976 1.963054 -58.59342 205.5386 -248.4563
1.678776 2.224976 1.913981 -63.23464 228.9585 -248.4563
1.974674 2.224976 1.553874 -95.89113 231.0959 -248.4563
2.222233 2.224976 1.330485 -119.4408 231.0959 -248.4563
2.289799 2.224976 1.105632 -132.0056 231.0959 -248.4563
2.289799 2.160828 0.6415205 -145.7308 231.0959 -248.4563
2.289799 1.900574 0.4986982 -143.2041 231.0959 -248.4563
2.289799 1.635682 0.3776045 -146.7843 231.0959 -248.4563
2.289799 1.381043 0.09635448 -150.3797 231.0959 -248.4563
2.289799 1.230652 -0.1421709 -156.6927 231.0959 -248.4563
2.289799 1.009705 -0.2605791 -154.8988 231.0959 -248.4563
2.289799 0.8453985 -0.2605791 -146.5247 231.0959 -248.4563
2.289799 0.7267462 -0.2605791 -146.769 231.0959 -248.4563
2.289799 0.5653692 -0.2605791 -147.7003 231.0959 -248.4563
2.289799 0.4074102 -0.2605791 -157.0438 231.0959 -248.4563
2.289799 -0.05010925 -0.2605791 -152.4484 231.0959 -248.4563
2.289799 -0.2134393 -0.2605791 -140.2957 231.0959 -248.4563
2.289799 -0.5593866 -0.2605791 -125.3797 231.0959 -248.4563
2.289799 -1.613586 -0.2605791 -138.7384 231.0959 -248.4563
2.289799 -1.774963 -0.2605791 -136.4713 231.0959 -248.4563
2.289799 -1.774963 -0.2605791 -120.9217 231.0959 -248.4563
2.289799 -1.774963 -0.2605791 -162.2957 231.0959 -248.4563
2.250553 -1.774963 -0.2605791 -197.5629 231.0959 -248.4563
1.4986 -1.774963 -0.2605791 -230.6163 231.0959 -248.4563
0.6975747 -1.774963 -0.2605791 -230.6163 229.8516 -248.4563
-0.5382651 -1.774963 -0.2605791 -230.6163 196.0043 -248.4563
0.2444497 -1.774963 -0.2605791 -230.6163 131.5081 -248.4563
0.1590005 -1.774963 -0.2605791 -230.6163 86.79817 -248.4563
-0.3124351 -1.774963 -0.2605791 -230.6163 31.14931 -248.4563
-0.4750327 -1.774963 -0.2605791 -230.6163 -32.77435 -248.4563
-0.5812339 -1.774963 -0.2605791 -230.6163 -98.77435 -247.8837
-0.5433921 -1.774963 -0.2605791 -230.6163 -134.7285 -193.8456
-0.6657065 -1.774963 -0.2605791 -215.7079 -181.7285 -165.4715
-0.8265952 -1.774963 -0.2605791 -124.7308 -212.6217 -128.2654
-0.7535972 -1.774963 -0.2605791 -80.98273 -236.0034 -94.3952
-0.8380698 -1.774963 -0.2605791 8.62032 -269.1713 -64.71582
-0.5819663 -1.774963 -0.2605791 26.1165 -269.1713 -16.54788
-0.4198569 -1.774963 -0.2605791 39.60505 -269.1713 21.71166
-0.2174644 -1.774963 0.08951855 41.69666 -269.1713 60.55899
-0.1884116 -1.774963 0.4838057 44.32261 -269.1713 81.98647
0.1174966 -1.774963 0.701335 47.94093 -269.1713 117.475
0.4299966 -1.774963 0.8690596 62.0707 -269.1713 142.8338
-0.4159507 -0.07989441 0.395915 115.3226 -252.1789 104.6277
0.1253091 -1.774963 1.484782 -19.21938 -269.1713 221.4827
0.5322915 -1.774963 1.503337 121.4066 -255.6827 178.2537
0.3218423 -1.641174 1.727702 41.70429 -244.324 228.0399
0.4666177 -1.725646 1.706706 113.1318 -222.2324 219.4598
0.586979 -1.217834 1.651286 121.918 -205.2324 228.6277
0.5867349 -1.156799 1.578288 138.5211 -193.5835 232.5666
2.289799 2.224976 -0.004719734 269.6508 -25.01863 251.8109
1.709538 2.224976 -0.2605791 -226.5934 -28.11023 -248.4563
1.910954 2.224976 -0.2605791 -227.5782 -30.56061 -248.4563
2.202213 2.224976 -0.2344561 -225.6316 -24.13313 -248.4563
2.289799 2.224976 -0.2605791 -226.1965 -20.17893 -248.4563
2.289799 1.929383 -0.2605791 -226.2194 -23.43084 -248.4563
2.289799 1.635682 -0.2605791 -227.082 -23.87359 -248.4563
2.289799 1.441346 -0.2605791 -230.6163 -21.47664 -248.4563
2.289799 1.24408 -0.2605791 -230.6163 -24.93466 -248.4563
2.289799 1.026551 -0.2605791 -230.6163 -25.34687 -248.4563
2.289799 0.7792364 -0.2605791 -230.6163 -10.31634 -248.4563
2.289799 0.5455938 -0.2605791 -230.6163 -7.385038 -248.4563
2.289799 0.3715216 -0.2605791 -230.6163 -5.873589 -248.4563
2.289799 0.2338263 -0.2605791 -230.6163 2.240915 -248.4563
2.289799 -0.1846307 -0.2605791 -230.6163 9.706564 -248.4563
2.289799 -0.5435175 -0.2605791 -230.6163 15.35542 -248.4563
2.289799 -0.9880976 -0.2605791 -230.6163 15.76763 -248.4563
2.289799 -1.441955 -0.2605791 -230.6163 13.39359 -248.4563
2.289799 -1.588684 -0.2605791 -230.6163 -4.720917 -248.4563
2.289799 -1.774963 -0.2605791 -230.6163 -0.8048859 -248.4563
2.289799 -1.774963 -0.2605791 -230.6163 28.91267 -248.4563
2.289799 -1.774963 -0.2605791 -230.6163 -8.270535 -248.4563
2.289799 -1.774963 -0.2605791 -230.6163 55.90504 -248.4563
2.289799 -1.774963 -0.2605791 -230.6163 92.5997 -248.4563
2.289799 -1.774963 -0.2605791 -230.6163 68.35542 -248.4563
2.151676 -1.774963 -0.2605791 -230.6163 73.09587 -248.4563
1.155583 -1.774963 -0.2605791 -230.6163 82.5768 -248.4563
0.2542153 -1.774963 -0.2605791 -230.6163 94.24092 -248.4563
-1.565121 -1.774963 -0.2605791 -230.6163 1.256184 -248.4563
-0.3563804 -1.774963 -0.2605791 -230.6163 -65.20183 -227.5631
0.310856 -1.774963 -0.2605791 -230.6163 -119.9499 -182.5631
0.01153955 -1.774963 -0.2605791 -119.8301 -163.5988 -151.7769
-0.8156089 -1.774963 -0.2605791 -1.127771 -197.0263 -109.6929
-1.358089 -1.774963 -0.2605791 -10.00563 -235.9576 -49.1662
-1.319027 -1.774963 -0.2605791 -0.471283 -248.0644 0.3452518
-1.011654 -1.774963 -0.2605791 14.46765 -258.5912 37.54372
-0.6698569 -1.774963 -0.06844044 36.39895 -268.5225 64.36816
-0.2821616 -1.774963 0.2985029 33.46765 -269.1713 95.97121
0.0635415 -1.774963 0.6278486 36.55162 -269.1713 127.5437
0.08282861 -1.774963 1.291423 94.16994 -269.1713 145.4979
0.3106118 -1.774963 1.637126 76.84933 -241.3163 171.8949
0.4365884 -1.774963 1.594157 96.32262 -237.7591 191.8643
0.5823403 -1.774963 1.60197 100.4677 -220.0034 205.0018
0.5173989 -1.774963 1.890056 91.9333 -200.8125 230.4598
0.6221353 -1.617736 1.873698 113.1318 -173.4614 233.9941
0.6611978 -1.452697 1.729167 114.4295 -155.6369 251.8109
0.6294595 -1.28717 1.641032 129.4371 -142.0721 251.8109
0.5005532 -0.9038691 1.535075 154.9104 -123.5148 251.8109
0.4707681 -0.8772577 1.490153 195.4524 -122.011 251.8109
0.4075356 -0.3032831 1.336833 191.2616 -104.5453 251.8109
0.3455239 -0.3120722 1.173503 188.4218 -100.24 251.8109
0.3291665 -0.2764276 0.9969893 197.2539 -101.2018 251.8109
0.3030435 -0.05181824 0.961833 182.689 -97.46138 251.8109
0.248356 -0.1419061 0.9042158 182.4677 -98.60641 251.8109
0.1577798 0.04510559 0.9308271 180.6356 -105.1637 251.8109
0.1228677 0.1618048 0.9515791 174.773 -103.3927 251.8109
0.1411782 0.1503302 0.9862471 171.2463 -105.0339 251.8109
0.09552392 0.1879279 1.048015 169.4524 -106.0263 251.8109
0.1236001 0.3090216 1.09904 160.6127 -99.07207 251.8109
0.1038247 0.1813361 1.102458 149.0783 -103.6369 251.8109
0.1716958 0.1681525 1.230632 136.9638 -104.1179 251.8109
0.1538735 0.05462708 1.335612 150.1547 -103.2247 251.8109
0.227604 0.1683966 1.397136 157.2692 -95.01863 251.8109
0.1629067 0.1144415 1.37321 140.7501 -95.05679 251.8109
0.2027017 0.03533997 1.380046 157.2539 -91.11023 251.8109
0.2105142 0.1627814 1.323405 137.6814 -86.98045 251.8109
0.239811 -0.06011902 1.388347 168.2005 -83.34688 251.8109
0.2954751 -0.01568542 1.233317 168.1776 -88.83542 251.8109
0.3169595 -0.06085144 1.202556 160.9867 -90.83542 251.8109
0.3006021 0.05462708 1.208659 171.8493 -92.43085 251.8109
0.3030435 0.1046759 1.218913 156.399 -95.47664 251.8109
0.4502603 -0.004699096 1.299724 158.0554 -94.20183 251.8109
0.474186 -0.04693542 1.310954 158.6585 -96.2171 251.8109
0.5230142 -0.003478393 1.301433 175.0325 -95.43848 251.8109
0.607731 0.0734259 1.242351 183.9028 -96.88885 251.8109
0.7593423 0.09295715 1.190593 191.3531 -96.33923 251.8109
0.762272 0.2911993 1.265544 196.5364 -98.35451 251.8109
0.819645 0.3178107 1.230144 203.9409 -97.78961 251.8109
0.9668618 0.3510138 1.080241 203.9257 -100.5224 251.8109
1.103581 0.3378302 1.036784 206.2692 -105.0415 251.8109
1.166569 0.3031622 1.006999 203.6967 -115.2553 251.8109
1.299626 0.66742 1.105876 219.1241 -122.3621 251.8109
1.447331 0.9071661 1.148601 230.3837 -113.6217 251.8109
1.560612 1.104432 1.154948 236.5516 -114.7438 251.8109
