1.015579 -0.3305327 0.4784257 6.278244 12.96256 7.516381
1.041702 -0.3036773 0.4581621 6.568321 12.0389 8.997297
1.057571 -0.2782866 0.4642656 6.179007 11.39768 10.31791
1.060013 -0.2514312 0.482332 5.598855 10.84043 11.37898
1.072708 -0.2045562 0.501375 4.774427 10.45875 12.14234
1.070022 -0.1542632 0.5262773 4.896565 10.36715 11.60035
1.05806 -0.1195952 0.5890214 5.209542 11.1305 10.59272
1.034622 -0.0719878 0.6227129 6.079771 12.28318 8.85226
1.016312 -0.03463428 0.6485918 6.637022 13.24501 6.27974
1.023147 -0.0563628 0.6988847 7.667557 15.87096 5.722488
0.9516143 0.009066895 0.7384355 5.820229 18.40531 4.081266
0.9264678 0.07278759 0.7853105 10.51488 19.56562 -0.7584267
0.8593291 0.1142915 0.803377 11.71336 23.25264 -6.842398
0.8180694 0.1521333 0.8309649 14.59886 27.78699 -15.43782
0.7731475 0.165561 0.848543 17.36221 30.62669 -22.78896
0.7426299 0.1579927 0.8387774 18.50725 34.76409 -29.71263
0.732376 0.07327588 0.8282793 25.21718 38.04654 -36.15537
0.6645049 0.1059907 0.7777421 25.46145 39.26791 -40.89583
0.6222686 0.09964306 0.7608964 31.27825 40.84043 -47.74316
0.5841826 0.1050142 0.7362382 29.46908 44.22974 -53.47599
0.5412139 0.07425244 0.6798418 30.40801 45.45111 -59.22408
0.5221709 0.005893066 0.6100175 31.26298 45.19157 -63.75843
0.5082549 -0.05270069 0.5607011 35.53015 44.05417 -68.14774
0.5229033 -0.1142241 0.4916093 42.77443 41.016 -71.97217
0.5334014 -0.1752593 0.4252031 49.33168 39.09997 -74.89584
0.4860381 -0.1669585 0.4620683 47.46145 29.55035 -75.9111
0.5341338 -0.3044097 0.3673418 62.14083 43.84043 -80.22408
0.5753936 -0.2609527 0.1686113 61.7668 24.9702 -78.53706
0.5734405 -0.3019683 0.1649492 56.02633 17.9931 -75.8882
0.5932158 -0.3261382 0.1500566 53.83549 15.49692 -74.7279
0.5963897 -0.3385894 0.06118941 50.03397 7.237374 -72.92637
0.605667 -0.3070952 0.07949996 49.53015 -3.144305 -69.22408
0.7018584 -0.5050933 0.08487105 34.67519 10.13814 -66.05614
0.6325225 -0.3996245 -0.06429887 24.43092 -14.01453 -64.36148
0.6725616 -0.4972808 -0.04086137 12.86603 -25.06034 -58.29278
0.7189483 -0.5829741 0.02041793 10.54542 -31.92293 -53.934
0.768753 -0.6405913 0.03872848 10.63702 -40.10614 -49.12484
0.7917022 -0.6567046 0.06753707 10.24008 -46.59468 -44.23934
0.8410186 -0.6962554 0.1188066 7.644657 -53.68629 -37.76606
0.8856963 -0.7109038 0.1705644 7.148473 -58.55652 -32.18591
0.9286651 -0.7497222 0.2286699 4.43855 -62.69392 -25.23934
0.9813994 -0.7765777 0.282625 2.850763 -66.92294 -18.38438
1.014847 -0.7797515 0.3397539 1.888931 -70.32751 -11.60576
1.06929 -0.8068511 0.4022539 0.4690838 -72.18247 -4.407282
1.115677 -0.7987945 0.4645097 -0.3171759 -73.15194 1.989664
0.6952666 0.10477 0.3263261 -23.88969 27.51218 23.11943
0.7782744 -0.1672026 0.4259355 21.43855 -21.39621 -12.77369
0.6186065 -0.1637847 0.5231035 19.89656 -27.41148 -15.46072
0.7069854 -0.2255522 0.4288652 16.86603 -14.60995 -13.32331
0.7348174 -0.2377593 0.388582 14.80496 -27.56415 -9.796595
0.7589873 -0.2504546 0.4686601 9.965267 -27.96873 -8.086672
0.7606963 -0.1877105 0.4974687 -1.668321 -28.95347 -3.781328
0.7416533 -0.2104155 0.5443437 -8.782825 -23.8924 -2.163008
0.7328643 -0.2353179 0.529207 -18.48512 -24.72446 1.890427
0.7401885 -0.2516753 0.5331132 -22.68359 -26.25881 5.104168
0.7418975 -0.2594878 0.576082 -27.79809 -24.44965 8.104168
0.7372588 -0.2646148 0.5941484 -32.17214 -22.63286 11.61562
0.7440948 -0.2741363 0.591707 -37.30191 -21.87713 15.79119
0.7465362 -0.2756011 0.5990312 -40.38588 -21.36568 19.03547
0.7609405 -0.2926909 0.6112382 -42.23321 -20.21301 22.71486
0.7484893 -0.2870757 0.6036699 -45.53092 -18.77789 26.05073
0.7501983 -0.2965972 0.6044023 -45.88206 -17.984 28.73012
0.7528838 -0.2878081 0.6061113 -46.83626 -16.29698 31.30264
0.7584991 -0.2936675 0.6036699 -46.54618 -15.64812 33.45531
0.7682647 -0.2843902 0.5912187 -48.45458 -14.59469 35.33318
0.7782744 -0.2636382 0.5719316 -50.75229 -14.0985 36.77592
0.777542 -0.2497222 0.557039 -52.34008 -13.87713 37.39425
0.7614287 -0.2460601 0.5489824 -52.39351 -14.29698 36.55455
0.7443389 -0.2167632 0.5394609 -51.72176 -14.95347 35.16524
0.716751 -0.1928374 0.5301836 -54.34771 -15.13667 34.46295
0.6930694 -0.1757476 0.5065019 -60.1874 -15.99927 34.21867
0.6798858 -0.1620757 0.4994218 -66.19504 -16.66339 34.01257
0.6540069 -0.1703765 0.4757402 -69.15687 -17.13667 33.47058
0.6295928 -0.1735503 0.4689043 -67.63015 -18.14431 31.53928
0.6239776 -0.1755034 0.4593828 -64.9126 -19.60232 29.66905
0.6081084 -0.1842925 0.4654863 -60.48512 -20.67102 27.50875
0.6059112 -0.1867339 0.4654863 -55.88206 -21.66339 25.45531
0.6120147 -0.1945464 0.4569414 -51.34008 -22.83133 23.47058
0.6237334 -0.1857573 0.4530351 -47.63779 -23.79316 22.00493
0.6308135 -0.1813628 0.4361894 -45.64542 -25.26644 21.44768
0.6540069 -0.1828276 0.4361894 -44.27137 -26.83896 20.93623
0.6613311 -0.1877105 0.421541 -43.15687 -28.68629 20.89806
0.6513213 -0.1974761 0.4374101 -41.87443 -30.9382 20.60035
0.6269073 -0.2011382 0.4554765 -39.28664 -33.83133 20.61562
0.6061553 -0.2028472 0.4698808 -35.40878 -36.21301 20.69195
0.5944366 -0.2069976 0.4837968 -31.04237 -38.47255 20.61562
0.5961455 -0.2128569 0.4894121 -26.95076 -41.0756 21.0202
0.6300811 -0.2170073 0.4940507 -22.72176 -43.43438 21.23394
0.6693877 -0.2218901 0.515291 -19.41641 -45.86186 21.85226
0.697708 -0.2294585 0.5096757 -18.37824 -47.95346 23.65379
0.7189483 -0.2394683 0.5255449 -15.94313 -50.97636 25.59272
0.7226104 -0.2589995 0.5514238 -13.48512 -53.48018 27.50111
0.7296905 -0.2582671 0.576082 -12.89733 -54.73209 30.34844
0.7313994 -0.2802398 0.6192949 -10.46221 -55.75499 33.32554
0.7458037 -0.2856109 0.6481035 -7.332443 -56.87713 36.05073
0.7665557 -0.282437 0.6578691 -6.263741 -57.52598 39.58508
0.7919463 -0.2834136 0.6730058 -6.225573 -57.90766 43.89043
0.8048858 -0.2756011 0.7013261 -10.04237 -58.24354 48.55455
0.8344268 -0.2797515 0.720125 -12.08053 -58.24354 53.38661
0.8349151 -0.3044097 0.7503984 -9.042366 -57.35041 57.93623
0.8446807 -0.2817046 0.7711504 -10.1187 -55.38858 62.14233
0.8527373 -0.2765777 0.7794511 -10.60725 -54.43438 66.34081
0.8532256 -0.2819488 0.7955644 -10.05 -53.70919 70.31791
0.8510283 -0.2760894 0.8128984 -5.866794 -52.35804 72.0202
0.8598174 -0.2682769 0.8116777 -0.3477101 -51.28934 72.80646
0.8693389 -0.2604644 0.8148516 4.965267 -51.06797 73.52402
0.871292 -0.2382476 0.8028887 7.064504 -51.12904 73.47821
0.8686065 -0.2021147 0.8124102 7.232442 -51.11377 73.066
0.8876494 -0.1686675 0.8116777 3.179007 -50.58705 72.46294
0.9010772 -0.1337554 0.8014238 -4.981297 -49.60995 72.49348
0.8947295 -0.1112944 0.7704179 -15.9355 -47.92293 73.05836
0.8773955 -0.09640186 0.7567461 -25.17214 -46.21301 74.05836
0.8754424 -0.1037261 0.7337968 -33.73702 -43.60995 74.9744
0.8549346 -0.08126514 0.7176836 -43.65305 -41.36568 76.46294
0.8302764 -0.09859913 0.7162187 -49.52328 -38.984 77.26447
0.81221 -0.09469288 0.7196367 -50.41641 -37.45728 77.51638
0.7851104 -0.1007964 0.7528398 -47.24084 -34.8924 76.63088
0.7521514 -0.1339995 0.7626054 -32.78283 -33.82369 73.14233
0.7655791 -0.1054351 0.8097246 -16.66069 -32.0298 69.27974
0.7917022 -0.08590382 0.8365801 -4.317176 -26.15957 66.64616
0.8209991 -0.0641753 0.8246172 5.415649 -20.87713 64.2263
0.8305205 -0.02731006 0.7953203 9.690458 -17.0985 62.98966
0.7716826 0.04959424 0.8002031 3.110305 -2.274076 60.60799
0.7665557 0.08230907 0.7997148 -3.64542 2.741191 60.33318
0.8253936 0.07254345 0.7779863 -9.103436 6.145771 58.74539
0.8441924 0.09646923 0.7816484 -16.76756 11.38241 58.20341
0.7921905 0.1103853 0.7731035 -24.14924 15.16104 56.45531
0.753128 0.1028169 0.7733476 -24.61489 19.32134 54.43241
0.7096709 0.1138032 0.7638261 -25.36298 23.41295 53.42478
0.6752471 0.1199067 0.7616289 -22.21031 26.71066 50.98966
0.638626 0.1230806 0.7613847 -19.55382 30.35188 49.11943
0.5980987 0.1318696 0.7486894 -16.01183 33.26791 47.02783
0.579544 0.1438325 0.746248 -14.72176 36.74119 44.69196
0.5524444 0.1477388 0.7264726 -13.24084 39.96257 41.73012
0.7863311 -0.3451812 0.6717851 3.369847 14.25264 6.943863
0.7714385 -0.337857 0.6742265 2.530153 16.45875 5.310275
0.7646026 -0.3315093 0.6649492 1.804962 17.75646 4.508749
0.7606963 -0.3312652 0.6456621 1.766794 18.46638 3.348442
0.7509307 -0.3261382 0.6483476 2.446183 19.13814 1.753023
0.7465362 -0.3317534 0.624666 3.67519 19.65722 0.2110386
0.7392119 -0.3337066 0.6170976 4.980534 20.1076 -1.277512
0.7345733 -0.3368804 0.6144121 6.514885 20.64195 -2.934
0.730667 -0.3459136 0.5995195 7.827862 20.77172 -4.292778
0.715042 -0.3507964 0.5763261 9.736259 20.45111 -6.056137
0.713333 -0.3539702 0.5797441 11.38511 19.57325 -7.468351
0.7489776 -0.3464019 0.5670488 12.30115 19.13814 -8.277512
0.6884307 -0.4198882 0.6285722 15.30878 23.93203 -9.521786
0.6923369 -0.3839995 0.5155351 17.77443 20.24501 -12.10957
0.6725616 -0.3783843 0.4874589 15.15611 17.74119 -11.72789
0.6747588 -0.4237945 0.5018632 13.46908 16.51982 -11.82713
