0.8015786 0.2514044 1.165935 146.1394 -71.20183 251.8109
0.7776528 0.3490607 1.035075 151.4371 -66.86595 251.8109
0.7615396 0.5192266 0.9603682 159.3837 -61.62168 251.8109
0.7439614 0.5690313 0.8468428 168.7425 -56.27817 251.8109
0.7315103 0.6527716 0.6925459 182.4524 -60.01099 251.8109
0.6885415 0.7206427 0.5409346 196.8188 -64.82015 251.8109
0.6861001 0.8800665 0.4720869 208.4829 -65.47664 251.8109
0.8025552 0.9122931 0.2020674 209.9257 -74.1713 251.8109
0.6607095 0.9579473 0.1879072 222.1776 -80.13313 251.8109
0.6804849 1.072938 0.1280928 224.0173 -81.48428 251.8109
0.7781411 1.340272 -0.0603838 238.0554 -98.50717 251.8109
0.8250161 1.390076 -0.1939287 235.6967 -112.7438 251.8109
0.8545571 1.36493 -0.2232256 234.9867 -123.2858 251.8109
0.8562661 1.375916 -0.2022295 224.4524 -137.8202 251.8109
0.8154946 1.363465 -0.1956377 227.2692 -147.4003 251.8109
0.8440591 1.49408 -0.229085 222.1318 -161.9728 251.8109
0.918522 1.554627 -0.1443682 212.628 -173.6369 251.8109
0.9575845 1.650086 -0.04085255 198.6127 -182.1942 251.8109
0.944645 1.747742 0.05875683 188.6356 -193.1713 251.8109
1.071842 1.827576 0.08146191 177.6356 -207.6751 251.8109
1.199284 1.885682 0.1156416 177.7501 -225.7438 251.8109
1.060368 2.01703 0.3544111 155.1852 -224.9576 251.8109
1.233463 2.182313 0.4232588 142.4371 -219.4766 251.8109
1.202213 2.212586 0.6132002 138.2157 -220.4843 251.0475
0.8450356 2.224976 0.994792 125.3989 -234.7744 245.4827
1.22028 2.224976 1.025554 143.773 -228.0034 230.933
1.36652 2.224976 1.058269 130.7425 -216.9957 218.9101
1.457829 2.224976 1.006022 136.5363 -211.4614 207.3147
1.447819 2.224976 1.089274 133.2539 -213.2629 199.7804
1.444157 2.224976 1.155925 131.3989 -209.156 192.0018
1.458317 2.224976 1.24406 131.2081 -203.324 183.3224
1.470036 2.224976 1.332194 136.1089 -196.4079 172.4903
1.464176 2.224976 1.354899 140.1699 -190.7362 161.8643
1.459782 2.224976 1.378825 138.6738 -183.8354 153.0704
1.460514 2.224976 1.40031 143.6738 -177.1255 142.643
1.444645 2.224976 1.338786 163.7654 -169.2858 129.2231
1.55109 2.224976 1.220866 162.3455 -169.1102 120.933
1.382389 2.224976 1.436687 139.0707 -172.5301 121.5895
1.650456 2.224976 1.294353 124.0631 -188.3469 151.2842
1.036198 2.224976 1.5507 92.86459 -184.7972 103.8949
0.8965493 2.224976 2.363444 96.98674 -149.1484 77.31472
1.121647 2.224976 2.123454 69.0936 -124.6599 56.13914
1.472477 2.224976 1.805583 73.32261 -105.3392 26.03991
1.282292 2.224976 2.035319 40.91803 -99.43848 7.620061
1.45319 2.224976 1.957683 27.89513 -81.70565 -20.02116
1.431217 2.224976 2.014812 13.71192 -67.04916 -47.79215
1.458073 2.224976 2.031169 -15.27281 -53.27817 -73.70818
-0.1947593 -1.774963 -0.2605791 -230.6163 231.0959 -207.5937
0.3884927 0.809754 0.3966475 227.6356 -251.8278 121.9788
0.4097329 0.7206427 0.4259443 226.9562 -253.6522 123.5056
0.4146157 0.6710821 0.4303389 229.4295 -256.8278 125.4292
0.4634439 0.6264044 0.4393721 231.9486 -259.6599 128.1391
0.4788247 0.5761114 0.4576826 238.8951 -262.5377 130.162
0.5086099 0.5516973 0.4615889 244.1928 -267.2171 134.0399
0.5274087 0.5487677 0.4786787 251.0173 -269.1713 138.7498
0.5647622 0.57367 0.4994307 256.4753 -269.1713 142.5437
0.6167642 0.5665899 0.510417 261.8112 -269.1713 147.5132
0.6636392 0.6044317 0.5485029 268.9104 -269.1713 151.8033
0.6802407 0.610047 0.5577803 269.6508 -269.1713 156.1926
0.7019692 0.6444708 0.5714521 269.6508 -269.1713 160.8949
0.7246743 0.6886602 0.6268721 269.6508 -269.1713 164.5895
0.7527505 0.7435919 0.6368818 269.6508 -269.1713 169.3147
0.7923013 0.7755743 0.6449385 269.6508 -269.1713 173.3453
0.8535806 0.8475958 0.6361494 269.6508 -269.1713 177.5819
0.9038735 0.900086 0.6586103 269.6508 -269.1713 182.8949
1.049626 1.037537 0.7560225 269.6508 -269.1713 195.4521
1.087223 1.066102 0.7616377 269.6508 -269.1713 199.0934
1.163395 1.037049 0.7472334 269.6508 -269.1713 205.7193
1.170475 1.110535 0.8356123 269.6508 -269.1713 218.6124
1.246159 1.134705 0.8702803 269.6508 -269.1713 223.4674
1.278385 1.303895 0.9325361 269.6508 -269.1713 212.7956
1.354557 1.321229 0.9242353 269.6508 -269.1713 216.1239
1.426823 1.336609 0.9899092 269.6508 -269.1713 216.9483
1.432194 1.32074 1.024089 269.6508 -269.1713 218.246
1.474674 1.480164 1.044841 269.6508 -269.1713 222.6048
1.478092 1.563416 1.071696 269.6508 -269.1713 231.1468
1.547428 1.575623 1.16447 269.6508 -269.1713 216.6811
1.626774 1.60199 1.239909 269.6508 -269.1713 219.6048
1.601872 1.709168 1.292155 269.6508 -267.1789 221.5437
1.5965 1.894227 1.233317 269.6508 -256.9957 223.6048
1.575016 2.010682 1.160563 269.6508 -249.24 223.2231
1.584782 2.02533 1.151286 269.6508 -255.4919 239.933
1.635075 2.224976 1.166179 269.6508 -235.4995 221.0323
1.779362 2.224976 1.110271 269.6508 -227.4079 217.5895
1.671452 2.224976 1.214519 262.3608 -225.3545 218.3453
2.097233 2.224976 1.078776 263.2921 -216.6446 219.2155
1.955143 2.224976 1.291667 252.5669 -216.1866 219.8338
1.761295 2.224976 1.421306 234.9409 -197.5911 200.3834
1.918278 2.224976 1.417888 217.7425 -186.6064 182.0399
1.844547 2.224976 1.572429 206.8112 -176.7591 167.4903
1.808659 2.224976 1.570476 185.4066 -169.8278 165.8872
1.951969 2.224976 1.486735 153.9104 -137.7744 132.9636
1.735172 2.224976 1.684245 108.8341 -128.9881 121.3223
1.659245 2.224976 1.625651 65.002 -117.5835 104.6277
1.642643 2.224976 1.621501 20.26154 -105.7667 83.41396
1.75568 2.224976 1.663005 -5.066702 -87.69801 57.96357
1.740788 2.224976 1.753825 -29.74609 -71.47664 29.11624
1.726627 2.224976 1.826579 -32.63159 -52.25527 -5.135664
1.684147 2.224976 1.592448 -14.20411 -28.96519 -39.1662
1.646061 2.224976 1.518718 0.849329 -21.92702 -71.58604
1.606266 2.224976 1.427897 -3.394947 -6.209466 -99.08987
1.592594 2.224976 1.393474 -11.8606 9.836336 -119.7234
1.530094 2.224976 1.339519 -55.58579 16.25618 -138.7387
1.503483 2.224976 1.379313 -82.49419 20.43939 -162.1891
1.319889 2.224976 1.667644 -68.62395 25.83633 -192.5326
1.498112 2.224976 1.569499 -80.23463 40.65313 -220.0746
1.49567 2.224976 1.680827 -60.09724 67.23328 -246.296
1.5882 2.224976 1.681804 -85.27281 81.68367 -248.4563
1.484684 2.224976 1.693767 -114.143 100.8821 -248.4563
1.480045 2.224976 1.683269 -147.4484 116.4776 -248.4563
1.614811 2.224976 1.743327 -186.2194 130.8211 -248.4563
1.577946 2.224976 1.79362 -179.227 150.5386 -248.4563
1.713688 2.224976 1.629802 -212.1736 174.3096 -248.4563
1.73151 2.082215 1.534343 -219.7156 196.2333 -248.4563
1.779606 1.874695 1.342448 -230.6163 213.0195 -248.4563
1.844547 1.832215 1.259196 -230.6163 230.1111 -248.4563
1.932926 1.681824 1.170085 -230.6163 231.0959 -248.4563
1.949284 1.473084 1.062419 -230.6163 231.0959 -248.4563
2.010563 1.233338 0.963542 -230.6163 231.0959 -248.4563
1.929508 1.11908 0.9928389 -230.6163 231.0959 -248.4563
2.013493 0.8637091 0.6815596 -230.6163 231.0959 -248.4563
1.998356 0.6427618 0.6417646 -230.6163 231.0959 -248.4563
1.704655 0.5487677 0.4940596 -230.6163 231.0959 -248.4563
1.854557 0.4293829 0.1449385 -230.6163 231.0959 -248.4563
1.713444 0.3993536 0.2316084 -230.6163 231.0959 -248.4563
1.747624 0.1278693 0.01749706 -230.6163 231.0959 -248.4563
1.754948 -0.1751093 -0.07967091 -230.6163 231.0959 -248.4563
1.688053 -0.09576355 -0.1460772 -230.6163 231.0959 -248.4563
1.755436 -0.4429316 -0.2605791 -230.6163 231.0959 -248.4563
1.73444 -0.6445917 -0.2605791 -230.6163 231.0959 -248.4563
1.669987 -0.8601679 -0.2605791 -230.6163 231.0959 -248.4563
1.641667 -1.098449 -0.2605791 -230.6163 231.0959 -248.4563
1.491764 -1.493225 -0.2605791 -230.6163 231.0959 -248.4563
1.445377 -1.774963 -0.2605791 -230.6163 231.0959 -248.4563
1.48859 -1.774963 -0.2605791 -230.6163 231.0959 -248.4563
1.477604 -1.774963 -0.2605791 -230.6163 231.0959 -248.4563
1.331852 -1.774963 -0.2605791 -230.6163 231.0959 -248.4563
1.371403 -1.774963 -0.2605791 -230.6163 231.0959 -248.4563
1.116764 -1.774963 -0.2605791 -230.6163 231.0959 -248.4563
0.7495767 -1.774963 -0.2605791 -230.6163 231.0959 -248.4563
0.1526528 -1.774963 -0.2605791 -188.4255 231.0959 -248.4563
1.473942 0.8424688 -0.1834307 269.6508 -165.6904 251.8109
1.772282 2.224976 -0.003987312 229.4218 -269.1713 251.8109
1.826969 2.224976 0.09562206 214.3302 -269.1713 251.8109
2.097721 2.224976 0.3937178 188.7348 -269.1713 251.8109
2.139225 2.224976 0.4991865 192.6203 -269.1713 251.8109
2.16193 2.224976 0.680583 179.231 -269.1713 251.8109
2.153873 2.224976 0.7904463 168.0936 -269.1713 251.8109
2.173649 2.224976 0.8905439 158.0936 -269.1713 251.8109
2.23444 2.224976 1.062663 156.3761 -267.4995 251.8109
