-0.4098887 -0.0498794 1.143671 5.722717 27.90977 -18.70831
-0.4228281 -0.05988917 1.123896 5.890656 27.7113 -18.6167
-0.4369883 -0.06623682 1.098261 5.799053 27.65023 -18.70067
-0.4379649 -0.06526026 1.081415 5.348672 27.31435 -18.20449
-0.4526133 -0.06696925 1.067987 4.203634 26.78763 -17.77701
-0.450416 -0.06843409 1.054804 2.218901 26.55862 -16.76937
-0.4670176 -0.07551417 1.025751 0.9135572 25.32198 -15.92205
-0.4765391 -0.07746729 1.018915 -0.7887329 24.61206 -15.11289
-0.4897227 -0.08430323 1.002558 -2.475756 22.8716 -14.16632
-0.4860606 -0.0913833 0.9695987 -2.971939 20.96321 -12.90678
-0.4904551 -0.09724268 0.9803409 -3.269649 19.01664 -11.99075
-0.4999766 -0.09943995 0.9622745 -3.330718 16.44412 -10.97548
-0.4941172 -0.1011489 0.951044 -2.979573 13.58916 -10.22739
-0.4701914 -0.09162745 0.9268741 -4.59026 11.76473 -8.922046
-0.4621348 -0.0835708 0.9471377 -6.116977 10.7342 -8.059451
-0.4665293 -0.07038722 0.9500674 -7.246748 7.070076 -7.105252
-0.4518809 -0.05329737 0.9593448 -7.987206 5.764732 -6.479297
-0.452125 -0.04060206 0.9827823 -9.055908 3.573893 -5.944946
-0.4479746 -0.02131495 1.005487 -9.376519 1.528091 -6.028916
-0.4365 -0.01130518 1.021112 -9.651328 0.009007454 -6.296092
-0.4211192 -0.002027839 1.043085 -9.216214 -1.494809 -6.555633
-0.4128184 -0.007887215 1.065058 -8.48339 -2.502443 -7.532732
-0.3984141 -0.0008071363 1.090204 -7.10171 -3.143664 -8.395329
-0.3920664 -0.01154932 1.113153 -5.277283 -3.929924 -9.853344
-0.3801035 -0.02277979 1.151728 -3.773466 -3.746718 -10.81518
-0.3681406 -0.02497706 1.164667 -2.445221 -3.647481 -11.63197
-0.3569102 -0.04328761 1.191522 -2.147511 -2.60168 -12.31899
-0.3530039 -0.0552505 1.2008 -1.895603 -1.510077 -12.10525
-0.3471446 -0.07136378 1.205194 -1.681863 -0.2429011 -11.90678
-0.3429942 -0.08479151 1.223505 -0.9490381 0.2990837 -11.4335
-0.3364024 -0.1040786 1.231806 -0.3841528 1.634962 -10.96785
-0.3290781 -0.1070083 1.242792 0.3792061 2.932672 -10.63197
-0.3315196 -0.111647 1.241815 1.127298 3.955572 -9.677772
-0.3361582 -0.1153091 1.261835 0.196 5.444122 -8.647237
-0.3342051 -0.1121353 1.255731 -0.2085801 7.276183 -7.036549
-0.330543 -0.1187271 1.251581 -1.605527 8.863969 -5.35716
-0.3388438 -0.1223892 1.257929 -2.460489 10.36779 -3.616702
-0.3405528 -0.1140884 1.248896 -3.376519 11.92504 -2.051817
-0.3425059 -0.1089614 1.247675 -3.513924 13.12351 -0.4792977
-0.3361582 -0.08918604 1.241327 -3.574993 13.99374 0.6275726
-0.3376231 -0.08259424 1.235956 -2.849802 14.71893 1.452
-0.3393321 -0.06526026 1.231317 -1.918504 15.49756 1.650473
-0.330543 -0.05085597 1.222284 -0.8956031 16.13878 1.459634
-0.3337168 -0.0342544 1.219843 0.3563054 16.63496 1.459634
-0.3407969 -0.03156886 1.220331 1.478443 17.02427 0.971084
-0.3249278 -0.01545557 1.222772 2.737985 17.30672 0.5359695
-0.3215098 -0.01423487 1.225214 3.79142 17.77237 0.3374963
-0.3176035 -0.003004402 1.215448 4.341038 18.70366 -0.158687
-0.318336 -0.001539558 1.21911 4.142565 19.30672 -0.06708395
-0.3156504 0.002122551 1.226679 4.035695 19.93267 0.1695573
-0.3093028 0.004319817 1.221552 4.020428 20.55862 0.3069619
-0.3056406 0.01066747 1.23205 4.27997 21.55862 0.05505347
-0.3012461 0.01213232 1.218378 5.066229 22.22275 -0.4334961
-0.3031992 0.00944677 1.219843 6.066229 23.00901 -1.006015
-0.2948985 0.01725927 1.229853 7.638748 23.37542 -1.204488
-0.2848887 0.01530614 1.236444 9.371572 24.45176 -2.028916
-0.2817149 0.02507177 1.241327 11.1502 26.06244 -3.33426
-0.2795176 0.03239599 1.228144 12.79905 27.23801 -4.051816
-0.2846446 0.04069677 1.222528 13.80669 28.36779 -5.105252
1.749779 0.6674057 2.081171 185.5471 -254.2429 153.6734
0.1743398 0.5118881 2.053095 32.97462 167.78 -63.85334
0.1972891 0.5653549 2.050165 30.66165 174.2838 -68.70831
0.2358633 0.6190659 2.033564 27.95936 179.696 -73.91441
0.2751699 0.6686264 2.013056 24.35631 186.0548 -80.02892
0.323998 0.711351 2.004267 19.49371 191.7418 -86.97548
0.3525625 0.7318588 1.981806 17.03569 197.6579 -95.34953
0.3952871 0.7250229 1.970331 17.03569 203.6884 -104.922
0.4301992 0.7386948 1.972284 16.85249 210.8105 -114.9907
0.4592519 0.7264877 1.934931 16.37921 218.0548 -124.319
0.4897695 0.7054916 1.902948 13.84486 224.5586 -132.632
0.5310293 0.6844955 1.8612 11.83722 230.635 -141.2808
0.5622793 0.6573959 1.850458 9.318137 237.0014 -149.7388
0.6057363 0.6290756 1.791376 6.760885 244.1082 -158.3419
0.650414 0.591478 1.742304 3.417374 246.0243 -166.8915
0.6946035 0.5384995 1.703485 -0.5139237 246.0243 -175.0213
0.7234121 0.5121323 1.6737 -4.468122 246.0243 -183.9678
0.7534414 0.4432847 1.670771 -8.567359 246.0243 -191.9526
0.8166739 0.3680893 1.635614 -15.76583 246.0243 -197.5633
0.8791739 0.2662827 1.602655 -23.86507 246.0243 -201.3572
0.9309317 0.2291733 1.578974 -35.09407 246.0243 -203.1892
0.9863516 0.1073472 1.566767 -42.9414 246.0243 -204.5785
1.030785 -0.009107918 1.522821 -48.22385 246.0243 -203.5175
1.024438 0.01774755 1.539179 -59.48339 246.0243 -201.8533
1.016625 -0.08674463 1.528681 -65.86507 246.0243 -200.4869
1.088891 -0.2637466 1.446649 -61.64369 246.0243 -200.6167
1.166283 -0.3448013 1.442499 -58.23148 246.0243 -200.3648
1.201439 -0.4331802 1.414667 -48.26965 246.0243 -198.1053
1.21267 -0.3858169 1.424921 -43.86507 246.0243 -196.2045
1.19143 -0.3511489 1.388788 -37.78873 246.0243 -193.9144
1.225121 -0.4595474 1.260858 -29.22385 246.0243 -189.8228
1.343773 -0.5142349 1.056269 -22.33835 246.0243 -192.4793
1.334008 -0.4890884 1.059198 -16.04827 246.0243 -193.8304
1.330346 -0.4392837 1.031855 -10.55973 246.0243 -194.4182
1.334984 -0.4029068 0.9385928 -10.27728 246.0243 -195.0442
1.270775 -0.3990005 0.8682803 -7.338351 246.0243 -195.1663
1.252465 -0.4043716 0.8336123 -10.68186 246.0243 -194.235
1.264428 -0.5437759 0.4818057 -9.361252 246.0243 -182.7999
1.291527 -0.582106 0.2725772 2.562412 246.0243 -185.8992
1.198266 -0.5667252 0.2383975 13.11966 246.0243 -185.5709
1.194604 -0.5012955 0.1241397 22.47844 246.0243 -185.5709
1.169457 -0.4300064 0.1053408 22.31814 246.0243 -187.0671
1.155053 -0.4011978 -0.006475568 14.22653 246.0243 -188.2427
1.048852 -0.4261001 0.2691592 14.0586 246.0243 -188.7083
1.084008 -0.4566177 0.232294 18.53188 246.0243 -189.5709
1.077904 -0.41902 0.280878 19.70745 246.0243 -189.2885
1.062279 -0.4177993 0.2672061 22.46318 246.0243 -190.0595
1.050561 -0.422438 0.2540225 28.11203 246.0243 -192.8075
1.070092 -0.4273208 0.2564639 32.13493 246.0243 -194.6396
1.087426 -0.4861587 0.2816104 37.63875 246.0243 -196.6091
1.175072 -0.4451431 0.3065127 41.39447 246.0243 -198.0824
1.146752 -0.4473403 0.2933291 43.1731 246.0243 -199.3419
1.178246 -0.4754165 0.2960147 48.51661 246.0243 -201.5633
1.214135 -0.4907974 0.2952822 51.79142 246.0243 -203.9068
1.196557 -0.517897 0.287958 52.0815 246.0243 -204.4411
1.197533 -0.5489029 0.2996768 53.71508 246.0243 -204.3953
1.22683 -0.507399 0.3008975 48.07386 246.0243 -202.1969
1.152123 -0.5293716 0.2794131 42.52425 246.0243 -200.2198
1.141625 -0.5349869 0.2523135 36.92119 246.0243 -197.9068
1.156029 -0.5540298 0.2186221 29.47081 246.0243 -195.8457
1.00393 -0.564772 0.3482608 22.89066 246.0243 -191.0595
1.060082 -0.6507095 0.2042178 12.76852 246.0243 -188.4411
0.9865957 -0.7100357 0.1619815 4.348672 246.0243 -181.8381
0.957543 -0.7425064 0.1695498 -1.384153 243.2533 -176.4106
0.9477774 -0.7893814 0.1380557 -3.987206 238.3983 -167.3953
0.8716055 -0.8401627 0.1343936 -7.964306 227.9708 -161.0366
0.7922597 -0.9177994 0.1102237 -10.6666 218.0014 -162.7159
0.867211 -0.9109634 -0.03479588 -11.25438 206.1006 -149.5327
0.8344961 -0.9339127 -0.04309666 -13.8269 208.9174 -146.2274
0.7773672 -0.9546646 -0.003057599 -12.92614 199.0701 -140.3801
0.8003164 -0.9058365 -0.005743146 -16.14751 190.7266 -134.6014
0.7768789 -0.9400162 -0.006475568 -21.26965 182.2075 -127.6243
0.7851797 -0.9617447 -0.01672947 -21.72766 172.5663 -122.9831
0.8257071 -0.932692 0.04479396 -25.19331 166.1617 -116.2885
0.7951894 -0.9864029 0.04699123 -26.74293 157.8258 -111.3877
0.7824941 -1.017897 0.06871974 -24.18568 148.9785 -106.5862
0.7807851 -1.047438 0.1163272 -23.97957 140.1235 -101.922
0.783959 -1.094313 0.1282901 -24.33835 134.9098 -95.08235
0.7778554 -1.14778 0.1414737 -23.17041 127.4136 -87.72357
0.7636953 -1.177565 0.1739444 -25.46812 121.2838 -79.18159
0.747582 -1.240553 0.1973819 -26.55972 115.6579 -69.63197
0.7456289 -1.257887 0.1934756 -28.08644 110.238 -59.5938
0.7448965 -1.271071 0.1895694 -30.76583 104.8105 -48.5709
0.7253652 -1.291579 0.176874 -33.29255 98.9403 -37.17395
0.7019277 -1.297926 0.1441592 -35.57499 91.52809 -25.86861
0.683373 -1.27693 0.1287783 -36.72766 84.11588 -15.79991
0.6665273 -1.276442 0.09191311 -35.71239 75.62733 -5.815176
0.6726308 -1.250807 0.07872951 -35.32308 67.61206 3.619939
0.6567617 -1.182692 0.08507717 -35.55209 59.35252 12.64284
-0.003150389 -0.958815 1.307489 -59.30782 -71.09023 -113.6701
-0.4894785 -0.2097915 1.364618 28.41738 -44.96046 43.86422
