0.798294 -0.3263824 0.5299394 -14.60725 -8.724459 51.14233
0.7912139 -0.3068511 0.5336015 -17.29428 -10.60232 51.67669
0.7980498 -0.2853667 0.5406816 -19.11107 -12.31224 51.79119
0.7990264 -0.2726714 0.5521562 -20.05 -14.41912 51.58508
0.7987823 -0.2585113 0.558748 -21.77519 -15.57179 51.35608
0.7978057 -0.2472808 0.5746171 -22.9584 -17.0298 50.54692
0.8036651 -0.2235991 0.5892656 -24.19504 -18.31224 49.73775
0.8151397 -0.2113921 0.607332 -25.70649 -20.0069 48.79119
0.8134307 -0.2011382 0.6307695 -28.21794 -20.78553 48.08127
0.8153838 -0.1979644 0.6532304 -29.96603 -21.43438 46.83699
0.8170928 -0.1930816 0.6703203 -31.30191 -22.51072 45.50875
0.8214873 -0.200894 0.6925371 -31.75992 -22.9382 44.39425
0.7587432 -0.1564605 0.5321367 -2.0271 15.9244 14.14234
0.716751 -0.282437 0.5250566 -14.53855 7.535084 5.340809
0.715042 -0.3053863 0.5248125 -14.9584 6.840428 5.585084
0.7138213 -0.3246734 0.5140703 -15.24084 5.924397 5.821725
0.7194366 -0.3427398 0.5248125 -15.24847 4.870962 6.088901
0.7104033 -0.3437163 0.5113847 -16.29428 4.351878 6.890428
0.7160186 -0.3715484 0.5062578 -17.55382 3.496916 7.241572
0.7226104 -0.376187 0.5023515 -19.99656 2.458748 8.211039
0.7331084 -0.3832671 0.5047929 -24.82099 2.054168 9.218672
0.7272491 -0.400357 0.4955156 -30.33244 2.382412 10.31028
0.7335967 -0.4579741 0.4715898 -34.31718 1.916763 11.25684
0.7389678 -0.4970366 0.4435136 -41.71412 -0.1519389 13.91333
0.7401885 -0.5370757 0.4552324 -51.12634 -0.8771297 17.066
0.7367705 -0.5942046 0.4444902 -61.25611 -1.129038 20.53165
0.7243194 -0.6601226 0.4259355 -71.71412 -2.922931 25.31791
0.71846 -0.728482 0.4144609 -79.38587 -4.762626 29.85989
0.6825713 -0.7900054 0.4029863 -87.72939 -7.510717 32.9973
0.7006377 -0.8556792 0.3993242 -95.1874 -11.22064 41.53928
0.713333 -0.9377105 0.421541 -102.2332 -13.67866 50.42478
0.7199248 -0.985562 0.4176347 -105.1416 -14.82369 58.47058
0.7118682 -1.013882 0.4288652 -109.1111 -17.74736 68.34844
0.6813506 -0.9701812 0.4110429 -118.6301 -17.38858 81.82936
0.7172393 -1.036831 0.3785722 -112.6225 -24.35041 87.53928
0.7936553 -0.9765288 0.4127519 -96.65305 -28.54889 91.02783
0.8214873 -0.9479644 0.4420488 -97.96603 -28.24354 100.6767
0.8366241 -0.8957183 0.4254472 -89.1874 -31.53362 104.982
0.840042 -0.834439 0.4300859 -90.13396 -35.15957 112.5316
0.8495635 -0.7638824 0.4483964 -84.21793 -38.32751 116.5011
0.8666533 -0.6662261 0.4813554 -80.33244 -41.08324 120.1805
0.8832549 -0.5985991 0.5160234 -74.40878 -42.58705 122.6538
0.9186553 -0.5094878 0.5585039 -71.03473 -44.25881 125.3255
0.9225616 -0.4589507 0.5799882 -67.27901 -44.77026 126.1423
0.9547881 -0.3818023 0.6161211 -62.59199 -44.62522 125.8217
0.9774932 -0.2707183 0.6268632 -59.40115 -45.38858 124.6767
0.9801787 -0.2392241 0.6661699 -55.79809 -45.92293 123.8752
0.987503 -0.1828276 0.7003496 -56.44695 -44.25881 123.4324
1.006302 -0.115689 0.7140214 -51.39351 -42.56415 120.608
0.9870147 -0.07101123 0.7384355 -48.15687 -42.24354 116.5164
0.9535674 -0.0287749 0.765291 -44.23321 -40.40385 111.5622
0.8690948 -0.001675293 0.8014238 -41.85916 -38.87713 108.7378
0.9281768 0.04788526 0.7767656 -42.45458 -36.09087 105.4019
0.9743194 0.0505708 0.7765214 -40.05 -35.47255 101.5622
1.008011 0.07034619 0.7970293 -39.12634 -33.14431 97.47058
1.00972 0.1374849 0.8238848 -37.45458 -31.9611 91.82172
0.8998565 0.1943696 0.8834551 -37.19504 -32.59469 85.93623
0.9596709 0.1855806 0.9574297 -32.29428 -24.52599 79.07363
0.9865264 0.1780122 0.9264238 -28.37061 -19.0527 73.60799
0.9816436 0.1929048 0.8817461 -22.70649 -16.9611 67.21867
0.987503 0.201938 0.8807695 -18.22557 -16.60232 61.47821
0.9850616 0.210727 0.9120195 -12.48512 -13.45728 55.59272
0.9796905 0.2351411 0.9144609 -8.271374 -8.90003 49.98203
0.9489287 0.2597993 0.9068926 -5.43168 -6.151939 43.79882
0.9252471 0.2798188 0.8946856 -3.958397 -3.319878 37.63089
0.8976592 0.2771333 0.8988359 -0.7980919 -0.6023206 31.31791
0.8793487 0.2910493 0.8863848 4.560687 3.054168 24.1805
0.8720244 0.2959321 0.8773516 7.797328 6.748825 17.21104
0.8698272 0.3056977 0.8592852 10.41565 9.09997 10.92096
0.8671416 0.306186 0.8429277 11.0187 11.69539 4.814091
0.857376 0.3030122 0.8358477 10.58359 13.74883 -0.4836178
0.8542022 0.3003266 0.8111895 10.07977 15.90913 -6.06377
0.8515166 0.2917817 0.7997148 9.476717 17.9244 -11.44545
0.8554229 0.2744477 0.7799394 8.614122 19.19157 -16.8424
0.8444366 0.2676118 0.7608964 7.904198 20.87096 -22.18591
0.8532256 0.2441743 0.7438066 7.209542 21.57325 -27.06377
0.8583526 0.2292817 0.7193925 6.67519 22.38241 -32.18591
0.853958 0.195102 0.7086504 6.728626 22.93966 -37.03323
0.8520049 0.1841157 0.6969316 7.530153 23.26027 -41.59049
0.8566436 0.1489595 0.6808183 9.293512 23.26791 -46.35385
0.8549346 0.1208833 0.6671464 11.37748 23.34424 -50.9111
0.8546905 0.08987743 0.6588457 14.11794 23.30608 -54.83476
0.8532256 0.06204541 0.6441972 16.61412 23.42821 -58.90347
0.8600616 0.04495557 0.64908 19.24771 23.41295 -62.48362
0.8510283 0.01907666 0.6483476 21.68283 23.26791 -65.51415
0.8512725 -0.02291553 0.6407793 24.56069 23.17631 -68.65919
0.8554229 -0.06393116 0.6434648 26.9271 23.42821 -70.8653
0.857376 -0.09029835 0.6466386 29.33168 23.56562 -72.8195
0.8576201 -0.1235015 0.6459062 31.33168 24.1076 -73.8882
0.8627471 -0.1620757 0.6510332 32.70572 24.34424 -74.73553
0.8537139 -0.1989409 0.6612871 33.46908 25.0389 -75.0256
0.8561553 -0.2292144 0.6544511 33.9729 25.83279 -75.06377
0.8466338 -0.2394683 0.6603105 33.28588 26.75646 -74.8653
0.8520049 -0.259732 0.655916 32.85839 27.53508 -74.33858
0.8319854 -0.298062 0.6527421 31.26298 28.69539 -72.76606
0.8288116 -0.3354156 0.6405351 29.8813 29.69539 -70.61339
0.8175811 -0.3568999 0.6280839 26.82786 29.76409 -67.8424
0.8036651 -0.3798491 0.6185625 23.79733 30.56562 -64.96454
0.8134307 -0.3766753 0.5946367 21.29351 30.66485 -62.37675
0.7655791 -0.4162261 0.5841386 22.07214 30.55799 -60.22408
0.7692412 -0.4552886 0.5741289 21.24008 30.53508 -56.0027
0.8224639 -0.2045562 0.1666582 21.86603 20.75646 25.98966
0.8180694 -0.2902495 0.2223222 -2.874428 -5.197741 31.70722
0.8168487 -0.3144195 0.2440507 -10.62252 -9.732092 34.74539
0.8300323 -0.3454253 0.2892168 -18.08817 -14.54125 38.42478
0.8307647 -0.3822906 0.3385332 -24.45458 -18.58705 42.0889
0.8341826 -0.4006011 0.3995683 -28.92786 -21.984 46.03547
0.8415069 -0.4096343 0.4281328 -31.05 -24.51835 49.67669
0.8363799 -0.4032866 0.4713457 -32.27901 -27.38095 52.62325
0.8527373 -0.4001128 0.5279863 -33.14924 -29.99163 55.92096
0.8681182 -0.3896148 0.5790117 -33.62252 -31.20537 58.80646
0.8739776 -0.3737456 0.6188066 -32.32481 -32.35041 61.31027
0.8722686 -0.3568999 0.6605546 -32.85153 -32.60995 63.68432
0.8815459 -0.3258941 0.6969316 -32.81336 -33.0298 65.82172
0.8737334 -0.2912261 0.7384355 -33.85916 -33.0527 67.62325
0.8817901 -0.254605 0.7645586 -36.66832 -32.0527 69.0202
0.8795928 -0.2304351 0.8036211 -37.82862 -31.59469 69.62325
0.8776397 -0.2091948 0.8334063 -39.74466 -30.06797 69.95913
0.8766631 -0.1818511 0.8397539 -42.21031 -28.22828 70.58508
0.8791045 -0.1647612 0.8717363 -43.9813 -26.87713 70.066
0.8693389 -0.1532866 0.8702715 -45.59962 -25.15957 69.38661
0.862503 -0.1474272 0.8973711 -45.56145 -23.80079 68.17287
0.8610381 -0.1491362 0.897127 -46.26374 -22.0069 67.07363
0.8776397 -0.1410796 0.8981035 -47.69886 -20.48782 66.23394
0.8817901 -0.1322905 0.8949297 -47.60725 -18.9382 64.70722
0.8900908 -0.1405913 0.8912676 -47.82863 -17.46492 63.066
0.8888701 -0.1405913 0.8839434 -47.78283 -16.1214 61.70722
0.8971709 -0.1515776 0.8890703 -47.51565 -14.96873 59.96677
0.8966826 -0.162564 0.8924883 -46.72939 -13.64049 58.50875
0.90596 -0.1672026 0.8741777 -46.24847 -12.68629 57.07363
0.9137725 -0.1767241 0.879793 -45.98893 -12.19774 55.91333
0.9308623 -0.1940581 0.8805254 -46.28664 -11.44201 55.33318
0.933792 -0.211148 0.8944414 -45.20267 -10.46492 54.75302
0.9540557 -0.2121245 0.8956621 -44.17977 -9.464916 53.79883
0.9550323 -0.2167632 0.9107988 -42.95076 -8.258809 53.31791
0.9628448 -0.2062651 0.9230059 -41.36298 -6.79316 52.73775
0.9750518 -0.1982085 0.9381426 -39.90496 -5.037435 52.40188
0.9833526 -0.1889312 0.9398516 -37.9813 -2.693924 51.34844
0.9855498 -0.1601226 0.9474199 -36.05 -0.07560301 49.70722
0.9906768 -0.1398589 0.9466875 -34.01183 2.435847 48.1347
0.9818877 -0.1164214 0.9508379 -31.90496 4.725924 45.93623
0.9721221 -0.1015288 0.9613359 -29.27901 7.771725 43.59272
0.9635772 -0.07931201 0.9552324 -26.60725 11.21447 41.20341
0.9630889 -0.06759326 0.9432695 -22.12634 13.87096 37.0889
0.9538116 -0.0719878 0.9193438 -18.31717 16.91676 33.91333
0.932083 -0.06368701 0.8443926 -9.866795 26.00073 23.82936
0.9308623 -0.065396 0.7936113 -8.210305 28.38241 21.25684
0.9210967 -0.0798003 0.7508867 -6.828626 30.16104 19.17287
0.9186553 -0.1056792 0.7088945 -5.56145 31.56562 17.56982
0.9208526 -0.1064116 0.6642168 -3.630153 31.84806 16.14234
