0.3092803 -0.3434722 0.6322343 13.04924 6.512184 29.33318
0.3114775 -0.3302886 0.6481035 13.33931 7.588519 28.27974
0.3188018 -0.3229644 0.6517656 13.65229 9.161037 26.95913
0.3166045 -0.3114898 0.6595781 13.98817 10.55035 25.23394
0.3166045 -0.3017241 0.6495683 14.48435 11.48928 23.57745
0.3205107 -0.2917144 0.6571367 14.75916 12.77172 21.9515
0.3195342 -0.2948882 0.6622636 15.53015 13.80226 20.16524
0.3229522 -0.2914702 0.6603105 16.40802 14.87096 18.64615
0.3297881 -0.2912261 0.6637285 16.91947 15.91676 16.82173
0.3300322 -0.2924468 0.671541 17.49199 17.0389 15.23394
0.3307647 -0.2956206 0.6766679 17.67519 18.0618 13.53165
0.3356475 -0.2931792 0.6766679 17.30878 19.09233 11.79882
0.3444365 -0.2995269 0.6861894 16.9729 20.51218 10.58508
0.3376006 -0.3078277 0.6952226 16.98817 21.66485 8.997297
0.3444365 -0.3117339 0.714998 17.7897 23.20684 7.371344
0.3515166 -0.3190581 0.7240312 18.98054 24.45111 5.600351
0.3527373 -0.3151519 0.7330644 20.62939 26.25264 3.852259
0.3664092 -0.318814 0.7555254 22.38511 27.75646 2.012566
0.3708037 -0.3322417 0.7613847 24.54542 30.12287 -0.04850388
0.3769072 -0.3295562 0.7643144 26.8126 32.30608 -2.338581
0.3776397 -0.3329741 0.7628496 28.38511 34.19157 -3.750793
0.3820342 -0.3354156 0.7745683 29.94237 36.06944 -5.605755
0.3859404 -0.334439 0.7814043 31.14847 38.67249 -7.117207
0.3927764 -0.3346831 0.7875078 31.03397 41.51218 -8.903465
0.4018096 -0.3300445 0.7940996 31.55305 44.00073 -10.41492
0.4015655 -0.3241851 0.7816484 30.41565 47.97783 -11.99507
0.4020537 -0.3400542 0.7677324 30.98054 51.32898 -13.64392
0.4005889 -0.3376128 0.7482011 31.75916 54.17631 -15.58285
0.3830107 -0.3376128 0.716707 32.59122 56.38241 -17.09431
0.3686064 -0.3485991 0.6918046 33.51488 58.38241 -18.81186
0.3627471 -0.3351714 0.654207 34.0874 59.70303 -20.46072
0.35054 -0.3427398 0.6134355 33.66756 60.96257 -21.98744
0.3427275 -0.3376128 0.5836504 32.26297 61.79463 -23.37675
0.3397979 -0.3571441 0.5492265 31.25534 62.16104 -24.54469
0.3266143 -0.3446929 0.5377519 30.1103 61.61906 -25.56759
0.3378447 -0.3468902 0.5353105 28.05687 61.35188 -26.42255
0.3405303 -0.3505523 0.5265214 27.01107 62.29844 -27.61339
0.3454131 -0.3549468 0.5069902 25.8126 62.71829 -28.90347
0.3520049 -0.3610503 0.4828203 26.0416 62.36715 -29.85766
0.3639678 -0.3664214 0.4740312 27.34695 61.46638 -31.7508
0.3407744 -0.3681304 0.4742754 29.8355 60.91676 -33.28515
0.3720244 -0.3459136 0.4930742 31.14847 61.46638 -35.41492
0.3927764 -0.3698394 0.4864824 32.63702 62.75646 -37.48362
0.3893584 -0.3744781 0.4769609 37.65229 62.21447 -40.14774
0.3805693 -0.3837554 0.4874589 41.68282 63.0389 -42.68209
0.3722686 -0.3822906 0.4776933 45.34695 64.43584 -45.45309
0.3642119 -0.3913238 0.4427812 46.26297 66.19157 -47.70499
0.3603057 -0.4020659 0.4142168 45.35458 67.58852 -49.27751
0.357376 -0.42648 0.3802812 45.59885 68.27554 -50.8653
0.3515166 -0.4367339 0.3514726 42.91183 68.0847 -51.26225
0.3459014 -0.4745757 0.3214433 41.41565 67.89386 -51.78133
0.3354033 -0.5031402 0.2728593 40.12557 68.44348 -51.9798
0.3271025 -0.5314605 0.2298906 40.27061 67.12287 -52.07904
0.3185576 -0.5431792 0.1954668 40.32404 65.22974 -51.90347
0.3124541 -0.5644195 0.1588457 41.75153 62.93966 -51.78133
0.31221 -0.5656402 0.1278398 43.65229 60.13814 -51.57523
0.3239287 -0.5673491 0.09585738 43.98053 57.76409 -51.03324
0.3263701 -0.5465972 0.0719316 43.82786 54.90913 -51.19354
0.3441924 -0.5295074 0.05948043 42.69809 51.54272 -50.67446
0.3527373 -0.5021636 0.05117965 42.50725 47.75646 -50.83476
0.3671416 -0.4789702 0.05020308 42.65992 44.61906 -51.61339
0.3930205 -0.4428374 0.05777144 43.56832 40.74883 -52.46072
0.4066924 -0.4103667 0.0653398 43.69046 36.91676 -53.8424
0.4176787 -0.3695952 0.1046464 43.61412 33.76409 -55.52179
0.4484405 -0.3124663 0.1341875 40.20954 32.80989 -56.83476
0.5199737 -0.3300445 0.1612871 49.34695 28.76409 -60.81187
0.5475616 -0.2643706 0.1961992 55.14084 27.44348 -66.03324
0.5399932 -0.2318999 0.2225664 57.11794 27.43585 -68.68209
0.494583 -0.1850249 0.2413652 60.1103 26.45111 -72.31568
0.577835 -0.1513335 0.2433183 63.24771 25.60379 -76.26988
0.6422881 -0.07760303 0.2523515 67.01871 26.26791 -81.82713
0.6432647 0.004428223 0.2396562 67.87366 27.49692 -88.10957
0.6122588 0.03152783 0.2147539 63.67519 27.29081 -92.27751
0.6498565 0.08645947 0.1759355 59.02633 28.11524 -98.23171
0.6720733 0.1316255 0.1500566 57.32405 29.016 -105.7279
0.6713408 0.1540864 0.1097734 48.98053 29.41295 -111.5905
0.6879424 0.139438 0.0731523 40.53015 28.55798 -116.5447
0.8988799 -0.7880523 0.2787187 -8.233206 -1.129038 -96.52942
0.8214873 -1.033169 0.3248613 -18.03473 -58.99163 -39.90347
0.8275908 -1.115445 0.2862871 -13.0042 -64.69392 -36.26225
0.8485869 -1.077603 0.3504961 -5.653053 -65.99927 -34.99507
0.8568877 -1.064908 0.3548906 -3.798092 -63.33514 -32.68973
0.8671416 -1.109097 0.3500078 -6.706489 -65.06797 -27.8882
0.8454131 -1.120816 0.3548906 -6.15687 -67.47255 -24.14011
0.8432158 -1.147427 0.3753984 -8.530916 -67.38858 -19.14774
0.8109893 -1.203335 0.3880937 -11.81336 -70.90767 -10.85766
0.8339385 -1.20358 0.4327714 -12.62252 -67.15194 -4.567587
0.813919 -1.261197 0.4442461 -13.21794 -66.71683 2.959129
0.8144073 -1.235562 0.4425371 -14.1187 -66.37331 11.37898
0.8095244 -1.216031 0.4274004 -15.64542 -66.28172 18.81409
0.8134307 -1.194058 0.4137285 -16.86679 -66.65576 25.66905
0.784378 -1.158902 0.4071367 -17.97366 -67.96111 33.03547
0.7541045 -1.113736 0.4017656 -17.08817 -69.8237 39.066
0.7414092 -1.071744 0.4083574 -16.66069 -71.14431 44.88279
0.7382354 -0.9904449 0.4139726 -17.59199 -72.24355 50.46294
0.7538604 -0.912564 0.4352129 -19.87443 -73.47255 55.50875
0.7643584 -0.8485991 0.4596269 -23.51565 -74.41148 60.89043
0.7663116 -0.7726714 0.496248 -25.72176 -73.73209 65.11944
0.7731475 -0.6894195 0.5030839 -27.78282 -73.09087 67.85989
0.7672881 -0.6227691 0.5021074 -28.68359 -73.0069 69.07363
0.7526397 -0.5558745 0.5094316 -29.13397 -72.77026 69.51638
0.732376 -0.4911773 0.508455 -28.72176 -72.57942 69.60035
0.7238311 -0.4330718 0.5077226 -26.72176 -71.67103 68.80646
0.6967315 -0.3683745 0.4942949 -24.27137 -71.86186 66.68432
0.6916045 -0.3239409 0.4774492 -23.21794 -72.09087 64.35608
0.6693877 -0.2802398 0.4545 -21.58435 -72.38858 60.98203
0.65596 -0.2453276 0.4327714 -20.75229 -73.44202 58.18814
0.6339873 -0.2033355 0.4051836 -20.32481 -74.61759 54.03547
0.6188506 -0.1989409 0.3836992 -20.46985 -76.57178 51.56218
0.6098174 -0.1906401 0.3810136 -20.44695 -77.73209 48.29501
0.6022491 -0.17648 0.3761308 -20.1874 -79.96873 45.74539
0.5861358 -0.1371733 0.3644121 -27.37061 -81.32751 44.35608
0.5773467 -0.1366851 0.3771074 -32.01183 -83.8008 42.34844
0.5841826 -0.131314 0.3739336 -36.99657 -85.90003 40.47821
0.5905303 -0.1195952 0.404207 -41.9126 -87.67103 38.19577
0.6085967 -0.1344878 0.4247148 -45.50038 -89.39622 36.0202
0.6142119 -0.1459624 0.4693925 -46.79046 -91.0069 32.57745
0.6325225 -0.1484038 0.5106523 -48.97367 -90.48019 29.50875
0.6310576 -0.1689116 0.5411699 -51.38588 -90.50309 26.9515
0.6337432 -0.1891753 0.5853593 -51.59199 -90.56416 23.95913
0.654251 -0.1850249 0.5931718 -52.55382 -87.70156 20.76829
0.6469268 -0.2121245 0.6234453 -52.67596 -88.22064 17.63089
0.6325225 -0.2455718 0.6678789 -47.04237 -87.50309 14.68432
0.6269073 -0.242398 0.6864336 -44.83626 -83.47255 10.64615
0.6142119 -0.2460601 0.6852129 -41.78283 -81.59469 6.936229
0.6017608 -0.2663238 0.7001054 -38.97366 -78.65576 3.25684
0.5876006 -0.2900054 0.71158 -34.75229 -76.06797 -0.773695
0.5668487 -0.3214995 0.713289 -29.85153 -73.55652 -4.453083
0.5690459 -0.3271148 0.7015703 -25.88206 -70.85423 -7.414915
0.544876 -0.3654449 0.6983964 -22.06527 -69.02217 -9.934
0.5375518 -0.3976714 0.6903398 -18.1187 -66.53362 -12.20881
0.5290069 -0.4255034 0.6695879 -13.63015 -65.07561 -14.20117
0.5041045 -0.45773 0.654207 -8.973664 -63.75499 -16.04087
0.4535674 -0.5077788 0.6468828 22.60649 -58.9382 -22.72026
0.433792 -0.5800445 0.638582 29.55305 -57.90766 -21.15537
0.4323272 -0.5277984 0.589998 31.85076 -56.38858 -21.19354
0.4284209 -0.6059234 0.5477617 36.77443 -57.62522 -21.06377
0.3610381 -0.5807769 0.5243242 33.11794 -57.81606 -17.62866
0.3949736 -0.5519683 0.5250566 23.33168 -55.90766 -15.80423
0.3791045 -0.6227691 0.510164 23.8584 -55.82369 -15.37675
0.3810576 -0.6523101 0.4693925 20.55305 -55.13667 -12.94163
0.4010772 -0.6706206 0.4310625 16.86603 -56.18247 -10.21644
0.3932647 -0.7001616 0.4193437 13.17138 -57.57942 -7.430183
0.3971709 -0.7211577 0.4115312 7.484351 -59.0756 -4.25461
0.3900908 -0.7260406 0.4256914 -1.202672 -60.04507 1.134703
0.3856963 -0.7482574 0.4405839 -9.011832 -60.46492 5.508748
0.3771514 -0.7538726 0.4542558 -18.33244 -61.26644 10.34844
0.3864287 -0.7526519 0.4850175 -27.63779 -61.8924 15.52402
0.3913115 -0.7555816 0.5221269 -36.60725 -61.64812 19.96676
0.3878936 -0.7592437 0.5455644 -44.41641 -61.93056 24.44005
