1.178421 -2.234586 -0.5752852 -106.6072 -252.3275 -182.5218
1.242386 -2.234586 -0.521086 -137.2485 -252.3275 -206.2928
1.580765 -2.234586 -0.3611739 -81.16451 -252.3275 -133.789
1.208938 -2.234586 -0.1377852 -91.50038 -252.3275 -136.6821
1.380813 -2.234586 -0.2469161 -80.34007 -252.3275 -97.0714
1.317093 -2.234586 0.1034257 -31.0042 -252.3275 -107.9874
1.546585 -2.234586 0.1625078 -57.45458 -252.3275 -62.41492
1.422317 -2.234586 0.1918046 -34.16451 -252.3275 -64.8424
1.580521 -2.234586 0.2298906 -49.48512 -252.3275 -35.01034
1.601272 -2.234586 0.4122636 -41.90496 -252.3275 -29.36912
1.692093 -2.234586 0.4977129 -41.21031 -252.3275 -9.99507
1.672562 -2.234586 0.7040117 -47.46985 -252.3275 1.905695
1.779251 -2.234586 1.080965 -51.86679 -252.3275 26.52402
1.929642 -2.234586 1.296297 -57.77519 -252.3275 44.61562
1.860306 -2.234586 1.740389 -86.69885 -252.3275 80.36371
1.987259 -2.234586 2.007234 -93.0271 -252.3275 92.68432
1.944534 -2.234586 2.393953 -110.2714 -252.3275 98.91333
0.515335 1.765354 -0.5752852 208.1485 170.0236 183.1347
2.219864 1.117221 -0.5752852 -224.3783 -252.3275 -228.9951
2.219864 0.6328462 -0.5752852 -245.5462 -252.3275 -228.9951
2.219864 0.3904145 -0.5752852 -244.5996 -252.3275 -228.9951
2.219864 0.2305024 -0.5752852 -257.2943 -252.3275 -228.9951
2.219864 -0.07052295 -0.5752852 -257.2943 -252.3275 -228.9951
2.219864 -0.2812163 -0.5752852 -257.2943 -252.3275 -228.9951
2.219864 -0.5644195 -0.4895918 -257.2943 -252.3275 -228.9951
2.219864 -0.9164702 -0.2493575 -257.2943 -252.3275 -228.9951
2.219864 -1.323208 0.003328085 -257.2943 -252.3275 -228.9951
2.219864 -2.234586 0.7716386 -253.8821 -252.3275 -228.9951
2.219864 -2.234586 2.008211 -155.7294 -252.3275 -228.9951
2.219864 -2.234586 3.424654 -108.5538 -252.3275 -228.9951
2.219864 -2.234586 3.424654 19.0187 -252.3275 -228.9951
2.219864 -2.234586 3.424654 -257.2943 -252.3275 -228.9951
2.219864 -2.234586 3.424654 -187.5004 -252.3275 -221.6897
2.219864 -2.234586 3.424654 -127.0729 -252.3275 -161.8271
2.219864 -2.234586 3.424654 -62.45458 -252.3275 -115.6974
2.219864 -2.234586 3.424654 238.7133 -252.3275 -116.6516
2.219864 -2.234586 3.424654 242.9729 -252.3275 17.86753
2.219864 -2.234586 3.424654 174.7439 -204.2817 118.2492
2.219864 -2.234586 3.424654 169.4996 -55.0985 164.524
2.219864 -2.234586 3.424654 191.0798 68.31371 194.2263
2.126419 -2.234586 3.424654 111.4156 193.1534 239.0584
1.619827 -2.234586 3.424654 114.8584 247.9397 250.692
1.446243 -2.18356 3.424654 79.62176 247.9397 262.7912
1.3918 -1.799039 3.424654 40.34695 247.9397 271.2721
1.207229 -1.167691 3.424654 7.362214 247.9397 271.2721
1.057571 -0.01217334 3.424654 6.163741 247.9397 265.921
1.04512 0.03299268 3.424654 36.9958 247.9397 244.2721
0.7909698 0.0932954 3.424654 68.95763 247.9397 219.0889
0.8756866 0.2312349 3.424654 116.8584 247.9397 215.463
0.4845733 0.5154145 3.424654 123.7363 247.9397 154.2645
0.6200713 0.2009614 3.424654 150.2401 247.9397 126.1805
0.6496123 -0.337857 3.424654 172.9195 247.9397 110.1958
0.7099151 -0.6264312 3.424654 188.2706 247.9397 99.69958
0.8478545 -0.9652984 3.338045 196.3927 247.9397 96.24921
1.018997 -1.223355 3.192049 194.7439 247.9397 99.93623
1.239456 -1.422085 3.037996 194.9653 247.9397 107.8523
1.476761 -1.503628 2.856844 191.6447 247.9397 119.5927
1.751663 -1.475308 2.642977 188.3927 247.9397 132.608
1.962112 -1.396451 2.463533 188.3393 247.9397 146.3255
2.219864 -1.236539 2.17032 191.9424 247.9397 159.4171
2.219864 -0.9201324 1.810945 205.6752 247.9397 165.5316
2.219864 -0.7775542 1.405672 223.5607 247.9397 173.1729
2.219864 -0.7316558 0.9606035 242.9729 247.9397 197.463
2.219864 -0.594937 0.4039629 242.9729 247.9397 190.8294
2.219864 -0.04366748 -0.03597856 242.9729 247.9397 217.837
2.219864 0.4787934 -0.5752852 242.9729 247.9397 239.5469
2.219864 0.8774751 -0.5752852 242.9729 247.9397 114.3332
2.219864 0.5488618 -0.5752852 242.9729 247.9397 96.79882
2.219864 0.1848481 -0.5752852 242.9729 247.9397 130.44
2.219864 1.262729 -0.5752852 242.9729 247.9397 4.142336
1.800247 1.765354 -0.5752852 242.9729 247.9397 271.2721
2.075882 1.765354 -0.5752852 6.888931 247.9397 32.56218
0.3361357 1.765354 -0.5752852 95.82787 247.9397 30.81409
-0.2278291 1.765354 -0.5752852 70.75916 247.9397 -3.506519
-0.8625947 1.765354 -0.5752852 29.61412 132.9855 -26.85766
-1.210495 1.765354 -0.5752852 20.59122 -66.29698 -55.99507
-1.17363 1.765354 -0.5752852 -57.0958 -252.3275 -74.89584
-0.2886201 1.765354 -0.5752852 -71.0271 -252.3275 -103.934
0.8358916 1.765354 -0.5752852 -46.95076 -252.3275 -126.308
2.188431 1.287387 -0.5752852 -57.25611 -252.3275 -135.5676
2.219864 1.013706 -0.5752852 -76.1416 -252.3275 -145.2699
2.219864 0.85477 -0.5752852 -110.7676 -252.3275 -179.9798
2.219864 0.2776216 -0.5752852 -107.0882 -252.3275 -198.4149
2.219864 -0.03292529 -0.5752852 -155.9889 -252.3275 -158.934
2.219864 -0.2204253 -0.5752852 -157.0271 -252.3275 -181.163
2.219864 -0.3246734 -0.5752852 -166.7981 -252.3275 -204.7966
2.219864 -0.6471831 -0.5752852 -190.1492 -252.3275 -228.9951
2.219864 -1.033902 -0.3399336 -201.4622 -252.3275 -228.9951
2.219864 -1.955289 0.6852129 -199.5996 -252.3275 -228.9951
2.219864 -2.234586 3.424654 -39.1187 -252.3275 -228.9951
2.219864 -2.234586 3.424654 -13.30954 -252.3275 -199.1935
2.219864 -2.234586 3.424654 -7.210306 -252.3275 -156.2699
2.219864 -2.234586 3.424654 -19.22557 -252.3275 -112.2088
2.219864 -2.234586 3.424654 -68.30954 -252.3275 -131.1401
2.219864 -2.234586 3.424654 240.4004 -252.3275 -106.1554
2.219864 -2.234586 3.424654 242.9729 -252.3275 47.76066
2.219864 -2.234586 3.424654 220.0798 -185.1977 123.6843
2.219864 -2.234586 3.424654 193.866 -9.999268 190.3255
2.219864 -2.234586 3.424654 126.8584 128.245 251.0736
2.219864 -2.234586 3.424654 141.6294 247.9397 271.2721
2.219864 -2.234586 3.424654 104.8966 247.9397 271.2721
2.219864 -2.234586 3.424654 71.31641 247.9397 271.2721
2.219864 -0.706021 3.424654 50.37748 247.9397 271.2721
2.219864 -0.1305815 3.424654 -21.35534 247.9397 271.2721
2.219864 -0.3988921 3.424654 28.76679 247.9397 271.2721
2.219864 -0.05489795 3.424654 39.34695 247.9397 271.2721
2.219864 0.3242524 3.424654 50.51488 247.9397 271.2721
2.219864 0.4765962 3.424654 69.33168 247.9397 271.2721
-0.4641572 -0.7663238 1.900545 33.8126 18.1534 37.98203
-0.5989228 -0.6669585 1.699129 6.881298 32.51982 8.775924
-0.5915986 -0.6935699 1.673006 0.4309158 30.9473 9.035465
-0.5608369 -0.688687 1.658113 -4.85916 29.50455 8.760656
-0.529831 -0.7231109 1.658846 -9.950764 28.17631 8.585084
-0.5203095 -0.742398 1.653475 -12.87443 26.05417 8.546916
-0.515915 -0.7531402 1.649324 -15.1645 24.77172 8.409512
-0.517624 -0.7675445 1.669832 -16.40115 23.72592 8.340809
-0.5308076 -0.7643706 1.661287 -19.1416 23.05417 8.371344
-0.5242158 -0.7770659 1.655672 -21.69885 21.19921 8.371344
-0.4929658 -0.7707183 1.668123 -25.47748 19.16867 8.25684
-0.4807588 -0.8007476 1.697664 -28.38588 19.52745 8.775924
-0.482956 -0.8007476 1.699617 -32.69886 18.58088 9.25684
-0.4878388 -0.8195464 1.705477 -33.37825 17.03127 8.974397
-0.4692842 -0.8178374 1.712068 -36.56145 16.76409 9.417145
-0.474167 -0.8288238 1.718904 -37.32481 17.37478 9.890428
-0.4817353 -0.8368804 1.730135 -38.88206 17.81753 10.14234
-0.4746552 -0.8542144 1.734773 -37.37825 17.31371 10.14997
-0.4792939 -0.862271 1.739656 -36.05 17.73356 10.24157
-0.4836884 -0.8864409 1.737947 -33.51565 18.20684 10.11944
-0.4729463 -0.8837554 1.745516 -29.75229 18.54272 9.859893
-0.4827119 -0.8822906 1.753084 -25.75229 19.016 10.0889
-0.4788056 -0.8854644 1.753084 -23.22557 19.71066 10.59272
-0.4670869 -0.8798491 1.761141 -20.79046 20.77172 11.14997
-0.4700166 -0.8769195 1.757478 -15.74466 20.40531 10.74539
-0.4827119 -0.8800933 1.752352 -10.29428 21.34424 10.25684
-0.4895478 -0.8527495 1.745027 -4.553817 22.53508 9.066
-0.4795381 -0.8495757 1.742342 3.033969 21.41295 7.66142
-0.472458 -0.7987945 1.770174 4.782061 24.27554 6.836992
-0.4807588 -0.8000152 1.769441 6.27061 25.84043 6.546916
-0.5027314 -0.7677886 1.758211 4.171374 26.57325 6.676687
-0.5122529 -0.7616851 1.770418 0.316412 28.19157 6.87516
-0.5405732 -0.7680327 1.77823 -1.691222 29.18394 6.859893
-0.5320283 -0.7716949 1.77823 -8.385878 31.40531 7.920961
-0.5647431 -0.7692534 1.792146 -8.424046 29.22974 8.722488
-0.5640107 -0.7738921 1.803133 -14.30191 33.47402 8.867527
-0.5391084 -0.7895171 1.766512 -21.50038 34.9015 11.24921
-0.5561982 -0.73898 1.760164 -23.76756 33.82516 11.36371
-0.5674287 -0.7790191 1.738191 -39.52328 37.38241 15.67669
-0.5640107 -0.7834136 1.700838 -39.54618 37.32898 14.89043
-0.5500947 -0.7765777 1.660311 -41.68359 37.00073 14.16524
-0.5439912 -0.7922027 1.650057 -41.59199 36.69539 13.2034
