1.239212 -0.122769 1.037996 7.278244 -9.258809 36.10417
1.238968 -0.1127593 1.05118 7.018702 -9.533619 35.72249
1.228714 -0.11398 1.077547 8.255342 -8.724459 35.63089
1.209671 -0.1110503 1.063387 9.026337 -8.258809 34.86753
1.193558 -0.1034819 1.060945 10.01107 -7.922931 34.35608
1.179886 -0.08736866 1.083406 11.13321 -7.800794 33.40951
1.172562 -0.08297413 1.08951 11.71336 -7.182473 32.37135
1.179153 -0.07711475 1.088533 11.96527 -6.205374 31.31028
1.163772 -0.06979053 1.088045 11.0187 -5.747359 30.56982
1.164993 -0.06441944 1.081941 10.0187 -5.594687 29.63852
1.156937 -0.04537646 1.084627 7.896565 -5.190107 28.37898
1.158646 -0.03854053 1.088045 4.400382 -4.938199 27.45531
1.158157 -0.03390186 1.094393 -0.2103057 -3.869496 26.50111
1.149368 -0.01632373 1.090975 -5.546184 -3.373313 25.89806
1.1418 -0.02413623 1.077547 -10.86679 -2.724458 25.38661
1.13472 -0.02828662 1.088289 -15.71412 -2.533618 24.69959
1.139114 -0.02950732 1.080232 -19.28664 -2.396214 23.84463
1.129104 -0.03731982 1.085359 -21.60725 -2.197741 23.24921
1.122024 -0.03780811 1.080477 -23.63015 -2.228275 22.03547
1.133255 -0.04195849 1.078523 -27.27137 -2.09087 21.90569
1.1418 -0.04366748 1.076814 -31.46221 -1.999267 21.80646
1.154495 -0.04586474 1.078279 -33.24084 -1.79316 20.92096
1.146683 -0.06075733 1.064852 -34.47748 -2.457283 20.64615
1.148147 -0.06466358 1.056307 -35.72176 -2.419115 20.51638
1.168411 -0.07418506 1.055818 -36.44695 -3.159573 20.92859
1.172806 -0.07955616 1.053133 -35.55382 -3.945832 20.79119
1.181839 -0.08199757 1.051668 -32.75229 -3.762626 20.24157
1.18306 -0.06832569 1.063143 -30.39351 -4.304611 19.53165
1.177933 -0.07149951 1.059236 -29.88969 -5.129038 19.61562
1.173294 -0.0275542 1.058748 -39.55382 -5.251176 22.28737
1.150345 -0.0119292 1.063387 -45.17977 -6.006901 24.72249
1.155228 -0.01290576 1.057527 -49.43932 -6.953465 26.22631
1.156692 0.006869629 1.070223 -49.15687 -9.838962 26.02783
1.159378 -0.01705615 1.112459 -40.49275 -11.59469 24.02783
1.164505 -0.02413623 1.145662 -27.88969 -9.205374 20.39425
1.172073 -0.02657764 1.150301 -17.51565 -6.319878 16.76066
1.182571 -0.006802246 1.109041 -13.12634 -4.518351 14.47058
1.192825 0.008822754 1.080477 -13.77519 -5.029801 13.64615
1.220657 0.06961377 1.058992 -22.97366 -6.87713 14.74539
1.257522 0.05227978 1.088289 -22.70649 -6.472549 14.05073
1.261185 0.08011181 1.108797 -29.79046 -5.38858 12.87516
1.252151 0.09012157 1.109773 -32.0729 -5.442015 12.33318
1.242386 0.08475048 1.105867 -32.01183 -3.014534 10.26447
1.228958 0.08987743 1.072176 -35.03473 -2.701557 9.455313
1.227981 0.08230907 1.067781 -36.46222 -3.304611 8.287374
1.226272 0.08182079 1.071932 -37.24847 -2.678657 7.149969
1.22261 0.07059033 1.058504 -38.05763 -2.457283 6.134703
1.218704 0.07937939 1.047273 -37.0958 -2.09087 4.653786
1.214065 0.09939892 1.035066 -37.75229 -2.190107 3.508749
1.220657 0.1020845 1.029695 -36.67595 -1.915298 1.226305
1.215042 0.134311 1.031893 -38.76756 -2.327512 -0.2546101
1.21138 0.1355317 1.024324 -35.92023 -1.762626 -3.269878
1.207718 0.120395 1.013826 -36.83626 -1.762626 -5.323313
1.199661 0.137729 0.9894121 -36.59198 -2.380947 -6.475985
1.195755 0.1208833 0.9835527 -33.30954 -2.548886 -8.735527
1.176712 0.09817822 0.971834 -20.79809 -2.548886 -12.46072
1.127396 0.09622509 0.956209 -10.83626 -4.045069 -16.37675
1.103226 0.120395 0.9274004 2.659923 -6.571786 -20.65156
1.076126 0.1094087 0.9083574 15.58359 -7.716825 -23.76606
1.071976 0.1177095 0.8995684 21.60649 -9.594687 -27.16301
1.084427 0.184604 0.8634356 27.20191 -12.57179 -30.7508
1.081985 0.1450532 0.8504961 34.95763 -14.0298 -33.70499
1.077591 0.1899751 0.8124102 33.75153 -18.43438 -35.81186
1.085892 0.1733735 0.86075 36.61412 -22.36568 -38.58286
1.089798 0.1748384 0.8849199 36.71336 -22.62522 -41.44545
0.9579619 0.06546338 0.9208086 14.46145 -6.701557 11.70722
1.015823 0.1052583 0.8177813 7.095038 7.252641 -0.575222
1.016312 0.1069673 0.8168047 4.84313 7.351878 -0.4378166
0.9970244 0.0830415 0.8077715 4.934733 7.764092 -0.6973591
0.9843291 0.07864697 0.7860429 1.224809 7.703022 0.4018784
0.9755401 0.06399853 0.7806718 -0.06526709 6.603786 0.9591293
0.9752959 0.05667431 0.7723711 -1.095802 5.428214 1.844625
0.9713897 0.04666455 0.7735918 -3.088168 4.306077 2.432413
0.9665069 0.03103955 0.7818925 -3.469847 3.603786 3.119434
0.9601592 0.01102002 0.7709062 -6.424046 2.443481 4.272106
0.9489287 -0.005337402 0.7674882 -7.813359 0.977832 5.714855
0.9533233 -0.01437061 0.7750566 -8.996565 -0.6939237 7.027832
0.9481963 -0.02608936 0.7867754 -7.874428 -1.770259 7.844626
0.947708 -0.02828662 0.8175371 -7.126336 -2.136672 8.36371
0.9611358 -0.04977099 0.8089922 -5.530916 -2.709191 9.898061
0.970169 -0.06612842 0.8126543 -3.599618 -3.09087 10.63852
0.9772491 -0.08077686 0.8126543 -2.324809 -3.548885 12.34081
0.980667 -0.07589405 0.8175371 -1.248474 -4.235909 14.26447
1.005325 -0.07272022 0.8429277 -0.4087787 -3.79316 15.96676
1.027786 -0.06759326 0.8612383 0.3240457 -3.235909 17.47821
1.042679 -0.06026905 0.8470781 1.171374 -2.503084 18.9744
1.038772 -0.04537646 0.8649004 1.156106 -1.747359 20.26447
1.034378 -0.03243701 0.8829668 0.4996181 -0.4114809 21.20341
1.027054 -0.01632373 0.8778399 -0.683588 -0.02980161 22.60798
1.015335 -0.01632373 0.8981035 -1.790458 1.168672 24.10417
1.01094 -0.001431152 0.8983477 -0.7599239 3.099969 24.28737
1.013138 0.006625488 0.9015215 0.1637402 4.237374 25.17287
1.005569 0.01834424 0.8800371 0.598855 5.130504 25.46295
1.004104 0.02566846 0.8690508 1.285878 5.42058 25.52402
1.006302 0.02371533 0.857332 1.514885 6.016 25.56982
1.004593 0.02225049 0.8470781 1.400382 6.428214 25.89043
0.9877471 0.006381348 0.832918 0.9118323 6.328977 26.44768
0.9765166 0.005648926 0.8158281 0.4309158 6.474016 27.05837
0.9611358 -0.01266162 0.7870195 0.3851142 6.214473 27.72249
0.9525908 -0.02413623 0.7711504 0.6522899 5.130504 28.28737
0.9386748 -0.02511279 0.7418535 0.5683203 3.901496 29.09653
0.923294 -0.04073779 0.7230546 0.75916 2.412947 30.05837
0.9313506 -0.05465381 0.7242754 1.011069 0.9396641 30.84463
0.9308623 -0.06368701 0.7001054 1.782061 -0.7549924 31.48585
0.9306182 -0.07003467 0.6981523 2.46145 -2.411481 32.61562
0.9259795 -0.07540576 0.697664 3.156106 -4.358046 33.89806
0.9203643 -0.08517139 0.6966875 4.224809 -6.067969 35.34081
0.9188994 -0.06979053 0.697664 5.27061 -8.075603 36.18814
0.9208526 -0.08150928 0.7049882 5.759161 -9.79316 37.29501
0.9208526 -0.0744292 0.7242754 6.324046 -11.62522 38.47058
0.9298858 -0.06954639 0.7298906 7.698091 -13.35041 39.48585
0.9362334 -0.06319873 0.7630937 9.110306 -15.25117 40.76066
0.9584502 -0.03683154 0.79825 11.03397 -17.0069 41.42478
0.9833526 -0.001431152 0.8478106 12.28588 -17.0756 41.85226
0.994583 0.02664502 0.8775957 13.13321 -16.44965 41.93623
1.002151 0.05154736 0.9088457 13.21718 -15.21301 41.76066
1.009476 0.07352002 0.9234941 12.32405 -13.37331 41.07363
1.007767 0.09183056 0.9217852 10.70572 -11.62522 40.66905
1.001419 0.1062349 0.9073809 9.782061 -9.190107 39.98966
0.9977569 0.1191743 0.8758867 8.820229 -7.892397 39.00493
0.9894561 0.1289399 0.8292559 8.201908 -7.205374 37.9286
0.9838408 0.1338228 0.8109453 6.980534 -6.831328 36.76829
0.9699248 0.1294282 0.7850664 5.232442 -6.693923 35.56218
0.9728545 0.1181978 0.7633379 3.415649 -6.800794 34.53165
0.965042 0.090854 0.7230546 -2.279008 -9.235909 31.38661
0.9621123 0.08206493 0.7311113 -4.126336 -9.90003 30.39425
0.9687041 0.06912549 0.7315996 -5.271374 -10.83133 29.94386
0.9630889 0.05032666 0.7352617 -6.187405 -11.80843 28.9973
0.9572295 0.03201611 0.7516191 -6.195038 -12.60995 28.26447
0.9516143 0.02029736 0.7477129 -5.370611 -13.52598 27.45531
0.947708 -0.001919433 0.7613847 -4.843893 -14.76263 27.1118
0.9416045 -0.03780811 0.7755449 -3.759924 -15.50308 26.88279
0.9342803 -0.06100147 0.7928789 -3.019466 -16.08324 27.23394
0.9423369 -0.07467334 0.8045977 -1.546183 -16.28171 27.41714
0.9350127 -0.08981007 0.8146074 0.3545799 -15.73973 27.92096
0.9115752 -0.08907764 0.8024004 1.896565 -15.25881 28.53165
0.8954619 -0.07833545 0.7845781 2.079771 -14.77789 29.61562
0.8856963 -0.0744292 0.7565019 1.041603 -14.9611 30.9286
0.8324737 -0.05294483 0.7547929 -1.263741 -15.73973 32.26447
0.8288116 -0.003140137 0.7882402 -20.34008 -14.9611 37.53928
0.8583526 -0.04073779 0.7958086 -29.78282 -12.28934 40.67669
0.9071807 -0.05074756 0.7784746 -36.24847 -8.258809 42.46294
0.9481963 -0.05416553 0.7425859 -32.60725 -9.327511 42.08127
1.07222 -0.07052295 0.6356523 -25.40878 -9.747358 41.56218
0.7836455 0.04788526 0.6315019 -35.03473 -21.62522 38.60799
1.013382 -0.06124561 0.7799394 -26.15687 -27.80843 42.98203
1.083694 -0.1191069 0.8910234 -16.90496 -16.0069 38.96676
1.107376 -0.0197417 0.8649004 -11.20267 -15.54889 36.17287
1.078812 -0.02657764 0.9220293 -12.63015 -13.62522 36.98203
1.082718 -0.04147021 0.9601152 -9.973664 -12.83896 36.30264
