2.289799 -1.774963 -0.2605791 -230.6163 231.0959 -248.4563
2.289799 -1.774963 -0.2605791 -230.6163 231.0959 -248.4563
2.289799 -1.774963 -0.2605791 -230.6163 231.0959 -248.4563
2.078678 -1.774963 -0.2605791 -230.6163 231.0959 -228.0975
0.4251138 -1.774963 -0.2605791 -230.6163 95.30962 -248.4563
0.9158364 -1.774963 -0.2605791 -150.2804 64.45465 -248.4563
0.6743814 -1.774963 -0.2605791 1.543985 -36.79725 -248.4563
0.00812158 -1.774963 -0.2605791 60.18521 -95.51482 -248.4563
-0.4291343 -1.774963 -0.2605791 171.3073 -138.1484 -217.067
-1.04266 -1.774963 -0.2605791 149.9638 -157.3316 -172.9601
-1.015072 -1.774963 -0.2605791 133.6051 -191.2247 -138.0441
-1.019955 -1.774963 -0.2605791 132.6508 -224.8278 -132.7005
-0.4535483 -1.774963 -0.2605791 134.1241 -194.8049 -85.40284
-0.7484702 -1.774963 -0.236165 151.1928 -204.1866 -78.35704
-0.4215659 -1.774963 -0.2605791 159.3302 -225.9118 -45.1891
-0.3544272 -1.774963 0.1083174 171.2616 -216.9652 -38.80742
-0.02849951 -1.774963 0.2113447 178.9257 -210.9346 -6.219634
0.03131494 -1.774963 0.43571 169.7959 -209.3927 20.74983
0.1279946 -1.774963 0.5028486 161.8493 -201.7667 54.56663
0.2195474 -1.774963 0.5682783 155.8646 -200.7285 84.27655
0.2334634 -1.774963 0.6766768 153.7501 -196.843 107.0552
0.2683755 -1.774963 0.7369795 145.5974 -196.5682 130.9559
1.32404 -0.005919799 0.5944014 196.0096 -76.04916 251.8109
1.799137 2.224976 0.7755537 72.56689 -143.7133 251.8109
1.847721 2.224976 0.862956 80.25391 -142.7744 251.8109
1.846989 2.224976 0.8856611 92.25391 -133.7744 251.8109
1.85944 2.224976 0.8876143 94.57452 -130.3469 251.8109
1.819401 2.224976 0.8509932 99.74246 -130.324 242.7651
1.785465 2.224976 0.9376631 102.5287 -130.0034 225.5819
1.656559 2.224976 0.8893232 102.0936 -120.7514 198.7193
1.63361 2.224976 0.8439131 83.80353 -105.6293 157.5437
1.637028 2.224976 0.7980146 65.28444 -103.4995 126.9254
1.401188 2.224976 0.7245283 35.82643 -104.7362 99.53609
1.472477 2.224976 0.8793135 5.986732 -98.85832 62.57426
1.304997 2.224976 0.8617353 -23.53235 -98.32397 30.26128
1.194645 2.224976 0.9996748 -38.57815 -90.54535 -10.69292
1.181461 2.224976 1.117839 -61.69265 -81.47664 -50.65475
1.282536 2.224976 1.203532 -76.26518 -73.01863 -93.0975
1.299381 2.224976 1.30363 -95.17357 -66.36977 -130.1815
1.465397 2.224976 1.339274 -99.73846 -48.79725 -169.9906
1.56818 2.224976 1.390788 -114.7003 -35.83542 -209.4181
1.662418 2.224976 1.403239 -114.6087 -21.37741 -247.5555
1.733463 2.224976 1.374187 -113.4102 -9.835421 -248.4563
1.807926 2.224976 1.375163 -114.5247 4.790533 -248.4563
1.846012 2.224976 1.370524 -125.685 15.43939 -248.4563
1.84528 2.224976 1.390788 -129.8835 26.21801 -248.4563
1.85529 2.224976 1.399577 -131.9827 37.61496 -248.4563
1.90778 2.224976 1.350749 -124.5705 51.39359 -248.4563
1.96027 2.224976 1.274577 -126.6621 60.44703 -248.4563
2.041325 2.224976 1.205241 -125.914 71.0119 -248.4563
2.121403 2.224976 1.142009 -132.6392 79.90504 -248.4563
2.231022 2.131287 1.080485 -140.2652 90.90504 -248.4563
2.289799 1.926941 1.012614 -152.914 102.0043 -248.4563
2.289799 1.786805 0.9454756 -166.914 111.0806 -248.4563
2.289799 1.571473 0.8719893 -182.8224 120.6531 -248.4563
2.289799 1.382752 0.7789717 -196.7079 131.5386 -248.4563
2.289799 1.246277 0.7025557 -217.7003 142.615 -248.4563
2.289799 1.101258 0.5995283 -230.6163 155.1875 -248.4563
2.289799 1.044373 0.5155439 -230.6163 167.3478 -248.4563
2.289799 0.9542852 0.4430342 -230.6163 181.4699 -248.4563
2.289799 0.7980352 0.2801924 -230.6163 200.1875 -248.4563
2.289799 0.7074591 0.1483564 -230.6163 218.3783 -248.4563
2.289799 0.5895391 -0.01228809 -230.6163 231.0959 -248.4563
2.289799 0.5099493 -0.2193193 -230.6163 231.0959 -248.4563
2.289799 0.04632629 -0.2605791 -230.6163 231.0959 -248.4563
2.289799 -0.2227167 -0.2605791 -230.6163 231.0959 -248.4563
2.289799 -0.6648554 -0.2605791 -230.6163 231.0959 -248.4563
2.289799 -1.075256 -0.2605791 -230.6163 231.0959 -248.4563
2.289799 -0.9509882 -0.2605791 -230.6163 231.0959 -248.4563
2.289799 -1.393615 -0.2605791 -230.6163 231.0959 -248.4563
2.289799 -1.565734 -0.2605791 -230.6163 231.0959 -248.4563
2.289799 -1.484191 -0.2605791 -230.6163 231.0959 -248.4563
2.289799 -1.712951 -0.2605791 -230.6163 231.0959 -248.4563
2.127018 -1.774963 -0.2605791 -230.6163 231.0959 -248.4563
1.647038 -1.774963 -0.2605791 -230.6163 231.0959 -248.4563
2.289799 -1.774963 -0.2605791 -230.6163 231.0959 -248.4563
-0.767269 -1.774963 -0.2605791 37.17757 -60.3316 -208.4715
-0.864437 -1.774963 -0.2605791 118.9791 -124.7362 -128.586
-1.182308 -1.774963 -0.2605791 187.0402 -185.9728 -73.93719
-1.318294 -1.774963 -0.2605791 146.5516 -193.5606 -26.75398
-1.604916 -1.774963 -0.2605791 112.0936 -248.5301 14.98647
-1.09808 -1.774963 -0.2605791 86.42947 -269.1713 37.29182
-0.801937 -1.774963 -0.2605791 78.55162 -256.2553 66.03227
-0.5392417 -1.774963 -0.2605791 74.71192 -269.1713 88.9025
-0.1945151 -1.774963 -0.1192217 93.47528 -269.1713 99.79563
0.1126138 -1.774963 0.4708662 95.73482 -269.1713 165.3834
0.448063 -1.774963 0.6110029 104.9104 -269.1713 176.6277
0.5332681 -1.774963 0.7943525 117.4906 -269.1713 199.2918
0.6641274 -1.774963 0.9569502 129.9333 -260.2782 231.5361
0.7527505 -1.774963 1.079509 140.9944 -252.5988 244.3376
0.918522 -1.774963 1.207438 152.7883 -241.5911 251.8109
0.9326821 -1.774963 1.265544 166.5592 -226.2247 251.8109
0.7705728 -1.05426 1.26237 163.9791 -213.5606 251.8109
0.538395 -1.500793 1.436687 243.1928 -232.2476 251.8109
1.030583 -1.086242 1.696452 230.4753 -194.698 251.8109
0.9905435 -0.9646601 1.413249 242.0173 -170.7285 251.8109
0.8621255 -0.9522089 1.3903 258.0478 -160.5835 251.8109
0.9050942 -0.742248 1.288249 255.5364 -147.5835 251.8109
0.8743325 -0.7434687 1.279704 261.9791 -138.2553 251.8109
0.9072915 -0.6751093 1.256022 265.5135 -126.8202 251.8109
0.9004556 -0.6697382 1.249919 269.6508 -117.6064 251.8109
0.9575845 -0.5654902 1.217448 269.6508 -105.0339 251.8109
0.996647 -0.4939569 1.162761 269.6508 -96.20183 251.8109
1.034977 -0.3623651 1.122966 264.857 -86.72092 251.8109
1.091862 -0.2837519 1.105876 259.7883 -77.89648 251.8109
1.123356 -0.2014764 1.038737 260.7043 -71.39267 251.8109
1.159733 -0.1067499 0.9403486 251.2539 -67.97282 251.8109
1.237614 0.01214661 0.8861494 236.689 -63.36214 251.8109
1.2132 0.02972473 0.8392744 232.5287 -60.70565 251.8109
1.254215 0.0866095 0.7823896 224.4982 -58.67511 251.8109
1.314762 0.1303107 0.7277021 215.5822 -57.04916 251.8109
1.346012 0.1281134 0.6571455 209.6967 -56.09496 251.8109
1.400211 0.1356818 0.574626 206.5822 -55.72092 251.8109
1.511051 0.235047 0.4901533 192.5287 -56.95756 251.8109
1.348942 2.224976 2.19694 -73.33388 -10.2171 -42.31124
2.289799 -0.3977655 -0.2605791 -230.6163 231.0959 -248.4563
2.289799 -0.7285761 -0.2605791 -230.6163 231.0959 -248.4563
2.289799 -1.084289 -0.2605791 -230.6163 231.0959 -248.4563
2.289799 -1.469299 -0.2605791 -230.6163 231.0959 -248.4563
2.289799 -1.774963 -0.2605791 -230.6163 231.0959 -248.4563
2.289799 -1.774963 -0.2605791 -230.6163 231.0959 -248.4563
2.289799 -1.774963 -0.2605791 -230.6163 231.0959 -248.4563
2.138981 -1.774963 -0.2605791 -230.6163 231.0959 -248.4563
0.9422036 -1.774963 -0.2605791 -230.6163 231.0959 -248.4563
-0.3617515 -1.774963 -0.2605791 -230.6163 231.0959 -248.4563
-0.5385093 -1.774963 -0.2605791 -230.6163 231.0959 -248.4563
-1.222347 -1.774963 -0.2605791 -205.0972 138.7829 -241.7921
-0.9472007 -1.774963 -0.2605791 -49.03617 13.55389 -177.4563
-1.361507 -1.774963 -0.2605791 17.84933 -68.40794 -119.6319
-1.71014 -1.774963 -0.2605791 68.17757 -136.5377 -64.17384
-1.71014 -1.774963 -0.2605791 48.9791 -183.1637 -10.06696
-1.71014 -1.774963 -0.2605791 46.43711 -213.0873 29.02464
-1.278011 -1.774963 -0.2605791 66.9791 -268.9499 43.8567
-0.7907065 -1.774963 -0.2605791 89.49055 -269.1713 60.33762
-0.4359702 -1.774963 -0.2605791 105.3684 -269.1713 83.62769
0.03448877 -1.774963 -0.2605791 154.5287 -269.1713 84.7651
0.06183252 -1.774963 -0.2605791 168.1699 -269.1713 122.0552
0.4502603 -1.774963 -0.175374 175.9638 -269.1713 141.4903
0.5857583 -1.774963 0.1229658 205.2386 -269.1713 170.5056
0.7776528 -1.774963 0.3214521 225.0173 -269.1713 190.7422
0.8765298 -1.774963 0.4772139 244.4524 -269.1713 185.0781
1.036442 -1.545959 0.8568525 243.6432 -269.1713 228.33
1.010807 -1.772766 1.120036 269.6508 -269.1713 231.2002
1.063297 -1.376769 1.356608 269.6508 -269.1713 251.1926
0.9937173 -1.155334 1.290935 269.6508 -261.6064 251.8109
0.9321939 -0.9277948 1.264567 269.6508 -248.9652 251.8109
0.946354 -0.8386835 1.273112 269.6508 -231.9881 251.8109
0.9761392 -0.8279413 1.266276 269.6508 -214.2324 251.8109
0.9981118 -0.7722773 1.205241 269.6508 -198.156 251.8109
1.01276 -0.6963495 1.135905 269.6508 -184.7591 251.8109
