0.3529814 -0.3276031 0.7342851 9.430916 -27.44202 56.78355
0.3603057 -0.3193023 0.7594316 13.84313 -24.52599 56.51638
0.371292 -0.3046538 0.7528398 16.58359 -21.32751 56.35608
0.3627471 -0.3144195 0.7626054 19.8584 -17.9611 55.49348
0.3668975 -0.3102691 0.7503984 22.64466 -15.15194 55.19577
0.3703154 -0.3241851 0.7447832 25.29351 -12.06034 55.05074
0.3581084 -0.3166167 0.7359941 26.43855 -9.342779 55.19577
0.341751 -0.3295562 0.7066972 27.43092 -6.777893 55.59272
0.3307647 -0.3332183 0.6771562 27.86603 -5.632855 56.21104
0.3183135 -0.3224761 0.6666582 28.41565 -4.87713 57.21867
0.307083 -0.3254058 0.6410234 29.01107 -3.671023 58.1805
0.282669 -0.3183257 0.6346757 30.66756 -3.403847 58.66142
0.2755889 -0.3139312 0.6163652 33.50725 -4.014534 59.47821
0.2836455 -0.3017241 0.6319902 35.16374 -3.220641 59.98966
0.2902373 -0.2714507 0.6400468 37.56068 -2.556519 60.24157
0.2851104 -0.2589995 0.6305254 39.56832 -2.587054 60.60035
0.2887725 -0.2309233 0.6288164 41.0187 -2.510718 60.87516
0.2907256 -0.2023589 0.6356523 42.45382 -2.228275 61.18814
0.275833 -0.1852691 0.6429765 44.33931 -2.106138 60.87516
0.2936553 -0.1669585 0.6429765 45.82023 -2.098504 60.61562
0.2890166 -0.1420562 0.6546953 47.42328 -1.434382 60.29501
0.2951201 -0.1090972 0.6634843 49.49198 -1.541252 59.96677
0.2985381 -0.09298389 0.6874101 50.27824 -0.5794199 59.87516
0.3043975 -0.04464404 0.6986406 51.78969 0.3976793 58.84463
0.3134307 -0.00826709 0.7164629 53.42328 1.603786 57.29501
0.3190459 0.02225049 0.7350175 54.29351 2.90913 55.55455
0.3317412 0.0686372 0.7416093 54.29351 5.275542 54.09653
0.3341826 0.108188 0.7530839 53.56068 7.054168 52.64615
0.3427275 0.1643403 0.7591875 54.34695 8.939665 50.2263
0.3451689 0.1858247 0.7589433 52.69046 11.0847 48.31027
0.3561553 0.2253755 0.7674882 50.98817 13.46638 45.69958
0.3415068 0.280063 0.7733476 50.0416 14.80226 41.51638
0.3559111 0.3125337 0.7838457 49.9958 16.60379 36.93623
0.3571318 0.3354829 0.7980058 49.04924 19.76409 32.69959
0.3717803 0.3489106 0.8109453 48.34695 22.59615 28.60798
0.3910674 0.3784516 0.8150957 46.28588 25.00073 24.82936
0.4120635 0.4079926 0.8253496 44.91946 27.22974 20.69195
0.4132842 0.4297212 0.8585527 43.56068 29.70302 16.05073
0.4279326 0.4585298 0.8644121 41.93473 32.90913 12.55455
0.454544 0.4890473 0.9154375 44.24007 36.0618 6.004931
0.5011748 0.5183442 0.921541 43.70572 41.77936 -0.8423977
0.4906768 0.5705903 0.9608477 46.00343 44.1534 -7.330946
0.4894561 0.5737641 0.9969805 47.82023 51.90913 -14.81186
0.5104522 0.6050141 0.9864824 50.64465 57.84806 -22.46072
0.53096 0.6431001 0.9906328 53.27061 62.64959 -30.52179
0.5490264 0.6731294 0.9872149 55.88129 68.43584 -39.20117
0.5553741 0.6946137 0.9740313 59.44618 74.51981 -48.39201
0.5573272 0.7236665 0.9535234 63.49961 79.84042 -59.48362
0.5814971 0.7285493 0.951082 68.14848 85.86333 -70.08667
0.6059112 0.7353852 0.905916 71.56832 92.1992 -80.8653
0.6122588 0.7295259 0.8639238 75.41565 96.77172 -92.08667
0.6422881 0.7117036 0.8126543 77.85077 100.4893 -102.789
0.6566924 0.6953462 0.8011797 81.43092 104.6801 -113.6058
0.6752471 0.6575044 0.763582 84.34695 108.7183 -124.1248
0.6923369 0.6194184 0.7228105 86.94237 112.1763 -134.0256
0.7145537 0.5730317 0.6808183 89.73626 115.619 -143.9493
0.7851104 0.5290864 0.6471269 90.44618 118.9244 -152.4989
0.8161162 0.5061372 0.6053789 88.45382 122.7717 -160.8806
0.8612823 0.481479 0.5536211 87.71336 125.0923 -169.0714
0.8896026 0.4343598 0.5157793 85.8126 127.2679 -176.56
0.8825225 0.4072602 0.5111406 84.30115 131.1076 -184.4607
0.8681182 0.3882173 0.4808671 83.03397 137.0923 -192.308
0.8546905 0.3462251 0.3880937 80.01107 141.1381 -199.3309
0.845169 0.3225434 0.2921464 75.9958 145.1534 -205.7813
0.8551787 0.309604 0.1627519 70.17901 147.4053 -213.079
0.8668975 0.2554048 0.04043746 64.30115 148.0542 -219.5905
0.8529815 0.1833833 -0.06918168 57.9271 149.4969 -224.621
0.7968291 0.1294282 -0.2422774 49.28588 145.1992 -228.0943
0.7680205 0.03958447 -0.3562911 46.30878 138.9778 -228.9951
0.7333526 -0.05172412 -0.4598067 42.1103 135.3671 -228.9951
0.6803741 -0.1420562 -0.5752852 38.40801 126.7336 -228.9951
0.6544951 -0.1967437 -0.5752852 33.0874 115.9549 -228.9951
0.6156768 -0.3163726 -0.5752852 30.95 111.6496 -228.9951
0.6242217 -0.3879058 -0.5752852 24.51488 94.72592 -228.9951
0.6305694 -0.4606597 -0.5752852 20.95763 82.04653 -228.9951
0.6137237 -0.5256011 -0.5752852 16.71336 72.23737 -228.9951
0.6076201 -0.5707671 -0.5752852 11.12557 59.83279 -225.2164
0.6225127 -0.6110503 -0.5752852 7.919466 49.1076 -220.4607
0.6422881 -0.6772124 -0.5752852 6.682825 40.65722 -215.934
0.6710967 -0.6791656 -0.5716231 6.904198 32.51982 -210.9187
0.6989287 -0.6720855 -0.4993575 8.041603 24.42821 -206.7355
0.7160186 -0.6564605 -0.436125 8.606489 18.1076 -202.2775
0.7023467 -0.6115386 -0.3374922 10.95763 13.74119 -198.8958
0.7292022 -0.5527007 -0.2527754 11.30115 10.32134 -197.3691
0.7431182 -0.5553863 -0.1914961 16.88893 9.298443 -196.6821
0.734085 -0.5395171 -0.1705 22.66756 9.580885 -195.5294
0.1513213 0.1345552 0.4681718 19.53015 180.0465 -2.178274
0.1645049 0.2983735 0.2608964 -12.90496 183.7565 9.653787
0.1728057 0.3213227 0.2176836 -17.88969 181.7259 9.699588
0.1989287 0.3284028 0.197664 -22.10344 179.5656 8.982031
0.2267607 0.3337739 0.18033 -25.69122 176.5961 8.081267
0.2594756 0.3205903 0.18033 -27.03473 173.5427 6.356076
0.2816924 0.3110688 0.1910722 -26.55382 170.9168 4.569817
0.3031768 0.2964204 0.2189043 -24.19504 168.2068 2.111801
0.3202666 0.2771333 0.2679765 -20.17977 166.4206 -0.2622452
0.3346709 0.2815278 0.3126543 -14.56145 165.5732 -3.23171
0.3612822 0.2803071 0.3348711 -8.515649 165.9931 -6.292778
0.3629912 0.3022798 0.3605058 -3.057634 167.2526 -9.040871
0.3827666 0.3247407 0.3658769 0.598855 169.4435 -12.03324
0.402542 0.35477 0.3531816 3.301145 171.787 -14.36148
0.425003 0.3867524 0.3238847 5.087405 173.9015 -17.57522
0.4306182 0.4026216 0.3036211 6.301145 175.7641 -20.49125
0.4223174 0.4209321 0.2870195 8.102671 177.0465 -23.8195
0.4679717 0.4399751 0.2565019 6.606489 179.7565 -25.36912
0.4689483 0.5129731 0.2193925 11.56832 179.8557 -31.9111
0.4782256 0.5073579 0.2005937 8.751526 180.1992 -36.80423
0.4892119 0.5273774 0.1852129 7.537786 182.1381 -41.74316
0.4796905 0.5354341 0.1461504 6.324046 182.2984 -46.96454
0.4657744 0.5359223 0.126375 3.530153 182.1992 -51.88057
0.4611358 0.5271333 0.1048906 1.720993 182.161 -57.14011
0.4462432 0.5083344 0.0731523 -1.782825 181.9473 -61.55996
0.4350127 0.4787934 0.04947066 -5.217939 181.2297 -66.20118
0.4169463 0.4321626 0.02041793 -8.790459 180.7259 -70.40729
0.4140166 0.3996919 -0.005460978 -10.66832 179.1 -74.39201
0.4186553 0.4201997 -0.04427934 -16.79809 175.9626 -78.0256
0.4293975 0.3769868 -0.02938676 -19.53855 173.4816 -82.56759
0.4127959 0.3293794 -0.03841996 -22.75992 173.0313 -86.36148
0.3961943 0.3005708 -0.05795121 -22.94313 168.474 -90.85767
0.4210967 0.1772798 -0.01254106 -17.41641 159.1076 -103.0638
0.4359893 0.1714204 -0.01473832 -14.79809 154.8862 -105.9416
0.449417 0.1767915 -0.007169962 -11.53092 150.9702 -109.9569
0.456253 0.1540864 0.008455038 -10.05 148.016 -113.1859
0.4547881 0.1633638 0.009675741 -8.05 142.6801 -116.5981
0.4677276 0.1465181 0.02652144 -6.828626 138.8633 -119.3997
0.4557647 0.1367524 0.0419023 -5.782825 134.2984 -122.3462
0.4572295 0.1374849 0.07461715 -4.149237 130.2374 -125.3691
0.4604033 0.1191743 0.08902144 -3.653054 126.7717 -127.621
0.456253 0.1020845 0.1031816 -2.675954 123.9778 -129.4989
0.4643096 0.08352978 0.1085527 -1.477481 121.0007 -131.7355
0.4665069 0.08963329 0.1083086 -1.072901 117.5045 -133.3157
0.4882354 0.08914501 0.1205156 -1.935496 114.8023 -134.9187
0.4916533 0.09305126 0.119539 -4.996565 112.2526 -136.9416
0.5075225 0.06985791 0.1258867 -10.05763 110.1152 -138.3691
0.5131377 0.0481294 0.1354082 -12.08053 107.8252 -140.247
0.5221709 0.02200635 0.126375 -14.48512 104.8786 -142.2241
0.5419463 -0.03146045 0.1280839 -13.67595 102.245 -144.3691
0.5597686 -0.06637256 0.1349199 -12.36298 99.58089 -146.2928
0.5924834 -0.1457183 0.126375 -8.011832 97.89386 -150.247
0.5854033 -0.2179839 0.1153886 -6.584352 96.31371 -150.0867
0.5590362 -0.3402984 0.07144332 -9.187405 90.42058 -144.9493
0.565628 -0.4084136 0.07510543 -6.141603 86.58089 -140.5676
0.5614776 -0.4469878 0.08950973 -2.301908 83.88622 -138.0409
0.5585479 -0.5575835 0.08853316 0.2019081 81.74883 -133.163
0.5294951 -0.5519683 0.08072066 -2.508016 79.90913 -126.0256
0.5270537 -0.5915191 0.08658004 -3.332443 75.47401 -119.247
0.5373076 -0.600064 0.1097734 -4.813359 73.75645 -113.4225
0.5265655 -0.6911284 0.1219804 -5.866794 72.32897 -104.8271
0.527542 -0.6654937 0.1256425 -9.416412 70.97783 -97.37675
0.5150908 -0.6877105 0.1512773 -9.492748 69.27554 -90.47599
0.5158233 -0.6996734 0.1534746 -10.21031 67.9473 -83.57523
