0.8467031 -0.753981 0.5037784 -32.36889 -55.25053 56.99399
0.8525625 -0.8174576 0.4520205 -32.8498 -59.87649 64.74207
0.8279043 -0.8430923 0.4424991 -32.46049 -65.2429 64.59704
0.8261953 -0.8469986 0.428583 -31.7353 -71.65512 71.4291
0.8261953 -0.8535904 0.4224795 -31.8727 -77.0368 75.87949
0.8181387 -0.8762955 0.4261416 -32.23911 -83.1742 82.16956
0.8174063 -0.878981 0.4241885 -34.68186 -88.28107 89.42147
0.8166739 -0.9746841 0.260126 -47.39942 -107.8154 113.452
0.8210684 -0.948317 0.2274112 -52.68186 -116.3192 122.1314
0.8550039 -0.9666275 0.192499 -58.96431 -125.4414 130.91
0.8926016 -0.9661392 0.21496 -65.01774 -134.7315 137.9711
0.9192129 -0.9666275 0.2498721 -72.21621 -144.2963 147.1772
0.9936758 -0.9754166 0.322626 -74.83453 -151.22 152.536
0.9892813 -0.9771255 0.3475283 -79.05591 -161.7162 159.3757
1.111107 -0.9839615 0.4800967 -81.09408 -167.7773 163.9253
1.144555 -0.958815 0.5919131 -84.35361 -170.3192 168.9024
1.240014 -0.9722427 0.6844424 -81.52155 -172.3574 173.3604
1.220971 -0.9705338 0.7083682 -81.47575 -171.7391 177.1467
1.290307 -0.979567 0.7576846 -70.46812 -154.9223 181.9634
1.185326 -0.9600357 0.9114932 -70.55972 -181.7925 193.8642
1.298119 -1.011305 0.8587588 -64.04827 -178.846 187.8795
1.277367 -0.9453873 0.9429873 -61.04827 -178.136 193.8489
1.25808 -0.9529556 0.947626 -59.9414 -178.2124 203.6276
1.247094 -0.9470963 0.9424991 -56.33835 -176.6017 205.1925
1.167016 -0.8709244 0.9073428 -55.93377 -176.0521 213.5054
1.205102 -0.8855728 0.8519229 -46.13224 -174.8612 211.597
1.094018 -0.9724869 0.7459659 -41.97194 -181.0979 218.4291
1.102074 -1.061842 0.6741885 -36.76583 -180.3879 221.1848
1.061547 -1.081618 0.6019229 -34.02537 -183.4032 223.9711
1.015893 -1.102858 0.5472354 -37.96431 -187.3727 233.4902
1.008813 -1.166335 0.4713077 -41.62079 -191.2658 240.7192
0.9926992 -1.136305 0.4290713 -47.29255 -197.5635 248.4138
0.9773184 -1.154616 0.3829287 -56.13988 -200.6704 251.6963
0.9602285 -1.135573 0.3494815 -62.61316 -209.6093 251.6963
0.9912344 -1.131178 0.3743838 -71.54446 -218.2429 251.6963
0.9941641 -1.165358 0.3360537 -68.8956 -219.4414 251.6963
0.9953848 -1.105788 0.3257998 -65.93377 -226.5635 251.6963
0.9970938 -1.039137 0.3255557 -68.59789 -232.136 251.6963
0.954125 -0.9905533 0.3482608 -72.26202 -241.3116 251.6963
1.052758 -0.9263443 0.3426455 -79.04064 -247.3345 251.6963
1.057397 -1.002272 0.3563174 -82.88033 -254.2429 251.6963
1.112084 -0.993483 0.4237002 -79.72003 -254.2429 251.6963
1.188256 -0.9265884 0.511835 -82.48339 -254.2429 251.6963
1.250512 -0.9187759 0.5775088 -82.22385 -254.2429 251.6963
1.308373 -0.8491959 0.6761416 -80.59026 -254.2429 251.6963
1.419945 -0.7862076 0.779169 -79.8727 -254.2429 251.6963
1.465355 -0.8252701 0.8231143 -73.6666 -254.2429 251.6963
1.505395 -0.7085709 0.9027041 -65.00247 -254.2429 251.6963
1.615502 -0.5918716 1.085077 -60.98721 -254.2429 251.6963
1.701439 -0.4973892 1.227167 -58.88797 -254.2429 251.6963
1.707055 -0.5637955 1.359003 -49.21621 -254.2429 251.6963
1.701439 -0.5327896 1.558222 -44.72766 -254.2429 251.6963
1.685326 -0.6565689 1.622919 -26.64369 -254.2429 251.6963
1.803979 -0.6646255 1.799433 -2.048275 -254.2429 251.6963
1.806908 -0.5208267 1.968134 24.2418 -254.2429 251.6963
1.852807 -0.391188 2.04455 36.40211 -239.0521 251.6963
1.922875 -0.2742446 2.225946 40.46318 -222.5482 251.6963
1.885766 -0.3728775 2.215204 37.47081 -200.1437 251.6963
1.787865 -0.151686 2.296503 54.37921 -189.449 251.6963
1.671654 0.02556005 2.37829 56.53188 -178.1971 251.6963
1.625512 -0.02229151 2.351435 76.98989 -168.1437 251.6963
1.55935 0.1813218 2.471552 96.36394 -152.8154 251.6963
1.410912 0.2142807 2.449579 110.3334 -139.0063 251.6963
1.318383 0.3322007 2.438837 114.0662 -135.3574 251.6963
1.353783 0.3754136 2.2633 118.9441 -123.6857 251.6963
1.307885 0.4723374 2.1654 129.6158 -106.0826 251.6963
1.222924 0.593187 2.118769 133.3487 -92.85359 251.6963
1.132104 0.7406479 2.035273 133.1731 -80.09786 251.6963
0.9785391 0.8405014 1.9508 126.4021 -67.23527 251.6963
0.8994375 0.7050034 1.849726 142.6693 -65.64748 251.6963
0.8713614 1.038744 1.747431 138.9212 -67.42611 249.0016
0.8137442 1.162279 1.640253 117.8601 -44.86122 235.0169
0.6501699 1.09514 1.590692 114.8907 -29.06733 227.4902
0.6054922 1.090257 1.509882 120.7762 -32.34977 218.1161
0.5280996 1.36516 1.332392 115.2342 -42.07496 205.6886
0.4001699 1.512621 1.235224 115.0204 -50.45664 195.5512
0.4035879 1.601244 0.9488467 98.47081 -39.67801 183.8566
1.541283 -1.093581 0.9161319 -4.689497 -254.2429 251.6963
1.443383 -0.571608 0.8353213 -11.06354 -254.2429 251.6963
1.510766 -0.5071548 0.805292 -6.521558 -254.2429 251.6963
1.543725 -0.5139908 0.8187198 9.188367 -254.2429 251.6963
1.54226 -0.3504165 0.8475284 16.06623 -254.2429 251.6963
1.523949 -0.3882583 1.189813 35.20364 -254.2429 251.6963
1.6531 -0.3496841 1.058954 61.77615 -254.2429 251.6963
1.466576 -0.2896255 1.276972 70.89066 -254.2429 251.6963
1.364037 -0.1692642 1.372187 84.46317 -254.2429 251.6963
1.613061 0.1527573 1.363153 86.25707 -254.2429 251.6963
1.534203 0.2003647 1.488642 95.60822 -254.2429 251.6963
1.549584 0.2577378 1.556757 98.60058 -254.2429 251.6963
1.604272 0.3143784 1.606562 103.6693 -254.2429 251.6963
1.573998 0.3451401 1.723505 116.28 -248.1131 251.6963
1.563012 0.4147202 1.796259 126.8372 -240.2124 251.6963
1.484154 0.5590073 1.823603 122.2189 -227.8765 251.6963
1.50515 0.3500229 1.699579 135.8983 -185.8078 251.6963
1.380639 0.6368881 2.125849 131.9594 -190.7315 251.6963
1.330346 0.6752182 2.192011 132.7761 -179.5712 251.6963
1.254662 0.810228 2.233515 132.196 -173.846 251.6963
1.239525 0.9896713 2.386835 110.3792 -159.3574 251.6963
1.232445 1.038499 2.358759 103.1426 -150.5024 251.4673
1.237328 1.118822 2.369501 58.48608 -140.22 251.6963
1.16018 1.079515 2.401972 74.98226 -123.2429 241.994
1.311059 0.8861557 2.205683 109.4403 -78.39558 230.4596
0.8506094 0.9772202 2.351923 117.5242 -65.82305 242.6886
0.988793 1.165941 2.38415 127.3258 -50.38031 237.3146
0.8215567 1.165697 2.310419 127.967 -29.41847 212.6276
0.7668691 1.443529 2.414667 92.70745 -3.418473 193.6734
0.6562734 1.378099 2.33288 86.02043 5.688396 173.3604
0.3320547 1.51433 2.151972 49.86776 0.7570992 176.597
0.2793203 1.467943 2.013056 30.2189 -18.89176 180.2764
0.356957 1.37639 1.833856 23.39447 -22.20473 182.7497
0.3366933 1.231371 1.672968 27.1731 -7.655115 162.8642
0.3078847 1.295335 1.499628 28.11203 -0.4184735 131.2993
0.2082754 1.332689 1.455194 23.85249 9.550992 112.681
0.0635 1.361009 1.465448 21.27997 9.215115 107.3299
-0.01316015 1.382982 1.396601 15.79142 -0.6093132 101.4825
-0.008521482 1.392992 1.234247 12.04333 -4.136031 83.74208
-0.04880468 1.418626 1.161005 6.936458 2.99374 71.10085
-0.1293711 1.426683 1.168085 -5.880336 0.1540456 75.15429
-0.1449961 1.355882 1.224237 -12.8727 -14.47191 78.16956
-0.05515234 1.30974 1.177851 -17.50629 -14.70855 68.74971
-0.02658789 1.31096 1.213495 -24.23911 -8.616947 55.61994
-0.05564063 1.326585 1.269159 -31.01011 -7.090229 46.18483
-0.06955664 1.343919 1.300653 -37.57499 -9.288702 40.08559
-0.04953711 1.294603 1.328974 -41.91087 -6.800153 31.13902
-0.06467383 1.219652 1.358759 -42.24675 -3.92229 19.86421
-0.08811132 1.170091 1.39831 -40.72003 -3.456641 11.15429
-0.07468359 1.075853 1.401483 -37.02537 -1.288702 0.9329161
-0.08029882 1.027269 1.403192 -32.53682 2.268549 -9.906779
-0.09152929 0.9862534 1.398798 -28.7582 4.459389 -19.86861
-0.1093516 0.9305893 1.384394 -25.17041 4.795267 -26.70831
-0.1052012 0.8456284 1.36706 -22.10934 7.512824 -32.94495
-0.1191172 0.8024155 1.344355 -21.03301 10.47466 -38.93731
-0.1567148 0.8058334 1.318476 -23.04064 13.01664 -43.41823
-0.1698984 0.7784897 1.313105 -22.10171 13.54336 -46.39533
-0.1723398 0.7655502 1.27038 -20.01011 13.31435 -49.70831
-0.1938242 0.730394 1.256464 -17.15514 14.36779 -53.86861
-0.1950449 0.7404037 1.197138 -12.97194 17.12351 -58.71594
-0.2084727 0.7613998 1.124628 -15.48339 18.20748 -63.70831
-0.2236094 0.7718979 1.101923 -19.68186 17.95557 -66.18159
-0.2724375 0.7960678 1.093378 -25.79637 11.48229 -64.22739
-0.2529063 0.6813217 1.106806 -22.51392 0.7418318 -66.60143
-0.2231211 0.7618881 0.945917 -30.9414 8.421221 -67.44876
-0.1908945 0.7440659 0.8900088 -32.65896 11.31435 -72.7541
-0.1816172 0.7482162 0.8680362 -34.29255 9.467023 -78.15868
-0.1994394 0.886644 0.8987979 -30.07881 18.7113 -96.41823
-0.2822031 0.9193588 0.7342471 -33.8498 10.69603 -95.08235
-0.266334 0.8800522 0.7266788 -34.57499 -1.357405 -88.55563
-0.2416758 0.8607651 0.6927432 -30.81163 -5.387939 -97.7312
-0.1945566 0.9479233 0.6466006 -30.59026 -5.716184 -108.4946
-0.1928477 1.043138 0.6143741 -28.78873 -5.746718 -117.8533
