0.228958 -0.5043609 -0.005460978 -73.88206 -24.41148 -21.85003
0.2304229 -0.3700835 0.8702715 -85.2103 -23.59469 -47.85767
0.2733916 -0.5873687 0.4852617 -49.1874 -24.61759 -32.07904
0.6725616 -0.3820464 0.343416 -68.0729 -14.41148 -54.7737
0.8288116 0.1352876 0.2611406 -127.6607 -22.95347 -13.64392
0.3798369 -0.9006011 0.5216386 -74.93549 -19.93056 -54.49889
0.510208 -0.4067046 0.4151933 -48.44695 -35.95346 -17.59812
0.2204131 -0.6127593 0.3717363 13.91183 -41.28934 -55.0027
0.2301787 -0.2946441 0.2262285 13.68283 -39.29697 -38.55995
0.116165 -0.3512847 0.1898515 1.140839 -41.91529 -41.20881
0.1164092 -0.322232 0.1393144 -11.43931 -43.60995 -31.76606
0.0624541 -0.3373687 0.1354082 -18.90496 -47.77026 -31.45308
0.06684864 -0.2765777 0.1080644 -27.85153 -49.88476 -25.09431
0.06416309 -0.3024566 0.08487105 -36.0729 -52.72446 -23.31568
0.09761036 -0.3329741 0.06143355 -37.43931 -58.06033 -19.7508
0.1269072 -0.3478667 0.08120894 -36.86679 -63.02217 -18.77369
0.1300811 -0.3432281 0.1163652 -35.29428 -66.8008 -16.94163
0.116165 -0.3224761 0.121248 -36.1187 -70.51072 -14.27751
0.09492481 -0.3041656 0.1163652 -36.05 -75.54889 -12.70499
0.05586231 -0.2712066 0.08828902 -36.27901 -80.88477 -9.109573
0.01899707 -0.251187 0.07510543 -34.96603 -87.14431 -7.361481
-0.0181123 -0.2272612 0.06485152 -33.04237 -93.74736 -5.330946
-0.05302441 -0.1933257 0.05020308 -30.92023 -99.61759 -3.766062
-0.08671581 -0.1718413 0.02774215 -28.50038 -105.3886 -2.178274
-0.05668652 -0.1549956 0.04287887 -24.41641 -111.7855 -2.720259
-0.06938183 -0.1593901 0.09366012 -10.68359 -116.7703 -6.544687
-0.05863965 -0.0942046 0.09073043 -20.21031 -123.2283 2.76829
-0.06401074 -0.1525542 0.14908 -15.39351 -128.839 -6.972168
-0.0156709 -0.08468311 0.2152421 -25.1645 -130.442 3.882793
-0.01274121 -0.1635405 0.3031328 -20.59962 -134.5031 -3.781328
0.027542 -0.1488921 0.3670976 -20.13397 -136.7092 0.424778
0.03706348 -0.206021 0.4640214 -13.47748 -138.7474 -3.346214
0.02583301 -0.1693999 0.539705 -19.77519 -138.4039 0.8904266
0.0233916 -0.219937 0.6124589 -21.65305 -139.6176 1.134703
0.0612334 -0.2741363 0.6761796 -18.17977 -139.7474 3.287374
0.03413379 -0.2604644 0.7240312 -9.195038 -139.0374 0.8446255
0.06220996 -0.3251616 0.7696855 -3.637786 -138.8542 6.989664
0.1063994 -0.2926909 0.8077715 10.14847 -139.1519 1.913328
0.1066436 -0.3654449 0.8695391 18.04924 -137.61 4.157602
0.7487334 -0.3193023 0.4903886 14.49199 -113.8542 -14.52179
0.1356963 -0.2870757 0.5196855 -2.920229 -182.6863 45.32554
0.2865752 -0.643521 1.222566 9.84313 -159.7626 11.56218
0.3095244 -0.6679351 1.576814 -40.9355 -108.61 59.50875
0.2751006 -0.5819976 1.337312 -80.45457 -80.06034 73.18814
0.0768584 -1.077359 1.293367 -42.85916 -84.60233 77.98203
0.338333 -0.2619292 1.392977 -142.7065 -63.85423 116.0813
0.1095732 -0.8134429 1.472322 -124.2332 -44.24354 111.8904
0.3280791 -0.0263335 1.310945 -183.8057 -31.30461 149.2645
0.0009306669 -0.6911284 1.397859 -144.134 -21.56415 117.9439
0.1493682 -0.4433257 1.387605 -128.9889 -6.854229 147.8446
0.06929004 -0.6796538 1.392 -50.57672 2.832794 108.2645
0.2379912 -0.3881499 1.338533 -19.75229 20.40531 122.5851
0.3009795 -0.2289702 1.335603 17.0187 33.45111 105.4324
0.04121387 -0.1430327 1.310213 41.9042 60.59615 100.8599
0.00215137 -0.01803271 1.0524 52.9729 56.28318 100.8523
-0.1553193 -0.0131499 0.8229082 43.19427 65.65722 100.524
-0.07524121 0.1037935 0.8107012 42.74389 55.76409 100.295
-0.05448925 0.2148774 0.8612383 22.91183 64.245 110.753
-0.1340791 0.2117036 0.8236406 14.04924 68.92439 95.50111
-0.06938183 0.2856782 0.7855546 -10.08817 70.00073 112.8904
-0.1309053 0.1330903 0.8441484 -22.88969 71.84806 101.15
-0.03862011 0.1831392 0.9024981 -36.21794 77.66486 113.2263
-0.02079785 0.1089204 0.9007891 -38.34771 79.35951 102.295
0.05073535 0.1228364 0.909334 -40.9584 82.71066 107.5774
0.07954395 0.09158642 0.9420488 -38.17214 86.12287 100.2874
0.1356963 0.108188 0.9420488 -39.01947 90.87096 102.2339
0.1632842 0.1118501 0.9242266 -34.06527 93.88622 95.73775
0.1881865 0.151645 0.8898027 -38.19504 97.88622 97.73012
0.1742705 0.1540864 0.8878496 -40.23321 101.4511 94.19577
0.2157744 0.2512544 0.8495195 -50.9126 105.8786 97.9744
0.2431182 0.2947114 0.7989824 -60.25611 110.8786 94.53165
0.08857716 -0.09689014 0.1930254 16.33931 10.42821 12.84463
0.2079619 -0.1623198 0.5387285 -16.04237 -0.4038473 22.51638
0.05317676 -0.4032866 0.4933183 -11.59198 -0.7931603 15.75302
0.1107939 -0.2497222 0.5055254 -12.38588 1.481649 27.37898
0.1295928 -0.1103179 0.5370195 -3.729389 2.084702 20.12707
0.009231448 -0.3007476 0.4781816 -1.401145 0.03126717 17.16524
0.02387989 -0.1274077 0.4850175 -10.1645 2.077069 27.10417
0.02949512 -0.09762257 0.4261796 -20.81336 3.542717 23.32554
-0.05009472 -0.1203276 0.3856523 -27.85153 0.3976793 21.22631
-0.08695995 -0.1012847 0.4244707 -32.49275 -1.365679 23.86753
-0.009323239 -0.08272999 0.4291093 -37.34008 -1.045069 21.80646
-0.08036816 -0.1349761 0.4403398 -40.66069 -2.09087 17.31791
-0.0637666 -0.09225147 0.4776933 -44.01183 -3.632855 18.23394
-0.00956738 -0.3859527 0.5260332 -12.87443 -14.31988 4.142336
0.0780791 -0.3251616 0.6466386 22.17138 -22.59469 -8.766062
-0.0583955 -0.4035308 0.7901933 56.59122 -24.31988 -17.65156
0.06343067 -0.3175933 0.876375 94.14084 -19.41912 -24.03324
0.2118682 -0.2084624 0.8592852 116.2706 -6.304611 -25.69736
0.1552275 -0.2638824 0.8255938 134.2782 8.0389 -35.71262
0.04609668 -0.3625152 0.6175859 147.1485 10.42058 -29.97217
0.02461231 -0.2687652 0.4217851 162.3469 5.016 -35.43782
-0.05546582 -0.3647124 0.3163164 178.0111 -7.358046 -37.75079
0.01142871 -0.2973296 0.3924882 183.7133 -14.74736 -33.42255
0.1020049 -0.2714507 0.4903886 191.1943 -14.14431 -34.47598
0.1105498 -0.2716949 0.5284746 192.179 -8.9611 -35.22408
0.06074512 -0.2609527 0.4791582 188.1714 -2.304611 -30.22408
-0.1318818 -0.4533355 0.1952226 143.8737 -12.75499 -12.8882
-0.1035615 -0.3732574 0.2704179 118.034 -18.73973 -3.155375
-0.1289521 -0.4604156 0.5353105 101.6981 -20.22828 -0.3462143
0.1081084 -0.23898 0.6725175 35.22481 -0.205374 24.01257
0.07905567 -0.1547515 0.5836504 -34.40115 16.35188 19.16524
-0.03446972 -0.5400054 0.4188554 -70.73702 12.32898 33.74539
-0.02738965 -0.6242339 0.343416 -59.57672 3.336611 34.31028
-0.05326855 -0.4694488 0.3841875 -76.63015 -1.831328 32.44768
-0.0391084 -0.5212066 0.5270097 -55.08817 -5.678657 20.23394
0.04756153 -0.3478667 0.6346757 -54.33244 -0.6023206 25.17287
0.07588184 -0.410855 0.6522539 -47.11107 4.092336 22.76066
0.09931934 -0.4225738 0.5931718 -50.98893 9.481649 26.23394
-0.002243161 -0.4672515 0.4813554 -39.24084 8.870962 24.87516
0.03974903 -0.3134429 0.4093339 -37.76756 4.428214 27.64615
0.0197295 -0.3471343 0.433748 -26.37061 -0.7626259 21.63089
0.05073535 -0.3246734 0.5023515 -23.42405 -1.289344 22.35608
0.06636035 -0.3832671 0.5697343 -15.65305 0.8098931 21.58508
0.08442677 -0.3593413 0.595125 -9.576717 4.374779 20.69195
0.04829395 -0.3676421 0.5282304 -3.668321 5.31371 19.39425
0.0468291 -0.3459136 0.4801347 4.553053 3.90913 18.57745
0.02192676 -0.3398101 0.447664 7.835496 1.290809 17.93623
0.04048145 -0.3476226 0.4430254 13.09504 -1.312244 16.03547
0.04609668 -0.3454253 0.5038164 15.95763 -2.014534 16.52402
0.06587207 -0.3776519 0.5279863 18.82786 -0.4114809 15.59272
0.06611621 -0.3786284 0.5299394 19.58359 1.535084 15.84463
0.0522002 -0.3581206 0.5001543 18.7897 2.214473 15.88279
0.03022754 -0.3556792 0.4557207 17.15611 1.199206 16.30264
0.03730762 -0.3444488 0.4479082 13.98054 -0.4343817 16.91333
0.04487598 -0.3432281 0.4735429 10.15611 -0.9916335 17.1118
0.05073535 -0.3532378 0.4964921 5.614122 -0.5412519 17.53165
0.0522002 -0.3549468 0.517 0.6751909 1.016 18.34081
0.05928028 -0.365689 0.4974687 -4.698855 2.351878 19.0431
0.04219043 -0.3661773 0.4708574 -10.08817 2.886229 19.89806
0.03974903 -0.3576324 0.4540117 -15.14924 2.512183 20.82936
0.04145801 -0.351773 0.463289 -18.25611 1.817527 20.88279
0.04389942 -0.3642241 0.4881914 -20.82863 1.947298 21.66142
0.0546416 -0.360562 0.5033281 -21.61489 2.565619 21.81409
0.04853809 -0.3720366 0.5016191 -21.53855 3.527451 21.44768
0.05122364 -0.3630034 0.4933183 -19.88969 3.535084 21.56982
0.04731739 -0.369107 0.48575 -18.12634 3.12287 21.1805
0.04414356 -0.3661773 0.4750078 -15.40878 2.351878 21.17287
0.05171192 -0.3632476 0.48575 -12.1187 1.825161 20.36371
0.05903614 -0.3664214 0.5040605 -8.775191 1.222107 19.66142
0.04756153 -0.3669097 0.5089433 -5.843893 1.954931 19.54692
0.05122364 -0.3632476 0.5003984 -3.614886 2.176305 18.96676
0.04341114 -0.3637359 0.4957597 -1.591985 2.061801 18.56982
0.04389942 -0.3554351 0.4847734 -0.4316797 1.183939 18.81409
0.0456084 -0.3615386 0.4830644 -0.2103057 1.023633 18.63852
0.04804981 -0.3630034 0.4899004 -0.1110687 0.8633282 18.62325
0.0509795 -0.362271 0.4960039 -0.462214 1.344244 18.53928
0.04731739 -0.3620269 0.4947832 -1.416412 1.588519 18.91333
0.06465137 -0.3747222 0.4786699 -2.378244 2.138137 18.55455
0.01142871 -0.4623687 0.4549882 16.69809 -2.434382 17.60035
