0.5281411 -0.7949823 1.298015 225.3913 -130.8965 247.5437
0.4883462 -0.6397089 1.2382 229.9867 -122.3927 249.101
0.404606 -0.6653437 1.250163 243.5211 -124.6064 251.8109
0.3701821 -0.5425409 1.274333 243.5135 -112.8507 251.8109
0.3853189 -0.5628046 1.18156 238.147 -107.0415 251.8109
0.354313 -0.4321894 1.174235 240.315 -106.1637 251.8109
0.3941079 -0.4832148 1.10197 255.6127 -104.1026 251.8109
0.3364907 -0.5884394 1.047282 263.9867 -103.4003 251.8109
0.3684731 -0.5676874 1.038005 262.086 -101.2782 251.8109
0.4194985 -0.5110468 1.028972 255.4906 -96.01099 251.8109
0.4534341 -0.4009394 1.021403 268.4753 -97.07207 251.8109
0.3970376 -0.5505976 1.092448 269.6508 -97.24763 251.8109
0.4297524 -0.4966425 1.176433 269.6508 -92.17892 251.8109
0.4649087 -0.5379023 1.170085 269.6508 -85.0797 251.8109
0.5032388 -0.4077753 1.140788 269.6508 -80.89648 251.8109
0.5020181 -0.3472284 1.081462 266.7654 -79.80489 251.8109
0.5281411 -0.3164667 1.080729 254.4066 -78.53771 251.8109
0.5896646 -0.2581171 1.069743 243.2081 -75.66748 251.8109
0.6309243 -0.2703241 1.121989 237.6738 -76.71329 251.8109
0.7031899 -0.1511835 1.162517 224.4447 -71.82779 251.8109
0.8272134 -0.2346796 1.125896 223.6738 -72.73618 251.8109
0.8757974 -0.1025995 1.15031 215.1699 -67.01099 251.8109
0.8784829 -0.1865839 1.142009 229.0554 -63.65985 251.8109
0.9146157 -0.0227655 0.9969893 216.2539 -65.67511 251.8109
0.9302407 -0.1492303 0.9818525 214.3684 -79.91176 251.8109
0.996647 0.02484192 1.152263 206.0707 -73.89648 251.8109
1.198307 -0.07598816 0.9205732 227.1241 -77.17893 251.8109
1.240788 -0.1040643 0.9261885 239.9333 -75.73618 251.8109
1.405583 -0.166076 0.7755537 247.7577 -83.24763 251.8109
1.50153 -0.1873163 0.6847334 262.6508 -87.46901 251.8109
1.675358 -0.2505487 0.5638838 269.6508 -93.49954 251.8109
1.841618 -0.2637323 0.5096846 269.6508 -98.75145 251.8109
1.985172 -0.2481073 0.3876143 269.6508 -104.1789 251.8109
2.204411 -0.1441034 0.3717451 269.6508 -112.0568 251.8109
2.289799 -0.01544128 0.3968916 269.6508 -115.7438 251.8109
2.289799 0.05853333 0.3199873 269.6508 -118.3698 251.8109
2.289799 0.1832892 0.3348799 269.6508 -120.9347 251.8109
2.289799 0.3278204 0.352458 269.6508 -118.6828 251.8109
2.289799 0.4996954 0.4022627 269.6508 -116.4995 251.8109
2.289799 0.6322638 0.4518232 269.6508 -112.553 251.8109
2.289799 0.9137579 0.3844404 269.6508 -112.6446 251.8109
2.289799 1.386902 0.4916182 269.6508 -102.4003 251.8109
2.289799 2.064881 0.4244795 269.6508 -117.2476 251.8109
2.289799 2.224976 0.47404 269.6508 -113.4308 251.8109
2.289799 2.224976 0.777751 269.6508 -133.9041 251.8109
2.289799 2.224976 1.259929 269.6508 -117.7514 251.8109
2.289799 2.224976 1.215007 269.6508 -85.29344 251.8109
2.289799 2.224976 1.151774 269.6508 -52.1484 251.8109
2.289799 2.224976 1.287272 269.6508 -42.93465 251.8109
2.289799 2.224976 0.8097334 269.6508 1.347786 251.8109
2.289799 2.224976 0.5514326 269.6508 23.72183 251.8109
2.289799 2.224976 0.3387861 269.6508 32.8516 251.8109
2.289799 2.224976 0.3780928 147.3379 11.8516 251.8109
2.289799 2.224976 0.8253584 78.35315 77.34015 251.8109
2.289799 2.224976 0.7516279 80.68903 93.92793 251.8109
2.289799 2.224976 1.181315 117.4906 101.5157 178.5895
2.289799 2.224976 1.544597 161.2463 115.0348 58.40632
2.151188 2.224976 1.502604 185.5592 162.8287 -45.15857
1.875797 2.224976 1.810466 202.5516 187.7982 -151.8303
1.848698 2.224976 1.836345 197.4066 212.5539 -248.4563
1.988102 2.224976 1.270915 61.78062 224.5539 -248.4563
2.289799 2.224976 0.6239424 -82.89876 227.6684 -248.4563
2.289799 2.224976 0.3688154 -117.3033 231.0959 -248.4563
2.289799 2.224976 -0.09114552 -101.1201 231.0959 -248.4563
2.289799 2.224976 -0.2271318 -113.6239 228.531 -248.4563
2.289799 2.224976 -0.2605791 -100.0896 222.5081 -248.4563
2.289799 2.224976 -0.2605791 -106.0667 217.0654 -248.4563
2.289799 2.084412 -0.2605791 -111.9369 208.615 -248.4563
2.289799 1.610291 -0.2605791 -120.1278 207.5463 -248.4563
2.289799 1.397889 -0.2605791 -121.3186 195.0882 -248.4563
2.289799 0.993836 -0.2605791 -120.143 195.7142 -248.4563
2.289799 0.7860723 -0.2605791 -132.6545 202.2562 -248.4563
2.289799 0.4755255 -0.2605791 -141.7766 197.0119 -248.4563
2.289799 0.3729864 -0.2605791 -161.5629 194.6302 -248.4563
2.289799 0.2023322 -0.2605791 -183.0209 202.6608 -248.4563
2.289799 0.05438293 -0.2605791 -191.6316 205.5539 -248.4563
2.289799 -0.08062683 -0.2605791 -200.1965 208.615 -248.4563
2.289799 -0.2393182 -0.2605791 -214.2881 219.5921 -248.4563
2.289799 -0.3963007 -0.2605791 -230.6163 230.1722 -248.4563
2.289799 -0.5210566 -0.2605791 -230.6163 231.0959 -248.4563
2.289799 -1.000793 -0.2605791 -230.6163 231.0959 -248.4563
2.289799 -1.444885 -0.2605791 -230.6163 231.0959 -248.4563
2.289799 -1.774963 -0.2605791 -230.6163 231.0959 -248.4563
2.289799 -1.774963 -0.2605791 -230.6163 231.0959 -248.4563
2.289799 -1.774963 -0.2605791 -230.6163 231.0959 -248.4563
2.289799 -1.774963 -0.2605791 -230.6163 231.0959 -248.4563
2.289799 -1.774963 -0.2605791 -230.6163 231.0959 -248.4563
2.289799 -1.774963 -0.2605791 -230.6163 231.0959 -248.4563
1.285709 -1.774963 -0.2605791 -230.6163 214.2867 -248.4563
0.6878091 -1.774963 -0.2605791 -230.6163 216.7905 -248.4563
0.6367837 -1.774963 -0.2605791 -230.6163 180.7753 -248.4563
0.09430322 -0.6477655 1.147868 66.17757 -198.5301 115.6735
-0.007015139 -0.1824335 1.588054 1.940931 -196.0492 232.1468
0.06329736 0.06048645 1.65031 -33.61632 -196.9652 251.8109
0.03985986 0.1718146 1.81071 -45.09724 -217.0263 251.8109
0.2195474 0.2687384 1.897868 -62.92929 -205.4843 251.8109
0.06061182 0.1749884 2.292888 -40.82243 -220.7438 251.8109
0.7161294 1.102234 2.586345 35.42185 -213.3316 251.8109
0.1509439 1.250184 3.138347 78.002 -259.2095 251.8109
0.708561 1.941346 3.489421 59.80353 -254.1331 251.8109
0.9993325 2.032899 3.738688 28.62795 -141.2858 222.1468
0.7578774 1.977967 3.73936 41.79589 -141.5453 204.7346
0.7173501 2.143739 3.73936 14.9791 -129.4614 190.101
0.883854 2.099305 3.73936 48.87986 -95.95757 164.8338
0.8496743 2.224976 3.73936 44.25391 -70.64458 146.5361
0.8059731 2.224976 3.73936 35.78062 -44.49954 127.5972
0.6563149 2.224976 3.73936 19.28444 -24.62168 108.2384
0.5044595 2.224976 3.73936 2.605053 -3.407939 91.40632
0.2781411 2.143494 3.617839 -16.998 15.45465 75.10861
0.4170571 1.813416 3.33195 -4.379679 41.7142 60.14678
0.1992837 1.875672 3.121013 -20.9751 49.05771 45.44449
0.08844384 1.492615 2.961833 -50.24228 65.31725 43.81853
0.2334634 1.254334 2.578288 -37.66975 91.40886 33.57426
-0.2138022 1.343934 2.341472 -70.1125 93.76764 37.75747
0.04596338 1.108338 2.066813 -111.3415 89.77527 41.70403
-0.2316245 0.9501348 2.218425 -133.3949 80.15695 47.8109
-0.3012046 0.6647345 1.998454 -137.7461 93.11877 51.77273
-0.4489097 0.429627 1.889079 -137.456 104.2867 51.21548
-0.4594077 0.4291388 1.880046 -142.2041 115.2333 61.07044
-0.5316733 0.5070196 1.300944 -154.8759 125.76 72.6506
-0.9447593 0.2474982 1.485515 -140.7156 121.2715 70.42159
-0.5094565 0.1452032 0.666667 -157.3262 96.8974 67.13914
-0.5651206 -0.1353143 0.6617842 -153.3797 85.56915 78.6964
-0.6720542 -0.2080682 0.6966963 -152.2499 78.72183 92.82616
-0.5773276 -0.1968378 0.5511885 -145.2423 74.11115 106.3605
-0.5844077 -0.1675409 0.5675459 -127.5018 60.27145 108.8949
-0.5680503 -0.1858514 0.4391279 -126.0896 52.06534 116.101
-0.5216636 -0.2720331 0.4901533 -106.54 54.00428 116.4598
-0.1774253 -0.4778437 0.1261396 -67.04381 67.98901 112.5285
-0.6242026 -0.3826288 -0.2605791 -41.75373 57.68367 138.7117
-0.6871909 -0.3167108 -0.2605791 -21.8606 8.149313 125.3758
-0.9774741 -0.4548944 -0.2605791 -4.501818 -2.148397 137.5132
-0.9591636 -0.1541132 -0.2305498 -1.051435 -19.85069 150.6888
-0.8446616 -0.1465448 -0.211751 6.238641 -30.58351 155.6353
-0.6886558 -0.02300964 -0.192708 3.895129 -37.1713 165.1086
-0.6542319 0.01019348 -0.2000322 7.605053 -46.44611 172.4445
-0.5136069 0.1415411 -0.2012529 1.429482 -49.61404 178.4445
-0.5150718 0.0722052 -0.2107744 13.20047 -63.98809 182.7498
-0.423519 0.1786505 -0.1590166 10.42948 -73.53771 196.788
-0.3434409 0.2182013 -0.1055498 13.62032 -80.06442 199.1391
-0.3468589 0.2199103 -0.08748341 8.200473 -89.22473 210.2384
-0.2992515 0.2638556 -0.03621387 8.421847 -99.54535 217.2002
-0.2474936 0.2360236 0.06486034 13.42185 -108.8354 223.6353
-0.2240561 0.3046271 0.1415205 16.69666 -115.1637 231.1391
-0.1903647 0.2955939 0.1971846 29.20047 -123.3087 233.0399
-0.1139487 0.2938849 0.2423506 38.55162 -126.8812 239.8643
-0.05193701 0.3463751 0.2840986 53.75772 -134.5682 242.1773
-0.02654639 0.4318243 0.3978682 67.37605 -144.5301 244.0246
0.06061182 0.4992071 0.480876 85.65849 -148.5911 242.5819
0.1343423 0.4535528 0.5665693 107.1241 -153.1484 240.0323
