0.05073535 -0.30148 0.4483964 -11.68359 -4.571786 27.10417
0.05928028 -0.2924468 0.470125 -11.9126 -4.968733 27.71486
0.06636035 -0.2726714 0.4757402 -12.28664 -4.648122 27.84463
0.07246387 -0.2550933 0.4864824 -12.50802 -4.762626 28.1805
0.07734668 -0.242398 0.5035722 -12.22557 -4.167206 27.81409
0.07929981 -0.2284819 0.5126054 -11.92023 -3.953466 27.50875
0.08589161 -0.2194487 0.5148027 -11.0271 -3.419115 26.96676
0.09345997 -0.2113921 0.5253007 -10.17977 -2.915298 26.066
0.08320606 -0.20773 0.5218828 -8.714123 -2.235909 25.18814
0.08686817 -0.200894 0.527498 -7.607252 -1.861863 24.34844
0.08613575 -0.1943023 0.5250566 -6.340076 -1.136672 23.26447
0.08906544 -0.1908843 0.5182207 -5.469848 -0.7626259 22.29501
0.09516895 -0.193814 0.5201738 -4.744657 -0.426748 21.17287
0.08735645 -0.193814 0.5211504 -3.920229 -0.2130077 20.35608
0.09858692 -0.1911284 0.5211504 -3.782825 0.3060763 19.47058
0.08735645 -0.2004058 0.5113847 -3.385878 0.6495879 18.64615
0.08589161 -0.202603 0.5196855 -3.095802 1.016 18.20341
0.0822295 -0.2065093 0.5091875 -2.85916 1.290809 17.49348
0.07905567 -0.2126128 0.5174882 -2.75229 1.703023 17.0202
0.08369434 -0.226773 0.5140703 -2.56145 1.970199 16.70722
0.07099903 -0.2350737 0.5028398 -2.515649 2.023633 16.34844
0.08247364 -0.2482573 0.5045488 -2.225573 2.489283 16.33318
0.0780791 -0.2614409 0.5160234 -2.248474 2.657221 16.57745
0.07734668 -0.2626616 0.5096757 -2.294275 2.954931 16.56218
0.0768584 -0.2690093 0.5191972 -2.111069 3.649588 16.85226
0.07759082 -0.2738921 0.5082109 -1.439313 3.840427 17.20341
0.08149708 -0.2768218 0.5123613 -1.355344 4.191573 17.27211
0.07173145 -0.2756011 0.4955156 -1.34771 4.565619 17.53165
0.07002246 -0.2797515 0.4957597 -1.53855 4.893863 17.83699
0.07099903 -0.2826812 0.4803789 -1.599618 5.176305 18.1576
0.06489551 -0.2880523 0.4725664 -1.889695 5.382412 18.39425
0.05659473 -0.2868316 0.4715898 -1.912596 5.306077 19.07363
0.05928028 -0.289273 0.466707 -1.75229 5.077069 19.49348
0.06172168 -0.2922027 0.4486406 -2.004199 5.099969 20.07363
0.05171192 -0.2873199 0.4518144 -1.523283 4.786993 20.36371
0.06025684 -0.2848784 0.4364336 -1.614886 4.107603 20.61562
0.05293262 -0.2714507 0.4332597 -2.340076 3.878595 21.44005
0.05537403 -0.2687652 0.4393632 -2.897328 3.565619 21.78356
0.05366504 -0.2636382 0.4364336 -3.248473 2.817527 21.9744
0.05024707 -0.2585113 0.4352129 -3.660687 2.489283 22.05837
0.04853809 -0.2504546 0.4383867 -4.0271 2.046535 22.05073
0.05122364 -0.2450835 0.4403398 -4.362977 1.428214 22.44768
0.04853809 -0.2421538 0.447664 -5.05 1.199206 22.03547
0.05732715 -0.2350737 0.4486406 -5.530916 0.9701984 21.76829
0.05952442 -0.2416655 0.4518144 -5.439313 0.5121832 21.80646
0.05073535 -0.2294585 0.4566972 -5.973664 0.3366108 21.60035
0.06050098 -0.2402007 0.4669511 -6.172138 -0.1595726 21.36371
0.05390918 -0.2414214 0.4786699 -6.446947 -0.1519389 21.20341
0.05586231 -0.242398 0.4859941 -6.653054 -0.2359084 20.77592
0.05610645 -0.2460601 0.4862382 -7.0271 -0.3809465 20.79119
0.05195606 -0.2482573 0.5016191 -6.935496 -0.5412519 20.71486
0.05635059 -0.2555816 0.4950273 -7.271374 -0.4725495 20.9744
0.05928028 -0.2587554 0.5072343 -8.004199 -0.6099543 20.82936
0.05146778 -0.2638824 0.5174882 -8.324809 -0.3809465 21.16524
0.05488575 -0.2707183 0.5196855 -8.401145 -0.4572824 21.35608
0.06196582 -0.2704741 0.5216386 -8.523283 -0.3198779 21.41714
0.06025684 -0.2802398 0.5362871 -8.721756 -0.01453424 21.66142
0.06831348 -0.2795074 0.5433671 -7.935496 0.06180143 21.68432
-0.09794628 0.4739106 1.412264 84.07214 94.49691 167.4706
-0.1064912 0.4802583 1.385652 81.52252 99.64958 163.982
-0.1323701 0.5171235 1.375154 77.91183 105.3519 160.6461
-0.1357881 0.5051606 1.319002 78.53015 108.0389 156.6691
-0.1404268 0.5163911 1.289461 74.57596 111.8252 154.1729
-0.1294404 0.5261567 1.286775 73.34695 114.9168 150.3713
-0.1228486 0.5581391 1.265535 66.30115 120.3977 148.9515
-0.1658174 0.5383637 1.244539 64.00344 123.5885 145.3484
-0.1489717 0.585727 1.226961 59.75152 125.703 143.379
-0.1770478 0.5747407 1.212801 54.84313 127.7946 140.6767
-0.1907197 0.5947602 1.213533 54.9271 128.6572 136.8828
-0.1924287 0.5915864 1.196443 55.35458 130.39 133.3637
-0.1868135 0.5962251 1.191805 57.09504 131.7565 129.44
-0.1724092 0.6015962 1.181795 59.07213 133.0847 126.1347
-0.1526338 0.5954926 1.18448 63.04924 134.3519 122.0202
-0.133835 0.6177094 1.170564 68.24771 136.1381 117.6691
-0.1079561 0.6567719 1.151766 71.8126 137.6267 112.44
-0.09306347 0.6804536 1.150301 72.65229 139.4129 106.8981
-0.06352246 0.6877778 1.140779 60.69046 143.8328 105.7072
-0.05570996 0.6594575 1.115877 56.9958 145.7794 100.7454
-0.07182324 0.6120942 1.126131 49.96527 148.3061 99.96676
-0.05253613 0.5854829 1.141512 37.37748 153.1 102.3103
-0.0571748 0.5583833 1.142244 21.05687 157.9397 103.982
-0.04521191 0.4980805 1.125887 5.011069 161.4511 107.4248
0.00215137 0.4516938 1.095125 -12.40878 165.932 112.379
-0.04179394 0.2405122 1.049715 -3.660687 163.5885 114.15
0.05000293 0.3967622 1.089021 0.6828241 166.8328 114.0813
0.02949512 0.3188813 1.099275 -0.6454201 169.0236 116.1958
0.04194629 0.3598969 1.081697 2.079771 172.4511 115.6003
0.04170215 0.387729 1.055574 -1.56145 174.016 118.7149
0.05073535 0.3801606 1.033113 8.980536 175.3137 114.2568
0.02583301 0.431186 0.9916094 0.8736644 177.3977 116.8752
-0.02177441 0.3638032 0.9879473 15.11031 177.9397 113.3713
-0.03520215 0.4282563 0.9918535 24.42328 178.7488 110.3942
-0.05107129 0.4844087 0.9786699 33.45382 181.1076 105.9668
-0.05180371 0.5220063 0.9498613 34.21717 183.5122 104.5546
-0.0234834 0.5449555 0.8917559 32.35458 184.8328 104.0889
0.002395511 0.5571626 0.841707 31.80496 185.9778 102.5087
0.03022754 0.5598481 0.8111895 34.52252 186.6801 99.2263
0.02729785 0.5698579 0.7889726 38.24007 187.3213 95.42477
0.02607715 0.5784028 0.7545488 42.78969 187.6038 91.53165
0.02705371 0.5864594 0.7235429 48.14847 187.5045 86.98966
0.01411426 0.5886567 0.6876543 54.60649 186.8557 81.8828
0.01582325 0.6011079 0.6586015 62.51488 186.619 76.44768
0.01899707 0.6157563 0.6376054 69.22481 186.0542 70.57745
0.02656543 0.6262544 0.5878007 74.50726 185.5122 65.21867
0.02363575 0.6472505 0.5599687 77.35458 184.2526 60.24921
0.02119434 0.6628755 0.5177324 78.33168 182.871 56.0431
0.006790042 0.6716645 0.482332 78.37748 180.4282 52.0202
-0.003463864 0.6667817 0.4488847 78.98054 177.558 48.07363
-0.01615918 0.6616548 0.4357011 78.8584 173.8557 44.2263
-0.01957715 0.6557954 0.4264238 79.42329 169.2755 40.93623
-0.01371777 0.6369966 0.4359453 79.34695 165.0007 37.80646
0.001907229 0.6338227 0.4569414 80.71336 160.2603 34.2263
0.01460254 0.6218598 0.4862382 82.10268 156.5045 31.1118
0.03047168 0.6199067 0.5306718 84.51488 153.2755 27.24921
0.05073535 0.6052583 0.5909746 87.91946 150.9015 23.1347
0.074417 0.5847505 0.6395586 93.27824 149.5656 18.80646
0.1117705 0.568393 0.6964433 98.62176 149.0084 14.05837
0.1281279 0.5535005 0.7193925 105.3011 150.0313 8.997297
0.1679229 0.5344575 0.7364824 112.3164 151.3519 3.814091
0.2055205 0.5359223 0.7313554 119.637 153.9168 -1.170641
0.2196807 0.5376313 0.7169511 127.6905 158.4129 -7.704992
0.2147979 0.5537446 0.6581132 132.9271 160.5961 -12.71263
0.1938018 0.5806001 0.6131914 132.6217 164.2755 -16.89583
0.1762236 0.5893891 0.5516679 129.6599 166.3977 -20.26988
0.1615752 0.6155122 0.4820879 124.9424 171.5809 -24.40728
0.1791533 0.590854 0.3946855 117.6294 170.4206 -26.15537
0.1544951 0.5625337 0.3768632 109.9118 174.7259 -29.65156
0.1415557 0.5451997 0.261873 95.33168 172.8023 -27.79659
0.1444854 0.4907563 0.2237871 89.12557 169.8557 -29.07141
0.1325225 0.4707368 0.2062089 78.91946 168.3213 -28.7508
0.1281279 0.4389985 0.1930254 74.70573 165.4816 -30.40728
0.1347197 0.4162934 0.1793535 69.49962 162.161 -30.82713
0.1400908 0.3838227 0.1835039 66.95 158.6343 -31.64392
0.1549834 0.3569673 0.1925371 65.24771 155.2984 -32.45309
0.1730498 0.3515962 0.2096269 64.28588 151.5809 -34.06377
0.1881865 0.326938 0.2203691 65.6981 147.7641 -36.18591
0.1891631 0.3149751 0.2430742 66.86604 144.5198 -38.74316
0.1964873 0.3030122 0.2814043 69.17138 141.0465 -41.24698
0.2191924 0.2849458 0.3192461 71.82787 138.7794 -43.7737
0.2233428 0.2705415 0.3492754 73.56832 136.6572 -45.72026
0.2367705 0.2637055 0.3749101 74.70573 135.2526 -47.83476
0.2484893 0.2502778 0.4122636 76.04924 134.2068 -49.55232
0.2753447 0.231479 0.4444902 77.95 134.0923 -51.38438
0.2895049 0.2063325 0.4628007 80.25535 134.2755 -53.47599
0.3000029 0.1960786 0.466707 82.01871 134.329 -55.33858
0.3092803 0.1924165 0.482332 83.55305 134.5656 -57.44545
0.3273467 0.1733735 0.4906328 84.27061 134.9473 -59.01797
0.3488311 0.1633638 0.4984453 84.82787 135.619 -60.68209
0.3664092 0.1492036 0.5045488 85.24771 136.7412 -62.32332
0.3837432 0.1384614 0.4999101 86.38512 137.5961 -63.85003
