1.145329 2.224976 0.7267256 -29.35678 -73.68275 -88.47918
1.234928 2.224976 0.8277998 -53.28045 -70.34687 -136.2273
1.359684 2.224976 0.9222822 -74.84532 -65.29343 -181.5937
1.502995 2.224976 1.003093 -102.8148 -56.38504 -224.8303
1.597965 2.224976 1.003337 -93.83006 -44.03389 -248.4563
1.71027 2.224976 0.84196 -106.311 -38.20947 -248.4563
1.824528 2.224976 0.7306318 -119.0591 -34.82015 -248.4563
1.93195 2.224976 0.6800947 -131.3873 -31.34687 -248.4563
1.987614 2.224976 0.675456 -139.2499 -25.39267 -248.4563
2.060123 2.224976 0.6466475 -151.7232 -18.39267 -248.4563
2.060368 2.149598 0.6515303 -158.1507 -13.40031 -248.4563
2.17194 1.984559 0.6044111 -166.8911 -5.934657 -248.4563
2.168766 1.871033 0.6307783 -179.082 -0.2552681 -248.4563
2.245426 1.672059 0.5880537 -188.9751 8.14168 -248.4563
2.289799 1.562684 0.5753584 -197.8911 15.59969 -248.4563
2.289799 1.480652 0.5370283 -209.3491 22.40886 -248.4563
2.289799 1.385193 0.5079756 -220.2652 30.51572 -248.4563
2.289799 1.300721 0.4818525 -229.1812 38.33252 -248.4563
2.289799 1.256287 0.4274092 -230.6163 47.27145 -248.4563
2.289799 1.134217 0.3881025 -230.6163 55.97374 -248.4563
2.289799 1.037537 0.326335 -230.6163 64.14168 -248.4563
2.289799 0.966004 0.3028975 -230.6163 73.06534 -248.4563
2.289799 0.9393927 0.3751631 -230.6163 89.56915 -248.4563
2.289799 0.7326056 0.1891279 -230.6163 103.3172 -248.4563
2.289799 0.6591192 0.1236982 -230.6163 117.8058 -248.4563
2.289799 0.4337774 0.02799511 -230.6163 133.76 -248.4563
2.289799 0.2047736 -0.2471514 -230.6163 138.4241 -248.4563
0.8740884 -0.4517206 1.107097 269.6508 -80.47664 251.8109
0.8728677 0.08075012 0.2652998 269.6508 24.30962 251.8109
0.8862954 0.1415411 0.1473799 269.6508 27.44702 251.8109
0.887272 0.1947638 0.01432323 269.6508 28.50046 251.8109
0.9026528 0.4142462 -0.1414385 269.6508 28.14168 251.8109
0.880436 0.483338 -0.2356768 269.6508 21.04244 251.8109
0.9668618 0.5443731 -0.2605791 269.6508 15.24855 251.8109
0.9155923 0.5773321 -0.2605791 269.6508 11.79817 251.8109
0.9170571 0.6820684 -0.2605791 269.6508 5.111145 251.8109
1.026432 0.7291876 -0.2605791 269.6508 -0.6293125 251.8109
0.9990884 0.8388067 -0.2605791 269.6508 -11.2858 251.8109
1.103336 0.8656622 -0.2605791 264.5287 -21.48428 251.8109
1.103336 0.9559942 -0.2605791 260.9104 -22.46137 251.8109
1.05109 1.289979 -0.2605791 234.5898 -53.17893 251.8109
1.28278 1.225525 -0.2605791 245.5516 -54.53771 251.8109
1.415592 1.345887 -0.2605791 230.5974 -66.15604 251.8109
1.565006 1.412049 -0.2605791 234.4295 -72.14076 251.8109
1.654362 1.571961 -0.2605791 222.3455 -80.86595 251.8109
1.758366 1.579285 -0.15804 219.3608 -84.32397 251.8109
1.79987 1.761902 0.04386425 220.2844 -108.1637 251.8109
1.781315 2.012879 0.08756542 196.1623 -103.7744 251.8109
2.038151 2.224976 0.04264355 174.4066 -89.78961 251.8109
2.01862 2.224976 0.2799482 168.2616 -97.51482 251.8109
1.999821 2.224976 0.5177412 177.3226 -86.68275 251.8109
1.781315 2.224976 0.6027021 163.2692 -70.1255 251.8109
1.747868 2.224976 0.63029 157.2463 -59.53771 251.8109
1.662907 2.224976 0.7081709 139.4524 -51.83542 251.8109
1.55695 2.224976 0.6920576 119.8417 -39.01099 251.8109
1.493717 2.224976 0.6764326 101.9791 -35.78198 251.8109
1.348942 2.224976 0.56071 70.78062 -32.07206 251.8109
1.244694 2.224976 0.557292 55.77299 -16.54534 202.1544
1.233708 2.224976 0.5655928 56.002 -13.1255 160.8796
1.097477 2.224976 0.5272627 48.16231 -6.461374 121.8109
0.9881021 2.224976 0.4047041 37.94093 -3.598779 81.92541
0.9043618 2.224976 0.3617353 26.75009 -7.759085 40.34525
0.8858071 2.224976 0.3622236 13.33024 -8.301069 -2.135664
0.8377114 2.224976 0.3724775 -7.921665 -10.90412 -43.33414
0.8123208 2.224976 0.3824873 -26.95983 -12.94992 -84.32651
0.8631021 2.224976 0.4176435 -45.76136 -16.16366 -125.7692
0.9512368 2.224976 0.44279 -63.87587 -19.09496 -167.5708
1.060612 2.224976 0.4737959 -58.98273 -18.25527 -208.9677
1.16193 2.224976 0.3971357 -65.68503 -22.2171 -245.3494
1.243473 2.224976 0.350749 -70.56288 -26.78962 -248.4563
1.288639 2.224976 0.3568525 -76.93694 -32.11786 -248.4563
1.330143 2.224976 0.395915 -80.47128 -35.39267 -248.4563
1.360905 2.224976 0.3922529 -86.39494 -39.47664 -248.4563
1.403385 2.224976 0.4056807 -95.47891 -43.47664 -248.4563
1.461979 2.224976 0.4208174 -105.5629 -46.43084 -248.4563
1.505436 2.071961 0.4667158 -114.0056 -49.39267 -248.4563
1.584049 1.943299 0.5353193 -124.3491 -47.1484 -248.4563
1.63068 1.831971 0.6009932 -137.0209 -46.17893 -248.4563
1.690739 1.746766 0.6178389 -153.4789 -42.97282 -248.4563
1.792545 1.609803 0.6236982 -170.6621 -39.11023 -248.4563
1.918034 1.496522 0.6244307 -184.9675 -33.84306 -248.4563
2.028873 1.34369 0.6698408 -198.7461 -25.58351 -248.4563
2.140202 1.136902 0.5743818 -212.9675 -16.1255 -248.4563
2.263493 1.066102 0.4816084 -226.5629 -13.37741 -248.4563
2.289799 0.9567266 0.4640303 -230.6163 6.553892 -248.4563
2.289799 0.8485723 0.4623213 -230.6163 13.36305 -248.4563
2.289799 0.811463 0.3080244 -230.6163 38.59206 -248.4563
2.289799 0.6815802 0.1273603 -230.6163 36.11878 -248.4563
2.289799 0.3671271 -0.1546221 -230.6163 45.14931 -248.4563
2.289799 0.1469122 -0.2605791 -230.6163 52.24092 -248.4563
2.289799 -0.3242792 -0.2605791 -230.6163 82.85161 -248.4563
2.289799 -0.349914 -0.2605791 -230.6163 57.53099 -248.4563
2.289799 -0.6135859 -0.2605791 -230.6163 71.76764 -248.4563
2.289799 -0.9797968 -0.2605791 -230.6163 81.67603 -248.4563
2.289799 -1.344299 -0.2605791 -230.6163 80.40121 -248.4563
2.289799 -1.587463 -0.2605791 -230.6163 70.5997 -248.4563
2.289799 -1.774963 -0.2605791 -230.6163 77.28671 -248.4563
2.289799 -1.774963 -0.2605791 -230.6163 70.05771 -248.4563
2.289799 -1.774963 -0.2605791 -230.6163 68.35542 -248.4563
1.808903 -1.774963 -0.2605791 -230.6163 63.23328 -248.4563
1.747624 -1.774963 -0.2605791 -230.6163 103.9966 -248.4563
1.893864 -1.774963 -0.2605791 -230.6163 112.218 -248.4563
1.024967 -1.774963 -0.2605791 -230.6163 101.6608 -248.4563
0.6944009 -1.774963 -0.2605791 -230.6163 62.8745 -248.4563
0.5681802 -1.774963 -0.2605791 -161.7614 -21.09496 -248.0441
0.3726235 -1.774963 -0.2605791 -3.837694 -62.24763 -191.0441
-0.09441749 -1.774963 -0.2605791 59.70429 -114.1484 -125.1204
-0.6454429 -1.774963 -0.2605791 135.7806 -143.3698 -66.1433
-0.8859214 -1.774963 -0.2605791 112.9944 -165.1102 -16.25017
-1.016048 -1.774963 -0.2605791 116.8188 -179.9576 24.00937
-0.6669272 -1.774963 -0.2605791 103.8799 -192.8049 57.6735
-0.411312 -1.774963 0.0934248 100.2921 -199.3621 77.82616
-0.1915854 -1.774963 0.5397139 100.086 -201.2095 97.75746
0.07818994 -1.774963 0.9086103 106.0402 -187.324 120.7956
0.2859536 -1.774963 1.046794 117.0096 -174.6446 142.5208
0.3628579 -1.774963 1.198894 113.7119 -164.2324 167.2613
0.4536782 -1.774963 1.285563 117.6356 -156.0263 187.5972
0.9041177 0.9606329 0.2931318 269.6508 -51.16367 251.8109
1.533268 2.224976 0.4088545 185.2234 -106.5988 251.8109
1.561344 2.224976 0.4178877 174.4295 -100.6446 251.8109
1.573795 2.224976 0.5790205 171.8646 -94.98045 251.8109
1.528629 2.224976 0.6261396 164.1776 -84.53008 251.8109
1.38654 2.224976 0.6634932 164.7043 -77.77435 243.3682
1.353581 2.224976 0.6244307 161.6203 -73.08733 227.2613
1.294254 2.224976 0.6312666 142.0173 -68.77435 215.8033
1.265446 2.224976 0.6261396 123.8112 -64.64458 199.4521
1.232487 2.224976 0.651042 113.1318 -60.83542 183.2613
1.121891 2.224976 0.670085 101.7806 -63.25527 183.3834
1.046208 2.224976 0.5953779 84.46002 -57.98046 148.1697
1.080387 2.224976 0.6200361 65.87987 -50.78198 119.0857
0.9556314 2.224976 0.5233564 50.002 -43.72092 30.46739
0.974186 2.224976 0.4725752 39.75772 -44.53771 2.246015
1.026676 2.224976 0.4545088 22.57452 -46.06443 -28.212
1.019596 2.224976 0.5165205 15.05544 -46.02626 -65.11276
1.031559 2.224976 0.5182295 2.925665 -44.69801 -99.69292
1.057682 2.224976 0.539958 -10.34915 -45.36977 -138.1509
1.041325 2.224976 0.602458 -27.38731 -46.0797 -174.0288
1.111637 2.224976 0.6144209 -52.85296 -44.72092 -209.441
1.273991 2.224976 0.6446943 -85.96747 -42.69038 -242.7463
1.472233 2.224976 0.746501 -114.9598 -40.51481 -248.4563
1.651676 2.224976 0.8822432 -123.7461 -31.3316 -248.4563
1.836002 2.224976 0.8595381 -132.9293 -16.65985 -248.4563
1.935124 2.224976 0.744792 -152.5934 -12.24 -248.4563
2.070377 2.224976 0.7120771 -172.9598 -3.308702 -248.4563
2.18903 2.224976 0.713542 -189.1812 5.866869 -248.4563
2.253239 2.224976 0.7184248 -203.8148 17.11115 -248.4563
2.289799 2.099061 0.6766768 -221.7308 30.10351 -248.4563
2.289799 1.911561 0.6332197 -230.6163 37.8974 -248.4563
2.289799 1.767274 0.6183271 -230.6163 54.03481 -248.4563
2.289799 1.684754 0.5895185 -230.6163 66.49283 -248.4563
