1.201684 -0.02619776 1.914179 33.44027 246.0243 -91.43349
1.310326 0.06559911 1.790644 33.34104 246.0243 -88.6396
1.300561 0.07853857 1.733271 28.2418 246.0243 -84.60143
1.333764 0.08464209 1.737177 19.50134 246.0243 -88.73884
1.287621 0.03996435 1.700067 30.76089 246.0243 -101.9602
1.386742 0.1581284 1.595087 30.42501 246.0243 -114.0594
1.353539 0.1671616 1.588983 33.77615 246.0243 -131.0671
1.519066 0.1962143 1.361444 44.71508 246.0243 -136.777
1.551293 0.2142807 1.275263 47.52425 246.0243 -151.6625
1.862328 0.3885972 1.218134 56.68455 246.0243 -140.3724
1.744652 0.3700425 1.201776 48.89829 246.0243 -113.3419
1.727074 0.2704331 1.026728 44.53951 246.0243 -137.2274
1.797875 0.313646 1.004511 50.98989 246.0243 -158.9602
1.904809 0.3627182 0.9854678 37.93646 246.0243 -154.0289
1.896508 0.2001206 0.8655948 37.48608 246.0243 -162.9297
1.896264 0.2050034 0.8389834 33.84486 246.0243 -174.4411
1.959252 0.1788804 0.7396182 26.57768 246.0243 -174.7007
1.966576 0.1095444 0.6961612 21.02043 246.0243 -179.7541
2.056908 0.06291357 0.544794 16.88302 246.0243 -184.4869
1.989525 -0.01692042 0.5377139 29.98989 246.0243 -187.8533
1.459496 -0.1521743 0.4737491 35.08913 246.0243 -172.319
1.64016 -0.3262466 0.1658877 14.46318 246.0243 -195.6472
1.58474 -0.5325455 -0.06165135 18.32577 246.0243 -192.9678
1.688744 -0.4412368 -0.06165135 -1.590259 246.0243 -204.8075
1.526391 -0.4248794 -0.06165135 -21.64369 246.0243 -186.4411
1.57766 -0.5725845 -0.06165135 -30.98721 246.0243 -153.8915
1.495873 -0.7180923 -0.06165135 -43.29255 246.0243 -164.7388
1.324242 -0.712233 -0.06165135 -51.26202 246.0243 -154.0824
1.230248 -0.7564224 -0.06165135 -50.13988 246.0243 -122.1434
1.063744 -0.771315 -0.06165135 -54.67423 246.0243 -108.7388
1.188744 -0.9094986 -0.06165135 -54.29255 246.0243 -123.0365
0.9934317 -0.828688 -0.06165135 -48.16278 246.0243 -133.6778
0.8906485 -0.8567642 -0.06165135 -43.18568 246.0243 -110.8228
0.830834 -0.7569107 -0.06165135 -42.9185 246.0243 -118.9678
0.7776113 -0.7300552 -0.06165135 -46.59789 246.0243 -110.235
0.7578359 -0.8023209 -0.06165135 -47.62079 246.0243 -106.1969
0.6970449 -0.8440689 -0.06165135 -49.10934 241.8258 -101.2961
0.6472402 -0.9087662 -0.06165135 -49.57499 226.6426 -95.88387
0.6008535 -0.9737076 -0.06165135 -51.05591 212.4288 -89.5022
0.4804922 -1.019118 -0.06165135 -51.33072 197.6502 -82.01365
0.4426504 -1.032301 -0.06165135 -52.22385 183.2227 -74.25029
0.3686758 -1.06404 -0.06165135 -54.36125 168.1159 -67.41059
0.3032461 -1.100172 -0.06165135 -56.93377 150.9098 -58.04418
0.2392812 -1.108717 -0.06165135 -58.99484 134.3602 -48.96785
0.1855703 -1.143385 -0.06165135 -59.72766 116.2533 -38.45639
0.1631094 -1.061354 -0.06165135 -64.08644 101.2227 -25.70831
0.08718164 -1.140456 -0.06165135 -64.61316 81.28381 -16.25029
0.03176172 -1.213454 -0.06165135 -49.97194 64.55862 -9.387695
0.01149805 -1.11946 -0.06165135 -38.35362 42.38305 -11.49457
-0.07566016 -1.052809 -0.06165135 -34.804 15.7571 -3.967847
0.05934961 -0.9209732 -0.06165135 -29.72003 -2.319237 -9.746473
0.08107813 -0.6631607 -0.06165135 -40.53682 -17.16656 -3.013649
1.809594 0.1188218 0.3441104 -23.65133 246.0243 -248.5709
1.815697 0.07731786 0.3341006 -22.97957 246.0243 -248.5709
1.762963 0.1034409 0.3187197 -26.8727 246.0243 -248.5709
1.858178 0.03630224 0.1605166 -29.35362 246.0243 -248.5709
1.84182 -0.01545557 0.1580752 -33.41468 246.0243 -248.5709
1.803979 -0.09748682 0.2264346 -42.17804 246.0243 -248.5709
1.811791 -0.1599868 0.2364444 -53.37652 246.0243 -248.5709
1.8489 -0.2410415 0.1458682 -69.45285 246.0243 -248.5709
1.826195 -0.3767837 0.1192569 -78.68186 246.0243 -248.5709
1.807152 -0.5269302 0.06286037 -86.76583 246.0243 -248.5709
1.827172 -0.674147 -0.005010724 -100.0177 246.0243 -248.5709
1.71267 -0.807692 0.1082705 -115.575 246.0243 -248.5709
1.596215 -0.8543228 0.1292666 -143.2773 246.0243 -248.5709
1.562768 -0.8643326 -0.0001279116 -207.0483 246.0243 -248.5709
1.53933 -1.244704 -0.06165135 -248.5139 246.0243 -243.464
1.522729 -1.426833 -0.06165135 -248.5139 246.0243 -248.5709
1.374535 -1.668776 -0.06165135 -248.5139 246.0243 -226.1816
1.283471 -1.836256 -0.06165135 -248.5139 246.0243 -182.6167
1.097436 -1.836256 -0.06165135 -248.5139 246.0243 -179.6472
0.9336172 -1.836256 -0.06165135 -248.5139 246.0243 -141.7617
0.7151113 -1.836256 -0.06165135 -207.9796 246.0243 -96.92968
0.5237051 -1.836256 -0.06165135 -84.33835 246.0243 -131.4335
0.4416738 -1.836256 -0.06165135 -110.3231 246.0243 -90.80754
0.4406972 -1.836256 -0.06165135 -119.4681 240.5357 -75.56326
0.08840235 -1.836256 -0.06165135 -94.20858 207.5281 -60.30372
-0.3224864 -1.836256 -0.06165135 -49.04064 91.32198 -37.70831
-0.3517832 -1.836256 -0.06165135 -41.78873 53.60443 -15.21212
-0.3898692 -1.836256 -0.06165135 -41.95667 28.39069 -7.723572
-0.3385996 -1.765456 -0.06165135 -40.46812 -10.27344 10.73444
-0.1537852 -1.67903 -0.06165135 -35.00247 -38.88412 19.73444
0.02834375 -1.596999 -0.06165135 -28.16278 -63.57114 28.74971
0.2619863 -1.509596 -0.06165135 -23.94904 -78.57878 34.12376
0.4201894 -1.430983 -0.06165135 -12.81163 -96.31924 38.03215
0.603539 -1.22151 -0.06165135 -9.796367 -106.8002 48.70391
0.7539297 -1.124098 -0.06165135 -6.971939 -115.7467 58.73444
0.8825918 -1.10237 -0.06165135 1.989893 -116.7162 67.14666
0.952416 -0.9527115 0.1439151 9.654016 -118.0063 65.36803
0.9966055 -0.6900162 0.3841494 5.348672 -129.2429 73.51307
1.090356 -0.5894302 0.5154971 -6.559726 -134.7238 76.80315
1.184594 -0.4805435 0.5931338 -10.68186 -134.9605 86.78024
1.181176 -0.4717544 0.7447452 -9.185679 -136.0215 87.71154
1.220971 -0.3753189 0.8016299 -6.979572 -135.9834 85.84895
1.23684 -0.3067153 0.8897647 -0.4681221 -134.5177 85.03979
1.27102 -0.2432388 0.9454288 7.562412 -129.3727 83.3146
1.25515 -0.1990493 0.982294 16.55478 -134.7238 92.05505
1.275902 0.01139989 1.147089 8.020428 -132.5788 88.452
1.302758 0.03556982 1.188349 2.318137 -134.1437 93.5436
1.339379 -0.02424464 1.190058 2.760885 -125.0902 88.37566
1.273217 0.1503159 1.368036 0.3792061 -117.9147 74.48254
1.249047 0.1927964 1.434198 -12.62843 -118.0826 81.92529
1.226586 0.1779038 1.447382 -24.09408 -112.5864 81.16956
1.285424 0.03996435 1.350214 -25.42232 -104.8612 78.60468
1.261986 0.1061265 1.397089 -30.47575 -97.27344 67.13902
1.218041 0.06535497 1.405146 -36.94904 -96.75436 73.2459
1.22683 0.0516831 1.422968 -44.96431 -93.86886 75.78788
1.208275 -0.07893214 1.367792 -49.65896 -88.0597 68.08559
1.218773 -0.1409439 1.342401 -48.54446 -81.36504 65.64284
1.120629 -0.1768325 1.336054 -45.40705 -81.2887 62.08559
1.150902 -0.2849868 1.29748 -44.46812 -79.00626 62.74208
1.104272 -0.4304946 1.276728 -47.05591 -74.58642 67.32986
1.134057 -0.5689224 1.191034 -49.04827 -75.52534 76.49017
1.125268 -0.6123795 1.164911 -48.74293 -68.2429 75.36803
1.113793 -0.5918716 1.124872 -49.15514 -65.98336 82.44437
1.105981 -0.6782974 1.010614 -50.45285 -67.25053 85.84895
1.108666 -0.6992935 0.9757022 -49.86507 -64.47191 87.46727
1.068627 -0.6997818 0.938837 -49.16278 -64.45664 90.5436
1.02517 -0.7359146 0.8978213 -48.28492 -63.97572 94.68101
0.9709707 -0.785231 0.8414248 -48.86507 -63.88412 98.65047
0.9026114 -0.8601822 0.7371768 -48.57499 -65.86122 103.223
0.8545156 -0.9221939 0.6627139 -51.33835 -67.88412 106.6581
0.8108145 -0.9339127 0.6068057 -64.27728 -72.84595 117.139
0.7917715 -1.04817 0.4969424 -73.05591 -77.55588 125.994
0.780541 -1.155836 0.3780459 -76.46049 -80.83833 134.0398
0.7495351 -1.236159 0.3319033 -78.04064 -88.27344 142.6734
0.6899648 -1.277418 0.293085 -78.65896 -91.92229 146.4749
0.6931386 -1.342848 0.232294 -75.35361 -97.67039 153.0932
0.6582265 -1.356764 0.2112979 -76.01011 -104.6475 162.3222
0.6689687 -1.393141 0.2127627 -82.98721 -111.1971 173.7879
0.6264883 -1.4532 0.1487979 -89.16278 -120.304 188.2383
0.6740957 -1.45442 0.06823146 -91.84217 -126.9605 195.0856
0.603539 -1.455641 0.08410061 -96.97957 -136.4948 206.2841
0.6360097 -1.503737 0.04992092 -96.804 -148.0521 215.0474
0.6491933 -1.462233 0.08287991 -100.0101 -157.8078 221.7726
0.6826406 -1.56111 0.06163967 -92.804 -165.1513 230.6734
0.653832 -1.42903 0.1800479 -88.48339 -172.0902 230.7497
0.7688222 -1.330641 0.2342471 -91.28491 -180.1666 243.6428
0.7546621 -1.388502 0.2459658 -93.27728 -190.7086 251.6963
0.8281485 -1.399489 0.3458194 -87.8498 -196.365 251.6963
0.8816153 -1.353835 0.4378604 -85.16278 -202.0139 251.6963
0.7588125 -0.4492935 1.087519 -35.13988 -65.14366 39.54361
0.9931875 -0.9019302 1.560419 -61.33072 -23.1055 82.67338
0.9856192 -1.011305 1.388544 -64.28491 -15.18183 95.48254
0.9321524 -1.102614 1.271112 -70.51392 -12.81542 105.0856
0.9157949 -1.150954 1.126581 -78.79636 -10.1971 113.4596
0.8740469 -1.15486 0.9830264 -92.69713 -11.67038 127.994
0.8037344 -1.282057 0.8004092 -101.7658 -14.22 141.5131
0.7702871 -1.334547 0.6722354 -106.8345 -16.57114 147.5207
0.7011953 -1.458083 0.5357608 -109.5368 -23.86885 161.7192
