0.8732451 -0.05270069 0.702791 17.87366 24.05417 5.814092
0.8644561 -0.05196826 0.6927812 17.54542 24.35951 5.371344
0.8593291 -0.05270069 0.6930254 17.8355 24.78699 5.356076
0.8598174 -0.04293506 0.697664 18.40802 24.88623 4.775923
0.8644561 -0.03390186 0.6937578 19.27061 25.16104 4.226305
0.8644561 -0.02047412 0.6966875 20.26298 25.29081 3.424778
0.8727569 -0.01876514 0.6925371 20.07977 25.29081 3.165237
0.8798369 0.002963379 0.6896074 18.53015 25.9931 2.951496
0.8742217 0.03323682 0.6940019 16.18664 26.42821 1.585085
0.8720244 0.03934033 0.6932695 13.42328 26.78699 0.7606564
0.8732451 0.04104932 0.7057207 12.48435 27.00837 -0.5599537
0.8690948 0.0481294 0.7005937 12.54542 27.79463 -2.269878
0.8710479 0.04129346 0.695955 12.42328 28.42821 -4.040871
0.8705596 0.04129346 0.7005937 13.18664 28.44348 -5.659191
0.8666533 0.03982861 0.6918046 13.56832 28.84806 -7.300413
0.8644561 0.03592236 0.6927812 14.30878 28.78699 -9.033237
0.8610381 0.03982861 0.6839921 15.33931 28.73356 -10.79659
0.8683623 0.03226025 0.6903398 16.39275 28.8786 -12.78896
0.873001 0.03518994 0.6874101 18.34695 28.58088 -18.03324
0.8705596 0.03006299 0.6822832 19.85076 28.09233 -20.15537
0.8727569 0.02249463 0.6671464 22.24008 27.43585 -22.01797
0.8742217 0.01834424 0.6669023 24.87366 27.016 -24.03324
0.8683623 0.005404785 0.6612871 27.44618 26.29081 -26.21644
0.8710479 0.004672363 0.6483476 28.85076 26.42821 -28.0027
0.8595733 -0.01363818 0.654207 31.34695 24.68776 -29.80423
0.8634795 -0.03097217 0.6459062 33.85076 23.12287 -31.58285
0.8561553 -0.04537646 0.6466386 37.07214 22.21447 -33.14774
0.8471221 -0.06124561 0.6534746 41.52252 19.74119 -35.05614
0.8395537 -0.08785694 0.6688554 47.0874 17.9702 -36.934
0.8319854 -0.1083647 0.6878984 53.17137 15.9931 -38.61339
0.8334502 -0.1215483 0.7076738 60.13321 14.75646 -40.54469
0.8344268 -0.1376616 0.7218339 67.48435 13.20684 -42.39965
0.8483428 -0.146939 0.7540605 72.54543 11.9244 -43.14011
0.8827666 -0.140103 0.7711504 75.22481 11.78699 -43.58286
0.8944854 -0.1335112 0.7848222 74.27061 11.88623 -43.13248
0.9010772 -0.1266753 0.8021563 70.17901 12.05417 -42.48362
0.8983916 -0.1308257 0.8146074 66.73626 12.67249 -41.39965
0.9140166 -0.133023 0.8229082 63.62939 13.51982 -40.66682
0.9169463 -0.1427886 0.8177813 60.96527 14.50455 -39.36148
0.8283233 -0.1381499 0.8421953 56.55305 15.00073 -38.16301
0.9279326 -0.1620757 0.9122637 49.80496 15.78699 -35.40728
0.9572295 -0.1318022 0.8983477 45.9958 24.73356 -35.32331
0.9801787 -0.1056792 0.8087481 40.43092 24.96256 -33.74316
0.9716338 -0.1215483 0.796541 36.24771 23.68012 -32.59812
0.9838408 -0.08858936 0.8036211 32.12557 26.016 -32.51415
0.9689483 -0.07564991 0.7777421 27.8813 28.49692 -32.8424
0.9398955 -0.06246631 0.7296464 22.37748 28.48165 -32.67446
0.9276885 -0.05489795 0.7262285 16.84313 28.49692 -32.46072
0.9218291 -0.06271045 0.7152421 13.71336 29.38241 -33.46072
0.9084014 -0.05953662 0.695955 10.94237 29.9473 -34.57522
0.9091338 -0.07564991 0.6783769 9.240076 29.68012 -36.18591
0.9154815 -0.07369678 0.6708086 8.026337 29.38241 -37.72789
0.9167022 -0.08810108 0.6571367 6.957633 29.30608 -39.26225
0.916458 -0.1176421 0.6378496 7.369847 28.45875 -40.88056
0.9159698 -0.1398589 0.6236894 7.507252 27.29844 -42.23934
0.9142608 -0.1527983 0.6275957 7.140839 26.32898 -43.34621
0.9101104 -0.1708647 0.6163652 7.43855 25.09997 -44.42255
0.9022979 -0.1803862 0.6288164 5.087405 23.55798 -45.65919
0.9015655 -0.2084624 0.6461504 1.148473 22.98547 -45.82713
0.8996123 -0.2536284 0.6434648 1.041603 22.43585 -45.9111
0.9035186 -0.2756011 0.6405351 2.789694 21.40531 -46.24698
0.9188994 -0.303189 0.6503007 5.240077 21.65722 -47.50652
0.904251 -0.3227202 0.6568925 7.804962 20.45111 -47.48362
0.8859405 -0.3525054 0.650789 7.782061 19.72592 -46.72026
0.8881377 -0.3603179 0.6510332 9.056871 18.76409 -46.14774
0.886917 -0.3747222 0.6539629 10.43855 18.13814 -45.71263
0.8546905 -0.009487793 0.6339433 -34.89733 -12.65576 41.56982
0.8422393 0.03836377 0.6793535 -34.64542 -14.43438 39.81409
0.8754424 -0.01363818 0.68033 -36.61489 -13.40385 39.00493
0.8996123 -0.01730029 0.6251543 -33.35534 -15.94583 38.17287
0.9086455 -0.0353667 0.624666 -29.88969 -18.14431 36.91333
0.9137725 -0.03731982 0.6344316 -26.17977 -19.54125 35.56218
0.9132842 -0.04586474 0.6449296 -23.05763 -21.50308 34.45531
0.8881377 -0.0263335 0.6586015 -23.63779 -23.03744 33.88279
0.9240264 -0.02731006 0.6864336 -24.56908 -22.92293 33.1118
0.9391631 -0.06075733 0.6874101 -24.34771 -23.64812 32.81409
0.9657744 -0.06515186 0.6617754 -20.69122 -25.80079 32.14233
0.9772491 -0.08956593 0.6673906 -17.81336 -27.09087 31.53165
0.9831084 -0.08688038 0.6747148 -13.52328 -29.44965 31.21867
0.9811553 -0.07247608 0.6878984 -9.912596 -30.60232 30.17287
0.9774932 -0.05050342 0.6986406 -10.64542 -31.54125 30.05073
0.970169 -0.07296436 0.6991289 -10.89733 -32.63285 30.47821
0.9689483 -0.07760303 0.7152421 -11.04237 -33.45728 30.77592
0.9572295 -0.07223194 0.7235429 -10.15687 -33.65575 30.28737
0.9677276 -0.08224171 0.7406328 -9.103436 -34.31988 30.75302
0.9594268 -0.0888335 0.7472246 -6.508016 -34.41911 30.53928
0.9677276 -0.0888335 0.7711504 -3.630153 -34.22064 30.45531
0.970169 -0.08272999 0.7694414 -1.85916 -33.72446 30.69959
0.9745635 -0.08663624 0.782625 0.3240457 -33.70919 31.40188
0.96846 -0.09371632 0.7867754 0.9729009 -33.0756 32.46295
0.9682158 -0.09005421 0.8077715 2.499618 -32.46492 32.94386
0.9711455 -0.08370655 0.8158281 3.95 -31.54889 33.73012
0.9838408 -0.07076709 0.8182695 5.919466 -30.57942 34.1118
0.9838408 -0.07174366 0.8426836 7.766794 -29.65576 34.32554
0.9809112 -0.06393116 0.8482988 9.35458 -27.80079 35.05836
0.9848174 -0.06344287 0.8448809 10.84313 -26.44202 35.59272
0.980667 -0.05831592 0.8480547 11.72863 -25.01453 36.27974
0.9884795 -0.05147998 0.8480547 12.65992 -23.48018 36.90569
0.9882354 -0.03585498 0.8517168 13.46145 -21.58705 37.65379
0.9921416 -0.02828662 0.8512285 14.02634 -19.90003 38.16524
0.9792022 -0.01217334 0.8558672 14.53779 -18.12904 38.60035
0.9828643 -0.01266162 0.859041 14.49199 -16.43438 39.34844
0.9772491 0.008090332 0.8490313 14.79733 -14.64049 39.62325
0.978958 0.02127393 0.8580645 14.20954 -12.81606 39.69196
0.9752959 0.03421338 0.8456133 13.77443 -10.92293 39.35608
0.9782256 0.0415376 0.8363359 13.73626 -9.716825 38.49348
0.9669951 0.05935986 0.8226641 13.30115 -8.274076 37.31791
0.9723662 0.0583833 0.8243731 12.82023 -7.144305 36.03547
0.9542998 0.05008252 0.819002 13.72099 -6.052702 34.91333
0.9538116 0.04837354 0.8075274 15.59122 -5.17484 33.54692
0.9440459 0.04788526 0.8038652 17.30878 -4.57942 32.05836
0.9462432 0.04373487 0.7862871 19.50725 -4.136672 30.69959
0.9420928 0.05252392 0.7567461 20.9958 -4.006901 29.1576
0.9462432 0.04959424 0.7533281 22.02634 -3.816061 27.59272
0.9430694 0.04910596 0.7474687 21.93473 -3.617588 26.42478
0.935501 0.04690869 0.7399004 22.14084 -3.68629 25.56982
0.9264678 0.04422315 0.7274492 22.11031 -3.961099 24.47821
0.9125518 0.04178174 0.7298906 22.04924 -4.144305 23.53928
0.9149932 0.04056104 0.7191484 21.73626 -4.77026 22.94386
0.9123076 0.03689893 0.7189043 21.20191 -5.220641 22.32554
0.918167 0.03348096 0.7164629 20.62939 -5.457283 21.48585
0.9130401 0.03445752 0.7005937 19.65229 -6.358046 21.20341
0.9069366 0.03860791 0.7064531 18.56069 -6.693923 20.49348
0.9120635 0.02957471 0.7120683 17.67519 -7.747359 20.18814
0.9125518 0.028354 0.7049882 16.15611 -8.190107 19.79119
0.9210967 0.02640088 0.7086504 14.65992 -8.686291 19.79119
0.918167 0.02078564 0.7135332 12.41565 -9.174839 19.70722
0.9237823 0.02518018 0.7101152 9.301146 -9.403847 19.83699
0.9206084 0.02664502 0.7106035 5.484351 -9.426748 20.23394
0.9308623 0.02664502 0.7174394 0.8431296 -9.296977 20.54692
0.9276885 0.012729 0.7252519 -3.637786 -9.365679 21.03547
0.9267119 0.01370557 0.7352617 -7.935496 -9.487817 21.22631
0.9252471 0.00320752 0.7455156 -11.42405 -9.029801 20.76829
0.921585 -0.0004545897 0.7499101 -13.89733 -8.854229 20.31027
0.9123076 -0.003384277 0.7506425 -16.58435 -8.350412 19.72249
0.90596 -0.009976074 0.7638261 -17.28664 -7.640489 18.9515
0.9015655 -0.03219287 0.7633379 -17.35534 -6.411481 17.91333
0.8878936 -0.03683154 0.7596757 -15.66069 -5.609954 16.64615
0.8957061 -0.04220263 0.7362382 -15.88206 -5.067969 15.9973
0.8952178 -0.04757373 0.7362382 -16.21031 -5.228275 15.24157
0.8900908 -0.07027881 0.7196367 -16.27137 -4.449649 14.57745
0.8666533 -0.05953662 0.6878984 -17.86679 -4.335145 14.48585
0.9057158 -0.06490772 0.6800859 -23.21794 -5.045069 14.63089
0.8849639 -0.1049468 0.6893632 -25.72939 -5.632855 15.05837
0.873001 -0.1237456 0.6944902 -22.24084 -6.449649 13.87516
0.8405303 -0.1264312 0.7145097 -20.27901 -7.609954 13.03547
0.8813018 -0.1205718 0.7171953 -21.21031 -6.38858 12.78356
0.890335 -0.1520659 0.7215898 -21.37824 -6.342779 12.51638
0.9013213 -0.1579253 0.7162187 -18.04237 -6.892397 12.17287
0.8866729 -0.1652495 0.7245195 -16.65305 -7.419115 12.51638
