0.9235381 -0.1762358 0.713289 -9.43168 4.31371 22.74539
0.9240264 -0.1708647 0.7113359 -9.217939 4.138137 22.64615
0.9315948 -0.1659819 0.7020586 -8.683588 4.168672 22.95913
0.9293975 -0.1674468 0.6944902 -8.614885 3.878595 22.90569
0.9242705 -0.1681792 0.7008379 -8.462214 3.970199 23.21104
0.9218291 -0.1689116 0.6896074 -8.172137 3.428214 23.62325
0.9206084 -0.1669585 0.6944902 -8.271374 3.474015 23.56982
0.9130401 -0.1657378 0.7040117 -8.691221 3.229741 23.88279
0.9245147 -0.1652495 0.6825273 -8.737023 3.527451 23.86753
0.9201201 -0.1586577 0.6947343 -8.133969 2.870962 24.14997
0.9188994 -0.1640288 0.6869218 -7.721756 2.596153 24.1118
0.9254912 -0.1654937 0.6891191 -7.660687 2.695389 24.05837
0.925003 -0.1618315 0.6808183 -7.569084 2.634321 24.09653
0.9230498 -0.1584136 0.7023027 -7.324809 2.802259 24.22631
0.923294 -0.1628081 0.6998613 -7.385878 2.351878 24.10417
0.9206084 -0.1628081 0.6996171 -7.408779 2.222107 24.29501
0.921585 -0.1545073 0.7049882 -7.179771 2.275542 24.41714
0.9218291 -0.1564605 0.7101152 -7.332443 2.038901 24.27211
0.9201201 -0.1547515 0.7030351 -7.584351 2.267909 24.28737
0.9193877 -0.1542632 0.7091386 -8.080534 1.970199 24.41714
0.9044951 -0.1476714 0.7042558 -8.843893 2.222107 24.27974
0.9074248 -0.1454741 0.7081621 -9.042366 2.290809 24.36371
0.8983916 -0.1496245 0.7030351 -9.828627 2.130504 24.45531
0.8979033 -0.1447417 0.7035234 -9.744657 2.474015 24.00493
0.9003448 -0.1459624 0.6996171 -9.538549 2.260275 23.73012
0.904251 -0.1462065 0.6878984 -9.233206 2.458748 23.41714
0.9040069 -0.1427886 0.6949785 -8.866794 2.107603 23.066
0.9027862 -0.1403472 0.687166 -8.927863 1.916763 22.84463
0.907669 -0.1398589 0.6847246 -9.355344 1.466382 22.66142
0.9062041 -0.1498687 0.6786211 -9.843893 1.435847 22.27211
0.9071807 -0.1427886 0.6886308 -9.912596 1.168672 22.1805
0.9088897 -0.1496245 0.6808183 -10.06527 0.870962 21.81409
0.9127959 -0.1393706 0.6866777 -10.1187 0.5885191 21.65379
0.9135283 -0.1462065 0.682039 -10.10344 0.3900459 21.19577
0.9091338 -0.1488921 0.6903398 -9.546184 0.1534045 20.72249
0.9193877 -0.1457183 0.6944902 -9.095801 0.06180143 20.31791
0.9206084 -0.1554839 0.6835039 -9.469848 -0.296977 20.11943
0.9223174 -0.1598784 0.6842363 -9.072901 -0.4725495 19.79882
0.9279326 -0.1659819 0.6913164 -7.889695 -1.213008 18.89806
0.9308623 -0.1672026 0.6937578 -8.591985 -1.213008 18.89806
0.9311065 -0.1667144 0.685457 -8.897328 -1.457282 18.76829
0.9286651 -0.1772124 0.6935136 -9.103436 -1.541252 18.37898
0.9274444 -0.1723296 0.6947343 -8.981297 -1.541252 18.16524
0.9281768 -0.1691558 0.6927812 -8.83626 -1.831328 17.86753
0.9289092 -0.1755034 0.6922929 -9.187405 -1.861863 17.94386
0.9174346 -0.1733062 0.701082 -9.576717 -1.754992 17.91333
0.9159698 -0.1813628 0.7013261 -10.15687 -1.823695 17.82173
0.9186553 -0.1720855 0.6918046 -10.36298 -1.838962 17.66905
0.9086455 -0.1735503 0.6861894 -10.57672 -2.197741 17.74539
0.8998565 -0.169644 0.699373 -10.85153 -1.930565 17.82936
0.8478545 -0.1737944 0.6620195 -9.080534 1.962565 16.47058
0.8444366 -0.1593901 0.6600664 -7.64542 1.832794 17.64615
0.8568877 -0.1569487 0.6522539 -6.805725 1.382412 17.59272
0.8551787 -0.1532866 0.6537187 -6.401145 1.290809 17.93623
0.8505401 -0.148648 0.6449296 -6.111069 1.016 18.0431
0.8642119 -0.1484038 0.6471269 -6.133969 0.9625649 18.05837
0.8715362 -0.1527983 0.6544511 -6.469848 0.832794 18.47058
0.871292 -0.1457183 0.6434648 -6.866794 0.5427175 18.64615
0.8759307 -0.1474272 0.6398027 -7.13397 0.4816489 18.47821
0.8786162 -0.1462065 0.6410234 -7.362977 0.2144732 18.64615
0.8700713 -0.1440093 0.6471269 -7.64542 0.09233594 18.63852
0.8800811 -0.1476714 0.6473711 -8.004199 -0.205374 18.56218
0.8817901 -0.1498687 0.6529863 -8.141603 -0.1061375 18.49348
0.8786162 -0.1454741 0.6500566 -8.401145 -0.4954504 18.49348
0.8769073 -0.1513335 0.654207 -8.767557 -0.5183512 18.37898
0.8830108 -0.1552397 0.6476152 -9.393512 -0.4343817 18.61562
0.8778838 -0.1564605 0.6517656 -9.561451 -0.7168244 18.31791
0.8759307 -0.154019 0.6520097 -9.614885 -0.9610992 18.46295
0.8732451 -0.1506011 0.6500566 -9.401145 -0.9916335 18.50875
0.8773955 -0.1645171 0.6395586 -9.64542 -0.854229 18.30264
0.8727569 -0.1579253 0.6437089 -9.599619 -1.304611 18.32554
0.8642119 -0.1554839 0.6498125 -9.691221 -1.533618 18.52402
0.8690948 -0.1545073 0.6495683 -9.653053 -1.442015 18.44768
0.8622588 -0.1610991 0.6441972 -9.43168 -1.602321 18.38661
0.8668975 -0.1632964 0.6551836 -9.393512 -1.976366 18.55455
0.862503 -0.1581694 0.6537187 -9.149237 -1.632855 18.72249
0.8593291 -0.1618315 0.6510332 -9.271374 -2.136672 18.79119
0.8649444 -0.1659819 0.6520097 -9.492748 -1.922931 18.79119
0.862503 -0.1679351 0.6512773 -9.630153 -2.136672 18.95913
0.8673858 -0.1698882 0.6537187 -9.630153 -2.373313 19.07363
0.8598174 -0.1637847 0.6529863 -9.477481 -2.464916 19.30264
0.8705596 -0.1632964 0.6639726 -9.324809 -2.144305 18.82173
0.87471 -0.1647612 0.6644609 -9.141603 -2.426748 18.94386
0.8786162 -0.164273 0.6700761 -8.851527 -2.548886 18.69195
0.8817901 -0.1620757 0.668123 -8.279008 -2.289344 18.49348
0.8830108 -0.1628081 0.6690996 -7.591985 -2.144305 18.30264
0.8883819 -0.169644 0.6800859 -7.660687 -2.06797 18.23394
0.8881377 -0.1610991 0.6759355 -7.927863 -1.892397 18.62325
0.8813018 -0.1620757 0.6849687 -8.408779 -1.47255 18.40951
0.8839873 -0.1654937 0.683748 -8.737023 -1.09087 18.27974
0.8793487 -0.1613433 0.6896074 -8.698855 -1.067969 18.10417
0.8676299 -0.1623198 0.6918046 -9.088168 -0.6023206 18.01257
0.8659209 -0.1564605 0.6822832 -9.034733 -0.4114809 17.9744
0.8688506 -0.1586577 0.6813066 -9.019465 -0.05270219 17.64615
0.8676299 -0.157437 0.6795976 -9.546184 0.2984428 17.79882
0.8610381 -0.1613433 0.6842363 -9.637787 0.9625649 17.65379
0.8681182 -0.1623198 0.6693437 -9.721756 1.298443 17.37134
0.8617705 -0.164273 0.6722734 -9.477481 1.435847 17.27211
0.869583 -0.1640288 0.6756914 -9.424046 1.641954 17.30264
0.8637237 -0.1640288 0.6622636 -9.767557 1.939664 17.30264
0.8644561 -0.1635405 0.6769121 -9.561451 2.168672 17.14234
0.8671416 -0.1693999 0.6659257 -9.309542 2.161038 17.27211
0.8622588 -0.1693999 0.6549394 -9.179771 2.374779 17.1805
0.8647002 -0.1711089 0.6612871 -9.05 2.451115 17.49348
0.8727569 -0.1667144 0.6644609 -8.805725 2.580885 17.57745
0.8610381 -0.1808745 0.6586015 -8.706489 2.664855 17.67669
0.8576201 -0.174771 0.6546953 -8.660687 2.657221 17.76829
0.8585967 -0.1811187 0.6610429 -8.630153 2.71829 17.98966
0.8585967 -0.1742827 0.6615312 -8.187405 2.90913 17.9973
0.8498076 -0.1811187 0.6466386 -7.85916 2.970199 18.0889
0.8571319 -0.1816069 0.6510332 -7.485115 2.61142 18.1347
0.8620147 -0.1828276 0.6468828 -7.179771 2.535084 18.37134
0.8634795 -0.1808745 0.6432207 -6.630153 2.809893 18.50111
0.862503 -0.1801421 0.6466386 -6.095802 2.557985 18.25684
0.8661651 -0.1801421 0.6505449 -5.935496 2.31371 18.42478
0.8632354 -0.1816069 0.6485918 -6.088168 2.252641 18.78356
0.8664092 -0.179898 0.6512773 -6.599618 2.321343 18.98203
0.8690948 -0.1801421 0.6476152 -6.988932 1.993099 19.47821
0.8668975 -0.178189 0.6500566 -7.515649 1.977832 19.92096
0.8632354 -0.1840483 0.650789 -7.584351 1.840427 19.9973
0.8644561 -0.1823394 0.6498125 -7.85916 1.771725 20.53928
0.8666533 -0.1784331 0.654207 -7.790458 1.626687 20.51638
0.8642119 -0.1794097 0.6556718 -7.45458 1.069435 21.0889
0.8708037 -0.1718413 0.6568925 -7.569084 1.092336 21.32554
0.8698272 -0.1801421 0.6522539 -7.485115 0.8022594 21.66905
0.8649444 -0.1706206 0.6607988 -7.622519 0.9549313 21.92859
0.8698272 -0.1735503 0.6600664 -7.75229 0.5961528 22.16524
0.8690948 -0.1672026 0.6617754 -8.034733 0.832794 22.44768
0.8720244 -0.1701323 0.6605546 -8.362977 1.046534 22.36371
0.8612823 -0.1620757 0.6700761 -8.217939 0.8785954 22.62325
0.8690948 -0.1706206 0.6654375 -8.011832 1.069435 23.07363
0.862503 -0.1645171 0.669832 -8.164504 1.115237 22.9744
0.8578643 -0.160855 0.6556718 -7.950764 0.832794 23.02783
0.8527373 -0.1632964 0.6581132 -8.233206 1.298443 22.88279
0.8563994 -0.157437 0.657625 -8.370611 1.069435 23.21104
0.8495635 -0.1567046 0.650789 -8.675955 1.237374 23.19577
0.8493194 -0.1562163 0.6432207 -8.576717 1.344244 23.05073
0.8566436 -0.1637847 0.6571367 -8.080534 1.038901 23.09653
0.8542022 -0.1598784 0.6471269 -8.294275 1.077069 23.03547
0.8888701 -0.1911284 0.654207 -8.019465 6.970198 9.905695
0.8847198 -0.1891753 0.6586015 -8.622519 6.771725 9.836992
0.8842315 -0.2023589 0.6695879 -8.920229 6.115237 9.783557
0.8783721 -0.2028472 0.6703203 -9.439313 5.947298 9.951496
0.8805694 -0.2040679 0.6717851 -9.576717 5.382412 9.760656
0.8737334 -0.2050444 0.6666582 -9.469848 5.12287 10.1347
0.8710479 -0.2062651 0.6800859 -9.927862 4.588519 10.1118
0.8639678 -0.206021 0.6717851 -9.981297 4.557985 10.60798
0.8676299 -0.2133452 0.6756914 -9.927862 4.20684 10.76829
0.8778838 -0.2148101 0.6778886 -9.622519 3.703023 11.29501
0.8788604 -0.209439 0.6825273 -9.217939 3.382412 11.44768
