0.6969756 -0.0666167 0.6087968 -20.56145 40.42058 33.85989
0.7389678 -0.034146 0.6036699 -27.31717 39.32898 38.50111
0.7890166 -0.01998584 0.6268632 -25.31717 40.45875 39.85989
0.8173369 -0.0119292 0.6344316 -27.53092 41.32135 41.93623
0.8212432 0.005404785 0.6463945 -30.10344 43.21447 43.30264
0.8126983 0.009311035 0.6424882 -33.52328 45.00073 45.25684
0.8036651 -0.008755371 0.6344316 -32.71412 46.79463 46.52402
0.7763213 0.01370557 0.6200273 -33.28664 46.69539 47.32554
0.7787627 0.05398877 0.6092851 -42.69122 47.13814 52.51638
0.78096 0.04739697 0.6283281 -47.39351 48.97783 54.0889
0.7777862 0.03909619 0.6266191 -41.19504 49.13814 53.72249
0.765335 0.05227978 0.6236894 -35.19504 48.96257 53.03547
0.7389678 0.04422315 0.6224687 -26.66832 49.44348 52.56218
0.7233428 0.05643017 0.61783 -23.13397 49.46638 53.47821
0.7079619 0.06058056 0.6149004 -17.74466 48.29844 53.53928
0.6925811 0.05472119 0.6175859 -14.24084 47.88623 53.50875
0.690628 0.06326611 0.6134355 -12.35534 47.9244 54.05074
0.6901397 0.04739697 0.5980546 -8.294275 48.9244 53.60035
0.6813506 0.07254345 0.5641191 -5.920229 47.68012 53.71485
0.685501 0.07034619 0.5216386 -3.737023 46.64959 53.69196
0.6818389 0.1042817 0.5133379 -5.462214 44.53508 53.8828
0.6806182 0.101352 0.4918535 -6.385878 42.54272 54.00493
0.702835 0.1194185 0.4781816 -8.94313 41.09234 54.64616
0.7128448 0.1374849 0.4825761 -9.683588 38.28318 54.0431
0.7145537 0.1230806 0.4745195 -9.927862 36.1076 53.89043
0.7343291 0.1518892 0.4791582 -11.70649 35.03127 53.85226
0.7394561 0.1716645 0.4732988 -13.59962 31.71829 53.58508
0.7416533 0.1833833 0.4735429 -16.97366 29.72592 52.9744
0.765335 0.1667817 0.4920976 -16.77519 27.70302 50.9744
0.7506866 0.1301606 0.4884355 -16.89733 27.31371 49.69196
0.7169951 0.1106294 0.4693925 -16.62252 25.50455 48.82172
0.7191924 0.08743603 0.4488847 -16.25611 21.74119 48.76066
0.7174834 0.1150239 0.4317949 -18.59962 18.97783 49.2263
0.6947783 0.08499462 0.4520586 -16.27137 16.36714 48.07363
0.6840362 0.06839306 0.4396074 -13.90496 13.50455 47.53165
0.6757354 0.07303174 0.4520586 -11.69122 10.38241 46.87516
0.6708526 0.03689893 0.4542558 -12.70649 8.145771 47.28738
0.6645049 0.02737744 0.4491289 -11.73702 5.000733 47.72249
0.6706084 0.01956494 0.4442461 -11.66069 1.252641 48.46294
0.6845244 0.02127393 0.4681718 -11.1874 -0.9305649 49.08127
0.6986846 -0.0004545897 0.4730546 -11.39351 -2.716825 49.85226
0.7118682 -0.005093262 0.4691484 -11.22557 -5.426748 50.51638
0.7094268 -0.006802246 0.4930742 -10.43168 -7.861863 51.40188
0.7035674 0.004916504 0.5082109 -10.50038 -10.43438 52.42478
0.6781768 -0.01754443 0.5394609 -9.34771 -12.28171 52.90569
0.6588897 0.01761182 0.543123 -12.58435 -13.83896 54.62325
0.6640166 0.02029736 0.5348222 -13.56908 -15.06797 55.60035
0.6603545 -0.002407715 0.5348222 -11.59962 -17.54125 56.39424
0.6842803 0.02566846 0.5282304 -7.446947 -19.31224 55.91333
0.6881866 0.0115083 0.5355546 -5.759924 -21.01453 56.91333
0.6918487 0.01639111 0.5401933 -2.706489 -22.72446 56.9744
0.704544 0.003695801 0.541414 0.1103053 -24.60995 57.21104
0.7135772 0.005648926 0.5460527 1.575954 -26.15194 57.89043
0.7248076 0.01663525 0.5563066 2.530153 -27.46492 58.82172
0.7277373 -0.00436084 0.5702226 3.560687 -28.25118 59.64616
0.6876983 -0.00460498 0.5834062 7.453817 -29.45728 59.24157
0.6686553 -0.05733936 0.6078203 21.8126 -31.85423 56.0431
0.6857451 0.01004346 0.6175859 18.29351 -31.10614 57.19577
0.6815948 3.369152e-05 0.6149004 19.70572 -31.35041 56.95913
0.4486846 -0.4652984 0.5231035 24.49199 -11.52598 27.63089
0.3651885 -0.3886382 0.4855058 13.14847 -14.49545 23.60798
0.3537139 -0.3593413 0.5353105 7.995801 -12.75499 22.9744
0.3839873 -0.3381011 0.5592363 0.5225191 -10.04507 17.34081
0.4162139 -0.3561675 0.5477617 -3.591985 -9.525985 16.60798
0.4538116 -0.3747222 0.5511796 -4.958397 -8.060336 14.98966
0.4643096 -0.3930327 0.5379961 -6.805725 -6.869496 14.26447
0.4672393 -0.4206206 0.5279863 -5.462214 -5.709191 12.44768
0.456253 -0.4406402 0.5206621 -4.43168 -5.060336 10.88279
0.4552764 -0.4652984 0.5050371 -2.591985 -5.327512 9.730123
0.4572295 -0.4623687 0.4383867 4.133206 -4.892397 8.081267
0.4120635 -0.4875152 0.4293535 6.621755 -5.251176 5.669053
0.4347686 -0.4765288 0.4579179 5.896565 -6.648122 7.050733
0.4237823 -0.5151031 0.4737871 6.919466 -5.396214 6.394244
0.4276885 -0.52023 0.4664629 5.400382 -6.243542 6.569817
0.4159698 -0.5402495 0.4488847 2.232442 -5.838962 7.317908
0.4125518 -0.540982 0.4342363 -5.080534 -5.915298 8.66142
0.3827666 -0.5788238 0.4376543 -10.06527 -7.129038 10.92096
0.3888701 -0.5656402 0.432039 -14.61489 -7.49545 12.47821
0.3922881 -0.5414702 0.4440019 -18.13397 -8.182473 13.63852
0.3942412 -0.5229156 0.447664 -17.92786 -8.411481 13.98966
0.4020537 -0.4967925 0.464998 -15.58435 -9.70919 13.90569
0.3947295 -0.4714019 0.480623 -12.96603 -9.922932 13.90569
0.4030303 -0.4557769 0.5165117 -6.630153 -9.976366 13.1576
0.4118194 -0.4181792 0.5284746 -1.011832 -9.365679 11.9515
0.4203643 -0.4284331 0.5399492 3.140839 -9.022168 10.77592
0.416458 -0.4352691 0.5377519 10.53015 -9.319878 10.1576
0.4135283 -0.4401519 0.5174882 17.82023 -9.006901 8.951496
0.4054717 -0.4496734 0.513582 20.10267 -8.915298 9.501115
0.4057158 -0.4775054 0.5094316 20.76679 -8.464916 10.49348
0.4057158 -0.4823882 0.508455 20.8126 -7.846595 11.26447
0.3957061 -0.4965484 0.5096757 19.9958 -8.151939 12.60798
0.3896025 -0.5072906 0.5006425 19.32405 -7.510717 13.9286
0.3896025 -0.5107085 0.5003984 17.72099 -7.365679 15.32554
0.4079131 -0.5234038 0.5111406 15.38511 -7.006901 17.14234
0.4066924 -0.5356109 0.5038164 13.19427 -6.419115 18.68432
0.4132842 -0.5443999 0.4999101 10.20954 -6.358046 20.51638
0.4047393 -0.5490386 0.4977129 7.804962 -5.854229 21.98203
0.4066924 -0.5573394 0.4967363 6.362214 -5.739725 23.56982
0.3981475 -0.5656402 0.494539 5.377481 -5.678657 24.27211
0.404251 -0.5700347 0.4862382 5.064504 -5.556519 25.56218
0.390335 -0.5685699 0.4776933 5.110305 -5.739725 26.18814
0.3979033 -0.5702788 0.4769609 4.919466 -6.274076 26.9744
0.4013213 -0.5714995 0.4730546 5.491985 -6.930565 27.53165
0.3947295 -0.5680816 0.4786699 6.117939 -7.113771 28.10417
0.3922881 -0.5658843 0.4786699 6.499618 -7.258809 28.56982
0.3900908 -0.5590484 0.4745195 6.743893 -7.907664 28.98203
0.3771514 -0.5446441 0.4754961 6.591221 -8.373313 29.32554
0.3644561 -0.5234038 0.482332 6.713358 -8.785526 29.61562
0.3520049 -0.501187 0.4774492 6.011069 -9.274076 29.91333
0.3483428 -0.48898 0.4828203 4.927099 -9.472549 29.85226
0.3473662 -0.4692046 0.4872148 2.995801 -9.663389 30.09653
0.3559111 -0.4528472 0.484041 1.362214 -9.564153 29.74539
0.3583525 -0.445523 0.4911211 0.4690838 -9.9611 29.18814
0.3654326 -0.4401519 0.4957597 -0.2637405 -9.762627 28.51638
0.3722686 -0.443814 0.5006425 -0.6148858 -9.838962 27.66142
0.3896025 -0.4413726 0.5016191 -1.011832 -9.548885 26.63852
0.3944854 -0.4440581 0.5221269 -0.8133588 -9.327511 25.9973
0.3952178 -0.4430816 0.5272539 -0.424046 -8.648123 24.92096
0.4035186 -0.4521148 0.5331132 0.5225191 -8.09087 23.67669
0.3986357 -0.4511382 0.5387285 1.232442 -7.854229 22.66142
0.3939971 -0.4535796 0.5345781 1.682825 -7.907664 21.9515
0.4013213 -0.4584624 0.5348222 1.858397 -7.151939 21.09653
0.3896025 -0.4665191 0.5460527 2.369847 -6.709191 19.86753
0.3888701 -0.4689605 0.5355546 3.659923 -6.564153 18.83699
0.3830107 -0.4753081 0.5279863 4.751526 -6.213007 17.70722
0.3859404 -0.48898 0.5355546 5.789694 -6.022168 16.81409
0.3830107 -0.5009429 0.5235918 6.667557 -5.907664 15.57745
0.3915557 -0.5033843 0.5248125 7.499618 -5.892397 14.73776
0.3935088 -0.5155913 0.5262773 8.385115 -6.121405 13.9515
0.3922881 -0.5307281 0.5167558 8.316412 -6.014534 13.40951
0.3957061 -0.5407378 0.5143144 8.65229 -5.716825 12.92096
0.402542 -0.5519683 0.5057695 8.285877 -5.754992 12.42478
0.3996123 -0.5534331 0.4999101 7.804962 -5.632855 12.30264
0.4032744 -0.5568511 0.4991777 6.65229 -6.129038 12.27974
0.4037627 -0.5590484 0.4952714 4.728626 -6.213007 12.72249
0.4069366 -0.5712554 0.4933183 3.408015 -6.113771 12.78356
0.404251 -0.5798003 0.4835527 3.385114 -6.258809 12.95913
0.3944854 -0.5837066 0.4779375 3.148473 -6.380947 12.85226
0.3939971 -0.581021 0.4752519 3.186641 -6.426748 13.08127
0.3871611 -0.5917632 0.4762285 3.789694 -7.022168 13.25684
0.3847197 -0.594937 0.4635332 4.110305 -7.442015 13.63852
0.3810576 -0.5898101 0.4706132 3.965267 -7.678657 14.02783
0.3793486 -0.5832183 0.4794023 4.117939 -8.144305 14.48585
0.3830107 -0.5805327 0.4664629 4.102671 -8.197741 15.14997
0.3700713 -0.5812652 0.4686601 4.385114 -8.854229 15.51638
0.3754424 -0.5695464 0.4818437 3.797328 -8.87713 16.65379
0.3739775 -0.5729644 0.4867265 2.804962 -8.991633 17.17287
0.3783721 -0.5690581 0.4835527 3.072137 -9.457283 18.26447
0.2357939 -0.8256499 0.6434648 31.43855 4.863328 7.882794
0.2382354 -0.8747222 0.6693437 7.774427 0.7106564 16.0202
