0.3947295 -0.4753081 0.451082 -1.981298 6.664855 21.9973
0.3915557 -0.4777495 0.4313066 -2.515649 5.840428 22.00493
0.3944854 -0.4728667 0.4171464 -3.408779 5.023633 22.50111
0.3908232 -0.473355 0.4110429 -4.874428 3.977832 22.86753
0.390335 -0.475064 0.4125078 -5.553817 3.038901 23.1347
0.3883818 -0.4704253 0.416414 -6.614886 1.924397 23.44005
0.3905791 -0.4660308 0.4144609 -7.362977 0.9625649 23.84463
0.3927764 -0.4643218 0.4083574 -8.149237 0.06180143 23.95913
0.3896025 -0.4572417 0.4117754 -8.385878 -1.052702 23.84463
0.3878936 -0.4528472 0.4159257 -8.950764 -2.28171 23.98966
0.3837432 -0.4450347 0.4230058 -9.324809 -3.296977 24.05837
0.3881377 -0.4394195 0.4305742 -10.30191 -4.045069 23.82173
0.3898467 -0.4272124 0.4361894 -10.97366 -5.197741 24.05837
0.3971709 -0.4184234 0.4471757 -11.74466 -5.968733 23.73012
0.402542 -0.4069488 0.4693925 -12.61489 -6.625221 23.17287
0.407669 -0.4030425 0.4859941 -13.53855 -6.869496 22.80646
0.4113311 -0.4013335 0.5016191 -14.08053 -7.243542 22.24921
0.4110869 -0.3925445 0.5160234 -14.78282 -7.289343 21.62325
0.4081573 -0.3903472 0.5277421 -15.32481 -6.884763 20.82936
0.4159698 -0.3886382 0.5572832 -16.17977 -6.655756 19.95913
0.4210967 -0.3923003 0.570955 -16.81336 -6.373313 19.21104
0.4184112 -0.3993804 0.5812089 -17.21031 -5.609954 18.43241
0.4291533 -0.4096343 0.5953691 -16.99656 -5.113771 17.71486
0.4257354 -0.4235503 0.6180742 -16.25611 -4.190107 16.88279
0.4381866 -0.4208648 0.6227129 -14.83626 -2.922931 16.16524
0.4386748 -0.4362456 0.6459062 -13.40114 -1.732092 15.09653
0.8952178 -2.188199 0.4774492 158.9347 -135.1443 164.3942
0.515335 -0.0004545897 1.238436 105.9271 5.687756 254.8675
0.4940948 0.02933057 1.283113 109.4538 8.916763 250.4553
0.4489287 0.06399853 1.310213 112.3317 10.56562 246.066
0.4313506 0.06521924 1.352205 119.4386 13.93203 240.295
0.4069366 0.1145356 1.388582 125.8813 16.71066 234.8065
0.3900908 0.1391938 1.39908 135.2782 19.29081 229.6232
0.4115752 0.2231782 1.41324 143.7286 22.09233 220.692
0.3329619 0.2119478 1.473543 152.034 28.43585 213.0584
0.3935088 0.2534516 1.449617 163.0034 30.71066 204.1194
0.3737334 0.3889497 1.496736 170.5683 39.05417 193.5393
0.3502959 0.4053071 1.516512 177.6294 47.50455 181.9515
0.3429717 0.4199555 1.507478 183.1027 54.49692 171.7225
0.3173369 0.4248384 1.481111 187.7897 61.85569 161.211
0.2990264 0.4355805 1.439607 191.5683 69.92439 151.2721
0.2697295 0.4504731 1.388094 194.4767 76.14577 140.9744
0.2570342 0.4499848 1.351961 195.2935 83.58852 130.0584
0.2260283 0.4399751 1.2941 194.4004 89.48164 120.3942
0.1757354 0.4077485 1.208162 192.1485 92.97783 111.4019
0.1457061 0.3767426 1.145906 188.0034 95.31371 103.5546
0.1234893 0.3303559 1.117098 181.4233 97.33661 97.30264
0.09736622 0.2807954 1.092195 174.2324 99.74883 91.89806
0.05805957 0.2439302 1.074617 166.095 101.5045 87.39424
0.02558887 0.1877778 1.053621 160.1332 102.1229 82.85226
0.006545901 0.1286958 1.051424 155.0492 102.4816 79.05836
0.01338184 0.09915478 1.050203 150.5378 103.1687 76.79883
-0.01176465 0.06521924 1.069246 147.3393 105.3137 73.56982
-0.03593457 0.04422315 1.036043 139.324 105.2145 74.57745
-0.03642285 0.03811963 1.058748 133.9347 103.3977 75.1347
-0.04106152 0.06790478 1.083406 129.3775 103.558 73.89806
-0.03642285 0.09231884 1.103426 122.7515 105.703 73.26447
-0.02299511 0.1330903 1.124422 116.9882 107.4587 71.90569
-0.004196286 0.1692231 1.129305 111.6218 107.9931 71.05074
0.01240528 0.233188 1.152254 104.7668 109.8481 68.52402
0.01460254 0.3025239 1.165682 100.1943 112.39 64.40188
0.02534473 0.3589204 1.170564 94.13321 111.5275 59.66905
0.04121387 0.405063 1.214266 87.77443 114.1458 55.9286
0.04927051 0.4299653 1.268709 86.63702 117.5656 49.1805
0.058792 0.460727 1.290682 87.00344 120.1381 41.50875
0.1095732 0.4565766 1.389314 98.04924 132.4206 13.09653
0.1276397 0.4365571 1.415437 103.8508 137.6954 2.508749
0.169876 0.4397309 1.436922 109.5073 142.7183 -6.842398
0.1601104 0.3342622 1.4274 125.0569 146.4053 -18.10957
0.1884307 0.2954438 1.449617 138.3011 155.0847 -29.934
0.2038115 0.2285493 1.419832 155.6752 162.1763 -41.0027
0.1759795 0.200229 1.363191 170.5149 168.5961 -51.62103
0.1554717 0.1494478 1.291414 190.5531 172.7106 -63.49889
0.1586455 0.1228364 1.219393 207.6523 177.8633 -74.62103
0.1601104 0.1267427 1.154939 221.1179 182.8862 -84.94927
0.1540068 0.1172212 1.022859 233.7897 184.7565 -96.46072
0.1586455 0.1167329 0.919832 237.8431 187.6114 -105.5829
0.1361846 0.1008638 0.8014238 240.9424 187.3366 -113.5981
0.1139678 0.09109814 0.7203691 241.0569 186.4893 -121.537
0.09541309 0.06497509 0.621248 238.3851 185.6343 -128.9264
0.07856739 0.03226025 0.5245683 234.6141 182.5351 -136.2928
0.07856739 -0.02511279 0.4364336 230.4309 177.7488 -142.5829
0.0834502 -0.04830615 0.3793046 221.6294 173.0389 -147.3997
0.05024707 -0.03731982 0.3836992 209.7515 166.1916 -153.8119
0.07710254 -0.1130034 0.3502519 193.2859 165.7336 -157.7584
0.09297169 -0.1899077 0.3097246 173.8126 161.9626 -158.7737
0.06611621 -0.2663238 0.3038652 151.492 154.6878 -157.2623
0.0678252 -0.3256499 0.3404863 130.3011 149.7106 -155.4913
0.06611621 -0.3754546 0.3595293 108.0874 147.5198 -152.7584
0.06562793 -0.4208648 0.4017656 88.28588 145.1229 -149.5523
0.07002246 -0.4777495 0.4308183 67.46146 142.8786 -145.8958
0.07319629 -0.5058257 0.4811113 49.01107 141.7106 -142.3768
0.09370411 -0.5212066 0.5174882 31.23244 141.4969 -138.8195
0.1054229 -0.532437 0.5353105 14.84313 141.3442 -135.079
0.1364287 -0.5309722 0.5707109 1.293511 141.3748 -131.8348
0.1593779 -0.5099761 0.5904863 -11.23321 142.932 -129.537
0.1759795 -0.4953277 0.6036699 -22.89733 144.6878 -128.1248
0.183792 -0.4870269 0.6114824 -30.60725 146.4435 -126.6821
0.2052764 -0.4850738 0.6014726 -36.30954 147.9168 -126.7508
0.2301787 -0.4694488 0.5904863 -40.80573 149.4893 -127.705
0.2465361 -0.4567534 0.5763261 -41.60725 150.5275 -129.537
0.2643584 -0.4545562 0.55533 -40.26374 150.9626 -132.3539
0.274124 -0.4731109 0.5353105 -37.29428 150.9626 -135.789
0.2960967 -0.490689 0.5223711 -33.84389 150.6649 -139.1096
0.3090361 -0.5085113 0.517 -30.40878 150.0923 -142.7279
0.3112334 -0.540982 0.5077226 -26.13397 149.4511 -146.2393
0.3158721 -0.5768706 0.5108964 -21.52328 149.7565 -150.1554
0.3195342 -0.5920074 0.5140703 -16.27901 149.1763 -153.8195
0.3451689 -0.6256988 0.511873 -13.56145 150.0389 -157.3386
0.3512725 -0.6645171 0.5021074 -11.67595 149.642 -159.5294
0.3642119 -0.6845366 0.4950273 -10.53092 151.2374 -161.5752
0.371292 -0.721646 0.4884355 -10.54618 152.703 -162.2393
0.4359893 -0.3686187 0.4557207 -9.286641 1.183939 20.80646
0.4533233 -0.4355132 0.5489824 -13.27901 0.4129465 21.16524
0.4440459 -0.438687 0.546541 -11.59962 1.069435 20.91333
0.4433135 -0.4396636 0.543123 -10.08053 1.580885 20.71486
0.4459991 -0.4381988 0.5384843 -8.721756 2.336611 20.79882
0.449417 -0.4286773 0.5255449 -8.195038 2.970199 20.95913
0.4457549 -0.4301421 0.5145586 -7.05 2.779359 20.98966
0.4447783 -0.4279449 0.5226152 -6.179771 3.153405 21.00493
0.4403838 -0.4250152 0.5199296 -5.24084 3.672489 20.96676
0.4411162 -0.4215972 0.5179765 -4.966031 4.008367 20.52402
0.4403838 -0.4106109 0.5035722 -4.897328 4.344244 20.59272
0.4445342 -0.4113433 0.4952714 -4.798092 3.893863 20.71486
0.4350127 -0.4132964 0.5011308 -4.813359 4.222107 20.60798
0.433792 -0.4110991 0.4889238 -4.630153 4.229741 20.79882
0.4357451 -0.4113433 0.4886796 -3.767557 4.359511 20.46295
0.433792 -0.414273 0.4818437 -3.584351 4.290809 20.64615
0.4328155 -0.4096343 0.4820879 -3.668321 4.336611 20.22631
0.4362334 -0.4052398 0.477205 -3.866794 4.115237 20.48585
0.4350127 -0.409146 0.4718339 -4.103436 4.107603 20.27211
0.4296416 -0.4047515 0.4642656 -4.462214 4.031267 20.07363
0.4328155 -0.4089019 0.4552324 -4.515649 3.542717 20.10417
0.4311065 -0.4037749 0.4584062 -4.500381 2.840427 20.07363
0.4286651 -0.4089019 0.4542558 -5.362977 2.680122 19.91333
0.4301299 -0.4193999 0.4486406 -5.935496 2.428214 19.85226
0.4325713 -0.4150054 0.4515703 -6.737023 1.924397 19.85226
0.4381866 -0.4286773 0.4513261 -7.34771 1.390046 20.32554
0.4379424 -0.4411284 0.4637773 -7.973664 1.145771 20.66142
0.4401397 -0.4416167 0.4711015 -8.362977 0.9930992 21.1118
0.4269561 -0.4450347 0.4798906 -8.149237 0.8251602 21.31027
0.4267119 -0.4526031 0.4764726 -8.164504 0.8251602 21.77592
0.419876 -0.447232 0.4791582 -8.15687 0.4892824 22.0431
0.4296416 -0.4482085 0.4942949 -8.24084 0.7335572 22.52402
0.4333037 -0.4482085 0.4933183 -8.469848 0.6343205 23.21104
0.4464873 -0.4355132 0.4950273 -8.691221 0.5961528 23.53928
0.4435576 -0.4362456 0.4989336 -8.973664 0.9549313 23.77592
0.449417 -0.4250152 0.5052812 -8.83626 1.077069 24.11943
0.4530791 -0.412564 0.5108964 -8.286641 1.443481 24.02783
0.4540557 -0.4030425 0.5226152 -7.141603 1.954931 23.69195
