0.4635772 0.6865571 1.252352 -71.89732 12.62669 11.27974
0.4591826 0.6868012 1.276521 -68.85916 12.86333 11.08127
0.454544 0.6865571 1.282137 -64.20267 12.9015 10.71486
0.4413604 0.6972993 1.287264 -60.35535 12.19921 10.47821
0.25679 0.6479829 1.488436 -66.9584 6.145771 29.79882
0.3495635 0.7361176 1.636629 -86.20267 22.0847 53.70722
0.3520049 0.7495454 1.626619 -76.27901 22.30608 51.25684
0.353958 0.747104 1.62198 -68.56908 22.03127 49.65379
0.3629912 0.7651704 1.60074 -62.40115 22.32898 47.73775
0.3554229 0.762729 1.587312 -59.64542 21.57325 47.1805
0.3493193 0.7612641 1.585115 -57.47748 21.22211 46.65379
0.3439482 0.7661469 1.566561 -60.65305 21.19157 47.16524
0.3188018 0.748813 1.543123 -68.0042 20.8786 48.74539
0.3146514 0.7397798 1.51993 -78.49274 20.05417 51.03547
0.3234404 0.7378266 1.511629 -90.88969 19.1076 53.89806
0.3502959 0.7358735 1.526766 -103.3706 18.54272 56.89043
0.3866729 0.7121919 1.567293 -111.0882 17.24501 58.79883
0.418167 0.7222016 1.597322 -114.0042 17.1534 59.68432
0.4359893 0.7239106 1.625887 -116.2103 17.24501 60.05836
0.4413604 0.7356294 1.625887 -114.7294 16.79463 59.66905
0.4376983 0.7429536 1.627352 -111.821 15.69539 59.53165
0.4269561 0.7588227 1.626863 -105.6683 14.75646 57.72249
0.5673369 0.774936 1.598299 -95.76756 12.18394 54.24921
0.5331573 0.6992524 1.665926 -69.11107 8.443481 47.26447
0.501419 0.7695649 1.693269 -55.86679 8.550352 44.95913
0.4748076 0.7790864 1.676912 -36.67595 4.405313 40.40951
0.4152373 0.8381684 1.641023 -32.14161 8.985466 38.14997
0.3842315 0.8188813 1.606111 -25.61489 4.672489 35.0431
0.3361357 0.8786958 1.595369 -31.43168 0.4892824 34.75302
0.3031768 0.8511079 1.616365 -39.30954 0.573252 35.0431
0.2904815 0.835727 1.609773 -46.57672 -0.1901069 35.72249
0.2855986 0.8179048 1.594148 -52.98893 -1.991634 36.49348
0.2904815 0.825229 1.605379 -58.29428 -2.800794 35.56218
0.3097686 0.793979 1.626131 -60.92786 -4.442015 34.84463
0.340042 0.7834809 1.644441 -62.14924 -5.373313 33.48585
0.3837432 0.7522309 1.676424 -59.69886 -5.716825 31.81409
0.4252471 0.748813 1.692293 -56.14161 -6.442015 29.85226
0.4459991 0.7397798 1.716707 -51.58435 -6.87713 28.03547
0.4381866 0.7422212 1.718416 -49.17214 -6.571786 26.50111
0.4577178 0.7475923 1.688875 -47.56908 -7.724458 25.27211
0.4679717 0.7407563 1.699861 -45.17214 -9.548885 23.72249
0.4630889 0.7485688 1.737703 -46.74466 -9.449649 22.98966
0.4457549 0.7524751 1.741121 -47.44695 -9.022168 22.44005
0.4413604 0.7646821 1.723055 -50.59199 -8.808428 22.19577
0.4401397 0.7632173 1.712068 -52.49275 -9.915298 21.20341
0.4206084 0.7607759 1.728182 -53.85153 -10.46492 20.22631
0.4293975 0.7781098 1.719393 -56.96603 -10.31224 19.34081
0.4210967 0.7685884 1.734773 -56.60725 -10.62522 17.9515
0.4088897 0.7722505 1.741121 -57.50038 -11.0527 17.40188
0.4098662 0.7839692 1.750887 -58.51565 -11.12904 16.34081
0.4005889 0.7690766 1.734773 -59.22557 -11.1214 15.40951
0.3808135 0.7600434 1.731844 -58.21794 -11.38858 14.24921
0.3686064 0.7561372 1.700105 -59.76756 -12.90003 14.1805
0.3744658 0.7395356 1.699617 -53.67596 -15.41148 12.31791
0.38179 0.6889985 1.694734 -53.92023 -16.97637 12.0202
0.4367217 0.6648286 1.698641 -47.69122 -19.80843 9.66142
0.4108428 0.646518 1.726473 -43.33244 -22.99927 9.791191
0.4508819 0.6433442 1.741121 -43.9126 -19.9153 10.21867
0.4284209 0.6548188 1.74576 -42.78283 -21.38858 10.33318
0.4352569 0.6225923 1.721346 -42.73703 -22.57942 10.63852
0.4096221 0.63602 1.719881 -42.10344 -25.50308 10.56982
0.4015655 0.6142915 1.713289 -41.63779 -27.09851 11.55455
0.4530791 0.6611665 1.755281 -36.94313 -27.10614 10.51638
0.4054717 0.6848481 1.756502 -38.05763 -26.57179 10.75302
0.4049834 0.6616548 1.717928 -39.66069 -28.0527 11.33318
0.3722686 0.6741059 1.728182 -42.0729 -29.79316 12.77592
0.3356475 0.6445649 1.724275 -43.53092 -30.35805 13.91333
0.3439482 0.6601899 1.678133 -49.55382 -32.14431 15.91333
0.3925322 0.7446626 1.657137 -55.64542 -35.984 18.41714
0.3224639 0.7136567 1.740144 -62.36298 -35.13667 18.27211
0.3922881 0.5952485 1.783357 -57.95076 -34.66339 17.31791
0.390335 0.6299165 1.792391 -59.8897 -34.0069 14.17287
0.4240264 0.5915864 2.05826 -72.17977 -40.19774 24.19577
0.4210967 0.5801118 2.036531 -61.84389 -20.56415 17.71486
0.4623565 0.5288423 1.932771 -57.63779 -21.49545 18.0431
0.4770049 0.5972016 1.870271 -49.05 -25.92293 14.75302
0.4779815 0.5793794 1.92325 -46.94313 -25.22064 14.9515
0.4638213 0.590854 1.932283 -45.34008 -22.60995 15.66905
0.4738311 0.5964692 1.897615 -47.16451 -21.58705 17.44005
0.4713897 0.6069673 1.890291 -51.30191 -20.984 18.69195
0.4626006 0.5722993 1.897371 -51.96603 -21.76263 19.75302
0.4672393 0.5969575 1.910311 -52.46222 -19.22064 20.61562
0.4608916 0.60477 1.908602 -55.67596 -18.09087 22.14234
0.4503936 0.6103852 1.911287 -55.56145 -17.80079 23.1805
0.4557647 0.6057466 1.924227 -52.67596 -17.90003 23.12707
0.4508819 0.6411469 1.937166 -47.8897 -16.25117 22.55455
0.4420928 0.6587251 1.924715 -46.59962 -15.06797 22.85226
0.4303741 0.6484712 1.918855 -43.0729 -14.9153 22.54692
0.4125518 0.6601899 1.917391 -40.96603 -14.73209 22.29501
0.3996123 0.6667817 1.931551 -38.67595 -13.93056 22.45531
0.3883818 0.6826509 1.922273 -39.85916 -13.11377 23.05073
0.3715361 0.6904634 1.916414 -42.1874 -12.19774 23.79882
0.3764189 0.6831391 1.913484 -45.17977 -11.75499 25.22631
0.3944854 0.6650727 1.935457 -44.44695 -11.72446 25.03547
0.404251 0.6472505 1.967195 -42.59199 -10.70156 25.01257
0.4289092 0.6291841 1.987215 -39.89733 -9.625221 24.40951
0.6220244 0.523227 2.069246 -93.60725 -22.94583 16.0431
0.654251 0.2942231 2.217684 -37.2103 -16.67102 46.0431
0.6615752 0.3127778 2.197908 -29.89733 -15.60232 45.1805
0.6691436 0.3320649 2.200594 -22.59962 -15.13667 43.96676
0.675003 0.3481782 2.212068 -17.32481 -14.03744 42.90569
0.6789092 0.3638032 2.216219 -13.48512 -12.42675 42.27974
0.6833037 0.384311 2.211092 -10.20267 -11.02217 41.69958
0.6916045 0.4014009 2.217928 -7.187405 -9.79316 40.88279
0.6969756 0.4038423 2.211092 -3.660687 -7.907664 39.53928
0.6876983 0.4231294 2.21158 -1.294275 -7.174839 38.66142
0.697708 0.4480317 2.237703 -1.492748 -6.403847 37.76066
0.6962432 0.4587739 2.257478 -0.6148858 -4.663389 36.84463
0.6876983 0.4734223 2.26407 0.9194655 -2.808427 35.76829
0.6869658 0.4914887 2.266023 2.95 -1.617588 34.01257
0.6813506 0.5090669 2.256258 3.606489 -0.1290381 32.71486
0.6786651 0.524936 2.242342 2.873664 1.535084 31.43241
0.6671905 0.5552094 2.208406 -8.966031 6.054168 29.48585
0.6752471 0.5398286 2.208162 -13.08053 7.023633 28.9515
0.6781768 0.538852 2.206697 -15.9813 8.176306 27.87516
0.6754912 0.5222505 2.202791 -18.53855 8.619053 27.26447
0.6774444 0.5051606 2.193758 -20.72176 8.817526 26.68432
0.6757354 0.4853852 2.210115 -21.62252 9.596153 25.66905
0.666458 0.4817231 2.20743 -21.42405 10.12287 24.16524
0.6581573 0.4680512 2.196932 -19.79046 10.27554 22.53165
0.6571807 0.4424165 2.204256 -18.0729 10.39768 20.96676
0.6474151 0.4360688 2.202059 -16.96603 10.58852 19.1576
0.6466826 0.4368012 2.205721 -15.43168 10.73356 17.93623
0.642044 0.4336274 2.20035 -13.65305 11.18394 15.95913
0.6515655 0.4338716 2.195955 -12.08053 11.56562 14.83699
0.6564483 0.4333833 2.172762 -9.508016 11.52745 13.14997
0.6605987 0.4360688 2.165682 -7.660687 11.48165 11.85226
0.6540069 0.4458344 2.171541 -6.782825 12.1076 10.57745
0.6566924 0.4660981 2.153475 -6.828626 12.29844 9.722488
0.652542 0.4790376 2.155672 -7.271374 13.0389 9.165236
0.6432647 0.4851411 2.147127 -8.286641 13.67249 8.44768
0.6444854 0.478061 2.139803 -9.111069 14.41295 7.836992
0.6325225 0.4729341 2.128084 -10.41641 14.45111 7.249207
0.6432647 0.4582856 2.139314 -11.1874 14.80989 6.737756
0.6378936 0.4573091 2.141512 -11.9584 14.71066 6.508748
0.6396026 0.4512055 2.159822 -12.31718 14.83279 5.913328
0.6320342 0.4512055 2.181307 -11.47748 15.61905 5.295008
0.6256866 0.4375337 2.180086 -10.79809 16.55035 4.569817
0.6303252 0.4368012 2.189119 -8.790459 17.26791 3.814091
0.6029815 0.4079926 2.172762 -6.683588 18.24501 2.501114
0.59346 0.3938325 2.154451 -5.45458 18.04653 2.264473
0.5873565 0.3913911 2.130037 -5.569084 18.42821 2.279741
0.5885772 0.3713716 2.095125 -9.882061 19.45875 4.081266
0.596878 0.3467134 2.079988 -7.309542 18.09997 3.783558
0.6137237 0.3638032 2.099275 -7.584351 17.58852 4.401878
0.6095733 0.3523286 2.098787 -7.508016 18.0847 4.852259
0.6034698 0.3511079 2.082918 -7.805725 17.14577 5.85226
0.5890655 0.3484223 2.092195 -8.553817 15.77172 7.272107
0.5790557 0.3594087 2.108064 -9.561451 15.74119 8.44768
0.5729522 0.3777192 2.120027 -10.31718 15.82516 9.073633
