0.3842315 -0.2799956 0.5785234 -40.21794 -7.136672 38.44005
0.3837432 -0.2865874 0.5775468 -41.37061 -7.365679 37.20341
0.3937529 -0.2961089 0.5963457 -41.92023 -7.258809 36.1118
0.3915557 -0.3019683 0.607332 -42.85153 -6.464916 34.78356
0.3966826 -0.3200347 0.6166093 -43.27137 -5.777893 33.33318
0.3986357 -0.3285796 0.6346757 -42.27901 -5.159573 32.0889
0.4062041 -0.3444488 0.654207 -40.88206 -3.640489 30.60798
0.4066924 -0.3630034 0.6654375 -39.60725 -1.716824 28.98966
0.3988799 -0.3769195 0.6710527 -36.90496 0.3671451 27.81409
0.3910674 -0.3925445 0.6781328 -34.14161 2.832794 26.08127
0.3803252 -0.4071929 0.67325 -31.43168 5.023633 24.89806
0.3720244 -0.42648 0.6620195 -28.76756 7.367145 23.98966
0.366165 -0.4377105 0.6400468 -25.78282 9.481649 23.23394
0.3542022 -0.4672515 0.6078203 -23.15687 11.09997 22.09653
0.3344268 -0.476773 0.5782793 -20.9126 12.19921 21.70722
0.3231963 -0.4965484 0.5480058 -19.63779 13.19157 21.59272
0.3124541 -0.5131499 0.5157793 -19.1874 13.54272 22.1576
0.296585 -0.5334136 0.4820879 -18.48512 13.51218 22.89806
0.2917022 -0.5529449 0.4640214 -17.51565 13.00073 23.56218
0.2719268 -0.5610015 0.4396074 -16.08817 11.8786 24.56982
0.2755889 -0.5758941 0.4190996 -13.76756 10.79463 25.73775
0.2582549 -0.5783355 0.4061601 -11.39351 8.970198 26.91333
0.2597197 -0.5631988 0.4020097 -9.569084 7.061801 28.03547
0.2548369 -0.5622222 0.4061601 -7.935496 6.565618 29.1347
0.2633818 -0.5617339 0.3905351 -6.569084 4.710657 30.58508
0.2641143 -0.5448882 0.3915117 -4.637786 2.428214 31.38661
0.2777861 -0.5238921 0.4264238 -4.530916 1.695389 32.64615
0.2902373 -0.5060699 0.4508379 -3.874428 1.443481 33.77592
0.2973174 -0.4887359 0.4488847 -3.408779 0.7259238 34.75302
0.3112334 -0.4660308 0.4818437 -2.706489 0.3900459 35.45531
0.3200225 -0.4496734 0.5008867 -2.324809 0.9549313 36.37897
0.3437041 -0.4245269 0.527498 -2.286641 2.023633 36.47058
0.3468779 -0.3852202 0.5384843 -2.927863 3.183939 36.82936
0.355667 -0.3722808 0.5477617 -4.538549 5.138137 37.0431
0.357376 -0.3476226 0.5428789 -6.149237 6.61142 37.16524
0.3563994 -0.3144195 0.539705 -8.042367 8.512184 36.79882
0.3529814 -0.2987945 0.5243242 -10.12634 10.29844 36.2263
0.3437041 -0.2936675 0.4955156 -10.96603 11.51218 35.81409
0.3292998 -0.2878081 0.4972246 -11.70649 13.1534 35.14997
0.3014678 -0.3024566 0.46158 -8.202672 12.14577 33.36371
0.2912139 -0.2297026 0.4049394 -13.56908 13.60379 31.16524
0.294876 -0.2614409 0.3741777 -13.57672 12.09997 29.82172
0.3129424 -0.2797515 0.3634355 -14.1645 11.73356 28.66142
0.3014678 -0.2660796 0.3358476 -15.36298 10.57325 27.46295
0.2963408 -0.2795074 0.3009355 -17.80573 8.489283 26.54692
0.2958525 -0.2890288 0.2870195 -19.1187 6.435848 25.67669
0.279251 -0.2992827 0.2818925 -19.36298 4.397679 24.57745
0.2731475 -0.3183257 0.2796953 -18.75992 1.619053 23.71486
0.2736357 -0.3315093 0.279207 -18.33244 -1.167206 23.42478
0.274124 -0.3442046 0.294832 -17.36298 -3.426748 23.08127
0.2851104 -0.3547027 0.3097246 -17.11107 -5.564153 22.27974
0.2958525 -0.3581206 0.3270586 -17.01183 -7.57942 22.53928
0.3000029 -0.3681304 0.3473222 -17.08053 -9.213007 22.66142
0.3188018 -0.3695952 0.3739336 -17.40878 -10.40385 22.78356
0.3217314 -0.3732574 0.4034746 -16.85916 -11.47255 22.90569
0.3292998 -0.3715484 0.4313066 -16.39351 -11.96873 23.25684
0.336624 -0.3664214 0.4618242 -15.86679 -12.03744 23.18814
0.4147491 -1.20065 -0.2088301 1.84313 83.92439 -143.7737
0.4457549 -1.007046 -0.02425981 -8.561451 70.62669 -133.1248
0.4699248 -0.9587066 0.05191207 -12.71412 68.13814 -129.6668
0.4828643 -0.9179351 0.09829879 -13.50802 64.93966 -128.4607
0.501419 -0.8708159 0.154207 -11.35534 63.29081 -128.0867
0.5226592 -0.7577788 0.1969316 -9.767557 62.48928 -129.5829
0.5365752 -0.7941558 0.2311113 -4.950764 62.16867 -132.9493
0.5568389 -0.8002593 0.2450273 -3.813359 60.71829 -132.3844
0.5753936 -0.7487456 0.2701738 -1.981298 61.80226 -135.0256
0.6049346 -0.7611968 0.2811601 -5.500382 63.25264 -136.0332
0.6256866 -0.6860015 0.2628496 -8.729389 63.37478 -137.7966
0.6366729 -0.7851226 0.2626054 -6.0271 63.80989 -142.1706
0.6481475 -0.8493316 0.2611406 -9.424046 63.39768 -140.7126
0.6356963 -0.8869292 0.2655351 -3.882061 65.64958 -142.9187
0.612503 -0.8737456 0.2308671 -15.76756 63.64959 -139.308
0.6337432 -0.9081695 0.2254961 -12.86679 63.71066 -140.6974
0.6786651 -0.8334624 0.21158 -17.87443 63.45111 -140.7737
0.65596 -0.9650542 0.187166 -15.57672 63.80989 -143.1554
0.6327666 -1.043912 0.1500566 -13.88969 57.61142 -140.7126
0.6605987 -1.003873 0.1964433 -14.57672 57.52745 -139.1096
0.6393584 -1.019009 0.1969316 -19.56908 57.68012 -137.0638
0.6540069 -1.05441 0.1771562 -17.80573 55.55799 -136.9111
0.6481475 -1.084683 0.1869218 -18.71412 52.9473 -134.8882
0.6469268 -1.100552 0.1891191 -19.21031 50.77936 -132.6287
0.6396026 -1.122769 0.1893632 -20.80573 48.77936 -130.1859
0.6325225 -1.11691 0.1883867 -21.96603 47.96257 -128.0256
0.6022491 -1.151333 0.1922929 -24.36298 46.28318 -125.3768
0.5517119 -1.189908 0.1944902 -24.25611 43.27554 -122.308
0.5827178 -1.126675 0.2130449 -25.60725 41.81753 -120.4531
0.5924834 -1.222623 0.1283281 -29.2103 46.03127 -116.476
0.6051787 -1.279507 0.01699996 -24.34771 36.74883 -112.2546
0.5788116 -1.299283 0.04458785 -27.69885 30.64959 -106.9187
0.5790557 -1.274869 0.08902144 -32.15687 28.24501 -102.3462
0.5792998 -1.336392 0.02481246 -38.71412 28.12287 -95.43782
0.5641631 -1.364224 -0.02987504 -42.17214 18.83279 -87.94927
0.5773467 -1.360562 0.003816366 -45.05 12.016 -81.22408
0.5822295 -1.342984 0.03994918 -44.31718 8.016001 -76.17828
0.5749053 -1.313931 0.0731523 -46.79046 3.840427 -69.85003
0.5797881 -1.260708 0.1122148 -49.32481 -0.7397252 -64.58286
0.5844268 -1.216519 0.1688554 -52.21794 -4.747359 -59.46072
0.6029815 -1.168912 0.2113359 -56.72176 -6.808427 -55.24698
0.6095733 -1.133267 0.2472246 -59.43168 -10.18247 -51.14774
0.6120147 -1.076626 0.3148515 -61.30191 -10.15957 -48.40729
0.6190948 -1.057828 0.3548906 -62.16451 -10.99927 -45.89584
0.6188506 -1.036343 0.3898027 -60.60725 -11.60232 -44.12484
0.6188506 -1.014615 0.4054277 -58.75229 -11.63285 -42.97217
0.62471 -1.002652 0.4090898 -56.74466 -11.40385 -41.7737
0.6510772 -0.9897124 0.3912675 -54.50038 -11.60995 -40.54469
0.6776885 -0.9865386 0.3207109 -53.86679 -16.79316 -35.39965
0.6745147 -0.992398 0.3043535 -55.69122 -18.97637 -33.0027
0.6762237 -0.9953277 0.3182695 -57.24084 -21.28171 -30.21644
0.6833037 -0.9980132 0.3236406 -58.60725 -23.64049 -27.75843
0.6818389 -0.9982574 0.3461015 -59.99657 -25.83133 -25.0027
0.6940459 -0.9850738 0.3629472 -60.76756 -27.67866 -22.39965
0.701126 -0.9726226 0.3963945 -61.24084 -29.51072 -20.20117
0.7074737 -0.9550445 0.4298418 -61.13397 -30.48018 -18.21644
0.7021026 -0.9338042 0.4598711 -61.46222 -31.15957 -16.14774
0.7072295 -0.9154937 0.4869707 -61.9584 -31.38095 -14.63629
0.6952666 -0.9010894 0.5138261 -63.27137 -32.17484 -12.37675
0.7140655 -0.8881499 0.5519121 -59.53092 -31.32751 -12.43018
0.7079619 -0.8766753 0.5812089 -58.08054 -30.78553 -11.41492
0.7008819 -0.8598296 0.5914629 -55.59199 -30.86186 -10.59049
0.7309112 -0.9057281 0.5846269 -47.69122 -29.77789 -11.89583
0.6942901 -0.8395659 0.6451738 -55.70649 -28.40385 -9.712626
0.685501 -0.8424956 0.6642168 -50.03473 -27.75499 -8.514153
0.6801299 -0.790982 0.6503007 -47.53092 -26.38858 -7.605755
0.6862334 -0.7963531 0.6410234 -46.9813 -25.45728 -6.99507
0.7023467 -0.8039214 0.6432207 -44.11871 -24.53362 -6.682091
0.7147979 -0.8009917 0.6366289 -42.59962 -23.90767 -5.582855
0.7191924 -0.7863433 0.6280839 -42.23321 -23.37331 -4.017969
0.7226104 -0.7756011 0.619539 -41.9813 -22.73209 -3.017969
0.7348174 -0.7655913 0.6158769 -40.94313 -21.73209 -1.979801
0.7440948 -0.7565581 0.6217363 -39.40878 -20.50308 -1.384382
0.7541045 -0.7318999 0.6019609 -38.63779 -19.28934 -0.9110985
0.7680205 -0.7150542 0.5895097 -39.78283 -18.23591 0.03546524
0.7785186 -0.7082183 0.5863359 -42.11107 -17.17484 1.134703
0.7743682 -0.70773 0.574373 -43.99657 -15.93056 1.569817
0.777542 -0.7062652 0.5714433 -45.83626 -14.15957 2.317909
0.7753448 -0.7121245 0.5721757 -47.01183 -12.27408 2.775923
0.7631377 -0.7165191 0.541414 -47.79809 -10.92293 3.424778
0.7458037 -0.7165191 0.5223711 -49.58435 -10.59469 4.462946
0.7331084 -0.7360503 0.511873 -51.01183 -9.457283 5.409512
0.3324736 -0.1701323 0.4093339 -10.43168 7.779358 16.21104
0.265335 -0.334439 0.2743242 -5.362977 -8.28171 29.49348
0.2658232 -0.3276031 0.2936113 -6.668321 -9.984 31.03547
0.2687529 -0.3110015 0.2960527 -7.530916 -11.86186 32.53165
0.2836455 -0.285855 0.3177812 -8.630153 -13.54125 34.03547
0.289749 -0.2651031 0.3431718 -10.1187 -14.85423 34.63089
0.3002471 -0.2543609 0.3631914 -11.72176 -15.8466 35.71486
0.3007354 -0.2377593 0.3839433 -13.1187 -16.59469 36.26447
0.3046416 -0.2155425 0.4100664 -13.67595 -16.55652 36.38661
0.3151397 -0.2074858 0.4386308 -13.98893 -16.57942 36.24921
0.320999 -0.1925933 0.4579179 -14.0042 -16.77789 36.01257
