0.8089028 -1.774963 0.9208174 269.6508 -170.8354 251.8109
0.8677407 -1.71051 0.7474775 269.6508 -152.7591 251.8109
1.777409 2.224976 0.1332197 104.0478 -126.7133 251.8109
1.750065 2.224976 1.883464 45.60505 -56.88122 -59.10513
1.801823 2.224976 1.832194 35.002 -42.87359 -88.63185
1.781071 2.224976 1.905925 27.21574 -32.27053 -122.4334
1.80109 2.224976 1.958659 6.872229 -18.75145 -157.6318
1.895084 2.224976 1.963542 -8.494183 -3.02626 -194.0441
1.881657 2.224976 1.951091 -41.71556 9.775267 -227.525
2.004948 2.224976 1.93156 -57.55525 26.03481 -248.4563
1.989323 2.224976 2.032878 -78.80716 41.93557 -248.4563
2.042057 2.224976 2.009929 -89.02853 61.42412 -248.4563
2.065739 2.224976 1.985026 -98.77663 77.4623 -248.4563
2.133854 2.224976 1.951335 -112.5705 92.51573 -248.4563
2.253971 2.224976 1.950603 -124.8377 109.905 -248.4563
2.289799 2.224976 1.841716 -117.5018 129.8363 -248.4563
2.289799 2.224976 1.682292 -120.3491 143.989 -248.4563
2.289799 2.224976 1.527263 -116.1201 156.4394 -248.4563
2.289799 2.224976 1.401774 -123.6621 168.4776 -248.4563
2.289799 2.172547 1.268962 -133.5247 179.5539 -248.4563
2.289799 1.962098 1.209147 -142.7003 191.9661 -248.4563
2.289799 1.725281 1.079997 -153.7079 205.3401 -248.4563
2.289799 1.570496 0.9916182 -157.7003 215.3325 -248.4563
2.289799 1.40741 0.9064131 -164.5934 229.9432 -248.4563
2.289799 1.213563 0.8304853 -172.6163 231.0959 -248.4563
2.289799 1.006531 0.668376 -183.5934 231.0959 -248.4563
2.289799 0.8129278 0.52946 -191.6087 231.0959 -248.4563
2.289799 0.6488653 0.2941084 -197.1125 231.0959 -248.4563
2.289799 0.5167852 0.2003584 -208.7384 231.0959 -248.4563
2.289799 0.4865118 0.1195478 -229.8224 231.0959 -248.4563
2.289799 0.2963263 -0.0784502 -230.6163 231.0959 -248.4563
2.289799 0.03070129 -0.2605791 -230.6163 231.0959 -248.4563
2.289799 -0.1492303 -0.2605791 -230.6163 231.0959 -248.4563
2.289799 -0.6292109 -0.2605791 -230.6163 231.0959 -248.4563
2.289799 -0.7293085 -0.2605791 -230.6163 231.0959 -248.4563
2.289799 -0.7715448 -0.2605791 -230.6163 231.0959 -248.4563
2.289799 -1.156066 -0.2605791 -230.6163 231.0959 -248.4563
2.289799 -1.333312 -0.2605791 -230.6163 231.0959 -248.4563
2.246159 -1.399475 -0.2605791 -230.6163 231.0959 -248.4563
2.172184 -1.707824 -0.2605791 -230.6163 231.0959 -248.4563
1.723209 -1.774963 -0.2605791 -230.6163 231.0959 -248.4563
0.4334146 -1.774963 -0.2605791 -230.6163 231.0959 -248.4563
0.3015786 -1.774963 -0.2605791 -230.6163 231.0959 -248.4563
-0.5975913 -1.774963 -0.2605791 -230.6163 215.6608 -248.4563
-0.6151694 -1.774963 -0.2605791 -210.4636 131.844 -248.4563
-0.3649253 -1.774963 -0.2605791 -78.67738 17.34015 -223.1891
-0.5492515 -1.774963 -0.2605791 22.40658 -60.3545 -174.6776
-1.090755 -1.774963 -0.2605791 50.91803 -104.4079 -116.9525
-1.451107 -1.774963 -0.2605791 23.0936 -148.9576 -58.96009
-1.493832 -1.774963 -0.2605791 -4.623955 -179.0339 -13.82269
-1.342708 -1.774963 -0.2605791 -13.22701 -209.24 14.71166
-1.041927 -1.774963 -0.2605791 -11.62395 -236.927 32.94831
-0.7614097 -1.774963 -0.2605791 -3.646854 -253.3545 48.47502
-0.5563315 -1.774963 -0.2605791 21.0936 -269.1713 66.89487
-0.3502769 -1.774963 0.008219719 44.89513 -269.1713 86.49792
-0.1295737 -1.774963 0.3441572 73.04781 -264.5072 97.95594
0.231022 -1.774963 0.3395185 98.99437 -267.6751 135.5743
0.2964517 -1.774963 0.7267256 111.2768 -269.1713 155.7498
0.5029946 -1.774963 0.8983564 132.1318 -259.0568 173.3682
0.586979 -1.774963 1.198894 153.2844 -250.1255 186.933
0.5735513 -1.774963 1.319499 179.3531 -232.9041 201.2384
0.5816079 -1.591125 1.392009 199.2616 -220.7744 211.4674
0.5781899 -1.339904 1.43864 213.315 -210.3087 225.0704
0.6428872 -1.030578 1.376628 213.9715 -198.6522 231.246
0.5774575 -0.9883417 1.520427 252.3761 -197.927 231.9789
0.6348306 -0.8784784 1.545573 243.1165 -165.7972 247.9789
0.5532876 -0.764953 1.455485 251.7196 -158.5148 251.8109
0.5388833 -0.6765741 1.396159 252.1165 -146.0797 251.8109
0.5449868 -0.5969843 1.338786 255.0707 -137.1866 251.8109
0.6052896 -0.4924921 1.258952 251.3226 -127.9576 251.8109
0.573063 -0.5476679 1.231608 261.3073 -122.7209 251.8109
0.5740396 -0.4829706 1.19279 252.2081 -111.5759 251.8109
0.5508462 -0.4671015 1.187663 252.4066 -103.1026 251.8109
0.6023599 -0.4458612 1.086833 250.147 -98.03389 251.8109
0.6309243 -0.3367304 1.153728 246.4066 -91.43085 251.8109
0.6445962 -0.3518671 1.079509 241.7806 -81.99573 251.8109
0.7417642 -0.110412 1.173015 226.4753 -74.52245 251.8109
0.7239419 -0.252746 1.102214 230.8341 -62.24763 251.8109
0.7683755 -0.2280878 0.9542646 218.6738 -56.59878 251.8109
0.805729 -0.296203 0.8612471 211.5822 -54.59114 251.8109
0.8240396 -0.1909784 0.8175459 204.9791 -55.63695 251.8109
0.888981 -0.1189569 0.6971846 197.315 -55.90412 251.8109
0.9426919 -0.07281433 0.6122236 187.7043 -55.48428 251.8109
1.015446 -0.01129089 0.6334639 181.5058 -53.41557 251.8109
1.171208 0.1339728 0.6466475 167.3531 -56.06443 251.8109
1.091129 0.09832825 0.5257978 176.4753 -57.1255 251.8109
1.16779 0.1950079 0.4996748 171.2081 -57.92702 251.8109
1.324772 0.2348029 0.4210615 177.8875 -54.71328 251.8109
1.345036 0.4259649 0.3329268 178.5745 -60.46901 251.8109
1.202458 0.7059942 0.1322432 179.9562 -63.32397 251.8109
2.289799 1.361268 1.087565 -201.7384 231.0959 -248.4563
-0.4308433 -1.158996 -0.2605791 -140.4636 -269.1713 147.8109
-0.1066245 -1.216125 -0.2605791 -55.96746 -269.1713 113.9025
0.1392251 -1.35382 -0.2605791 15.52108 -269.1713 121.0933
0.3587075 -1.18634 0.1483564 73.0707 -269.1713 118.2613
0.4529458 -1.200988 0.3898115 149.0631 -269.1713 114.3147
0.5796548 -0.9661249 0.5223799 198.9333 -269.1713 119.6048
0.619938 -0.8262323 0.732585 247.1165 -269.1713 122.7193
0.7068521 -0.5108027 0.9103193 269.3073 -269.1713 130.2613
0.7642251 -0.3296503 1.136638 269.6508 -269.1713 127.8414
0.6704751 -0.2644647 1.177409 269.6508 -269.1713 138.4445
0.8147622 0.002380982 1.223796 269.6508 -269.1713 152.8872
0.6846353 0.02191223 1.27946 269.6508 -269.1713 151.933
0.6526528 0.2128302 1.220866 269.6508 -269.1713 155.788
0.6314126 0.3317267 1.235271 269.6508 -254.9881 158.643
0.4990884 0.4740606 1.160563 269.6508 -243.8736 163.3376
0.5767251 0.4974981 1.085856 269.6508 -234.7744 166.4369
0.5203286 0.5353399 1.082927 269.6508 -230.1484 163.1544
0.4817544 0.6078497 1.083171 269.6508 -222.782 165.7193
0.4846841 0.641297 1.085124 269.6508 -214.1255 167.4598
0.5215493 0.6913458 1.0778 269.6508 -207.6827 170.4369
0.5945474 0.6107794 1.06364 269.6508 -199.614 170.3147
0.6069985 0.5805059 1.015056 269.6508 -194.1102 172.8643
0.6143228 0.5243536 0.9986982 269.6508 -189.1255 176.1391
0.6087075 0.4889532 0.9833174 269.6508 -183.9118 178.8796
0.5820962 0.360047 0.8761396 269.6508 -170.0034 192.0857
0.5845376 0.3602911 0.8214521 269.6508 -167.4537 197.5895
0.5659829 0.3690802 0.7455244 269.6508 -164.5682 203.8414
0.599186 0.3829962 0.6517744 269.6508 -161.5759 210.5437
0.5916177 0.4293829 0.5716963 269.6508 -162.9652 218.4598
0.6292153 0.4401251 0.512126 269.6508 -159.2018 227.162
0.7012368 0.5258184 0.4269209 269.6508 -160.0644 236.414
0.7315103 0.6793829 0.3314619 269.6508 -159.3316 248.3987
0.7927896 0.7423712 0.2025557 269.6508 -164.6446 251.8109
0.7400552 0.7814337 0.149333 269.6508 -175.2858 251.8109
0.6970864 0.7443243 0.180583 269.6508 -174.8125 251.8109
0.7332192 0.85492 0.1002607 269.6508 -178.2476 251.8109
0.7781411 0.9235235 0.1053877 269.6508 -187.4156 251.8109
0.9502603 1.089051 -0.04988575 269.6508 -183.9499 251.8109
0.7046548 1.122742 0.00480175 269.6508 -204.7514 251.8109
0.8445474 1.200135 -0.1250811 269.6508 -212.2705 251.8109
0.9900552 1.270447 0.03580761 269.6508 -217.1331 251.8109
1.05402 1.328309 0.07413769 269.6508 -220.6675 251.8109
1.125553 1.406678 0.03824902 269.6508 -228.8583 251.8109
1.227116 1.464783 0.08048534 269.6508 -236.9805 251.8109
1.314274 1.563172 0.1378584 269.6508 -240.9499 251.8109
1.361393 1.705506 0.1498213 269.6508 -246.0568 251.8109
1.396549 1.766541 0.1808271 269.6508 -259.782 251.8109
1.328678 1.756287 0.3292646 269.6508 -269.1713 251.8109
1.648014 1.987977 0.263835 269.6508 -269.1713 251.8109
1.909977 2.100037 0.5328779 269.6508 -269.1713 251.8109
1.769596 2.224976 0.6327314 269.6508 -269.1713 251.8109
1.90485 2.224976 0.8517256 269.6508 -263.095 251.8109
2.027164 2.224976 0.9637861 269.6508 -254.927 251.8109
2.0611 2.224976 0.9730635 269.6508 -245.8125 251.8109
2.059147 2.224976 1.050944 269.6508 -238.385 251.8109
2.175846 2.224976 1.107829 269.6508 -232.2476 251.8109
2.149967 2.224976 1.211589 269.6508 -219.5911 251.8109
2.124821 2.224976 1.221354 269.6508 -194.7056 251.8109
1.952458 2.224976 1.129802 269.6508 -177.7667 234.7804
