0.171166 0.7936264 1.856806 4.554779 -14.94519 17.03979
0.136498 0.770433 1.829706 5.516611 -7.609313 11.13902
0.09279688 0.7526108 1.788935 5.669282 -1.166565 5.100855
0.06765039 0.7340561 1.736444 4.883023 5.528091 -0.2808243
0.02932031 0.7086655 1.677118 3.142565 10.77237 -4.517466
0.03029688 0.6259018 1.59289 7.096763 16.03954 -9.006016
-0.007300779 0.6788803 1.574823 3.608214 19.7342 -12.48693
-0.08542578 0.6041733 1.490595 2.646382 24.39069 -18.4564
-0.1125254 0.5785385 1.419794 0.6311145 23.90214 -20.55563
-0.2028574 0.5839096 1.495966 -1.071175 23.98611 -22.47166
-0.2135996 0.4254624 1.301874 0.5700459 31.76473 -27.08235
-0.2614512 0.4269272 1.24206 -2.475756 29.13878 -28.87625
-0.3080821 0.3737046 1.201044 -6.223847 25.77237 -28.40296
-0.3266367 0.2906968 1.102655 -6.605527 26.13115 -30.08235
-0.3935313 0.2447983 1.027948 -3.483389 17.42886 -30.01365
-0.3884043 0.2350327 0.9376163 -8.735298 13.13114 -28.82281
-0.4264903 0.1976792 0.9095401 -13.03301 12.07771 -28.18159
-0.4592051 0.1739975 0.8941592 -15.52156 5.092977 -26.6625
-0.4548106 0.1483628 0.8992862 -16.98721 -0.006259918 -25.41059
-0.434791 0.1307847 0.9227237 -19.98721 -2.784886 -23.86861
-0.4506602 0.108812 0.9346866 -20.97957 -7.81542 -22.47166
-0.4301524 0.1022202 0.9676455 -21.53682 -11.83832 -20.98311
-0.4177012 0.09831396 1.013788 -22.17041 -15.51771 -19.91441
-0.3888926 0.09880224 1.061396 -22.08644 -17.69328 -19.46403
-0.3727793 0.1002671 1.104853 -21.804 -19.54061 -19.41059
-0.3490977 0.1044175 1.150751 -20.91087 -20.55588 -19.60143
0.4314199 -1.274733 -0.06165135 -42.20095 166.7724 -56.00601
0.4170156 -0.9824966 -0.06165135 -36.8956 26.96321 65.58941
0.4692617 -0.9378189 -0.06165135 -35.52156 17.29908 68.84895
0.5146719 -0.8921646 -0.06165135 -33.39178 8.444122 72.76498
0.5544668 -0.8540787 -0.06165135 -30.12461 1.413588 72.77261
0.5749746 -0.8111099 -0.06165135 -27.60553 -5.868855 76.50544
0.6084219 -0.7932877 -0.04504979 -24.7582 -13.0597 78.78024
0.6372304 -0.8094009 0.0203799 -21.52156 -19.40321 80.20773
0.6723867 -0.8128189 0.0948428 -18.55209 -25.44901 83.84132
0.7014394 -0.8020767 0.1573428 -15.69713 -30.32687 84.63521
0.7307363 -0.8101334 0.2300967 -13.7353 -34.51771 88.86421
0.7322011 -0.8189224 0.2794131 -11.7124 -38.44137 93.2001
0.7534414 -0.8294205 0.3526553 -8.681863 -40.81542 96.99399
0.7907949 -0.7488541 0.4988955 4.363939 -44.99863 107.9711
0.7954336 -0.7339615 0.5206241 10.01279 -47.63985 113.7726
0.7859121 -0.7259048 0.5355166 15.37157 -46.51007 115.1009
0.7646719 -0.7322525 0.5069522 20.69218 -46.37267 117.5054
0.7395254 -0.7266373 0.4757022 25.01279 -46.29633 119.765
0.7051015 -0.7198013 0.4022159 28.00516 -49.37267 126.1314
0.6633535 -0.7652115 0.3099307 29.67692 -51.91466 129.1237
0.6152578 -0.7698502 0.2310733 30.2876 -55.41847 133.139
0.5854726 -0.7691177 0.1685733 29.51661 -61.00626 139.0092
0.5527578 -0.7884048 0.1246279 27.99753 -67.1742 143.7497
0.5405508 -0.7947525 0.09288967 25.31814 -73.25817 150.2993
0.5442129 -0.800856 0.08336819 23.98989 -80.29634 155.3451
0.5559316 -0.792067 0.08092678 23.06623 -86.41084 159.9405
0.5635 -0.7769302 0.0816592 22.54715 -92.60931 165.0703
0.5735097 -0.7635025 0.1080264 23.63875 -98.43375 169.7802
0.5735097 -0.7469009 0.1099795 25.72272 -104.1742 174.0092
0.5747304 -0.7178482 0.1131533 28.79142 -109.4261 176.5894
0.5720449 -0.6944107 0.08678616 31.55478 -113.2353 179.4749
0.5761953 -0.6953873 0.05529201 34.13493 -119.7849 182.2077
0.5696035 -0.6929459 0.01696193 35.67692 -126.0673 185.0398
0.5656972 -0.6839127 -0.01477635 37.13493 -132.9757 188.2993
0.5686269 -0.6895279 -0.04407322 38.66165 -139.5941 191.1161
0.5564199 -0.6846451 -0.06165135 41.11203 -147.0292 194.2993
0.5581289 -0.688063 -0.06165135 43.07386 -154.075 197.9329
0.558373 -0.6804947 -0.06165135 46.20364 -161.991 200.2612
0.5676504 -0.6394791 -0.06165135 48.98989 -169.4414 202.3833
0.5735097 -0.6009048 -0.06165135 51.2647 -177.8383 204.4138
0.587914 -0.5779556 -0.06165135 54.74562 -185.0063 205.2993
0.589623 -0.5598892 -0.06165135 59.06623 -191.6017 206.2917
0.5666738 -0.547438 -0.06165135 63.16547 -198.6933 207.8184
0.5473867 -0.5598892 -0.06165135 67.48608 -204.8994 208.0092
0.5207754 -0.5689224 -0.06165135 71.24944 -212.304 209.9329
0.495873 -0.5869888 -0.06165135 73.87539 -219.5559 212.5741
0.4736562 -0.6101822 -0.06165135 76.0357 -228.9528 216.5512
0.4406972 -0.6516861 -0.06165135 75.41737 -238.5559 219.6123
0.4045644 -0.7005142 -0.06165135 74.27997 -250.4337 221.0551
0.4145742 -0.7698502 -0.06165135 72.50134 -254.2429 218.2612
0.4509511 -0.7266373 -0.06165135 67.62348 -254.2429 226.7726
0.4917226 -0.7127213 -0.06165135 57.66165 -254.2429 238.681
0.5129629 -0.7703384 -0.06165135 53.13493 -254.2429 246.2764
0.5813222 -0.7234634 -0.06165135 46.64638 -254.2429 251.6963
0.6731191 -0.7161392 -0.06165135 40.21127 -254.2429 251.6963
0.7329336 -0.7017349 -0.06165135 35.82196 -254.2429 251.6963
0.8218008 -0.6841568 -0.06165135 33.29523 -254.2429 251.6963
0.8493887 -0.6638931 -0.06165135 32.02806 -254.2429 251.6963
1.038354 -0.5484146 -0.06165135 25.47081 -254.2429 251.6963
1.089379 -0.580397 -0.06165135 21.47844 -254.2429 251.6963
1.183373 -0.5274185 -0.06165135 20.83722 -254.2429 251.6963
1.301781 -0.3887466 -0.06165135 16.42501 -254.2429 251.6963
1.384301 -0.3904556 -0.06165135 13.1502 -254.2429 251.6963
1.489281 -0.3333267 -0.06165135 13.81432 -254.2429 251.6963
1.573754 -0.2439712 -0.06165135 17.14256 -254.2429 251.6963
1.64309 -0.1043228 -0.03992283 19.86776 -254.2429 251.6963
1.727074 0.00969091 0.08654202 19.98989 -254.2429 251.6963
1.798363 0.1188218 0.2049502 19.09676 -254.2429 251.6963
1.887475 0.1905991 0.1827334 26.13493 -254.2429 251.6963
1.721947 0.324144 0.46496 30.45554 -254.2429 251.6963
1.680199 0.4218003 0.7208194 23.69218 -254.2429 251.6963
1.730492 0.5565659 0.71496 20.09676 -254.2429 244.223
1.655785 0.5636459 0.9341983 20.58531 -254.2429 234.5436
1.804711 0.5870834 0.9966983 35.2189 -254.2429 225.2077
1.565697 0.8409897 1.519892 31.52424 -254.2429 217.4367
1.809105 0.8856674 1.533808 24.30287 -254.2429 209.9558
1.685326 0.996019 1.806024 21.05096 -254.2429 193.4215
1.78225 0.7972885 1.994257 13.20363 -254.2429 190.2383
1.625023 0.9244858 2.192987 2.203634 -254.2429 165.7115
1.537133 0.55681 2.273066 3.112031 -254.2429 152.1008
1.641137 0.6273666 2.458612 19.87539 -254.2429 137.2459
1.466576 0.4027573 2.55163 56.35631 -254.2429 134.7879
1.256371 0.9181381 3.069208 18.79142 -233.6017 132.2612
1.032982 0.9371811 3.06872 -14.28492 -212.5253 124.9482
0.9785391 0.5699936 2.89831 -6.918504 -223.365 104.3604
0.8894278 0.6207748 3.139032 -6.132245 -207.3269 111.5283
0.7282949 0.7694565 3.194696 -26.8269 -206.1131 94.90238
0.7690664 0.6744858 3.081171 -46.70476 -207.9528 77.36803
0.9382559 0.7120834 3.392694 -52.48339 -173.5635 84.37566
-0.1286387 0.7413803 1.519648 9.089129 -27.27343 42.09322
-0.3215098 0.1593491 1.36413 -19.42232 -29.47954 -11.28082
-0.2961192 0.1425034 1.400751 -19.46812 -28.2658 -11.28846
-0.309791 0.09318701 1.448847 -18.28492 -27.15893 -10.76937
-0.3041758 0.07609716 1.475702 -16.70476 -25.62458 -9.273191
-0.3193125 0.07341161 1.517939 -16.30782 -22.76962 -8.517466
-0.3122324 0.07243505 1.548456 -15.20095 -21.36504 -6.639603
-0.2995371 0.07292333 1.572382 -13.81163 -17.57114 -6.425862
-0.3066172 0.08854834 1.604608 -12.77347 -15.03679 -5.578534
-0.301002 0.108812 1.606806 -10.02537 -11.45664 -5.425862
-0.3083262 0.1185776 1.615106 -8.491023 -7.807786 -5.693038
-0.3158946 0.1259018 1.605829 -7.002474 -4.250535 -6.044183
-0.3290781 0.141771 1.582392 -5.315451 -1.62458 -6.815176
-0.3434824 0.1530015 1.563105 -5.025374 1.062442 -7.082351
-0.3608164 0.1512925 1.527704 -5.025374 3.97084 -7.563267
-0.3832774 0.1620347 1.501581 -5.613161 5.818168 -7.95258
-0.391334 0.1398179 1.46911 -6.834535 7.39832 -7.922045
-0.3952403 0.1237046 1.425898 -7.811634 8.428855 -8.227389
-0.4042735 0.0961167 1.384638 -7.857435 9.276183 -8.517466
-0.4115977 0.07097021 1.382685 -7.834535 9.497557 -8.830443
-0.4250254 0.03508153 1.372431 -8.742931 9.596794 -8.593801
-0.4440684 0.001145989 1.355097 -10.79637 9.238015 -7.754107
-0.4338145 -0.03010401 1.375116 -13.23148 8.932672 -6.967847
-0.4313731 -0.06623682 1.394647 -15.6895 9.474656 -5.929679
-0.4213633 -0.1038345 1.420771 -16.68186 10.05481 -4.326626
-0.4181895 -0.1309341 1.456415 -16.72766 12.07771 -3.051816
-0.4299082 -0.1616958 1.474481 -16.77346 14.42885 -0.8686108
-0.4267344 -0.1826919 1.490595 -14.61316 16.8945 1.291695
-0.4365 -0.1714614 1.504755 -14.32308 19.9174 4.108489
-0.4413828 -0.172438 1.510126 -11.96431 23.30672 5.627573
-0.4599375 -0.1314224 1.498163 -9.536824 25.48992 7.062687
-0.4601817 -0.1018814 1.482782 -7.903236 27.8716 8.429099
-0.4616465 -0.07185206 1.475458 -5.384153 29.8716 8.803145
-0.4760508 -0.03742823 1.46496 -2.758199 31.32199 8.619939
-0.4994883 0.01115575 1.437372 -0.002473235 33.58916 7.505435
