-0.01737988 0.1802095 0.6412675 -2.011832 -5.724458 26.87516
-0.01640332 0.1789888 0.6527421 -1.775191 -5.57942 27.02783
-0.01371777 0.1824067 0.6620195 -1.508016 -5.28171 26.80646
-0.01274121 0.1765474 0.6639726 -1.149237 -5.129038 27.07363
-0.007858396 0.1697114 0.6752031 -1.279008 -4.449649 26.87516
-0.01737988 0.181186 0.6795976 -2.019466 -3.732091 26.91333
-0.007370114 0.1767915 0.6825273 -2.408779 -3.235909 27.31791
-0.004440427 0.1785005 0.6839921 -2.820992 -3.029802 27.49348
-0.00566113 0.1772798 0.685457 -3.698855 -1.968733 27.53165
-0.003952146 0.1789888 0.6783769 -4.324809 -1.327511 27.59272
0.007278323 0.1802095 0.6883867 -4.75229 -0.5336184 27.66142
0.02778614 0.1916841 0.6817949 -5.256107 0.03126717 27.63089
0.02534473 0.2182954 0.668123 -5.729389 0.09996939 26.71486
0.01899707 0.2329438 0.6566484 -5.973664 0.4511144 25.89043
0.01240528 0.2261079 0.6622636 -6.744657 0.756458 25.12707
0.008499026 0.2219575 0.6549394 -7.546184 0.9091299 24.40188
0.002395511 0.2151216 0.6590898 -8.15687 1.130504 23.79882
0.002395511 0.212436 0.6498125 -8.065268 1.31371 23.23394
0.006790042 0.2109712 0.6498125 -8.210305 1.61142 22.58508
0.00215137 0.2046235 0.6459062 -7.653054 1.550351 22.14234
0.004104495 0.1904634 0.6593339 -6.843893 2.031267 21.53165
-4.589557e-05 0.1877778 0.6354082 -6.187405 2.260275 21.25684
-0.00956738 0.1855806 0.6358964 -4.210305 2.382412 20.60035
-0.06523144 0.1470063 0.6036699 2.774427 3.016 18.98203
-0.04423535 0.1775239 0.5609453 5.27061 0.8633282 19.09653
-0.001266599 0.2097505 0.5567949 5.988168 -0.6557558 19.33318
0.003616214 0.2390474 0.5687578 1.835496 -0.02980161 20.56218
0.01484668 0.2119478 0.5672929 1.148473 0.535084 20.67669
-0.001266599 0.1721528 0.543123 1.156106 0.008366346 21.24157
-0.02543652 0.1618989 0.5379961 2.835496 -0.816061 21.37134
-0.0415498 0.1565278 0.5340898 3.255343 -1.274076 21.92096
-0.03813183 0.1628755 0.5360429 3.896565 -1.587053 22.24921
-0.05155957 0.1623872 0.5433671 4.362214 -2.266443 22.57745
-0.0481416 0.1653169 0.5401933 4.339313 -2.358046 23.1576
-0.03691113 0.1694673 0.5433671 4.308778 -2.449649 23.41714
-0.02885449 0.1736177 0.5477617 4.033969 -2.602321 24.14997
-0.03300488 0.1719087 0.5519121 3.507252 -2.564153 24.59272
-0.02885449 0.1775239 0.5633867 2.911832 -2.846595 24.83699
-0.04643261 0.1677583 0.5538652 2.698091 -3.006901 25.27974
-0.04106152 0.172397 0.5628984 2.629389 -2.945832 25.62325
-0.03666699 0.1687349 0.5538652 2.278244 -3.487817 26.23394
-0.05009472 0.1826509 0.5592363 1.530153 -3.701557 26.40951
-0.05009472 0.1877778 0.5660722 0.9423661 -4.350412 26.64615
-0.0547334 0.1997407 0.5697343 -0.06526709 -4.846596 26.69959
-0.05497754 0.1955903 0.5763261 -1.622519 -5.342779 27.45531
-0.05961621 0.2029145 0.5863359 -3.225573 -5.480183 27.51638
-0.05693066 0.1975434 0.5907304 -4.217939 -5.800794 27.57745
-0.05107129 0.2043794 0.6112382 -5.256107 -6.17484 27.42478
-0.04643261 0.2051118 0.6141679 -5.790458 -6.922931 27.55455
-0.04716504 0.2163423 0.6295488 -6.45458 -7.342779 27.49348
-0.03984082 0.2143892 0.6261308 -7.13397 -7.663389 27.1347
-0.03227246 0.205356 0.6329668 -7.439313 -7.991633 26.66905
-0.03422558 0.2114595 0.642 -7.614886 -8.083237 26.26447
-0.02421582 0.219272 0.6512773 -7.576718 -8.113771 25.40951
-0.01005566 0.2185395 0.6603105 -7.64542 -7.930565 25.14997
-0.01322949 0.2256196 0.6622636 -8.133969 -7.838962 24.24921
0.001907229 0.2290376 0.6544511 -8.508016 -7.38858 23.30264
-0.003952146 0.2370942 0.6498125 -8.630153 -7.571786 22.31791
-0.01371777 0.2309907 0.6485918 -9.248473 -7.342779 21.1805
-0.01420605 0.2202485 0.6539629 -9.43168 -7.464916 20.47058
-0.004684567 0.2112153 0.6429765 -9.668321 -7.060336 19.82936
-0.0181123 0.2058442 0.6424882 -9.721756 -6.671023 19.05073
-0.01347363 0.1953462 0.6488359 -9.233206 -6.480183 18.48585
-0.01835644 0.1826509 0.642 -8.904962 -6.014534 18.02783
-0.01078808 0.1838716 0.6485918 -8.630153 -5.884763 17.67669
-0.01493847 0.1711763 0.6398027 -8.317176 -5.518351 17.1576
-0.02030957 0.158481 0.6415117 -7.767557 -4.831328 16.93623
-0.0271455 0.1523774 0.6300371 -7.576718 -4.984 17.21104
-0.02299511 0.1448091 0.6400468 -7.591985 -4.594687 17.46295
-0.0181123 0.1409028 0.6398027 -7.729389 -4.098504 17.98966
-0.02226269 0.137729 0.636873 -8.034733 -3.922931 18.42478
-0.0168916 0.1301606 0.6512773 -8.065268 -3.777893 19.66905
-0.01493847 0.1216157 0.6463945 -8.576717 -3.434382 20.37134
-0.009323239 0.120395 0.6459062 -8.393512 -3.106137 21.22631
-0.008590817 0.1291841 0.650789 -7.996565 -2.831328 21.84463
-0.005416989 0.1387056 0.6503007 -7.614886 -2.342779 22.40188
-0.002487302 0.1321138 0.650789 -7.080534 -1.922931 22.82173
-0.007125974 0.1321138 0.6478593 -6.477481 -1.510718 23.44768
-0.18071 -0.4880034 0.6700761 -11.21794 -2.403847 32.62325
-0.1694795 -0.4860503 0.6700761 -10.56908 -0.7626259 32.68432
-0.1716768 -0.4938628 0.6717851 -9.94313 -0.167206 32.9744
-0.1843721 -0.476773 0.6644609 -8.759924 0.2297404 32.74539
-0.1816865 -0.4958159 0.6859453 -8.775191 1.298443 33.35608
-0.1689912 -0.4987456 0.6874101 -8.385878 2.985466 33.31028
-0.1687471 -0.4955718 0.6766679 -8.439313 4.046535 33.50875
-0.1809541 -0.4840972 0.6603105 -8.469848 4.397679 33.2034
-0.1816865 -0.4779937 0.6495683 -8.737023 4.222107 33.38661
-0.1775361 -0.4714019 0.6629961 -9.675955 4.848061 33.58508
-0.1782686 -0.4718902 0.6708086 -10.40878 6.031268 33.23394
-0.1848603 -0.4643218 0.6688554 -10.43931 6.809893 32.9515
-0.1846162 -0.4638335 0.6488359 -9.897328 6.985466 32.53928
-0.1982881 -0.4596831 0.6441972 -10.77519 7.20684 32.63852
-0.1851045 -0.4504058 0.6424882 -10.75992 7.710657 32.28738
-0.1921846 -0.4413726 0.6417558 -11.9813 8.115236 32.23394
-0.1924287 -0.431607 0.6280839 -13.0271 8.458748 32.1576
-0.1968232 -0.431607 0.6224687 -15.05 8.886229 32.2263
-0.2041475 -0.4233062 0.6109941 -16.81336 8.557985 32.12707
-0.2009736 -0.4320952 0.6031816 -18.05 8.901497 32.2034
-0.1919404 -0.4255034 0.6075761 -18.37824 8.748825 31.86753
-0.2002412 -0.4189116 0.5953691 -17.43931 8.886229 30.9515
-0.2012178 -0.4169585 0.5953691 -15.9813 8.573252 29.73012
-0.1995088 -0.4223296 0.593416 -13.63779 7.825161 29.03547
-0.1997529 -0.423062 0.5978105 -10.70649 7.756458 27.40951
-0.1897432 -0.4416167 0.5980546 -8.446947 7.466382 26.37898
-0.186081 -0.454312 0.6026933 -5.729389 7.344244 25.53928
-0.1924287 -0.4696929 0.6012285 -3.187405 7.283176 24.29501
-0.1926728 -0.4726226 0.5831621 -2.279008 7.153405 23.93623
-0.1948701 -0.4779937 0.5907304 -1.72939 6.886229 23.58508
-0.1875459 -0.487271 0.5914629 -2.828626 6.80226 23.98966
-0.1763154 -0.4919097 0.5846269 -3.981298 7.145771 24.23394
-0.1780244 -0.4880034 0.576082 -5.424046 7.115237 24.28737
-0.1780244 -0.4850738 0.5731523 -6.622519 6.970198 24.72249
-0.1770478 -0.4955718 0.5719316 -8.653053 6.733557 25.14234
-0.1887666 -0.4992339 0.5699785 -10.04237 6.832794 25.67669
-0.1902314 -0.5002105 0.5616777 -11.30954 6.130504 26.25684
-0.1943818 -0.501187 0.5477617 -11.59962 6.42058 26.40188
-0.1951143 -0.4909331 0.544832 -11.51565 5.90913 26.45531
-0.1897432 -0.4845855 0.5460527 -10.85916 5.443481 26.47058
-0.1919404 -0.4738433 0.5306718 -9.660687 4.741191 26.27974
-0.1977998 -0.4689605 0.5372636 -8.790459 4.023633 26.01257
-0.1958467 -0.4836089 0.5572832 -7.966031 3.565619 26.40951
-0.1926728 -0.4838531 0.5580156 -7.057634 3.863328 26.58508
-0.1873018 -0.4760406 0.5633867 -6.202672 3.764091 26.30264
-0.1934053 -0.4745757 0.5565507 -5.065268 2.924397 26.98203
-0.2004853 -0.471646 0.5504472 -4.767557 2.61142 26.78356
-0.2009736 -0.4706695 0.5609453 -5.057633 2.069435 27.27211
-0.2031709 -0.475064 0.5765703 -4.553817 2.183939 27.51638
-0.2046357 -0.4735991 0.5816972 -4.508016 1.977832 28.00493
-0.2078096 -0.4706695 0.5902421 -4.614885 2.077069 28.16524
-0.1985322 -0.4692046 0.5843828 -4.56145 1.794626 28.69959
-0.2031709 -0.4682281 0.5814531 -5.042367 1.985466 29.14997
-0.2070771 -0.471646 0.5887773 -5.225573 2.000733 29.50111
-0.1943818 -0.4721343 0.5795 -4.721756 1.779359 29.61562
-0.1985322 -0.4652984 0.5807207 -4.630153 1.641954 29.79882
-0.1987764 -0.4591949 0.5755937 -4.042367 1.458748 29.84463
-0.2009736 -0.4477202 0.5641191 -3.660687 1.298443 29.50111
-0.1973115 -0.4328277 0.562166 -3.45458 1.092336 29.05073
-0.1995088 -0.4233062 0.5724199 -3.340076 0.5885191 28.51638
-0.2063447 -0.4262359 0.5677812 -3.271374 0.1915724 27.98203
-0.2092744 -0.4184234 0.5668046 -3.45458 -0.3122443 27.21104
-0.2134248 -0.4115874 0.5646074 -3.798092 -0.7778932 26.75302
-0.2141572 -0.4008452 0.5682695 -4.75229 -1.457282 25.98966
-0.2158662 -0.3925445 0.5655839 -5.034733 -1.87713 25.0889
-0.2100068 -0.391812 0.572664 -5.75229 -2.258809 24.44768
-0.2043916 -0.369107 0.5636308 -10.37824 -3.251175 22.27211
-0.2024385 -0.3578765 0.5619218 -12.05763 -4.266443 21.50875
-0.2014619 -0.3737456 0.5699785 -12.10344 -4.617588 19.88279
-0.1956025 -0.3881499 0.5804765 -11.48512 -4.808428 18.72249
-0.203415 -0.3979156 0.5931718 -10.85916 -5.190107 17.26447
-0.2031709 -0.4176909 0.5936601 -10.03473 -5.304611 16.60798
