1.912663 2.224976 1.31779 269.6508 -115.3011 251.8109
1.945866 2.224976 1.356364 248.8875 -113.5453 251.8109
2.130924 2.224976 1.397624 190.8188 -108.1408 251.8109
2.289799 2.224976 1.54069 124.4982 -102.3469 251.8109
2.289799 2.224976 1.640788 91.55162 -75.62932 251.8109
2.289799 2.224976 1.704753 44.77299 -73.43084 251.8109
2.289799 2.224976 1.774821 -27.72319 -44.16367 251.8109
2.289799 2.224976 1.629802 -82.42548 -33.62168 251.8109
2.289799 2.224976 2.000896 -102.0056 -12.41557 229.8643
2.289799 2.224976 2.040935 -42.07434 -4.072062 142.2002
2.289799 2.224976 2.292155 -86.23463 35.42412 83.79563
2.224186 2.224976 2.379069 -111.1965 56.00428 19.73456
2.105778 2.224976 2.609782 -100.9675 79.48518 -55.67002
2.046207 2.224976 2.549479 -71.9064 121.3096 -129.1357
2.289799 -0.6546015 -0.2605791 -230.6163 218.7142 -248.4563
-0.986019 -1.774963 -0.2605791 -58.66976 -233.5453 -168.7845
-0.8663901 -1.774963 -0.2605791 -4.982733 -256.8125 -125.8761
-0.4640464 -1.774963 -0.2605791 0.8340607 -258.1331 -76.32651
-0.1930503 -1.774963 -0.2605791 39.20047 -269.1713 -35.79215
0.1677896 -1.774963 -0.2605791 29.78062 -269.1713 11.49029
0.357731 -1.774963 0.1212568 60.13177 -269.1713 33.43686
0.5125161 -1.774963 0.322917 80.91803 -260.5988 44.65823
0.9087564 -1.774963 0.3221846 154.6509 -266.4385 118.6277
0.9744302 -1.774963 1.218181 64.94093 -235.8278 91.88724
0.5357095 -1.774963 1.468913 83.77299 -194.9346 155.4979
0.7835122 -1.774963 1.453288 75.45238 -181.9728 178.1926
0.6787759 -1.774963 1.475749 74.10887 -160.011 190.4827
0.7066079 -1.774963 1.424724 72.48292 -136.6522 217.1926
0.6663247 -1.764709 1.225749 93.46765 -121.4156 217.5514
0.6231118 -1.516906 1.014567 92.41422 -109.8049 235.5819
0.5308267 -1.200256 0.8326826 103.1776 -106.5835 239.8033
0.5225259 -1.005676 0.6713057 118.8722 -100.614 245.2231
0.4964028 -0.9251093 0.5475264 112.4295 -102.1866 251.8109
0.5015298 -0.7651972 0.5048018 128.8646 -101.6293 251.8109
0.4805337 -0.5098261 0.4281416 131.1012 -100.7744 251.8109
0.4832192 -0.3941034 0.3649092 136.7272 -104.4079 251.8109
0.4751626 -0.2156366 0.3287764 133.9409 -109.5835 251.8109
0.477604 -0.09820496 0.3102217 142.6967 -115.1408 251.8109
0.4175454 -0.01666199 0.3563643 139.0936 -116.4156 251.8109
0.4065591 -0.0125116 0.307292 154.7577 -122.3698 251.8109
0.4570962 0.0565802 0.3033857 163.9257 -127.0339 251.8109
0.5047036 0.1737677 0.4120283 169.0402 -131.6751 251.8109
0.5178872 0.1547247 0.5187178 170.1318 -126.8889 251.8109
0.5137368 0.1000372 0.5228682 173.4906 -124.0797 251.8109
0.4893228 0.1063849 0.4152021 182.9562 -125.553 251.8109
0.4819985 0.1925665 0.3805342 186.8875 -132.9423 251.8109
0.4998208 0.2203986 0.4420576 190.8417 -135.7285 251.8109
0.4988442 0.2626349 0.479167 193.7654 -136.7133 251.8109
0.5527993 0.6000372 0.6395674 186.2005 -134.6293 251.8109
0.5049478 0.3007208 0.631999 199.3761 -141.5453 251.8109
0.5188638 0.5350958 0.7403975 188.1165 -140.6064 251.8109
0.4539224 0.4996954 0.777751 192.4295 -140.2324 251.8109
0.4749185 0.5661016 0.774333 186.2463 -140.7744 251.8109
0.4666177 0.5258184 0.7613935 187.2692 -142.9041 251.8109
0.540104 0.5333868 0.732585 181.6814 -141.6675 251.8109
0.4961587 0.585877 0.8207197 185.0402 -146.4766 251.8109
0.5103189 0.6273809 0.8168135 184.3837 -147.385 251.8109
0.5230142 0.6754766 0.7980146 180.5364 -149.24 251.8109
0.4736978 0.6937872 0.9071455 175.7272 -152.2629 251.8109
0.5847817 0.7091681 0.7521162 174.6051 -153.9499 251.8109
0.526188 0.7482306 0.838542 171.399 -155.4843 251.8109
0.5171548 0.789002 0.8380537 169.6585 -159.927 251.8109
0.5230142 0.8104864 0.847331 164.7501 -163.9423 251.8109
0.5982095 0.8248907 0.8653975 156.4906 -167.324 251.8109
0.6384927 0.8634649 0.8570967 144.9638 -169.2934 251.8109
0.6548501 1.003846 1.084636 149.231 -176.4537 251.8109
0.7007485 1.067322 1.086101 143.5134 -172.7972 251.8109
0.7695962 1.052186 1.016032 146.6585 -175.6751 251.8109
0.8333169 1.130311 1.051188 137.4371 -178.4537 251.8109
0.8545571 1.12909 1.107585 135.8035 -182.0568 251.8109
0.9182778 1.166199 1.123454 128.4218 -184.8201 251.8109
0.9314614 1.128358 1.187663 127.002 -189.4003 251.8109
1.079899 1.285828 1.272136 118.4295 -193.9728 251.8109
1.080387 1.211121 1.330729 112.3989 -191.9728 251.8109
1.099674 1.226502 1.432292 106.1241 -192.9881 251.8109
1.129704 1.243348 1.518474 108.857 -195.9652 251.8109
1.303043 1.281922 1.475505 102.7959 -195.0339 251.8109
1.143864 1.131287 1.551677 103.6661 -198.927 251.8109
1.195866 1.219178 1.711589 111.2005 -195.9041 251.8109
1.308903 1.269471 1.728923 101.7806 -177.8125 251.8109
1.334293 1.163514 1.700603 114.6127 -174.7285 251.8109
1.337711 1.173035 1.763591 115.8493 -173.0034 251.8109
1.389713 1.12616 1.767985 128.9028 -168.9805 251.8109
1.118961 1.083192 1.893962 147.5058 -166.1942 251.8109
1.519352 1.452088 1.772868 155.5974 -174.6827 251.8109
1.679264 1.272889 1.839274 193.8646 -159.095 251.8109
1.701725 1.377381 1.814616 214.3608 -148.0721 251.8109
1.720036 1.46576 1.802897 234.1547 -140.095 251.8109
1.490299 1.604676 1.845866 249.544 -134.7591 251.8109
1.559635 1.840027 1.833903 269.6508 -121.1026 251.8109
1.878971 2.025086 1.614421 269.6508 -136.6064 251.8109
1.631657 2.224976 1.678874 269.6508 -121.1331 251.8109
1.697819 2.224976 1.90861 269.6508 -108.8812 251.8109
1.76862 2.224976 1.812419 269.6508 -93.52245 251.8109
1.815006 2.224976 1.806804 269.6508 -88.97282 251.8109
1.844303 2.224976 1.715739 269.6508 -92.9881 251.8109
1.94025 2.224976 1.738444 269.6508 -88.69038 241.559
2.086735 2.224976 1.820476 269.6508 -67.36214 198.8491
2.233707 2.224976 1.802897 269.6508 -52.80489 177.3453
2.289799 2.224976 1.533122 269.6508 -37.27817 150.3834
2.289799 2.224976 1.699138 266.6432 -6.064428 88.71166
2.289799 2.224976 1.582438 238.0478 3.530993 45.55136
2.289799 2.224976 1.731608 226.7654 12.63023 -9.036427
2.289799 2.224976 1.709636 205.4677 50.60733 -63.99062
2.289799 2.224976 1.430583 148.918 59.45465 -122.983
2.289799 2.224976 1.684978 84.8875 73.65312 -185.8532
2.289799 2.224976 1.717692 1.551619 84.75237 -248.4563
2.289799 2.224976 1.989177 -66.05907 104.76 -248.4563
2.289799 -0.8955683 -0.2605791 -228.1736 86.76764 -248.4563
-0.4625815 -1.774963 -0.2605791 -84.73846 -193.4461 -147.8532
-0.336605 -1.774963 -0.2605791 -33.70029 -198.866 -108.1891
-0.228939 -1.774963 -0.2605791 -15.03617 -203.7972 -68.212
-0.03509131 -1.774963 -0.1773272 -11.41021 -206.5224 -27.74635
0.08795556 -1.774963 0.1781416 -20.57815 -208.6827 8.635328
0.2083169 -1.774963 0.4020185 -21.76136 -190.7667 45.06281
0.2075845 -1.774963 0.6139326 27.56688 -185.5759 66.61243
0.2869302 -1.774963 0.7262373 50.44475 -181.3011 81.70403
0.2210122 -1.774963 0.8165693 92.74246 -175.7744 106.017
0.3267251 -1.774963 0.881999 107.0707 -164.6827 127.3376
0.3775064 -1.774963 0.9095869 122.2997 -155.7133 153.7193
0.4334146 -1.774963 0.8734541 112.8264 -145.1026 182.9407
0.4141274 -1.774963 0.791667 105.6508 -136.1484 209.1391
0.4263345 -1.69049 0.7286787 127.544 -134.3774 216.3834
0.446354 -1.24884 0.694499 116.9944 -131.7744 234.2918
0.4160806 -1.036437 0.6092939 142.1623 -128.1102 229.5743
0.4194985 -0.8584589 0.5509443 135.0936 -131.1255 239.2231
0.3540689 -0.8093866 0.5882978 142.6661 -132.698 241.0094
0.4033853 -0.6340937 0.588542 150.857 -129.0263 244.3376
0.4378091 -0.535705 0.5497236 160.2234 -130.0492 251.2995
0.4214517 -0.3999628 0.5863447 161.857 -132.3011 250.2155
0.4234048 -0.3154901 0.6444502 168.9562 -132.3545 251.8109
0.4241372 -0.2744745 0.6637373 168.3761 -132.8049 251.8109
0.420231 -0.2722772 0.7035322 171.8112 -132.4614 251.8109
0.4270669 -0.264953 0.7516279 172.0783 -131.5988 251.8109
0.4436685 -0.2361444 0.7853193 173.9257 -130.6522 251.8109
0.4439126 -0.2300409 0.8119307 174.7959 -127.6522 251.8109
0.4583169 -0.202453 0.8331709 176.1318 -126.7285 251.8109
0.4888345 -0.1821893 0.8592939 176.9638 -123.7285 251.8109
0.5108071 -0.153869 0.8566084 181.5364 -123.9805 251.8109
0.5051919 -0.1199335 0.8551435 181.6356 -122.6751 251.8109
0.5095864 -0.08038269 0.8580732 185.2463 -120.5606 251.8109
0.5274087 -0.0005487055 0.8268232 185.231 -120.3087 251.8109
0.465397 0.06805481 0.8568525 183.689 -120.011 251.8109
0.5293618 0.04364075 0.7828779 181.857 -120.7362 251.8109
0.5425454 0.1154181 0.7716475 182.9028 -124.3316 251.8109
0.5669595 0.1806036 0.741374 181.4753 -125.1713 251.8109
0.5686685 0.2282111 0.7091475 183.6738 -129.3698 251.8109
0.5943032 0.2997442 0.6974287 181.8035 -133.2095 251.8109
0.5989419 0.3422247 0.7186689 180.7806 -137.469 251.8109
0.6265298 0.403504 0.6925459 181.2616 -140.553 251.8109
