0.4882354 -0.08932178 0.4918535 -23.87443 -19.22828 30.91333
0.4831084 -0.0863921 0.484041 -24.41641 -18.35041 28.74539
0.4689483 -0.09396046 0.4916093 -24.58435 -18.0298 26.78356
0.4618682 -0.08956593 0.48575 -26.27901 -16.82369 25.07363
0.4506377 -0.08663624 0.496248 -27.66832 -15.99927 23.51638
0.4340362 -0.08614796 0.499666 -29.55382 -15.51072 22.066
0.4325713 -0.08199757 0.5040605 -31.69885 -14.74736 20.75302
0.4176787 -0.06197803 0.5123613 -33.34771 -14.22828 19.75302
0.40596 -0.07076709 0.5221269 -34.86679 -13.88476 18.39425
0.4081573 -0.05465381 0.513582 -35.72939 -13.31224 16.93623
0.4137725 -0.0641753 0.5174882 -35.30954 -12.49545 15.47058
0.4140166 -0.06930225 0.5216386 -34.14924 -11.95347 13.9744
0.4284209 -0.06002491 0.5248125 -32.28664 -11.1214 12.56218
0.4340362 -0.06002491 0.5201738 -30.73702 -10.60995 11.31028
0.4267119 -0.06637256 0.5260332 -29.62252 -9.831328 10.17287
0.4342803 -0.08272999 0.5150468 -25.66832 -7.289343 7.516381
0.4308623 -0.0942046 0.5140703 -24.39351 -6.510717 6.485847
0.4318389 -0.1064116 0.5099199 -23.03473 -5.671023 5.87516
0.4286651 -0.1193511 0.5179765 -22.26374 -4.655756 5.272107
0.4259795 -0.1215483 0.5043046 -21.72176 -4.197741 4.997297
0.423294 -0.1332671 0.5099199 -21.46221 -3.083237 4.829359
0.4201201 -0.1437651 0.5077226 -21.56145 -2.335145 4.600351
0.4132842 -0.1525542 0.5143144 -21.34008 -1.800794 4.279741
0.4108428 -0.1564605 0.4969804 -21.42405 -1.067969 4.470581
0.4108428 -0.1576812 0.5162675 -22.46221 -0.3962138 4.982031
0.4086455 -0.1615874 0.5130937 -23.45458 0.2297404 5.211039
0.4084014 -0.1586577 0.5104082 -24.36298 0.9854658 5.539283
0.4030303 -0.1586577 0.5191972 -25.37061 1.863328 5.753023
0.3947295 -0.1579253 0.5243242 -25.46221 2.779359 6.043099
0.3927764 -0.159146 0.5108964 -25.42405 3.252641 6.149969
0.3783721 -0.1471831 0.5211504 -25.1416 3.779359 6.585084
0.3856963 -0.1457183 0.5194414 -25.46221 4.687756 6.607985
0.3832549 -0.1381499 0.5182207 -24.79046 4.626687 6.85226
0.3764189 -0.1420562 0.5157793 -25.17214 5.130504 6.87516
0.3776397 -0.1359526 0.517 -24.79046 5.840428 7.149969
0.3844756 -0.1361968 0.5189531 -24.40114 6.099969 6.913328
0.3883818 -0.1376616 0.5235918 -23.51565 6.52745 7.211039
0.3908232 -0.1335112 0.5140703 -22.88206 6.80226 7.539283
0.3898467 -0.1364409 0.5150468 -22.0729 7.649588 7.295008
0.3949736 -0.1325347 0.4999101 -21.0729 7.703022 7.25684
0.3935088 -0.1325347 0.5001543 -20.85153 8.283176 7.539283
0.3966826 -0.1379058 0.4828203 -20.68359 8.252642 7.501115
0.3949736 -0.1410796 0.4811113 -20.99656 8.412947 7.905695
0.3969268 -0.1354644 0.4742754 -21.42405 8.267908 8.44768
0.3979033 -0.1315581 0.4808671 -22.32481 8.328978 8.699588
0.3925322 -0.1322905 0.4859941 -23.22557 8.641954 8.898061
0.3959502 -0.1359526 0.4815996 -24.05 8.71829 8.974397
0.3959502 -0.1344878 0.4776933 -24.05 9.138138 8.943863
0.3891143 -0.1369292 0.4889238 -24.50801 9.313709 8.966763
0.3942412 -0.1376616 0.4815996 -25.12634 8.924397 9.302641
0.3935088 -0.1359526 0.477205 -24.89733 9.954931 9.142336
0.3952178 -0.1457183 0.4742754 -24.37061 9.954931 9.142336
0.3986357 -0.1376616 0.4681718 -23.24847 9.954931 8.87516
0.3979033 -0.1430327 0.4713457 -22.10344 10.16104 8.989664
0.3976592 -0.1369292 0.4630449 -20.97366 10.06944 8.882794
0.3898467 -0.1396147 0.4513261 -19.9126 9.863329 8.928596
0.3900908 -0.14523 0.4720781 -18.72176 9.748825 9.203404
0.3881377 -0.140103 0.4681718 -17.63779 9.39768 9.508748
0.3871611 -0.1481597 0.478914 -16.38588 9.016001 10.0889
0.3966826 -0.1459624 0.4776933 -15.21794 9.191572 10.47821
0.397415 -0.1542632 0.4852617 -13.45458 9.313709 10.70722
0.3913115 -0.1596343 0.4889238 -10.89733 9.222107 11.0202
0.2941436 -0.4677398 0.4786699 51.30114 -2.083237 82.01257
0.3949736 -0.4255034 0.3929765 74.79733 1.046534 102.1118
0.3954619 -0.4179351 0.3949296 73.80496 0.8785954 104.8065
0.3957061 -0.4084136 0.4051836 71.14084 1.000733 107.9439
0.390335 -0.4049956 0.4068925 67.56832 1.321343 110.0355
0.3847197 -0.3864409 0.4200761 62.39275 1.596153 113.7149
0.3739775 -0.3742339 0.4344804 56.82786 1.817527 115.4095
0.3732451 -0.3598296 0.4503496 50.32404 1.672488 117.837
0.3622588 -0.3415191 0.4713457 42.9958 1.924397 120.1194
0.3647002 -0.3371245 0.4913652 35.0874 2.183939 122.9057
0.3647002 -0.3246734 0.4938066 27.85076 2.451115 125.2568
0.3600615 -0.3193023 0.5089433 22.8813 2.619053 127.066
0.3456572 -0.3097808 0.5082109 19.64466 3.084702 128.4019
0.3332061 -0.3080718 0.5069902 18.38511 3.535084 128.7607
0.3253936 -0.3122222 0.4999101 19.0874 3.42058 129.0278
0.310501 -0.3017241 0.4808671 21.75153 3.260275 128.6004
0.3114775 -0.3083159 0.4579179 25.73626 2.817527 128.0736
0.310501 -0.2978179 0.4352129 31.21718 2.489283 126.7683
0.3173369 -0.3034331 0.4173906 37.14084 1.901496 125.3942
0.3266143 -0.3005034 0.4083574 42.9042 1.474015 124.2187
0.3376006 -0.3102691 0.3812578 48.98053 0.7259238 122.5011
0.3402861 -0.3114898 0.3653886 54.07214 -0.1214046 120.8904
0.3441924 -0.313687 0.3622148 56.9958 -0.7320915 119.6614
0.3395537 -0.3144195 0.3512285 58.27824 -1.434382 118.0431
0.3336943 -0.3193023 0.36075 56.82023 -2.304611 117.6614
0.3385772 -0.3232085 0.3480546 53.74389 -2.762626 117.3866
0.3402861 -0.3322417 0.385164 51.26297 -3.609954 116.3866
0.3390654 -0.3337066 0.3815019 48.41565 -4.243542 115.0126
0.3258818 -0.3300445 0.3981035 44.72099 -4.419115 115.6233
0.3007354 -0.3290679 0.4081132 40.20954 -4.396214 114.0813
0.2829131 -0.3090484 0.4125078 34.66756 -5.106137 113.4858
0.2743682 -0.3019683 0.419832 28.14084 -5.312244 113.1576
0.2565459 -0.2953765 0.4281328 21.98054 -5.594687 111.0355
0.2563018 -0.2863433 0.437166 18.45382 -6.213007 110.211
0.2482451 -0.2775542 0.4347246 17.16374 -6.205374 107.295
0.2460479 -0.2738921 0.4347246 17.77443 -6.373313 104.0278
0.248001 -0.27023 0.4383867 19.76679 -6.449649 100.4095
0.2370147 -0.2699859 0.4266679 22.01107 -6.701557 96.89806
0.234085 -0.2768218 0.4276445 24.77443 -7.037435 93.17287
0.2353057 -0.290982 0.4281328 26.40038 -7.38858 89.48585
0.2401885 -0.2939116 0.438875 27.38511 -7.472549 86.23394
0.2318877 -0.3041656 0.433748 27.36985 -7.602321 83.1805
0.2338408 -0.3112456 0.4532793 26.0874 -7.472549 80.79883
0.2294463 -0.3141753 0.4471757 23.20191 -7.312244 78.40951
0.22554 -0.3090484 0.4440019 19.61412 -7.434381 76.78355
0.2235869 -0.2834136 0.4588945 14.21718 -7.197741 75.1347
0.2189482 -0.2860991 0.4613359 9.659924 -7.49545 73.16524
0.2126006 -0.271939 0.4657304 5.24771 -7.79316 71.24921
0.2130889 -0.2543609 0.4754961 1.888931 -7.716825 69.00493
0.2074736 -0.252896 0.4732988 0.117939 -7.594687 66.27211
0.2013701 -0.2360503 0.4794023 -0.141603 -7.648122 63.0202
0.1974639 -0.2323882 0.4750078 0.6141219 -7.68629 59.82936
0.1981963 -0.2214019 0.4867265 1.049237 -7.869496 56.24157
0.1908721 -0.2174956 0.4825761 1.797328 -8.296977 53.10417
0.1913604 -0.216519 0.4781816 2.743893 -8.235909 49.72249
0.1916045 -0.218228 0.4781816 4.331679 -8.113771 46.20341
0.1947783 -0.2292144 0.468416 7.24771 -8.304611 42.76829
0.199417 -0.2350737 0.4642656 12.20954 -8.38858 38.59272
0.1962432 -0.254605 0.4669511 16.61412 -8.319878 34.88279
0.1967315 -0.2577788 0.4713457 20.13321 -8.525985 31.18814
0.19429 -0.2704741 0.4676836 20.8813 -8.480183 28.41714
0.1984404 -0.2902495 0.4610918 19.69046 -8.411481 26.07363
0.2047881 -0.3000152 0.4645097 16.86603 -8.38858 24.17287
0.2160186 -0.2961089 0.4794023 12.82023 -8.296977 22.47821
0.2060088 -0.3271148 0.4855058 10.91183 -7.999267 20.64615
0.2113799 -0.331021 0.5040605 7.423282 -7.68629 19.41714
0.1979522 -0.3383452 0.5116289 5.217175 -6.999267 17.65379
0.1916045 -0.3371245 0.5179765 1.514885 -6.785527 16.40951
0.1764678 -0.3410308 0.5179765 -1.179771 -6.235909 15.22631
0.1730498 -0.3451812 0.5189531 -4.133969 -6.190107 14.27211
0.1625518 -0.3385894 0.5133379 -6.111069 -5.984 12.74539
0.1527861 -0.3610503 0.513582 -6.660687 -5.846596 11.01256
0.1479033 -0.3532378 0.5194414 -6.500382 -5.953465 8.737756
0.1391143 -0.3722808 0.4989336 -6.477481 -6.121405 7.501115
0.1327666 -0.3752105 0.4974687 -8.43168 -6.503084 5.982031
0.1188506 -0.3903472 0.5035722 -9.301908 -6.808427 4.836992
0.1186064 -0.4062163 0.5047929 -10.32481 -6.999267 3.409512
0.1217803 -0.4228179 0.5018632 -10.27901 -7.327511 2.348442
0.1198272 -0.4377105 0.5043046 -9.576717 -7.900031 0.9972973
0.1200713 -0.4452788 0.4982011 -9.24084 -8.083237 -0.2698784
0.1300811 -0.4523589 0.4974687 -9.355344 -8.106137 -1.216442
0.1320342 -0.4565093 0.4884355 -10.0271 -8.510717 -2.025602
0.1320342 -0.454312 0.4764726 -11.1874 -9.075603 -2.987434
0.1378936 -0.4562652 0.4706132 -12.49275 -9.319878 -3.674458
0.1315459 -0.4528472 0.4552324 -13.24847 -9.953465 -4.605755
0.1344756 -0.4589507 0.452791 -13.90496 -10.35041 -5.827129
0.1398467 -0.4596831 0.4454668 -13.65305 -11.15957 -6.979801
0.1410674 -0.4516265 0.4566972 -12.9584 -11.77789 -8.674458
