-0.2612764 -0.5971343 0.5694902 54.30878 11.89386 23.80646
-0.2661592 -0.5846831 0.5392168 49.20191 11.07707 24.90569
-0.2671357 -0.5536773 0.5121171 40.77443 10.96256 25.82936
-0.2783662 -0.5534331 0.4833086 31.65229 9.725924 26.9286
-0.2707978 -0.5500152 0.4801347 21.78206 8.466381 28.26447
-0.2825166 -0.5414702 0.4930742 9.888931 8.183939 30.31028
-0.284958 -0.5107085 0.4842851 -7.683588 7.557985 33.82172
-0.286667 -0.5363433 0.4869707 -22.36298 6.771725 36.25684
-0.2876435 -0.5541656 0.4906328 -36.01947 5.344244 38.74539
-0.2798311 -0.587857 0.5299394 -42.95076 4.084702 39.85226
-0.2825166 -0.5985991 0.5467851 -47.43168 3.619053 39.37135
-0.2869111 -0.626187 0.5597246 -46.10344 2.565619 38.60035
-0.2712861 -0.6166656 0.574373 -44.73703 1.412946 37.29501
-0.2627412 -0.6247222 0.591707 -40.72176 0.5198169 35.77592
-0.2385713 -0.6213042 0.61075 -39.69122 -0.5183512 34.64615
-0.2219697 -0.6305816 0.6410234 -35.59198 -1.006901 33.36371
-0.222458 -0.6383941 0.6383379 -34.26374 -1.434382 33.2263
-0.2100068 -0.6354644 0.6554277 -31.50801 -1.411481 32.91333
-0.2124482 -0.6444976 0.6791093 -29.50038 -1.411481 32.91333
-0.2031709 -0.6535308 0.6944902 -26.08817 -1.228275 32.45531
-0.1990205 -0.6684234 0.701082 -21.86679 -0.6939237 32.93623
-0.1956025 -0.6676909 0.7059648 -18.11107 0.06180143 32.86753
-0.1836396 -0.6759917 0.7103593 -14.05 0.8556948 32.82936
-0.1924287 -0.6618316 0.7108476 -11.37824 1.512183 33.29501
-0.1811982 -0.6686675 0.7110918 -7.813359 2.458748 33.46295
-0.1848603 -0.665982 0.6996171 -6.782825 3.542717 34.2034
-0.189499 -0.6684234 0.68033 -5.798092 3.870962 35.78356
-0.1916963 -0.6547515 0.67325 -6.94313 4.603786 37.05836
-0.1882783 -0.6403472 0.6756914 -9.729389 5.535084 38.94386
-0.2036592 -0.6352202 0.6517656 -13.9584 6.580885 41.24157
-0.2100068 -0.6208159 0.6271074 -18.99656 7.077069 43.34081
-0.2187959 -0.6254546 0.6283281 -24.43931 7.267909 45.69196
-0.2263643 -0.6125152 0.6180742 -28.85916 7.39768 47.40188
-0.2307588 -0.6166656 0.6065996 -32.74466 7.275542 48.92096
-0.2334443 -0.6039702 0.6158769 -35.50801 7.466382 50.14233
-0.2371064 -0.6076324 0.6112382 -36.76756 7.290809 50.58508
-0.2441865 -0.5976226 0.6183183 -37.69886 6.878596 51.44768
-0.2563936 -0.5805327 0.6051347 -38.79809 6.672489 52.09653
-0.2759248 -0.548062 0.5887773 -39.35535 6.283176 51.94386
-0.2808076 -0.5297515 0.5738847 -38.50801 5.344244 51.2263
-0.2754365 -0.5209624 0.5668046 -35.08054 4.31371 49.27974
-0.2705537 -0.4975249 0.5636308 -31.77519 2.733557 47.25684
-0.2695771 -0.459439 0.5650957 -29.13397 1.985466 45.14997
-0.2783662 -0.4186675 0.5555742 -28.68359 0.1228702 42.9744
-0.271042 -0.4242827 0.5655839 -29.08053 -0.5641527 40.56218
-0.2666475 -0.4301421 0.5797441 -28.79809 -2.617588 38.76066
-0.2654268 -0.4350249 0.6029375 -26.99656 -4.205374 36.9744
-0.2637178 -0.4213531 0.6251543 -26.34008 -4.968733 34.73775
-0.2512666 -0.4633452 0.6483476 -22.0271 -5.907664 32.08127
-0.2388154 -0.4782378 0.6720293 -17.35534 -6.648122 29.53165
-0.2424775 -0.5038726 0.666414 -9.385878 -7.144305 26.76066
-0.236374 -0.5053374 0.68033 -4.553817 -7.067969 24.56982
-0.2378389 -0.5182769 0.6859453 0.9881682 -7.434381 22.55455
-0.2231904 -0.5241363 0.6886308 3.179007 -7.365679 21.70722
-0.2134248 -0.5348784 0.6883867 4.995801 -6.861863 21.18814
-0.2212373 -0.5624663 0.6903398 5.804962 -6.022168 21.53165
-0.2183076 -0.5744292 0.6769121 6.568321 -5.197741 21.9744
-0.2170869 -0.568814 0.6659257 4.35458 -4.319878 22.96676
-0.2312471 -0.5509917 0.6495683 1.140839 -4.838962 24.63852
-0.100876 -0.3510406 0.4791582 10.78206 15.43585 -4.941633
-0.1057588 -0.3915679 0.4715898 3.018702 10.9931 1.623253
-0.09794628 -0.3932769 0.4752519 3.995801 10.16867 2.699587
-0.08451855 -0.39523 0.4794023 4.774427 9.863329 3.87516
-0.08915722 -0.3947417 0.4723222 5.377481 9.687756 5.211039
-0.09233105 -0.3923003 0.4518144 5.026336 9.390045 6.417145
-0.0986787 -0.3737456 0.445955 3.804962 8.504549 8.127069
-0.09379589 -0.3671538 0.4549882 2.904198 8.794626 9.959129
-0.08891308 -0.36398 0.4383867 2.522519 8.870962 10.85989
-0.08427441 -0.3547027 0.4393632 1.553053 8.93203 12.43241
-0.07963574 -0.3595855 0.4400957 1.919466 9.481649 13.23394
-0.07450879 -0.3664214 0.4293535 3.553053 9.695389 13.65379
-0.08549511 -0.360562 0.4081132 4.514885 8.748825 13.92096
-0.08671581 -0.3588531 0.4112871 4.782061 7.695389 14.50111
-0.07792675 -0.3676421 0.414705 5.095038 6.641954 14.50875
-0.05912793 -0.36398 0.4269121 5.331679 5.802259 14.73776
-0.05302441 -0.3598296 0.4501054 4.003435 4.870962 15.11944
-0.03764355 -0.36398 0.4652421 1.812595 4.306077 16.18814
-0.04545605 -0.3749663 0.4774492 -0.24084 3.565619 17.79882
-0.050583 -0.400357 0.5091875 -1.83626 3.90913 19.31027
-0.0583955 -0.4054839 0.530916 -2.141603 3.748825 20.72249
-0.05766308 -0.4196441 0.5521562 -2.179771 3.519817 22.60035
-0.05107129 -0.428189 0.5670488 -2.492748 3.848061 24.22631
-0.04325879 -0.4220855 0.5929277 -2.897328 4.031267 26.31027
-0.03080761 -0.4174468 0.6007402 -3.45458 4.794626 28.28737
-0.01005566 -0.3837554 0.6224687 -3.775191 7.458748 33.74539
-0.003463864 -0.3620269 0.6241777 -4.233206 8.267908 35.36371
-0.007614255 -0.3256499 0.6358964 -9.111069 8.924397 38.1347
0.002639651 -0.3036773 0.657625 -16.82863 9.886229 40.93623
0.001418948 -0.2951324 0.6930254 -23.30191 11.68776 43.27974
-0.003219724 -0.2914702 0.6974199 -27.42405 13.43585 45.1118
-0.001999021 -0.2880523 0.6991289 -29.87443 14.69539 46.26447
-0.002975583 -0.2626616 0.7130449 -31.08817 16.0618 47.37897
-0.01103222 -0.2365386 0.7018144 -31.03473 17.51982 48.08127
-0.01884472 -0.2128569 0.6937578 -31.0271 19.69539 48.18814
-0.02299511 -0.1742827 0.68033 -32.2103 21.43585 48.25684
-0.01908886 -0.1498687 0.6695879 -33.05 23.07707 48.1347
-0.01298535 -0.1457183 0.6393144 -32.15687 24.95493 46.12707
-0.0325166 -0.1203276 0.6192949 -31.0042 26.71066 43.76066
-0.0493623 -0.1090972 0.5924394 -29.95076 27.81753 42.59272
-0.06474316 -0.07589405 0.5536211 -30.01946 28.14577 38.87516
-0.09501659 -0.1125151 0.5521562 -27.37061 27.84043 34.53165
-0.1467744 -0.05538623 0.5628984 -37.97366 33.16867 34.94386
-0.1174775 -0.081021 0.4364336 -20.82863 28.90149 24.85226
-0.08207714 -0.04513232 0.3946855 -27.33244 27.55035 20.82936
-0.07719433 -0.04269092 0.4120195 -19.56145 27.29081 14.86753
-0.08573925 -0.08492725 0.4093339 -17.80573 27.0618 9.149969
-0.08134472 -0.1051909 0.3761308 -17.08817 25.84043 4.485847
-0.09428417 -0.1564605 0.4005449 -13.56145 24.31371 -0.04087067
-0.08891308 -0.2033355 0.4193437 -10.32481 23.98547 -4.170641
-0.08866894 -0.2448394 0.4271562 -6.43168 24.23737 -7.964535
-0.06571972 -0.2860991 0.4298418 -3.698855 24.1076 -10.51415
-0.09428417 -0.2621734 0.4335039 -0.721756 24.46638 -13.9798
-0.04618847 -0.3400542 0.4325273 2.919466 25.22974 -15.46072
-0.05961621 -0.4399077 0.4252031 7.072137 24.93966 -14.61339
-0.05400097 -0.4350249 0.4195879 14.17901 24.65722 -17.17827
-0.05741894 -0.4579741 0.4029863 15.66756 23.61142 -16.70499
-0.0571748 -0.4850738 0.4107988 17.48435 23.73356 -16.16301
-0.04350293 -0.4999663 0.3983476 16.51488 23.42821 -14.50652
-0.04423535 -0.5221831 0.3836992 16.07214 22.91676 -11.8653
-0.03154004 -0.5331695 0.3663652 13.69809 22.0847 -8.659191
-0.03544629 -0.5417144 0.3587968 10.63702 21.47401 -5.033237
-0.03056347 -0.5439116 0.339998 8.064505 19.77936 -0.5523205
-0.02763379 -0.5397613 0.3302324 4.095038 18.39005 4.134703
-0.03227246 -0.540982 0.3385332 0.6141219 16.61905 8.562183
-0.02616894 -0.5317046 0.343416 -2.882061 14.26027 13.42478
-0.02738965 -0.5312163 0.3587968 -6.981298 12.19157 18.59272
-0.02934277 -0.5216949 0.3734453 -11.25611 9.970198 23.66142
-0.01860058 -0.5124175 0.3976152 -14.76756 8.260275 28.66142
-0.01860058 -0.4975249 0.4237382 -18.34008 6.924397 33.08127
-0.01615918 -0.4880034 0.4344804 -21.85153 5.870962 37.37897
-0.0181123 -0.4696929 0.4530351 -25.2103 5.367145 41.1805
-0.01884472 -0.4540679 0.4547441 -28.03473 4.565619 44.98203
-0.01542675 -0.442105 0.4545 -30.05763 3.939664 47.84463
-0.01005566 -0.4172027 0.4679277 -30.66069 3.183939 50.31027
-0.008346677 -0.4062163 0.4606035 -29.9126 2.634321 51.82936
-0.008102536 -0.3822906 0.4720781 -28.56908 1.802259 53.12707
0.005325198 -0.3625152 0.4715898 -26.97366 1.31371 53.42478
0.001907229 -0.3554351 0.4815996 -23.9584 0.7335572 53.69958
0.006790042 -0.3383452 0.4825761 -22.37061 0.8556948 53.68432
0.01020801 -0.3334624 0.478914 -18.48512 0.1534045 53.39424
0.008987308 -0.3354156 0.4862382 -15.9813 -0.1366718 52.98203
0.01753223 -0.3263824 0.4916093 -13.62252 0.03890085 52.29501
0.02900684 -0.3200347 0.4913652 -12.34008 0.09233594 52.47058
0.03047168 -0.3234527 0.5030839 -11.35534 0.183939 52.10417
0.03681934 -0.3185699 0.5033281 -9.950764 0.6877558 51.80646
0.04072559 -0.3315093 0.5231035 -8.286641 1.412946 51.32554
-0.0625459 -0.08736866 0.4652421 -18.98893 9.405313 16.48585
-0.04057324 -0.08712452 0.5050371 -28.1187 8.993099 19.05073
-0.04472363 -0.08907764 0.5047929 -28.1874 8.786993 18.9744
-0.04252636 -0.09029835 0.5130937 -27.54618 8.725924 19.09653
