0.1273955 -0.2194487 0.2899492 1.67519 3.870962 14.64615
0.1327666 -0.2301909 0.3002031 1.224809 1.993099 14.69959
0.1342314 -0.2467925 0.3089921 0.8049617 0.626687 14.45531
0.1337432 -0.2614409 0.3316972 0.8354959 -0.6175878 14.47821
0.1354522 -0.2804839 0.3392656 1.507252 -1.663389 14.64615
0.1278838 -0.2943999 0.3519609 1.598855 -2.724458 15.05837
0.1344756 -0.3124663 0.3636796 2.430916 -3.243542 15.17287
0.1364287 -0.3276031 0.3812578 3.27061 -4.144305 15.64615
0.1305693 -0.334439 0.402498 3.820229 -4.350412 16.69195
0.1286162 -0.3468902 0.4122636 4.67519 -4.922931 17.23394
0.123001 -0.3529937 0.421541 5.35458 -5.129038 18.56218
0.1208037 -0.3659331 0.4317949 5.980534 -5.045069 20.066
0.1173857 -0.3671538 0.4442461 6.102671 -4.961099 21.27974
0.1134795 -0.3644683 0.4391191 5.850763 -5.052702 22.92859
0.1051787 -0.3661773 0.4369218 5.194274 -4.976367 24.89043
0.1076201 -0.3559234 0.4396074 4.095038 -4.922931 26.62325
0.1132354 -0.3503081 0.4327714 2.873664 -5.113771 28.49348
0.1227568 -0.3468902 0.4437578 1.392748 -5.632855 30.63089
0.1283721 -0.334439 0.4435136 -0.1339698 -5.953465 32.12707
0.1398467 -0.3219878 0.4554765 -1.904962 -6.17484 33.91333
0.1430205 -0.3097808 0.4586504 -3.729389 -6.067969 35.35608
0.1457061 -0.2961089 0.4711015 -5.393512 -6.403847 36.76829
0.1435088 -0.2870757 0.4828203 -7.065267 -6.182473 37.83699
0.1515654 -0.2641265 0.5035722 -8.43168 -6.052702 38.85989
0.152542 -0.2387358 0.5211504 -9.775191 -5.419115 39.31791
0.15596 -0.2301909 0.5331132 -10.17214 -5.258809 39.47058
0.1608428 -0.2113921 0.5467851 -10.03473 -4.350412 39.25684
0.1610869 -0.1989409 0.5607011 -8.622519 -4.28171 38.66905
0.1674346 -0.1864898 0.5685136 -7.13397 -3.587053 37.72249
0.1688994 -0.174771 0.5809648 -5.485115 -2.838962 36.84463
0.1623076 -0.1725737 0.5692461 -3.431679 -2.022168 35.57745
0.1693877 -0.1628081 0.5909746 -2.164504 -1.022168 34.51638
0.1642607 -0.1603667 0.5782793 -1.034733 -0.335145 33.17287
0.1728057 -0.146939 0.5875566 0.04160309 0.2526412 32.05073
0.1684111 -0.1466948 0.5716875 0.5530534 0.9320305 30.96676
0.169876 -0.1405913 0.5834062 1.125573 1.970199 29.88279
0.1679229 -0.14523 0.5795 1.308778 2.848061 28.70722
0.1574248 -0.1403472 0.5702226 1.804962 3.863328 27.50875
0.1544951 -0.1376616 0.5672929 1.713358 4.664855 26.63852
0.150833 -0.1476714 0.5558183 1.400382 5.351878 25.85226
0.1557158 -0.1523101 0.5472734 0.4232821 5.977832 25.38661
0.1471709 -0.155728 0.5360429 -0.8209925 6.42058 24.88279
0.1383818 -0.1615874 0.5314043 -2.591985 7.435848 24.56982
0.12471 -0.1654937 0.5189531 -4.370611 7.61142 24.0202
0.1203154 -0.1767241 0.5067461 -5.889695 7.848061 23.85226
0.1076201 -0.1986968 0.4867265 -7.607252 7.634321 23.65379
0.09443653 -0.2106597 0.4886796 -9.15687 7.214473 24.46295
0.0912627 -0.2309233 0.4779375 -10.23321 6.809893 24.52402
0.07954395 -0.2394683 0.4679277 -11.57672 6.229741 25.05073
0.08442677 -0.2526519 0.4723222 -12.68359 5.840428 25.27211
0.08198536 -0.2521636 0.4776933 -13.65305 5.138137 25.80646
0.07881153 -0.2533843 0.4828203 -14.30954 4.542717 26.08127
0.07148731 -0.2475249 0.4913652 -14.59198 3.855695 26.14997
0.074417 -0.2382476 0.4935625 -14.45458 3.687756 26.0431
0.08052052 -0.2467925 0.4967363 -13.73702 2.977832 25.87516
0.07344043 -0.2436187 0.4984453 -13.08053 2.855695 25.60035
0.07881153 -0.2438628 0.5033281 -12.38588 2.771725 24.84463
0.07905567 -0.2465483 0.501375 -12.21794 2.71829 24.51638
0.07759082 -0.2497222 0.510164 -11.67595 2.619053 24.1118
0.08271778 -0.2565581 0.5094316 -10.71412 2.512183 23.67669
-0.09257519 -0.1335112 1.224764 64.07977 134.5351 67.61562
-0.01225293 -0.1217925 0.4559648 -9.83626 233.3519 31.31791
0.009231448 -0.09103077 0.449373 -2.981298 228.9397 26.98203
0.0221709 -0.04586474 0.451082 3.553053 224.8328 21.60798
0.04243457 -0.04147021 0.4518144 8.560686 222.3519 15.79882
0.05635059 -0.03902881 0.4515703 18.62939 217.5809 9.569817
0.1088408 0.00320752 0.4645097 26.19428 214.8557 3.149969
0.1381377 -0.005093262 0.4635332 35.30114 213.871 -4.819496
0.1691436 0.03641064 0.4332597 41.39275 213.3671 -12.85766
0.166458 0.02615674 0.4227617 45.51488 213.2908 -21.26224
0.1574248 0.03518994 0.3985918 45.37748 211.619 -26.8195
0.1688994 0.03665478 0.4176347 48.47672 219.7565 -38.43018
0.1193389 -0.01461475 0.2447832 39.73626 214.7565 -37.66682
0.1378936 -0.01339404 0.2281816 37.1103 211.474 -44.49126
0.1435088 0.009555176 0.2215898 25.09504 215.9473 -47.88057
0.09077442 -0.02071826 0.142 14.35458 214.5351 -52.40729
0.06880176 -0.06026905 0.06582808 -0.7293897 211.7794 -53.03324
0.04512012 -0.08590382 0.04629683 -11.56145 209.9473 -54.52942
0.006301761 -0.09322803 0.01114058 -23.44695 207.8175 -54.934
-0.01176465 -0.1027495 -0.002287149 -35.75229 205.558 -54.70499
-0.05033886 -0.1322905 -0.04940629 -45.11107 200.9931 -55.0714
-0.0703584 -0.1691558 -0.06698442 -49.22557 196.4511 -55.67446
-0.0715791 -0.1967437 -0.09359574 -50.63015 191.0618 -56.85767
-0.0703584 -0.1957671 -0.1060469 -48.84389 185.0084 -58.85767
-0.05863965 -0.1969878 -0.1372969 -46.63015 177.787 -60.9111
-0.050583 -0.2089507 -0.1404707 -41.59199 169.8633 -63.69736
-0.034958 -0.1813628 -0.1590254 -39.71412 161.8328 -65.9798
-0.01762402 -0.1571929 -0.1502364 -36.24847 152.703 -69.57523
0.01216114 -0.1527983 -0.127043 -32.01947 143.2603 -73.85003
0.0612334 -0.164273 -0.06698442 -28.53855 134.9091 -77.94164
0.09150684 -0.1701323 -0.007169962 -24.79809 128.474 -82.54469
0.1364287 -0.1667144 0.04922652 -22.77519 122.6496 -86.92637
0.1779326 -0.1879546 0.09512496 -17.50801 116.0847 -92.8195
0.2077178 -0.2140776 0.1786211 -12.21794 111.474 -97.8424
0.2472686 -0.2260405 0.2467363 -7.378244 108.4969 -103.308
0.2650908 -0.2443511 0.2919023 -3.882061 106.4435 -107.789
0.291458 -0.266812 0.3524492 -1.530916 104.9778 -111.7203
0.3090361 -0.2863433 0.3866289 -0.2179389 105.6114 -115.0943
0.31929 -0.2941558 0.4310625 -0.8667941 106.558 -117.7432
0.3297881 -0.3180816 0.4613359 -3.569084 108.4435 -119.4913
0.3341826 -0.3268706 0.478914 -6.370611 110.9702 -121.0027
0.3427275 -0.3368804 0.4991777 -10.34008 113.9931 -122.0027
0.3549346 -0.3632476 0.5089433 -14.94313 117.4129 -122.5294
0.371292 -0.3659331 0.52408 -19.29428 120.7107 -122.8729
0.3854522 -0.367398 0.5306718 -24.51565 124.7794 -123.0027
0.3830107 -0.3805816 0.5065019 -26.53092 128.0694 -123.5523
0.3957061 -0.3747222 0.5052812 -27.49275 131.1229 -125.0638
0.4125518 -0.3737456 0.4908769 -27.97366 134.39 -126.2928
0.4259795 -0.3510406 0.4781816 -27.30191 137.6954 -128.4302
0.4237823 -0.3564116 0.4554765 -25.69122 140.1076 -131.2775
0.4254912 -0.3493316 0.4291093 -22.94313 142.2832 -134.4149
0.4286651 -0.3578765 0.385164 -18.40115 143.642 -138.537
0.4247588 -0.3522613 0.3414629 -14.03473 144.3061 -142.6516
0.4274444 -0.3522613 0.3109453 -10.77519 144.2679 -146.7432
0.4103545 -0.3854644 0.258455 -7.439313 144.0771 -150.537
0.4120635 -0.4013335 0.1827714 -7.988932 143.8175 -152.3004
0.416458 -0.454312 0.1041582 -4.912596 140.5122 -155.5905
0.4228057 -0.4711577 0.0719316 -5.0271 137.6114 -157.0638
0.4323272 -0.5068023 0.01919723 -6.15687 135.0465 -157.9722
0.4330596 -0.5443999 -0.04159379 -9.630153 130.9473 -157.476
0.4350127 -0.594937 -0.09115434 -11.42405 126.2297 -156.85
0.4376983 -0.6073882 -0.1258223 -15.36298 121.3061 -155.3386
0.4391631 -0.6259429 -0.1336348 -20.25611 116.0694 -153.6745
0.43721 -0.6423003 -0.1458418 -25.17214 110.6343 -151.1554
0.4611358 -0.6664702 -0.1465743 -28.01946 105.7946 -149.789
0.4665069 -0.67648 -0.1434004 -29.82099 101.0847 -148.5142
0.4853057 -0.7165191 -0.1333907 -28.70649 96.70302 -148.2393
0.4892119 -0.7179839 -0.1319258 -29.56908 92.016 -147.3768
0.4833526 -0.7360503 -0.1187422 -30.05 87.62669 -146.5752
0.4792022 -0.7638824 -0.09188676 -31.80573 83.53508 -145.4302
0.4711455 -0.7860991 -0.05380082 -33.42405 80.016 -143.9951
0.4626006 -0.8039214 -0.02108598 -35.51565 77.07706 -142.0867
0.4679717 -0.8210113 -8.988379e-05 -38.01183 74.09997 -140.5905
0.4557647 -0.8302886 0.01797652 -41.72176 71.48928 -137.8653
0.4501494 -0.8561675 0.04580855 -45.37061 68.65722 -135.6592
0.4425811 -0.8993804 0.0575273 -44.08054 66.71828 -134.621
0.4281768 -0.9313628 0.05069137 -44.25611 64.14577 -132.9187
0.4145049 -0.9677398 0.06070113 -46.34008 59.84806 -129.5752
0.3983916 -1.003873 0.07168746 -47.62252 57.00837 -125.9798
0.383499 -1.02438 0.09561324 -48.57672 53.62669 -122.3462
0.3837432 -1.066617 0.09097457 -50.52328 50.79463 -118.1477
0.3952178 -1.108609 0.09951949 -51.55382 46.88623 -113.4913
0.4049834 -1.157681 0.1087968 -49.79046 43.016 -109.4989
0.4228057 -1.169888 0.124666 -50.9355 39.8557 -104.1783
0.4474639 -1.203824 0.1354082 -49.77519 36.84806 -99.25462
0.4613799 -1.216519 0.1568925 -48.66832 34.39768 -94.29278
0.2108916 -0.3732574 0.7909257 82.49962 21.53508 11.55455
0.4960479 0.01639111 -0.1538985 62.02633 126.0542 -185.6974
0.4906768 -0.01632373 -0.1954024 56.9271 120.7641 -191.0256
0.4779815 -0.05587451 -0.2547286 52.0874 113.7794 -195.7813
