0.103958 -0.02169482 0.7909257 6.262977 27.60379 14.09653
0.2597197 0.06643994 0.8866289 4.614122 37.73356 14.47821
0.2951201 0.1352876 0.8524492 2.995801 40.64959 9.691955
0.3078154 0.1201509 0.86075 10.79733 43.42822 0.7911911
0.3151397 0.07767041 0.8963945 11.49962 47.9702 0.1270695
0.3163604 0.1108735 0.9139727 19.07977 51.95493 -3.163008
0.3246611 0.1487153 0.9234941 27.47672 56.98547 -9.934
0.3119658 0.1924165 0.9357012 34.95 61.35951 -16.94163
0.3095244 0.2256196 0.9276445 38.9042 66.42058 -22.12484
0.3051299 0.2759126 0.9181231 42.58359 71.29844 -28.65919
0.2338408 0.2971528 0.9357012 47.1103 74.77172 -36.85767
0.2697295 0.2834809 0.9620684 50.16374 79.48164 -43.57523
0.3639678 0.2971528 0.9391191 52.1103 87.76409 -49.39201
0.3625029 0.304477 0.8836992 55.76679 93.38241 -55.9798
0.3415068 0.262729 0.8182695 61.47672 93.49691 -63.20881
0.4091338 0.3059419 0.8255938 68.39275 96.64958 -71.42255
0.447708 0.3240083 0.8092363 73.84313 103.2374 -79.10957
0.4735869 0.3489106 0.7657793 75.75153 106.642 -85.56759
0.4940948 0.3740571 0.7374589 79.42329 109.4282 -93.51415
0.4987334 0.3967622 0.7254961 84.39275 112.9091 -104.3691
0.5307158 0.418979 0.6839921 89.10268 117.9244 -113.0867
0.5167998 0.4265473 0.6300371 94.40038 120.5809 -123.163
0.503128 0.4436372 0.591707 100.2782 121.2755 -134.2317
0.4818877 0.4397309 0.5550859 104.5378 123.3061 -144.9874
0.4577178 0.4272798 0.4977129 107.0034 123.7641 -155.8119
0.4540557 0.4409516 0.4811113 108.8279 122.932 -164.7203
0.4628448 0.3821137 0.4300859 113.0111 128.2679 -178.1401
0.4645537 0.3406098 0.3504961 115.6752 124.6954 -187.6516
0.4428252 0.3330415 0.3334062 120.4767 121.703 -196.4073
0.4584502 0.2663911 0.2833574 127.2172 122.7794 -207.2546
0.4696807 0.2615083 0.2550371 132.6676 120.7946 -219.8195
0.471878 0.1914399 0.1214921 130.3011 118.9473 -226.1248
0.5097198 0.1548188 0.05435348 131.4156 112.5045 -228.9951
0.5255889 0.07229931 -0.0003340244 129.6217 112.6267 -228.9951
0.5172881 -0.02389209 -0.1475508 127.5149 105.2603 -228.9951
0.4967803 -0.09933155 -0.210295 128.8813 97.20684 -228.9951
0.4843291 -0.1701323 -0.304045 123.3546 91.9931 -228.9951
0.447708 -0.2328765 -0.3687422 114.3775 83.86333 -228.9951
0.3849639 -0.2953765 -0.4392989 95.32405 74.85569 -228.9951
0.3595732 -0.4711577 -0.4991133 85.59122 66.11523 -228.9951
0.4049834 -0.5414702 -0.5752852 72.01107 54.61906 -228.9951
0.4281768 -0.664273 -0.5752852 70.56832 44.1305 -228.9951
0.4542998 -0.7519195 -0.5752852 60.98816 32.75646 -228.9951
0.4752959 -0.8735015 -0.5752852 61.71336 20.9702 -228.9951
0.4743194 -0.9035308 -0.5752852 52.36221 7.565618 -228.9951
0.4709014 -0.9919097 -0.5752852 47.09504 -4.396214 -228.9951
0.4726104 -1.069302 -0.5752852 40.40038 -17.44965 -227.1248
0.5033721 -1.096158 -0.5752852 37.07214 -29.0298 -220.3462
0.5395049 -1.110318 -0.5752852 30.43092 -40.0298 -212.5981
0.5939483 -1.114712 -0.5484297 26.58359 -49.46492 -207.1325
0.6535186 -1.104947 -0.4441817 22.57595 -57.79316 -199.8195
0.683792 -1.043912 -0.3064864 17.64466 -64.9382 -192.9569
0.7172393 -0.9975249 -0.2166426 15.75153 -69.0985 -188.8042
0.746292 -0.9574859 -0.09066606 16.93473 -71.93056 -185.6974
0.7895049 -0.9037749 -0.01009965 18.46908 -73.43439 -183.4913
0.8388213 -0.8075835 0.08658004 13.80496 -74.64049 -179.537
0.8778838 -0.8197906 0.1481035 13.17901 -71.59469 -178.6745
0.8969268 -0.7919585 0.1730058 15.51488 -70.28934 -177.85
0.9115752 -0.7707183 0.1932695 18.14084 -69.02217 -177.7508
0.9145049 -0.751187 0.2181718 21.72099 -67.49545 -177.9111
0.9201201 -0.7448394 0.2059648 26.47672 -65.44965 -179.4836
0.909378 -0.7712066 0.1844804 30.30878 -63.96873 -180.0103
0.893753 -0.7941558 0.1564043 34.47672 -63.26644 -180.1325
0.8744658 -0.8183257 0.1190507 39.96527 -64.0527 -180.3768
0.8542022 -0.8354156 0.07949996 43.49198 -65.56416 -180.0332
0.8273467 -0.8676421 0.0394609 45.53015 -67.43439 -179.7813
0.8043975 -0.9052398 0.008455038 44.36221 -70.28172 -177.9569
0.8332061 -0.8561675 -0.007902384 32.07214 -73.06034 -173.247
0.7990264 -0.9501616 0.02066207 14.47672 -71.19775 -168.4531
0.7680205 -1.024136 0.004060507 11.00344 -74.29698 -164.8577
0.7362823 -1.086636 0.003328085 4.568321 -77.90767 -160.1401
0.7082061 -1.139615 0.03384566 -1.233206 -80.67103 -154.4454
0.6996612 -1.180142 0.07437301 -4.370611 -82.39622 -149.5523
0.6981963 -1.212124 0.09976363 -4.0271 -83.755 -146.1477
0.7108916 -1.239712 0.09878707 -3.553817 -85.76263 -142.6363
0.6974639 -1.298306 0.1019609 -4.378244 -87.61759 -138.7126
0.6696319 -1.385464 0.1100175 -6.15687 -89.15194 -132.2851
0.6662139 -1.421841 0.09341598 -9.614885 -89.43439 -124.4378
0.610794 -1.543912 0.1227129 -0.1721377 -90.62522 -119.9264
0.5993194 -1.61398 0.08780074 -0.8744278 -94.15958 -108.6821
0.5204619 -0.4311187 0.7489336 -13.52328 17.46638 -78.30804
0.5536651 -0.2956206 0.6861894 -3.981298 38.39768 -82.73553
0.5504912 -0.2648589 0.6407793 2.011069 43.11524 -86.89584
0.5172881 -0.2592437 0.5694902 7.209542 47.20684 -90.73553
0.4940948 -0.2519195 0.4786699 11.44618 50.64196 -94.8653
0.4638213 -0.273648 0.3705156 15.0187 52.44348 -98.39201
0.4230498 -0.2865874 0.2555254 21.49199 52.45875 -102.1248
0.3896025 -0.2616851 0.1625078 17.51488 51.8557 -103.3844
0.3563994 -0.3122222 0.06241012 15.10267 48.74119 -105.2775
0.3310088 -0.3410308 -0.02499223 12.82786 44.73356 -106.3157
0.2995147 -0.3759429 -0.09286332 10.40038 39.74119 -106.6287
0.2797393 -0.3998687 -0.1670821 6.339313 33.62669 -106.0638
0.2890166 -0.4228179 -0.1853926 2.560687 27.60379 -106.0638
0.2604522 -0.454312 -0.1890547 -1.706489 19.69539 -104.6897
0.2348174 -0.4806792 -0.1888106 0.6293893 13.67249 -105.8882
0.2118682 -0.5177886 -0.1924727 -8.408779 6.779358 -101.8958
0.2257842 -0.5346343 -0.172209 -13.41641 -0.3885802 -100.4378
0.2379912 -0.5712554 -0.1375411 -22.40115 -6.098504 -97.69736
0.2370147 -0.6361968 -0.09115434 -27.77519 -11.44965 -94.54469
0.2553252 -0.6569488 -0.04427934 -31.25611 -16.8466 -90.80423
0.2538604 -0.7023589 -0.005705118 -35.70649 -22.17484 -86.54469
0.3019561 -0.706021 0.05874801 -36.77519 -26.1214 -83.36148
0.3197783 -0.7260406 0.1019609 -38.1874 -29.97637 -79.87293
0.3429717 -0.7272613 0.1805742 -38.13397 -32.44202 -76.89584
0.3651885 -0.7174956 0.2435625 -36.69122 -34.46492 -73.55996
0.3854522 -0.6933257 0.3119218 -33.92023 -35.77026 -71.46835
0.3983916 -0.6601226 0.376375 -29.96603 -35.9611 -70.39201
0.40596 -0.6371734 0.4208086 -25.46221 -35.87713 -69.66682
0.4235381 -0.6169097 0.4764726 -20.94313 -35.19011 -69.23934
0.4345244 -0.6154449 0.5172441 -17.9126 -34.0298 -68.9111
0.4533233 -0.5920074 0.5436113 -16.33244 -32.97636 -68.34621
0.4596709 -0.6020171 0.5931718 -15.70649 -30.8466 -67.94927
0.4599151 -0.6244781 0.6153886 -14.67595 -28.30461 -67.04087
0.4469756 -0.6325347 0.6444414 -12.14924 -25.42675 -66.7279
0.4374541 -0.6498687 0.6476152 -10.56908 -22.83133 -65.20881
0.4223174 -0.6874663 0.6615312 -9.248473 -19.66339 -63.52179
0.4335479 -0.6791656 0.6556718 -11.1187 -16.46492 -60.43018
0.4071807 -0.6811187 0.6695879 -16.77519 -12.9611 -56.58286
0.4005889 -0.7087066 0.657625 -16.67595 -9.075603 -54.04851
0.3910674 -0.7238433 0.6197832 -18.44695 -6.678657 -51.0256
0.3898467 -0.7643706 0.5792558 -17.34008 -4.533618 -49.30042
0.43721 -0.9301421 0.4889238 -1.141603 1.687756 -50.8653
0.3739775 -0.8803374 0.4003007 -2.912596 -4.907664 -44.27751
0.2887725 -0.9027984 0.3636796 -12.20267 -7.106137 -36.25461
0.2702178 -0.8859527 0.371248 -19.30191 -5.625221 -28.81186
0.279251 -0.8949859 0.3478105 -24.25611 -7.869496 -22.36912
0.2797393 -0.8971831 0.3309648 -24.21794 -9.838962 -18.20881
0.2919463 -0.8820464 0.3280351 -25.32481 -11.74736 -12.87293
0.2882842 -0.8661773 0.3255937 -24.66069 -12.51835 -8.575222
0.2921904 -0.8339507 0.324373 -26.58435 -13.66339 -4.147741
0.2765654 -0.768521 0.3143632 -30.92786 -16.62522 7.844626
0.2782744 -0.7304351 0.3346269 -27.24847 -16.61759 9.936229
0.2648467 -0.6952788 0.3011796 -25.74466 -15.77789 11.72249
0.244583 -0.6474273 0.2589433 -25.72176 -16.73973 14.14234
0.2235869 -0.5812652 0.2049882 -25.82862 -20.08324 14.33318
0.2177275 -0.5697906 0.1722734 -27.63015 -24.27408 15.68432
0.2228545 -0.5556304 0.1651933 -30.75992 -27.42675 17.31791
0.2128447 -0.5299956 0.1588457 -30.86679 -30.57179 17.9515
0.2052764 -0.5194976 0.1722734 -30.34771 -34.04507 18.80646
0.2018584 -0.5133941 0.1749589 -28.56908 -37.0298 18.89806
0.1920928 -0.5009429 0.182039 -26.66069 -39.60232 18.43241
0.199417 -0.4936187 0.1974199 -25.42405 -42.74736 18.42478
0.209915 -0.4950835 0.2140214 -26.23321 -46.0985 19.63089
0.2243193 -0.5065581 0.2228105 -26.41641 -48.20537 20.66142
0.2313994 -0.5048491 0.2294023 -25.9813 -50.8695 21.12707
0.2594756 -0.4975249 0.2523515 -25.24847 -53.8924 22.23394
0.2531279 -0.5038726 0.3092363 -18.55382 -54.54889 20.066
0.2401885 -0.4843413 0.261873 -31.55382 -55.18247 27.47821
0.2521514 -0.4369781 0.2569902 -35.75229 -60.11377 26.89806
0.2499541 -0.4694488 0.3045976 -48.50802 -60.0069 29.72249
