0.9127959 -0.07687061 0.7069414 -4.843893 0.2908092 34.73012
0.9098662 -0.08028858 0.6957109 -4.424046 0.1534045 34.67669
0.9132842 -0.09029835 0.7030351 -3.103435 0.2679083 34.14233
0.9037627 -0.0888335 0.6996171 -2.095802 0.6495879 33.39425
0.9030303 -0.08565968 0.6957109 -0.6377864 0.8175268 32.90569
0.8954619 -0.08956593 0.6947343 0.7286258 0.7869923 32.10417
0.893753 -0.08297413 0.6905839 1.46145 0.7182901 31.31028
0.8881377 -0.08810108 0.6866777 2.262977 0.2679083 30.9744
0.8847198 -0.08395069 0.68033 2.812595 0.405313 30.24921
0.8793487 -0.08810108 0.67325 2.637022 0.1763053 29.56218
0.8766631 -0.08468311 0.68033 2.705725 0.03890085 28.78356
0.8854522 -0.08956593 0.6688554 2.606489 -0.296977 28.39425
0.8756866 -0.08956593 0.6612871 2.423282 -0.2282748 27.44768
0.8813018 -0.1022612 0.6737382 1.904198 -0.4801832 26.89806
0.8849639 -0.100064 0.6808183 1.430916 -0.464916 26.41714
0.8847198 -0.1029937 0.68033 0.5148854 -0.6023206 26.21867
0.8881377 -0.1010405 0.6786211 -0.3477101 -0.7473588 25.60798
0.8935088 -0.1110503 0.6722734 -1.095802 -0.7549924 25.48585
0.8935088 -0.1090972 0.6761796 -1.508016 -1.060336 25.23394
0.8964385 -0.1090972 0.6813066 -2.332443 -1.289344 24.70722
0.8961944 -0.1200835 0.6886308 -2.958397 -1.480183 24.47821
0.8949737 -0.1142241 0.6791093 -3.385878 -1.68629 24.12707
0.8913116 -0.110562 0.682039 -3.706489 -1.693924 23.87516
0.8910674 -0.1059233 0.6795976 -4.263741 -1.984 23.56982
0.8961944 -0.1152007 0.6766679 -4.630153 -2.243542 23.24157
0.8883819 -0.1081206 0.6742265 -5.004199 -2.449649 22.69195
0.890335 -0.1108062 0.6776445 -5.225573 -2.77026 22.47821
0.8900908 -0.1120269 0.6778886 -5.653053 -2.953466 22.00493
0.8966826 -0.1061675 0.6766679 -6.385878 -2.640489 21.59272
0.8939971 -0.1059233 0.6791093 -6.973664 -2.79316 21.0889
0.9015655 -0.1100737 0.6795976 -7.744657 -2.87713 20.71486
0.8952178 -0.1086089 0.6842363 -8.446947 -2.846595 20.02783
0.9005889 -0.1081206 0.6920488 -9.279008 -2.831328 19.61562
0.8947295 -0.1191069 0.68033 -9.851526 -2.777893 18.94386
0.8874053 -0.1183745 0.6900957 -10.55382 -2.464916 18.1805
0.8908233 -0.1115386 0.7008379 -11.0729 -2.380947 17.68432
0.8947295 -0.1198394 0.6893632 -11.26374 -2.197741 16.69195
0.8932647 -0.1078765 0.6981523 -10.98893 -2.258809 16.44768
0.890335 -0.1208159 0.7005937 -11.0958 -2.197741 15.73776
0.8883819 -0.1164214 0.7037675 -11.14924 -1.968733 15.07363
0.8834991 -0.1208159 0.7052324 -11.13397 -1.846595 14.47821
0.8751983 -0.1100737 0.6954668 -10.9584 -2.037435 14.14234
0.8795928 -0.1217925 0.6947343 -10.92023 -1.57942 13.63852
0.8385772 -0.03927295 0.6168535 -13.20267 1.428214 14.49348
0.8004912 -0.07394092 0.6004961 -1.950764 -4.022168 2.302641
0.8056182 -0.07418506 0.5890214 -1.195038 -4.503084 1.493481
0.8102569 -0.08419483 0.5931718 -0.6759543 -5.182473 0.8980618
0.7973174 -0.09078663 0.5887773 -1.019466 -5.503084 0.1118011
0.8141631 -0.09249561 0.5887773 -1.820992 -6.457283 -0.1553745
0.8053741 -0.101773 0.5834062 -2.904962 -7.174839 -0.2088089
0.8046416 -0.09689014 0.5904863 -4.981297 -7.900031 -0.3233128
0.8083037 -0.1005522 0.5926836 -6.775191 -8.518351 -0.132473
0.8063506 -0.1015288 0.5968339 -9.072901 -9.190107 0.2339382
0.7951201 -0.1130034 0.5995195 -10.58435 -9.762627 0.4858475
0.8046416 -0.1103179 0.5982988 -12.17214 -10.15957 0.3942451
0.8041533 -0.1235015 0.6009843 -12.48512 -10.80843 0.5011139
0.8022002 -0.126187 0.6197832 -13.53855 -10.63285 0.7224884
0.8009795 -0.1332671 0.6275957 -13.9813 -10.88476 0.8446255
0.8058623 -0.1423003 0.6234453 -14.53855 -11.32751 1.432413
0.7990264 -0.1423003 0.6312578 -14.48512 -11.42675 1.93623
0.8031768 -0.1488921 0.6307695 -14.1645 -11.48782 2.485847
0.8022002 -0.1525542 0.6332109 -13.76756 -11.53362 2.997297
0.8009795 -0.1562163 0.6293046 -13.48512 -11.48782 3.844625
0.8102569 -0.1545073 0.6192949 -13.39351 -11.66339 4.501114
0.8048858 -0.1518218 0.6388261 -13.88969 -12.15957 5.844626
0.8126983 -0.159146 0.6261308 -14.49275 -11.64049 6.623252
0.8175811 -0.1640288 0.6341875 -14.66069 -11.63285 7.714855
0.8119658 -0.1718413 0.6373613 -14.72939 -11.85423 8.791191
0.8144073 -0.1632964 0.6373613 -14.50802 -11.83896 9.760656
0.8095244 -0.1679351 0.6522539 -13.75992 -11.35805 10.69959
0.8144073 -0.1691558 0.6634843 -12.63015 -10.97637 11.40188
0.8053741 -0.1686675 0.6761796 -11.39351 -10.35041 11.92096
0.8056182 -0.1640288 0.6725175 -9.737023 -7.976367 14.34844
0.8039092 -0.1535308 0.6788652 -9.591985 -7.632855 15.57745
0.8024444 -0.1613433 0.6927812 -9.912596 -6.79316 16.33318
0.8041533 -0.154019 0.6791093 -10.34008 -6.350412 17.26447
0.8031768 -0.1562163 0.6725175 -10.88969 -5.816061 18.43241
0.8097686 -0.1559722 0.6710527 -10.85153 -5.289344 19.34844
0.7963408 -0.1571929 0.6725175 -11.01947 -4.785527 20.37898
0.810501 -0.1603667 0.6742265 -10.86679 -4.159573 21.32554
0.8080596 -0.1549956 0.6747148 -10.80573 -3.472549 22.47058
0.8031768 -0.1547515 0.6827714 -10.46221 -2.777893 23.24157
0.8043975 -0.1447417 0.6930254 -10.05 -2.106138 24.05073
0.8041533 -0.1488921 0.6822832 -9.538549 -1.548886 24.92096
0.7997588 -0.141812 0.6844804 -9.286641 -1.121405 25.60798
0.8046416 -0.1432769 0.6764238 -8.729389 -0.4878168 26.55455
0.8012237 -0.1462065 0.6800859 -8.217939 0.4587481 27.32554
0.8097686 -0.1410796 0.6764238 -7.13397 1.153404 27.93623
0.8068389 -0.1366851 0.6605546 -4.866794 1.817527 28.74539
0.813919 -0.1359526 0.6617754 -1.83626 2.283175 28.98203
0.8031768 -0.1276519 0.6398027 1.782061 2.771725 29.12707
0.8019561 -0.1112944 0.6378496 5.026336 2.817527 29.31028
0.800003 -0.1015288 0.6283281 7.499618 2.802259 29.53928
0.8090362 -0.09249561 0.6026933 9.095039 2.680122 29.72249
0.8017119 -0.09444874 0.5958574 10.58359 2.252641 29.90569
0.8012237 -0.08248585 0.5878007 12.30115 1.458748 30.1118
0.7997588 -0.0863921 0.5758379 12.23244 0.6572213 30.57745
0.7997588 -0.08126514 0.5775468 11.78206 -0.07560301 30.72249
0.7870635 -0.08492725 0.5807207 10.30115 -0.5412519 30.85226
0.78096 -0.08126514 0.5790117 8.797329 -1.243542 31.00493
0.7782744 -0.07418506 0.5755937 6.86603 -2.09087 31.1118
0.7726592 -0.07735889 0.5860918 4.850763 -2.701557 30.92096
0.7733916 -0.07369678 0.5902421 3.324046 -3.274076 30.92096
0.7643584 -0.07955616 0.5795 1.621755 -4.045069 30.69196
0.7643584 -0.08272999 0.5929277 0.4309158 -4.594687 30.54692
0.7689971 -0.08028858 0.5997636 -0.6301527 -4.87713 29.98966
0.7626494 -0.08077686 0.5961015 -1.141603 -5.678657 29.93623
0.7760772 -0.09176319 0.5970781 -2.103435 -6.266443 29.71486
0.7851104 -0.09200733 0.6017168 -2.782825 -6.87713 29.61562
0.7873076 -0.07711475 0.5907304 -3.217939 -7.213007 29.32554
0.7895049 -0.08150928 0.6036699 -3.927863 -7.640489 29.18814
0.7892608 -0.08053272 0.5926836 -4.767557 -7.869496 29.05837
0.7953643 -0.08126514 0.6180742 -5.53855 -8.174839 28.73775
0.7992705 -0.07833545 0.619539 -6.340076 -8.365679 28.68432
0.8053741 -0.07955616 0.6144121 -7.164504 -8.403847 28.45531
0.8019561 -0.07467334 0.6158769 -7.996565 -8.274076 27.84463
0.8053741 -0.06832569 0.6236894 -8.072901 -8.594687 27.51638
0.8012237 -0.06881397 0.6268632 -7.843893 -8.396214 26.88279
0.8056182 -0.0732085 0.6190507 -7.088168 -8.220641 26.30264
0.8026885 -0.06856983 0.6310136 -6.279008 -8.129038 25.60035
0.8075713 -0.06856983 0.6315019 -5.45458 -8.342779 25.23394
0.8114776 -0.07149951 0.6378496 -5.332443 -8.28171 24.85989
0.8039092 -0.06588428 0.6417558 -5.202672 -8.067969 24.60035
0.8124541 -0.06466358 0.6358964 -5.912596 -8.014534 24.17287
0.8051299 -0.06271045 0.6488359 -6.607252 -7.892397 23.98203
0.7978057 -0.06466358 0.652498 -7.882061 -7.449649 23.82936
0.7990264 -0.06246631 0.6617754 -8.805725 -7.075603 23.90569
0.8012237 -0.06832569 0.6634843 -9.561451 -6.968733 23.74539
0.7917022 -0.06588428 0.671541 -10.30954 -6.274076 23.35608
0.7924346 -0.07223194 0.671541 -11.12634 -6.029801 23.1805
0.9157256 -0.0107085 0.6686113 -20.44695 8.748825 9.600351
0.9201201 -0.06881397 0.6842363 -16.69122 12.45875 2.356077
0.9130401 -0.06954639 0.6866777 -17.03473 13.00837 1.989664
0.9137725 -0.07516162 0.6971757 -17.37061 13.24501 1.562183
0.9066924 -0.08321827 0.6949785 -17.92023 13.78699 1.012566
0.8954619 -0.08590382 0.6861894 -18.9584 14.35951 1.027832
0.8927764 -0.09273975 0.701082 -19.40115 14.85569 0.7377548
0.8832549 -0.1078765 0.7023027 -19.99656 15.02363 0.9896641
0.8791045 -0.1095855 0.7079179 -20.30191 15.35188 0.9514961
0.8715362 -0.1193511 0.713289 -19.87443 15.74119 1.127069
0.871292 -0.1237456 0.720125 -19.36298 16.24501 0.9896641
0.8661651 -0.1222808 0.718416 -19.66832 17.22974 1.226305
0.8693389 -0.1376616 0.7140214 -18.95076 17.24501 1.470581
0.8671416 -0.1457183 0.7086504 -17.9813 17.48928 2.111801
0.8676299 -0.1437651 0.71158 -18.25611 18.26027 2.76829
0.8561553 -0.1496245 0.7035234 -17.73702 18.21447 3.424778
0.838333 -0.1513335 0.7174394 -17.34008 19.03127 3.829359
0.8288116 -0.1571929 0.7140214 -17.19504 19.37478 4.356077
0.8219756 -0.1628081 0.7176836 -16.63779 19.64959 4.852259
0.807083 -0.1723296 0.7252519 -15.98893 19.62669 5.600351
