0.3012236 -0.3937652 0.4545 4.377481 -14.90003 28.44005
0.3131865 -0.3871734 0.4872148 4.46145 -15.0527 29.1805
0.320999 -0.3644683 0.5050371 4.537786 -14.74736 29.66142
0.31929 -0.3610503 0.5148027 4.362214 -13.92293 30.066
0.3312529 -0.3383452 0.5265214 3.575954 -13.23591 30.58508
0.3314971 -0.3444488 0.5416582 3.423282 -12.63285 30.94386
0.3373564 -0.3332183 0.5653398 2.629389 -11.66339 31.66142
0.3495635 -0.3241851 0.5738847 1.720993 -10.09087 32.21104
0.3520049 -0.3139312 0.5807207 0.5454197 -8.228275 32.37897
0.3495635 -0.3046538 0.5931718 -0.06526709 -6.716825 32.82172
0.3483428 -0.2973296 0.5897539 -0.5538168 -5.518351 33.07363
0.3441924 -0.2880523 0.595125 -0.462214 -4.296977 33.03547
0.3485869 -0.290982 0.5897539 -0.1950383 -3.136672 32.98966
0.3437041 -0.284146 0.5836504 -0.1645041 -1.716824 32.69196
0.35054 -0.2746245 0.5846269 0.3087783 -0.296977 32.69959
0.3532256 -0.2565581 0.5770586 0.6904578 0.9854658 32.2263
0.366165 -0.2460601 0.5650957 -0.0423665 2.290809 31.53928
0.3527373 -0.2257964 0.5477617 -1.011832 3.275542 31.10417
0.3480986 -0.2221343 0.5524004 -1.675954 4.191573 30.59272
0.3410186 -0.2189605 0.5470293 -1.56145 4.970199 29.82172
0.3251494 -0.20773 0.5331132 -1.217939 5.680122 28.50875
0.3197783 -0.2148101 0.5243242 0.1942749 6.12287 27.07363
0.3197783 -0.2209136 0.5040605 1.140839 6.138137 26.08127
0.3146514 -0.2196929 0.4781816 1.285878 6.283176 25.2034
0.3112334 -0.2214019 0.4750078 1.415649 6.649588 24.28737
0.3136748 -0.225064 0.4591386 1.125573 6.107603 23.57745
0.3136748 -0.226773 0.4505937 0.7057252 5.863328 22.87516
0.3017119 -0.2345855 0.4425371 0.3469462 5.321343 22.19577
0.3009795 -0.2465483 0.4405839 0.02633572 4.90913 21.57745
0.2985381 -0.2555816 0.4239824 -0.1874046 4.512183 21.10417
0.2985381 -0.2636382 0.4188554 -0.08053446 3.947298 20.52402
0.2904815 -0.2765777 0.4054277 -0.3324428 3.199206 20.38661
0.2853545 -0.2934234 0.3932207 -0.9049621 2.481649 20.30264
0.2777861 -0.3119781 0.3795488 -1.714122 1.252641 20.75302
0.2802275 -0.3256499 0.3727129 -2.966031 0.2297404 21.44005
0.2731475 -0.3302886 0.3719804 -4.217939 -0.9381985 22.24921
0.2692412 -0.344937 0.3622148 -5.530916 -2.289344 23.00493
0.2641143 -0.3402984 0.3605058 -6.94313 -3.518351 23.80646
0.2543486 -0.3451812 0.3517168 -8.64542 -5.098504 24.58508
0.2577666 -0.3371245 0.357332 -10.0042 -6.915298 25.9286
0.2611846 -0.3422515 0.3631914 -10.99656 -8.587053 26.44005
0.2753447 -0.33273 0.3773515 -11.81336 -10.13667 26.75302
0.2812041 -0.3315093 0.4049394 -12.22557 -11.63285 27.47058
0.2841338 -0.3278472 0.4169023 -13.0042 -12.85423 27.53928
0.2936553 -0.3175933 0.4383867 -13.63015 -13.95347 27.93623
0.2975615 -0.3024566 0.4781816 -13.87443 -14.87713 28.40951
0.3012236 -0.2958648 0.5047929 -14.41641 -15.10614 28.17287
0.3134307 -0.285855 0.5267656 -14.26374 -15.02217 27.60035
0.3163604 -0.2731597 0.5528886 -14.34008 -14.85423 27.02783
0.3268584 -0.2738921 0.5936601 -14.08053 -14.0985 26.82936
0.3239287 -0.2604644 0.6158769 -13.85153 -13.31224 26.07363
0.3361357 -0.258023 0.635164 -13.35534 -11.85423 25.21104
0.3368682 -0.2533843 0.6571367 -13.20267 -10.14431 24.52402
0.3292998 -0.2433745 0.6798418 -12.46985 -8.304611 23.63852
0.3351592 -0.2526519 0.6805742 -11.55382 -6.480183 22.77592
0.3476104 -0.2370269 0.7191484 -9.691221 -5.144305 21.49348
0.3427275 -0.242398 0.7242754 -8.94313 -2.38858 20.1576
0.3534697 -0.242398 0.7171953 -8.759924 -0.1443052 19.43241
0.3534697 -0.237271 0.7213457 -8.958397 2.42058 18.34844
0.2006377 -0.7235991 0.04922652 24.98054 52.0389 -131.4149
0.3158721 -1.265347 0.4640214 -36.39351 20.64959 -72.17828
0.3314971 -1.237759 0.4796464 -36.23321 18.41295 -69.36912
0.3397979 -1.20773 0.4957597 -36.25611 16.41295 -67.04851
0.3654326 -1.16647 0.5174882 -35.35534 14.85569 -65.59812
0.3810576 -1.131314 0.5555742 -33.63779 14.1305 -64.83476
0.3944854 -1.101773 0.5804765 -32.0729 14.26027 -64.74316
0.402542 -1.070279 0.5965898 -29.90496 14.17631 -65.40729
0.4272002 -1.042447 0.6219804 -28.59198 16.22974 -66.33858
0.4369658 -1.042203 0.619539 -27.1187 16.84043 -67.29278
0.4357451 -1.061001 0.6080644 -26.0729 17.71066 -68.16301
0.4369658 -1.079068 0.6053789 -25.34771 18.48165 -68.51415
0.4345244 -1.104214 0.5821855 -24.27901 19.55798 -68.39965
0.4264678 -1.144742 0.558748 -23.34771 19.58852 -68.04087
0.4191436 -1.177701 0.5277421 -23.59962 19.38241 -66.40729
0.418167 -1.206021 0.5111406 -24.32481 18.93203 -64.43018
0.4125518 -1.229214 0.49283 -26.37061 18.0847 -61.17828
0.4081573 -1.253873 0.4562089 -28.9126 17.29081 -58.04851
0.3896025 -1.267056 0.4264238 -32.01183 15.39005 -53.52942
0.3856963 -1.280728 0.3998125 -36.30191 12.9931 -48.94164
0.390335 -1.276089 0.3995683 -41.15687 10.22974 -43.75843
0.3888701 -1.256314 0.3873613 -45.14924 6.977832 -38.74316
0.3935088 -1.22604 0.3988359 -49.08054 3.825161 -33.934
0.4086455 -1.183072 0.4276445 -51.86679 0.6037862 -29.98744
0.4313506 -1.138882 0.4542558 -54.26374 -2.022168 -26.30041
0.4638213 -1.083706 0.4855058 -56.0729 -3.87713 -23.64392
0.4950713 -1.017544 0.5548418 -55.25611 -4.808428 -22.15537
0.5236358 -0.9211089 0.6166093 -53.45458 -4.28171 -21.81186
0.5438994 -0.8351714 0.6761796 -51.66069 -3.151939 -23.18591
0.5524444 -0.7748687 0.6986406 -49.11871 -0.9687328 -25.65156
0.6286162 -0.784146 0.6725175 -38.05763 2.771725 -30.23171
0.6164092 -0.6117827 0.7540605 -49.31718 3.687756 -32.12484
0.621292 -0.6171538 0.7709062 -45.8897 6.703022 -36.85767
0.5956573 -0.553189 0.744539 -42.97367 13.64195 -42.69736
0.6061553 -0.5658843 0.7162187 -43.0042 15.22211 -48.39201
0.6132354 -0.5873687 0.7037675 -41.26374 15.1076 -53.09431
0.6347198 -0.6327788 0.6922929 -38.49275 19.55035 -58.03324
0.6234893 -0.6706206 0.6444414 -35.14161 23.0618 -62.68209
0.6049346 -0.7008941 0.5931718 -34.59962 23.56562 -66.23171
0.5749053 -0.7758452 0.5411699 -34.06527 23.53508 -69.10194
0.5629424 -0.8537261 0.4994218 -33.14161 23.62669 -70.62103
0.5497588 -0.9413726 0.4532793 -32.63779 22.93966 -71.06377
0.5277862 -1.007535 0.4110429 -32.28664 21.72592 -70.94927
0.5255889 -1.063931 0.3758867 -31.92023 19.20684 -68.99507
0.5165557 -1.121548 0.3458574 -32.1187 16.45875 -66.59812
0.5221709 -1.163052 0.324373 -33.14924 13.69539 -63.27751
0.5246123 -1.189664 0.3165605 -34.68359 10.58088 -59.64393
0.5294951 -1.218228 0.3170488 -35.74466 7.458748 -55.01034
0.5365752 -1.225064 0.3165605 -35.57672 4.809893 -50.85003
0.5509795 -1.210415 0.3329179 -33.63015 2.71829 -47.33858
0.572708 -1.17233 0.3504961 -32.73702 0.275542 -43.83476
0.5829619 -1.13107 0.3722246 -32.73702 -1.487817 -41.21645
0.574417 -1.087124 0.3946855 -33.71412 -2.510718 -38.45309
0.5836944 -1.050015 0.4105546 -33.60725 -2.77026 -36.61339
0.5912627 -0.9963042 0.4227617 -33.66832 -2.709191 -35.62865
0.5949248 -0.9552886 0.421541 -34.33244 -3.083237 -34.71262
0.5956573 -0.9228179 0.4032304 -34.9813 -3.739725 -34.72789
0.5905303 -0.9213531 0.4093339 -34.72176 -4.938199 -34.68973
0.5963897 -0.9047515 0.3983476 -34.37825 -6.014534 -35.08667
0.5939483 -0.8998687 0.3985918 -34.59962 -7.365679 -35.24698
0.5844268 -0.9067046 0.3951738 -34.48512 -8.472549 -35.20117
0.5873565 -0.9191558 0.4127519 -34.36298 -9.884764 -34.79659
0.5824737 -0.9257476 0.4193437 -34.14924 -10.9382 -34.05614
0.5800323 -0.9360015 0.4281328 -33.92786 -11.9382 -33.35384
0.5753936 -0.9428374 0.4381425 -33.19504 -12.77789 -32.46835
0.5780791 -0.9486968 0.4486406 -32.73702 -13.87713 -31.32331
0.5807647 -0.9460113 0.4549882 -33.19504 -14.36568 -29.66683
0.5844268 -0.9538238 0.4491289 -33.57672 -16.06797 -27.62866
0.5902862 -0.9499175 0.4642656 -34.69886 -17.0985 -25.72026
0.6103057 -0.9377105 0.4764726 -34.55382 -18.11377 -23.72026
0.6215362 -0.9198882 0.4889238 -34.05 -18.97637 -22.36912
0.6447295 -0.8864409 0.5108964 -33.54618 -19.22828 -21.13247
0.6598662 -0.8705718 0.5267656 -32.54618 -19.57179 -20.14011
0.6693877 -0.8258941 0.5438554 -33.88206 -19.16721 -19.59812
0.6767119 -0.7970855 0.5636308 -33.37061 -18.16721 -19.8195
0.6798858 -0.7570464 0.5736406 -33.95076 -16.81606 -19.87293
0.6813506 -0.7377593 0.5748613 -35.01183 -15.09087 -21.28515
0.6857451 -0.7204253 0.5655839 -37.05763 -13.47255 -21.94927
0.6713408 -0.7240874 0.5497148 -37.47748 -12.56415 -22.9111
0.6688994 -0.7350738 0.5228593 -36.67595 -11.25117 -24.53705
0.6601104 -0.7343413 0.4901445 -39.72939 -10.35041 -24.36912
0.638626 -0.7565581 0.463289 -39.53092 -10.69392 -25.52942
0.4132842 -0.1842925 0.5345781 11.55305 44.36715 -10.54469
0.3927764 -0.1862456 0.5289629 8.591221 43.53508 -12.33095
0.3981475 -0.1989409 0.5047929 5.064504 42.66486 -14.20117
0.3881377 -0.2192046 0.4974687 0.6675572 41.93967 -15.38438
0.3964385 -0.2226226 0.4906328 -3.912596 41.05417 -16.47598
0.4071807 -0.2358062 0.5050371 -8.309542 40.48928 -17.35385
0.3998565 -0.2570464 0.5187089 -12.34771 40.05417 -18.23934
0.3966826 -0.266812 0.5331132 -15.72939 40.0618 -19.03324
0.4057158 -0.2670562 0.5506914 -17.87443 39.77173 -20.04087
