2.289799 2.224976 1.40153 205.1852 -235.9576 251.8109
2.289799 2.224976 1.591228 199.2844 -223.6446 251.8109
2.289799 2.212586 0.727458 -197.7232 148.6073 -248.4563
2.289799 -1.373107 -0.2605791 -230.6163 231.0959 -248.4563
2.289799 -1.729553 -0.2605791 -230.6163 231.0959 -248.4563
2.289799 -1.774963 -0.2605791 -230.6163 231.0959 -248.4563
2.289799 -1.774963 -0.2605791 -230.6163 231.0959 -248.4563
2.054752 -1.774963 -0.2605791 -230.6163 231.0959 -248.4563
2.289799 -1.774963 -0.2605791 -230.6163 231.0959 -248.4563
-1.71014 -1.774963 -0.2605791 -230.6163 231.0959 -248.4563
1.000797 -1.774963 -0.2605791 -120.082 203.0348 -248.4563
0.2122231 -1.774963 -0.2605791 146.2157 65.04243 -248.4563
-0.1386069 -1.774963 -0.2605791 246.2234 -26.52244 -208.586
-1.279476 -1.774963 -0.2605791 269.6508 -89.99573 -152.3494
-1.684017 -1.774963 -0.2605791 230.1318 -111.385 -92.56315
-1.71014 -1.774963 -0.2605791 231.7883 -159.9728 -65.10513
-1.437191 -1.774963 -0.2605791 177.2844 -188.4919 -20.34177
-0.9030112 -1.774963 -0.2605791 164.2997 -185.0644 -18.212
-0.8576011 -1.774963 -0.2605791 156.918 -239.0263 16.92541
-0.6952476 -1.774963 -0.2605791 147.2921 -224.6293 42.29945
-0.2543296 -1.774963 -0.2605791 154.7119 -226.6446 73.09335
0.03473291 -1.774963 -0.2605791 143.2539 -224.6599 94.02464
0.3208657 -1.774963 -0.2605791 143.5669 -229.3545 127.9254
0.1961099 -1.774963 -0.1780596 135.9257 -225.8278 157.8033
0.4082681 -1.774963 -0.02864552 128.4066 -220.8736 190.9636
0.4705239 -1.774963 0.08951855 131.3913 -217.8201 206.2308
0.5103189 -1.774963 0.1903486 130.4218 -217.843 220.9865
0.5613442 -1.557189 0.3319502 122.4447 -211.553 246.6353
0.5650064 -1.398742 0.418376 116.2386 -206.553 251.8109
0.6052896 -1.124572 0.5301924 111.0554 -200.156 251.8109
0.6079751 -0.9795527 0.5765791 94.0249 -193.5835 251.8109
0.5235024 -0.9478144 0.6681318 90.53635 -193.4843 251.8109
0.6231118 -0.7632441 0.7150068 86.22337 -187.1102 251.8109
0.6062661 -0.7437128 0.7894697 82.52872 -178.2095 251.8109
0.6167642 -0.6331171 0.8470869 79.89513 -174.4766 251.8109
0.6045571 -0.5828241 0.8895674 80.33788 -167.0186 251.8109
0.6223794 -0.5564569 0.9208174 81.31497 -162.3927 251.8109
0.6143228 -0.4876093 0.8920088 85.95619 -157.6751 251.8109
0.6248208 -0.476623 0.888835 97.16231 -156.7209 251.8109
0.6990396 -0.3809198 0.8949385 104.9715 -154.0186 251.8109
0.6917153 -0.3796991 0.8922529 114.9257 -151.095 251.8109
0.7383462 -0.3091425 0.9864912 121.0936 -151.5606 251.8109
0.7578774 -0.374328 1.021892 134.0478 -144.7438 251.8109
0.77277 -0.36383 0.99821 144.5898 -137.4537 251.8109
0.7769204 -0.4043573 0.8954268 162.6509 -134.2171 251.8109
0.8152505 -0.3176874 0.8622236 166.5135 -136.7209 251.8109
0.8350259 -0.2915644 0.8920088 175.4447 -134.6369 251.8109
0.8779946 -0.2461542 0.8981123 189.1547 -133.4537 251.8109
0.9231606 -0.1812128 0.8937178 199.7425 -133.2247 251.8109
0.9802896 -0.1514276 0.9193525 210.8722 -131.9957 251.8109
1.011295 -0.09649597 0.9437666 219.1318 -129.1484 251.8109
1.059147 -0.03570496 0.9593916 223.773 -123.843 251.8109
1.090885 0.01995911 0.9676924 225.9486 -123.1942 251.8109
1.144596 0.08075012 0.9330244 225.5211 -117.1102 251.8109
1.191715 0.1478888 0.9022627 224.857 -111.2629 251.8109
1.209538 0.1810919 0.8382978 217.4753 -109.8889 251.8109
1.223942 0.2601935 0.8046064 208.9944 -107.0797 251.8109
1.268864 0.3092657 0.7042646 197.6051 -107.1179 251.8109
1.340885 0.4774786 0.6039228 178.2081 -106.9957 251.8109
1.170719 1.306092 0.4747725 104.6661 -118.5224 251.8109
1.690495 1.050721 -0.03059864 144.6967 -132.324 251.8109
1.215397 1.498719 0.3170576 133.5516 -148.1102 251.8109
1.576969 0.8109747 0.4090986 136.1776 -130.3316 251.8109
1.530338 1.28534 0.2960615 134.9409 -135.4156 251.8109
1.438053 0.9535528 0.2904463 144.3302 -147.1408 251.8109
1.475895 1.199402 0.4220381 126.3531 -154.2324 251.8109
1.567692 1.305359 0.4144697 115.4142 -161.5148 251.8109
1.550358 1.233582 0.4000654 105.3379 -169.0492 251.8109
1.61945 1.205018 0.3844404 92.06306 -178.4537 251.8109
1.685612 1.173035 0.4308271 88.80353 -188.8354 251.8109
1.678043 1.236512 0.4449873 84.8875 -200.2858 251.8109
1.809635 1.253846 0.5018721 88.01727 -208.9346 251.8109
1.930241 1.248231 0.4691572 108.5134 -218.4232 251.8109
2.055729 1.263367 0.4249678 129.2997 -227.5148 251.8109
2.167545 1.281434 0.3846846 153.1699 -237.7209 251.8109
2.288639 1.342469 0.3280439 184.1165 -247.1331 251.8109
2.289799 1.422059 0.1954756 209.6127 -258.0721 251.8109
2.289799 1.554139 0.09708691 243.6509 -269.1713 251.8109
2.289799 1.758729 0.1092939 249.4142 -269.1713 251.8109
2.289799 1.961609 0.1781416 262.9715 -269.1713 251.8109
2.289799 2.151307 0.324626 269.6508 -269.1713 251.8109
2.289799 2.224976 0.276042 268.6585 -269.1713 251.8109
2.289799 2.224976 0.4386396 260.315 -269.1713 251.8109
2.289799 2.224976 0.5773115 250.8417 -269.1713 251.8109
2.289799 2.224976 0.7018232 253.6051 -269.1713 251.8109
2.289799 2.224976 0.9691572 252.5822 -269.1713 251.8109
2.289799 2.224976 1.013347 250.2768 -269.1713 251.8109
2.289799 2.224976 1.357097 257.4982 -269.1713 251.8109
2.289799 2.224976 1.464274 232.3379 -269.1713 251.8109
2.289799 2.224976 1.955241 195.3302 -269.1713 251.8109
2.289799 2.224976 1.999431 193.7501 -266.1484 227.5972
2.289799 2.224976 2.137858 238.8264 -217.4843 177.4598
2.289799 2.224976 2.160075 202.8264 -186.8583 134.5437
2.289799 1.613221 1.209636 -230.6163 163.4241 -248.4563
2.289799 -0.1668085 -0.2605791 -230.6163 231.0959 -248.4563
2.289799 -0.1992792 -0.2605791 -230.6163 231.0959 -248.4563
2.289799 -0.2249139 -0.2605791 -230.6163 231.0959 -248.4563
2.289799 -0.7119745 -0.2605791 -230.6163 231.0959 -248.4563
2.289799 -0.8267206 -0.2605791 -230.6163 231.0959 -248.4563
2.289799 -1.292541 -0.2605791 -230.6163 231.0959 -248.4563
2.289799 -1.488098 -0.2605791 -230.6163 231.0959 -248.4563
2.289799 -1.59967 -0.2605791 -230.6163 231.0959 -248.4563
2.289799 -1.600402 -0.2605791 -230.6163 231.0959 -248.4563
2.289799 -1.774963 -0.2605791 -230.6163 231.0959 -248.4563
2.082584 -1.774963 -0.2605791 -230.6163 231.0959 -248.4563
1.459782 -1.774963 -0.2605791 -230.6163 231.0959 -248.4563
0.7769204 -1.774963 -0.2605791 -230.6163 231.0959 -248.4563
2.289799 -1.774963 -0.2605791 -230.6163 231.0959 -208.4792
-0.9838218 -1.774963 -0.2605791 -138.8606 22.46992 -248.4563
-0.4642905 -1.774963 -0.2605791 77.56689 -47.75145 -190.7082
-0.3749351 -1.774963 -0.2605791 172.3455 -123.9728 -168.2654
-0.9481772 -1.774963 -0.2605791 269.6508 -183.9194 -151.6853
-1.068539 -1.774963 -0.2605791 269.6508 -202.3392 -107.0517
-1.481625 -1.774963 -0.2605791 264.5974 -251.1026 -66.82269
-1.218441 -1.774963 -0.2605791 269.6508 -269.1713 -115.9219
-0.9996909 -1.517639 -0.2605791 205.8417 -269.1713 -13.12803
-0.5021323 -1.774963 -0.2605791 228.2157 -269.1713 -20.41811
-0.286312 -1.577697 -0.2605791 230.399 -269.1713 -27.31887
0.03985986 -1.628234 -0.2605791 214.2616 -269.1713 -2.265435
0.2490884 -1.774963 -0.09456348 206.8951 -269.1713 5.398687
0.4346353 -1.774963 0.1346846 210.6509 -269.1713 38.20785
0.4529458 -1.774963 0.3395185 194.9104 -269.1713 52.7422
0.7478677 -1.774963 0.6871748 178.4906 -269.1713 69.7422
0.3250161 -1.774963 0.9452314 192.3837 -269.1713 99.04754
0.6236001 -1.627746 1.216228 185.5822 -269.1713 110.9254
0.668522 -1.418517 1.137858 177.2234 -250.4308 138.1391
0.5090981 -1.217346 1.28361 131.8722 -218.1942 193.5361
0.4920083 -1.148498 1.280681 128.1394 -206.2018 205.3911
0.4922524 -1.115295 1.263835 124.1928 -196.698 217.6277
0.4885903 -1.116516 1.256755 122.8493 -187.0568 230.3605
0.4964028 -1.130432 1.279948 128.8875 -178.4003 241.8643
0.4832192 -1.059387 1.277019 125.2005 -170.5148 251.8109
0.5686685 -1.209533 1.297526 126.4906 -162.2705 251.8109
0.5860024 -1.181457 1.336833 140.0096 -156.0797 251.8109
0.6250649 -1.197082 1.379558 142.4982 -145.2171 251.8109
0.6189614 -1.158996 1.360026 153.689 -138.6217 251.8109
0.6548501 -1.090881 1.364421 164.9028 -130.9728 251.8109
0.7046548 -1.046447 1.35612 176.1776 -122.5301 251.8109
0.7503091 -1.032287 1.323161 195.9257 -117.7438 251.8109
0.8333169 -0.9832148 1.278728 213.9333 -109.1408 251.8109
0.8496743 -0.9763788 1.21696 234.3531 -103.4003 251.8109
0.9453774 -0.8665155 1.104655 249.7348 -100.5224 251.8109
1.000797 -0.8333124 1.076823 268.9944 -92.36977 251.8109
1.055973 -0.7149042 1.008464 269.6508 -87.08733 251.8109
1.155338 -0.6704706 0.8658857 269.6508 -80.88123 251.8109
1.266422 -0.5918573 0.8016768 269.6508 -78.90412 251.8109
0.9558755 -0.565246 0.7565107 269.6508 -73.67511 251.8109
1.270085 -0.4578241 0.3453779 269.6508 -82.52245 251.8109
1.278629 -0.3047479 0.3619795 269.6508 -79.24001 251.8109
1.389469 -0.1223749 0.2501631 269.6508 -80.43848 251.8109
