0.4716338 -0.2467925 0.296541 39.02633 95.76409 -117.2317
0.1933135 -0.1576812 0.5941484 23.52252 6.42058 22.35608
0.6278838 0.3154634 0.4593828 42.75153 158.7183 -118.079
0.6190948 0.2961762 0.3810136 41.79733 160.7641 -125.4684
0.6237334 0.2688325 0.3055742 41.00343 162.1076 -131.8271
0.6237334 0.2478364 0.1935136 41.89656 160.8175 -139.2393
0.6317901 0.22977 0.1146562 40.40038 159.2984 -146.1783
0.6042022 0.196811 0.02554488 42.65229 156.5885 -153.4684
0.5678252 0.1623872 -0.03329301 44.64465 150.9702 -160.1706
0.5387725 0.09134228 -0.03988481 54.0874 145.9473 -167.6287
0.5402373 0.1120942 -0.109709 53.51488 141.0542 -173.2393
0.5451201 0.05984814 -0.1675704 61.30114 135.6572 -180.4073
0.5683135 0.04202588 -0.2007735 64.95 129.3748 -185.9111
0.5773467 0.005404785 -0.2469161 70.14084 123.5275 -191.4913
0.6105498 -0.02022998 -0.2801192 73.86604 116.5656 -196.7966
0.6535186 -0.03292529 -0.3008711 76.7897 110.3595 -201.4913
0.6879424 -0.01998584 -0.3396895 69.36985 104.5351 -202.7279
0.7086944 -0.03902881 -0.3789961 73.15611 100.3366 -207.2699
0.6793975 -0.02804248 -0.4068282 72.28588 90.9931 -211.7966
0.6703643 -0.01998584 -0.4068282 73.29351 83.0847 -216.6134
0.6671905 -0.06222217 -0.3606856 73.05687 74.34424 -221.1019
0.6835479 -0.04366748 -0.3645918 65.13321 73.43584 -225.5142
0.7567901 -0.1117827 -0.3699629 64.98054 65.09233 -228.9951
0.7941436 -0.1535308 -0.390959 50.56068 59.22211 -228.9951
0.7824248 -0.2714507 -0.3938887 40.09504 51.12287 -228.9951
0.7748565 -0.3444488 -0.3724043 28.41565 46.49692 -227.2775
0.7790069 -0.4198882 -0.3406661 22.26298 39.00837 -224.3386
0.7975616 -0.4818999 -0.3113692 15.09504 36.0618 -222.5752
0.8153838 -0.5365874 -0.342375 6.751526 32.44348 -218.2851
0.8388213 -0.5895659 -0.3584883 -6.920229 25.59615 -211.0638
0.8402862 -0.6420562 -0.3504317 -16.56908 20.36714 -206.3691
0.8251494 -0.6977202 -0.3252852 -24.01183 16.16867 -200.4989
0.81221 -0.7560699 -0.3274825 -28.60725 12.03127 -195.2851
0.8107451 -0.771939 -0.3357832 -32.0729 6.779358 -189.0332
0.8114776 -0.7934234 -0.3257735 -32.99657 1.649588 -183.8882
0.824417 -0.7724273 -0.3086836 -33.16451 -3.594687 -178.1859
0.8371123 -0.7509429 -0.2754805 -32.65305 -7.739725 -174.476
0.8478545 -0.7370269 -0.2632735 -30.56908 -11.53362 -171.247
0.8397979 -0.726773 -0.2369063 -26.59198 -14.38858 -168.9569
0.8231963 -0.7248199 -0.2442305 -21.53092 -17.50308 -167.4302
0.8239287 -0.7131011 -0.2434981 -16.88969 -20.93056 -165.6897
0.8241729 -0.7228667 -0.2522871 -13.32481 -24.0756 -163.9264
0.8356475 -0.7138335 -0.2747481 -10.82863 -27.67102 -161.3768
0.8410186 -0.7240874 -0.2911055 -8.637787 -31.60995 -159.0485
0.8459014 -0.728482 -0.3077071 -6.057634 -36.01453 -156.3615
0.8376006 -0.7353179 -0.3108809 -3.111069 -40.55652 -153.9874
0.8376006 -0.7362945 -0.3377364 -2.637786 -45.19011 -151.5676
0.8488311 -0.7460601 -0.3433516 -0.9889317 -50.02217 -148.7203
0.8410186 -0.7594878 -0.345793 0.4690838 -55.27407 -145.621
0.8651885 -0.7675445 -0.3453047 5.759161 -60.9382 -144.7661
0.8515166 -0.7714507 -0.3340743 5.087405 -67.61759 -140.6439
0.8461455 -0.8051421 -0.2955 10.65992 -72.64812 -139.0332
0.8600616 -0.80148 -0.26425 13.62939 -77.40385 -136.3309
0.8644561 -0.8322417 -0.234709 18.07977 -83.38858 -134.3233
0.8681182 -0.8434722 -0.2244551 20.88893 -87.45728 -130.8271
0.8854522 -0.8561675 -0.1795332 23.63702 -91.16721 -127.4836
0.8864287 -0.8932769 -0.1541426 26.09504 -95.57178 -123.9874
0.8925323 -0.9211089 -0.1150801 28.20191 -99.10614 -120.2393
0.8854522 -0.9467437 -0.09554887 30.17901 -102.1672 -115.3615
0.8808135 -0.9548003 -0.07723832 32.26297 -104.8924 -110.2928
0.8808135 -0.9587066 -0.06063676 32.49198 -108.7168 -104.4149
0.8766631 -0.9662749 -0.03109574 31.60649 -108.9611 -98.94164
0.8737334 -0.9743316 -0.01986527 27.9729 -112.5642 -93.11721
0.8520049 -0.9928863 -0.008878946 23.65229 -115.8084 -86.57523
0.8300323 -1.02731 0.01016402 20.59886 -118.8237 -80.07904
0.8402862 -1.050259 0.01944137 20.73626 -121.4573 -73.33858
0.7985381 -1.059048 0.07119918 22.35458 -124.7855 -67.49889
0.8024444 -1.074917 0.1031816 23.70572 -127.1596 -60.72026
0.7924346 -1.076626 0.1407793 24.14084 -130.1519 -53.60576
0.7848662 -1.077359 0.1832597 24.75916 -131.1596 -48.08667
0.779251 -1.087857 0.220125 26.75916 -134.7168 -40.0027
0.7934112 -1.042447 0.2713945 28.56832 -133.5871 -33.13248
0.784378 -1.032437 0.3043535 32.46908 -133.8924 -27.24698
0.7899932 -0.9980132 0.3404863 36.37748 -134.3962 -21.64392
0.7863311 -0.9618804 0.3534257 39.53778 -133.61 -16.44545
0.7873076 -0.9128081 0.3753984 43.53778 -133.1748 -11.63629
0.7851104 -0.8659331 0.3939531 46.8126 -132.4878 -7.002703
0.7748565 -0.8219878 0.4125078 50.95763 -131.129 -3.369114
0.7628936 -0.7851226 0.39908 56.17137 -129.4802 -1.155375
0.7538604 -0.7306792 0.388582 62.15611 -129.0603 1.249207
0.7240752 -0.7035796 0.3697832 68.38512 -127.5947 1.119434
0.704544 -0.67648 0.3356035 74.20954 -127.5718 2.111801
0.683792 -0.6693999 0.3033769 79.33932 -127.7321 2.867527
0.6532744 -0.6610991 0.2540605 84.93474 -127.7474 3.852259
0.6327666 -0.6623199 0.2071855 90.20191 -128.8313 4.722488
0.6112823 -0.6623199 0.1639726 96.39275 -130.8695 5.149969
0.5792998 -0.6745269 0.1180742 100.4004 -133.4039 6.264473
0.5529326 -0.695523 0.06753707 104.3469 -136.4802 8.310275
0.5338897 -0.7113921 0.03701949 104.721 -139.5871 11.066
0.2658232 -0.3776519 0.1356523 5.369847 -4.709191 -34.8653
0.324417 -0.2445952 0.3346269 -3.851527 -48.52598 22.38661
0.3217314 -0.2304351 0.345125 -1.393512 -49.24354 22.89043
0.3144072 -0.2157866 0.3492754 2.453817 -50.86186 22.9515
0.307083 -0.249478 0.345125 20.22481 -55.64049 22.57745
0.31929 -0.2524077 0.3495195 23.98817 -56.85423 23.61562
0.3402861 -0.2348296 0.3646562 25.82786 -57.28934 25.24921
0.3341826 -0.2358062 0.3819902 27.42328 -58.41911 26.62325
0.3527373 -0.2148101 0.4056718 25.8126 -58.67865 28.98966
0.3410186 -0.2524077 0.4176347 29.05687 -58.47255 29.47821
0.353958 -0.3671538 0.4925859 42.32404 -60.51835 31.42478
0.407669 -0.02975146 0.5038164 47.98053 -52.58705 27.84463
0.3249053 -0.2087065 0.4437578 49.68282 -55.60995 26.9286
0.3703154 -0.1137358 0.4496171 41.75916 -57.54889 30.64615
0.3288115 -0.122769 0.5082109 46.59885 -54.47255 28.63089
0.3861846 -0.1315581 0.4940507 36.21717 -53.04507 33.85989
0.3986357 -0.04635303 0.4864824 37.11794 -51.40385 32.37897
0.3839873 -0.02120654 0.4754961 23.12557 -49.38094 35.50875
0.3754424 0.01663525 0.452791 15.69809 -49.36568 35.12707
0.3512725 0.02469189 0.4396074 7.965267 -48.27407 34.49348
0.3273467 0.05252392 0.4576738 1.614122 -47.80843 32.94386
0.3002471 0.04397901 0.46158 0.7209921 -46.8466 30.07363
0.2912139 0.04373487 0.4725664 2.179007 -46.72446 27.60798
0.2824248 -0.0287749 0.4711015 11.76679 -46.36568 23.0202
0.2692412 -0.007290527 0.4405839 17.39275 -45.90766 19.74539
0.2655791 -0.06100147 0.4378984 24.52252 -47.20537 16.54692
0.2816924 -0.09249561 0.4305742 25.54542 -46.57942 16.28737
0.2675322 -0.09933155 0.4159257 29.8813 -46.36568 14.52402
0.2626494 -0.1039702 0.4032304 29.71336 -46.09087 14.46295
0.2519072 -0.1171538 0.3827226 28.94237 -46.18247 14.0431
0.2404326 -0.1188628 0.3683183 21.7897 -45.46492 15.87516
0.2311553 -0.1420562 0.3295 14.40038 -45.8466 17.76066
0.2345732 -0.1291167 0.3116777 5.835496 -46.67102 19.9515
0.2431182 -0.1427886 0.2904375 -1.675954 -47.76262 21.57745
0.2455596 -0.1711089 0.2667558 -6.072901 -49.87713 22.82173
0.2338408 -0.1794097 0.2596757 -11.69885 -51.984 24.75302
0.2333525 -0.190396 0.2745683 -15.40115 -53.9611 26.27974
0.2299346 -0.1935698 0.2767656 -15.45458 -56.8695 27.46295
0.2270049 -0.195523 0.3180254 -13.86679 -58.99927 27.89806
0.2421416 -0.1803862 0.3375566 -8.294275 -61.74736 27.86753
0.2416533 -0.1855132 0.3795488 -2.111069 -63.50308 27.43241
0.2443389 -0.1640288 0.4107988 5.43855 -65.41148 26.82173
0.2379912 -0.1549956 0.4452226 20.0187 -67.95347 24.55455
0.2682647 -0.1437651 0.5074785 33.05687 -69.0069 22.09653
0.3214873 -0.138394 0.5428789 46.36221 -69.55652 19.09653
0.3205107 -0.1415679 0.5995195 55.98053 -69.984 17.76829
0.3302764 -0.1491362 0.6825273 73.66756 -69.41911 14.40951
0.357376 -0.02315967 0.7208574 72.49962 -63.82369 12.89043
0.3090361 -0.05416553 0.7521074 74.26298 -63.93056 9.630885
0.3124541 -0.001919433 0.8050859 60.19427 -56.03743 10.53928
0.2907256 0.03543408 0.8063066 39.58359 -49.48018 11.07363
0.2863311 0.04642041 0.7940996 11.01107 -45.31224 13.22631
0.2821807 0.01834424 0.8080156 -18.1645 -39.27407 15.27211
0.2592314 -0.06246631 0.8014238 -48.92786 -33.79316 20.39425
0.2040557 -0.1603667 0.7919023 -74.05 -29.99163 27.00493
0.2218779 -0.1723296 0.7767656 -95.72939 -25.15194 33.19577
0.2372588 -0.2011382 0.7516191 -111.3019 -23.76263 42.00493
0.1454619 -0.3490874 0.7467363 -109.7905 -18.65576 44.89043
0.1884307 -0.2970855 0.763582 -91.04237 -22.64049 39.79882
0.2023467 -0.2919585 0.7945879 -77.65305 -20.15957 39.45531
0.1869658 -0.3332183 0.7765214 -63.14161 -18.15194 39.86753
