0.5773467 -0.5136382 0.5895097 -13.56145 29.64195 -43.62866
0.5771026 -0.5194976 0.5755937 -15.34008 29.66485 -42.25461
0.5666045 -0.5214507 0.5628984 -17.58435 30.0389 -40.8195
0.5673369 -0.516812 0.546541 -19.60725 30.35951 -39.64392
0.56221 -0.5194976 0.5231035 -21.21031 29.84806 -38.09431
0.5529326 -0.5136382 0.5040605 -22.22557 29.42058 -36.9111
0.5495147 -0.5116851 0.4762285 -22.29428 28.72592 -35.94164
0.5456084 -0.4970366 0.4747636 -21.32481 27.65722 -35.24698
0.5402373 -0.4950835 0.4525468 -19.9584 26.53508 -34.91873
0.5395049 -0.4745757 0.4435136 -17.57672 24.74882 -34.53706
0.5321807 -0.4648101 0.4169023 -15.68359 23.58852 -34.75079
0.5360869 -0.4692046 0.4166582 -12.66832 21.75646 -34.934
0.829544 -0.5780913 0.8177813 5.797328 13.61142 -7.941633
0.7033233 -0.5216949 0.5589921 7.262977 20.18394 -12.35385
0.702835 -0.5256011 0.5336015 8.850763 18.96256 -14.20117
0.6920928 -0.5204741 0.5157793 7.904198 16.34424 -15.36912
0.6840362 -0.5256011 0.5140703 7.759161 14.11524 -17.01034
0.6701201 -0.5387847 0.5162675 6.240077 12.21447 -18.26224
0.6725616 -0.5429351 0.5250566 4.911832 10.04653 -19.33858
0.6671905 -0.5570952 0.5401933 1.140839 8.954931 -19.94163
0.6640166 -0.5815093 0.5453203 -1.973664 6.809893 -19.9569
0.6693877 -0.5946929 0.5582597 -5.286641 5.474015 -20.33095
0.657669 -0.61398 0.5704668 -8.622519 3.733557 -19.81186
0.6540069 -0.634732 0.5880449 -10.97366 2.901496 -19.39202
0.6359405 -0.657437 0.6009843 -13.70649 1.092336 -18.06377
0.6083526 -0.6010406 0.6175859 -23.85916 -1.327511 -16.55232
0.6220244 -0.6803863 0.6478593 -14.11107 -1.228275 -18.44545
0.6581573 -0.7008941 0.6678789 -18.40115 -1.457282 -17.61339
0.6520537 -0.7131011 0.6666582 -11.92023 -1.762626 -18.65156
0.6903838 -0.7585113 0.6656816 -9.988932 -2.266443 -18.25461
0.737503 -0.7641265 0.6600664 -7.966031 -2.602321 -16.8424
0.7328643 -0.7914702 0.6607988 -8.034733 -3.457283 -15.92637
0.7333526 -0.8305327 0.6771562 -5.546184 -4.335145 -13.78133
0.7355498 -0.8488433 0.6676347 -7.737023 -4.09087 -10.18591
0.7338408 -0.8617827 0.6881425 -8.981297 -4.571786 -6.338581
0.7394561 -0.8634917 0.7066972 -10.37824 -4.274076 -2.369114
0.7331084 -0.8705718 0.7318437 -10.52328 -3.533618 1.172871
0.7384795 -0.8608062 0.7374589 -11.08817 -2.296977 4.348442
0.7458037 -0.8576324 0.7494218 -11.64542 -1.816061 8.249207
0.748001 -0.8368804 0.7442949 -12.04237 -0.816061 11.16524
0.763626 -0.8210113 0.7562578 -12.12634 0.1228702 13.91333
0.7621612 -0.8053863 0.7665117 -11.24847 0.8404274 16.25684
0.7794951 -0.798062 0.7648027 -10.1645 1.817527 18.44768
0.7899932 -0.7792632 0.7648027 -9.256107 3.222107 20.69195
0.7860869 -0.758023 0.7648027 -8.607252 4.657221 22.44005
0.7924346 -0.7404449 0.7691972 -7.897328 6.344244 24.26447
0.7897491 -0.7192046 0.7706621 -6.988932 7.893862 25.77592
0.7941436 -0.7028472 0.7709062 -6.385878 9.458748 26.98203
0.7924346 -0.6791656 0.7560136 -5.981298 11.1076 27.95913
0.7834014 -0.6652495 0.7557695 -5.24084 12.30608 28.82173
0.7816924 -0.6462066 0.7337968 -5.439313 13.9931 29.76066
0.7685088 -0.6339995 0.7206132 -5.446947 15.49692 30.66142
0.763626 -0.6142241 0.7003496 -5.05 16.68012 30.84463
0.7628936 -0.61398 0.68033 -4.286641 17.44348 31.31791
0.7521514 -0.6051909 0.6556718 -3.843893 17.77936 31.63089
0.7438506 -0.5854156 0.6324785 -3.576718 17.48165 31.93623
0.7501983 -0.5834624 0.6168535 -3.64542 17.91676 31.69196
0.7450713 -0.5763824 0.6000078 -2.508016 16.9931 31.79119
0.7418975 -0.5649077 0.5753496 -1.897328 16.81753 31.72249
0.7348174 -0.5505034 0.5616777 -1.530916 16.00073 31.27211
0.7404326 -0.5351226 0.5519121 -1.660687 15.11524 31.44768
0.7411651 -0.5285308 0.5426347 -2.439313 13.83279 31.34844
0.7455596 -0.5231597 0.5323808 -3.424046 12.77936 31.32554
0.7401885 -0.5158355 0.5235918 -3.591985 11.27554 31.62325
0.7365264 -0.5016753 0.515291 -4.416412 10.16104 31.51638
0.7384795 -0.4977691 0.5248125 -4.988932 8.580885 31.56218
0.7377471 -0.4845855 0.5233476 -5.737023 7.573252 31.32554
0.7384795 -0.476773 0.5404375 -6.446947 6.641954 31.27211
0.7355498 -0.4648101 0.5445879 -6.988932 5.428214 30.93623
0.7365264 -0.4523589 0.5480058 -7.401145 4.580885 30.26447
0.7282256 -0.4482085 0.5558183 -7.798092 4.038901 29.57745
0.7360381 -0.4338042 0.5687578 -8.103436 3.099969 29.10417
0.732376 -0.4257476 0.5682695 -9.0271 2.756458 28.19577
0.7277373 -0.4218413 0.5736406 -9.508016 2.328977 27.37898
0.7267608 -0.4128081 0.5807207 -9.828627 1.557985 26.73775
0.7213897 -0.4098784 0.5909746 -10.71412 1.344244 25.71486
0.7216338 -0.4084136 0.589998 -11.39351 0.7640915 24.70722
0.7152862 -0.4106109 0.5992754 -12.17214 0.870962 23.72249
0.7216338 -0.4103667 0.5895097 -12.72176 0.4511144 22.67669
0.7165069 -0.4120757 0.5965898 -12.73702 -0.3885802 21.40188
0.7191924 -0.4154937 0.6036699 -12.9584 -1.19774 20.57745
0.715042 -0.4189116 0.6034257 -13.69885 -1.823695 19.85226
0.7123565 -0.4189116 0.6158769 -14.24847 -2.373313 18.71486
0.7079619 -0.4274566 0.6202714 -14.38588 -2.961099 17.9515
0.7140655 -0.4272124 0.6258867 -14.24084 -3.266443 17.17287
0.7072295 -0.4303863 0.6424882 -14.33244 -3.640489 16.11943
0.7074737 -0.4362456 0.6463945 -14.78282 -3.770259 15.56982
0.7057647 -0.4435699 0.6551836 -15.79809 -3.984 14.98966
0.7038116 -0.454312 0.6612871 -17.30954 -4.190107 14.88279
0.6964873 -0.4640777 0.6712968 -18.45458 -4.36568 14.36371
0.6918487 -0.471646 0.6752031 -19.58435 -4.205374 14.1347
0.6901397 -0.4799468 0.6771562 -20.1416 -4.197741 14.05837
0.6864776 -0.4965484 0.6730058 -20.54618 -4.358046 14.21104
0.6845244 -0.5053374 0.682039 -20.60725 -4.525985 14.23394
0.6833037 -0.502896 0.6825273 -20.37824 -4.632855 14.28737
0.6815948 -0.5194976 0.6913164 -20.34008 -4.762626 14.37898
0.6847686 -0.5224273 0.6869218 -20.30191 -4.571786 14.76066
0.682083 -0.523648 0.6935136 -20.29428 -4.976367 15.11944
0.6864776 -0.5295074 0.7098711 -21.33244 -4.938199 15.65379
0.5263213 -0.2270171 0.5509355 -27.56145 28.9244 31.41714
0.5019073 -0.6095855 0.1688554 -59.01183 1.099969 25.28737
0.4950713 -0.6073882 0.1268632 -61.05764 -12.43438 27.60798
0.4862823 -0.584439 0.1551836 -61.58435 -20.68629 28.76829
0.5045928 -0.5744292 0.2081621 -59.16451 -26.25118 29.59272
0.5023955 -0.5422027 0.2337968 -54.28664 -32.25117 28.63852
0.5290069 -0.4989898 0.277498 -50.23321 -37.76262 27.48585
0.5524444 -0.4523589 0.3329179 -43.47748 -42.85423 24.29501
0.5832061 -0.4054839 0.3871171 -36.92023 -46.80079 20.57745
0.6044463 -0.3576324 0.4339921 -30.17977 -50.60232 16.07363
0.6325225 -0.3124663 0.5060136 -23.36298 -52.69392 10.76066
0.6466826 -0.2887847 0.5423906 -16.55382 -54.78553 4.783558
0.6693877 -0.2646148 0.5904863 -10.13397 -55.9382 -1.094305
0.699417 -0.2270171 0.6383379 -5.401145 -56.62522 -8.185909
0.7101592 -0.200894 0.6783769 0.6904578 -55.90766 -15.59812
0.7328643 -0.2045562 0.727205 5.285878 -55.06797 -22.20881
0.7509307 -0.1991851 0.7491777 10.07977 -53.54889 -29.61339
0.765335 -0.1935698 0.7650468 14.10267 -51.54125 -37.20117
0.7909698 -0.1918608 0.7828691 19.44618 -49.83133 -45.10194
0.8246612 -0.190396 0.7940996 25.09504 -48.36568 -52.65156
0.8515166 -0.2113921 0.8082598 31.96527 -46.60232 -61.13248
0.8798369 -0.2262847 0.826082 39.75916 -43.88476 -69.04851
0.8908233 -0.2353179 0.8309649 47.83549 -41.43438 -77.14774
0.885208 -0.2814605 0.8370684 57.21717 -37.8466 -85.36148
0.933792 -0.3139312 0.8392656 62.23244 -36.80843 -90.36148
0.9613799 -0.3180816 0.8526934 69.06451 -33.35804 -96.53706
0.9867705 -0.3437163 0.8509844 73.28588 -29.60995 -101.9493
1.00972 -0.3659331 0.8522051 78.44618 -27.15194 -106.2393
1.023392 -0.3739898 0.8668535 82.85077 -23.57942 -110.6134
1.036087 -0.3920562 0.8734453 86.91946 -20.09851 -114.0027
1.046341 -0.4018218 0.8719805 91.06451 -15.86186 -117.5752
1.044388 -0.4167144 0.8714922 94.24008 -11.52598 -120.8195
1.043411 -0.4198882 0.8710039 96.20954 -6.800794 -123.1019
1.037063 -0.4257476 0.8587969 97.52252 -2.358046 -125.1935
1.016067 -0.4328277 0.8504961 98.17901 2.069435 -127.1706
0.9931182 -0.4443023 0.8214434 97.39275 6.588519 -128.3691
0.9723662 -0.4609038 0.8080156 95.32405 10.82516 -129.4454
0.9535674 -0.4572417 0.7760332 91.44618 14.45111 -129.9035
0.9430694 -0.48898 0.7457597 87.24008 17.66485 -129.9416
0.9049834 -0.5216949 0.6961992 81.56069 20.36714 -130.2012
0.8571319 -0.52023 0.6634843 69.94237 21.68012 -129.8424
0.8688506 -0.5873687 0.6332109 60.96527 22.89386 -127.0561
0.876419 -0.6225249 0.6273515 48.85839 24.05417 -123.6592
0.8483428 -0.6979644 0.6095293 40.70572 25.00837 -120.0027
0.8234405 -0.7690093 0.5819414 35.56068 25.32898 -116.705
0.7567901 -0.8400542 0.5741289 33.16374 22.53508 -113.8882
0.7511748 -0.8930327 0.5150468 34.48435 23.64195 -110.3157
0.7536162 -0.9828765 0.4891679 31.84313 21.1076 -104.0409
0.7257842 -1.035123 0.4618242 31.94237 17.93966 -98.01797
0.6742705 -1.073697 0.4378984 29.27061 15.18394 -90.05614
0.6708526 -1.151822 0.3849199 31.50725 2.344244 -69.62103
