2.289799 2.224976 1.437419 12.32261 49.61496 98.86433
2.212711 2.224976 1.392009 52.10124 75.05008 24.58953
2.008854 2.224976 1.470134 35.38368 90.55389 -44.55551
2.019108 2.224976 1.352946 13.20047 108.3783 -109.2654
1.770329 2.224976 1.336345 50.002 125.6684 -183.4105
1.791325 2.224976 0.7504072 46.60505 156.3478 -246.1051
1.761051 2.224976 0.5897627 14.16231 145.4623 -248.4563
1.846745 2.224976 0.3812666 -27.46365 141.2256 -248.4563
1.816227 2.224976 0.2132978 -63.18884 140.5539 -248.4563
1.96442 2.224976 0.03800488 -101.6698 135.6455 -248.4563
2.259098 2.224976 -0.08235645 -133.9904 132.1875 -248.4563
2.289799 2.224976 -0.1570635 -154.4789 128.7676 -248.4563
2.289799 2.224976 -0.1568193 -166.8072 124.1493 -248.4563
2.289799 2.224976 -0.1531572 -175.4026 123.7676 -248.4563
2.289799 2.224976 0.01188183 -181.9369 126.5081 -248.4563
2.289799 2.042176 -0.1282549 -196.0514 127.844 -248.4563
2.289799 1.736512 -0.1324053 -207.5171 127.1264 -248.4563
2.289799 1.488709 -0.1189775 -217.7156 129.5768 -248.4563
2.289799 1.348084 -0.1272783 -230.6163 136.7829 -248.4563
2.289799 1.134705 -0.1731768 -230.6163 145.2486 -248.4563
2.289799 0.9655157 -0.2539873 -230.6163 156.4165 -248.4563
2.289799 0.7650763 -0.2605791 -230.6163 173.2867 -248.4563
2.289799 0.5807501 -0.2605791 -230.6163 194.7676 -248.4563
2.289799 0.3959356 -0.2605791 -230.6163 208.2638 -248.4563
2.289799 0.1156622 -0.2605791 -230.6163 231.0959 -248.4563
2.289799 -0.8779902 -0.2605791 -230.6163 231.0959 -248.4563
2.289799 -1.466857 -0.2605791 -230.6163 231.0959 -248.4563
2.289799 -1.774963 -0.2605791 -230.6163 231.0959 -248.4563
2.289799 -1.774963 -0.2605791 -230.6163 231.0959 -248.4563
2.289799 -1.774963 -0.2605791 -230.6163 231.0959 -248.4563
2.289799 -1.774963 -0.2605791 -230.6163 231.0959 -248.4563
2.289799 -1.774963 -0.2605791 -230.6163 195.6379 -248.4563
1.936344 -1.774963 -0.2605791 -230.6163 181.4776 -248.4563
1.109196 -1.774963 -0.2605791 -230.6163 154.2867 -248.4563
1.030583 -1.774963 -0.2605791 -230.6163 133.9432 -248.4563
0.01105127 -1.774963 -0.2605791 -230.6163 73.37833 -248.4563
-0.6718101 -1.774963 -0.2605791 -230.6163 6.164579 -248.4563
-0.5011558 -1.774963 -0.2605791 -230.6163 -53.34687 -248.4563
-0.38348 -1.774963 -0.2605791 -190.2117 -102.5453 -193.6395
-0.6740073 -1.774963 -0.2605791 -102.6621 -146.5911 -141.7616
-0.9105796 -1.774963 -0.2605791 -69.37204 -194.3698 -110.067
-1.039974 -1.774963 -0.2605791 34.15467 -224.9499 -66.37231
-0.8654136 -1.774963 -0.2605791 83.56688 -264.3622 -18.55551
-0.4525718 -1.774963 -0.2605791 107.5287 -269.1713 27.38342
-0.149105 -1.774963 -0.2605791 103.9638 -269.1713 71.21548
-0.1229819 -1.774963 -0.01375294 121.0783 -269.1713 104.8567
0.166813 -1.774963 0.1854658 129.9791 -269.1713 137.8567
0.3433267 -1.774963 0.3881025 127.0478 -269.1713 170.5208
0.4761392 -1.774963 0.6134443 129.2005 -269.1713 191.7422
0.5813638 -1.774963 0.7926435 120.7348 -269.1713 215.1315
0.9414712 -1.428771 1.440104 124.1623 -245.1102 251.8109
1.027653 -0.8357538 1.498942 90.42184 -219.9194 251.8109
0.9819985 -0.9395136 1.576823 109.2921 -208.4537 251.8109
0.9544106 -0.7905878 1.62028 109.7196 -194.4385 251.8109
0.9612466 -0.5681757 1.687175 110.0936 -183.8965 251.8109
0.9590493 -0.4736933 1.71281 117.7577 -175.4156 251.8109
0.9566079 -0.3657831 1.83781 126.6585 -152.9499 251.8109
0.8992349 -0.1912225 1.900554 133.8493 -134.2934 251.8109
0.8140298 -0.08331238 1.910808 141.3761 -118.4461 251.8109
0.8894692 0.02850403 1.803386 151.4753 -97.85832 251.8109
0.6956216 0.08758606 1.830241 149.3302 -88.60641 251.8109
0.5982095 -0.001769409 1.788981 163.7806 -74.56061 251.8109
0.6260415 0.1039435 1.639567 161.5211 -65.50717 251.8109
0.5728189 0.1356818 1.643474 167.1089 -55.22473 251.8109
0.7051431 0.07440247 1.564616 171.8646 -46.1713 251.8109
0.6394692 -0.06085144 1.484538 178.1012 -32.72092 251.8109
0.6577798 0.04632629 1.406901 187.4218 -33.64458 251.8109
0.7078286 -0.03253113 1.222575 196.9867 -19.91939 251.8109
0.6074868 -0.04254089 1.242351 199.0173 -20.78962 251.8109
0.6394692 -0.03521667 1.132487 206.5135 -20.56061 251.8109
0.7244302 -0.1389764 0.8485518 218.0096 -7.34687 251.8109
0.6277505 -0.09576355 0.7086592 219.9409 -24.82779 251.8109
0.599186 -0.04205261 0.6066084 225.544 -30.01099 251.8109
0.6531411 0.02288879 0.5697432 228.3379 -30.96519 251.8109
0.6306802 0.04486145 0.4794111 233.4218 -38.65985 251.8109
0.6843911 0.05902161 0.4122725 229.8264 -45.38504 251.8109
0.7217446 0.1078497 0.291667 229.2005 -48.85832 251.8109
0.7307778 0.1000372 0.2313643 226.0402 -59.82015 251.8109
0.8113442 0.1058966 0.1390791 230.46 -67.46901 251.8109
0.8826333 0.1874396 0.08243847 223.5211 -79.57588 251.8109
0.982731 0.2255255 0.01945019 213.689 -88.85832 251.8109
1.075993 0.2728888 -0.007893562 200.0402 -98.25526 251.8109
1.205387 0.3024298 -0.02229786 187.1165 -109.5606 251.8109
1.384098 0.3805548 -0.005696297 172.0173 -117.7056 251.8109
1.498356 0.4396368 0.0177412 162.544 -125.927 251.8109
2.289799 -1.774963 -0.2605791 -230.6163 231.0959 -248.4563
1.053532 -1.393127 1.847575 113.2844 -253.7972 249.2155
1.055729 -1.171447 1.911052 110.9867 -227.156 251.8109
1.009342 -0.9495234 1.969401 107.0325 -205.3316 251.8109
0.9141274 -0.724914 1.996501 97.18521 -178.5988 251.8109
0.8201333 -0.6321405 1.869304 96.77299 -159.8507 251.8109
0.7595864 -0.5420527 1.837565 95.66612 -141.8812 251.8109
0.7193032 -0.4924921 1.763347 97.87987 -123.24 251.8109
0.6257974 -0.4248652 1.660808 101.9562 -109.4156 251.8109
0.6084634 -0.3403925 1.584636 109.2844 -98.11786 251.8109
0.5928384 -0.2942499 1.4882 117.689 -87.27817 251.8109
0.6116372 -0.2815546 1.397624 126.2844 -76.33923 251.8109
0.6953774 -0.2256464 1.308513 127.2234 -68.51481 251.8109
0.5576821 -0.3145136 1.343425 151.3761 -60.61405 251.8109
0.6035806 -0.1934198 1.176188 161.231 -53.03389 251.8109
0.6384927 -0.2256464 1.060222 179.2921 -46.98809 251.8109
0.6113931 -0.2090448 0.8917646 190.8341 -43.56061 251.8109
0.5750161 -0.1807245 0.7206221 204.6509 -48.86596 251.8109
0.5911294 -0.06158386 0.6710615 215.4371 -50.49191 251.8109
0.5940591 -0.02545105 0.5702314 228.002 -51.16367 251.8109
0.5798989 0.006043091 0.4225264 235.4295 -54.92702 251.8109
0.5947915 0.06976379 0.3373213 243.3913 -61.74382 251.8109
0.5718423 0.1178595 0.2911787 252.0631 -66.57588 251.8109
0.6038247 0.162049 0.239665 261.7577 -74.1713 251.8109
0.5916177 0.2592169 0.1515303 260.9944 -77.92702 251.8109
0.6914712 0.3082892 0.175456 269.4829 -87.2171 251.8109
0.6174966 0.3593146 0.1630049 269.1394 -96.64458 251.8109
0.6423989 0.438172 0.1034346 269.6508 -100.2247 251.8109
0.7339517 0.6039434 0.1193037 269.6508 -111.0721 251.8109
0.7964517 0.7538458 0.1735029 269.6508 -119.1026 251.8109
0.7649575 0.9291388 0.08829784 269.6508 -121.5682 251.8109
0.8154946 0.8612677 0.03287792 269.6508 -143.9805 251.8109
0.8301431 0.9682013 0.2235518 269.6508 -144.5911 251.8109
0.8875161 0.9957891 0.227458 269.6508 -149.1484 251.8109
0.9605142 0.9857794 0.246501 269.6508 -154.4537 251.8109
0.9700356 1.065858 0.2450361 266.0402 -165.1637 251.8109
1.060124 1.057313 0.3634443 258.6814 -175.095 251.8109
1.157536 1.028016 0.5275068 253.9867 -176.9194 251.8109
1.2757 1.006287 0.6061201 255.8341 -178.7438 251.8109
1.347965 0.9852911 0.6566572 256.0936 -179.8278 251.8109
1.420719 1.040223 0.7157393 248.0554 -182.4232 251.8109
1.501042 1.008973 0.8453779 250.1776 -183.9499 251.8109
1.572575 1.20575 0.8434248 239.1165 -180.9728 251.8109
1.639469 1.062684 1.035319 249.7959 -175.6446 251.8109
1.79987 1.224793 1.004802 241.9028 -167.6751 251.8109
1.852848 1.203309 1.119548 242.0936 -162.2171 251.8109
1.932438 1.252381 1.142253 244.6585 -155.5377 251.8109
2.005436 1.279481 1.179118 243.0249 -150.3545 251.8109
2.088444 1.345887 1.219646 242.8341 -140.8354 251.8109
2.143375 1.405945 1.238933 242.0707 -129.3698 251.8109
2.18903 1.438416 1.247966 250.6432 -119.5911 251.8109
2.19611 1.550477 1.175944 257.0554 -108.1789 251.8109
2.289799 1.628113 0.9532881 263.9104 -100.9881 251.8109
2.289799 1.964539 1.041667 252.3379 -89.56061 251.8109
2.169987 2.104432 1.131755 248.8264 -72.94229 251.8109
2.100163 2.224976 1.135417 238.6738 -62.40031 251.8109
2.031315 2.224976 1.091472 225.1852 -48.89649 251.8109
1.946598 2.224976 1.098308 207.5974 -46.54534 251.8109
1.98859 2.224976 0.9886885 186.2921 -41.64458 251.8109
1.829655 2.224976 0.9813643 161.628 -33.3316 251.8109
1.636295 2.224976 0.9540205 132.3684 -18.33924 251.8109
1.601383 2.224976 0.9120283 115.8951 -13.48428 251.8109
1.418278 2.224976 0.852458 85.25391 -12.56824 251.8109
1.347721 2.224976 0.8746748 61.14704 -9.02626 228.643
1.277165 2.224976 0.9894209 38.44475 -11.08733 200.414
