0.074417 0.1145356 0.5545976 -119.5462 -12.43438 41.00493
-0.05522168 0.2046235 0.9420488 -57.46985 -49.54889 30.49348
-0.03031933 0.2434419 0.9364336 -50.9355 -46.72446 31.0202
-0.01176465 0.2793305 0.9503496 -46.01183 -43.16721 31.24157
-0.01493847 0.3205903 0.9606035 -38.95076 -40.28171 30.26447
-0.02104199 0.3159516 0.9601152 -32.22557 -36.80843 29.67669
-0.05033886 0.3132661 0.9713457 -25.35534 -34.48782 28.98203
-0.06987011 0.3164399 0.9689043 -19.66069 -31.02217 28.66905
-0.08793652 0.3179048 0.9586504 -13.1187 -28.45728 27.56982
-0.09965527 0.3157075 0.9681719 -5.149237 -25.67866 26.1805
-0.1084443 0.2949555 0.9645098 3.087405 -23.95347 24.56982
-0.1414033 0.2837251 0.9728106 9.896564 -21.35041 23.03547
-0.1548311 0.2659028 0.9772051 15.98054 -18.36568 22.0431
-0.1667939 0.2446626 0.966707 19.98054 -16.01453 21.89043
-0.1887666 0.2202485 0.9742754 24.56832 -13.59469 21.40188
-0.2056123 0.1990083 0.9842852 26.69809 -10.43438 21.23394
-0.2270967 0.1758149 0.9903887 27.30115 -7.754992 21.82173
-0.2219697 0.1860688 0.9789141 25.17137 -4.113771 23.066
-0.172165 0.1970552 0.9610918 26.38511 -2.190107 23.34844
-0.1365205 0.2458833 0.9337481 26.75153 -0.3580458 22.96676
-0.1072236 0.2895844 0.9208086 29.18664 1.496916 20.86753
-0.1082002 0.3232759 0.8983477 29.33931 3.145771 19.07363
-0.1174775 0.318393 0.8697832 29.0874 4.222107 18.01257
-0.1345674 0.3205903 0.8602617 26.38511 5.237374 17.61562
-0.1355439 0.3271821 0.8395098 23.30878 6.275542 17.82173
-0.1416475 0.3323091 0.826082 19.50725 7.183939 17.73012
-0.1387178 0.3386567 0.8163164 16.59122 7.52745 17.50111
-0.1399385 0.3379243 0.8082598 13.65992 7.771725 17.19577
-0.1355439 0.3369477 0.817293 10.66756 9.09997 17.1576
-0.1440889 0.3210786 0.7870195 7.606489 9.176306 17.08127
-0.1316377 0.3037446 0.7823808 6.369847 8.901497 16.9286
-0.130417 0.2995942 0.7779863 5.850763 8.901497 16.88279
-0.1208955 0.2864106 0.7882402 5.606489 9.61142 16.0431
-0.1106416 0.2646821 0.7843339 6.377481 10.09997 15.85226
-0.1138154 0.2456392 0.7816484 7.217175 10.36715 15.68432
-0.1140596 0.2283052 0.7901933 8.65229 10.89386 15.62325
-0.1184541 0.2146333 0.7848222 9.774427 11.47402 15.89806
-0.114792 0.2085298 0.7928789 10.78206 12.61142 16.45531
-0.1116182 0.2119478 0.7748125 11.47672 13.18394 17.19577
-0.1106416 0.220981 0.7704179 11.88893 13.41295 18.08127
-0.1030732 0.2256196 0.7533281 11.69809 13.75646 18.88279
-0.1035615 0.2358735 0.7381914 10.55305 13.85569 19.60798
-0.111374 0.2427095 0.7477129 9.262978 13.91676 20.32554
-0.1099092 0.2541841 0.734041 7.308778 14.37478 21.16524
-0.1123506 0.2629731 0.7218339 5.751526 14.55035 22.10417
-0.1074678 0.2666352 0.7223222 4.644657 14.34424 22.27974
-0.1240693 0.2700532 0.7137773 4.171374 13.81753 22.73775
-0.1194307 0.2519868 0.7032793 5.743893 14.89386 22.19577
-0.1228486 0.2493013 0.6927812 7.415649 13.62669 21.98966
-0.1326143 0.247104 0.6998613 9.614122 12.48165 21.73775
-0.1343232 0.2529634 0.701082 9.84313 12.51218 21.53165
-0.1318818 0.2522309 0.6944902 10.19427 12.41295 21.60035
-0.1362764 0.241977 0.6776445 9.293512 11.84806 21.85226
-0.1328584 0.2385591 0.6688554 8.690458 11.0389 22.22631
-0.1418916 0.2336763 0.666414 8.125572 10.97783 22.44768
-0.133835 0.2305024 0.6549394 8.331678 10.1534 22.89043
-0.1291963 0.2253755 0.6529863 9.583588 9.550352 22.51638
-0.1301728 0.2202485 0.64908 11.9271 8.832794 22.40188
-0.1296846 0.2195161 0.6451738 14.10267 8.107603 22.12707
-0.1250459 0.2217134 0.638582 16.07214 7.565618 22.03547
-0.1255342 0.2178071 0.6398027 17.52252 6.878596 22.26447
-0.1216279 0.2082856 0.6407793 19.12557 6.756458 22.34081
-0.1208955 0.2114595 0.6322343 21.8355 6.038901 22.02783
-0.1248018 0.1963227 0.6239336 25.88893 5.725924 21.59272
-0.1387178 0.1902192 0.6214921 32.15611 4.886229 20.26447
-0.1470186 0.174106 0.6214921 39.50725 4.061801 19.27974
-0.1558076 0.1621431 0.6290605 48.20191 3.168672 17.26447
-0.1707002 0.1597017 0.6395586 57.42328 2.176305 15.18814
-0.1704561 0.1716645 0.6241777 66.29351 0.756458 13.23394
-0.1765596 0.1772798 0.6358964 75.43855 -0.9229313 10.9973
-0.1802217 0.1914399 0.6361406 83.24771 -2.129038 8.844626
-0.1765596 0.1916841 0.6266191 89.40038 -3.556519 7.127069
-0.1675264 0.2048677 0.6300371 93.96527 -4.854229 5.859893
-0.1609346 0.2226899 0.6207597 96.18665 -6.49545 4.829359
-0.1592256 0.2273286 0.6163652 96.23244 -7.671023 4.74539
-0.1465303 0.2407563 0.6188066 94.9042 -8.136671 4.592718
-0.1404268 0.226352 0.6173418 94.40038 -8.968733 4.852259
-0.1411592 0.2051118 0.6129472 93.9729 -9.808428 4.630886
-0.1506807 0.2090181 0.6151445 95.38512 -11.56415 4.501114
-0.1418916 0.1899751 0.6031816 93.61413 -11.56415 4.959129
-0.140915 0.19852 0.6053789 91.91183 -12.94583 5.264473
-0.1367646 0.174106 0.6175859 80.33932 -14.03744 8.859893
-0.1296846 0.1877778 0.6183183 74.95763 -14.45728 9.859893
-0.1172334 0.1992524 0.6234453 68.42329 -14.41912 11.24921
-0.1235811 0.2187837 0.6373613 63.21717 -13.54125 11.16524
-0.1335908 0.205356 0.6105058 56.24771 -11.90003 12.93623
0.0131377 -0.6752593 0.5438554 -1.15687 -5.938199 35.37897
-0.01860058 -0.7177398 0.7406328 -52.17977 17.72592 17.90569
-0.05668652 -0.7160308 0.767 -57.79809 21.26791 20.22631
-0.07231152 -0.7829253 0.6896074 -57.66832 25.00073 19.21867
-0.07231152 -0.7638824 0.6527421 -61.08817 21.77172 24.17287
-0.1069795 -0.8068511 0.6783769 -54.51565 25.80989 22.50875
-0.08573925 -0.7660796 0.6383379 -57.54618 26.63432 25.05073
-0.0740205 -0.8190581 0.64908 -54.92023 26.17631 27.37134
-0.03154004 -0.7953765 0.6439531 -53.69122 29.27554 26.80646
0.003860354 -0.8034331 0.6202714 -47.67596 28.60379 28.58508
-0.01469433 -0.8163726 0.6363847 -48.19504 31.11524 29.94386
-0.006149411 -0.7467925 0.6058671 -48.05764 32.32898 30.60035
-0.02275097 -0.83273 0.5843828 -44.66832 31.16867 31.73012
0.008010745 -0.7475249 0.5975664 -47.62252 32.09997 33.14997
-0.00175488 -0.8302886 0.5836504 -35.14161 34.05417 32.0889
-0.01835644 -0.7524077 0.530916 -42.79046 34.64196 34.85226
-0.01737988 -0.7817046 0.5211504 -33.14161 32.97783 34.01257
0.001418948 -0.7873199 0.5113847 -23.88206 33.17631 32.02783
0.02534473 -0.7489898 0.5272539 -14.73702 34.05417 30.85989
0.03437793 -0.7504546 0.5338457 -11.0271 36.18394 31.29501
0.02680957 -0.7021148 0.5194414 -14.1645 37.30608 32.65379
0.0131377 -0.6967437 0.5108964 -19.52328 36.77936 35.34081
