0.8471914 -0.960524 0.310419 -118.7506 -205.9299 225.9024
0.8764883 -1.001051 0.4229678 -119.117 -207.8231 225.0779
0.9079824 -0.9715103 0.4923038 -118.3765 -213.5559 235.5512
0.9153067 -1.046461 0.5516299 -116.4758 -215.5024 239.3451
0.9507071 -1.022292 0.6297549 -113.1399 -215.1131 239.6047
0.8965078 -1.021071 0.6734561 -109.9719 -219.3192 251.4902
0.9060293 -1.050124 0.6668643 -106.5674 -219.6704 251.6963
0.8708731 -1.05696 0.713251 -103.3155 -219.5024 251.6963
0.8564688 -1.031325 0.7122745 -104.3002 -221.7391 251.6963
0.8061758 -1.001295 0.6717471 -108.2162 -220.9147 251.6963
0.7817617 -1.056715 0.6798038 -108.0635 -225.3803 251.6963
0.7759023 -1.08528 0.6739444 -109.3765 -227.5024 251.6963
0.7636953 -1.119215 0.6866397 -112.5368 -228.7315 251.6963
0.7402578 -1.137282 0.688837 -116.5521 -232.2276 251.6963
0.7322011 -1.174635 0.6712588 -120.5674 -234.449 251.6963
0.71975 -1.210768 0.6563663 -123.3918 -237.8841 251.6963
0.7182851 -1.227126 0.6605166 -126.2238 -243.136 251.6963
0.7141347 -1.253981 0.6607608 -129.7048 -246.7696 251.6963
0.7378164 -1.268874 0.6592959 -134.8116 -250.8002 251.6963
0.7448965 -1.243239 0.6737002 -141.7811 -254.2429 251.6963
0.8139883 -1.231276 0.662958 -147.9032 -254.2429 251.6963
0.8423086 -1.21321 0.6949405 -153.7506 -254.2429 251.6963
0.879418 -1.13069 0.7803897 -161.0177 -254.2429 251.6963
1.045678 -1.047194 0.7833194 -167.0941 -254.2429 251.6963
1.080102 -1.146071 0.8890323 -158.9719 -254.2429 251.6963
1.114281 -1.085524 1.008173 -151.9185 -254.2429 251.6963
1.138939 -1.001295 1.101435 -145.8956 -254.2429 251.6963
1.196557 -0.9854263 1.173456 -135.0636 -254.2429 251.6963
1.230004 -0.9541763 1.231317 -123.7582 -254.2429 251.6963
1.247338 -0.9344009 1.346552 -111.4376 -254.2429 251.6963
1.27932 -0.9173111 1.372919 -98.39178 -254.2429 251.6963
1.337426 -0.9541763 1.34289 -81.30782 -254.2429 251.6963
1.375268 -0.9644302 1.343378 -59.96431 -254.2429 251.6963
1.415551 -0.9424576 1.317743 -36.8498 -254.2429 251.6963
1.468285 -0.878981 1.288935 -12.88034 -254.2429 251.6963
1.5364 -0.7989029 1.270868 12.77615 -254.2429 251.6963
1.615258 -0.729567 1.244501 39.18073 -254.2429 251.6963
1.658959 -0.6848892 1.234247 68.66928 -254.2429 251.6963
1.646996 -0.6013931 1.214228 99.0815 -254.2429 251.6963
1.728783 -0.4217056 1.236933 126.5242 -254.2429 251.6963
1.776147 -0.2476333 1.208856 147.3945 -254.2429 251.6963
1.858178 -0.1656021 1.069452 172.4784 -254.2429 251.6963
1.912377 0.02458349 1.120966 196.7838 -254.2429 251.6963
1.803246 0.1771714 1.272333 223.7303 -254.2429 251.6963
1.861352 0.417894 1.110224 232.4174 -244.7773 251.6963
1.626732 0.4706284 1.093378 251.7533 -244.6169 251.6963
2.064904 0.6866928 1.151483 251.7533 -247.3269 251.6963
1.984643 0.7775131 1.2362 251.7533 -252.6093 251.6963
2.064904 1.965013 1.461542 251.7533 -223.6093 251.6963
1.740258 1.308031 1.321161 241.3487 -204.5941 251.6963
1.73977 1.865648 1.418817 251.57 -187.1055 251.6963
1.634789 2.00847 1.561151 250.2723 -175.8383 251.6963
1.647973 2.077318 1.537714 249.196 -158.4032 251.6963
1.571068 2.163683 1.494745 243.7533 -134.9376 251.6963
1.345238 2.163683 1.442743 238.9364 -127.0521 251.6963
1.311791 2.163683 1.377069 231.9059 -115.7696 251.6963
1.064721 2.163683 1.380243 225.196 -108.7925 251.6963
0.9526602 2.163683 1.301874 210.28 -109.6857 237.3604
1.002953 2.163683 1.013544 185.6922 -89.57878 232.0016
0.7895742 2.163683 1.045282 166.0509 -82.41084 218.1237
0.6540761 2.163683 0.9710635 139.9364 -83.37267 203.4978
0.4726797 2.163683 1.037226 111.4097 -84.89176 185.0322
0.4712148 2.163683 0.9898623 80.78379 -82.61695 170.2535
0.4487539 2.163683 0.9603213 50.93646 -76.83069 149.5283
0.3835683 2.163683 0.9378604 29.1044 -77.91466 130.8337
0.3427969 2.163683 0.9603213 7.547145 -79.19711 111.452
0.2922597 2.163683 1.004267 -13.37652 -79.26581 91.16193
0.277123 2.163683 1.079706 -31.06354 -80.15894 72.03979
0.2588125 2.163683 1.168329 -46.23148 -80.38794 52.64284
0.2546621 2.163683 1.235224 -56.8498 -80.41848 32.58177
0.2229238 2.163683 1.358759 -61.00247 -79.34214 11.57414
0.2287832 2.163683 1.455439 -64.19331 -77.13603 -7.021283
0.2136465 2.163683 1.526728 -67.06354 -73.36504 -24.82281
0.2051016 2.087572 1.559198 -69.81927 -71.11314 -38.01365
0.2434316 1.93181 1.504023 -73.26202 -62.70092 -56.6854
0.1755605 1.767992 1.557733 -74.74293 -62.05206 -68.09762
0.1821523 1.591234 1.562616 -73.42995 -58.79252 -81.78464
0.1784902 1.486497 1.585565 -71.7811 -55.54824 -94.70067
0.1980215 1.367601 1.600214 -68.42995 -51.98336 -106.7083
0.1775137 1.256761 1.620233 -66.43758 -45.98336 -119.5175
0.1343008 1.087328 1.620966 -67.27728 -39.92229 -128.6625
0.1191641 0.9442612 1.580439 -65.54446 -34.85359 -135.7847
0.05788476 0.8253647 1.573358 -66.28491 -30.57114 -141.2045
1.01101 -0.846022 1.183954 -16.62843 -230.5559 251.6963
1.227807 -0.6394791 1.290155 71.02806 -222.7849 251.6963
1.288354 -0.625563 1.279413 94.29523 -220.5482 251.6963
1.349877 -0.5122818 1.296503 122.1578 -214.075 251.6963
1.338158 -0.406813 1.290399 140.1655 -210.3879 251.6963
1.334984 -0.2942642 1.336542 160.8754 -206.304 251.6963
1.411889 -0.1687759 1.320917 175.4708 -199.1742 251.6963
1.450707 -0.09480127 1.303827 187.1044 -192.3192 251.6963
1.452904 -0.01350245 1.280878 205.3563 -182.3498 251.6963
1.499047 0.1500718 1.239618 222.2647 -174.762 251.6963
1.55349 0.3204819 1.173944 238.9823 -160.762 251.6963
1.490014 0.4432847 1.157831 251.7533 -151.4566 251.6963
1.462914 0.5607162 1.177362 251.7533 -147.5788 251.6963
1.437523 0.7487045 1.207392 251.7533 -146.3803 251.6963
1.474389 0.9606186 1.107538 251.7533 -141.3574 251.6963
1.526391 1.731615 1.059198 251.7533 -124.2505 251.6963
1.542748 1.67766 0.7549991 239.4326 -113.1437 251.6963
1.266625 2.12517 0.6602725 234.738 -112.6322 251.6963
1.142357 2.163683 0.9124698 205.6082 -113.678 251.6963
1.086938 2.163683 0.9605655 182.4021 -92.18947 251.6963
0.9192129 2.163683 0.919794 166.3029 -90.69328 251.6963
0.827416 2.163683 0.8580264 156.6311 -92.09023 251.6963
0.7048574 2.163683 0.899042 140.4479 -90.69328 239.5894
0.6299062 2.163683 0.8846377 119.738 -83.78489 218.2841
0.5820547 2.163683 0.8799991 96.40211 -87.1742 187.2841
0.5893789 2.163683 0.8624209 71.31814 -70.89939 163.0169
0.4424062 2.163683 0.9205264 52.18837 -69.02153 135.1772
0.3613515 2.163683 0.9825381 32.98989 -79.07497 114.8871
0.3347402 2.163683 0.9901065 13.70745 -73.85359 97.02452
0.2434316 2.163683 1.081415 -4.918504 -74.86886 76.3833
0.2375723 2.163683 1.165888 -18.53682 -83.49481 60.82605
0.3196035 2.163683 1.190058 -25.07881 -83.47955 38.88712
0.3242422 2.163683 1.22497 -30.10934 -78.3345 12.55887
0.3061758 2.163683 1.313105 -31.65896 -76.66275 -9.051817
0.2954336 2.163683 1.410273 -30.49102 -77.18183 -26.4564
0.3249746 2.0385 1.407099 -30.14751 -73.76199 -43.45639
0.2829824 1.924242 1.423456 -31.09407 -65.95283 -65.48693
0.1880117 1.798021 1.545771 -33.36125 -68.44138 -74.95258
0.218041 1.651048 1.573603 -32.70476 -68.70092 -87.20449
0.238793 1.489915 1.613398 -33.67423 -66.68565 -96.92968
0.2412344 1.331712 1.61706 -38.804 -60.57878 -104.9831
0.2114492 1.18889 1.602899 -47.83453 -51.97572 -101.2274
0.1501699 0.9008041 1.680048 -49.53682 -49.1513 -93.47166
0.3601308 0.5509506 1.635614 -51.61316 -45.05206 -104.9907
0.04836329 0.2404038 1.629267 -50.07117 -24.1742 -108.7465
0.0244375 0.1866929 1.628534 -54.59026 -22.61695 -101.7541
0.03200586 0.07243505 1.667597 -49.62843 -14.20473 -100.5709
-0.0759043 -0.02693018 1.608271 -44.55209 -9.998627 -96.04418
-0.04758398 -0.1284927 1.597284 -44.88797 -6.540611 -89.02892
-0.09006445 -0.2879165 1.538202 -45.10171 -1.281069 -75.58617
-0.2704844 -0.299147 1.663202 -47.79636 -2.380306 -48.83044
-0.1628184 -0.4278091 1.425653 -48.57499 1.558626 -26.84571
-0.1420664 -0.389479 1.439814 -33.25438 2.428855 -9.548
-0.2634043 -0.3015884 1.437128 -17.88797 12.14641 -21.02128
-0.1698984 -0.05744776 1.336542 -6.773466 13.13114 -14.55563
-0.2538828 0.07658544 1.29455 0.715084 15.67313 -13.11289
-0.3823008 0.2804429 1.208612 17.05096 17.01664 -9.044184
-0.6015391 0.4879624 1.367792 7.844855 -1.616947 -7.242656
-0.03757422 0.5162827 0.9676455 13.98989 3.39832 -10.92205
-0.2272715 0.7457748 1.098261 22.79906 4.039542 -10.83808
-0.2502207 1.009447 1.070673 44.09676 -3.823054 -21.93731
-0.228248 1.287767 1.031855 55.05096 -2.258168 -38.21975
-0.1977305 1.444994 0.9849795 61.35631 -7.929924 -46.97548
-0.1625742 1.616624 1.019647 67.0357 -7.800153 -60.6854
-0.1620859 1.722093 0.9905948 73.82195 -8.021527 -73.83807
-0.1945566 1.910814 0.8951358 76.72272 -8.761985 -89.76937
-0.1630625 2.071459 0.8580264 75.95936 -15.34977 -100.8228
