0.8443032 0.7948614 0.6737471 208.3531 -169.843 251.8109
0.8718911 0.8273321 0.6949873 217.086 -174.1026 251.8109
0.9478189 0.891297 0.710124 221.8493 -178.6522 251.8109
0.9724771 0.9188848 0.7242842 229.4982 -182.3087 251.8109
1.033756 1.008484 0.7479658 231.1852 -183.4843 251.8109
1.05817 1.10077 0.7767744 232.7501 -186.1026 251.8109
1.114567 1.15033 0.7814131 232.7501 -188.4232 251.8109
1.13776 1.2099 0.8104658 231.4218 -191.4003 251.8109
1.187321 1.244324 0.8329268 232.0631 -193.4766 251.8109
1.244938 1.264832 0.8487959 233.2921 -197.0492 251.8109
1.283024 1.308777 0.87321 234.5135 -199.927 251.8109
1.367252 1.340516 0.9017744 238.8188 -204.2553 251.8109
1.405583 1.322938 0.9552412 247.315 -208.5911 251.8109
1.557682 1.406678 0.9418135 252.4524 -208.698 251.8109
1.589909 1.462586 1.037272 248.2616 -209.4003 251.8109
1.608708 1.463318 1.094157 246.0554 -208.0492 251.8109
1.675602 1.603943 1.190837 243.8646 -210.1408 251.8109
1.772526 1.66327 1.280192 247.7806 -205.6675 251.8109
1.752506 1.861512 1.437907 249.6127 -211.8965 251.8109
1.913639 1.815369 1.391765 265.3837 -203.866 251.8109
1.990299 1.924012 1.482097 260.8188 -173.1942 251.8109
1.958073 2.007264 1.500651 269.6508 -173.2782 251.8109
2.04108 2.205506 1.553386 269.6508 -155.866 251.8109
2.095524 2.224976 1.527751 269.6508 -145.6522 251.8109
2.192448 2.224976 1.486247 269.6508 -134.4385 251.8109
2.249577 2.224976 1.548991 269.6508 -123.011 251.8109
2.246159 2.224976 1.529216 269.6508 -102.2095 251.8109
2.226139 2.224976 1.486491 269.6508 -87.09496 251.8109
2.205387 2.224976 1.351726 269.6508 -77.2629 251.8109
2.126774 2.224976 1.417399 269.6508 -56.32397 239.5819
1.953434 2.224976 1.478923 269.6508 -40.66748 219.8033
1.746403 2.224976 1.416667 269.6508 -16.97282 189.9559
1.781803 2.224976 1.318034 269.6508 -9.91939 170.1391
1.756413 2.224976 1.273356 220.1928 -0.6751156 152.8338
1.510563 2.224976 1.405192 185.6356 20.08825 120.5743
1.501042 2.224976 1.25529 151.6432 32.43176 80.74983
1.575504 2.224976 1.256267 128.6508 36.53862 44.52082
1.576237 2.224976 1.322185 96.46765 45.27145 7.864336
1.57819 2.224976 1.293864 86.07071 55.15695 -38.47154
1.485172 2.224976 1.302653 64.55162 65.51573 -81.71582
1.451969 2.224976 1.296794 43.19284 78.08061 -129.3799
1.412418 2.224976 1.218669 29.49818 80.46992 -176.8074
1.398747 2.224976 1.224772 -7.990366 87.7829 -218.3112
1.499577 2.224976 1.254802 -39.63922 100.2027 -248.4563
1.588444 2.224976 1.183757 -72.40259 107.9356 -248.4563
1.73444 2.224976 1.073649 -99.769 117.0119 -248.4563
1.955143 2.224976 0.9364424 -136.4484 126.8669 -248.4563
2.167545 2.224976 0.8114424 -165.7995 137.4241 -248.4563
2.289799 2.224976 0.6053877 -176.1888 148.531 -248.4563
2.289799 2.224976 0.4527998 -190.0438 155.0806 -248.4563
2.289799 2.224976 0.2992353 -195.8072 161.7524 -248.4563
2.289799 2.224976 0.2330732 -205.0667 168.4852 -248.4563
2.289799 2.224976 0.1525068 -206.7308 177.9585 -248.4563
2.289799 2.095399 0.2284346 -212.4942 177.9356 -248.4563
2.289799 1.561707 0.05314159 -208.9598 200.5539 -248.4563
2.289799 1.225525 -0.08333302 -209.3797 206.2486 -248.4563
2.289799 1.111024 -0.1756182 -213.4789 209.8898 -248.4563
2.289799 1.099793 -0.2605791 -229.9064 221.218 -248.4563
2.289799 0.8519903 -0.2605791 -230.6163 208.157 -248.4563
2.289799 0.5990606 -0.2605791 -230.6163 216.844 -248.4563
2.289799 0.5165411 -0.2605791 -230.6163 231.0959 -248.4563
2.289799 0.3588263 -0.2605791 -230.6163 231.0959 -248.4563
2.289799 0.2658087 -0.2605791 -230.6163 231.0959 -248.4563
2.289799 0.08197083 -0.2605791 -230.6163 231.0959 -248.4563
2.289799 -0.1704706 -0.2605791 -230.6163 231.0959 -248.4563
2.289799 -0.8796991 -0.2605791 -230.6163 231.0959 -248.4563
2.289799 -0.5960077 -0.2605791 -230.6163 231.0959 -248.4563
2.289799 -0.9487909 -0.2605791 -230.6163 231.0959 -248.4563
1.37653 0.06756653 0.2906904 269.6508 -89.20183 251.8109
1.60236 2.169862 0.402751 161.2921 -211.8812 251.8109
1.520329 2.224976 0.4611006 146.2081 -219.0797 251.8109
1.640934 2.224976 0.44279 135.3608 -224.1789 251.8109
1.678776 2.220643 0.4950361 129.2234 -231.8583 251.8109
1.719547 2.224976 0.5809736 124.0173 -237.9881 251.8109
1.75275 2.224976 0.6959639 121.918 -244.614 251.8109
1.780338 2.224976 0.77946 124.2005 -250.1713 251.8109
1.800602 2.224976 0.7757978 126.6127 -269.1713 251.8109
1.893864 2.224976 0.9286299 122.0402 -249.156 251.8109
1.825504 2.224976 1.142985 111.2921 -245.6827 251.8109
1.839909 2.224976 1.112956 108.9028 -249.3316 251.8109
1.771549 2.224976 1.131999 108.5287 -250.698 251.8109
1.73737 2.224976 1.324138 101.5669 -251.8049 250.2079
1.745182 2.224976 1.362468 104.3684 -244.8583 234.4063
1.667545 2.224976 1.507243 105.2692 -246.9423 222.7727
1.668522 2.224976 1.624675 115.1394 -249.5224 212.2384
1.766422 2.224976 1.743571 125.5974 -242.8354 197.8872
1.804997 2.224976 1.825847 125.6203 -234.7438 182.2002
1.868961 2.224976 1.920329 137.8493 -226.9118 163.6735
1.856022 2.224976 2.060222 138.1012 -215.3698 150.0323
2.030827 2.224976 2.125896 135.1928 -197.9881 141.788
1.987858 2.224976 2.338298 140.3226 -192.0797 128.1086
2.147282 2.224976 2.334392 131.2234 -162.5301 110.101
2.11652 2.224976 2.469646 134.0783 -145.2934 89.51319
2.157291 2.224976 2.557048 132.2692 -124.7514 70.788
2.154118 2.224976 2.710856 132.8112 -94.69038 48.71166
2.086735 2.224976 2.787028 115.5211 -64.22473 24.38342
2.112858 2.224976 2.87614 78.00963 -32.62931 -4.80742
2.118229 2.224976 2.8632 26.48292 -1.713284 -35.64711
2.179996 2.224976 2.774333 -13.70029 28.37832 -69.05933
2.289799 2.224976 2.304362 -97.47891 123.1875 -190.7921
2.145817 2.224976 2.207194 -132.7232 141.2104 -228.1662
2.19318 2.224976 2.170817 -135.998 183.3783 -248.4563
2.159977 2.224976 1.939616 -158.3644 192.3173 -248.4563
2.289799 2.224976 1.710856 -152.5934 231.0959 -248.4563
2.289799 2.224976 1.370524 -186.601 231.0959 -248.4563
2.289799 2.224976 1.187175 -195.4331 231.0959 -248.4563
2.289799 2.224976 1.006999 -214.4178 231.0959 -248.4563
2.289799 2.224976 0.8343916 -213.6927 231.0959 -248.4563
2.289799 2.224976 0.5548506 -214.6774 231.0959 -248.4563
2.289799 2.224976 0.4244795 -213.1736 231.0959 -248.4563
2.289799 2.224976 0.2081709 -205.54 231.0959 -248.4563
2.289799 2.224976 0.0934248 -199.3491 231.0959 -248.4563
2.289799 2.224976 -0.05623341 -194.2652 231.0959 -248.4563
2.289799 2.034608 -0.2215166 -198.5553 231.0959 -248.4563
2.289799 1.818543 -0.2605791 -197.6698 231.0959 -248.4563
2.289799 1.65741 -0.2605791 -208.0972 231.0959 -248.4563
2.289799 1.474061 -0.2605791 -213.0896 231.0959 -248.4563
2.289799 1.273377 -0.2605791 -221.0362 231.0959 -248.4563
2.289799 1.074647 -0.2605791 -230.6163 231.0959 -248.4563
2.289799 0.8456427 -0.2605791 -230.6163 231.0959 -248.4563
2.289799 0.8129278 -0.2605791 -230.6163 231.0959 -248.4563
2.289799 0.625672 -0.2605791 -230.6163 231.0959 -248.4563
2.289799 0.4371954 -0.2605791 -230.6163 231.0959 -248.4563
2.289799 0.1466681 -0.2605791 -230.6163 231.0959 -248.4563
2.289799 -0.263244 -0.2605791 -230.6163 231.0959 -248.4563
2.289799 -0.6995234 -0.2605791 -230.6163 231.0959 -248.4563
2.289799 -0.7012323 -0.2605791 -230.6163 231.0959 -248.4563
2.289799 -1.059142 -0.2605791 -230.6163 231.0959 -248.4563
2.289799 -1.150939 -0.2605791 -230.6163 231.0959 -248.4563
2.289799 -1.355041 -0.2605791 -230.6163 231.0959 -248.4563
2.289799 -1.599182 -0.2605791 -230.6163 231.0959 -248.4563
2.289799 -1.774963 -0.2605791 -230.6163 231.0959 -248.4563
2.289799 -1.774963 -0.2605791 -230.6163 231.0959 -248.4563
2.289799 -1.774963 -0.2605791 -230.6163 231.0959 -248.4563
0.5203286 -1.774963 -0.2605791 -230.6163 231.0959 -248.4563
1.325504 -1.774963 -0.2605791 -56.19648 164.9966 -248.4563
0.2798501 -1.774963 -0.2605791 32.22337 7.798168 -248.4563
-0.6315269 -1.774963 -0.2605791 87.18521 -55.39267 -248.4563
-1.214535 -1.774963 -0.2605791 104.2463 -116.6064 -236.9448
-1.506771 -1.774963 -0.2605791 101.5822 -171.011 -187.0593
-1.448177 -1.774963 -0.2605791 84.04781 -197.3698 -132.1204
-1.177669 -1.774963 -0.2605791 66.98673 -243.6827 -88.33414
-0.6886558 -1.774963 -0.2605791 64.08597 -269.1713 -40.82269
-0.09612647 -1.774963 -0.2605791 67.42948 -269.1713 2.421588
0.2078286 -1.774963 -0.2605791 85.30734 -269.1713 50.44449
0.4265786 -1.774963 -0.2605791 108.9486 -269.1713 90.26891
0.6387368 -1.774963 -0.02718067 116.6051 -269.1713 135.4369
0.2981606 -1.774963 0.677165 100.2234 -269.1713 174.1315
0.6314126 -1.774963 0.9452314 110.628 -269.1713 226.8185
0.7288247 -1.774963 1.200114 110.7119 -269.1713 221.7346
