1.107132 -0.2538726 0.8827227 -6.904962 4.832794 29.61562
1.106155 -0.2560699 0.8900469 -5.94313 5.542717 29.89043
1.102005 -0.2480132 0.9032305 -4.927863 6.031268 29.87516
1.094681 -0.2565581 0.8990801 -4.072901 6.512184 30.03547
1.104935 -0.2570464 0.8951738 -3.370611 6.771725 30.0889
1.106155 -0.2475249 0.9024981 -3.172137 7.771725 30.1347
1.09761 -0.2409331 0.9003008 -2.920229 8.42058 30.34081
1.092728 -0.2436187 0.9039629 -2.675954 8.634321 30.58508
1.07637 -0.2235991 0.9066484 -2.279008 11.22211 30.52402
1.066849 -0.2184722 0.9000566 -1.813359 11.93203 30.29501
1.055374 -0.2057769 0.8856524 -0.8667941 12.04653 29.77592
1.04805 -0.206021 0.8844316 0.2171755 12.12287 29.73012
1.038772 -0.1972319 0.8602617 0.6828241 12.42058 29.1576
1.034866 -0.1889312 0.8558672 1.346946 12.0847 28.9973
1.031692 -0.1796538 0.8356035 1.423282 11.71829 28.37898
1.019729 -0.162564 0.8316973 0.9576335 11.42058 28.21104
1.014358 -0.1603667 0.8204668 0.6217556 10.68012 27.50875
1.004104 -0.1542632 0.7940996 0.1942749 9.90913 27.39425
1.006546 -0.1508452 0.7882402 -0.362977 8.695389 27.0431
1.002151 -0.1354644 0.7735918 -1.141603 7.90913 26.95913
1.001663 -0.1283843 0.7735918 -1.256107 7.031268 26.30264
1.011673 -0.1159331 0.7547929 0.5683203 5.939664 25.50111
1.011429 -0.1032378 0.7364824 4.614122 4.878595 24.46295
0.998001 -0.07882373 0.7045 9.751528 3.794626 22.44768
0.9748076 -0.05367725 0.6759355 12.95 1.046534 20.79119
0.9816436 -0.01119678 0.6622636 15.78206 -1.411481 18.76829
0.9503936 -0.02486865 0.6722734 18.82023 -3.632855 16.47058
0.987503 0.0415376 0.6395586 16.74389 -4.724458 17.16524
0.9579619 0.05935986 0.6261308 21.79733 -8.403847 12.63852
0.9762725 0.1042817 0.6341875 18.79733 -9.938198 11.10417
0.9770049 0.09549267 0.6344316 20.72099 -13.68629 7.600351
0.9813994 0.1289399 0.6395586 17.10267 -15.44965 3.783558
0.9782256 0.1167329 0.6605546 14.59122 -17.48782 1.165237
0.9862823 0.1106294 0.6564043 10.68283 -19.54125 -1.453083
1.037796 0.03958447 0.8702715 58.32405 -30.04507 38.98203
1.183304 -0.09884327 0.937166 13.9729 -34.8924 21.12707
1.176712 -0.09908741 0.9349688 8.728626 -32.81606 20.45531
1.180862 -0.08858936 0.9237383 4.804962 -30.60232 20.12707
1.187698 -0.09200733 0.9303301 1.575954 -28.1214 19.53928
1.185257 -0.0876128 0.9239824 -0.920229 -25.67102 18.98966
1.19429 -0.07223194 0.9147051 -3.103435 -23.22828 18.14997
1.197952 -0.05660694 0.9220293 -4.622519 -21.33515 17.36371
1.213577 -0.04171435 0.9242266 -5.324809 -18.63286 16.02783
1.207718 -0.0197417 0.9408281 -3.866794 -15.53362 13.87516
1.192581 0.0002778322 0.9347246 -0.7828245 -12.48782 10.63089
1.177933 0.01492627 0.9181231 3.659923 -10.22064 7.104168
1.156692 0.03665478 0.9195879 7.469084 -8.609955 2.775923
1.136429 0.05447705 0.9186113 10.14847 -6.808427 -1.727894
1.119827 0.0686372 0.8995684 10.31641 -5.106137 -6.23171
1.123245 0.08401806 0.9086016 9.774427 -3.831328 -10.9798
1.103226 0.09646923 0.9049395 7.507252 -3.197741 -16.01034
1.092728 0.1006196 0.895418 3.46145 -2.037435 -20.82713
1.093948 0.08890087 0.897127 -1.225573 -1.258809 -25.0027
1.085892 0.09060986 0.8946856 -7.103435 -0.8923969 -29.14774
1.083206 0.06058056 0.919832 -11.43931 -0.7473588 -34.14011
1.080521 0.06009228 0.9149492 -17.68359 -0.205374 -38.01034
1.078567 0.003939941 0.9147051 -25.56908 1.191572 -41.04087
1.066116 -0.06222217 0.9029863 -31.0729 0.7717252 -43.33858
0.9955596 -0.003140137 0.9347246 -35.46222 -0.8771297 -48.55232
1.065384 -0.09054249 0.9310625 -27.82862 2.099969 -50.55232
1.051468 -0.1530425 0.9457109 -22.75229 3.710657 -54.89584
1.052688 -0.1015288 0.9557207 -27.51565 3.863328 -57.87293
1.04512 -0.1242339 0.9496172 -25.66069 4.748825 -60.40729
1.027298 -0.1571929 0.9447344 -29.32481 5.267909 -61.97217
1.027054 -0.1442534 0.9698809 -32.82099 7.054168 -64.04087
1.032913 -0.1691558 0.9886797 -32.9355 9.199205 -65.56759
1.032913 -0.1979644 0.9789141 -32.28664 9.710657 -67.7737
1.038528 -0.1947905 0.970125 -32.12634 11.37478 -69.70499
1.053665 -0.2206694 0.9791582 -32.90496 11.76409 -70.76606
1.060257 -0.259732 1.020906 -33.79809 13.9931 -71.38438
1.064163 -0.2692534 1.035799 -32.05763 16.80989 -72.52942
1.050491 -0.2797515 1.017977 -31.17977 17.8786 -73.62866
1.05513 -0.2922027 1.019686 -30.37061 19.59615 -74.17828
1.065872 -0.2880523 1.030916 -29.87443 22.26791 -75.12484
1.063675 -0.2943999 1.017977 -30.62252 25.0618 -75.64393
1.058548 -0.3105132 1.024324 -30.92786 27.57325 -75.89584
1.048782 -0.329312 1.03824 -28.70649 30.43585 -76.62866
1.043167 -0.3395659 1.028475 -27.05763 33.73356 -77.80423
1.029007 -0.3630034 1.011385 -24.21794 36.60379 -79.10194
1.03389 -0.3871734 0.9815996 -23.42405 38.31371 -78.39965
1.042923 -0.4206206 0.9652422 -23.72939 40.016 -76.01034
1.055618 -0.431607 0.9454668 -22.86679 41.60379 -74.28515
1.053665 -0.4491851 0.9015215 -20.30954 42.47402 -73.28515
1.054642 -0.4638335 0.8614824 -18.23321 42.24501 -71.69736
1.070267 -0.4809234 0.8270586 -16.59199 41.45875 -69.71263
1.07637 -0.4862945 0.7975175 -16.70649 40.56562 -67.46835
1.084427 -0.4880034 0.7557695 -18.24847 38.34425 -64.11721
1.097366 -0.5048491 0.7196367 -22.96603 35.62669 -60.01034
1.088821 -0.5234038 0.697664 -28.78282 32.44348 -55.22408
1.091751 -0.5385406 0.6954668 -33.66832 28.68012 -50.41492
1.087112 -0.568814 0.7128007 -38.78283 25.50455 -44.62103
1.082474 -0.6081206 0.7110918 -42.9584 21.56562 -38.28515
1.091507 -0.6401031 0.7352617 -45.1874 16.81753 -30.83476
1.106644 -0.6559722 0.7828691 -45.69122 13.86333 -23.69736
1.118851 -0.6381499 0.8060625 -42.56908 12.48928 -18.20117
1.119583 -0.6166656 0.8492754 -35.92023 11.84043 -14.79659
1.120804 -0.5822417 0.8653887 -29.50038 11.55799 -12.35385
1.112747 -0.5485503 0.8854082 -22.01183 11.68776 -10.59049
1.112503 -0.5307281 0.8888262 -15.56908 12.11524 -9.23171
1.106644 -0.5058257 0.8802813 -10.76756 12.12287 -7.911098
1.09761 -0.4745757 0.8717363 -6.508016 12.00073 -7.659191
1.08345 -0.4679839 0.8688066 -3.217939 11.90913 -7.117207
1.071487 -0.461148 0.8719805 0.4385495 11.26027 -6.689726
1.073685 -0.4696929 0.8839434 4.659923 10.9473 -6.31568
1.055618 -0.4765288 0.8688066 8.461451 10.86333 -5.865297
1.049759 -0.48898 0.8526934 13.0874 9.886229 -4.292778
1.030472 -0.4933745 0.8419512 16.9271 8.779358 -2.674458
1.025101 -0.4987456 0.8304766 20.74389 7.985466 -0.8652973
1.011917 -0.5004546 0.8356035 23.46908 6.252641 1.233938
1.00264 -0.502896 0.8165606 24.49199 5.245008 3.959129
0.9867705 -0.4865386 0.8268145 23.98054 3.901496 7.043099
0.9853057 -0.4765288 0.8307207 22.72099 3.084702 10.38661
0.9745635 -0.4689605 0.8414629 21.76679 2.573252 13.37134
0.9674834 -0.4738433 0.848543 21.0416 2.405313 16.30264
0.9665069 -0.4635894 0.8382891 21.23244 2.474015 18.88279
0.9628448 -0.4496734 0.8446367 20.34695 2.153405 21.69195
0.9623565 -0.4277007 0.8334063 18.12557 2.183939 24.84463
0.9679717 -0.4110991 0.8307207 14.59122 2.435847 27.81409
0.9772491 -0.3879058 0.8243731 8.84313 3.351878 30.85226
0.9738311 -0.3756988 0.8009356 2.24771 3.710657 33.76066
0.9672393 -0.3642241 0.782625 -5.019465 3.985466 37.25684
0.9020537 -0.412564 0.7958086 -10.99656 4.046535 41.78356
0.9293975 -0.2262847 0.7015703 -0.1339698 71.82516 16.01257
0.8949737 -0.4342925 0.5650957 -19.81336 48.38241 6.989664
0.8883819 -0.4447906 0.5367754 -25.72176 46.66486 10.42478
0.9162139 -0.4367339 0.5389726 -28.40114 45.68776 12.05073
0.9272002 -0.4377105 0.5213945 -35.80573 44.29844 16.02783
0.9435576 -0.4391753 0.5331132 -34.62252 44.26791 17.20341
0.9579619 -0.407437 0.5206621 -36.08817 44.33661 18.40188
0.9438018 -0.3888824 0.5184648 -32.74466 43.09997 18.74539
0.9506377 -0.3774077 0.4920976 -31.92023 42.25264 19.11943
0.9503936 -0.3290679 0.4725664 -29.70649 40.1076 18.76066
0.9616241 -0.3007476 0.4686601 -29.47748 38.61142 18.33318
0.9535674 -0.2594878 0.4884355 -27.30954 36.98547 17.31027
0.9594268 -0.2524077 0.4623125 -26.85153 35.39768 15.44768
0.9450225 -0.223355 0.4498613 -21.29428 32.77173 13.1576
0.9499053 -0.1852691 0.4535234 -19.49275 30.68012 10.32554
0.9516143 -0.171353 0.407625 -16.32481 26.0847 7.760656
0.9931182 -0.2143218 0.4188554 -14.9126 23.06944 5.203404
1.015091 -0.1838042 0.3946855 -13.96603 19.12287 2.737755
1.021194 -0.2106597 0.3680742 -15.46221 12.78699 2.378977
1.042923 -0.2631499 0.3727129 -23.53092 8.016001 2.226305
1.099808 -0.3117339 0.7399004 -1.714122 9.161037 -3.750793
1.123245 -0.3661773 0.6766679 -13.77519 8.664854 -2.796595
1.120804 -0.3490874 0.5646074 -16.17214 3.61142 -2.163008
1.153519 -0.581021 0.8050859 -4.767557 7.71829 -2.094305
1.151321 -0.7348296 0.8180254 -8.301908 8.596153 1.783558
1.158401 -0.6925933 0.8634356 -0.1721377 7.33661 2.485847
1.142288 -0.7760894 0.9166582 -6.492748 9.39768 8.111801
1.149124 -0.7145659 1.019441 2.133206 13.88623 7.85226
