0.3727568 -0.5539214 0.5650957 -3.904962 3.008367 27.96676
0.3708037 -0.5529449 0.5641191 -3.149237 3.703023 28.0431
0.3708037 -0.5602691 0.5655839 -2.973664 4.512183 28.42478
0.3644561 -0.5597808 0.5560625 -2.485115 4.779359 28.89806
0.3681182 -0.5512359 0.5624101 -2.248474 5.336611 29.49348
0.3603057 -0.5600249 0.5665605 -2.004199 5.626687 30.34081
0.3629912 -0.5570952 0.5580156 -1.973664 6.367145 30.89806
0.3622588 -0.5431792 0.5609453 -1.759924 6.672489 31.56982
0.3537139 -0.5290191 0.5428789 -1.759924 7.199206 31.81409
0.3605498 -0.5258452 0.5443437 -2.072901 7.20684 32.37135
0.3568877 -0.5175445 0.5338457 -2.019466 7.672489 32.89806
0.3649443 -0.5009429 0.5348222 -1.851527 7.939664 33.28738
0.3576201 -0.4936187 0.5272539 -1.737023 8.0389 33.18814
0.359085 -0.4821441 0.5121171 -1.424046 8.054169 33.2263
0.3629912 -0.462857 0.5040605 -1.882061 8.298443 33.05836
0.3686064 -0.4523589 0.5113847 -2.217939 8.061802 32.70722
0.3725127 -0.4447906 0.5003984 -2.973664 7.924397 32.58508
0.3708037 -0.4284331 0.4960039 -3.324809 7.626687 32.00493
0.3759307 -0.4145171 0.4874589 -3.653054 7.275542 31.69959
0.3808135 -0.407437 0.4933183 -3.523283 7.50455 30.56218
0.3827666 -0.39523 0.4964921 -3.011832 7.168672 29.59272
0.386917 -0.3798491 0.4955156 -2.584351 7.069435 28.44768
0.3876494 -0.3681304 0.4911211 -2.508016 7.20684 27.08127
0.3898467 -0.367398 0.4847734 -2.057634 7.130504 25.67669
0.3954619 -0.3652007 0.4942949 -2.019466 7.153405 24.01257
0.3930205 -0.367398 0.4896562 -1.973664 7.367145 22.73012
0.3944854 -0.3735015 0.4825761 -1.75229 7.573252 21.18814
0.3847197 -0.3759429 0.4808671 -1.805725 7.298442 19.94386
0.383499 -0.3932769 0.46158 -1.630153 7.626687 18.30264
0.3825225 -0.3976714 0.464998 -1.706489 7.077069 17.35608
0.3720244 -0.4203765 0.4474199 -2.362977 6.603786 16.44768
0.3676299 -0.4391753 0.4327714 -3.141603 6.191573 15.79882
0.3627471 -0.4540679 0.4291093 -3.782825 5.519817 15.34081
0.3642119 -0.4609038 0.4264238 -4.737023 4.145771 15.30264
0.3629912 -0.4831206 0.4259355 -6.233206 3.527451 15.47821
0.3622588 -0.4914214 0.4129961 -7.744657 2.565619 15.58508
0.3627471 -0.5050933 0.4295976 -9.05 1.565618 15.90569
0.3588408 -0.5077788 0.4298418 -10.29428 0.4969161 16.21867
0.3581084 -0.5053374 0.4413164 -11.22557 0.0465343 16.37134
0.3605498 -0.52023 0.4386308 -11.85153 -0.8847633 16.71486
0.3791045 -0.5302398 0.4798906 -13.28664 -2.151939 17.11943
0.3871611 -0.540982 0.4991777 -13.44695 -1.938198 17.27974
0.388626 -0.5436675 0.5140703 -12.9355 -1.854229 17.34844
0.3932647 -0.5443999 0.5389726 -12.31718 -1.503084 17.20341
0.3908232 -0.549771 0.5301836 -11.47748 -0.8847633 17.34844
0.3910674 -0.5490386 0.5475175 -10.45458 -0.4191145 17.29501
0.3944854 -0.5517241 0.5492265 -9.324809 0.4969161 17.14234
0.3986357 -0.563687 0.5516679 -8.172137 0.832794 17.1576
0.4001006 -0.5649077 0.5511796 -7.332443 1.779359 17.14234
0.399124 -0.568814 0.5499589 -6.706489 2.50455 17.50111
0.3939971 -0.5707671 0.5487382 -6.439313 3.153405 17.92096
0.3925322 -0.5675933 0.5323808 -6.553817 3.71829 18.64615
0.3883818 -0.5639312 0.5294511 -6.416412 4.260275 18.73775
0.3793486 -0.5724761 0.5223711 -6.401145 4.191573 19.01257
0.3764189 -0.5666167 0.5079668 -6.408779 4.168672 19.43241
0.3717803 -0.5592925 0.5086992 -6.614886 4.229741 19.67669
0.3769072 -0.5641753 0.5016191 -6.904962 4.069435 20.17287
0.3786162 -0.5610015 0.4947832 -7.111069 3.878595 20.56982
0.3720244 -0.5541656 0.4972246 -7.324809 3.527451 20.57745
0.6044463 -0.6596343 0.7096269 -40.84389 8.138138 -52.68973
0.6078643 -0.9640777 0.3146074 -42.22557 20.31371 -57.33858
0.5924834 -0.9745757 0.2919023 -45.12634 19.00837 -53.8195
0.5836944 -0.9762847 0.2796953 -47.1874 17.21447 -50.26988
0.5829619 -0.9631011 0.2696855 -48.81336 15.22974 -46.78896
0.5680694 -0.9513824 0.2574785 -49.80573 13.09234 -43.85767
0.5644073 -0.9301421 0.2501543 -51.31718 10.63432 -40.66682
0.5563506 -0.9089019 0.246248 -52.65305 8.09997 -37.79659
0.5617217 -0.8678863 0.2474687 -53.88206 6.099969 -35.55232
0.5646514 -0.8578765 0.2406328 -54.16451 3.412947 -33.62865
0.5856475 -0.8388335 0.2435625 -52.56145 0.8785954 -32.18591
0.6147002 -0.815396 0.2694414 -50.14924 -1.350412 -30.8424
0.6564483 -0.7775542 0.2987382 -47.79809 -3.121405 -30.24698
0.6806182 -0.7255523 0.3275468 -44.21031 -4.640489 -30.46072
0.6974639 -0.7004058 0.3500078 -40.85916 -5.648122 -31.55232
0.7272491 -0.6684234 0.3898027 -37.50801 -5.17484 -32.70499
0.7592315 -0.6493804 0.4103105 -35.01183 -4.113771 -34.1172
0.777542 -0.6286284 0.4115312 -33.60725 -3.014534 -35.26987
0.7782744 -0.6215484 0.4122636 -33.31718 -2.350412 -36.21645
0.7938994 -0.6222808 0.4151933 -32.76756 -1.037435 -37.23934
0.7997588 -0.6305816 0.4105546 -31.56145 -0.09087014 -38.14011
0.7958526 -0.6308257 0.4107988 -30.0729 1.000733 -39.23171
0.7904815 -0.6337554 0.3912675 -28.9126 1.328977 -39.76606
0.78096 -0.6479156 0.3797929 -27.68359 1.733557 -40.50652
0.7638701 -0.6520659 0.3546464 -26.62252 1.817527 -40.9798
0.7521514 -0.6610991 0.3446367 -25.68359 1.474015 -41.26225
0.7284698 -0.6742827 0.3231523 -25.2103 0.7640915 -41.26987
0.7108916 -0.6708648 0.2945879 -25.55382 -0.4801832 -40.97217
0.6984405 -0.6840484 0.2782304 -27.01946 -1.854229 -40.26225
0.6896514 -0.6908843 0.2660234 -28.30954 -3.732091 -39.58286
0.6862334 -0.7035796 0.2555254 -29.30954 -6.220641 -38.71262
0.706253 -0.7118804 0.2699296 -30.06527 -8.838962 -38.25461
0.728958 -0.7126128 0.2877519 -29.37824 -11.54125 -37.37675
0.7558135 -0.7040679 0.3180254 -27.92786 -14.28171 -37.36912
0.7946319 -0.6857574 0.3627031 -25.59198 -15.66339 -37.78896
0.8231963 -0.6603667 0.4310625 -20.82863 -16.19011 -39.05614
0.8388213 -0.6310699 0.484041 -15.98893 -15.51835 -41.15537
0.8610381 -0.6037261 0.5182207 -9.927862 -13.70919 -44.0256
0.8739776 -0.579312 0.562166 -4.233206 -11.06034 -47.16301
0.8776397 -0.5634429 0.5802324 1.575954 -8.060336 -51.14774
0.90596 -0.5238921 0.6061113 6.873664 -4.373313 -55.01797
0.8744658 -0.5619781 0.6046464 11.52252 -0.3427787 -58.76606
0.8849639 -0.5024077 0.5702226 16.20954 0.924397 -62.10194
0.8935088 -0.5302398 0.5780351 14.52252 9.954931 -66.23934
0.8935088 -0.5751616 0.5204179 18.18664 13.43585 -70.14774
0.8647002 -0.6186187 0.4090898 16.21718 16.42058 -72.59049
0.8432158 -0.6964995 0.3099687 15.56832 17.75646 -74.87293
0.8256377 -0.7807281 0.2208574 13.32405 16.59615 -75.05614
0.8029326 -0.8368804 0.1581132 10.7897 15.95493 -74.75843
0.7606963 -0.9225738 0.07949996 8.942368 11.71829 -73.22408
0.7333526 -1.002164 0.01089644 3.682825 10.63432 -70.68209
0.6979522 -1.092496 -0.05795121 -1.683588 4.474015 -65.89584
0.6642608 -1.167935 -0.09701371 -7.851527 -1.991634 -60.31568
0.6200713 -1.210415 -0.1036055 -12.28664 -8.533619 -54.23171
0.6024932 -1.285367 -0.1331465 -14.26374 -14.16721 -47.36148
0.5749053 -1.339078 -0.1416914 -16.01183 -21.71683 -40.65156
0.5658721 -1.363492 -0.1187422 -17.50038 -28.80079 -33.06377
0.563919 -1.374722 -0.1033614 -17.73702 -36.06033 -25.79659
0.5539092 -1.375943 -0.06942582 -17.1187 -43.06033 -18.16301
0.5580596 -1.361783 -0.01840043 -16.31717 -49.65575 -11.06377
0.5688018 -1.345425 0.04678512 -15.70649 -55.54889 -3.926367
0.5846709 -1.308804 0.119539 -14.82863 -60.63285 2.600351
0.5924834 -1.278775 0.1747148 -12.88206 -64.8008 8.943863
0.6269073 -1.228238 0.2420976 -11.43931 -68.0298 14.59272
0.6393584 -1.172818 0.3175371 -9.485115 -70.58706 19.58508
0.6649932 -1.115445 0.3856523 -7.24084 -72.95347 24.25684
0.6938018 -1.039761 0.4466875 -5.385878 -73.51836 27.66142
0.7069854 -0.9967925 0.494539 -4.149237 -73.99927 30.89806
0.728958 -0.9362456 0.5409257 -4.271374 -74.12141 33.9286
0.7560576 -0.8810699 0.58658 -4.882061 -72.9382 35.95913
0.7812041 -0.8376128 0.6429765 -4.271374 -73.16721 37.77592
0.7953643 -0.7760894 0.6781328 -4.24084 -70.01453 39.24921
0.7941436 -0.7397124 0.7020586 -8.034733 -69.22828 41.27211
0.7934112 -0.6757476 0.7450273 -9.477481 -66.9153 41.59272
0.784378 -0.6440093 0.7894609 -11.47748 -64.15958 41.71486
0.7836455 -0.6078765 0.8302324 -12.43931 -61.38858 41.24921
0.7707061 -0.5734527 0.8509844 -12.84389 -58.16721 40.36371
0.768753 -0.5502593 0.8717363 -13.36298 -55.15957 39.60799
0.7658233 -0.532437 0.8883379 -14.24847 -51.66339 38.31027
0.7587432 -0.5109527 0.8846758 -15.83626 -48.28934 37.12707
0.7475127 -0.4928863 0.9034746 -17.85153 -45.15957 36.0431
0.7331084 -0.4875152 0.9007891 -21.01947 -41.87713 35.27211
0.4186553 -0.5602691 0.5318925 -6.309542 0.0465343 22.01257
0.4264678 -0.4369781 0.6170976 -14.71412 5.038901 26.37134
0.4191436 -0.4335601 0.6371171 -15.0729 5.626687 26.26447
0.4174346 -0.4211089 0.6498125 -14.79046 5.977832 26.09653
0.418167 -0.4086577 0.6666582 -14.57672 6.886229 25.79882
0.4169463 -0.3984038 0.6622636 -14.92023 7.947298 25.37898
0.4237823 -0.3798491 0.6686113 -15.23321 8.786993 24.80646
0.421585 -0.3644683 0.6903398 -15.53855 9.870962 24.33318
0.4230498 -0.3439605 0.6915605 -15.45458 10.95493 23.24921
