-0.689918 0.1097886 1.242304 -7.582626 -0.07496214 -11.85334
-0.6762461 0.1185776 1.277948 -7.8269 -1.044428 -11.78464
-0.6647715 0.1351792 1.310663 -8.445222 -1.739084 -11.31899
-0.6471934 0.1471421 1.334833 -9.353619 -2.525344 -11.01365
-0.6337656 0.1420151 1.352655 -9.765832 -2.548244 -10.88388
-0.6159434 0.14348 1.379755 -9.429955 -2.342138 -11.05945
-0.6120371 0.1508042 1.403192 -9.29255 -1.845954 -11.4335
-0.5990977 0.159105 1.429071 -8.750565 -0.7848856 -12.25792
-0.5920176 0.1627671 1.447382 -8.116978 -0.1283972 -12.82281
-0.5898203 0.1688706 1.471552 -7.246748 0.7494655 -13.01365
-0.5807871 0.1686265 1.49206 -6.147511 2.566259 -13.55563
-0.5715098 0.1691147 1.503046 -4.055909 4.131145 -14.28846
-0.5605235 0.1725327 1.522821 -0.7810992 5.986107 -15.96785
-0.5568614 0.1774155 1.52331 2.165466 7.703664 -16.86861
-0.5485606 0.1808335 1.500605 4.432641 10.01664 -18.00602
-0.5534434 0.1564194 1.462274 6.432641 11.7113 -20.47166
-0.5817637 0.1569077 1.449823 7.715084 12.99374 -21.86861
-0.5783457 0.1588608 1.456903 8.425008 14.69603 -22.89915
-0.5844492 0.152269 1.460321 7.890656 15.87924 -22.79991
-0.583961 0.1464097 1.463251 6.417374 17.52809 -22.548
-0.5717539 0.1271225 1.437616 4.860122 18.40595 -21.69304
-0.5512461 0.1117417 1.418573 3.501343 20.16931 -21.58617
-0.5485606 0.1031968 1.406122 2.066229 22.10825 -21.98311
-0.5563731 0.1014878 1.386347 0.4784428 23.69603 -21.60143
-0.5793223 0.09831396 1.376825 -1.964305 24.90214 -20.6625
-0.5861582 0.1075913 1.364618 -4.078809 25.02427 -19.63197
-0.6003184 0.09880224 1.343378 -6.132245 25.39069 -18.85334
-0.5973887 0.1095444 1.327021 -7.727664 25.86397 -18.28846
-0.6052012 0.1112534 1.325312 -8.50629 25.43649 -17.48693
-0.577125 0.1259018 1.307245 -8.338351 23.8945 -15.99838
-0.559791 0.1290757 1.286737 -5.765832 25.06244 -20.09762
-0.6227793 0.1324936 1.314325 -2.574993 28.65786 -24.86861
-0.662086 0.1549546 1.334589 -4.391787 23.44412 -19.82281
-0.6115489 0.1095444 1.311884 -1.880336 20.19985 -18.64724
-0.5942149 0.1251694 1.313349 -2.376519 23.33725 -20.10525
-0.6003184 0.105394 1.300897 -1.086443 25.92504 -22.31899
-0.6213145 0.1178452 1.313105 0.936458 23.67313 -21.38006
-0.6095957 0.1144272 1.293085 1.379206 22.39832 -20.41059
-0.5954356 0.1046616 1.278925 1.661649 23.93267 -22.05182
-0.6056895 0.1051499 1.268915 1.844855 24.78 -22.83808
-0.6210703 0.1039292 1.263544 1.60058 23.79527 -21.99838
-0.6115489 0.1022202 1.247919 1.341038 22.76473 -21.39533
-0.6025156 0.1014878 1.229364 1.38684 22.9403 -21.97548
-0.6154551 0.08683935 1.220331 1.49371 23.45176 -22.67014
-0.6286387 0.08976904 1.206171 1.524244 22.44412 -22.4564
-0.6401133 0.08244482 1.196649 1.486076 20.8029 -22.29609
-0.6342539 0.08488623 1.176874 0.9059237 19.8716 -22.07472
-0.6369395 0.07365575 1.170038 0.157832 19.29145 -21.95258
-0.6381602 0.06559911 1.160517 -1.407053 17.95557 -21.27319
-0.6384043 0.0673081 1.156366 -3.063542 16.96321 -20.51747
-0.6391367 0.06608739 1.147089 -4.857435 15.53573 -19.80754
-0.6425547 0.05827489 1.14831 -6.720031 14.13114 -18.94495
-0.6584239 0.06120458 1.151239 -8.452855 12.58153 -17.97548
-0.658668 0.05388036 1.174921 -9.681863 11.18458 -17.40296
-0.6564707 0.05217138 1.182001 -10.51392 10.11588 -16.44876
-0.6576914 0.04997411 1.18371 -10.59026 8.192213 -15.86098
-0.6608653 0.0529038 1.19079 -9.979572 7.230381 -15.83044
-0.6554942 0.04753271 1.20373 -9.39942 6.268549 -15.37243
-0.6449961 0.05339208 1.225458 -8.674229 5.238015 -15.5251
0.5866933 -0.7957291 -0.06165135 2.585313 246.0243 -177.1663
0.1626211 -0.5156998 -0.06165135 8.341039 173.6273 -152.3037
0.153832 -0.5762466 -0.06165135 -2.750565 158.7647 -144.9068
0.1372305 -0.6336197 -0.06165135 -14.78873 146.4518 -136.8686
0.1206289 -0.7356705 -0.06165135 -22.8498 135.2304 -129.8152
0.1028066 -0.7671646 -0.06165135 -35.43759 124.7037 -120.235
0.08937891 -0.8509048 -0.06165135 -45.07117 113.5739 -110.2198
0.01320703 -0.9446548 -0.06165135 -51.92614 101.6808 -100.7999
0.01223047 -0.9854263 -0.06165135 -55.16278 90.009 -91.10525
-0.02561133 -1.038649 -0.06165135 -60.36889 78.7113 -81.40296
-0.06687109 -1.124586 -0.06165135 -63.58263 67.48992 -70.20449
-0.1020273 -1.182936 -0.06165135 -63.64369 54.42122 -58.72357
-0.09543554 -1.229567 -0.06165135 -62.91087 42.65023 -50.70067
-0.1393809 -1.249098 -0.06165135 -62.58263 27.64259 -39.03655
-0.144752 -1.294752 -0.06165135 -58.28492 11.86397 -29.21212
-0.1408457 -1.271559 -0.06165135 -54.90324 -2.891756 -19.88388
-0.1105723 -1.264967 -0.06165135 -51.13224 -17.28107 -9.708305
-0.077125 -1.231276 -0.06165135 -46.53682 -30.54061 -0.9296793
-0.02951758 -1.176344 -0.06165135 -42.86507 -42.95282 7.543603
0.03566797 -1.104079 -0.06165135 -38.14751 -52.65511 14.81841
0.07399805 -1.022536 -0.06165135 -34.30018 -62.57114 21.87185
0.120873 -0.9651627 -0.06165135 -32.86507 -71.79252 28.65811
0.1789785 -0.8924088 -0.06165135 -33.03301 -78.27344 33.06269
0.2439199 -0.7984146 -0.06165135 -34.12461 -84.74672 38.78025
0.3044668 -0.7600845 0.03527248 -36.27728 -90.86886 45.64284
0.4013906 -0.6905045 0.366083 -34.20858 -104.9605 63.10086
0.4465566 -0.6345963 0.454462 -29.28492 -103.3269 62.19246
0.4690176 -0.5882095 0.5411319 -33.49102 -109.4414 72.71918
0.5415273 -0.5762466 0.6207217 -36.75056 -105.6475 73.6123
0.5346914 -0.6221451 0.6653995 -33.36125 -106.7009 75.72681
0.5737539 -0.6248306 0.7359561 -29.13224 -106.9452 76.85658
0.5559316 -0.642897 0.7679385 -26.8956 -104.7085 81.15429
0.5715566 -0.6646255 0.7745303 -23.92614 -104.22 83.56651
0.5886465 -0.646315 0.824335 -24.57499 -101.3421 87.46727
0.580834 -0.6863541 0.8333682 -23.69713 -97.59405 92.00162
0.5488515 -0.7239517 0.8228702 -22.65133 -95.91466 97.3833
0.5415273 -0.7649673 0.819208 -21.33835 -93.09023 103.2383
0.5488515 -0.7740005 0.7672061 -20.10171 -87.06733 109.0856
0.5346914 -0.8689713 0.6741885 -14.04827 -78.30397 112.2383
0.4651113 -0.8003677 0.765253 -9.88797 -85.2887 124.0474
0.4548574 -0.8438248 0.7144717 -6.20858 -88.83069 125.2459
0.4096914 -0.9322037 0.5433291 0.6998168 -89.80016 129.2841
0.3821035 -0.9268326 0.5028018 7.760885 -93.71619 129.7421
0.3886953 -0.9375748 0.4486026 10.2647 -93.84595 137.1772
0.341332 -1.008864 0.3582705 14.47081 -97.11314 145.9329
0.3012929 -1.069411 0.2591494 19.84486 -101.8078 149.7573
0.2817617 -1.10945 0.1780947 25.07386 -106.846 154.6428
0.2700429 -1.137282 0.1116885 31.14256 -112.1131 160.0856
0.2724844 -1.170241 0.05675685 38.73035 -120.1513 165.0551
0.2785879 -1.195143 0.02233303 43.86776 -127.1513 172.6352
0.3022695 -1.245924 0.002313495 48.96699 -134.1971 177.5436
0.3293691 -1.262526 -0.0001279116 55.28761 -142.8841 185.9405
0.353539 -1.282545 0.00426662 61.08913 -151.304 193.3222
0.4223867 -1.304518 0.0137881 67.43264 -157.3345 199.3528
0.4616933 -1.300124 0.07750881 74.80669 -163.991 207.8413
0.5239492 -1.299391 0.09459866 81.77615 -168.9605 215.7421
0.5871816 -1.28694 0.129999 87.04333 -172.7315 223.6047
0.6445547 -1.262526 0.1683291 92.63875 -175.6093 231.2993
0.6933828 -1.195876 0.2073916 97.41737 -179.6322 240.0245
0.7199941 -1.185133 0.2213076 107.7914 -182.5864 244.994
0.7697988 -1.102614 0.2537783 112.4479 -184.4414 251.6963
0.797875 -1.07112 0.261835 119.5471 -186.0521 251.6963
0.8364492 -1.005934 0.2720889 126.341 -188.2887 251.6963
0.8562246 -0.9331802 0.2786807 132.2342 -188.22 251.6963
0.8501211 -0.8213638 0.2628115 134.2952 -188.3727 251.6963
0.8489004 -0.760817 0.2093447 136.9364 -189.0444 251.6963
0.846459 -0.6470474 0.1375674 131.2723 -190.7315 251.6963
0.7732168 -0.6663345 0.1141299 134.2342 -196.2963 251.6963
0.7800527 -0.5396255 0.09093655 140.112 -203.1055 251.6963
0.7942129 -0.50569 0.1412295 144.6006 -207.1895 251.6963
0.8200918 -0.3762954 0.131708 148.4937 -207.5635 251.6963
0.8159414 -0.3006118 0.1129092 151.5471 -213.1666 251.6963
0.8476797 -0.1924575 0.102167 157.5319 -219.8612 251.6963
0.9050528 -0.1145767 0.1365908 169.5166 -224.5864 251.6963
0.8652578 0.1996323 0.1219424 166.4784 -230.8918 251.6963
0.8108145 0.140062 0.2679385 176.0968 -237.3574 251.6963
0.9033438 0.3141343 0.2454776 171.3639 -236.907 251.6963
0.9182364 0.3854233 0.3328799 156.4097 -234.4108 251.6963
0.8440176 0.4747788 0.336542 146.0739 -238.0063 251.6963
0.7004629 0.4911362 0.4339541 130.967 -239.5712 251.6963
0.7986074 0.522142 0.40246 114.9975 -238.8841 251.6963
0.8354727 0.4701401 0.4283389 111.0968 -241.0063 251.6963
0.8198477 0.4672104 0.4427432 94.72272 -240.304 251.6963
0.8044668 0.4425522 0.4974307 86.05096 -243.8612 251.6963
0.816918 0.4081284 0.4876651 75.45554 -242.8002 251.6963
0.7363515 0.435228 0.5316104 65.63112 -247.0139 251.6963
0.7043691 0.4308335 0.5731143 57.50898 -250.7009 251.6963
0.6870351 0.4581772 0.6126651 47.45554 -252.3192 251.6963
-0.7294688 -0.1270278 1.497919 -2.933771 -0.8459544 7.139023
-0.6850352 -0.1026138 1.585321 2.974626 -2.700916 3.772611
-0.6774668 -0.08259424 1.636835 3.234168 -2.510077 3.322229
