0.8861846 -0.124478 0.6739824 -1.782825 -6.732091 37.37897
0.8942412 -0.1149565 0.669832 -1.569084 -6.296977 37.64615
0.8898467 -0.1051909 0.6739824 -0.7370229 -6.251175 38.01257
0.9015655 -0.1093413 0.6612871 0.1484733 -6.358046 38.23394
0.8998565 -0.101773 0.6627519 0.5683203 -6.167206 38.69196
0.8866729 -0.09005421 0.6637285 0.339313 -6.167206 39.02783
0.8893584 -0.09640186 0.6549394 -0.5385499 -6.014534 39.59272
0.8778838 -0.08297413 0.6605546 -1.843893 -6.037435 40.01257
0.885208 -0.08590382 0.6661699 -4.072901 -5.838962 40.94386
0.8832549 -0.08321827 0.6588457 -6.233206 -6.052702 41.63089
0.8827666 -0.08224171 0.6673906 -7.935496 -6.014534 42.1347
0.8832549 -0.07272022 0.6717851 -8.828626 -5.854229 42.38661
0.8876494 -0.07345264 0.6742265 -9.43168 -6.434381 42.82172
0.8773955 -0.06393116 0.6776445 -9.126336 -6.503084 42.70722
0.8666533 -0.06124561 0.6822832 -8.996565 -6.602321 43.10417
0.8717803 -0.04830615 0.6915605 -8.355344 -6.678657 42.81409
0.8686065 -0.03805225 0.6891191 -7.393512 -6.701557 42.33318
0.8656768 -0.02315967 0.6942461 -6.530916 -7.09087 41.92096
0.859085 -0.01241748 0.6952226 -6.164504 -7.533618 41.57745
0.8578643 -0.00826709 0.6922929 -6.622519 -7.709191 40.66905
0.869583 0.01077588 0.6813066 -7.866794 -7.930565 40.18814
0.8727569 0.01517041 0.6839921 -10.57672 -8.449649 39.66905
0.8744658 0.0193208 0.6686113 -12.49275 -8.823694 39.28738
0.8927764 0.02395947 0.6766679 -13.85153 -9.457283 38.10417
0.8842315 0.02688916 0.6798418 -14.78282 -9.976366 37.25684
0.8925323 0.02493603 0.6778886 -15.45458 -10.03744 36.24157
0.8927764 0.03885205 0.6710527 -14.95076 -10.35041 34.85989
0.8922881 0.03665478 0.6808183 -14.25611 -10.56415 33.63089
1.010452 -0.2836577 0.3487871 -29.92023 -18.63286 89.50874
0.8300323 -0.179898 0.5296953 -15.0729 -56.35804 93.61562
0.8183135 -0.1564605 0.5526445 -12.82099 -57.81606 94.53928
0.8126983 -0.1344878 0.5721757 -11.38588 -59.57178 95.31791
0.8112334 -0.1283843 0.5897539 -13.31718 -60.64812 97.29501
0.8085479 -0.1051909 0.5990312 -15.9126 -61.86186 99.19577
0.7968291 -0.09176319 0.6168535 -20.82863 -62.70919 101.1118
0.7936553 -0.08492725 0.6227129 -24.88206 -63.36568 103.0126
0.7819366 -0.07174366 0.6197832 -29.0042 -64.67866 104.8141
0.782669 -0.065396 0.642 -32.66069 -66.02217 106.2263
0.7890166 -0.05807178 0.6322343 -36.60725 -66.1443 107.8599
0.7890166 -0.06173389 0.6175859 -40.52328 -67.34278 108.692
0.7929229 -0.05538623 0.6217363 -43.8897 -70.15958 110.3637
0.7934112 -0.04513232 0.6439531 -46.53092 -71.35042 110.6233
0.8075713 -0.03829639 0.6639726 -49.61489 -71.69392 111.0126
0.8175811 -0.04171435 0.668123 -52.36298 -72.45728 110.5164
0.8378448 -0.0456206 0.6805742 -55.0958 -72.99927 109.7378
0.8610381 -0.04708545 0.6788652 -55.62252 -73.87713 108.692
0.8759307 -0.05172412 0.6893632 -55.821 -74.60995 107.3255
0.8822783 -0.065396 0.6966875 -54.68359 -74.76263 105.0355
0.8976592 -0.06734912 0.7093828 -52.75229 -75.52599 102.9668
0.9005889 -0.07418506 0.7206132 -48.58435 -76.07561 99.54691
0.923294 -0.081021 0.7247636 -42.50038 -75.984 95.85226
0.9396514 -0.1066558 0.7394121 -35.16451 -76.06797 92.31027
0.9508819 -0.1108062 0.7499101 -26.68359 -75.80843 87.84463
0.9457549 -0.1364409 0.7516191 -17.43931 -75.48782 83.14233
0.9486846 -0.154019 0.7560136 -8.103436 -75.02217 78.69958
0.9626006 -0.1637847 0.760164 0.6522899 -75.26644 74.76066
0.9833526 -0.1745269 0.7701738 6.820229 -74.35805 71.54691
0.9933623 -0.1623198 0.7623613 9.179008 -72.69392 68.44768
1.006546 -0.1657378 0.7608964 9.186642 -72.87713 66.11944
1.001419 -0.1786772 0.7706621 8.377481 -72.26644 63.79119
0.9914092 -0.1847808 0.7906816 7.835496 -70.31988 61.42478
0.9779815 -0.1999175 0.8026445 7.614122 -69.0527 58.82936
0.9679717 -0.2052886 0.8126543 5.888931 -67.30461 56.69196
0.9733428 -0.2336089 0.8248613 6.041603 -65.06797 54.0889
0.9811553 -0.221646 0.865877 3.743893 -63.08324 52.38661
1.0168 -0.2414214 0.8822344 3.698091 -58.81606 49.43241
0.9762725 -0.2763335 0.9217852 4.827862 -55.02217 47.53165
0.9125518 -0.334439 0.9427813 5.774427 -51.57942 47.1118
0.8947295 -0.3754546 0.9486406 9.064505 -46.34278 45.27974
0.8939971 -0.3678863 0.9862383 13.20954 -44.09087 44.11943
0.9015655 -0.3464019 0.9957598 13.62939 -38.73209 42.39425
0.8957061 -0.379605 1.001131 14.0416 -33.0756 41.27974
0.9140166 -0.4059722 1.00284 13.0874 -28.82369 41.69196
0.921585 -0.4211089 1.00699 12.82023 -24.38095 41.90569
0.9328155 -0.428189 1.025545 12.0874 -19.92293 43.03547
0.9167022 -0.4616363 1.029207 12.24008 -15.03744 45.53928
0.8654326 -0.4933745 1.011629 15.33931 -11.85423 45.40188
0.9513701 -0.4862945 1.077547 17.61412 -4.709191 48.92096
0.9484405 -0.508023 1.104402 23.49962 1.848061 52.09653
0.9318389 -0.4772613 1.112215 28.59886 8.260275 53.98966
0.9057158 -0.4638335 1.113191 31.32405 13.98547 57.29501
0.8908233 -0.4494292 1.123689 33.0416 19.97783 60.82936
0.8703155 -0.4406402 1.102205 35.54542 25.47401 63.77592
0.84346 -0.428189 1.080965 36.50725 30.84043 67.28738
0.845169 -0.4128081 1.061922 34.71336 36.14577 71.14997
0.8192901 -0.3940093 1.033846 31.66756 41.09997 74.92096
0.8048858 -0.3793609 0.9967363 27.58359 45.51982 78.52402
0.7973174 -0.3610503 0.9606035 23.07214 49.1534 82.35608
0.8053741 -0.3471343 0.9298418 17.82786 52.9015 85.85226
0.8039092 -0.3371245 0.9103106 11.56069 56.02364 89.31027
0.8046416 -0.3217437 0.8890703 4.301145 58.93967 92.47058
0.8007354 -0.3173491 0.8395098 -1.294275 61.18394 95.46294
0.7824248 -0.3100249 0.7989824 -7.164504 62.57325 98.0431
0.7648467 -0.3173491 0.74283 -10.79046 62.1305 99.2721
0.7614287 -0.3180816 0.7337968 -14.38588 61.36715 101.0049
0.7238311 -0.3173491 0.7237871 -17.48512 61.8786 102.0889
0.7260283 -0.3173491 0.7120683 -16.10344 61.70303 102.2263
0.7299346 -0.3175933 0.7013261 -18.0958 62.1763 103.2492
0.7382354 -0.3124663 0.6866777 -17.99656 62.86333 103.7149
0.7145537 -0.3131988 0.6734941 -17.22557 62.82516 103.4019
0.6964873 -0.317105 0.6554277 -14.05 62.51982 102.6309
0.6769561 -0.3200347 0.654207 -9.019465 62.0389 101.6233
0.6637725 -0.3112456 0.6588457 -2.446947 61.56562 100.1805
0.6156768 -0.3239409 0.7052324 9.262978 62.06944 97.01257
0.6481475 -0.3173491 0.688875 17.45382 66.00073 93.36371
0.666458 -0.3254058 0.6378496 26.59886 66.32897 91.54691
0.6725616 -0.3144195 0.6427324 36.0416 66.64195 87.66905
0.7780303 -0.2919585 0.5721757 57.89656 74.66486 74.49348
0.7423858 -0.2961089 0.5458086 65.14084 70.32134 72.21104
0.7650908 -0.3227202 0.5602129 78.05687 74.39005 65.79883
0.8373565 -0.2243315 0.577791 78.44618 77.82516 62.85226
0.7504424 -0.2829253 0.3815019 68.54543 80.56561 61.00493
0.7934112 -0.235562 0.3587968 65.40802 74.245 58.1347
0.8234405 -0.2402007 0.3732011 53.42328 75.02363 57.56218
0.8014678 -0.2167632 0.355623 43.53778 73.74883 56.1805
0.855667 -0.2275054 0.3119218 34.59885 74.36714 54.36371
0.8566436 -0.2279937 0.2787187 26.9271 71.74883 53.35608
0.8581084 -0.2170073 0.277498 25.72863 68.51981 49.90569
0.9001006 -0.3869292 0.7833574 -45.78283 -9.77026 73.14997
0.8910674 -0.3720366 0.7772539 -47.37825 -6.525985 76.80646
0.9020537 -0.3520171 0.7767656 -47.85916 -5.258809 78.61562
0.8993682 -0.3432281 0.7684648 -48.08054 -4.235909 80.08127
0.9001006 -0.3317534 0.751375 -48.73703 -3.045069 81.60799
0.9003448 -0.3288238 0.7457597 -49.04237 -1.838962 82.89043
0.9022979 -0.3114898 0.727205 -49.34771 -1.121405 84.21104
0.8917998 -0.2978179 0.7211015 -49.54618 -0.5183512 85.45531
0.8954619 -0.2968413 0.7084062 -49.63779 -0.1290381 86.63852
0.8917998 -0.2807281 0.7093828 -49.51565 -0.01453424 87.40188
0.8847198 -0.2675445 0.7015703 -49.24084 0.4740152 88.53165
0.8793487 -0.251187 0.701082 -47.85916 0.1686718 89.14233
0.8759307 -0.2284819 0.7088945 -47.0958 0.5885191 89.77592
0.8803252 -0.2174956 0.7145097 -46.22557 0.4358473 90.01257
0.8856963 -0.1957671 0.7128007 -45.67596 1.31371 90.35607
0.8766631 -0.1708647 0.7152421 -45.66069 1.512183 90.25684
0.9013213 -0.1911284 0.7142656 -45.11107 2.512183 91.066
0.885208 -0.1466948 0.7154863 -46.42405 2.90913 90.91333
0.8654326 -0.122769 0.7211015 -43.92023 3.374779 89.28737
0.8688506 -0.1061675 0.7237871 -44.8897 4.298443 88.67668
0.8715362 -0.100064 0.7276933 -43.71412 4.687756 87.56982
0.8749541 -0.07833545 0.7403886 -43.70649 5.138137 86.59271
0.8737334 -0.07638233 0.7455156 -43.17214 6.90913 85.35607
0.8744658 -0.06295459 0.7447832 -42.75229 7.245008 83.95913
0.8722686 -0.05733936 0.7399004 -41.8897 8.298443 82.26447
0.8578643 -0.04586474 0.7489336 -41.29428 9.336611 80.43241
0.8632354 -0.04610888 0.7489336 -40.24084 10.40531 78.60799
0.8566436 -0.04610888 0.7489336 -39.19504 11.51218 76.9286
0.8502959 -0.03927295 0.7611406 -38.31718 12.48165 75.55455
0.8502959 -0.04171435 0.7425859 -37.63779 14.0847 73.98966
0.8549346 -0.04269092 0.7425859 -36.79046 15.13814 71.93623
0.8549346 -0.03951709 0.7281816 -36.34771 16.04653 70.19577
