-0.1406709 0.3713716 0.8556231 -12.85153 -5.79316 17.43241
-0.1348115 0.3650239 0.8563555 -11.30954 -5.243542 17.47821
-0.1294404 0.3493989 0.8575762 -9.782825 -5.037435 17.43241
-0.1257783 0.3501313 0.859041 -8.737023 -4.419115 17.69195
-0.1196748 0.3586762 0.8622149 -8.355344 -3.716825 17.63852
-0.1328584 0.3576997 0.8597734 -9.019465 -3.006901 18.0202
-0.1265107 0.3525727 0.8544024 -9.462214 -2.464916 18.47821
-0.1233369 0.3435395 0.8597734 -10.21031 -1.991634 19.38661
-0.1340791 0.3406098 0.8556231 -10.41641 -1.892397 20.34081
-0.1365205 0.3442719 0.8656328 -10.88206 -1.296977 20.85226
-0.1345674 0.351352 0.8824785 -10.88206 -0.68629 21.46295
-0.1348115 0.3476899 0.8766191 -10.63015 -0.113771 22.05073
-0.1318818 0.3603852 0.8717363 -10.44695 0.1686718 22.40188
-0.1421357 0.3647798 0.8753984 -9.874428 0.8175268 22.53165
-0.1394502 0.3677094 0.859041 -9.324809 1.573252 22.80646
-0.1372529 0.3674653 0.8556231 -8.538549 1.588519 22.95913
-0.1399385 0.3830903 0.841707 -8.0271 1.947298 23.18814
-0.130417 0.3957856 0.8402422 -7.782825 2.344244 23.25684
-0.130417 0.3918794 0.8419512 -6.973664 2.573252 22.84463
-0.1301728 0.3931001 0.8360918 -6.309542 2.374779 22.96676
-0.1260225 0.3882173 0.8302324 -5.279008 2.336611 22.85226
-0.1379853 0.3950532 0.8202227 -4.706489 2.443481 22.85989
-0.1377412 0.3850434 0.8231524 -3.927863 2.260275 22.75302
-0.1296846 0.3828462 0.8304766 -3.75229 2.267909 22.70722
-0.1360322 0.3940766 0.831209 -3.874428 2.687756 22.85226
-0.1326143 0.3882173 0.8285234 -4.095801 2.932031 22.98203
-0.1289521 0.4060395 0.8219316 -5.057633 2.748825 23.43241
-0.1272432 0.4028657 0.819002 -6.24084 2.725924 23.76829
-0.1335908 0.4079926 0.8204668 -7.424046 2.90913 23.81409
-0.1421357 0.4062837 0.8133867 -8.94313 2.412947 23.63852
-0.1484834 0.4079926 0.8150957 -9.721756 1.458748 23.69195
-0.1482393 0.3992036 0.8251055 -10.37824 1.474015 23.77592
-0.1418916 0.4067719 0.8331621 -10.44695 1.550351 23.86753
-0.142624 0.4216645 0.8251055 -11.34771 2.061801 24.14234
-0.1387178 0.4219087 0.815584 -12.21031 1.71829 23.56218
-0.1489717 0.4087251 0.8219316 -9.851526 2.107603 22.94386
-0.1423799 0.4314301 0.8243731 -7.508016 1.939664 22.27211
-0.1462861 0.415561 0.8233965 -6.439313 2.107603 21.22631
-0.144333 0.4365571 0.813875 -5.675954 2.481649 20.20341
-0.1382295 0.4153169 0.8241289 -2.187405 2.260275 19.07363
-0.1374971 0.4426606 0.8285234 -1.485115 2.42058 18.39425
-0.1333467 0.4348481 0.8299883 -0.7828245 3.161038 17.90569
-0.1291963 0.4455903 0.8336504 -1.744657 3.474015 17.24921
-0.1316377 0.4143403 0.8297441 -0.6301527 3.703023 16.41714
-0.1335908 0.3989594 0.8409746 -0.2332063 4.084702 15.79119
-0.1348115 0.3979829 0.8461016 0.6522899 4.229741 15.40951
-0.1440889 0.3779634 0.8475664 0.5225191 4.527451 15.08127
-0.1499482 0.3818696 0.8524492 0.598855 4.50455 15.11944
-0.1643525 0.3782075 0.8614824 -0.103435 4.672489 15.23394
-0.1973115 0.4023774 0.9098223 -7.660687 6.542717 18.10417
-0.1235811 0.4773286 0.8959063 -14.24847 6.50455 19.80646
0.05903614 0.4885591 0.8412188 -2.057634 7.756458 21.08127
0.02510059 0.7473481 0.8961504 3.095038 0.794626 18.1576
0.0131377 0.8227876 0.9545 29.16374 -5.060336 4.974398
-0.01860058 0.8362153 0.9613359 34.84313 3.878595 -7.979801
0.001663089 0.695102 0.9715899 63.20954 -1.594687 -17.01034
-0.02079785 0.6489594 0.9698809 82.23244 -3.823695 -26.62866
-0.06132519 0.6191743 0.9564531 114.4309 -2.457283 -39.55995
-0.09550488 0.5193208 0.9000566 141.6828 -6.907664 -49.8653
-0.1223603 0.4973481 0.8983477 173.4691 -11.8466 -60.51415
-0.1272432 0.4660981 0.8888262 200.95 -15.04507 -70.64393
-0.1394502 0.4507173 0.8802813 225.3775 -17.95347 -79.36912
-0.1345674 0.4062837 0.8390215 242.9729 -21.40385 -86.23934
-0.142624 0.3913911 0.8253496 242.9729 -23.52599 -91.87293
-0.1594697 0.3430512 0.7579668 242.9729 -25.79316 -95.9111
-0.2634736 -0.2782866 0.6044023 -11.34008 7.145771 20.92096
-0.2795869 -0.2738921 0.5841386 -11.9584 7.283176 20.54692
-0.2803193 -0.2487456 0.5868242 -11.86679 7.550352 20.02783
-0.272751 -0.240689 0.5863359 -11.83626 7.099969 19.27974
-0.2688447 -0.2253081 0.5807207 -12.21031 6.321344 18.66905
-0.2734834 -0.2179839 0.5868242 -13.34008 6.496916 17.84463
-0.2754365 -0.2206694 0.5848711 -14.26374 6.161038 17.31791
-0.269333 -0.218228 0.5980546 -15.10344 6.054168 16.23394
-0.272751 -0.2297026 0.605623 -15.26374 5.703023 15.53165
-0.2739717 -0.2282378 0.6149004 -15.46985 5.451115 15.0202
-0.2725068 -0.2360503 0.6127031 -15.92023 5.214473 14.19577
-0.2644502 -0.2318999 0.6217363 -15.72176 5.344244 13.21867
-0.2622529 -0.23898 0.6200273 -14.35534 5.084702 11.95913
-0.269333 -0.2414214 0.6156328 -12.50802 4.412947 10.72249
-0.2808076 -0.2585113 0.6175859 -10.95076 4.168672 9.424779
-0.2673799 -0.2799956 0.5992754 -6.324809 3.267909 8.371344
-0.2656709 -0.2377593 0.6105058 -4.324809 3.107603 6.607985
-0.2610322 -0.2565581 0.5914629 1.583588 2.008367 4.333176
-0.2602998 -0.2577788 0.6041582 3.346946 1.733557 2.539282
-0.2461396 -0.2751128 0.6136796 8.858397 0.8404274 0.3331757
-0.25029 -0.2878081 0.6197832 12.37748 0.7717252 -1.025602
-0.2500459 -0.3568999 0.6271074 20.29351 0.7335572 -1.911098
-0.2444307 -0.3852202 0.6273515 26.27825 1.138137 -1.834763
-0.2222139 -0.3595855 0.6183183 29.88893 2.229741 -0.6439228
-0.2229463 -0.3346831 0.5914629 27.8355 3.527451 -0.5065193
-0.2339326 -0.3439605 0.5670488 29.01107 3.512183 -0.8118629
-0.2485811 -0.3964507 0.5255449 28.17137 3.176305 0.1652374
-0.2649385 -0.4010894 0.5299394 27.86603 2.031267 0.8904266
-0.2737275 -0.4093902 0.527498 24.43855 1.580885 2.539282
-0.2725068 -0.4110991 0.5421464 19.89656 1.970199 4.38661
-0.2729951 -0.4191558 0.5411699 14.9042 2.130504 6.905695
-0.2634736 -0.428189 0.5338457 9.690458 2.321343 8.966763
-0.257126 -0.4367339 0.5328691 4.522519 2.390046 10.95913
-0.2891084 -0.4279449 0.5663164 -0.4087787 1.374779 12.55455
-0.2605439 -0.4552886 0.5582597 -7.072901 1.855695 15.85226
-0.2529756 -0.4823882 0.5819414 -7.912596 2.397679 18.28737
-0.2505342 -0.4687163 0.6029375 -11.37824 1.458748 20.69195
-0.2466279 -0.4670074 0.6232011 -14.57672 2.077069 23.10417
-0.2417451 -0.4574859 0.6437089 -18.25611 3.061801 26.23394
-0.2324678 -0.4491851 0.6512773 -21.21031 3.443481 28.82173
-0.238083 -0.4355132 0.6554277 -24.67595 4.359511 31.24157
-0.2312471 -0.4250152 0.6595781 -27.46985 4.466382 33.74539
-0.2292939 -0.3964507 0.6593339 -30.04237 4.802259 35.50111
-0.2417451 -0.3749663 0.6632402 -32.42405 4.71829 37.17287
-0.24321 -0.3446929 0.6573808 -35.34008 4.840427 38.17287
-0.2466279 -0.3232085 0.6700761 -38.13397 4.695389 38.79119
-0.2541963 -0.3034331 0.6783769 -41.62252 4.61142 39.54692
-0.2522432 -0.2692534 0.6908281 -45.21031 4.641954 40.21104
-0.2551728 -0.2497222 0.7005937 -48.16451 5.023633 39.72249
-0.2522432 -0.2377593 0.7057207 -50.63779 5.351878 38.9744
-0.2541963 -0.2172515 0.7145097 -52.24847 5.542717 37.88279
-0.2473603 -0.2045562 0.714998 -52.79046 5.672489 36.05073
-0.2478486 -0.2006499 0.7228105 -52.27901 6.176305 34.08127
-0.2302705 -0.20773 0.7237871 -50.34771 6.267909 31.88279
-0.2307588 -0.2143218 0.7389238 -47.11871 7.016 29.24921
-0.2217256 -0.2297026 0.734041 -43.0271 7.474016 27.17287
-0.2231904 -0.237271 0.7337968 -38.49275 7.886229 24.60035
-0.2180635 -0.2482573 0.7181718 -33.50038 8.756458 22.63852
-0.2175752 -0.2621734 0.720125 -28.60725 9.42058 20.80646
-0.2082978 -0.2843902 0.7152421 -23.88969 10.0389 19.32554
-0.2073213 -0.2948882 0.6954668 -19.57672 10.71066 18.31027
-0.2026826 -0.3107574 0.6844804 -16.23321 11.52745 17.82173
-0.2009736 -0.315396 0.6644609 -14.01947 12.13814 17.56982
-0.1980439 -0.322232 0.6478593 -12.85153 13.04653 18.01257
-0.1987764 -0.3207671 0.6512773 -12.58435 14.16104 18.49348
-0.1997529 -0.3070952 0.6341875 -14.37824 15.75646 18.98966
-0.2205049 -0.3432281 0.6141679 -11.46221 14.98547 19.24921
-0.2393037 -0.3363921 0.5948808 -12.84389 16.64195 20.02783
-0.2549287 -0.3437163 0.5731523 -10.35534 16.9473 20.82173
-0.2627412 -0.3515288 0.5543535 -9.698855 17.00837 21.47821
-0.2620088 -0.3349273 0.5318925 -8.759924 17.12287 21.72249
-0.2734834 -0.3630034 0.5126054 -6.286641 16.19157 22.92096
-0.2705537 -0.3525054 0.5133379 -9.416412 15.80226 24.44005
-0.2642061 -0.3402984 0.5248125 -6.94313 15.48928 24.86753
-0.2551728 -0.3158843 0.5184648 -11.46221 15.8786 26.43241
-0.2541963 -0.3041656 0.5201738 -11.75992 15.8786 26.96676
-0.2573701 -0.2934234 0.5177324 -14.9126 15.55798 27.66142
-0.2581025 -0.2777984 0.5150468 -16.10344 14.96256 28.46295
-0.2632295 -0.2777984 0.515291 -18.23321 14.14577 28.85226
-0.2576143 -0.2550933 0.5353105 -19.63015 13.55799 29.066
-0.2602998 -0.2502105 0.5367754 -20.82099 13.07707 29.14234
-0.2556611 -0.2311675 0.5567949 -22.04237 12.68776 29.21104
-0.2578584 -0.2262847 0.5614336 -22.30954 12.45111 28.74539
-0.2605439 -0.2148101 0.5592363 -22.83626 11.68776 28.30264
-0.2510225 -0.2084624 0.5672929 -21.9584 11.07707 27.39425
