0.99971 -0.4084136 0.8551348 23.00344 -26.38858 2.279741
1.020706 -0.4174468 0.8561113 20.28588 -25.38095 4.57745
1.020462 -0.398648 0.8504961 17.28588 -24.10614 7.241572
1.018997 -0.3974273 0.8565996 14.79733 -22.58705 9.524015
1.019485 -0.3962066 0.8612383 12.60649 -21.32751 12.44768
1.013626 -0.381314 0.8605059 9.835497 -20.03744 14.45531
1.009964 -0.3678863 0.8541582 6.698091 -18.65576 16.85226
0.9987334 -0.3444488 0.859041 1.881298 -16.51835 19.31791
1.00264 -0.350064 0.857332 -0.2637405 -15.77026 21.1118
1.000931 -0.3407866 0.8578203 -3.172137 -13.80079 22.77592
0.99971 -0.3251616 0.8629473 -5.271374 -11.83896 24.17287
0.9901885 -0.3219878 0.8644121 -7.767557 -9.968733 25.37134
0.9816436 -0.3129546 0.8661211 -9.591985 -8.098503 27.11943
0.9286651 -0.313687 0.8761309 -10.96603 -5.785527 28.9515
0.9303741 -0.2870757 0.8705156 -12.19504 -3.09087 28.76829
0.9757842 -0.2978179 0.8482988 -10.80573 -1.49545 29.54692
0.9689483 -0.3166167 0.8382891 -16.04237 0.2450078 32.37135
0.9586944 -0.3063628 0.8443926 -14.86679 1.573252 33.29501
0.935501 -0.3012359 0.8490313 -15.79046 3.977832 34.75302
0.9325713 -0.2983062 0.8463457 -15.55382 5.916764 36.02783
0.9203643 -0.289273 0.8365801 -14.71412 7.138137 36.47058
0.9210967 -0.2714507 0.831209 -15.43931 8.901497 37.76829
0.9237823 -0.2624175 0.8165606 -16.37061 10.63432 38.65379
0.9147491 -0.256314 0.7921464 -16.45458 12.00073 39.02783
0.9223174 -0.2487456 0.7760332 -15.84389 12.63432 39.53165
0.9262237 -0.2445952 0.7723711 -15.65305 13.48165 39.9973
0.9245147 -0.2397124 0.7452714 -15.79046 14.37478 40.43241
0.9318389 -0.2384917 0.7350175 -16.14924 14.9702 41.26447
0.9267119 -0.2292144 0.7203691 -16.19504 15.61142 41.83699
0.9203643 -0.2196929 0.7023027 -16.73702 16.00073 42.61562
0.9171905 -0.2152983 0.6935136 -16.75229 15.83279 42.80646
0.9210967 -0.2030913 0.6932695 -17.21031 15.93966 42.9973
0.9174346 -0.1994292 0.6783769 -16.69122 15.78699 42.89043
0.9176787 -0.1972319 0.6769121 -16.35534 15.67249 42.56218
0.9081573 -0.1943023 0.6651933 -15.89733 15.48165 41.87516
0.9071807 -0.1835601 0.6600664 -15.47748 15.016 41.55455
0.9098662 -0.1752593 0.6493242 -14.64542 14.16867 40.81409
0.9079131 -0.1715972 0.6503007 -13.9584 13.58852 39.76066
0.9044951 -0.1662261 0.6481035 -13.1874 12.78699 38.90569
0.9037627 -0.1628081 0.6451738 -12.65305 11.61142 37.9515
0.9018096 -0.1554839 0.6405351 -12.05763 10.70302 36.54692
0.9030303 -0.1562163 0.6520097 -11.51565 9.390045 35.28738
0.9037627 -0.1491362 0.64908 -11.54618 8.588518 33.53165
0.9105987 -0.1471831 0.6500566 -11.50038 6.985466 32.12707
0.9074248 -0.1391265 0.6476152 -12.0042 5.985466 30.67669
0.9125518 -0.1440093 0.6468828 -12.30954 4.947298 29.02783
0.9191436 -0.1513335 0.6566484 -11.9813 3.947298 27.42478
0.9179229 -0.1501128 0.6573808 -11.90496 2.977832 25.76829
0.9276885 -0.1559722 0.6634843 -11.08053 2.199206 23.88279
0.951126 -0.2943999 0.6395586 15.95 7.321344 10.66905
0.9167022 -0.2961089 0.640291 4.308778 5.649588 9.47058
0.9096221 -0.3105132 0.6388261 3.064504 5.161038 9.836992
0.8988799 -0.313687 0.6376054 1.713358 5.145771 10.33318
0.8939971 -0.3197906 0.6332109 0.7057252 4.176305 10.9286
0.8905791 -0.3442046 0.6234453 0.08740425 3.153405 11.60035
0.8834991 -0.3537261 0.6200273 0.0492363 2.573252 12.40951
0.8854522 -0.3612945 0.6232011 -0.2561069 1.947298 13.32554
0.8737334 -0.3632476 0.6134355 -0.1721377 0.6495879 14.14234
0.87471 -0.381314 0.6097734 -0.2942748 -0.2206413 15.35608
0.8788604 -0.3835113 0.6026933 -0.3706107 -1.541252 16.64615
0.876419 -0.3881499 0.6053789 -0.5614505 -2.663389 17.89043
0.8749541 -0.3866851 0.5992754 -2.126336 -3.68629 19.50875
0.873001 -0.3981597 0.5926836 -2.53855 -5.129038 20.93623
0.87471 -0.3962066 0.5904863 -3.370611 -6.907664 22.35608
0.8803252 -0.4030425 0.5968339 -3.607252 -8.510717 23.92096
0.8776397 -0.398648 0.602205 -4.286641 -10.60232 26.01257
0.8766631 -0.4008452 0.5973222 -5.485115 -11.66339 27.69959
0.885208 -0.400357 0.6051347 -6.920229 -13.30461 29.03547
0.8830108 -0.3901031 0.5961015 -7.882061 -15.44201 30.88279
0.8896026 -0.3971831 0.6102617 -8.599619 -17.11377 32.54692
0.8859405 -0.3964507 0.6283281 -10.36298 -18.18247 34.39425
0.8930205 -0.3849761 0.6356523 -11.19504 -19.67866 35.58508
0.8942412 -0.3827788 0.6361406 -11.9813 -20.96873 37.066
0.900833 -0.3803374 0.6551836 -12.45458 -22.44965 38.18814
0.902542 -0.3783843 0.6659257 -12.72176 -23.67102 39.59272
0.9079131 -0.3727691 0.6859453 -13.1645 -24.63286 40.84463
0.9098662 -0.3603179 0.6966875 -13.74466 -25.57942 42.08127
0.9130401 -0.3554351 0.7123125 -14.29428 -26.33515 43.23394
0.9157256 -0.3471343 0.7301347 -15.41641 -26.9153 44.0202
0.9254912 -0.3302886 0.7438066 -16.17214 -27.51072 45.16524
0.9303741 -0.3324859 0.7425859 -16.46985 -27.70919 46.19577
0.9342803 -0.3256499 0.7655351 -16.9813 -27.78553 46.80646
0.9396514 -0.3168609 0.7799394 -17.08817 -27.78553 47.18814
0.9398955 -0.3185699 0.8014238 -16.73702 -27.75499 47.53165
0.940628 -0.3061187 0.8209551 -16.37061 -27.40385 47.67669
0.9450225 -0.2946441 0.8204668 -15.60725 -27.0069 47.82936
0.9582061 -0.2922027 0.832918 -15.97366 -26.36568 47.79119
0.9645537 -0.2914702 0.8387774 -15.57672 -25.72446 47.79882
0.9750518 -0.2777984 0.8570879 -15.0271 -25.35805 47.73012
0.9696807 -0.2638824 0.8736895 -15.69122 -24.01453 47.71486
0.971878 -0.2643706 0.8683184 -15.9355 -22.80843 47.05074
0.9865264 -0.2704741 0.8712481 -14.85916 -21.93056 46.0889
0.9970244 -0.2638824 0.8917559 -14.51565 -20.67866 45.32554
0.9977569 -0.2526519 0.8941973 -13.46221 -19.68629 44.67669
1.003128 -0.258023 0.9203203 -12.49275 -18.56415 43.72249
1.005813 -0.2460601 0.9449785 -9.149237 -13.65576 39.02783
1.003372 -0.2414214 0.9474199 -7.233206 -11.83133 37.32554
0.9999541 -0.2482573 0.9491289 -6.011832 -10.0069 35.33318
0.9955596 -0.2328765 0.9591387 -4.477481 -8.121405 33.67669
0.9992217 -0.2370269 0.9623125 -3.149237 -5.823695 31.94386
0.9931182 -0.2480132 0.9566973 -2.111069 -3.922931 29.9744
0.9892119 -0.2377593 0.9552324 -1.798092 -1.434382 28.52402
0.9862823 -0.2382476 0.9659746 -2.057634 1.107603 26.95913
0.9782256 -0.2436187 0.9552324 -2.759924 3.489283 25.37898
0.9613799 -0.2460601 0.9376543 -3.088168 6.092336 23.72249
0.9755401 -0.2631499 0.9234941 -0.1110687 8.077068 21.1347
0.9728545 -0.2704741 0.9161699 -3.088168 11.12287 20.56218
0.9589385 -0.2878081 0.9054277 -5.469848 13.58088 20.66142
0.9508819 -0.304898 0.8619707 -8.164504 15.57325 21.17287
0.9391631 -0.3024566 0.8514727 -10.30191 17.26791 21.33318
0.9235381 -0.3146636 0.8307207 -12.53092 18.47401 21.81409
0.9247588 -0.331021 0.8148516 -15.60725 20.03127 22.82173
0.9193877 -0.3354156 0.8092363 -18.0271 21.23737 23.49348
0.9191436 -0.3410308 0.7894609 -19.67595 21.97783 23.79882
0.9113311 -0.3422515 0.7691972 -21.0042 22.95493 24.08127
0.9154815 -0.3598296 0.7438066 -22.14924 23.45111 24.01257
0.9064483 -0.3722808 0.7367265 -22.72939 23.86333 24.56982
0.9032744 -0.3766753 0.7269609 -23.87443 23.96256 25.1805
0.8891143 -0.3852202 0.7237871 -25.1874 24.27554 26.10417
0.8856963 -0.3886382 0.7015703 -25.9584 24.41295 27.07363
0.8749541 -0.3971831 0.6918046 -26.17214 24.29844 27.71486
0.873001 -0.3964507 0.6798418 -26.68359 24.28317 28.90569
0.8749541 -0.3944976 0.6744707 -27.20267 24.16104 29.81409
0.8795928 -0.3959624 0.6603105 -27.43168 23.71829 30.79119
0.8742217 -0.3927886 0.6468828 -28.17977 23.35951 31.72249
0.8668975 -0.3923003 0.6510332 -28.31717 23.03127 32.27211
0.8681182 -0.3996245 0.6307695 -27.84389 22.02363 32.9744
0.8673858 -0.3903472 0.6244218 -26.36298 21.51982 33.48585
0.8537139 -0.3791167 0.640291 -25.47748 20.91676 34.52402
0.8534698 -0.3713042 0.6141679 -26.53092 20.67249 35.54692
0.8544463 -0.3566558 0.6102617 -26.90496 20.09233 36.38661
0.8620147 -0.3561675 0.6014726 -27.0958 19.16867 37.07363
0.8722686 -0.3556792 0.6092851 -25.14924 18.39005 37.37135
0.8683623 -0.3366363 0.6149004 -24.05 17.9931 37.41714
0.8644561 -0.3190581 0.5982988 -24.72176 18.17631 38.18814
0.8588408 -0.3058745 0.6109941 -24.53855 16.88623 38.44005
0.8668975 -0.3124663 0.6063554 -23.39351 16.49692 38.26447
0.8615264 -0.2873199 0.6095293 -21.9126 16.24501 37.87516
0.8568877 -0.2873199 0.5965898 -20.65305 15.26027 37.68432
0.8993682 -0.3183257 0.7953203 -15.95076 1.840427 15.50875
0.8739776 -0.3083159 0.7814043 -17.29428 5.649588 17.38661
0.8751983 -0.3185699 0.7779863 -17.56145 6.435848 17.93623
0.8644561 -0.303189 0.7828691 -17.88969 6.794626 18.16524
0.857376 -0.3022124 0.7726152 -17.66832 7.481649 18.80646
0.8522491 -0.3051421 0.7855546 -17.23321 8.016001 18.81409
0.8554229 -0.3053863 0.7731035 -16.69122 8.802259 18.94386
0.8500518 -0.2926909 0.7745683 -16.47748 9.657221 18.80646
0.8654326 -0.3036773 0.7582109 -15.76756 10.09997 18.70722
0.8693389 -0.3022124 0.7482011 -15.03473 10.88623 18.78356
0.8700713 -0.2990386 0.7296464 -14.58435 11.69539 18.85226
