-0.3281016 0.3512436 1.158319 23.52424 51.37542 -29.03655
-0.3268809 0.3297593 1.110468 22.73035 53.8945 -30.99075
-0.34275 0.3031479 1.070185 24.99753 54.05481 -32.80754
-0.3703379 0.2811753 1.072382 26.41738 52.16932 -33.50983
-0.3923106 0.2916733 0.9986514 28.24944 49.29908 -33.72357
-0.4096446 0.259935 0.945917 26.34104 55.26855 -36.60143
-0.4384531 0.2660386 0.9434756 24.25707 51.98611 -36.21212
-0.4426035 0.2213608 0.9019717 20.69982 49.86397 -35.44876
-0.458961 0.2225815 0.8577823 15.73798 47.68076 -32.95258
-0.4782481 0.1937729 0.8350772 10.15783 45.9174 -31.78464
-0.499 0.1925522 0.872919 5.814321 41.93267 -29.13579
-0.4980235 0.1578843 0.8531436 0.4708091 40.70367 -27.19686
-0.4775156 0.1268784 0.8922061 -4.666595 30.09298 -22.07472
-0.4528574 0.1320054 0.9153995 -5.475756 28.33725 -21.41059
-0.4367442 0.1412827 0.9398135 -5.361252 26.19221 -20.89151
-0.406959 0.1500718 0.9688663 -4.231481 25.36779 -21.13579
-0.380836 0.1613022 1.004267 -2.20858 24.87924 -21.89915
-0.3730235 0.1825425 1.020624 0.1196641 24.96321 -23.13579
-0.3637461 0.1891343 1.037958 2.150198 25.19221 -24.54037
-0.3588633 0.2013413 1.053339 3.829588 26.12351 -26.23502
-0.3586192 0.1988999 1.04748 5.050962 27.01664 -27.6396
-0.3603281 0.1788804 1.029413 6.00516 27.88687 -28.6625
-0.3735117 0.1617905 1.020136 10.49371 27.98611 -31.36479
-0.3725352 0.1600815 0.9959659 12.13493 28.7113 -32.45639
-0.3945078 0.1439682 0.9620303 13.76852 28.13878 -33.41059
-0.4054942 0.1222397 0.9310245 14.23417 27.52809 -33.79991
-0.419166 0.1188218 0.9073428 13.21127 26.56626 -33.6167
-0.4299082 0.105394 0.891962 11.96699 24.77237 -32.88388
-0.4394297 0.07951513 0.8792666 11.56241 22.65023 -32.40296
-0.443336 0.07487646 0.867792 8.264703 20.83344 -30.50983
-0.4531016 0.05510107 0.8775577 4.959359 18.44412 -28.14342
-0.4523692 0.06413427 0.8836612 0.04332829 16.16931 -25.24266
-0.4345469 0.03483739 0.9063663 -2.162779 14.45175 -22.60143
-0.4184336 0.04850927 0.9363955 -4.880336 12.57389 -20.29609
-0.4186778 0.04167333 0.9825381 -5.033008 11.6884 -19.19686
-0.4113535 0.04655614 0.9969424 -3.323084 10.67313 -18.99075
-0.3852305 0.04655614 1.035272 -1.987206 10.01664 -18.32663
-0.3627696 0.05827489 1.054315 -0.01774049 10.22275 -18.03655
-0.3439707 0.06266943 1.073847 2.241802 10.71893 -18.41059
-0.3283457 0.06559911 1.096308 3.783786 11.72656 -18.47166
-0.3234629 0.0751206 1.095819 6.356305 12.77237 -19.02892
-0.3161387 0.07487646 1.107538 7.989893 13.98611 -18.96785
-0.3124766 0.07487646 1.100214 10.14256 15.54336 -19.54037
-0.3229746 0.06218114 1.082392 11.86776 16.8716 -19.73884
-0.3388438 0.06535497 1.073358 13.45554 17.65023 -19.68541
-0.3481211 0.0697495 1.03869 13.79905 18.19985 -19.33426
-0.3666758 0.06657568 1.001337 12.53188 18.13878 -17.92968
-0.3718028 0.07170263 0.9769229 10.57005 17.52809 -16.34953
-0.3925547 0.06389013 0.9547061 7.829587 16.32962 -14.19686
-0.4010996 0.05681005 0.93371 5.012794 15.09298 -11.89151
-0.4174571 0.06022802 0.9237002 1.737985 13.40595 -9.479298
-0.4150156 0.0594956 0.9210147 -2.437588 11.46702 -6.502199
-0.3718028 0.136644 0.9222354 -18.05591 10.10061 1.543603
0.1782461 0.07267919 2.027216 -33.42995 177.2227 -60.96785
0.2173086 0.09465185 1.899042 -45.88797 190.2533 -52.08998
0.2575918 0.1371323 1.875849 -49.55972 192.2151 -49.26556
0.3073965 0.1688706 1.893183 -52.56736 197.7418 -48.85334
0.3486562 0.1710679 1.900751 -51.38415 202.1617 -49.89151
0.3755117 0.186937 1.902948 -51.71239 206.7189 -49.6854
0.403832 0.2281968 1.933222 -53.88034 210.093 -48.44113
0.3994375 0.2347886 1.961054 -50.84217 214.4136 -50.02128
0.4428945 0.259935 2.022821 -46.12461 218.0701 -51.02128
0.5039297 0.261644 2.047968 -38.8956 224.3602 -54.47166
0.5439687 0.3365952 2.08288 -34.60553 228.8716 -56.46403
0.6530996 0.3922593 2.131708 -31.46049 235.3754 -60.49456
0.7422109 0.4562241 2.197626 -25.16278 245.1693 -66.43349
0.7981191 0.4464585 2.202021 -18.8727 246.0243 -73.08998
0.8730703 0.4745347 2.22204 -13.86507 246.0243 -80.07471
0.9070059 0.4901597 2.194696 -6.658962 246.0243 -87.96784
0.9348379 0.5194565 2.122919 -0.8803359 246.0243 -95.87624
0.9773184 0.5243393 2.046015 5.608214 246.0243 -104.2961
0.9758535 0.5677963 1.916132 4.112031 246.0243 -109.7923
1.027856 0.4493882 1.733271 16.50134 246.0243 -122.3877
1.183861 0.4530503 1.47497 22.79906 246.0243 -129.3495
1.037133 0.4703843 1.488642 20.34867 246.0243 -136.8915
0.8098379 0.4362046 1.342401 26.02043 246.0243 -144.7236
0.811791 0.3658921 1.142694 32.78379 246.0243 -155.1358
0.7737051 0.2401597 1.006464 38.51661 246.0243 -164.2503
0.7234121 0.2135483 0.9864444 42.69218 246.0243 -170.1358
0.5488515 -0.01838526 0.6424502 68.1273 246.0243 -176.548
0.4179922 -0.03767237 0.3892764 62.35631 246.0243 -163.632
0.6018301 -0.07819972 -0.06165135 55.2647 246.0243 -153.5556
0.6404043 -0.0877212 0.01769435 46.16547 246.0243 -172.2579
0.4214101 -0.03767237 -0.03674901 24.93646 246.0243 -169.1129
0.4128652 -0.1658462 -0.06165135 21.30287 246.0243 -168.5022
0.4184804 -0.208815 0.08629787 13.74562 246.0243 -165.7083
0.4963613 -0.2388443 0.1964053 12.58531 246.0243 -163.0595
0.5088125 -0.2407974 0.3023623 9.325771 246.0243 -161.5175
0.5359121 -0.1983169 0.463251 4.318137 246.0243 -158.5098
0.6501699 -0.1792739 0.6944522 2.134931 246.0243 -159.6778
0.685082 -0.1614517 0.8174991 2.806687 246.0243 -162.3495
0.7390371 -0.16194 0.9070987 -0.2925496 246.0243 -161.174
0.8537832 -0.1970962 1.020624 -4.353619 246.0243 -159.3953
0.9087149 -0.2100357 1.12121 -8.987206 246.0243 -156.0824
0.9729239 -0.2566665 1.153681 -13.85744 246.0243 -151.8075
0.9924551 -0.2442153 1.196649 -22.81163 246.0243 -147.5862
1.030297 -0.2854751 1.174433 -29.28492 246.0243 -143.319
1.034203 -0.3211196 1.134394 -31.55209 246.0243 -137.1892
1.033471 -0.3445571 1.031122 -34.67423 246.0243 -130.9908
1.054955 -0.4134048 0.9139346 -33.83453 246.0243 -126.9449
1.036645 -0.4265884 0.8013858 -28.51392 246.0243 -123.693
1.014672 -0.4170669 0.7108096 -22.79637 246.0243 -121.9068
1.011498 -0.406813 0.6209659 -14.804 246.0243 -122.0289
1.013695 -0.401686 0.4986514 -7.239115 246.0243 -123.174
1.018334 -0.410231 0.4149112 0.05859542 246.0243 -124.1434
1.016869 -0.389479 0.3148135 5.684549 246.0243 -125.0671
0.9565664 -0.3958267 0.2357119 11.30287 246.0243 -126.3724
1.026147 -0.3931411 0.1788272 17.1273 246.0243 -127.9831
1.001488 -0.4146255 0.18371 19.89829 246.0243 -129.0289
0.9726797 -0.4405044 0.1053408 20.21127 246.0243 -127.7617
0.9214102 -0.4700454 0.09069241 22.92119 246.0243 -127.319
0.9309317 -0.5271744 0.02501857 24.40211 246.0243 -126.8839
0.9070059 -0.5503677 0.05211818 20.70745 246.0243 -121.6167
0.8789297 -0.5254654 0.02916896 11.36394 246.0243 -118.3037
0.8352285 -0.6145767 -0.06165135 5.829587 246.0243 -109.0213
0.7136465 -0.6814713 -0.06165135 -1.590259 246.0243 -107.8991
0.7292715 -0.7207779 -0.06165135 -2.681863 246.0243 -95.6854
0.6106191 -0.7901138 -0.06165135 -2.941405 246.0243 -89.06709
0.5429922 -0.7217545 -0.06165135 -8.178046 236.3831 -79.64723
0.4260488 -0.8001236 -0.06165135 -16.33072 213.6273 -75.98312
0.5168691 -0.8247818 -0.06165135 -9.468122 212.2762 -60.98311
0.4140859 -0.8167252 -0.06165135 -6.903236 208.8258 -60.83044
0.448998 -0.7525162 -0.06165135 -6.529191 203.0701 -52.67014
0.3791738 -0.7158951 -0.06165135 -4.674229 187.8716 -45.55563
0.3889394 -0.6577896 -0.06165135 -1.460488 174.4288 -41.6854
0.3962636 -0.5801529 -0.06165135 -0.3459847 160.7647 -37.17395
0.4084707 -0.4876235 -0.06165135 -1.559725 147.2685 -33.37243
0.4404531 -0.4453872 -0.06165135 -2.811634 135.5663 -30.83808
0.4858633 -0.4055923 -0.06165135 -6.727664 126.4823 -27.98311
0.5459219 -0.3968032 -0.04797947 -10.98721 118.9327 -24.5938
0.5840078 -0.3699478 0.03942287 -13.67423 112.7647 -21.73884
0.6111074 -0.3455337 0.08629787 -15.65896 108.7189 -19.89915
0.619164 -0.3230728 0.149042 -21.07117 99.6655 -15.74647
0.6518789 -0.2884048 0.21496 -24.46812 98.58152 -14.35716
0.6218496 -0.2820571 0.2520694 -27.59026 93.83344 -11.57854
0.6093984 -0.2710708 0.2689151 -28.31545 89.77236 -10.28082
0.5869375 -0.2530044 0.2608584 -28.06354 84.9174 -9.509832
0.5725332 -0.23152 0.2508487 -28.59026 79.05481 -8.242657
0.549584 -0.2168716 0.2513369 -28.7811 72.57389 -7.257924
0.5356679 -0.1900161 0.2481631 -28.81163 65.53572 -6.76174
0.5324941 -0.1621841 0.2591494 -28.8956 58.25328 -6.212122
0.5429922 -0.1460708 0.289667 -28.07881 51.23038 -6.464031
0.5571523 -0.1372818 0.3194522 -27.02537 44.56626 -6.891511
-0.6064219 -0.3172134 1.161981 -4.269649 -9.433741 -29.55563
-0.5287852 -0.3455337 1.362177 4.00516 -22.64748 -18.46403
-0.5114512 -0.3262466 1.404169 5.554779 -22.80779 -16.85334
-0.5014414 -0.316481 1.426142 7.119664 -22.00626 -15.19686
-0.4794688 -0.3011001 1.449335 7.516611 -20.60168 -13.63197
-0.4726328 -0.3184341 1.460565 9.00516 -19.3116 -12.34953
-0.4733653 -0.2959732 1.488642 11.08913 -18.14367 -11.33426
