-0.4665293 0.1822983 0.9405459 -4.330718 -7.1971 -4.067084
-0.4733653 0.1952378 0.9561709 -6.48339 -9.418474 -2.410595
-0.4684824 0.2035386 0.952753 -8.605527 -10.73908 -1.181588
-0.4716563 0.2054917 0.9520205 -10.32308 -13.99863 0.04741991
-0.4587168 0.2203843 0.9842471 -12.17805 -15.61695 1.482534
-0.4523692 0.2245347 1.012812 -13.65896 -17.41847 2.032153
-0.4474864 0.2340561 1.040888 -15.13988 -18.96809 3.222992
-0.4267344 0.2462632 1.07287 -16.34598 -19.92992 3.780244
-0.4133067 0.2438218 1.101923 -16.88797 -21.02916 4.108489
-0.3871836 0.2526108 1.127313 -17.26201 -21.60168 4.306962
-0.3676524 0.2523667 1.167108 -16.81927 -22.09023 4.215359
-0.3437266 0.2572495 1.209833 -16.19331 -21.96046 3.85658
-0.3124766 0.2572495 1.238153 -14.35362 -20.36504 3.581771
-0.2970957 0.2675034 1.276728 -12.28492 -18.77725 2.490168
-0.2865977 0.2731186 1.296503 -9.872703 -16.83832 1.421466
-0.287086 0.2738511 1.30163 -6.185679 -14.62458 0.1695573
-0.2868418 0.2855698 1.318231 -4.132245 -12.52534 -1.242656
-0.2826914 0.2804429 1.320185 -0.6436948 -9.30397 -2.899145
-0.2907481 0.2975327 1.303827 2.211267 -7.395573 -4.265557
-0.2980723 0.2931382 1.28747 4.654015 -5.1971 -5.517466
-0.2936778 0.3051011 1.256952 6.028061 -3.823054 -6.418229
-0.3031992 0.3158432 1.239618 6.478443 -2.395573 -7.349527
-0.3161387 0.3202378 1.210565 6.669282 -1.265802 -7.647236
-0.3100352 0.3212143 1.196161 6.180733 -0.5024431 -7.769373
-0.3241953 0.3265854 1.177851 5.119664 0.01664114 -7.784641
-0.3327403 0.3248765 1.164423 3.722718 0.6273279 -8.006016
-0.3398203 0.3387925 1.146112 2.577679 0.6807632 -8.318993
-0.3400645 0.3514878 1.138544 0.02042747 0.7876334 -7.983115
-0.346168 0.3514878 1.140985 -1.300183 0.7265649 -8.540367
-0.3412852 0.3480698 1.130976 -2.460489 1.039542 -9.028916
-0.3417735 0.3507554 1.145624 -4.552092 1.337252 -9.273191
-0.3432383 0.3463608 1.143427 -5.750565 1.497557 -10.11289
-0.3442149 0.3426987 1.131708 -6.88797 1.489923 -10.69304
-0.3483653 0.3361069 1.135614 -7.284916 1.528091 -11.72357
-0.3403086 0.3285386 1.136103 -7.155145 1.192214 -12.75411
-0.3432383 0.317064 1.138544 -7.002474 1.276183 -13.58617
-0.3334727 0.3038804 1.131464 -6.559726 1.230381 -14.75411
-0.3395762 0.2975327 1.13122 -6.468122 1.390687 -15.67777
-0.3493418 0.2709214 1.129999 -5.613161 1.489923 -16.89151
-0.3520274 0.2540757 1.116083 -4.804 1.550992 -17.35716
-0.3598399 0.2374741 1.118769 -3.720031 1.48229 -18.15105
-0.3708262 0.2086655 1.103388 -2.758199 1.016641 -18.4564
-0.374 0.1888901 1.102899 -2.239114 0.5357251 -18.47166
-0.3898692 0.1708237 1.084833 -1.483389 -0.3268704 -17.99075
-0.3898692 0.1503159 1.085565 -0.8269009 -1.067328 -17.55563
-0.3815684 0.14348 1.080194 -0.8879694 -1.632214 -16.71594
-0.3781504 0.1163804 1.082147 -0.804 -2.578779 -15.41059
-0.3776621 0.1110093 1.085565 -0.712397 -3.074962 -14.4793
-0.380836 0.1188218 1.09704 -1.31545 -3.655115 -13.28082
-0.3898692 0.0973374 1.104608 -2.849802 -4.487176 -11.62434
-0.3835215 0.08097998 1.122431 -1.590259 -4.586412 -10.41823
-0.3486094 0.06169286 1.156855 1.676916 -5.868855 -6.944947
-0.3447031 0.07194677 1.170526 2.348672 -5.70855 -5.807542
-0.3364024 0.07707372 1.184687 3.463176 -5.60168 -4.73884
-0.325416 0.07243505 1.198114 4.470809 -5.700916 -3.899145
-0.3188242 0.07780614 1.221796 4.966992 -4.693283 -2.929679
-0.3071055 0.07243505 1.23913 6.310503 -3.525344 -1.95258
-0.2973399 0.07536474 1.245966 8.035695 -2.616947 -1.494565
-0.2760996 0.0697495 1.254755 9.188367 -0.9604583 -0.2960916
-0.2599864 0.077562 1.261591 10.48608 1.108244 0.6275726
-0.2543711 0.09465185 1.255976 11.55478 3.39832 1.688641
-0.2531504 0.1044175 1.247675 13.01279 5.795267 2.543603
0.4946523 0.6464096 3.01037 40.29524 -144.0139 65.26116
0.501 0.1256577 2.50036 -14.65896 172.7342 -13.70831
0.6179433 0.1503159 2.580683 -3.872703 188.635 -20.86098
0.7885976 0.2914292 2.631952 1.966992 201.5968 -28.08998
0.8633047 0.374437 2.680292 3.860122 221.4059 -34.94495
0.9133535 0.3793198 2.699823 11.98989 244.1006 -42.12052
0.8427969 0.5218979 2.732294 10.18837 246.0243 -43.94495
0.8733145 0.4208237 2.703241 17.77615 246.0243 -56.00601
1.047387 0.5397202 2.608759 19.55478 246.0243 -54.25792
1.117211 0.5870834 2.490839 14.89066 246.0243 -56.79227
1.10891 0.6691147 2.433466 13.65402 246.0243 -66.10525
1.154564 0.709642 2.305048 13.47844 246.0243 -72.89151
1.128197 0.7081772 2.161737 14.95936 246.0243 -78.47929
1.147729 0.680101 2.048212 21.98226 246.0243 -86.31136
1.242455 0.6774155 1.850946 24.04333 246.0243 -100.0594
1.20852 0.7660385 1.686151 16.07386 246.0243 -105.1129
1.222436 0.6520248 1.491327 11.18837 246.0243 -112.2503
1.376732 0.7010971 1.341913 -1.643695 246.0243 -126.5785
1.248803 0.7042709 1.310175 -11.03301 246.0243 -133.3648
1.161645 0.593187 1.163935 -7.452855 246.0243 -142.403
1.136986 0.569017 1.027704 -16.7353 246.0243 -152.1358
1.116967 0.3539292 0.8758487 -25.52156 246.0243 -158.7923
0.9643789 0.2111069 0.7950381 -24.99484 246.0243 -162.5022
0.9480215 0.1051499 0.668085 -27.65896 246.0243 -167.3037
0.7820058 -0.02448878 0.8155459 -32.18568 246.0243 -186.3114
0.9956289 -0.01374659 0.6087588 -19.47576 246.0243 -149.9602
0.9931875 0.07072607 0.2857608 -31.68186 246.0243 -140.8686
0.9551016 -0.05256495 0.2335147 -39.98721 246.0243 -140.5098
1.035668 -0.08967432 -0.03162205 -38.93377 246.0243 -135.7007
0.9865957 -0.1216568 0.05993068 -34.01774 246.0243 -138.464
0.921166 -0.03693995 0.2083682 -37.45285 246.0243 -133.7312
0.9807364 0.001878411 0.1859072 -37.29255 246.0243 -134.1587
0.9531485 0.03776708 0.2112979 -35.23148 246.0243 -132.8839
0.9153067 0.08342138 0.2108096 -32.12461 246.0243 -134.3114
0.8642813 0.110521 0.2318057 -28.09408 246.0243 -134.7465
0.8078848 0.199144 0.1343936 -19.10171 246.0243 -141.8915
0.8159414 0.1957261 0.07287014 -12.9185 246.0243 -143.4717
0.8098379 0.2340561 -0.03064549 -11.03301 246.0243 -146.4411
0.7973867 0.2135483 -0.06165135 -6.323084 246.0243 -151.4106
0.796166 0.2418686 -0.06165135 -2.39942 246.0243 -156.09
0.8135 0.1830307 -0.06165135 -3.979573 246.0243 -162.7541
0.7890859 0.2301499 -0.06165135 -6.88797 246.0243 -162.9984
0.7375722 0.2211167 -0.06165135 -8.61316 246.0243 -168.548
0.6950918 0.1652085 -0.06165135 -23.67423 246.0243 -169.7541
0.6360097 0.05827489 -0.06165135 -33.88034 246.0243 -171.9526
0.6350332 -0.05891261 -0.06165135 -45.41468 246.0243 -169.4182
0.6313711 -0.1875747 -0.06165135 -55.24675 246.0243 -172.5862
0.6274648 -0.2945083 -0.06165135 -60.94904 232.2151 -168.693
0.6552969 -0.4312271 -0.06165135 -65.46049 224.2991 -165.2961
0.6389394 -0.5650162 -0.06165135 -68.64369 215.78 -159.8152
0.5822988 -0.6516861 -0.06165135 -65.7353 207.1159 -156.403
0.5923086 -0.7332291 -0.06165135 -61.84217 198.8411 -151.5556
0.5598379 -0.7720474 -0.06165135 -64.91087 193.2075 -141.4717
0.5547109 -0.8108658 -0.06165135 -67.9185 187.1082 -131.6014
0.5334707 -0.8462662 -0.06165135 -65.85744 183.1769 -122.4488
0.4831777 -0.8479752 -0.06165135 -67.99484 180.1235 -111.3877
0.4441152 -0.8567642 -0.06165135 -70.26202 176.0548 -98.7312
0.3838125 -0.8301529 -0.06165135 -70.8956 172.2609 -88.03654
0.3200918 -0.7552017 -0.06165135 -72.8498 166.8869 -77.46403
0.2695547 -0.6895279 -0.06165135 -75.83453 159.9937 -67.18159
0.2424551 -0.6228775 -0.06165135 -78.33072 152.4136 -57.41823
0.237084 -0.549147 -0.06165135 -79.33835 145.2227 -50.05945
0.2307363 -0.4995864 -0.06165135 -78.26202 136.2151 -44.46403
0.2685781 -0.4427017 -0.06165135 -74.36125 126.2914 -41.21975
0.2915273 -0.3782485 -0.06165135 -68.75819 115.7418 -39.53273
0.3440176 -0.3191665 -0.06165135 -63.20094 108.6884 -39.03655
0.3813711 -0.2776626 -0.01770604 -58.42995 100.1846 -38.55563
0.4314199 -0.2554458 0.0438174 -53.58263 93.81817 -39.33426
0.4887929 -0.2549575 0.1517276 -49.26202 88.47466 -39.23502
0.5459219 -0.2823013 0.2327822 -44.41468 84.59679 -40.13578
0.5818105 -0.3291763 0.3060244 -39.74293 81.16931 -40.70831
0.6535879 -0.3357681 0.3116397 -35.37652 80.30672 -41.12815
0.6340566 -0.4292739 0.3763369 -28.7811 76.76473 -40.02892
0.634789 -0.4822525 0.4027041 -24.52156 77.54336 -37.39533
0.6316152 -0.5530533 0.4056338 -21.34598 77.03191 -32.37243
0.6147695 -0.5867447 0.3819522 -18.19331 77.32198 -26.93731
0.6023183 -0.6258072 0.3580264 -14.8498 76.59679 -20.75411
0.5727773 -0.6050552 0.2994326 -10.70476 74.61969 -15.21976
0.5293203 -0.5728287 0.2056826 -6.834535 70.80289 -10.47166
0.5144277 -0.5586685 0.1573428 -4.178046 66.53572 -5.16632
0.4909902 -0.524733 0.0972842 -0.9795724 62.98611 -0.899145
0.4702383 -0.4937271 0.05211818 2.234168 57.6884 2.902382
0.4328847 -0.4373306 -0.005254865 4.38684 51.04718 5.650474
0.4009023 -0.3968032 -0.06165135 7.264702 40.11588 8.948183
0.4424062 -0.365065 -0.06165135 9.486076 38.28382 8.681007
0.3803945 -0.3853286 -0.06165135 13.65402 27.45176 10.28406
0.3640371 -0.4353775 -0.06165135 16.53951 15.95557 11.02452
-0.5732188 -0.370436 1.249628 8.707451 -33.1055 11.09322
