0.9678384 0.7597052 0.4835615 172.3455 -129.4232 251.8109
0.838688 0.7631231 0.6053877 196.1776 -133.4461 251.8109
1.041813 0.9432989 0.4034834 187.8493 -119.2553 251.8109
0.920231 0.9489141 0.5182295 207.8417 -120.5759 251.8109
0.8587075 1.123231 0.4801435 225.8264 -119.6751 251.8109
0.8298989 1.131531 0.3644209 240.9867 -121.5148 251.8109
0.7700845 1.189149 0.2853193 249.399 -124.8583 251.8109
0.7576333 1.251893 0.144206 258.4447 -127.0415 251.8109
0.7363931 1.352479 0.0699873 260.4218 -133.3469 251.8109
0.7361489 1.411561 0.01920605 257.9867 -140.5606 251.8109
0.7244302 1.488953 -0.01790333 251.7959 -148.7667 251.8109
0.7427407 1.565858 -0.02156544 241.2539 -156.1179 251.3376
0.7737466 1.634949 -0.02498341 227.4829 -164.843 249.7651
0.8401528 1.705994 0.02701855 206.857 -174.4537 248.0704
0.9153481 1.707947 0.06779003 185.0325 -182.0873 248.2918
0.9072915 1.769227 0.2662764 172.7806 -190.8583 251.8109
1.084049 1.669617 0.3458662 160.9409 -205.5301 251.8109
1.04987 2.006287 0.4103193 135.8264 -210.7362 251.8109
1.07111 2.022156 0.586833 102.1623 -204.5911 236.0018
1.164616 1.987488 0.7701826 97.68903 -204.3392 226.933
1.183415 1.909852 0.8846846 92.85696 -203.0415 218.9178
1.237858 1.920838 0.9772139 81.68903 -205.7591 215.9254
1.28986 1.901063 1.078532 73.98673 -209.9423 213.6277
1.406071 1.832947 1.242106 73.65086 -198.6446 208.6048
1.469792 1.863709 1.373698 73.64322 -191.8278 205.1544
1.439518 2.016053 1.455241 65.05544 -187.5377 203.643
1.460514 2.019471 1.631999 75.68903 -192.1637 206.6201
1.538151 2.224976 1.809733 79.45238 -174.156 192.5437
1.53278 2.224976 2.049968 90.32262 -139.6675 175.6124
1.413639 2.224976 2.070231 101.1928 -116.1102 162.872
1.498112 2.224976 2.039226 113.2615 -97.3316 152.1468
1.358708 2.224976 1.986491 123.147 -76.96519 144.2384
1.225163 2.224976 1.855876 113.4677 -57.69038 124.9636
1.179997 2.224976 1.704753 98.002 -42.62168 100.2613
1.289372 2.224976 1.648112 85.52872 -26.83542 80.51319
1.262028 2.224976 1.591472 54.9333 -14.1942 64.80327
1.275944 2.224976 1.491374 30.62795 3.882137 45.04754
1.24152 2.224976 1.436931 1.673756 16.61496 31.43686
1.237614 2.224976 1.286784 -30.02853 30.05008 -5.013527
1.175602 2.224976 1.311198 -47.998 38.8745 -31.41047
1.192448 2.224976 1.215983 -74.21175 48.82107 -58.2349
1.215885 2.224976 1.22404 -93.50945 57.34778 -89.01353
1.249821 2.224976 1.192302 -116.914 66.5768 -119.2425
1.325504 2.224976 1.125163 -125.1278 78.14168 -153.3112
1.357731 2.224976 1.029216 -133.8224 87.04243 -184.8914
1.361881 2.224976 1.014567 -138.8911 92.08824 -219.9143
1.407536 2.224976 1.048503 -140.2117 101.073 -248.4563
1.423405 2.224976 1.003581 -143.0209 109.5921 -248.4563
1.475651 2.224976 0.951335 -143.1049 115.4165 -248.4563
1.511051 2.224976 0.9225264 -149.6774 122.5768 -248.4563
1.553288 2.224976 0.9484053 -161.1278 129.0501 -248.4563
1.745426 2.224976 0.9210615 -164.4255 139.4547 -248.4563
1.908268 2.224976 0.8329268 -164.8377 149.3554 -248.4563
2.03693 2.224976 0.7352705 -166.8606 156.0043 -248.4563
2.17609 2.224976 0.6769209 -166.4636 161.6684 -248.4563
2.289799 2.072449 0.6205244 -167.0514 172.2562 -248.4563
2.284489 1.87201 0.6373701 -167.0514 179.9356 -248.4563
2.289799 1.552918 0.4598799 -167.685 189.2867 -248.4563
2.289799 1.385682 0.3121748 -171.6239 197.5005 -248.4563
2.289799 1.233094 0.1656904 -187.5171 206.8363 -248.4563
2.289799 1.053895 0.06827831 -204.456 213.2867 -248.4563
2.289799 0.7289434 -0.03645802 -220.3262 225.1111 -248.4563
2.289799 0.4401251 -0.2095537 -230.6163 231.0959 -248.4563
2.289799 0.151795 -0.2605791 -230.6163 231.0959 -248.4563
2.289799 0.04144348 -0.2605791 -230.6163 231.0959 -248.4563
2.289799 -0.1636346 -0.2605791 -230.6163 231.0959 -248.4563
2.289799 -0.5203241 -0.2605791 -230.6163 231.0959 -248.4563
2.289799 -0.704162 -0.2605791 -230.6163 231.0959 -248.4563
2.289799 -0.7473749 -0.2605791 -230.6163 231.0959 -248.4563
2.289799 -0.8945917 -0.2605791 -230.6163 231.0959 -248.4563
2.289799 -1.14215 -0.2605791 -230.6163 231.0959 -248.4563
2.289799 -1.398986 -0.2605791 -230.6163 231.0959 -248.4563
2.289799 -1.774963 -0.2605791 -230.6163 231.0959 -248.4563
1.600651 -1.774963 -0.2605791 -230.6163 231.0959 -248.4563
2.223942 -1.774963 -0.2605791 -230.6163 231.0959 -248.4563
0.8289224 -1.774963 -0.2605791 -230.6163 231.0959 -248.4563
0.4878579 -1.774963 -0.2605791 -230.6163 214.8898 -248.4563
0.2378579 -1.774963 -0.2605791 -202.8835 103.1264 -248.4563
0.02716455 -1.774963 -0.2605791 -76.15831 26.57679 -239.6318
-0.4764976 -1.774963 -0.2605791 -29.98273 -44.85069 -178.4181
-1.202572 -1.774963 -0.2605791 -60.89113 -97.81252 -117.3341
-1.451351 -1.774963 -0.2605791 -69.98273 -130.4156 -68.47154
-1.459896 -1.774963 -0.2605791 -88.9751 -156.3316 -28.38757
-1.265316 -1.774963 -0.2605791 -85.28807 -185.0797 -3.624214
-0.8485679 -1.774963 -0.2605791 -83.63922 -214.5377 18.6964
-0.538021 -1.774963 -0.2605791 -61.14304 -222.7133 40.55899
-0.2333335 -1.774963 -0.2605791 -18.34914 -238.9881 60.80327
-0.0001792014 -1.774963 -0.0940752 1.131771 -244.9041 89.58189
0.0479165 -1.774963 0.2433271 28.65849 -262.7972 115.3453
0.2717935 -1.774963 0.6815596 52.75772 -236.2629 141.8949
1.287663 1.217225 0.1293135 190.4906 -131.7591 251.8109
1.422917 2.224976 0.9523115 117.3837 -186.5911 201.4903
1.488834 2.224976 1.042399 107.8112 -179.1866 190.8872
1.499577 2.224976 1.154216 96.54399 -172.7133 182.9407
1.525211 2.224976 1.255534 83.55162 -166.469 177.0857
1.544743 2.224976 1.358806 85.04781 -166.4308 177.9025
1.44611 2.224976 1.501872 76.42948 -144.9957 169.0552
1.504215 2.224976 1.572917 70.00963 -124.2782 146.7651
1.49567 2.224976 1.671794 70.72719 -108.2858 129.5437
1.480045 2.224976 1.699138 77.17757 -88.93466 111.2842
1.485905 2.224976 1.696696 73.70428 -73.82015 107.3605
1.231266 2.224976 1.634929 68.76536 -64.65985 78.6964
1.345768 2.224976 1.891521 47.50582 -45.78962 48.74983
1.680241 2.224976 1.602458 24.03253 -14.43847 13.72693
1.666569 2.224976 1.598308 -12.48655 -3.117863 -13.72345
1.707584 2.224976 1.432292 -52.36441 10.11878 -45.37231
1.57111 2.224976 1.464274 -90.3186 23.38595 -80.76925
1.486149 2.224976 1.497966 -111.54 37.12641 -118.9983
1.435612 2.224976 1.553142 -114.1888 54.83634 -164.3494
1.419499 2.224976 1.529704 -123.7308 66.64549 -208.9219
1.458561 2.224976 1.44694 -124.9675 82.55389 -248.4563
1.570377 2.224976 1.381755 -130.5094 96.01955 -248.4563
1.678288 2.224976 1.325603 -150.2194 106.9508 -248.4563
1.8465 2.224976 1.287028 -162.456 120.6455 -248.4563
1.994206 2.224976 1.179362 -175.0133 132.4089 -248.4563
2.091618 2.224976 1.107341 -181.2346 143.5768 -248.4563
2.229801 2.224976 1.024089 -188.6469 154.9966 -248.4563
2.289799 2.224976 0.8624678 -180.5018 169.447 -248.4563
2.289799 2.224976 0.6339521 -186.6545 179.1188 -248.4563
2.289799 2.224976 0.5380049 -192.4484 184.1799 -248.4563
2.289799 2.166444 0.4198408 -198.7537 196.9661 -248.4563
2.289799 1.776551 0.3111982 -206.5934 207.7676 -248.4563
2.289799 1.417664 0.135417 -209.6621 215.6302 -248.4563
2.289799 1.213074 -0.0616045 -218.5782 227.386 -248.4563
2.289799 1.014832 -0.130208 -230.1354 227.7295 -248.4563
2.289799 0.8104864 -0.2276201 -230.6163 231.0959 -248.4563
2.289799 0.7069708 -0.2605791 -230.6163 231.0959 -248.4563
2.289799 0.5692755 -0.2605791 -230.6163 231.0959 -248.4563
2.289799 0.3927618 -0.2605791 -230.6163 231.0959 -248.4563
2.289799 0.281922 -0.2605791 -230.6163 231.0959 -248.4563
2.289799 -0.8645624 -0.2605791 -230.6163 231.0959 -248.4563
2.289799 -0.8157343 -0.2605791 -230.6163 231.0959 -248.4563
2.289799 -1.007385 -0.2605791 -230.6163 231.0959 -248.4563
2.289799 -1.372131 -0.2605791 -230.6163 231.0959 -248.4563
2.289799 -1.378723 -0.2605791 -230.6163 231.0959 -248.4563
2.289799 -1.774963 -0.2605791 -230.6163 231.0959 -248.4563
2.289799 -1.774963 -0.2605791 -230.6163 231.0959 -248.4563
0.9929849 -1.774963 -0.2605791 -230.6163 231.0959 -248.4563
0.7166177 -1.774963 -0.2605791 -230.6163 180.5386 -248.4563
1.172428 -1.774963 -0.2605791 -104.0591 70.82108 -248.4563
1.029606 -1.774963 -0.2605791 28.49818 -18.23237 -248.4563
-0.2028159 -1.774963 -0.2605791 107.773 -87.1026 -248.4563
-1.066341 -1.774963 -0.2605791 76.77299 -123.2858 -187.1815
-1.301937 -1.774963 -0.2605791 65.8875 -153.2629 -144.9754
-1.192074 -1.774963 -0.2605791 37.26917 -177.1255 -108.3876
-0.9393882 -1.774963 -0.2605791 5.994367 -201.4308 -75.0517
-0.6080894 -1.774963 -0.2605791 5.421847 -213.1942 -43.1891
-0.5077476 -1.774963 -0.2605791 -0.03616714 -226.9346 -1.99826
-0.315853 -1.774963 -0.2605791 -4.967466 -235.1255 46.06281
0.01129541 -1.774963 -0.02083302 -2.425482 -233.2858 93.59716
