0.9921416 -0.09933155 0.8067949 -8.370611 3.161038 22.52402
0.9948272 -0.09933155 0.8087481 -8.149237 3.50455 22.29501
0.9884795 -0.1047026 0.8019121 -8.775191 3.489283 22.76829
0.9860381 -0.1007964 0.8060625 -8.981297 4.344244 22.29501
0.9862823 -0.1015288 0.7984941 -8.263741 3.848061 22.18814
0.9928741 -0.1034819 0.8028887 -8.111069 4.069435 22.22631
0.9899444 -0.1056792 0.7872636 -7.569084 4.229741 21.79882
0.9860381 -0.1064116 0.7958086 -7.263741 4.687756 21.83699
0.9892119 -0.09859913 0.79825 -7.164504 4.496916 21.61562
0.9831084 -0.1039702 0.796541 -6.950764 4.779359 21.35608
1.015335 -0.1784331 0.7464921 -2.118702 5.12287 29.80646
1.024368 -0.1601226 0.7840898 -8.714123 3.306077 37.64615
1.027054 -0.1559722 0.777498 -9.660687 3.229741 37.19577
1.021927 -0.1503569 0.7728593 -10.34771 2.855695 36.73775
1.032181 -0.1462065 0.7753007 -10.98893 3.016 36.2034
1.031204 -0.1459624 0.7779863 -11.70649 2.779359 35.44004
1.020462 -0.1376616 0.7711504 -12.47748 2.527451 35.0202
1.021438 -0.1352202 0.7660234 -12.56145 2.481649 34.08127
1.018997 -0.126187 0.7748125 -12.46985 2.603786 32.85226
1.011429 -0.1220366 0.7823808 -12.37061 2.428214 31.73775
1.016067 -0.1120269 0.7772539 -11.71412 2.374779 30.56218
1.005813 -0.1125151 0.7760332 -11.05 2.092336 29.19577
1.004837 -0.1130034 0.7753007 -10.39351 2.237374 27.44768
1.005081 -0.1029937 0.7823808 -9.553817 2.054168 26.19577
1.002396 -0.1086089 0.7843339 -9.195038 2.229741 24.73012
0.9994658 -0.1078765 0.7733476 -8.675955 2.168672 23.40951
1.003128 -0.1044585 0.7828691 -8.469848 2.183939 22.0889
1.010208 -0.1054351 0.7684648 -7.973664 2.12287 20.79119
1.011185 -0.1012847 0.7723711 -8.202672 2.107603 19.55455
1.004593 -0.09859913 0.7787187 -8.866794 1.466382 18.79119
1.006546 -0.100064 0.7679765 -9.96603 1.481649 17.81409
1.007034 -0.1003081 0.7638261 -10.86679 1.336611 16.76066
1.000931 -0.1044585 0.7662675 -11.08817 1.12287 15.81409
1.000687 -0.1093413 0.7767656 -11.17977 0.8175268 14.66142
0.9948272 -0.1044585 0.7745683 -11.0958 0.5274503 13.63089
0.9984893 -0.1152007 0.7718828 -10.86679 0.3595114 12.73012
0.9928741 -0.1166655 0.7706621 -10.24084 0.06180143 11.82172
0.9931182 -0.1198394 0.7721269 -9.820992 -0.1061375 10.89043
0.9916533 -0.1222808 0.7731035 -9.584352 -0.373313 10.2034
0.9967803 -0.1264312 0.7750566 -9.15687 -0.335145 9.272107
0.9909209 -0.1235015 0.7745683 -8.805725 -0.6404885 8.66142
0.9921416 -0.1300933 0.7704179 -8.553817 -0.6786565 8.127069
0.9958037 -0.1357085 0.7745683 -8.576717 -0.984 7.638519
0.9972686 -0.1374175 0.782625 -8.591985 -0.7855268 7.241572
0.9936065 -0.1344878 0.7862871 -8.256107 -0.8313283 6.638519
0.9948272 -0.1398589 0.7799394 -7.622519 -1.525985 6.36371
0.996292 -0.143521 0.775789 -7.630153 -1.457282 5.753023
0.9965362 -0.1476714 0.7816484 -7.446947 -1.47255 5.554549
0.9992217 -0.1496245 0.7836015 -7.56145 -1.235908 5.073633
1.000931 -0.1535308 0.7867754 -6.973664 -1.266443 5.172871
1.000687 -0.1586577 0.7779863 -6.904962 -1.457282 4.783558
1.007278 -0.1545073 0.7726152 -6.569084 -1.205374 4.585085
1.010452 -0.1628081 0.7772539 -6.500382 -1.403847 4.417145
1.00972 -0.1689116 0.7801836 -6.56145 -1.235908 4.615618
1.008743 -0.1711089 0.7753007 -6.874428 -0.9763664 4.531649
1.01094 -0.171353 0.7784746 -6.966031 -1.106137 4.562183
1.012649 -0.1720855 0.7821367 -7.057634 -1.136672 4.669054
1.016067 -0.1789214 0.7733476 -7.56145 -0.8389618 4.539282
1.014847 -0.1767241 0.7804277 -7.996565 -0.5488854 5.195771
1.017532 -0.1777007 0.7755449 -8.263741 -0.6786565 5.165236
1.019729 -0.1791655 0.7779863 -8.393512 -0.2740763 5.386611
1.017776 -0.1830718 0.7728593 -8.141603 -0.335145 5.707221
1.025833 -0.1864898 0.7743242 -7.882061 -0.3122443 6.043099
1.021438 -0.1894194 0.7731035 -7.408779 -0.03743505 6.409512
1.017776 -0.193814 0.7855546 -7.271374 0.02363348 6.768291
1.014358 -0.1872222 0.7899492 -7.56145 0.09996939 7.142336
1.015579 -0.1930816 0.7801836 -7.416412 0.4740152 7.722488
1.016556 -0.1864898 0.7853105 -8.126336 0.2450078 8.524015
1.011673 -0.1960112 0.7823808 -8.408779 0.886229 9.073633
1.010696 -0.193814 0.7879961 -8.599619 1.031267 10.05073
1.008987 -0.1928374 0.7865312 -8.85916 1.145771 10.83699
1.002884 -0.1977202 0.7901933 -8.515649 1.550351 11.51638
0.9977569 -0.1933257 0.7865312 -8.332443 1.580885 12.27211
0.9958037 -0.1923491 0.7923906 -8.279008 2.046535 13.02783
0.9899444 -0.1908843 0.8004473 -8.614885 1.993099 14.03547
0.9970244 -0.1901519 0.7926347 -9.263741 2.138137 14.89043
0.9967803 -0.193814 0.7977617 -9.584352 2.267909 15.92096
0.9931182 -0.1977202 0.7926347 -9.897328 2.466382 16.94386
0.9938506 -0.1996733 0.79825 -9.530916 2.947298 17.60798
0.9977569 -0.1952788 0.7977617 -9.0271 3.069435 18.35608
0.9987334 -0.2028472 0.7936113 -8.500381 3.099969 19.02783
1.00679 -0.1977202 0.7909257 -8.301908 3.321343 19.63089
1.008255 -0.193814 0.7882402 -7.737023 3.443481 20.35608
1.002396 -0.1911284 0.7894609 -7.576718 3.771725 21.1118
1.004349 -0.1960112 0.7821367 -7.515649 3.733557 21.53928
1.005813 -0.1984526 0.7875078 -7.546184 3.90913 22.07363
1.007767 -0.1930816 0.7848222 -7.530916 4.092336 22.65379
1.009964 -0.1867339 0.7838457 -7.675954 4.328977 23.18814
1.006058 -0.1918608 0.7870195 -7.851527 4.31371 23.75302
0.9982451 -0.1872222 0.7818925 -8.080534 4.496916 24.44768
0.9984893 -0.186978 0.7821367 -8.45458 4.435847 24.82173
0.9928741 -0.1842925 0.7789629 -8.393512 4.565619 25.24157
0.9955596 -0.1857573 0.7787187 -7.988932 3.962565 25.94386
0.9940948 -0.1806304 0.765291 -7.775191 4.138137 26.2034
0.9938506 -0.1828276 0.7765214 -7.530916 4.161038 26.64615
0.9892119 -0.1735503 0.7738359 -7.0271 4.321343 26.77592
0.9928741 -0.1708647 0.77408 -7.065267 4.283175 27.25684
0.9989776 -0.1681792 0.7765214 -6.935496 4.199206 27.34081
0.9950713 -0.1652495 0.7726152 -6.683588 4.061801 27.66905
0.9127959 -0.1203276 0.8412188 -9.187405 14.28317 -4.071405
0.9721221 -0.1520659 0.7950761 0.4767175 11.05417 13.35608
0.9892119 -0.1388823 0.8058184 -2.080534 11.0389 14.72249
0.9992217 -0.1398589 0.8006914 -3.500382 11.50455 15.66142
1.001663 -0.1447417 0.7992265 -4.248473 11.39005 16.36371
1.004593 -0.1432769 0.7994707 -5.301908 11.48165 17.30264
0.9987334 -0.1466948 0.7833574 -6.279008 11.32134 18.31791
0.9943389 -0.1403472 0.7899492 -6.767557 10.86333 19.01257
0.9901885 -0.1405913 0.7953203 -7.088168 11.0847 19.96676
0.9923858 -0.1376616 0.796541 -7.004199 10.98547 20.26447
0.9918975 -0.1396147 0.7919023 -7.057634 11.13814 20.93623
0.9855498 -0.1376616 0.7992265 -6.584352 10.82516 21.39425
0.9887237 -0.1303374 0.801668 -5.83626 11.06944 21.71486
0.9828643 -0.1344878 0.7887285 -5.072901 10.8786 22.00493
0.978958 -0.1374175 0.8024004 -4.210305 10.26791 22.82173
0.9799346 -0.1320464 0.7936113 -3.530916 10.17631 23.1118
0.9740752 -0.1291167 0.7904375 -3.424046 10.38241 23.77592
0.9704131 -0.115689 0.7911699 -3.393512 9.74119 23.98966
0.9716338 -0.1213042 0.7960527 -3.515649 9.535084 24.56982
0.9657744 -0.1235015 0.8006914 -4.195038 9.306076 25.32554
0.9699248 -0.11398 0.7909257 -4.813359 8.970198 25.60798
0.970169 -0.1051909 0.7945879 -5.133969 8.626686 26.41714
0.9652862 -0.108853 0.7894609 -5.446947 8.687756 26.86753
0.9657744 -0.1073882 0.7853105 -4.653053 7.825161 27.37134
0.9706573 -0.1059233 0.7953203 -4.45458 7.39768 27.74539
0.9696807 -0.1061675 0.7875078 -3.920229 7.023633 28.21867
0.9699248 -0.09786671 0.7831132 -3.675954 6.237374 28.67669
0.9623565 -0.09786671 0.7887285 -3.576718 6.153405 29.02783
0.9572295 -0.1007964 0.7850664 -3.462214 5.336611 29.24157
0.9550323 -0.08834522 0.7804277 -3.706489 4.786993 29.83699
0.9569854 -0.0954253 0.780916 -3.683588 4.405313 30.09653
0.9569854 -0.09322803 0.7779863 -3.523283 3.634321 30.37134
0.9662627 -0.08981007 0.775789 -3.515649 3.038901 30.44768
0.9706573 -0.08810108 0.7796953 -3.378244 2.779359 31.01257
0.9679717 -0.09176319 0.7804277 -3.706489 2.245008 31.16524
0.9960479 -0.08688038 0.7833574 -3.340076 0.183939 31.83699
1.006302 -0.08053272 0.7760332 -3.279008 -0.6786565 31.98966
1.016312 -0.07955616 0.7750566 -3.607252 -1.067969 31.89043
1.031448 -0.08248585 0.777498 -3.530916 -1.869496 31.73012
1.039505 -0.06808155 0.7777421 -4.034733 -2.419115 31.53165
1.041702 -0.06075733 0.7821367 -6.279008 -2.625221 31.24157
1.041214 -0.06295459 0.777498 -8.271374 -3.296977 30.92096
1.037308 -0.05807178 0.7760332 -9.691221 -3.732091 30.31791
1.051956 -0.05953662 0.7765214 -11.27137 -4.266443 29.55455
1.053177 -0.06612842 0.7836015 -12.17214 -4.518351 28.9744
1.057083 -0.07027881 0.7838457 -11.99656 -5.052702 28.1118
1.061233 -0.06686084 0.7887285 -11.9355 -5.335145 27.1347
1.050003 -0.06905811 0.7845781 -11.9813 -5.587053 26.1576
1.049271 -0.06271045 0.7857988 -11.63015 -6.006901 25.36371
1.042923 -0.0666167 0.7916582 -11.51565 -6.503084 24.45531
1.037063 -0.07174366 0.8058184 -11.76756 -6.49545 23.82936
