-0.8119883 0.2909409 1.377313 2.180733 27.87924 -19.35716
-0.8224863 0.2850815 1.365351 -0.3001832 25.99374 -17.90678
-0.8210215 0.294603 1.353876 -3.368886 24.08534 -16.69304
-0.8105234 0.2989975 1.376337 -6.941404 21.9174 -14.97548
-0.8215097 0.3063218 1.393183 -10.76583 21.07771 -13.5022
-0.8266367 0.3053452 1.41247 -15.20095 19.61969 -11.77701
-0.820289 0.2982651 1.428583 -18.49866 18.21511 -10.24266
-0.8122324 0.2924057 1.442743 -20.83453 17.69603 -8.868611
-0.8119883 0.292894 1.466425 -22.26965 17.12351 -8.105252
-0.8019785 0.2989975 1.489374 -22.7353 17.17694 -7.028916
-0.7970957 0.3094956 1.503778 -22.49102 17.42886 -6.944947
-0.7768321 0.3002182 1.502802 -20.72766 17.55862 -7.35716
-0.7768321 0.3229233 1.511835 -18.65133 17.7113 -7.845709
-0.7726817 0.3336655 1.521845 -15.70476 16.74947 -8.402962
-0.7651133 0.3419663 1.534784 -12.7353 16.21511 -8.906779
-0.7096934 0.3514878 1.530878 -9.880336 15.76473 -9.624336
-0.7309336 0.329271 1.56872 -4.674229 16.61969 -11.57854
-0.733375 0.3617417 1.583124 -0.4681221 18.02427 -12.29609
-0.7372813 0.3990952 1.567255 2.165466 18.62733 -14.79227
-0.7311778 0.4134995 1.566278 3.745618 19.54336 -16.46403
-0.7321543 0.4166733 1.550409 5.402107 19.54336 -17.85334
-0.7197031 0.4320542 1.541376 4.715084 20.43649 -18.89915
-0.7282481 0.4249741 1.522333 3.783786 21.55099 -20.06708
-0.736793 0.4137436 1.508417 3.70745 21.68076 -20.99838
-0.7428965 0.4015366 1.477899 2.341038 21.88687 -21.60907
-0.7511973 0.390062 1.455194 1.119664 22.07008 -22.22739
-0.7648692 0.3780991 1.437372 0.1654656 21.23801 -22.73884
2.041527 -0.0823501 1.564814 -138.5826 246.0243 -85.96021
0.2732168 -0.4656509 -0.06165135 69.15783 -225.6933 245.3604
0.280541 -0.4055923 -0.06165135 62.65401 -246.3879 251.2383
0.2519765 -0.2710708 -0.06165135 58.83722 -254.2429 248.536
0.3252187 -0.1543716 -0.06165135 52.0815 -254.2429 251.6963
0.3623281 -0.078688 -0.06165135 38.98226 -254.2429 251.6963
0.4248281 -0.0823501 -0.06165135 37.37921 -254.2429 251.6963
0.4787832 -0.2198013 -0.06165135 39.98989 -254.2429 250.1772
0.6706777 0.00969091 -0.06165135 38.42501 -254.2429 240.1314
0.7932363 0.3143784 -0.06165135 12.14256 -254.2429 244.3375
0.8408438 0.1085679 -0.06165135 -7.063542 -254.2429 245.9329
1.05642 -0.01643214 -0.06165135 -7.139878 -254.2429 249.0779
1.182152 0.007737785 -0.06165135 -6.010107 -254.2429 233.0092
1.232201 0.06559911 -0.06165135 -8.254382 -254.2429 239.0322
1.341576 0.05217138 -0.06165135 -8.269649 -254.2429 231.8642
1.337426 0.07609716 -0.06165135 -7.178046 -254.2429 227.9405
1.384057 0.1017319 -0.06165135 -2.033008 -254.2429 220.4444
1.597924 0.06340185 -0.06165135 2.68455 -254.2429 210.0474
1.784447 0.05241552 -0.06165135 9.89829 -254.2429 196.452
1.832543 0.06437841 -0.06165135 15.3334 -254.2429 200.7268
1.952904 0.02067724 -0.06165135 25.23417 -254.2429 188.139
1.95974 0.04704443 -0.06165135 31.27234 -254.2429 184.3298
2.02932 -0.0330337 -0.06165135 40.34104 -254.2429 174.9329
2.064904 -0.02204737 0.0001162291 56.1044 -254.2429 150.1772
2.064904 0.0216538 0.2186221 68.34867 -254.2429 149.5436
2.064904 -0.1070083 0.09264553 97.47845 -254.2429 153.7115
1.986596 -0.1834243 0.5626163 131.2265 -254.2429 137.5589
2.064904 0.01335302 0.766962 132.6616 -254.2429 111.2306
2.064904 0.06633153 0.9564151 142.6311 -254.2429 165.1467
2.064904 -0.01374659 0.8912295 154.7303 -254.2429 146.7955
2.064904 0.03093114 0.9385928 168.3563 -254.2429 139.8566
2.064904 0.02140966 0.9229678 184.5395 -254.2429 132.3375
2.064904 0.2584702 1.278681 200.5777 -254.2429 136.2383
2.04934 0.1681382 1.421747 230.8907 -254.2429 139.0016
2.064904 0.2784897 1.435663 235.7456 -254.2429 139.3604
2.024926 0.33806 1.836298 246.6998 -254.2429 117.5818
2.00515 0.2740952 1.801874 251.7533 -254.2429 138.8337
1.845971 0.4134995 1.961298 251.7533 -254.2429 123.1161
1.928734 0.5118881 1.893183 251.7533 -254.2429 117.2993
1.791772 0.5926987 1.87414 251.7533 -254.2429 113.3833
1.663842 0.6312729 1.917353 251.7533 -254.2429 118.4749
1.646264 0.7953354 1.962763 251.7227 -254.2429 124.9864
1.669457 0.8112045 1.978144 226.7838 -254.2429 133.2306
1.514428 0.9095932 2.050409 210.1884 -254.2429 146.8871
1.679955 0.8800522 2.027216 218.4403 -254.2429 182.0245
1.66848 0.9498764 1.978144 207.0204 -254.2429 185.3298
1.732934 0.6832748 2.327997 209.7838 -254.2429 201.3909
1.5989 0.6058823 2.171747 230.0739 -254.2429 188.6352
1.147484 1.860521 3.505487 -148.491 -199.4108 126.6505
1.198998 1.344896 3.166864 -218.8116 -156.5635 118.3299
0.7864004 0.8575912 3.732782 -236.659 -184.6093 113.5818
0.9321524 0.7855698 3.651728 -196.3231 -171.0444 99.45963
1.242455 0.5055405 3.541376 -142.8345 -162.9147 71.63521
0.605248 1.080248 3.629999 -161.888 -151.8078 77.01688
0.5505605 0.9872299 3.721308 -174.4452 -126.5177 82.76498
0.6125722 0.7384506 3.865107 -175.8345 -121.6704 83.58941
0.5490957 0.8116928 3.79748 -178.4987 -113.2276 86.52071
0.1540762 0.9193588 3.938288 -226.575 -120.0368 107.2612
0.447289 0.5414291 3.938288 -221.4147 -101.5635 107.2688
0.4809804 0.3209702 3.938288 -180.6513 -81.62458 89.52071
0.4831777 0.3590561 3.938288 -113.0635 -69.21237 72.23826
0.4023672 0.3373276 3.938288 -54.27728 -53.07496 51.65811
0.391625 0.2343003 3.900263 0.4784428 -43.86885 38.89475
0.3264394 0.3683335 3.938288 42.04333 -26.45664 24.4978
0.2422109 0.6483627 3.836298 66.84486 -15.54824 14.51307
0.2571035 0.6915756 3.729853 69.60058 -1.586412 9.513068
0.2339102 0.7504135 3.64831 73.91356 19.49756 1.871847
0.1985098 0.7782455 3.57165 77.76089 34.32962 -5.929679
0.2051016 0.7953354 3.476435 77.92883 44.99374 -12.44113
0.2151113 0.7970444 3.399286 72.1731 59.48993 -17.30373
0.2253652 0.8185287 3.379511 62.40974 71.58916 -21.18159
0.2422109 0.811937 3.341181 50.27234 83.95557 -25.39533
0.2817617 0.7836166 3.316523 40.18837 97.79527 -28.70067
0.2881094 0.7770248 3.290644 31.09676 111.2915 -32.6625
0.292748 0.7550522 3.285273 22.60822 122.9708 -35.93731
0.3132558 0.739183 3.288935 14.50898 135.3449 -39.48693
0.3332754 0.7081772 3.288202 7.043328 148.4823 -43.15868
0.3427969 0.6905991 3.272089 1.570046 161.4899 -46.89914
0.3520742 0.6742416 3.255732 -2.681863 174.5815 -51.18159
0.3647695 0.6461655 3.229853 -5.452855 186.2609 -55.4793
0.3869863 0.6151596 3.195185 -6.750565 198.0472 -59.92204
0.4062734 0.5963608 3.174677 -5.857435 210.093 -65.01365
0.4250722 0.5726791 3.132929 -4.50629 223.8334 -69.99075
0.450707 0.5480209 3.10998 -0.8574351 233.6197 -75.6167
0.4856191 0.5192123 3.041376 3.066229 244.4594 -81.28846
0.5217519 0.4830796 2.979853 9.012794 246.0243 -87.87624
0.5551992 0.4686753 2.933466 13.70745 246.0243 -94.47929
0.5847402 0.4413315 2.917109 17.66165 246.0243 -100.3572
0.6423574 0.4288804 2.878534 20.89829 246.0243 -106.2427
0.6946035 0.3846909 2.855585 23.97463 246.0243 -111.8228
0.766625 0.3436753 2.858027 25.95173 246.0243 -116.9907
0.8242422 0.3199936 2.845575 25.18837 246.0243 -120.8228
0.9062735 0.2721421 2.807734 26.84486 246.0243 -124.9678
-0.6786875 0.1217515 1.295038 22.78379 71.25328 -30.73884
-0.7616953 0.03703466 1.046503 -11.63606 47.8487 -16.42586
-0.7809824 0.03288427 1.066767 -9.605527 43.46702 -15.92968
-0.7682871 0.06755224 1.06994 -8.819267 38.65023 -14.97548
-0.7565684 0.08439795 1.0758 -9.193313 34.07008 -13.99075
-0.7392344 0.08732763 1.098261 -10.38415 31.39832 -14.12052
-0.7253184 0.1097886 1.115595 -11.91087 29.8487 -14.5938
-0.7253184 0.1285874 1.139032 -13.39942 27.30672 -13.97548
-0.7258067 0.1407944 1.163446 -15.08644 23.8029 -13.05945
-0.7077403 0.1334702 1.17248 -14.78873 20.99374 -13.548
-0.6869883 0.1241929 1.20495 -13.01011 20.29908 -15.03655
-0.6828379 0.1273667 1.237421 -11.39942 19.74183 -16.12815
-0.6860117 0.1283432 1.270624 -8.926138 18.32962 -16.63197
-0.6720957 0.1346909 1.286737 -5.979573 17.67313 -17.37243
-0.6657481 0.1268784 1.293329 -3.345985 17.85633 -18.48693
-0.6701426 0.1280991 1.302851 -0.933771 18.01664 -19.3877
-0.672584 0.124437 1.294794 1.30287 18.07008 -20.33426
-0.6874766 0.1219956 1.279901 3.180733 17.60443 -20.47166
-0.6943125 0.11931 1.256952 4.974626 17.26855 -21.60143
-0.6960215 0.1027085 1.254022 6.150198 16.31435 -21.65487
-0.7009043 0.1041733 1.248163 7.081496 15.28382 -21.65487
-0.7016367 0.1007554 1.232294 7.218901 14.45939 -21.72357
-0.7094492 0.09904638 1.214716 6.60058 13.61206 -21.27319
-0.7238535 0.0919663 1.210321 5.035695 12.38305 -20.548
-0.7382578 0.09440771 1.194696 3.028061 10.85634 -19.11289
-0.7394785 0.08708349 1.181269 0.2265344 8.665496 -17.29609
-0.7365489 0.08928076 1.18664 -1.941404 6.680763 -15.75411
-0.7331309 0.09147802 1.188349 -4.414687 4.871603 -14.07472
-0.7106699 0.09123388 1.20495 -6.20858 2.741832 -13.11289
-0.7048106 0.1046616 1.223505 -7.498656 1.390687 -12.34953
