1.043766 -1.198547 0.7987471 43.08597 -204.7133 251.8109
1.112126 -0.6792597 0.8258467 38.9333 -205.0568 251.8109
1.033268 -0.8782343 0.8932295 59.81116 -197.7972 251.8109
1.059635 -0.6765741 0.9686689 68.75009 -194.9728 251.8109
0.977604 -0.5320429 1.150065 72.41422 -194.3621 251.8109
1.136295 -0.4707636 1.156657 83.68903 -185.3087 251.8109
1.009098 -0.36383 1.210856 92.62032 -175.156 251.8109
1.025944 -0.3179315 1.297771 101.0631 -164.4156 251.8109
1.021305 -0.2507929 1.333415 112.1623 -158.1789 251.8109
1.05109 -0.1953729 1.321696 123.3531 -149.6446 251.8109
0.9986001 -0.1340936 1.349772 132.8799 -140.1866 251.8109
0.9986001 -0.1748651 1.335612 153.4447 -139.2095 251.8109
1.022038 -0.05621277 1.351726 156.4982 -127.4919 251.8109
1.006168 0.009949342 1.390544 169.4447 -122.469 251.8109
1.010075 0.02117981 1.340739 174.6356 -114.4461 251.8109
1.037174 0.04827942 1.277019 186.0707 -108.4537 251.8109
1.069889 0.07415833 1.210856 184.773 -101.9041 251.8109
0.9854165 -0.4509882 1.170573 223.0096 -92.45374 251.8109
1.130192 -0.09600769 0.9686689 238.689 -95.01099 251.8109
1.084049 -0.07476746 0.7740889 229.918 -90.60641 251.8109
1.046696 -0.05987488 0.8778486 236.8417 -91.75908 251.8109
1.081364 -0.04424988 0.7159834 241.4371 -87.82779 251.8109
1.159977 0.1229864 0.53654 243.544 -93.65222 251.8109
1.218083 0.1647345 0.4720869 237.6661 -100.4461 251.8109
1.422917 0.07074036 0.4261885 259.0173 -101.1866 251.8109
1.23859 0.5780645 0.4100752 269.6508 -94.60641 251.8109
1.038883 1.853455 0.1981611 269.6508 -129.2858 251.8109
1.247135 1.919373 0.1830244 269.6508 -123.7209 251.8109
1.279118 0.9845587 0.01969433 269.6508 -124.6522 251.8109
1.346501 1.053895 -0.1763506 256.399 -131.3469 251.8109
1.421452 1.137635 -0.2207842 269.6508 -145.6599 251.8109
1.428776 1.270692 -0.1363115 259.7959 -159.7667 251.8109
1.537907 1.274354 -0.1126299 269.6508 -167.927 251.8109
1.614567 1.364197 -0.08919239 257.7425 -179.1255 251.8109
1.710514 1.43451 -0.07674122 269.6508 -187.6293 251.8109
1.804752 1.340516 -0.03426075 269.6508 -194.0568 251.8109
1.778141 1.52826 -0.005940437 269.6508 -211.4079 251.8109
1.982243 1.525086 -0.007893562 269.6508 -205.8812 251.8109
2.289799 1.777527 -0.1346025 269.6508 -208.2934 251.8109
2.289799 1.804627 -0.09114552 269.6508 -207.095 251.8109
2.289799 2.224976 -0.2605791 269.6508 -206.4156 251.8109
2.289799 2.224976 -0.07014942 269.6508 -180.7667 251.8109
2.289799 2.224976 -0.2605791 269.6508 -165.8354 251.8109
2.289799 2.224976 -0.2605791 269.6508 -158.2858 251.8109
2.289799 2.224976 -0.2605791 269.6508 -154.2705 251.8109
2.289799 2.224976 -0.2605791 269.6508 -145.8965 251.8109
2.289799 2.224976 -0.2605791 269.6508 -158.3927 251.8109
2.289799 2.224976 -0.08430958 269.6508 -211.5835 251.8109
2.289799 2.224976 0.7545576 146.9333 -182.3621 251.8109
2.216862 2.224976 0.977458 51.55925 -124.7514 251.8109
2.150455 2.224976 1.433757 15.28444 -76.65221 216.8262
2.02692 2.224976 1.459392 19.49055 -78.88123 143.101
2.04401 2.224976 1.497233 83.45238 -55.59114 62.55136
1.816471 2.224976 1.631755 145.0707 -38.45374 -30.0746
0.6756021 -1.774963 0.6095381 163.0173 -237.2629 226.3758
1.149723 -0.2100214 1.181804 182.8417 -75.49954 251.8109
0.9607583 -0.07037292 1.260905 181.628 -59.75145 251.8109
1.008122 -0.05596863 1.209636 183.0249 -55.2629 251.8109
1.03986 -0.04522644 1.053142 189.5516 -46.3545 251.8109
0.9304849 0.1471564 0.9852705 193.147 -41.54534 251.8109
0.9111978 0.2448126 0.8475752 199.0249 -45.65985 251.8109
0.920231 0.3605353 0.7838545 198.9104 -41.65221 251.8109
0.9646646 0.4386602 0.7164717 189.4066 -39.85069 251.8109
0.8567544 0.4137579 0.6569014 185.002 -39.42321 251.8109
0.9451333 0.4440313 0.5023603 172.6967 -44.89649 251.8109
0.8689614 0.5888067 0.5487471 171.8341 -46.91176 251.8109
0.9287759 0.7440802 0.4440107 171.3531 -55.45374 251.8109
0.9075356 0.9340216 0.4051924 165.1241 -61.05679 251.8109
0.9256021 0.873963 0.3094893 166.9104 -70.76672 251.8109
0.9839517 0.9376837 0.3761396 154.857 -75.14076 251.8109
0.9866372 0.9127813 0.4242353 166.7119 -81.59878 251.8109
1.057438 1.00409 0.43571 165.6356 -85.08733 251.8109
1.039616 1.073182 0.4173994 161.9867 -88.3316 251.8109
0.9856606 1.161805 0.4056807 153.9715 -95.77435 251.8109
0.9819985 1.294373 0.3580732 145.5363 -103.1102 251.8109
0.9644204 1.321229 0.4369307 141.5822 -111.6675 251.8109
1.00861 1.354432 0.3846846 145.7806 -117.1484 251.8109
0.9839517 1.33075 0.4278975 140.4829 -124.5301 251.8109
1.031071 1.419617 0.4203291 131.6661 -133.2705 251.8109
0.982731 1.341248 0.4803877 127.4447 -148.4766 251.8109
1.334538 1.305848 0.4923506 116.0936 -153.0263 251.8109
1.310124 0.9540411 0.6969404 166.5364 -169.614 251.8109
1.38776 1.37909 0.8849287 188.147 -175.0186 251.8109
1.490055 1.574647 1.047282 195.2463 -161.4232 251.8109
1.566471 1.458191 1.068278 220.315 -156.782 251.8109
1.666081 1.391297 1.18156 242.7119 -150.1331 251.8109
1.752506 1.377625 1.131755 259.1547 -144.2705 251.8109
1.869694 1.474061 1.181071 269.6508 -143.8965 251.8109
2.016422 1.506287 1.260661 269.6508 -128.3316 251.8109
1.982975 1.431092 1.253581 269.6508 -114.6522 251.8109
2.044743 1.448914 1.186442 269.6508 -105.1408 251.8109
1.923161 2.040223 1.297526 269.6508 -109.24 251.8109
1.878971 2.224976 1.464763 269.6508 -135.1789 251.8109
2.284489 2.224976 1.573894 264.0173 -86.70564 251.8109
2.221012 2.224976 1.405192 258.1776 -40.29343 251.8109
2.089909 2.224976 1.262126 260.2921 -39.85069 251.8109
2.007145 2.224976 1.141276 208.231 -16.93466 251.8109
1.942692 2.224976 1.020671 166.7806 -13.76672 251.8109
1.83112 2.224976 0.8834639 123.1776 -19.87359 251.0323
1.919987 2.224976 0.9247236 77.26918 -15.62931 201.5743
1.858952 2.224976 1.131511 59.07833 0.5157242 156.9025
1.967838 2.224976 1.076823 52.50582 10.37069 101.5514
1.871403 2.224976 1.10905 41.33788 24.72947 49.53609
1.77985 2.224976 1.069255 26.31498 27.91267 -3.059328
1.601139 2.224976 1.075603 23.85696 30.88977 -58.74635
1.528141 2.224976 1.064372 18.40658 38.59206 -110.525
1.44611 2.224976 1.107585 14.29208 43.83633 -166.2425
1.403385 2.224976 1.042155 -0.6086864 47.45465 -213.4792
1.403385 2.224976 1.019694 2.154671 48.13404 -248.4563
1.483708 2.224976 0.9330244 -26.81479 48.98137 -248.4563
1.764713 2.224976 0.918376 -55.58579 53.18748 -248.4563
1.980778 2.224976 0.8282881 -78.1125 55.56153 -248.4563
2.199528 2.224976 0.7606611 -86.0209 57.07298 -248.4563
2.289799 2.224976 0.7828779 -103.6774 58.46229 -248.4563
2.289799 2.224976 0.9352217 -112.4102 65.17221 -248.4563
2.245182 2.224976 0.8365889 -109.2194 68.06534 -248.4563
2.289799 2.224976 0.6791182 -107.3033 73.98901 -248.4563
2.289799 2.072449 0.7941084 -115.1507 80.85924 -248.4563
2.289799 1.80951 0.72404 -119.0896 87.83633 -248.4563
2.289799 1.678162 0.6935225 -124.3644 92.5768 -248.4563
2.289799 1.497986 0.6407881 -132.4026 98.83633 -248.4563
2.289799 1.303162 0.5944014 -136.2881 105.76 -248.4563
2.289799 1.144471 0.510417 -141.2041 113.8516 -248.4563
2.289799 1.017029 0.4017744 -147.4026 123.1951 -248.4563
2.289799 0.8876348 0.303874 -156.4789 133.8058 -248.4563
2.289799 0.7926641 0.1730146 -166.2346 145.3554 -248.4563
2.289799 0.6268927 0.03507519 -182.4255 158.6989 -248.4563
2.289799 0.5971075 -0.1250811 -202.685 170.1111 -248.4563
2.289799 0.4396368 -0.2605791 -223.5094 192.8287 -248.4563
2.289799 0.2780157 -0.2605791 -230.6163 213.1722 -248.4563
2.289799 -0.5039667 -0.2605791 -230.6163 229.2562 -248.4563
2.289799 -1.134582 -0.2605791 -230.6163 227.0882 -248.4563
2.289799 -1.273742 -0.2605791 -230.6163 210.676 -248.4563
2.289799 -1.774963 -0.2605791 -230.6163 227.1799 -248.4563
2.289799 -1.774963 -0.2605791 -230.6163 231.0959 -248.4563
2.289799 -1.774963 -0.2605791 -230.6163 231.0959 -248.4563
1.947575 -1.774963 -0.2605791 -230.6163 189.2486 -248.4563
1.310856 -1.774963 -0.2605791 -230.6163 173.5081 -248.4563
1.007633 -1.774963 -0.2605791 -230.6163 167.0119 -248.4563
0.715397 -1.774963 -0.2605791 -230.6163 124.1493 -248.4563
-0.5284995 -1.774963 -0.2605791 -230.6163 52.8974 -248.4563
-0.5551108 -1.774963 -0.2605791 -230.6163 -1.270535 -248.4563
-0.1815757 -1.774963 -0.2605791 -230.6163 -27.2171 -248.4563
-0.5712241 -1.774963 -0.2605791 -230.6163 -86.32397 -235.7082
-0.4801597 -1.774963 -0.2605791 -230.6163 -109.3927 -186.0364
-0.6071128 -1.774963 -0.2605791 -203.1659 -148.5911 -136.6013
1.944401 1.419617 0.8295088 269.6508 -160.4003 251.8109
2.289799 2.224976 0.8539228 113.315 -3.911757 251.8109
2.289799 2.224976 0.9335127 51.42184 13.83633 217.7346
2.289799 2.224976 1.054606 24.0707 29.17221 161.3758
