0.6020049 -0.4992339 0.2518632 -76.05 7.306077 -8.80423
0.6205596 -0.4963042 0.2501543 -79.75229 5.214473 -7.384382
0.6259307 -0.4987456 0.2384355 -85.50801 2.382412 -5.010336
0.6466826 -0.4948394 0.2482011 -89.95076 -0.02980161 -3.239344
0.6610869 -0.5143706 0.30533 -96.46221 -5.900031 1.913328
0.6601104 -0.5041167 0.3326738 -96.24084 -7.609954 3.485847
0.657669 -0.4679839 0.3526933 -95.72939 -8.747358 4.546917
0.6557158 -0.440396 0.3846757 -94.62252 -9.037436 4.836992
0.6325225 -0.4201324 0.3993242 -93.44695 -8.754992 4.546917
0.6315459 -0.3984038 0.4015214 -92.0729 -8.006901 3.676687
0.5919951 -0.4252593 0.388582 -88.16451 -7.770259 3.157602
0.5817412 -0.4399077 0.3529375 -87.0271 -7.732091 3.516382
0.565628 -0.4308745 0.3241289 -85.1416 -8.319878 3.585085
0.480667 0.07742627 -0.4143965 25.54542 32.29844 -147.56
0.581253 -1.060025 0.3136308 60.27824 -49.99927 -141.8653
0.5629424 -1.088345 0.2818925 60.84313 -50.72446 -135.1019
0.5514678 -1.102994 0.2621171 62.41565 -52.01453 -128.7661
0.5399932 -1.110562 0.228914 63.25534 -53.79316 -121.8271
0.5321807 -1.133023 0.2135332 65.17138 -56.1443 -115.2928
0.5167998 -1.134732 0.2018144 66.83549 -58.984 -108.6974
0.5001983 -1.127408 0.1935136 68.21718 -61.50308 -101.4607
0.4897002 -1.105191 0.1815507 68.8126 -64.71683 -94.63629
0.4994658 -1.071744 0.1712968 69.11031 -67.60233 -88.25462
0.4398955 -1.073208 0.1791093 71.36221 -70.80843 -81.41492
0.478958 -1.049771 0.1583574 76.14848 -73.65576 -76.13248
0.5109405 -0.9816558 0.1940019 77.05687 -77.47255 -70.03324
0.5038604 -0.9069488 0.2032793 76.07214 -78.59469 -65.59812
0.4901885 -0.8476226 0.1954668 76.72863 -81.15194 -61.47599
0.4982451 -0.799771 0.2042558 75.40038 -83.64812 -57.73553
0.501419 -0.758023 0.2245195 75.24008 -86.22064 -54.91873
0.4982451 -0.7475249 0.2308671 75.24008 -88.24355 -52.20118
0.5050811 -0.7309234 0.2430742 76.69046 -90.38858 -50.55996
0.5114287 -0.7218902 0.2313554 79.21718 -93.12904 -49.14774
0.5143584 -0.7113921 0.2452714 82.02634 -95.8237 -48.04087
0.5229033 -0.7204253 0.2547929 85.53015 -98.31988 -47.21645
0.53096 -0.7487456 0.2596757 89.72863 -100.526 -46.32332
0.5207061 -0.7616851 0.267 92.46146 -102.5947 -44.88057
0.4826201 -0.7738921 0.27408 92.87366 -104.0756 -43.0714
0.5019073 -0.846646 0.2682207 95.40038 -109.1367 -41.78133
0.4914092 -0.8842437 0.2706621 95.27824 -108.8237 -38.27751
0.4879912 -0.9184234 0.2772539 98.0416 -112.4573 -35.55232
0.4438018 -0.9196441 0.2801836 97.15611 -112.8771 -30.79659
0.480667 -0.9638335 0.2940996 94.01871 -114.5947 -27.68209
0.4894561 -1.005581 0.2848222 99.62939 -117.6863 -25.34621
0.4882354 -1.051724 0.2723711 101.3699 -116.526 -21.10957
0.4916533 -1.071744 0.2418535 102.1179 -119.4115 -15.83476
0.478958 -1.071255 0.2042558 100.1485 -123.2893 -10.59049
0.5126494 -1.16232 0.2108476 103.2935 -125.1443 -7.453083
0.482376 -1.144009 0.1561601 107.6065 -128.0603 -3.079039
0.4897002 -1.161831 0.1278398 105.1866 -132.7932 4.340809
0.4784698 -1.223843 0.1210039 116.1866 -135.7092 6.417145
0.5419463 -1.228726 0.07119918 124.179 -136.2664 8.936229
0.5104522 -1.28854 -0.01913285 121.5607 -145.9535 18.10417
0.5202178 -1.288785 -0.03231645 131.1256 -153.5794 22.73775
0.5673369 -1.284634 -0.03158402 135.7897 -157.5947 26.9744
0.5441436 -1.229458 -0.04427934 132.5988 -166.1748 35.93623
0.5617217 -1.187222 -0.01302934 127.8202 -173.129 42.05074
0.5978545 -1.202603 0.02823043 130.1103 -178.9382 46.30264
0.6144561 -1.182339 0.05972457 129.9118 -182.755 50.73775
0.6085967 -1.184292 0.09878707 132.4538 -188.1977 55.19577
0.6479033 -1.157437 0.1317461 134.9271 -193.7016 58.71485
0.6754912 -1.132779 0.2098711 134.6676 -196.6481 62.85989
0.6798858 -1.136685 0.2613847 133.7821 -196.6863 67.55455
0.6964873 -1.116421 0.2865312 133.6752 -199.0145 71.77592
0.8036651 -1.092496 0.3170488 128.8355 -199.8619 76.64616
0.716751 -1.082974 0.4190996 117.4156 -199.3657 81.91333
0.6974639 -1.135464 0.4542558 127.095 -197.8619 83.91333
0.6776885 -1.147671 0.4344804 129.3393 -195.9306 87.2263
0.6869658 -1.158169 0.4295976 130.3164 -196.5413 91.2263
0.7001494 -1.170132 0.4408281 129.9805 -196.8771 94.59271
0.6955108 -1.200162 0.4330156 128.9118 -195.8313 99.38661
0.702835 -1.236539 0.4461992 127.6294 -195.5565 104.5164
0.6942901 -1.26608 0.4537675 129.2019 -195.3886 109.0584
0.6999053 -1.278775 0.4488847 129.1485 -195.1061 115.0507
0.7179717 -1.290982 0.4427812 129.2782 -195.4573 120.1118
0.6859893 -1.280728 0.4569414 125.3317 -195.6863 126.5622
0.6898955 -1.328824 0.4786699 133.9729 -195.8695 129.8981
0.6964873 -1.328824 0.4916093 142.5072 -196.4344 134.1194
0.7189483 -1.304898 0.4830644 146.0798 -196.8771 138.982
0.7162627 -1.2944 0.5148027 148.866 -196.7245 143.5927
0.7426299 -1.281216 0.5177324 152.1103 -195.8466 148.3637
0.7401885 -1.248013 0.5670488 151.1485 -194.8924 153.5927
0.7294463 -1.230191 0.5904863 154.6752 -194.4115 158.0813
0.7335967 -1.194302 0.5953691 157.721 -193.0298 161.7683
0.7001494 -1.131802 0.624666 160.095 -193.6863 164.8446
0.7577666 -1.062955 0.6600664 157.4614 -190.1138 166.9897
0.7460479 -1.065152 0.6683671 157.0721 -190.2664 170.6843
0.7379912 -1.03024 0.7042558 153.6447 -188.3886 174.0965
0.7326201 -0.9797027 0.7457597 151.0645 -186.7016 176.3866
0.744583 -0.9860503 0.7894609 150.6217 -183.8619 178.066
0.7575225 -0.9233062 0.8358477 150.2477 -181.755 179.7377
0.7475127 -0.8927886 0.8793047 145.6752 -178.1367 181.6767
0.732376 -0.8412749 0.9435137 142.9424 -174.8161 183.2034
0.6967315 -0.8505523 0.9920977 143.4156 -171.7092 184.5087
0.6972198 -0.7751128 1.014314 141.5988 -164.2588 184.1423
0.6918487 -0.7951324 1.077547 142.6828 -162.1596 183.9057
0.6684112 -0.752896 1.110994 144.9729 -157.9382 183.8675
0.6481475 -0.6960113 1.124422 143.6905 -149.4878 182.982
0.3861846 -0.4181792 0.1031816 -14.72176 -13.14431 6.791191
0.4652862 -0.3749663 0.3773515 -17.1416 -26.57942 25.12707
0.470169 -0.3654449 0.3951738 -17.44695 -26.94583 26.60035
0.4679717 -0.3664214 0.4178789 -17.13397 -27.08324 27.82936
0.465042 -0.3473784 0.4225175 -16.30191 -26.64049 28.51638
0.4550323 -0.3376128 0.4391191 -15.0042 -26.51072 29.08127
0.4328155 -0.320523 0.4305742 -13.75992 -24.41912 29.11943
0.4709014 -0.33273 0.39908 -12.43168 -27.22828 29.75302
0.5055694 -0.3256499 0.3983476 -14.32481 -26.9153 30.58508
0.5124053 -0.3424956 0.4142168 -13.21794 -28.23591 31.57745
0.5001983 -0.3420074 0.4247148 -11.1874 -29.0527 32.34081
0.4914092 -0.3290679 0.4537675 -9.133969 -29.15957 32.92096
0.4750518 -0.3149077 0.4618242 -7.622519 -29.87713 33.28738
0.4818877 -0.2978179 0.4894121 -6.973664 -29.70919 34.08127
0.4879912 -0.2795074 0.5079668 -6.133969 -29.83896 34.59272
0.4955596 -0.2575347 0.5267656 -6.248473 -29.74736 34.85989
0.4948272 -0.2467925 0.5409257 -5.256107 -29.59469 35.12707
0.4965362 -0.2340972 0.5792558 -3.279008 -28.67866 34.62325
0.4926299 -0.2138335 0.5826738 -0.9583969 -27.83133 34.05836
0.4853057 -0.193814 0.6151445 0.5606871 -26.8466 33.79119
0.4853057 -0.1755034 0.6200273 2.43855 -25.45728 32.90569
0.4765166 -0.1737944 0.6407793 3.659923 -23.57179 32.48585
0.4523467 -0.1620757 0.6554277 5.43855 -22.31988 31.9286
0.4638213 -0.1559722 0.6483476 5.995801 -21.22828 31.49348
0.4748076 -0.1405913 0.6581132 5.522519 -19.25881 30.59272
0.4665069 -0.1481597 0.6581132 6.446183 -17.34278 30.05073
0.466751 -0.1620757 0.6395586 8.255342 -16.02217 29.52402
0.4652862 -0.1652495 0.6527421 10.25534 -14.79316 29.11943
0.4535674 -0.1706206 0.6481035 16.04924 -11.64812 28.32554
0.404251 -0.1715972 0.6261308 17.7897 -9.121405 27.87516
0.3981475 -0.1947905 0.5909746 17.79733 -10.88476 29.0889
0.4430694 -0.1742827 0.5773027 17.16374 -9.571787 28.44768
0.4936065 -0.1242339 0.5733964 32.55305 -1.900031 26.62325
0.4709014 -0.154019 0.4967363 18.56069 -9.403847 31.42478
0.4362334 -0.1230132 0.5233476 -0.01946592 -12.34278 34.1118
0.4115752 -0.2030913 0.61075 1.491985 -5.945832 34.14997
0.2733916 -0.2550933 0.6473711 -1.088168 -8.258809 36.0202
0.4467315 -0.14523 0.7057207 -22.86679 5.351878 39.94386
0.392044 -0.1733062 0.6200273 -31.68359 5.825161 42.02783
0.3603057 -0.1637847 0.5616777 -45.61489 5.321343 45.87516
0.3668975 -0.1964995 0.5802324 -47.74466 7.664855 46.38661
0.3847197 -0.2257964 0.5284746 -52.67596 9.962564 47.58508
0.3671416 -0.2214019 0.4903886 -46.14161 7.099969 46.56982
0.3346709 -0.2050444 0.4745195 -40.9584 7.099969 45.68432
0.3263701 -0.1706206 0.4225175 -36.82862 6.764092 43.94386
0.3048857 -0.1532866 0.3917558 -36.70649 4.397679 43.23394
0.3017119 -0.1571929 0.3741777 -38.13397 2.672489 42.80646
0.2921904 -0.1635405 0.3502519 -36.63779 1.214473 41.65379
0.2484893 -0.1498687 0.3182695 -37.63779 -1.617588 41.47058
0.2648467 -0.1735503 0.3063066 -39.83626 -5.304611 41.63852
0.2797393 -0.1737944 0.3077714 -42.27137 -7.739725 42.17287
0.2973174 -0.1820952 0.3082597 -44.21794 -10.39621 42.44768
