-0.5942149 -0.1702407 1.583856 3.699817 0.3983202 -1.028916
-0.5781016 -0.1902603 1.596796 2.547145 0.8563356 -0.4258626
-0.5690684 -0.1956314 1.60705 1.188366 1.978473 -0.6090688
-0.5602793 -0.20027 1.636591 0.02042747 3.543358 0.2993283
-0.5478281 -0.2102798 1.646845 -0.6589619 4.39832 0.5359695
-0.5263438 -0.2290786 1.64953 -1.239114 4.337252 1.894748
-0.5085215 -0.2373794 1.660273 -1.536824 4.619695 1.864214
-0.4701914 -0.2359146 1.661981 -1.338351 6.18458 1.581771
-0.4560313 -0.2117446 1.69787 -2.284916 8.154045 0.8718473
-0.4460215 -0.2134536 1.747675 -3.017741 7.467023 0.6352062
-0.4115977 -0.2190689 1.775019 -3.704763 5.634962 1.04742
-0.3698496 -0.2200454 1.781122 -3.284916 7.146412 1.726809
-0.3432383 -0.2595962 1.815546 -1.689496 8.383053 -5.548
-0.3346934 -0.1988052 1.88122 -3.116977 11.36779 -4.227389
-0.3239512 -0.2935318 1.968866 -3.315451 13.13878 -7.372427
-0.3522715 -0.3325943 2.013788 0.5395114 10.70366 -3.296092
-0.3351817 -0.2854751 1.988886 7.325771 3.497557 30.04742
-0.2797617 -0.495436 2.213984 19.85249 -8.792519 30.4978
-0.006080076 -0.2432388 2.205439 9.402107 54.74947 -1.051817
-0.1305918 -0.3584732 2.257929 4.676916 42.81054 -1.990748
0.01638086 -0.31819 2.159784 13.00516 48.8029 4.062687
-0.0004648417 -0.2647232 2.187128 9.142565 55.33725 -1.525099
0.07521875 -0.3194107 2.230829 10.84486 60.8716 8.551236
0.07399805 -0.3277114 2.270868 16.75325 65.61969 8.53597
0.115502 -0.2989028 2.262568 20.79142 76.36015 6.192458
0.1372305 -0.233229 2.296015 24.52424 82.42122 7.383298
0.115502 -0.156813 2.37536 28.66928 89.53572 6.94055
0.2102285 -0.1292251 2.383417 35.0586 96.83344 11.59704
0.2678457 0.004563957 2.401972 24.43264 104.6121 14.36803
0.3374258 0.05705419 2.391718 20.88302 112.1464 13.55887
0.4355703 0.09221045 2.373407 22.78379 124.1464 17.69627
0.4565664 0.2740952 2.533808 20.59295 145.5205 2.299328
0.5732656 0.2267319 2.449091 15.42501 159.6808 3.116122
0.4475332 0.2152573 2.554316 15.95936 173.3831 -15.15869
0.6015859 0.3617417 2.750849 15.98989 191.3296 -22.36479
0.7226797 0.3558823 2.90246 -20.27728 227.9632 -27.07472
0.7920156 0.2413804 2.956171 -23.28492 239.9632 -22.65487
0.8493887 0.1415268 2.93371 -25.54446 246.0243 -23.07472
0.910668 0.1420151 2.879999 -22.28492 246.0243 -19.84571
0.973168 0.2894761 2.671259 -28.42232 246.0243 -16.89151
1.068871 0.3441636 2.558222 -36.72003 246.0243 -15.86098
1.108422 0.3898179 2.414667 -44.09407 246.0243 -15.15105
1.130883 0.438646 2.305292 -50.98721 246.0243 -15.73884
1.119652 0.4962632 2.151972 -50.43759 246.0243 -18.62434
1.158959 0.5631577 1.989618 -52.46812 246.0243 -26.76174
1.195092 0.5487534 1.839472 -55.20858 246.0243 -35.89914
1.218773 0.7111069 1.688837 -55.11698 246.0243 -21.4793
1.296898 0.666185 1.432733 -57.72766 246.0243 -35.92204
1.176537 0.7489487 1.41662 -55.90324 246.0243 -46.65487
1.121117 0.7758041 1.273798 -49.86507 246.0243 -58.86861
1.065453 0.7482162 1.141474 -52.37652 246.0243 -70.67777
1.194604 0.6515366 0.9905948 -46.13988 246.0243 -80.77701
1.144799 0.5697495 0.8926944 -35.55972 246.0243 -92.05182
1.043236 0.4926011 0.7049502 -23.17041 246.0243 -106.3572
0.929711 0.4467026 0.3770694 -0.323084 246.0243 -115.8152
0.8501211 0.4967515 0.1060733 1.333405 246.0243 -115.861
0.9839102 0.5433823 -0.06165135 -22.33835 246.0243 -121.3419
0.8703848 0.3507554 -0.06165135 -43.8956 246.0243 -114.9449
0.835961 0.02848974 -0.05750096 -44.33072 246.0243 -137.0366
0.7644277 0.0516831 -0.06165135 -46.34599 246.0243 -135.8228
0.7668691 -0.09651026 -0.06165135 -63.34599 246.0243 -132.2121
0.8257071 -0.2161392 -0.06165135 -72.64369 246.0243 -132.9449
0.8310781 -0.2078384 0.03405178 -74.94904 246.0243 -133.8304
0.8977285 -0.2776626 0.2037295 -82.65133 246.0243 -128.3953
0.9673086 -0.3484634 0.2767276 -88.63606 246.0243 -122.9678
1.006859 -0.3843521 0.37121 -96.55972 246.0243 -114.693
1.063256 -0.403395 0.4268741 -99.9643 246.0243 -107.9907
1.112084 -0.3826431 0.4727725 -101.0559 246.0243 -102.464
1.172143 -0.363356 0.4820498 -102.659 246.0243 -97.33426
1.174828 -0.3560318 0.4620303 -101.2391 246.0243 -94.31136
1.118676 -0.3762954 0.3626651 -95.97194 246.0243 -93.60143
1.010277 -0.3950943 0.1693057 -88.90324 246.0243 -94.05945
0.8379141 -0.3826431 -0.06165135 -79.804 246.0243 -95.87624
0.7300039 -0.4055923 -0.06165135 -70.62843 246.0243 -97.4564
0.4956289 -0.3706802 -0.06165135 -64.17805 246.0243 -84.05182
0.4638906 -0.6529068 -0.06165135 -68.20858 246.0243 -87.48693
0.3713613 -0.7310318 -0.06165135 -33.74293 246.0243 -109.6014
0.2768789 -0.3623794 -0.06165135 -82.52155 246.0243 -102.8152
-0.03562109 -0.3701919 -0.06165135 -112.491 246.0243 -98.02128
-0.1156992 -0.5210709 -0.06165135 -120.7658 246.0243 -76.36479
-0.04148046 -0.5984634 -0.06165135 -97.43758 246.0243 -80.25029
-0.3542246 -0.7320084 -0.06165135 -104.5826 210.2533 -47.67014
-0.2829356 -0.9837173 -0.06165135 -71.14751 210.3678 -46.83044
-0.4262461 -1.202711 -0.06165135 -33.85743 171.1235 -53.36479
-0.3857188 -0.8145279 -0.06165135 -32.31545 148.8792 -51.34953
-0.3622813 -0.8399185 -0.06165135 -32.7353 131.6731 -41.70831
1.41018 0.3021714 -0.06165135 -4.704763 -254.2429 251.6963
1.451439 0.2418686 -0.06165135 -22.78873 -254.2429 251.6963
1.467309 0.1752182 -0.06165135 -32.42232 -254.2429 251.6963
1.488061 0.1595932 -0.06165135 -42.37652 -254.2429 251.6963
1.541039 0.1471421 -0.06165135 -49.33072 -254.2429 251.6963
1.629418 0.1415268 0.03356349 -56.50629 -254.2429 251.6963
1.550072 0.1503159 0.1973819 -64.42995 -254.2429 251.6963
1.607689 0.1415268 0.4222354 -70.9185 -254.2429 251.6963
1.73391 0.1627671 0.5985049 -76.18568 -254.2429 251.6963
1.827904 0.3444077 0.6973819 -76.07881 -254.2429 250.8184
1.613061 0.2374741 0.8533877 -78.78873 -254.2429 237.0245
1.687523 0.1940171 1.043573 -57.59026 -254.2429 223.3528
1.866723 0.3978745 1.046015 -51.98721 -254.2429 214.2688
1.924584 0.4154526 1.293573 -49.97194 -254.2429 205.6505
1.88308 0.4296128 1.575556 -45.01011 -254.2429 197.8108
1.967064 0.4952866 1.841913 -46.52156 -254.2429 195.6734
2.058129 0.7364975 2.278681 -47.36125 -254.2429 165.9558
1.896752 0.2225815 1.957636 -9.384152 -254.2429 166.6657
1.78225 0.2518784 2.027948 22.73035 -254.2429 141.0703
1.767846 0.301439 2.503534 74.88303 -254.2429 95.58941
1.613549 0.8026596 2.720575 16.69982 -254.2429 185.0245
1.193139 0.9479233 2.881708 -14.46812 -254.2429 98.81078
1.453393 0.695726 2.56164 -31.78873 -254.2429 107.1085
1.289574 0.9686752 2.873896 -64.90324 -254.2429 118.3222
1.164818 0.6761948 2.822382 -44.15514 -254.2429 107.7573
0.9868399 0.7306381 2.975214 -61.72003 -254.2429 107.2154
0.9707266 0.6788803 2.804071 -53.51392 -254.2429 97.90238
0.9206778 0.6674057 2.889277 -46.78873 -254.2429 94.25352
0.7973867 0.6979233 2.922235 -39.83453 -243.7849 88.15429
0.7097402 0.6967026 2.97204 -48.12461 -219.907 82.94818
0.5881582 0.6512924 2.935419 -51.96431 -204.0368 75.84132
0.5381094 0.6820541 2.94079 -71.31545 -184.8765 69.01688
0.4878164 0.6346909 3.128778 -88.36888 -161.9223 69.74971
0.3989492 0.5851303 3.176142 -104.3765 -141.1589 62.08559
0.308373 0.5387436 3.178339 -84.30782 -109.4414 52.55887
0.2895742 0.4662339 3.178095 -50.59789 -93.58642 56.21536
0.2373281 0.4464585 3.117548 -40.96431 -88.97573 49.2688
0.02468164 0.6525131 3.209101 -59.88797 -92.01389 48.63521
0.1645742 0.4794175 3.220087 -60.52919 -96.85359 47.58177
0.1377187 0.5226303 3.205194 -40.13224 -92.80016 50.12376
0.08010157 0.5460678 3.0758 -17.79637 -81.23527 47.04742
0.003685549 0.5277573 2.981318 1.585313 -60.03679 43.20773
-0.01657812 0.6832748 2.910028 1.821954 -45.89939 42.65811
-0.04416601 0.6796127 2.860468 0.5013435 -30.45664 41.20009
-0.08200781 0.6920639 2.838251 -4.597893 -21.05206 37.42147
-0.1008066 0.6815659 2.772577 -10.04064 -11.47191 35.28406
-0.1076426 0.648851 2.690546 -10.76583 0.5357251 35.5207
-0.1618418 0.6241928 2.682489 -5.979573 11.06244 34.70391
-0.2179941 0.6046616 2.636103 0.9440916 17.43649 34.11612
-0.2331309 0.6102768 2.552607 0.8448549 24.84107 33.86422
-0.2797617 0.5839096 2.494013 2.745618 37.6884 34.75734
-0.3512949 0.7240463 2.249628 -24.72003 46.02428 33.85658
-0.3859629 0.6127182 2.314081 -42.37652 49.10061 33.43673
-0.4469981 0.5817123 2.257685 -53.53682 68.47466 31.19246
-0.5053477 0.513353 2.15954 -53.6666 65.25328 31.65047
-0.547584 0.5045639 2.137079 -50.07881 57.98611 32.69627
-0.5446543 0.4938218 2.04162 -44.52919 58.13115 31.97108
-0.5461192 0.4962632 1.99328 -40.95667 63.47466 30.26879
-0.6340098 0.3881089 2.243036 -46.16278 52.7113 28.31459
-0.6701426 0.5314194 2.162714 -19.99484 45.16168 46.92529
-0.4552989 0.5316635 1.776972 -9.246748 25.98611 70.69627
-0.549293 0.4186265 1.75744 -11.72003 76.25328 22.71154
-0.6325449 0.4611069 2.021601 7.570045 70.27618 3.520702
-0.5685801 0.7736069 1.889276 22.56241 65.72656 -0.2655572
