0.7475127 0.1264985 0.655916 15.14847 5.115237 64.9515
0.7440948 0.1379731 0.6568925 13.39275 5.61142 64.76066
0.7475127 0.1511567 0.6586015 11.91183 6.054168 64.18814
0.7394561 0.1601899 0.6669023 11.26298 5.93203 63.56218
0.7304229 0.1777681 0.657625 10.75916 6.657221 62.61562
0.7309112 0.1789888 0.6627519 10.61412 7.260274 61.28738
0.7243194 0.1887544 0.669832 11.17901 7.405313 59.77592
0.7194366 0.1924165 0.6669023 11.53779 7.840428 58.64616
0.7094268 0.1948579 0.67325 12.54542 7.93203 56.9744
0.704544 0.1941255 0.6686113 13.78206 7.954932 55.31027
0.7091826 0.2043794 0.6695879 14.36985 8.283176 54.11944
0.6959991 0.1994966 0.6761796 15.21718 8.351877 52.41714
0.6996612 0.1953462 0.6710527 16.47672 8.214474 50.74539
0.697708 0.196811 0.6671464 17.51488 7.924397 49.60035
0.6874541 0.1911958 0.6712968 17.74389 7.634321 48.11943
0.6879424 0.1833833 0.6503007 17.72863 7.412946 46.71486
0.6730498 0.1841157 0.6527421 17.17901 6.557985 46.05836
0.6725616 0.1802095 0.6476152 16.40038 6.12287 45.03547
0.6671905 0.1877778 0.6427324 15.29351 5.474015 44.09653
0.6598662 0.1733735 0.640291 14.75153 4.451115 42.84463
0.6674346 0.1816743 0.6376054 13.64466 3.619053 41.87516
0.6747588 0.1765474 0.6356523 12.32405 3.168672 40.98966
0.6703643 0.168979 0.6376054 12.17901 2.222107 39.91333
0.6713408 0.1806977 0.6332109 11.65992 1.603786 38.53165
0.6786651 0.1763032 0.6395586 10.91183 1.336611 37.77592
0.6803741 0.1809419 0.6232011 10.13321 0.6724885 36.79882
0.68721 0.1885102 0.6124589 9.240076 -0.7549924 35.71486
0.688919 0.1875337 0.6144121 8.03397 -1.006901 34.76066
0.6933135 0.2012056 0.6144121 7.423282 -1.319878 33.60035
0.6940459 0.1877778 0.6012285 6.240077 -3.594687 32.79119
0.6864776 0.1926606 0.6205156 7.469084 -3.747359 31.24157
0.6884307 0.2070649 0.6412675 6.560687 -4.136672 30.30264
0.6884307 0.1972993 0.6336992 7.804962 -4.411481 28.63089
0.682083 0.1919282 0.6344316 7.713358 -4.945832 27.66905
0.68721 0.1875337 0.6446855 7.881298 -5.831328 26.42478
0.6842803 0.1858247 0.6437089 6.957633 -6.342779 25.82936
0.6835479 0.1770356 0.6629961 6.850763 -6.541252 24.80646
0.6886748 0.1804536 0.6561601 6.904198 -7.342779 24.38661
0.6894073 0.1826509 0.6720293 7.110305 -7.625221 23.34081
0.6896514 0.1870454 0.6639726 7.224809 -8.037436 22.59272
0.6908721 0.1831392 0.6759355 7.35458 -8.319878 21.76066
0.6947783 0.1929048 0.6759355 7.423282 -8.693924 21.0431
0.6859893 0.2041353 0.6810625 6.957633 -9.258809 20.22631
0.6967315 0.214145 0.6910722 5.888931 -9.205374 19.0889
0.6938018 0.2236665 0.6866777 5.011069 -9.434381 18.12707
0.68721 0.241977 0.6979082 3.392748 -9.976366 17.32554
0.6703643 0.2446626 0.7062089 1.86603 -9.319878 15.9744
0.6608428 0.2510102 0.7025468 -0.4774809 -9.480183 14.76066
0.6574248 0.2583344 0.7059648 -1.393512 -9.915298 13.78356
0.6540069 0.2607759 0.7267168 -3.401145 -10.04507 12.92096
0.6647491 0.2690766 0.7298906 -4.569084 -9.800795 11.45531
0.6652373 0.2764009 0.7384355 -6.912596 -9.884764 11.05073
0.6730498 0.2695649 0.7482011 -7.691222 -9.739725 10.31791
0.6938018 0.2815278 0.73575 -8.94313 -9.739725 9.806458
0.7038116 0.2788423 0.7384355 -8.553817 -9.800795 8.966763
0.7274932 0.2822602 0.7411211 -7.668321 -9.335145 8.050733
0.8876494 -0.09054249 0.6139238 23.28588 25.90913 -7.949266
0.9567412 -0.1300933 0.633455 4.743893 21.44348 -15.36148
0.9496612 -0.1476714 0.6329668 3.995801 21.09997 -16.52942
0.9335479 -0.141812 0.6366289 4.102671 20.65722 -17.9111
0.9040069 -0.1542632 0.6376054 4.667557 20.29081 -19.19354
0.8813018 -0.1525542 0.6439531 4.888931 19.50455 -20.23171
0.8500518 -0.154019 0.6529863 3.820229 19.25264 -21.1172
0.8275908 -0.1542632 0.6539629 2.102671 19.34424 -22.20881
0.8068389 -0.1652495 0.6583574 1.530153 18.74882 -23.03324
0.7870635 -0.1598784 0.664705 1.011069 19.0389 -24.13247
0.7797393 -0.1654937 0.6722734 -0.2713742 18.73356 -25.14011
0.7755889 -0.1689116 0.6886308 -2.301908 18.71829 -25.80423
0.7731475 -0.1742827 0.6949785 -4.439313 19.16867 -26.32331
0.7589873 -0.1784331 0.701082 -8.332443 19.35188 -26.55995
0.7741241 -0.20773 0.7128007 -8.599619 20.68012 -27.39202
0.760208 -0.2069976 0.6940019 -11.50802 20.07707 -27.35385
0.7501983 -0.2021147 0.702791 -15.39351 19.1534 -26.55995
0.7650908 -0.2172515 0.7294023 -17.0958 20.58852 -27.66683
0.7628936 -0.2214019 0.7152421 -21.0271 20.83279 -25.78896
0.7545928 -0.2287261 0.7164629 -23.66069 20.36714 -24.59812
0.7455596 -0.2345855 0.7379472 -26.55382 20.41295 -23.39965
0.7528838 -0.2536284 0.7276933 -25.62252 21.00073 -22.58285
0.7467803 -0.2453276 0.7281816 -25.88969 20.74119 -21.8653
0.7458037 -0.259732 0.7372148 -24.80573 21.40531 -20.90347
0.7550811 -0.2714507 0.7311113 -22.69122 21.61905 -20.07904
0.7580108 -0.2682769 0.7269609 -19.39351 21.49692 -19.39965
0.7626494 -0.2760894 0.7240312 -15.97366 20.63432 -18.43018
0.7755889 -0.2880523 0.7147539 -12.58435 20.9244 -17.43782
0.7919463 -0.2860991 0.7093828 -9.179771 20.75646 -16.43018
0.7848662 -0.2880523 0.6922929 -6.790458 20.27554 -14.82713
0.794876 -0.2922027 0.7018144 -4.851527 19.75646 -13.24698
0.7865752 -0.2865874 0.7057207 -4.24084 19.48165 -11.80423
0.7799834 -0.2868316 0.6891191 -3.591985 18.39768 -10.12484
0.7858428 -0.3007476 0.6974199 -3.294275 18.1076 -8.384382
0.7887725 -0.3122222 0.6998613 -3.057634 17.33661 -6.178274
0.7890166 -0.3278472 0.6969316 -2.94313 16.59615 -3.300413
0.7934112 -0.3122222 0.7003496 -2.660687 16.0618 -1.582855
0.8043975 -0.3000152 0.6944902 -4.24084 15.95493 -0.01796913
0.8058623 -0.3024566 0.6835039 -6.950764 15.06944 2.340809
0.8117217 -0.3085601 0.6786211 -9.775191 14.28317 4.36371
0.8178252 -0.3061187 0.6957109 -13.20267 14.07707 6.211039
0.8205108 -0.3100249 0.6925371 -15.43168 13.41295 8.516381
0.8207549 -0.3078277 0.6925371 -18.21794 12.93203 10.34081
0.8192901 -0.3053863 0.7003496 -20.59199 11.77936 12.9286
0.8178252 -0.3027007 0.699373 -22.92786 11.33661 15.0431
0.8205108 -0.3034331 0.7064531 -24.23321 11.0618 17.16524
0.8324737 -0.2992827 0.6918046 -24.28664 10.42821 19.23394
0.8412627 -0.2970855 0.6913164 -23.77519 10.48928 21.20341
0.846878 -0.2902495 0.6835039 -22.46985 10.07707 22.63852
0.8510283 -0.2821929 0.6859453 -21.0729 9.138138 24.85226
0.859085 -0.2797515 0.6720293 -20.38588 8.794626 26.76829
0.8634795 -0.2614409 0.6737382 -19.87443 7.970198 29.19577
0.8693389 -0.2509429 0.6586015 -19.05763 7.466382 31.66905
0.8844756 -0.2480132 0.6590898 -17.53092 6.703022 33.76066
0.8871612 -0.2426421 0.6510332 -15.34008 6.038901 35.32554
0.8942412 -0.2358062 0.6459062 -12.9126 5.168672 36.79882
0.9032744 -0.2370269 0.6473711 -10.34008 4.580885 38.60799
0.9174346 -0.2282378 0.6410234 -7.820992 3.680122 39.93623
0.9149932 -0.2206694 0.633455 -5.546184 3.168672 41.37897
0.9066924 -0.2089507 0.6344316 -3.095802 2.535084 42.35608
0.9047393 -0.20773 0.6336992 -1.065267 1.725924 43.78356
0.8998565 -0.1947905 0.6312578 1.041603 1.199206 44.72249
0.8981475 -0.1930816 0.638582 3.064504 0.6190534 45.66142
0.8932647 -0.1830718 0.6417558 5.743893 0.4511144 46.17287
0.8878936 -0.1884429 0.64908 9.629389 -0.4954504 46.69196
0.885208 -0.178189 0.6422441 14.09504 -0.7702595 47.05836
0.8844756 -0.1867339 0.6495683 19.36985 -0.426748 46.49348
0.8788604 -0.1725737 0.6571367 25.0416 -0.9381985 46.40188
0.8922881 -0.1715972 0.6656816 29.8813 -1.144305 46.26447
0.8847198 -0.1645171 0.6722734 34.02633 -0.7702595 46.1576
0.886917 -0.162564 0.6730058 37.38511 -1.251176 46.10417
0.8913116 -0.160855 0.6817949 38.85839 -1.68629 46.76829
0.8898467 -0.1496245 0.6835039 38.53778 -2.144305 47.57745
0.8856963 -0.1339995 0.6988847 35.43092 -2.701557 48.62325
0.8834991 -0.1142241 0.7074296 30.78969 -2.838962 49.89806
0.8793487 -0.1127593 0.7247636 26.11794 -2.57942 50.72249
0.8773955 -0.09005421 0.7276933 22.42328 -2.396214 50.89806
0.8778838 -0.07735889 0.727205 18.19427 -2.380947 50.89043
0.8773955 -0.05440967 0.7125566 13.43855 -2.449649 50.63852
0.8815459 -0.05245655 0.7191484 8.079771 -2.625221 50.48585
0.8910674 -0.04903857 0.720125 2.46145 -2.861863 51.00493
0.9052276 -0.04684131 0.7347734 -1.599618 -3.296977 51.02783
0.9081573 0.0102876 0.6974199 -3.56145 -2.449649 49.72249
0.9245147 0.01639111 0.7145097 -1.195038 -5.79316 48.21867
0.9308623 0.02395947 0.7374589 -0.2942748 -5.617588 45.9515
0.9508819 0.0181001 0.7347734 3.140839 -4.716825 43.44005
0.9525908 0.003695801 0.7062089 5.774427 -5.533618 41.64615
0.9635772 0.02518018 0.7003496 7.522519 -6.487817 39.37897
0.9608916 0.01907666 0.6915605 7.86603 -6.808427 37.47058
0.8578643 -0.07516162 0.6737382 -7.744657 -1.190107 18.63089
0.8717803 -0.09737843 0.7245195 0.4996181 3.947298 15.56218
0.8683623 -0.09444874 0.7298906 0.4385495 4.649588 15.61562
0.8690948 -0.09957569 0.7235429 0.4232821 5.649588 15.24157
0.8629912 -0.09884327 0.7215898 0.4080153 6.458748 15.1576
