0.2895049 0.0481294 0.5524004 53.05687 32.11524 4.600351
0.2973174 0.06131299 0.5536211 53.98053 31.98546 0.3026409
0.3043975 0.07229931 0.5599687 54.60649 33.00837 -3.827129
0.31221 0.07132275 0.589998 56.11794 33.78699 -8.850031
0.3305205 0.07425244 0.6219804 55.71336 35.32135 -12.67446
0.3527373 0.07937939 0.6483476 54.19427 37.33661 -16.20881
0.3563994 0.06473095 0.697664 53.42328 40.28318 -19.82713
0.3683623 0.04910596 0.7308671 53.44618 43.56562 -23.57522
0.3800811 0.04568799 0.7660234 53.17137 47.35951 -26.94163
0.3893584 0.05105908 0.7923906 53.11794 51.20684 -30.1172
0.4049834 0.03445752 0.813875 54.88893 55.54272 -33.62103
0.4228057 0.05105908 0.8236406 55.79733 60.07707 -36.8424
0.4257354 0.06985791 0.8295 55.83549 64.58852 -39.70499
0.4447783 0.103061 0.8334063 57.46145 70.30608 -44.934
0.4516143 0.1052583 0.8282793 56.75153 74.74119 -48.38438
0.4765166 0.122104 0.8026445 57.89656 78.59615 -52.32332
0.4972686 0.170688 0.7845781 59.72863 83.19157 -57.68209
0.5138701 0.2085298 0.7684648 62.07213 87.0618 -63.62103
0.5270537 0.2134126 0.7599199 64.0416 90.60378 -69.52179
0.5094756 0.2539399 0.7565019 64.40038 94.80989 -75.24698
0.5526885 0.2605317 0.7452714 66.03397 98.9015 -82.05614
0.6188506 0.2898286 0.732332 69.28588 102.4587 -89.63629
0.6364287 0.2661469 0.7731035 75.62176 102.9015 -97.57523
0.6991729 0.309604 0.767 69.9042 114.6267 -103.9951
0.728958 0.306186 0.7247636 72.65229 118.8939 -111.7966
0.7421416 0.340854 0.6739824 73.25535 121.619 -119.3386
0.7692412 0.3467134 0.6637285 77.39275 126.2068 -128.7126
0.7863311 0.3723481 0.6136796 85.79733 130.0618 -140.1019
0.8100127 0.3799165 0.5504472 91.66756 133.8099 -151.0943
0.8307647 0.3796723 0.4940507 96.17901 136.1916 -161.0714
0.8502959 0.4045747 0.4383867 97.09504 138.5427 -171.2928
0.8759307 0.3979829 0.3519609 96.69046 141.3977 -181.1096
0.8520049 0.3791841 0.2684648 96.36221 144.016 -191.163
0.8146514 0.3603852 0.1810625 95.30115 145.2145 -200.7508
0.7790069 0.3313325 0.06143355 90.37748 145.1839 -209.6363
0.7450713 0.2615083 -0.05258012 84.98817 145.2221 -217.5829
0.7077178 0.1965669 -0.1868575 80.34695 142.3442 -225.1172
0.7106475 0.142856 -0.3291914 76.61413 139.0694 -228.9951
0.6898955 0.059604 -0.4214766 67.32405 132.161 -228.9951
0.688919 -0.09518116 -0.5525801 61.28588 126.7183 -228.9951
0.5155791 -0.1969878 -0.5694258 50.45382 112.39 -228.9951
0.6391143 -0.3246734 -0.5752852 47.67519 114.1229 -228.9951
0.6188506 -0.4286773 -0.5752852 46.86603 94.71828 -228.9951
0.6095733 -0.4760406 -0.5752852 41.39275 80.87859 -228.9951
0.6071319 -0.5390288 -0.5752852 35.18664 69.04653 -228.9951
0.6063994 -0.6029937 -0.5752852 33.04924 55.37478 -228.9951
0.619583 -0.6576812 -0.5752852 28.46908 41.63432 -227.8806
0.6347198 -0.6828277 -0.5752852 26.94237 28.19157 -224.6974
0.6305694 -0.6901519 -0.5752852 23.54542 15.63432 -220.5981
0.6442412 -0.6835601 -0.5752852 19.58359 4.367145 -216.8958
0.6540069 -0.6835601 -0.5752852 14.43092 -5.785527 -213.1096
0.6737823 -0.6801421 -0.5752852 9.453817 -15.44965 -209.6058
0.7001494 -0.6777007 -0.5752852 4.728626 -23.41912 -206.6745
0.7147979 -0.6789214 -0.5752852 0.5148854 -31.11377 -203.8119
0.7301787 -0.6908843 -0.5752852 -3.431679 -37.73972 -201.4913
0.7472686 -0.7096831 -0.5376875 -7.515649 -44.0069 -198.9264
0.7553252 -0.7294585 -0.4886153 -11.9126 -48.94583 -195.7508
0.7597198 -0.766812 -0.4314864 -16.17977 -54.38858 -192.8806
0.7729033 -0.803189 -0.378752 -20.24847 -59.57942 -189.7737
0.7772979 -0.8510406 -0.3338301 -22.90496 -63.80079 -186.1554
0.7846221 -0.8876616 -0.3018477 -23.79046 -68.88477 -183.1706
0.7946319 -0.9333159 -0.2439864 -24.81336 -72.76263 -179.2317
0.7926787 -0.9706695 -0.1956465 -24.74466 -76.57942 -175.163
0.7877959 -1.016324 -0.1341231 -22.96603 -80.41148 -171.1401
0.7794951 -1.051968 -0.07601762 -20.9355 -83.86186 -166.8653
0.7770537 -1.069302 -0.04965043 -18.1874 -86.64812 -162.6592
0.7682647 -1.09689 -0.006681681 -14.72939 -90.14431 -158.621
0.7685088 -1.123746 0.03848433 -10.84389 -92.99927 -153.1019
0.7697295 -1.144009 0.08340621 -6.790458 -94.72446 -147.6058
0.7751006 -1.166226 0.1214921 -0.9736643 -96.48019 -142.0714
0.7680205 -1.169156 0.1568925 4.087405 -97.52599 -136.2012
0.7580108 -1.151089 0.1744707 8.072138 -98.49545 -129.6897
0.7509307 -1.141324 0.1942461 10.8813 -99.25881 -123.163
0.7389678 -1.119351 0.2110918 13.27061 -99.95347 -116.9493
0.7194366 -1.099087 0.228914 15.82786 -100.984 -110.6363
0.7155303 -1.06857 0.234041 17.71336 -101.7397 -104.6287
0.6979522 -1.051236 0.2460039 19.46145 -102.8542 -98.56759
0.6815948 -1.019742 0.2486894 21.00344 -102.6634 -92.85767
0.6620635 -0.9936187 0.2469804 22.07214 -103.0985 -87.0027
0.6564483 -0.9687163 0.2425859 22.72863 -103.6023 -81.31568
0.6459502 -0.9526031 0.234041 22.80496 -104.5184 -75.8653
0.6364287 -0.9220855 0.2374589 23.12557 -104.7703 -70.33858
0.6205596 -0.8949859 0.2315996 23.14847 -108.3199 -65.0027
0.5983428 -0.8720366 0.2274492 24.26298 -108.4573 -60.44545
0.5919951 -0.8415191 0.2352617 25.84313 -108.671 -56.26225
0.5866241 -0.83273 0.2379472 27.31641 -112.2664 -52.29278
0.5932158 -0.8044097 0.2296464 29.79733 -114.442 -49.25462
0.5932158 -0.7902495 0.2267168 33.09504 -116.4573 -46.71263
0.5016631 -0.6244781 0.1317461 -4.775191 76.41294 -93.85003
0.5219268 -0.7350738 0.2733476 -15.79046 75.1534 -83.43018
0.5338897 -0.7633941 0.3031328 -20.9126 76.21447 -79.01034
0.5429229 -0.7912261 0.3150957 -24.50801 76.9015 -74.16301
0.5334014 -0.7895171 0.3336504 -29.98893 77.016 -68.62866
0.5551299 -0.8302886 0.3536699 -25.15687 79.36714 -65.91873
0.574417 -0.8268706 0.3307207 -21.50038 81.05417 -62.52942
0.5675811 -0.8139312 0.2972734 -14.83626 81.41294 -60.03324
0.5529326 -0.7690093 0.2760332 -9.874428 81.36714 -57.91873
0.5429229 -0.7333648 0.2433183 -4.256107 81.07706 -56.76606
0.5409698 -0.6945464 0.1944902 0.7820611 80.19157 -55.89584
0.5355987 -0.6383941 0.1629961 5.003435 78.9702 -55.60576
0.5395049 -0.5883452 0.1293046 9.820229 76.68775 -55.98743
0.5419463 -0.5470855 0.1146562 17.42328 73.39767 -57.25462
0.5243682 -0.4850738 0.09732223 20.13321 72.02363 -58.8424
0.4926299 -0.4992339 0.07583785 26.9729 69.21447 -61.48362
0.4762725 -0.490689 0.08438277 37.27061 63.87096 -64.65919
0.480667 -0.4887359 0.09878707 47.0645 60.88623 -68.07904
0.4828643 -0.4511382 0.1105058 51.62939 58.40532 -70.68973
0.4882354 -0.4538238 0.1232011 50.72863 56.31371 -71.67446
0.494583 -0.4506499 0.1349199 48.40801 54.9473 -72.26988
0.496292 -0.4645659 0.1241777 46.32404 53.44348 -72.78133
0.4865264 -0.4797027 0.1083086 44.63702 51.04654 -73.48362
0.5080108 -0.4897124 0.08975387 39.40038 50.11524 -73.78133
0.4779815 -0.5136382 0.06704879 31.75153 45.97783 -71.9111
0.5402373 -0.518521 0.03018355 27.69809 46.32898 -71.94927
0.518753 -0.5363433 -0.04623246 16.02634 42.14577 -69.26988
0.4792022 -0.6061675 -0.0777266 6.27061 30.90913 -65.85767
0.471878 -0.6256988 -0.03500199 -4.737023 26.38241 -61.51415
0.4994658 -0.6549956 0.003328085 -15.88969 24.37478 -57.52942
0.5084991 -0.7087066 0.005525351 -21.72939 19.00073 -53.56759
0.5167998 -0.7467925 0.04385543 -22.75229 12.65722 -50.73553
0.5226592 -0.7524077 0.1012285 -22.17214 8.802259 -48.40729
0.5236358 -0.7297027 0.1683671 -24.31717 4.970199 -45.49889
0.5355987 -0.723355 0.2228105 -23.43168 2.336611 -43.48362
0.5673369 -0.7001616 0.2801836 -21.75229 1.283175 -41.97217
0.5841826 -0.6777007 0.3307207 -20.13397 0.6343205 -40.8424
0.5863799 -0.6388824 0.3680742 -19.01947 -0.205374 -40.04087
0.5980987 -0.6200835 0.3880937 -18.55382 -0.07560301 -39.40728
0.6027373 -0.5846831 0.4134843 -19.0958 0.3060763 -38.75843
0.6147002 -0.5578277 0.4352129 -20.55382 0.8938625 -38.34621
0.6068877 -0.540982 0.4420488 -21.89733 2.038901 -38.33095
0.5915069 -0.5407378 0.4440019 -22.71412 1.725924 -38.04087
0.5712432 -0.5290191 0.4403398 -21.40878 2.619053 -38.87293
0.5634307 -0.5473296 0.4291093 -12.66832 2.412947 -41.36148
0.5575713 -0.4977691 0.3790605 -31.74466 3.153405 -35.78133
0.5434112 -0.5539214 0.3641679 -27.03473 0.7488244 -38.35384
0.5399932 -0.5641753 0.3641679 -27.0729 -0.7778932 -37.28515
0.5172881 -0.5651519 0.353914 -22.70649 -2.274076 -39.30804
0.5377959 -0.5754058 0.3292558 -22.84389 -4.342779 -38.36912
0.5609893 -0.5834624 0.2838457 -34.17977 -6.510717 -34.8424
0.5485381 -0.5881011 0.2840898 -37.92786 -11.67866 -33.8424
0.5985869 -0.6715972 0.308748 -34.21794 -13.18247 -33.50652
0.6193389 -0.6603667 0.3404863 -31.10344 -15.40385 -32.69736
0.6469268 -0.7182281 0.3385332 -21.28664 -18.57179 -33.96453
0.6601104 -0.634732 0.3497636 -34.90496 -19.9153 -28.05614
0.6503448 -0.6801421 0.3775957 -32.74466 -22.01453 -28.23934
0.6476592 -0.7152984 0.4254472 -28.03473 -23.12904 -27.57522
0.6501006 -0.7172515 0.4381425 -18.04237 -24.45728 -28.45308
0.652542 -0.6908843 0.4628007 -17.14924 -24.19774 -26.0256
0.6625518 -0.7104156 0.4764726 -10.72939 -24.29698 -25.09431
0.6669463 -0.681607 0.4889238 -4.653053 -23.06797 -23.91873
