0.5429229 -0.5900542 0.07461715 71.51488 -147.5413 -41.24698
0.4574737 -0.7873199 -0.0152266 49.30114 -194.0527 17.84463
0.4167022 -0.7375152 -0.02670121 41.0187 -197.381 21.70722
0.4779815 -0.7277495 -0.01840043 37.72099 -202.0756 25.35608
0.5302276 -0.725064 -0.02450395 26.75153 -205.8848 32.25684
0.5363311 -0.7450835 -0.03011918 27.58359 -211.8161 33.69959
0.5746612 -0.7362945 0.01699996 24.17138 -217.8619 37.62325
0.5978545 -0.7336089 0.08975387 24.34695 -221.9764 39.95913
0.6017608 -0.7411773 0.166414 25.8813 -225.7092 42.46294
0.6266631 -0.7460601 0.2547929 30.69809 -227.7474 42.79882
0.6054229 -0.7287261 0.3207109 36.30878 -228.9916 43.84463
0.6933135 -0.8219878 0.277498 51.82786 -229.1901 38.08127
0.6215362 -0.8131988 0.3805254 54.12557 -233.3122 38.07363
0.6027373 -0.817105 0.4815996 63.12557 -228.7016 44.31027
0.5946807 -0.7951324 0.4598711 79.6981 -226.5336 41.46294
0.5661162 -0.8107574 0.4569414 90.37748 -226.7245 39.34844
0.5546416 -0.8771636 0.4750078 102.179 -224.5565 38.76829
0.5636748 -0.8769195 0.4566972 108.7897 -222.671 41.98966
0.5763701 -0.8966949 0.4095781 113.6218 -222.4725 45.19577
0.5700225 -0.9032866 0.4049394 114.6752 -222.6252 49.70722
0.5124053 -0.9018218 0.4295976 112.4996 -223.1061 55.90569
0.5251006 -0.8630034 0.4757402 104.6599 -218.4191 59.61562
0.4960479 -0.9377105 0.4344804 98.6981 -217.1367 65.41714
0.4630889 -1.001187 0.3778398 101.4386 -219.9306 71.96677
0.482376 -0.9533355 0.3668535 106.095 -218.984 75.67669
0.5004424 -0.961148 0.3343828 107.2401 -221.0298 80.89806
0.5092315 -0.9469878 0.3387773 109.8431 -224.1214 85.57745
0.4999541 -0.9333159 0.3634355 114.4844 -226.0603 89.25684
0.4904326 -0.9115874 0.3856523 119.9195 -227.4878 92.63088
0.4755401 -0.869107 0.4203203 122.3546 -228.4344 96.30264
0.4616241 -0.8107574 0.4376543 122.576 -229.2435 99.95913
0.4508819 -0.7782866 0.4745195 119.8813 -229.2741 102.6156
0.4704131 -0.7331206 0.5065019 117.2859 -228.2512 105.5698
0.4687041 -0.742398 0.5194414 116.1866 -228.6252 107.608
0.4809112 -0.7414214 0.5416582 114.1637 -228.4802 110.2568
0.4794463 -0.7370269 0.5836504 112.1866 -228.5031 114.1576
0.4865264 -0.7152984 0.6065996 110.721 -229.1367 115.2721
0.4779815 -0.7113921 0.6676347 108.6523 -229.2054 117.6309
0.4906768 -0.7294585 0.7152421 111.8737 -225.6252 117.7759
0.4516143 -0.7365386 0.7425859 119.6523 -222.0985 117.4095
0.4101104 -0.7026031 0.7633379 123.9424 -220.2512 118.4019
0.3803252 -0.6862456 0.765291 127.9424 -218.0756 117.8904
0.3693389 -0.7150542 0.7547929 135.8279 -215.0603 116.2721
0.3156279 -0.7582671 0.7052324 152.9653 -213.381 117.5774
0.3085479 -0.7704741 0.7176836 155.0645 -212.0222 118.4095
0.3126982 -0.7839019 0.7264726 157.4004 -210.6252 120.2416
0.3085479 -0.7968413 0.7440507 158.7363 -211.0451 122.1423
0.3266143 -0.8173491 0.7562578 161.3546 -209.9687 124.2721
0.3065947 -0.8305327 0.7916582 163.0798 -210.0527 127.1652
0.3224639 -0.7970855 0.8258379 160.6447 -207.3046 129.5087
0.3234404 -0.8444488 0.8448809 160.263 -209.1748 132.9897
0.3546904 -0.8227202 0.890291 160.4156 -205.8924 136.7988
0.3139189 -0.9360015 0.8785723 168.0721 -205.3351 135.4859
0.3275908 -0.8886382 0.9139727 168.6828 -204.5489 142.5316
0.3639678 -0.8041656 0.968416 169.8279 -203.1596 148.6614
0.3622588 -0.7648589 1.002352 167.8126 -201.4039 150.5546
0.3664092 -0.7531402 1.066316 166.9347 -201.0985 153.692
0.3583525 -0.7387359 1.113924 165.2935 -198.4115 157.9668
0.3656768 -0.7231109 1.161531 170.2019 -197.1519 159.8675
0.3549346 -0.7387359 1.22574 178.4385 -193.9077 158.608
0.3476104 -0.7165191 1.273348 181.5225 -188.442 159.9668
0.3188018 -0.7126128 1.333894 183.9958 -180.9764 160.4935
0.2997588 -0.6818511 1.355867 188.9653 -175.2512 161.2721
0.2777861 -0.6867339 1.381746 195.2782 -167.9153 160.3561
0.2487334 -0.6860015 1.397127 203.1637 -161.5489 160.15
0.215042 -0.6889312 1.391756 208.8431 -153.8619 159.8904
0.1989287 -0.6640288 1.391023 208.2477 -145.0145 160.2645
0.1750029 -0.7050445 1.383211 211.4691 -137.8695 159.0584
0.1588897 -0.6813628 1.377596 207.4767 -130.129 161.8446
0.149124 -0.706021 1.367098 211.2935 -123.1061 161.7683
0.1432647 -0.6947906 1.339266 211.179 -116.0527 163.7454
0.1383818 -0.7006499 1.316072 209.2172 -108.4191 166.1652
0.1413115 -0.674771 1.298494 202.9805 -104.4191 170.2187
0.1332549 -0.6444976 1.275545 192.3317 -98.99927 176.463
0.121292 -0.6054351 1.288484 176.9195 -93.83897 183.1881
0.1149443 -0.586148 1.296297 161.3927 -89.8466 190.0355
0.1017607 -0.5578277 1.324129 149.0721 -85.65576 196.0965
0.09101856 -0.5631988 1.340975 145.2401 -82.38095 198.7683
0.09150684 -0.5309722 1.342684 147.8737 -80.08324 199.921
0.08686817 -0.4882476 1.354646 154.1485 -78.39622 200.1652
0.0810088 -0.4311187 1.361482 160.9347 -76.16721 199.0202
0.07368457 -0.3549468 1.363191 166.4233 -74.59469 196.9591
0.05830371 -0.3075835 1.377352 169.5225 -72.03744 194.0355
0.0756377 -0.2411772 1.354891 166.1256 -68.96873 191.2034
0.03047168 -0.1593901 1.404207 161.2324 -67.06034 188.921
0.01948535 -0.107144 1.412996 160.6828 -63.96873 184.6614
-4.589557e-05 -0.1208159 1.437166 162.0492 -59.10614 177.6385
-0.03886425 -0.1679351 1.446687 164.6905 -56.16721 173.0126
0.4140166 -0.5624663 0.530916 -9.935496 -38.71682 17.63089
0.38179 -0.5107085 0.4925859 -14.41641 -38.1214 21.44005
0.3917998 -0.5014312 0.5016191 -10.65305 -38.83896 20.73012
0.3813018 -0.4911773 0.4994218 -11.0958 -37.48782 21.34844
0.3686064 -0.4902007 0.4852617 -7.370611 -38.41148 20.56982
0.3546904 -0.4967925 0.49283 -7.569084 -37.88476 20.54692
0.3449248 -0.5038726 0.5025957 -5.53855 -37.78553 20.36371
0.3222197 -0.5089995 0.494539 -3.75229 -37.59468 20.68432
0.2956084 -0.508023 0.4584062 -5.43168 -37.91529 22.02783
0.2716826 -0.5099761 0.4515703 -8.401145 -38.1443 23.30264
0.2821807 -0.5141265 0.4386308 -12.84389 -38.31988 25.49348
0.2946318 -0.5417144 0.4234941 -14.46221 -38.81606 26.56218
0.3043975 -0.5546538 0.39908 -16.47748 -39.36568 28.36371
0.3034209 -0.5658843 0.3841875 -18.29428 -40.62522 30.56218
0.2997588 -0.5773589 0.3836992 -19.39351 -42.71682 32.60035
0.3107451 -0.5773589 0.404207 -19.46985 -44.10614 34.50111
0.307083 -0.5768706 0.4252031 -19.53092 -44.58705 36.72249
0.3029326 -0.5246245 0.4222734 -19.56145 -43.59468 37.89806
0.2841338 -0.4723784 0.4086015 -15.99656 -44.39621 37.09653
0.2477568 -0.4882476 0.4278886 -17.68359 -46.60232 37.90569
0.2855986 -0.3910796 0.4400957 -21.77519 -44.38094 36.89806
0.2834014 -0.4816558 0.432039 -24.10344 -48.58705 37.84463
0.3083037 -0.3991363 0.4940507 -23.44695 -43.37331 35.12707
0.2899932 -0.6025054 0.4513261 -20.86679 -43.70919 35.37135
0.2606963 -0.5590484 0.3878496 -13.05 -48.39621 35.2263
0.2516631 -0.554898 0.3912675 -15.72176 -50.36568 38.1576
0.2394561 -0.5583159 0.4203203 -20.54618 -52.04507 41.40188
0.2279814 -0.5832183 0.4488847 -22.58435 -53.8466 42.34844
0.2279814 -0.5768706 0.4837968 -29.51565 -54.44965 45.34844
0.2196807 -0.6181304 0.517 -34.1874 -54.54889 48.60799
0.2397002 -0.6222808 0.5450761 -37.75993 -54.22064 51.57745
0.25679 -0.6354644 0.5607011 -39.89733 -53.21301 54.90569
0.2763213 -0.6195952 0.5870683 -42.92786 -52.37331 57.87516
0.2863311 -0.6090972 0.6134355 -44.21031 -51.65575 59.43241
0.2978057 -0.6088531 0.6459062 -43.38588 -51.0527 60.47821
0.3041533 -0.5956695 0.68033 -43.56908 -50.20537 61.78355
0.3136748 -0.581021 0.7025468 -46.44695 -49.0069 63.60035
0.31221 -0.5624663 0.7665117 -51.70649 -47.44965 66.17287
0.3222197 -0.5707671 0.813875 -54.81336 -44.82369 68.56982
0.3317412 -0.5666167 0.8653887 -55.67596 -41.01453 70.34844
0.3412627 -0.5910308 0.881502 -53.47748 -36.01453 71.14233
0.3351592 -0.5588042 0.9149492 -51.0729 -31.35041 72.21867
0.3246611 -0.5519683 0.9188555 -45.51565 -26.99163 72.43241
0.3061064 -0.5009429 0.9120195 -43.61489 -22.67866 73.40951
0.3080596 -0.4723784 0.9049395 -44.66069 -18.77789 74.66142
0.3002471 -0.4484527 0.8966387 -44.53855 -14.984 76.20341
0.2973174 -0.4240386 0.8834551 -41.97367 -10.0985 76.59272
0.2716826 -0.3896148 0.8500078 -37.76756 -5.296977 75.73775
0.2431182 -0.3383452 0.8126543 -34.14161 -2.251176 74.9286
0.2265166 -0.3073394 0.7611406 -30.56908 -0.04506874 73.71485
0.2128447 -0.2712066 0.732332 -27.46221 2.107603 72.0202
0.3017119 -0.23898 0.6544511 -21.64542 2.764091 67.68432
0.2519072 -0.1711089 0.6327226 -21.64542 4.588519 65.01257
0.2465361 -0.154019 0.5885332 -13.26374 4.031267 58.2263
0.2204131 -0.146939 0.5699785 -16.27137 3.840427 57.9286
0.2333525 -0.1007964 0.5328691 -18.44695 3.748825 56.16524
0.2611846 -0.02071826 0.5047929 -26.49275 3.451115 55.17287
0.3007354 0.0271333 0.510164 -38.96603 4.71829 53.70722
0.3346709 0.005404785 0.5099199 -51.98893 7.168672 52.67669
0.3034209 0.08328564 0.4781816 -61.8897 8.657221 59.07363
0.2763213 0.0998872 0.4471757 -50.69122 6.61142 47.37897
0.2118682 0.03543408 0.4796464 -49.03473 4.542717 36.85989
