0.7431182 -0.4252593 0.3981035 -11.30191 -0.8389618 16.77592
0.751419 -0.4364898 0.404207 -15.0729 -4.052702 19.90569
0.7519073 -0.4418609 0.4190996 -16.50801 -7.289343 21.94386
0.7489776 -0.4416167 0.4408281 -17.11107 -10.8466 24.35608
0.7458037 -0.4428374 0.4535234 -17.17214 -13.56415 26.28737
0.7467803 -0.4347808 0.4801347 -17.79809 -16.53362 28.44005
0.7516631 -0.4211089 0.5138261 -19.08817 -18.65576 30.59272
0.7755889 -0.3971831 0.5406816 -20.54618 -20.50308 32.40188
0.7882842 -0.3810699 0.5763261 -22.01183 -21.75499 33.69959
0.7970733 -0.36398 0.6002519 -22.0729 -23.25881 34.76066
0.8117217 -0.3495757 0.6285722 -23.30191 -23.83133 35.87516
0.8300323 -0.3349273 0.6546953 -23.75229 -24.15194 36.33318
0.84346 -0.313687 0.6913164 -23.92786 -24.09087 36.40951
0.8493194 -0.298062 0.7030351 -24.26374 -23.40385 35.9973
0.8568877 -0.2829253 0.74283 -23.92786 -22.9153 35.91333
0.8656768 -0.2721831 0.7550371 -23.24847 -21.53362 35.27974
0.8761748 -0.2570464 0.7879961 -21.96603 -20.41912 34.53928
0.8803252 -0.2455718 0.8036211 -20.95076 -18.56415 33.34081
0.8849639 -0.2311675 0.8194902 -19.63779 -16.66339 31.91333
0.8905791 -0.2323882 0.8221758 -17.92786 -14.80843 30.62325
0.907669 -0.2209136 0.8482988 -16.0958 -12.61759 29.03547
0.9054717 -0.2184722 0.8446367 -14.34771 -10.17484 27.24921
0.9101104 -0.2209136 0.8553789 -12.17214 -8.136671 26.00493
0.9186553 -0.2167632 0.8556231 -10.64542 -5.678657 24.44768
0.921585 -0.2150542 0.8556231 -8.553817 -3.68629 23.02783
0.9208526 -0.218228 0.8583086 -6.64542 -1.098504 21.50875
0.9225616 -0.2084624 0.8553789 -5.111069 1.183939 19.82173
0.9242705 -0.2143218 0.843416 -3.378244 3.649588 18.42478
0.9259795 -0.2135894 0.8439043 -1.737023 6.054168 16.83699
0.9242705 -0.2126128 0.8348711 -0.1950383 8.130505 15.37134
0.9223174 -0.2194487 0.8295 1.209542 10.19921 14.14234
0.9257354 -0.2187163 0.8136309 2.377481 12.36715 12.70722
0.9157256 -0.2231108 0.8036211 3.369847 14.19921 11.58508
0.9225616 -0.2282378 0.7865312 4.430916 16.0847 10.49348
0.9174346 -0.23898 0.767 5.133206 17.77172 9.508748
0.9157256 -0.2384917 0.7501543 6.117939 19.29081 8.409512
0.9113311 -0.2492339 0.716707 6.598855 20.46638 7.760656
0.902542 -0.2607085 0.7054765 7.27061 21.91676 7.241572
0.8957061 -0.2592437 0.6935136 7.637022 22.47401 6.691955
0.8949737 -0.268521 0.6586015 7.65229 23.28317 6.516381
0.8827666 -0.2843902 0.6444414 7.339313 23.76409 6.524015
0.8786162 -0.2856109 0.6271074 7.133206 23.80989 6.966763
0.8690948 -0.2978179 0.6041582 6.362214 23.84043 7.249207
0.857376 -0.2978179 0.5895097 5.911832 23.64195 7.623252
0.8488311 -0.2926909 0.5702226 5.293511 23.04653 8.333176
0.840042 -0.2929351 0.5411699 4.362214 22.67249 8.85226
0.8361358 -0.2963531 0.5370195 3.644657 21.57325 9.531649
0.8222198 -0.2924468 0.5306718 2.324046 20.58088 10.21104
0.8292998 -0.2900054 0.5194414 0.8889308 19.39768 11.0431
0.8275908 -0.2851226 0.5133379 -0.6530538 18.48165 11.46295
0.8134307 -0.2839019 0.5128496 -2.332443 17.0618 12.2034
0.8031768 -0.284146 0.5079668 -3.385878 15.93203 12.58508
0.8029326 -0.2741363 0.5052812 -4.210305 14.32898 12.76829
0.7987823 -0.2743804 0.5047929 -4.584352 13.0847 12.9286
0.7873076 -0.2731597 0.5108964 -5.065268 11.73356 12.83699
0.7924346 -0.2682769 0.5108964 -5.660687 10.64195 12.56218
0.7890166 -0.2572906 0.5089433 -5.462214 9.29081 12.47821
0.7892608 -0.2663238 0.5157793 -6.004199 8.435848 11.9515
0.793167 -0.2655913 0.5194414 -6.217939 7.145771 11.57745
0.7909698 -0.2611968 0.5223711 -6.210305 6.771725 10.56218
0.7899932 -0.2609527 0.5235918 -5.721756 5.405313 10.02783
0.7934112 -0.2621734 0.5213945 -5.759924 4.535084 9.249207
0.7926787 -0.2651031 0.5248125 -5.584352 3.580885 8.27974
0.7909698 -0.2751128 0.5301836 -5.515649 2.550351 7.836992
0.7975616 -0.2897613 0.5467851 -5.225573 -0.5870534 6.188137
0.8031768 -0.3058745 0.5533769 -4.675954 -1.892397 6.035465
0.8007354 -0.3124663 0.5614336 -4.614885 -2.869496 5.829359
0.8039092 -0.318814 0.5626543 -4.492748 -3.79316 5.699588
0.8161162 -0.3307769 0.5729082 -4.851527 -4.503084 5.775924
0.8205108 -0.3339507 0.5687578 -5.088168 -5.289344 6.073633
0.8246612 -0.3424956 0.589998 -5.599618 -5.854229 6.424779
0.8258819 -0.3520171 0.6000078 -6.217939 -6.533618 6.691955
0.8349151 -0.3490874 0.6085527 -6.569084 -7.029801 7.165236
0.8351592 -0.3568999 0.6134355 -6.935496 -8.220641 8.058367
0.8422393 -0.362271 0.6146562 -7.279008 -8.411481 8.638519
0.8410186 -0.3615386 0.6341875 -7.53855 -8.442015 9.36371
0.8512725 -0.3688628 0.6300371 -7.813359 -8.289343 9.753023
0.8480987 -0.3695952 0.6590898 -7.637786 -8.213007 10.21867
0.7755889 -0.5448882 0.619539 -60.76756 -66.03744 68.77592
0.7697295 -0.4960601 0.657625 -62.48512 -62.10614 75.92096
0.7655791 -0.5002105 0.6600664 -60.72939 -61.19774 78.31791
0.7548369 -0.4701812 0.6720293 -62.77519 -58.94583 80.76066
0.7655791 -0.4496734 0.6905839 -63.9126 -59.0527 83.78355
0.7638701 -0.4631011 0.6903398 -68.31718 -54.97636 87.07363
0.7606963 -0.4616363 0.685457 -69.85152 -53.93056 89.79119
0.7643584 -0.4587066 0.6844804 -70.71412 -52.60995 92.38661
0.7567901 -0.4391753 0.6969316 -70.0729 -50.78553 94.08127
0.7628936 -0.4294097 0.6983964 -70.12634 -48.72446 96.09653
0.7663116 -0.4128081 0.6759355 -69.97366 -46.29697 97.16524
0.7726592 -0.3957183 0.6637285 -68.9126 -44.58705 98.14997
0.7772979 -0.3781402 0.6395586 -67.1874 -42.77026 98.47058
0.7794951 -0.3654449 0.6217363 -63.15687 -40.26644 98.18813
0.7638701 -0.33273 0.5543535 -58.0729 -36.75499 96.68432
0.735794 -0.3156402 0.482332 -52.38588 -35.23591 94.44768
0.6952666 -0.2878081 0.3705156 -47.83626 -33.44202 91.96676
0.6515655 -0.2707183 0.2750566 -43.46222 -33.87713 89.21867
0.6156768 -0.2817046 0.1947343 -38.73702 -33.97636 86.27974
0.5736846 -0.2731597 0.08584762 -34.80573 -37.22827 83.41714
0.550003 -0.2870757 -0.02206254 -32.39351 -41.43438 80.89043
0.5236358 -0.3642241 -0.06454301 -31.50038 -49.09087 80.71485
0.5246123 -0.3549468 -0.0530684 -34.10344 -51.54889 80.48585
0.4745635 -0.4081695 -0.0843184 -33.58435 -57.66339 80.0431
0.5080108 -0.4621245 -0.01791215 -15.25611 -65.70919 76.76066
0.5324248 -0.4167144 0.008699179 -16.33244 -63.73209 76.9744
0.5624541 -0.5024077 -0.1004317 -26.04237 -73.0527 80.28738
0.5719756 -0.5068023 -0.05062699 -24.83626 -78.77789 82.0202
0.6342315 -0.7050445 -0.05453324 -35.92786 -84.90767 87.05073
0.6200713 -0.5924956 -0.03695512 -42.9355 -91.12141 90.85989
0.6481475 -0.7223784 0.01333785 -54.43168 -100.1214 100.6767
0.6657256 -0.7568023 0.0863359 -61.60725 -104.7779 107.6843
0.6847686 -0.7399566 0.1737382 -68.12634 -108.671 114.4019
0.65596 -0.7138335 0.2457597 -66.61488 -109.1443 118.4171
0.6569366 -0.7196929 0.3021562 -73.05 -114.1672 125.2645
0.669876 -0.6908843 0.3841875 -70.99657 -114.9382 128.6538
0.6913604 -0.6779449 0.4291093 -62.54618 -111.5794 129.7836
0.7494658 -0.5790679 0.452791 -66.53091 -121.9077 134.5087
0.7252959 -0.6152007 0.6051347 -63.06527 -111.1748 135.9362
0.7694854 -0.5295074 0.6127031 -56.96603 -106.8008 137.753
0.7582549 -0.4814116 0.6085527 -55.22557 -107.6863 140.692
0.7511748 -0.4269683 0.6561601 -55.72176 -106.2741 141.7454
0.7533721 -0.3725249 0.6769121 -56.74466 -101.8542 143.5164
0.763626 -0.3532378 0.6468828 -57.89733 -96.47255 144.295
0.7335967 -0.2797515 0.6393144 -61.95076 -97.23591 144.3103
0.7265166 -0.2687652 0.6485918 -65.90496 -93.72446 144.6538
0.7252959 -0.2536284 0.6481035 -69.88206 -90.32751 145.0584
0.7331084 -0.2487456 0.6378496 -73.58435 -89.51072 145.5011
0.7262725 -0.2348296 0.6214921 -78.1874 -87.53362 145.9286
0.7240752 -0.2331206 0.5943925 -82.14923 -87.77026 146.5011
0.7250518 -0.2145659 0.6095293 -85.3019 -87.34278 146.7378
0.7216338 -0.2126128 0.6285722 -86.95076 -87.52599 146.5164
0.7248076 -0.2021147 0.6378496 -87.56908 -87.70156 146.0584
0.7155303 -0.1791655 0.6769121 -86.76756 -87.83897 145.0507
0.7174834 -0.1706206 0.7118242 -84.44695 -87.79316 143.7225
0.7108916 -0.1415679 0.7389238 -81.44695 -87.35042 142.2187
0.7294463 -0.1137358 0.7713945 -78.59198 -87.12904 140.2339
0.7248076 -0.08150928 0.8180254 -72.31718 -86.83897 136.7759
0.7211455 -0.03951709 0.8592852 -68.54618 -82.755 133.1576
0.7064971 -0.01217334 0.8805254 -65.57671 -78.9382 129.8217
0.6881866 0.02444775 0.8824785 -60.73703 -75.07561 124.8141
0.6850127 0.05081494 0.8932207 -52.81336 -73.27408 119.3866
0.6608428 0.08255322 0.9046953 -44.53092 -69.24355 113.2416
0.6540069 0.1084321 0.9073809 -37.30191 -65.37331 106.7378
0.6371612 0.1235688 0.8990801 -29.85153 -61.83896 100.2339
0.6300811 0.1382173 0.8834551 -23.66832 -58.70919 94.30264
0.6259307 0.1340669 0.8761309 -17.63779 -55.57942 88.47058
0.6210479 0.1404145 0.8556231 -10.75229 -54.0985 82.51638
0.6293487 0.1489595 0.8426836 -6.179771 -51.0756 77.03547
0.6193389 0.1462739 0.8356035 -0.9507637 -48.69392 71.46294
0.6110381 0.1435884 0.8368242 1.820229 -46.64049 66.73013
0.5944366 0.1396821 0.8380449 3.972901 -43.96873 61.94386
