0.8732451 -0.3373687 0.6703203 -3.401145 -5.533618 4.25684
0.8617705 -0.3547027 0.6886308 -4.935496 -4.57942 5.287374
0.8520049 -0.3688628 0.6857011 -6.057634 -3.564153 6.699588
0.8402862 -0.3791167 0.6896074 -6.958397 -2.968733 8.127069
0.8241729 -0.3871734 0.6891191 -7.927863 -1.953466 9.432412
0.8161162 -0.3923003 0.6876543 -9.332443 -1.022168 11.08127
0.8144073 -0.4018218 0.685457 -10.83626 0.06943512 12.71486
0.8029326 -0.4030425 0.6756914 -12.48512 0.6572213 14.43241
0.7887725 -0.4025542 0.6532304 -14.29428 1.298443 16.1576
0.7938994 -0.4018218 0.6605546 -15.92023 1.893863 17.57745
0.784378 -0.39523 0.633455 -17.33244 1.786992 19.29501
0.7729033 -0.3898589 0.6166093 -18.24084 1.603786 20.53928
0.7594756 -0.3739898 0.6117265 -19.04237 1.328977 21.60798
0.7580108 -0.3717925 0.6000078 -19.1645 0.7411909 22.25684
0.7536162 -0.360562 0.5858476 -19.41641 0.5885191 22.96676
0.7423858 -0.3576324 0.5797441 -19.56908 -0.243542 23.50111
0.7384795 -0.3495757 0.5682695 -19.92786 -1.411481 23.86753
0.7301787 -0.3442046 0.5555742 -20.21794 -2.693924 24.26447
0.7277373 -0.3405425 0.5558183 -21.04237 -3.991633 24.70722
0.728958 -0.3400542 0.5323808 -21.84389 -5.434381 25.02783
0.7309112 -0.334439 0.5287187 -22.33244 -6.884763 25.0889
0.71846 -0.3356597 0.5350664 -23.27137 -8.296977 25.36371
0.7206573 -0.3407866 0.5421464 -24.26374 -10.10614 25.76066
0.7270049 -0.3478667 0.541414 -25.27137 -11.77789 26.14234
0.7272491 -0.3542144 0.5460527 -26.25611 -12.9382 26.41714
0.7426299 -0.360562 0.5624101 -27.46985 -14.55652 27.2034
0.7448272 -0.3700835 0.5860918 -28.73702 -15.93056 27.68432
0.7550811 -0.3681304 0.5982988 -30.10344 -16.87713 28.34844
0.7538604 -0.3803374 0.6275957 -31.28664 -17.58705 29.31028
0.7550811 -0.3879058 0.6498125 -32.0958 -18.35805 30.26447
0.7521514 -0.3957183 0.6705644 -32.10344 -18.66339 30.66142
0.7631377 -0.3837554 0.6942461 -32.11107 -18.69392 31.75302
0.763626 -0.3869292 0.7176836 -32.83626 -18.25118 32.84463
0.7721709 -0.383023 0.7347734 -33.28664 -17.17484 33.66905
0.7814483 -0.3744781 0.7562578 -33.39351 -16.37331 34.67669
0.7880401 -0.3710601 0.7728593 -33.79809 -14.99927 35.37135
0.7819366 -0.348355 0.7994707 -33.82862 -13.41912 36.14997
0.7929229 -0.3422515 0.8175371 -34.06527 -11.38858 36.94386
0.7943877 -0.3271148 0.8287676 -34.45458 -9.182473 37.18814
0.7946319 -0.313687 0.827791 -34.50038 -6.922931 37.62325
0.791458 -0.2943999 0.8187578 -34.47748 -4.594687 37.73012
0.7997588 -0.2912261 0.8246172 -34.43168 -2.121405 37.64615
0.8048858 -0.2624175 0.8192461 -34.35534 0.573252 37.066
0.8058623 -0.2602202 0.8070391 -33.74466 2.619053 36.77592
0.807083 -0.2470366 0.7962968 -32.65305 4.947298 35.80646
0.8085479 -0.2206694 0.7626054 -31.26374 6.893862 34.50875
0.7946319 -0.1818511 0.6961992 -26.2103 11.67249 29.58508
0.7917022 -0.171353 0.668123 -24.76756 12.78699 27.63089
0.7863311 -0.1542632 0.6478593 -23.20267 13.68012 25.53928
0.7765655 -0.1501128 0.6207597 -22.0271 13.88623 23.51638
0.7641143 -0.1415679 0.5963457 -19.9355 13.74883 21.08127
0.6920928 -0.1650054 0.5875566 -15.39351 12.72592 17.68432
0.7489776 -0.1459624 0.595125 -9.591985 9.489283 15.61562
0.7655791 -0.1571929 0.6075761 -9.698855 11.28318 14.34844
0.763626 -0.1481597 0.5948808 -7.889695 12.22211 11.69959
0.7733916 -0.1413237 0.5809648 -7.912596 11.97783 9.85226
0.7667998 -0.1320464 0.5697343 -7.996565 12.47402 7.859893
0.7785186 -0.14523 0.5533769 -7.43168 11.9931 5.867527
0.779251 -0.1440093 0.5470293 -8.24084 12.40531 4.066
0.7892608 -0.1464507 0.5260332 -7.630153 11.43585 2.302641
0.7941436 -0.1481597 0.5050371 -9.225573 11.38241 0.7377548
0.7907256 -0.1474272 0.4982011 -10.76756 10.39005 -0.3614807
0.7743682 -0.1581694 0.4833086 -11.53855 9.09997 -1.911098
0.7689971 -0.1554839 0.4867265 -12.38588 7.962565 -3.277512
0.7223662 -0.2707183 0.5016191 2.217175 17.73356 27.40188
0.6928252 -0.2350737 0.4837968 -0.7980919 13.09997 29.1576
0.6894073 -0.2265288 0.5021074 -1.401145 11.64195 29.41714
0.6916045 -0.2184722 0.5067461 -2.248474 10.77936 29.80646
0.6825713 -0.2140776 0.529207 -2.637786 9.985466 29.77592
0.6864776 -0.2028472 0.5521562 -1.996565 9.283176 30.08127
0.6886748 -0.193814 0.5670488 -1.759924 9.061802 30.35608
0.6913604 -0.1847808 0.589998 -1.301908 9.016001 30.50111
0.6828155 -0.1681792 0.5956132 0.5912213 9.222107 30.31791
0.6847686 -0.1420562 0.6087968 2.835496 9.390045 29.56218
0.685501 -0.1083647 0.6100175 5.117939 9.489283 29.05073
0.6989287 -0.07857959 0.6156328 6.782061 10.1076 28.18814
0.6991729 -0.06148975 0.61783 9.209543 10.69539 26.67669
0.6796416 -0.04488818 0.633455 11.44618 11.0847 25.62325
0.6981963 -0.009976074 0.621248 9.919466 11.90913 25.79882
0.6803741 0.02225049 0.6236894 14.71336 11.9702 22.75302
0.6911162 0.03811963 0.61075 13.42328 12.84806 22.14997
0.642044 0.01077588 0.6180742 18.33168 13.016 21.48585
0.7157744 0.1435884 0.5812089 11.14847 15.16104 20.08127
0.7147979 0.1777681 0.5616777 16.93473 13.71829 14.53928
0.7106475 0.2156099 0.5477617 11.65229 13.8786 10.31028
0.7438506 0.2375825 0.530916 11.43092 11.86333 5.905695
0.7411651 0.2522309 0.5191972 6.84313 11.87096 0.9667625
0.7499541 0.2463716 0.5172441 6.995801 12.96256 -4.842398
0.7428741 0.2541841 0.4879472 5.888931 12.53508 -10.39965
0.753128 0.2490571 0.468416 4.720993 11.64195 -16.33095
0.767044 0.2461274 0.4461992 3.308778 10.89386 -22.38438
0.7675323 0.2334321 0.4349687 0.9805341 9.649588 -28.38438
0.7917022 0.210727 0.4142168 -1.614886 8.008366 -34.1172
0.7941436 0.1767915 0.4095781 -4.920229 5.863328 -39.25461
0.8107451 0.1284517 0.4073808 -8.065268 3.779359 -44.33095
0.8251494 0.09353954 0.4278886 -11.30954 1.893863 -48.76606
0.8283233 0.04519971 0.445955 -13.59962 -0.243542 -52.934
0.8285674 -0.01705615 0.4662187 -16.36298 -1.68629 -56.21645
0.8351592 -0.07247608 0.4881914 -18.39351 -3.296977 -59.03324
0.841751 -0.1274077 0.517 -18.92786 -5.266443 -61.8653
0.846878 -0.1791655 0.5545976 -19.79046 -5.762626 -64.04087
0.853958 -0.2189605 0.5646074 -19.88206 -6.129038 -65.59812
0.8527373 -0.2839019 0.6083086 -18.66832 -6.808427 -66.71263
0.8571319 -0.2638824 0.6305254 -19.59962 -6.38858 -68.50652
0.8559112 -0.3285796 0.6610429 -16.31717 -6.480183 -71.48362
0.8632354 -0.3849761 0.685457 -17.56145 -6.411481 -72.0714
0.8734893 -0.4308745 0.7130449 -13.81336 -4.953465 -71.21645
0.886917 -0.4672515 0.7267168 -12.43168 -2.816061 -70.27751
0.8825225 -0.5126616 0.7489336 -11.9355 -1.213008 -68.39201
0.8739776 -0.5336577 0.7648027 -10.32481 0.8251602 -66.50652
0.8761748 -0.5485503 0.7789629 -8.691221 2.954931 -65.52179
0.8632354 -0.581021 0.7672441 -8.477481 4.870962 -63.52179
0.8656768 -0.6308257 0.7733476 -8.042367 6.93203 -60.29278
0.8300323 -0.6679351 0.791414 -7.523283 9.092337 -57.57523
0.8700713 -0.7475249 0.7958086 -7.889695 10.06944 -49.98743
0.8554229 -0.7555816 0.7909257 -5.126336 14.19157 -46.43018
0.8515166 -0.7663238 0.7743242 -2.767558 16.39005 -42.12484
0.8429717 -0.7975738 0.7482011 -1.973664 17.27554 -36.8195
0.8390655 -0.8080718 0.744539 0.1408396 18.19157 -31.81186
0.8373565 -0.8236968 0.7191484 0.4843512 19.32898 -26.18591
0.8246612 -0.8258941 0.6996171 0.3011451 20.06944 -20.1172
0.8188018 -0.8261382 0.688875 -0.3782444 20.65722 -14.29278
0.8222198 -0.8295562 0.669832 -1.362977 20.42821 -7.979801
0.8114776 -0.8210113 0.655916 -2.813359 20.58852 -1.300413
0.8078155 -0.8070952 0.6415117 -4.45458 20.55798 5.142336
0.8041533 -0.7943999 0.6236894 -6.668321 20.06944 11.55455
0.8051299 -0.7738921 0.609041 -9.64542 19.22974 18.1118
0.8073272 -0.7421538 0.5980546 -12.87443 18.43585 24.38661
0.810501 -0.7106597 0.5851152 -15.77519 16.88623 30.91333
0.8188018 -0.6811187 0.5853593 -19.37824 16.00073 36.73775
0.8190459 -0.6318023 0.5985429 -22.30954 14.97783 42.10417
0.8275908 -0.6047027 0.5990312 -25.27137 14.37478 46.95913
0.8334502 -0.5534331 0.6041582 -27.21794 14.02363 51.26447
0.8432158 -0.5026519 0.6173418 -29.74466 13.36715 55.19577
0.8153838 -0.508023 0.6300371 -32.05763 13.77936 59.66905
0.8502959 -0.4377105 0.642 -34.50038 13.48928 61.91333
0.8515166 -0.3864409 0.6627519 -34.21794 13.54272 63.60799
0.8529815 -0.3554351 0.6568925 -35.55382 13.50455 65.63852
0.8568877 -0.3190581 0.6551836 -35.2103 14.07707 66.18814
0.8825225 -0.2819488 0.6695879 -35.27901 14.90149 66.66142
0.8888701 -0.2638824 0.6627519 -36.24847 15.69539 67.63852
0.8971709 -0.2348296 0.67325 -36.51565 16.29844 68.18814
0.8917998 -0.1752593 0.6432207 -34.80573 16.26791 65.26447
0.8983916 -0.1615874 0.6412675 -35.68359 16.66485 64.37135
0.909378 -0.1542632 0.6522539 -35.35534 17.84806 63.0431
0.9066924 -0.1444976 0.657625 -34.86679 19.07707 61.24157
0.9066924 -0.1283843 0.6546953 -35.24847 19.70302 60.066
0.9079131 -0.1144683 0.6388261 -35.52328 20.27554 58.2263
0.9098662 -0.09444874 0.635164 -34.9355 20.76409 56.05074
0.909378 -0.07662647 0.6185625 -34.9355 21.78699 53.51638
