0.138626 -0.4528472 0.4569414 -12.66832 -12.75499 -10.13247
0.7033233 -0.6711089 0.1358964 -1.775191 16.70302 -35.15537
0.7145537 -0.6733062 0.3165605 -28.46221 -5.57942 -9.727894
0.7126006 -0.6867339 0.3224199 -27.51565 -5.335145 -10.14011
0.7143096 -0.7001616 0.339998 -24.69122 -4.938199 -10.8424
0.7067412 -0.7091949 0.3470781 -20.54618 -4.014534 -11.75843
0.7040557 -0.7096831 0.3714921 -15.0042 -3.098504 -13.46835
0.6879424 -0.742398 0.3722246 -7.698855 -2.396214 -15.16301
0.6713408 -0.7426421 0.3854082 -0.7293897 -0.6252213 -17.0027
0.6457061 -0.7421538 0.3668535 4.201909 1.832794 -18.26224
0.6149444 -0.7687652 0.3478105 10.28588 1.550351 -19.22408
0.5954131 -0.7692534 0.3224199 14.07977 2.283175 -19.9111
0.5758819 -0.7953765 0.2984941 16.05687 2.649588 -19.25461
0.5592803 -0.8261382 0.2753007 14.47672 2.550351 -17.70499
0.5514678 -0.8298003 0.2374589 14.8126 1.275542 -15.78133
0.5612334 -0.8525054 0.2413652 15.36221 1.649588 -13.53705
0.5429229 -0.9130523 0.1979082 11.69809 1.397679 -9.903465
0.5397491 -0.9215972 0.1717851 6.705725 -2.037435 -4.628656
0.5253448 -0.9384429 0.1727617 2.079771 -3.136672 0.8064575
0.5417022 -1.031705 0.1449296 0.9194655 1.115237 5.493481
0.5412139 -1.045132 0.08731246 1.988168 -7.968733 11.066
0.548294 -1.092007 0.09561324 1.65229 -8.373313 16.82936
0.5531768 -1.067105 0.06826949 3.201909 -11.61759 22.60798
0.5380401 -1.144009 0.04922652 11.19427 -16.87713 28.34844
0.5353545 -1.106656 0.001619101 11.03397 -16.8924 33.79119
0.5334014 -1.110806 -0.01815629 19.00344 -25.46492 39.65379
0.5434112 -0.9899566 -0.05990434 39.38511 -43.76262 55.1805
0.5492705 -0.9023101 -0.03793168 37.12557 -50.01453 60.87516
0.5734405 -0.822232 -0.008146524 38.01107 -55.82369 64.85226
0.6105498 -0.7631499 0.03433394 38.0416 -60.0298 68.11944
0.6305694 -0.70773 0.07510543 40.19427 -64.46492 70.31791
0.6491241 -0.6759917 0.08438277 41.02633 -68.38095 72.37897
0.6571807 -0.6252105 0.1275957 41.59122 -71.88477 74.0431
0.6679229 -0.5783355 0.14908 41.62939 -75.03744 75.40951
0.6779326 -0.5426909 0.1874101 39.63702 -78.51836 76.95913
0.6925811 -0.5053374 0.2308671 38.30878 -81.41148 77.84463
0.6991729 -0.4789702 0.2611406 35.49198 -83.15958 79.00493
0.715042 -0.4538238 0.2755449 32.59122 -85.23591 79.64616
0.7211455 -0.4340484 0.3094804 30.62939 -87.68629 79.74539
0.7350616 -0.4208648 0.3627031 30.43092 -89.40385 79.74539
0.7379912 -0.4123199 0.4169023 30.36985 -91.23591 79.66142
0.7067412 -0.3920562 0.4606035 31.38511 -90.85423 79.27211
0.7162627 -0.3705718 0.5228593 29.95 -95.30461 80.17287
0.7592315 -0.4284331 0.6075761 30.79733 -85.24355 77.1576
0.7863311 -0.3937652 0.5458086 30.75153 -86.97637 78.10417
0.7743682 -0.3786284 0.5650957 28.88893 -89.94583 78.66142
0.8043975 -0.3432281 0.6041582 25.95 -88.51072 78.30264
0.8207549 -0.360562 0.6283281 28.0187 -87.41911 76.89043
0.8175811 -0.3495757 0.6285722 28.36222 -86.06797 76.21867
0.8095244 -0.3481109 0.6478593 30.26298 -85.41148 75.49348
0.8131866 -0.3341949 0.6481035 31.69809 -84.38858 74.78355
0.8170928 -0.3236968 0.6651933 32.65229 -83.31988 73.87516
0.8151397 -0.3127105 0.6634843 32.31641 -82.0298 73.14233
0.8183135 -0.2836577 0.6607988 29.48435 -80.8924 72.60799
0.8126983 -0.2675445 0.6610429 25.35458 -79.69392 71.95913
0.8185576 -0.2658355 0.6835039 20.9042 -78.43439 71.10417
0.8136748 -0.2560699 0.6896074 16.80496 -77.18247 70.41714
0.8146514 -0.2743804 0.6986406 13.56832 -75.77026 69.55455
0.8161162 -0.275357 0.7135332 10.24008 -74.28934 68.26447
0.810501 -0.2856109 0.7267168 8.179007 -72.71683 67.34844
0.8107451 -0.3085601 0.751375 7.400382 -71.48019 65.9286
0.8031768 -0.3271148 0.760164 6.797328 -69.18247 64.82936
0.7973174 -0.3420074 0.7816484 6.919466 -66.94583 63.48585
0.7836455 -0.3715484 0.7875078 7.392748 -64.58705 61.82936
0.7609405 -0.3988921 0.7818925 8.782061 -62.24354 60.75302
0.7350616 -0.4333159 0.7828691 11.43092 -60.80079 59.32554
0.7255401 -0.4694488 0.780916 14.45382 -58.82369 58.44768
0.7140655 -0.5104644 0.767 15.46145 -56.69392 58.20341
0.7111358 -0.5456206 0.7606523 17.84313 -56.1214 58.40188
0.7077178 -0.5885894 0.7555254 20.52252 -55.16721 59.69196
0.7204131 -0.6371734 0.7638261 23.26298 -53.94583 61.03547
0.7318877 -0.6586577 0.7521074 26.91947 -53.44201 63.1118
0.732376 -0.6601226 0.7545488 28.89657 -52.43438 65.31791
0.748001 -0.6757476 0.7464921 31.07977 -51.70156 68.08127
0.7743682 -0.688687 0.7530839 31.77443 -49.93056 71.75302
0.8043975 -0.6752593 0.7596757 33.14847 -48.30461 75.31027
0.8158721 -0.6540191 0.7486894 32.26297 -46.80079 78.75302
0.829544 -0.6120269 0.7411211 29.75916 -45.29697 82.30264
0.8336944 -0.5917632 0.765291 26.65229 -44.16721 84.98203
0.8456573 -0.5634429 0.7621171 22.75916 -41.19774 86.88279
0.8649444 -0.5473296 0.7735918 18.82023 -40.02217 89.23394
0.8844756 -0.5522124 0.7972734 14.34695 -37.57178 90.89043
0.900833 -0.5573394 0.8075274 10.57595 -35.1443 92.60799
0.9152373 -0.5712554 0.8131426 7.65229 -33.19774 95.43241
0.9418487 -0.5837066 0.8314531 3.751526 -30.19774 97.84463
0.9467315 -0.5839507 0.8575762 0.5148854 -27.0069 100.3332
0.9523467 -0.572232 0.8778399 -2.851527 -23.83133 103.4095
0.9462432 -0.5622222 0.9005449 -6.523283 -20.9382 105.8446
0.9501494 -0.5446441 0.9154375 -10.20267 -17.87713 108.3484
0.9582061 -0.5378081 0.9420488 -13.0958 -14.64812 110.7988
0.9647979 -0.5133941 0.9654863 -16.90496 -10.60232 113.7759
0.9115752 -0.09176319 0.8487871 -16.30191 -35.48782 108.5698
0.9655303 -0.0888335 0.8343828 -10.70649 13.97783 69.75302
0.9655303 -0.08956593 0.8290117 -8.828626 15.9244 68.42478
0.9608916 -0.07272022 0.8399981 -8.118702 18.33661 67.24157
0.9425811 -0.06002491 0.8565996 -7.790458 20.58852 65.84463
0.9286651 -0.0588042 0.8732012 -8.889695 22.96256 64.81409
0.90596 -0.04122607 0.8824785 -10.67595 25.48928 63.69958
0.8849639 -0.0287749 0.9024981 -13.75992 28.04653 63.01257
0.8598174 -0.02193897 0.9164141 -18.38588 30.90149 62.44768
0.8476104 -0.0107085 0.9303301 -23.14924 33.79463 61.77592
0.8339385 0.005893066 0.9476641 -29.27901 36.65722 61.76829
0.8246612 0.01443799 0.9525469 -36.79809 40.20684 61.80646
0.8097686 0.0271333 0.9659746 -44.89733 43.41295 62.08127
0.7001494 0.05398877 0.990877 -51.67596 46.60379 62.37135
0.6491241 0.06106884 0.9991777 -55.9355 49.90913 59.11944
0.68721 0.0674165 1.013338 -63.79809 52.14577 59.27211
0.6898955 0.05227978 1.034578 -67.66069 55.9702 59.1805
0.7309112 0.08694775 1.020906 -69.9126 60.27554 57.33318
0.6793975 0.03006299 1.048006 -73.04237 63.98547 55.40188
0.6918487 0.04129346 1.037996 -72.46221 66.77936 53.78355
0.6986846 0.04080518 1.055086 -69.32481 69.72592 51.42478
0.7106475 0.04373487 1.046541 -65.65305 71.96256 47.46294
0.7135772 0.0481294 1.050691 -60.10344 72.37478 41.90569
0.7345733 0.00735791 1.098055 -48.54618 73.76409 35.0202
0.7860869 0.02298291 1.134187 -40.24084 76.68775 28.09653
0.8283233 0.03738721 1.143709 -32.54618 79.80989 20.85989
0.8014678 0.03811963 1.171541 -26.08817 84.1305 13.1118
0.9010772 0.06546338 1.158846 -29.9584 87.20684 8.066
0.9892119 0.0583833 1.167391 -35.39351 91.60378 4.615618
1.081497 0.04397901 1.187898 -31.60725 96.0618 -2.80423
1.132034 0.05520947 1.207918 -31.88969 103.5351 -9.094305
1.185501 0.07254345 1.229402 -29.0042 111.245 -17.17827
1.227249 0.08914501 1.253084 -25.27137 118.1381 -26.17064
1.266067 0.1174653 1.289217 -25.66832 127.8404 -34.49125
1.287796 0.05716259 1.311922 -24.19504 138.6649 -42.0714
1.281937 0.1843599 1.334139 -25.79046 150.6267 -51.26988
1.184036 0.1264985 1.353182 -19.32481 160.39 -64.52942
1.142776 0.1001313 1.360018 -14.04237 171.2526 -74.63629
1.118362 0.106479 1.362947 -10.9584 181.6878 -84.19354
1.111526 0.06961377 1.328768 -4.775191 193.6801 -94.74316
1.127884 0.02395947 1.264559 -1.370611 204.39 -103.2699
1.121536 -0.06026905 1.19742 6.621755 212.0542 -114.2393
1.189651 -0.08810108 1.133211 12.02634 221.6649 -123.0638
1.237991 -0.1379058 1.054598 20.75153 230.9626 -130.9798
1.300247 -0.1662261 0.9615801 27.82786 239.4435 -139.2164
1.250442 -0.2030913 0.8856524 27.37748 242.4893 -142.2699
1.32222 -0.2069976 0.8241289 20.37748 247.9397 -147.4073
1.360306 -0.2692534 0.7660234 29.30878 247.9397 -154.9722
1.390335 -0.337857 0.6908281 29.56832 247.9397 -161.6058
1.404007 -0.4130523 0.5201738 22.07214 247.9397 -161.4913
1.443802 -0.5226714 0.4032304 23.10267 247.9397 -162.1096
1.37178 -0.6698882 0.3299882 24.37748 247.9397 -165.247
1.320511 -0.8522613 0.261873 37.50725 247.9397 -164.4073
1.36763 -0.7819488 0.1200273 28.04924 247.9397 -154.0867
1.349563 -0.8876616 0.02115035 28.82023 247.2603 -148.5829
1.343216 -0.9919097 -0.05477738 28.66756 241.6496 -144.789
1.2397 -0.942105 -0.1297286 29.27825 237.703 -137.3157
1.163772 -1.138882 -0.1866133 23.82786 227.1534 -128.8348
1.091507 -1.174771 -0.2305586 18.28588 210.9931 -116.163
