1.043278 0.4142462 0.1622725 247.2692 -96.84305 251.8109
1.095524 0.4467169 0.04728222 241.8112 -103.9805 251.8109
1.161198 0.5712286 0.07731152 234.6432 -113.6522 251.8109
1.223454 0.6862188 0.0934248 232.1089 -115.5224 251.8109
1.204167 1.012879 0.1114912 229.8264 -117.8278 251.8109
1.356266 1.290955 0.06730175 227.8951 -127.7133 251.8109
1.35529 1.326356 0.1334639 210.0173 -132.1789 251.8109
1.353092 1.348328 0.16154 201.628 -133.5911 251.8109
1.397038 1.478455 0.138835 196.5822 -136.6751 251.8109
1.479801 1.633484 0.09488964 190.1165 -143.4843 251.8109
1.501774 1.838563 0.2189131 183.1547 -144.1866 251.8109
1.53986 1.915467 0.2054853 168.8264 -148.4843 251.8109
1.5611 1.954774 0.22404 161.3837 -152.2629 251.8109
1.75275 2.062928 0.2543135 156.3302 -162.4461 251.8109
1.748356 2.13324 0.383708 151.8875 -159.6064 251.8109
1.747135 2.224976 0.3573408 139.8951 -157.9041 251.8109
1.755436 2.224976 0.4152021 127.231 -154.4079 251.8109
1.688786 2.224976 0.5267744 125.1394 -150.5072 251.8109
1.712467 2.224976 0.52946 113.8112 -149.7362 251.8109
1.68317 2.224976 0.5738935 103.46 -149.8583 251.8109
1.67902 2.224976 0.6200361 98.26918 -152.2782 251.8109
1.572575 2.224976 0.6727705 87.06306 -152.5835 251.8109
1.580387 2.224976 0.5775557 77.17757 -154.2553 251.8109
1.54987 2.224976 0.9220381 57.04017 -149.6369 242.4063
1.672917 2.224976 0.9347334 50.81116 -133.614 208.8491
1.698795 2.224976 0.9596357 45.96383 -127.3698 185.5743
1.794987 2.224976 0.9999189 34.58215 -124.3011 164.2155
1.632389 2.224976 1.210124 32.57452 -117.3927 140.8491
1.695133 2.224976 1.327556 34.1165 -107.9347 119.7575
1.581364 2.224976 1.421062 31.78826 -108.782 98.52846
1.789372 2.224976 1.41154 22.63559 -81.67511 51.45212
1.418278 2.224976 1.773845 16.78063 -75.65985 18.28418
1.374577 2.224976 1.788005 5.383679 -63.82015 -17.43337
1.330143 2.224976 1.819011 1.59742 -51.44611 -55.44864
1.297672 2.224976 1.843425 -12.84533 -42.1713 -90.67001
1.326969 2.224976 1.865397 -21.24991 -30.87359 -127.3799
1.428043 2.224976 1.856853 -32.09724 -18.46137 -168.4181
1.463932 2.224976 1.840495 -42.69266 -9.51481 -205.0441
1.547672 2.224976 1.830485 -49.67739 1.286716 -244.067
1.641422 2.224976 1.788981 -57.0438 12.40122 -248.4563
1.761051 2.224976 1.726726 -64.76135 22.29435 -248.4563
1.844547 2.224976 1.688884 -72.86823 32.17985 -248.4563
1.918278 2.224976 1.619304 -87.03616 41.53862 -248.4563
2.05402 2.224976 1.581462 -94.96747 52.59206 -248.4563
2.161442 2.224976 1.486003 -98.3186 63.76764 -248.4563
2.237858 2.224976 1.420817 -105.7308 71.46992 -248.4563
2.289799 2.224976 1.372722 -114.0133 79.34778 -248.4563
2.289799 2.224976 1.346354 -125.7537 91.06534 -248.4563
2.289799 2.224976 1.339274 -138.8224 101.3401 -248.4563
2.289799 2.165711 1.337565 -153.4178 115.0272 -248.4563
2.289799 1.99994 1.356364 -161.7537 132.8898 -248.4563
2.289799 1.813904 1.139812 -181.8301 143.7753 -248.4563
2.289799 1.717469 1.104655 -196.2728 157.6073 -248.4563
2.289799 1.534119 1.077312 -216.6316 175.9432 -248.4563
2.289799 1.41034 0.9720869 -230.6163 195.1264 -248.4563
2.289799 1.229676 0.8270674 -230.6163 212.844 -248.4563
2.289799 0.9745489 0.6224775 -230.6163 230.9737 -248.4563
2.289799 0.794129 0.5211592 -230.6163 231.0959 -248.4563
2.289799 0.4926153 0.3653975 -230.6163 231.0959 -248.4563
0.6707192 -0.1133417 1.12028 269.6508 -89.69038 251.8109
1.28986 1.191346 0.2269697 196.0249 -108.8354 251.8109
1.327946 1.308289 0.1937666 212.1012 -109.7209 251.8109
1.36237 1.499207 0.09562206 209.9257 -118.8049 251.8109
1.402653 1.575379 0.02360058 208.3684 -128.011 251.8109
1.463444 1.662537 -0.06795216 207.5669 -128.8125 251.8109
1.396549 1.71869 -0.09505177 202.147 -139.2171 251.8109
1.400456 1.865174 -0.1133623 189.1165 -155.6675 251.8109
1.450016 2.122987 -0.01546192 181.2921 -165.5988 251.8109
1.543034 2.197449 -0.04793262 164.0325 -174.8965 251.8109
1.617252 2.224976 0.02140331 151.4982 -190.3163 251.8109
1.615055 2.224976 0.09415722 133.2157 -190.9499 251.8109
1.622868 2.224976 0.3214521 120.8646 -198.2553 251.8109
1.68317 2.224976 0.4498701 113.628 -209.782 251.8109
1.818424 2.224976 0.5946455 107.9028 -210.4766 251.8109
1.844547 2.224976 0.727458 114.9486 -205.0263 251.8109
1.756168 2.224976 0.8856611 104.1852 -201.4995 251.8109
1.750553 2.224976 1.027019 94.70428 -208.4156 251.8109
1.839176 2.224976 1.285075 106.6738 -216.6369 251.8109
1.830631 2.224976 1.420329 102.8417 -196.324 250.3682
1.727604 2.224976 1.59489 96.87222 -183.8125 220.7269
1.590641 2.224976 1.768718 90.95619 -170.095 189.8872
1.479801 2.224976 1.919353 95.13177 -154.8278 160.8872
1.316227 2.224976 1.961589 88.18521 -143.3698 136.8033
1.305729 2.224976 1.969157 80.52872 -128.3774 109.3681
1.435612 2.224976 1.934733 54.1165 -116.8278 83.88724
1.385075 2.224976 1.990886 61.1623 -105.7133 53.52082
1.345524 2.224976 1.979899 28.03254 -94.60641 26.9254
1.431217 2.224976 1.982829 34.12414 -77.83542 -9.547878
1.4007 2.224976 2.027507 5.40658 -69.39267 -38.78452
1.350895 2.224976 2.066081 18.1394 -53.56061 -74.22726
1.361637 2.224976 2.071208 -7.906397 -38.51481 -106.7311
1.347233 2.224976 2.039226 -4.860596 -25.16366 -138.8456
1.368473 2.224976 2.03239 -22.57815 -12.23237 -169.3876
1.436344 2.224976 2.00529 -18.86823 4.492825 -203.2807
1.472477 2.224976 1.967937 -29.18121 18.30962 -232.0975
1.538639 2.224976 1.896892 -32.39495 28.96611 -248.4563
1.601872 2.224976 1.834392 -39.40258 45.20275 -248.4563
1.644596 2.224976 1.707927 -61.61632 54.36306 -248.4563
1.741276 2.224976 1.646403 -70.64685 65.95084 -248.4563
1.804997 2.224976 1.596354 -83.53235 81.36305 -248.4563
1.854069 2.224976 1.538981 -95.00563 91.96611 -248.4563
1.861637 2.224976 1.477214 -109.4255 102.2791 -248.4563
1.92194 2.224976 1.474772 -126.1125 116.6302 -248.4563
2.24152 2.121766 1.286784 -159.7995 169.76 -248.4563
2.289799 1.902283 1.082194 -172.6239 185.7447 -248.4563
2.289799 1.797303 1.055583 -187.3568 201.8898 -248.4563
2.289799 1.529481 0.8768721 -203.3568 217.7447 -248.4563
2.289799 1.285584 0.7784834 -214.5171 231.0959 -248.4563
2.289799 1.06952 0.6747236 -230.6163 231.0959 -248.4563
2.289799 0.8546759 0.4852705 -230.6163 231.0959 -248.4563
2.289799 0.7269903 0.302165 -230.6163 231.0959 -248.4563
2.289799 0.6398321 0.2323408 -230.6163 231.0959 -248.4563
2.289799 0.4860235 0.09733105 -230.6163 231.0959 -248.4563
2.289799 0.2997442 0.007487297 -230.6163 231.0959 -248.4563
2.289799 0.177674 -0.1150713 -230.6163 231.0959 -248.4563
2.289799 -0.03228699 -0.2605791 -230.6163 231.0959 -248.4563
2.289799 -0.2466424 -0.2605791 -230.6163 231.0959 -248.4563
2.157047 -0.4570917 -0.2605791 -230.6163 231.0959 -248.4563
2.099674 -0.596496 -0.2605791 -230.6163 231.0959 -248.4563
2.289799 -0.6423944 -0.2605791 -230.6163 231.0959 -248.4563
2.13483 -1.009338 -0.2605791 -230.6163 231.0959 -248.4563
1.990543 -1.108947 -0.2605791 -230.6163 231.0959 -248.4563
1.842594 -1.342101 -0.2605791 -230.6163 231.0959 -248.4563
1.706852 -1.628478 -0.2605791 -230.6163 231.0959 -248.4563
1.530094 -1.774963 -0.2605791 -230.6163 231.0959 -248.4563
1.182926 -1.774963 -0.2605791 -230.6163 231.0959 -248.4563
1.047672 -1.774963 -0.2605791 -230.6163 231.0959 -248.4563
0.5015298 -1.774963 -0.2605791 -230.6163 231.0959 -248.4563
0.2698403 -1.774963 -0.2605791 -230.6163 231.0959 -248.4563
-0.3717612 -1.774963 -0.2605791 -230.6163 231.0959 -248.4563
-0.8375815 -1.774963 -0.2605791 -213.0514 231.0959 -248.4563
-1.138607 -1.774963 -0.2605791 -135.1125 202.8363 -223.7158
-1.601009 -1.774963 -0.2605791 -109.2041 93.09587 -141.9219
-1.452083 -1.774963 -0.2605791 -58.39495 26.28672 -103.0899
-1.559261 -1.774963 -0.2605791 -25.81479 -38.05679 -57.75399
-1.630794 -1.774963 -0.2605791 -42.49418 -87.85832 -13.10513
-1.621517 -1.774963 -0.2605791 -30.46365 -132.3316 15.94067
-1.49139 -1.774963 -0.2605791 -39.79953 -166.4766 50.49029
-1.240169 -1.774963 -0.2605791 -21.91403 -203.4385 82.01701
-0.9691733 -1.774963 -0.2605791 -8.730825 -216.8812 103.9025
-0.5460776 -1.774963 -0.2605791 27.43711 -238.5835 130.1391
-0.2855796 -1.774963 -0.2605791 72.66612 -255.8354 143.5514
-0.01604834 -1.774963 -0.2605791 132.1012 -264.1484 162.2537
-0.006038576 -1.774963 -0.002034187 186.8646 -269.1713 174.4674
0.2080728 -1.774963 0.2821455 247.0096 -266.4767 183.6735
0.307438 -1.774963 0.7279463 269.6508 -269.1102 217.8872
0.5047036 -1.774963 0.9935713 269.6508 -237.5224 238.788
0.8819009 -1.774963 0.9242353 269.6508 -224.9805 250.2079
0.8645669 -1.774963 1.023601 269.6508 -203.7896 251.8109
0.7832681 -1.774963 1.052409 269.6508 -192.9576 251.8109
