-0.630836 0.1547104 1.192499 -11.22385 30.38305 -16.60143
-0.6501231 0.1461655 1.170526 -10.51392 30.56626 -18.46403
-0.6547617 0.1359116 1.171991 -9.987206 28.59679 -20.18922
-0.6208262 0.1068589 1.10412 -11.23911 29.50519 -18.41059
-0.6821055 0.0751206 1.069208 -12.07881 26.84107 -19.05945
-0.6767344 0.04557958 1.048212 -15.26202 23.56626 -18.75411
-0.6659922 0.04216161 1.039667 -17.7582 21.60443 -16.37243
-0.6803965 0.015062 1.045282 -19.33072 19.32962 -16.6396
-0.7045664 -0.01106104 1.029657 -19.22385 15.9403 -13.79991
-0.6972422 -0.03327784 1.019892 -18.74293 12.48229 -13.48693
-0.6657481 -0.0720962 1.002069 -17.14751 9.97084 -11.69304
-0.6747813 -0.05744776 1.041376 -13.7582 5.642595 -11.83808
-0.653541 -0.01838526 1.040888 -15.16278 3.18458 -10.15869
-0.6584239 -0.01838526 1.08288 -16.53682 0.7418318 -9.402962
-0.6408457 0.00969091 1.138056 -17.47576 -2.052061 -6.838076
-0.615211 -0.00617823 1.157343 -13.7582 -3.62458 -8.006016
-0.6017832 0.04411474 1.20373 -11.74293 -5.647481 -8.006016
-0.5607676 0.05217138 1.249384 -14.29255 -5.853588 -7.639603
-0.5324473 0.06681982 1.301386 -12.88797 -5.120764 -8.92968
-0.5153574 0.08903662 1.343866 -13.77347 -3.769619 -9.479298
-0.4804453 0.09001318 1.383661 -12.67423 -1.830687 -10.30373
-0.4653086 0.1102768 1.414179 -12.42232 0.550992 -11.29609
-0.4687266 0.1061265 1.429315 -13.8727 2.459389 -11.12052
-0.4535899 0.1063706 1.44787 -13.8498 5.467023 -11.88388
-0.4552989 0.1405503 1.436884 -14.63606 9.825801 -13.41823
-0.4648203 0.1449448 1.429804 -16.56736 12.23802 -13.82281
-0.4640879 0.1229722 1.430292 -17.41469 13.32198 -12.87624
-0.4570078 0.1188218 1.407343 -19.92614 15.22275 -11.97548
-0.4587168 0.0895249 1.37829 -21.88797 20.39069 -13.84571
-0.5104746 0.08708349 1.381708 -23.65896 23.68076 -14.06708
-0.5514903 0.03239599 1.31164 -18.54446 22.92504 -16.51747
-0.5011973 0.007005363 1.263544 -8.246748 21.13878 -15.91441
-0.5094981 0.01066747 1.256464 -10.57499 23.25328 -15.60907
-0.5776133 -0.01374659 1.257196 -5.605527 20.97847 -15.06708
-0.5693125 0.01799169 1.220575 -6.712397 20.58916 -13.87624
-0.5790781 0.01603857 1.206903 -7.941404 20.03191 -12.31136
-0.5656504 0.02848974 1.195673 -8.666595 18.06244 -9.998382
-0.5673594 0.04069677 1.182245 -12.19331 17.10825 -8.006016
-0.5761485 0.03947607 1.180536 -14.6895 15.60443 -6.265557
-0.5595469 0.0360581 1.211542 -15.9185 14.81053 -4.998382
-0.5512461 0.05046239 1.219843 -16.14751 13.69603 -4.25029
-0.5505137 0.0541245 1.233759 -15.59789 13.33725 -3.700672
-0.5480723 0.06144872 1.254999 -14.25438 12.77237 -3.372427
-0.545875 0.0763413 1.262079 -12.39942 12.39069 -3.922046
-0.5356211 0.09465185 1.279169 -11.75056 12.40595 -3.960214
-0.5263438 0.1019761 1.289667 -11.67423 13.10824 -4.204488
-0.5204844 0.1058823 1.282343 -10.75056 13.96321 -4.631969
-0.5212168 0.108812 1.287714 -10.21621 14.23038 -4.799908
-0.5114512 0.1039292 1.273065 -9.735298 15.15405 -4.860977
-0.5243906 0.1027085 1.27038 -8.345984 15.56626 -5.280824
-0.5202403 0.0973374 1.250605 -6.964306 15.7571 -5.883878
-0.5312266 0.09001318 1.243524 -4.903237 15.52046 -6.112885
-0.5383067 0.1124741 1.237177 -5.39942 14.90214 -6.128152
-0.5290293 0.09806982 1.212763 -8.391787 16.6655 -5.212122
-0.5473399 0.0919663 1.202509 -9.307817 14.8716 -4.311358
-0.5312266 0.077562 1.197138 -10.54446 14.85634 -3.372427
0.07643945 0.4601304 2.490351 19.93646 75.9632 -53.93731
0.01979883 0.3976304 2.568476 2.333405 86.40595 -55.6396
0.09914454 0.3539292 2.582148 0.06622899 99.34488 -54.57853
0.169457 0.3676011 2.631708 -4.796367 109.1311 -56.548
0.2097402 0.3383042 2.711298 -11.27728 119.4365 -55.00601
0.2097402 0.3531968 2.753046 -20.10934 132.2075 -52.90678
0.2304922 0.3038804 2.738153 -25.44522 140.5281 -50.93731
0.2695547 0.2728745 2.723993 -26.43759 152.7953 -50.22739
0.2861562 0.232103 2.698359 -24.7582 162.78 -50.15868
0.3115469 0.2347886 2.675653 -22.26965 173.9479 -50.89914
0.3095937 0.2613999 2.638056 -19.06354 182.7342 -51.50983
0.3357168 0.3055893 2.563593 -17.69713 193.009 -53.60907
0.3330312 0.3412339 2.488886 -18.67423 204.2991 -54.86098
0.3479238 0.344896 2.388056 -20.99484 213.0853 -55.5251
0.3540273 0.353685 2.314325 -20.05591 222.5434 -58.63197
0.3738027 0.3317124 2.214716 -14.94904 229.6884 -61.20449
0.3757558 0.3734604 2.108759 -12.97194 232.864 -64.5022
0.3730703 0.372728 2.030878 -11.62079 239.1235 -67.78464
0.3877187 0.3749253 1.984735 -10.76583 244.9861 -68.58617
0.4338613 0.4130112 1.966669 -11.36125 246.0243 -71.42586
0.3979726 0.4286362 1.928583 -10.20095 246.0243 -74.74648
0.4492422 0.4344956 1.821649 -9.025374 246.0243 -78.51746
0.4502187 0.4691636 1.816034 -9.460488 246.0243 -84.23502
0.4685293 0.4779526 1.845087 -9.529191 246.0243 -89.38006
0.6936269 0.4791733 1.935907 -8.552092 246.0243 -106.7694
0.7737051 0.4652573 1.961054 -7.178046 246.0243 -113.9602
0.8391348 0.4237534 1.990351 -6.765832 246.0243 -120.1816
0.9087149 0.3771225 1.991571 -6.345985 246.0243 -126.235
0.9673086 0.3087632 1.98498 -3.567359 246.0243 -131.7159
1.034691 0.2299057 1.963495 -1.162779 246.0243 -136.3724
1.089379 0.176439 1.897333 -0.3536183 246.0243 -139.6396
1.123559 0.1144272 1.853144 2.585313 246.0243 -143.8228
1.109154 0.07389989 1.793329 5.394473 246.0243 -146.9602
1.133324 0.03923193 1.688837 4.486076 246.0243 -149.3572
1.216576 0.01017919 1.588007 3.08913 246.0243 -151.0442
1.199975 -0.03523097 1.507929 -1.689496 246.0243 -149.174
1.144311 -0.115065 1.384638 -2.010107 246.0243 -149.3801
1.187523 -0.2168716 1.275019 8.394473 246.0243 -150.3572
1.117943 -0.09870752 1.235468 0.1349313 246.0243 -148.1282
0.976586 -0.2605728 0.9468936 6.676916 246.0243 -138.8075
0.6369863 -0.2676528 1.090692 9.478443 246.0243 -145.403
0.8860098 -0.3343032 0.6243838 13.20363 246.0243 -140.4259
0.976586 -0.3401626 0.2366885 26.2189 246.0243 -136.006
1.141625 -0.3487075 -0.06165135 34.49371 246.0243 -140.8686
0.8974844 -0.2156509 -0.03088963 33.51661 246.0243 -145.7083
0.8176504 -0.1978286 0.05919826 31.60058 246.0243 -144.6472
0.8957754 -0.1507095 0.1353701 30.60058 246.0243 -147.6472
0.846459 -0.198561 0.1175479 29.74562 246.0243 -146.9984
0.8667227 -0.2115005 0.1678408 37.48608 246.0243 -151.3953
0.8652578 -0.2119888 0.2513369 45.70745 246.0243 -156.2274
0.9096914 -0.1521743 0.3216494 49.3105 246.0243 -161.235
0.889916 -0.1782974 0.3519229 54.71508 246.0243 -166.4335
0.9258047 -0.1841568 0.3670596 60.13493 246.0243 -172.4106
0.9377676 -0.2000259 0.3775576 61.55478 246.0243 -176.8533
0.9421621 -0.2537368 0.3751162 63.16547 246.0243 -180.2427
0.9734121 -0.2469009 0.3233584 58.03569 246.0243 -182.0747
0.9634024 -0.3001235 0.2711123 49.86776 246.0243 -181.6014
0.955834 -0.3140396 0.2440127 39.2647 246.0243 -179.5785
0.9360586 -0.3743423 0.2117862 25.04333 246.0243 -175.1053
0.9143301 -0.4309829 0.1895694 10.56241 246.0243 -168.9526
0.8171621 -0.4722427 0.2752627 -2.498657 246.0243 -161.0137
0.8027578 -0.557692 0.1282901 -21.39942 246.0243 -147.2961
0.7859121 -0.6182388 0.1243838 -30.47575 246.0243 -142.1969
0.7768789 -0.6597427 -0.009161115 -40.81927 246.0243 -139.3877
0.7461172 -0.6690201 0.1136416 -46.50629 246.0243 -123.0976
0.6841054 -0.721022 -0.02380955 -61.40705 246.0243 -107.8075
0.6904531 -0.9199966 -0.06165135 -45.63606 246.0243 -103.6549
0.8000723 -0.8162369 -0.06165135 -32.99484 246.0243 -106.0289
0.7343984 -0.6761002 -0.04797947 -35.07881 246.0243 -101.1511
0.7387929 -0.5916275 -0.06165135 -34.33072 246.0243 -89.33426
0.7612539 -0.4763931 -0.06165135 -37.01011 246.0243 -88.29609
0.7385488 -0.4351333 -0.06165135 -34.88034 246.0243 -87.26556
0.7646719 -0.3628677 -0.03113377 -35.8956 246.0243 -84.32662
0.7798086 -0.2854751 -0.007940412 -38.81163 245.7495 -82.82281
0.8154531 -0.316481 0.04992092 -34.90324 241.696 -87.02892
0.777123 -0.2827896 0.0294131 -38.19331 236.4747 -81.95258
0.8032461 -0.2571548 0.03698146 -35.47575 229.1159 -82.7999
0.7947011 -0.2405532 0.06579006 -36.8498 226.322 -84.00601
0.7976308 -0.2666763 0.07897365 -38.79636 221.8411 -83.67777
0.7175527 -0.3318618 0.1387881 -36.96431 215.1006 -83.41823
0.7072988 -0.2893814 0.1036319 -37.39178 216.0701 -79.34953
0.6985097 -0.3557876 0.05700099 -35.91087 208.1311 -80.86861
0.6648183 -0.4199966 0.03502834 -32.46812 204.1082 -81.04418
0.6479726 -0.4470962 -0.005987287 -30.39178 196.78 -77.5709
0.6272207 -0.4890884 -0.04944432 -26.30018 187.9098 -75.67777
0.6040273 -0.5376724 -0.06165135 -22.79637 178.4288 -73.01365
0.5842519 -0.5440201 -0.04016697 -18.17805 162.8411 -71.73884
0.6743398 -0.5047134 -0.02136815 -19.36889 163.0472 -67.96021
0.6611562 -0.5205826 -0.05237401 -16.94904 157.696 -65.69304
0.6540761 -0.5015396 -0.06165135 -19.07881 149.8411 -59.49456
-0.4472422 -0.2139419 1.494257 15.99753 -16.92229 25.39857
-0.4252696 -0.2073501 1.508417 16.34104 -16.64748 26.07795
-0.4042735 -0.1834243 1.534296 16.80669 -15.77725 26.91002
-0.3920664 -0.1717056 1.551386 16.34104 -14.13603 27.4978
