0.2976724 -1.774963 0.1988935 9.498183 -231.3163 137.4674
0.4080239 -1.774963 0.3954268 6.063068 -233.9346 179.8033
0.4964028 -1.774963 0.6009932 8.505816 -238.24 217.101
0.5857583 -1.774963 0.8151045 11.85696 -231.9499 248.0323
0.807438 -1.774963 0.9449873 19.0936 -226.5759 251.8109
0.7747231 -1.774963 1.143962 29.64322 -216.4614 251.8109
0.9077798 -1.774963 1.186687 34.71956 -200.095 251.8109
0.8628579 -1.774963 1.067546 29.39895 -194.7362 251.8109
0.9214517 -1.774963 1.36906 106.2157 -200.8201 251.8109
0.9937173 -1.59259 1.366862 82.14703 -179.5911 251.8109
0.9424478 -1.305969 1.371745 105.2844 -170.3927 251.8109
0.9136392 -1.214904 1.368083 115.8417 -162.8125 251.8109
0.9382974 -1.102355 1.334147 131.1165 -154.698 251.8109
0.9617349 -0.9556269 1.288493 140.3837 -147.3774 251.8109
0.9680825 -0.9053339 1.237224 152.7196 -140.6904 251.8109
0.9751626 -0.7908319 1.255534 160.0783 -135.4232 251.8109
1.053532 -0.7107538 1.21403 171.9791 -126.1484 251.8109
1.055729 -0.6218866 1.185222 187.2157 -124.9041 251.8109
1.122868 -0.5625605 1.142009 200.0173 -122.553 251.8109
1.150944 -0.4627069 1.104655 206.1623 -115.4385 251.8109
1.221745 -0.377746 1.086833 219.8112 -113.5377 251.8109
1.308415 -0.3215936 1.065349 232.3913 -107.2324 251.8109
1.382877 -0.2571405 1.030192 245.4295 -102.1331 251.8109
1.475407 -0.1846307 0.9952803 249.7272 -95.52245 251.8109
1.533756 -0.1328729 0.9337568 257.0783 -86.94992 251.8109
1.56403 -0.09576355 0.8649092 265.9257 -79.2629 251.8109
1.598942 -0.03033386 0.7601728 269.6508 -75.75908 251.8109
1.623356 0.0409552 0.6542158 269.6508 -73.11023 251.8109
1.608952 0.063172 0.6022139 269.6508 -68.07206 251.8109
1.711491 0.1063849 0.4220381 269.6508 -65.13313 251.8109
2.289799 2.224976 2.524089 -81.73082 121.7524 -248.4563
2.289799 -1.209777 -0.2605791 -230.6163 231.0959 -248.4563
2.289799 -1.774963 -0.2605791 -230.6163 231.0959 -248.4563
1.501286 -1.774963 -0.2605791 -228.2499 231.0959 -248.4563
0.6438638 -1.774963 -0.2605791 -143.4865 231.0959 -248.4563
-0.1874351 -1.774963 -0.2605791 -164.685 231.0959 -248.4563
0.2058755 -1.774963 -0.2605791 31.44475 125.6455 -248.4563
0.3899575 -1.774963 -0.2605791 150.6356 10.7142 -248.4563
-0.2247886 -1.774963 -0.2605791 220.9562 -52.91939 -248.4563
-0.8065757 -1.774963 -0.2605791 252.8951 -101.4537 -238.1357
-0.6420249 -1.774963 -0.2605791 189.3608 -129.4843 -172.3189
-0.9550132 -1.774963 -0.2605791 165.0554 -168.3774 -142.296
-0.5929526 -1.774963 -0.2605791 136.9333 -199.7056 -122.899
-0.4655112 -1.774963 -0.2605791 129.3761 -223.3698 -104.0364
-0.4511069 -1.774963 -0.2605791 128.4371 -215.5224 -83.40284
-0.5834311 -1.774963 -0.229085 96.03253 -225.3698 -55.02879
-0.2728843 -1.774963 0.1329756 81.87987 -219.1484 -19.79979
0.07770166 -1.774963 0.3319502 74.80353 -215.469 14.61243
0.3198892 -1.774963 0.5109053 64.78825 -204.5301 52.65823
0.4519692 -1.774963 0.6410322 66.71956 -193.7514 88.08571
0.4607583 -1.774963 0.7611494 64.0249 -186.7972 123.7727
0.449772 -1.774963 0.862956 52.59742 -179.1866 159.0094
0.4465981 -1.774963 0.8986006 40.40658 -181.4614 193.1926
0.3530923 -1.774963 1.059978 35.52108 -165.6369 217.7117
0.4158364 -1.774963 1.114909 25.00963 -161.1331 242.7651
0.4507485 -1.774963 1.153972 17.41421 -150.3087 251.8109
0.4817544 -1.774963 1.122722 22.58979 -146.1866 251.8109
0.5430337 -1.774963 1.134196 19.87986 -141.1408 251.8109
0.5884439 -1.774963 1.131511 30.87223 -136.3698 251.8109
0.6409341 -1.774963 1.102946 48.0249 -132.6369 251.8109
0.7068521 -1.753478 1.064372 63.26154 -130.011 251.8109
0.7764321 -1.653625 1.031413 83.14703 -126.5759 251.8109
0.8291665 -1.481262 0.9867353 106.9562 -124.2553 251.8109
0.8687173 -1.398254 0.979167 129.8875 -124.3392 251.8109
0.9050942 -1.244689 0.9637861 151.8722 -124.1102 251.8109
0.9539224 -1.049621 0.994792 177.315 -123.3927 251.8109
0.9798013 -0.952453 1.024577 201.5058 -115.7973 251.8109
1.086491 -0.9417109 0.8949385 211.0173 -109.553 251.8109
1.158756 -0.7610468 0.8866377 220.2005 -105.3392 251.8109
1.17609 -0.4617304 0.8639326 223.4982 -101.1102 251.8109
1.244694 -0.3381952 0.7164717 244.5058 -93.76672 251.8109
1.270817 -0.1751093 0.6393232 256.8417 -95.24763 251.8109
1.350895 -0.07134949 0.5736494 263.6508 -94.75145 251.8109
1.413883 0.08441223 0.5709639 263.2463 -93.98045 251.8109
1.471989 0.2448126 0.5753584 256.7119 -91.20183 251.8109
1.496891 0.3366095 0.4911299 252.2005 -88.89648 251.8109
1.556706 0.5634161 0.3727217 243.5364 -88.90413 251.8109
1.555485 0.6339727 0.3771162 230.231 -91.01099 251.8109
1.576969 0.7550665 0.3917646 215.1012 -90.11023 251.8109
1.656315 0.9279181 0.3422041 201.6585 -85.49191 251.8109
1.610905 1.028016 0.2970381 188.3302 -93.50717 251.8109
1.563297 1.079774 0.3717451 196.2234 -101.1179 251.8109
1.850163 1.26117 0.1781416 179.6967 -86.76672 251.8109
1.734928 1.469178 0.2648115 153.5669 -97.36214 251.8109
1.774967 1.334412 0.213542 166.628 -99.23236 251.8109
1.661686 1.493348 0.1874189 142.3455 -104.2018 251.8109
1.628239 1.496033 0.1612959 138.0707 -109.4232 251.8109
1.565739 1.633729 0.177165 128.8646 -117.7514 251.8109
1.562321 1.706971 0.182292 135.689 -124.1713 251.8109
1.545719 1.762391 0.1981611 148.0325 -133.5148 251.8109
1.695377 1.815613 0.07413769 159.1318 -145.5835 251.8109
1.504459 2.156922 0.1576338 155.0631 -151.9423 251.8109
1.658024 2.11078 0.09244823 169.9562 -155.7438 251.8109
1.624821 2.224976 0.1415205 178.1012 -164.6446 251.8109
1.662418 2.224976 0.05485058 182.5822 -172.1942 251.8109
1.684635 2.224976 0.05997753 188.7577 -182.6599 251.8109
1.704411 2.224976 -0.0005693436 191.2081 -193.6751 251.8109
1.684391 2.224976 0.06290722 183.4218 -207.1179 251.8109
1.724674 2.224976 0.1507978 180.3379 -216.4766 251.8109
1.823063 2.224976 0.1903486 170.6051 -229.385 251.8109
1.760075 2.224976 0.3143721 171.1394 -245.614 251.8109
1.912418 2.224976 0.4423018 153.9867 -250.9346 251.8109
2.063786 2.224976 0.7584639 168.5058 -244.843 251.8109
2.169498 2.224976 0.8937178 172.773 -249.2934 251.8109
2.289799 2.224976 1.129313 195.4906 -250.1026 250.4827
2.289799 2.224976 1.293132 197.9333 -240.8583 247.8643
2.289799 2.224976 1.488933 197.3837 -229.2171 210.0857
2.289799 2.224976 1.954997 166.1928 -186.9576 182.6659
2.289799 2.224976 1.929606 126.8035 -155.8583 151.3605
2.289799 2.224976 2.032878 86.002 -135.8812 122.0399
2.289799 2.224976 2.02946 50.56689 -117.1789 83.07808
2.245182 2.224976 2.144938 11.75009 -98.60641 36.30708
2.208805 2.224976 2.391765 -15.48655 -76.2858 -20.02116
2.212955 2.224976 2.519206 -38.94456 -34.60641 -86.53261
2.177555 2.224976 2.550944 -57.23464 -3.476642 -155.0517
2.264225 2.224976 2.422282 -78.18121 22.21801 -221.4257
2.289799 2.224976 2.383464 -104.8224 41.38595 -248.4563
2.289799 2.224976 2.367351 -117.456 65.16458 -248.4563
2.289799 2.224976 2.28239 -127.5018 90.36305 -248.4563
2.289799 2.224976 2.152751 -151.8301 107.1264 -248.4563
0.5901528 -1.748107 0.7201338 171.2234 -269.1713 186.017
0.6663247 0.4269415 0.965251 133.9638 -89.1255 251.8109
0.6797524 0.5514532 0.9415693 137.9333 -86.50717 251.8109
0.6465493 0.6325079 0.8685713 146.0249 -89.94229 251.8109
0.7051431 0.648377 0.7828779 148.5898 -87.52245 251.8109
0.8042642 0.6703497 0.7198896 157.147 -89.67511 251.8109
0.7393228 0.7672735 0.7345381 172.147 -92.07207 251.8109
0.7818032 0.867127 0.6849775 172.4142 -92.30107 251.8109
0.791813 0.9906622 0.6422529 180.1394 -91.31633 251.8109
0.7254067 1.184266 0.5404463 209.1623 -100.9652 251.8109
0.538395 1.550965 0.4654951 225.773 -125.0873 251.8109
0.7163735 1.66327 0.4015303 194.3379 -126.011 251.8109
0.838688 1.58075 0.5106611 213.4524 -115.3545 251.8109
0.795231 1.815369 0.5109053 214.2386 -120.2476 251.8109
0.7937661 1.913514 0.4715986 218.2463 -126.1179 251.8109
0.8228189 2.003846 0.4672041 211.9028 -130.5148 251.8109
0.8154946 2.072938 0.4667158 206.3531 -133.6446 251.1391
0.8015786 2.157655 0.4623213 194.0402 -140.2095 244.6124
0.795231 2.216492 0.5248213 184.7883 -143.9118 238.4979
0.8030435 2.224976 0.557292 165.7348 -150.5835 232.7575
0.8313638 2.224976 0.59904 144.8722 -154.4614 227.8185
0.8723794 2.224976 0.6473799 126.3761 -158.8736 222.8949
1.039616 2.224976 0.9193525 89.23865 -178.4995 206.8033
1.107975 2.224976 1.062663 86.91803 -177.1789 196.5743
1.161686 2.224976 1.142985 89.91803 -175.324 186.872
1.199284 2.224976 1.191081 98.53635 -174.3469 178.0399
1.240299 2.224976 1.261882 113.4829 -175.4079 169.9483
1.271793 2.224976 1.33195 134.2386 -175.0721 161.5361
1.296696 2.224976 1.400798 148.1241 -173.3163 156.3605
1.451481 2.224976 1.427165 171.6432 -169.2095 158.8185
