1.257877 -0.8450312 1.344401 191.3684 -99.59879 251.8109
1.236881 -0.6907343 1.353435 205.3761 -89.77435 251.8109
1.297184 -0.6384882 1.277263 218.4982 -78.92702 251.8109
1.361637 -0.5588984 1.224528 227.2386 -70.74382 251.8109
1.407292 -0.5278925 1.163005 235.7348 -62.05679 251.8109
1.464176 -0.5156855 1.054606 247.3531 -51.32397 251.8109
1.449772 -0.4160761 0.8968916 258.2692 -49.67512 251.8109
1.648502 -0.3442987 0.8353682 255.4524 -37.98809 251.8109
1.527165 -0.3775018 0.7613935 267.2921 -37.1255 251.8109
1.650456 -0.09649597 0.6901045 265.315 -30.3087 251.8109
1.550114 -0.08868347 0.4430342 260.628 -25.40794 251.8109
1.619206 -0.07916199 0.2806807 251.4142 -40.67512 251.8109
1.614567 -0.1150507 0.2985029 248.3379 -43.2629 251.8109
1.72736 0.0006719976 0.2994795 241.1165 -41.81252 251.8109
1.775211 0.02288879 0.2828779 239.4142 -41.72855 251.8109
1.87775 0.1557013 0.2237959 229.5211 -40.09496 251.8109
1.827702 0.681336 0.2318525 188.9028 -48.72855 251.8109
1.842838 1.440125 0.2936201 164.9867 -76.24001 251.8109
2.035709 1.495789 0.07047558 190.4295 -91.17892 251.8109
1.906071 1.486756 0.2753096 178.5364 -52.34687 251.8109
2.041569 1.372742 0.1471357 173.2997 -52.03389 251.8109
1.879704 1.433289 0.05265331 148.6356 -66.49954 251.8109
1.88361 1.739441 0.1193037 124.2234 -76.98809 251.8109
1.845524 1.784852 0.138835 99.06306 -80.46138 251.8109
1.739079 1.7995 0.1385908 76.27681 -97.75908 251.8109
1.827702 1.734559 0.1793623 68.04781 -97.24001 251.8109
1.922428 1.77826 0.06827831 67.85696 -101.2629 251.8109
1.942448 1.822938 0.05753613 71.97147 -115.2095 251.8109
1.908512 1.830994 0.06070995 73.8875 -125.8812 251.8109
1.947819 1.882264 0.06144238 80.39894 -137.5072 251.8109
1.979801 1.91449 0.06705761 90.81116 -148.8049 251.8109
1.998112 1.956727 0.1205244 99.81879 -162.4614 251.8109
1.996647 2.000184 0.1664228 110.5363 -176.0263 251.8109
2.059635 2.075867 0.1915693 120.7959 -189.2476 251.8109
1.846256 2.224976 0.4320478 144.0707 -208.1255 251.8109
2.093327 2.224976 0.4777021 161.0783 -210.9194 251.8109
2.14484 2.224976 0.6224775 167.7043 -216.0339 251.8109
2.162174 2.224976 0.7618818 188.8264 -221.2629 251.8109
2.245182 2.224976 0.868083 204.9104 -226.7896 251.8109
2.289799 2.224976 1.035563 221.857 -233.8583 251.8109
2.289799 2.224976 1.164958 234.7425 -221.6675 251.8109
2.289799 2.224976 1.233806 247.4295 -221.0415 251.8109
2.289799 2.224976 1.420329 258.6661 -220.7209 251.8109
2.289799 2.224976 1.540935 255.6661 -196.0797 251.8109
2.289799 2.224976 1.790202 248.5745 -178.9041 251.8109
-0.7396811 2.224976 2.291179 261.7806 -221.7591 251.8109
1.403629 2.224976 2.406657 269.6508 -127.7744 211.0857
2.113834 2.224976 2.438396 243.6127 -130.0339 169.3529
2.094303 2.224976 2.273112 129.6661 -104.1408 140.9941
1.732243 2.224976 2.217937 105.1623 -83.2858 90.16205
1.75861 2.224976 2.114421 55.03254 -61.80489 46.45212
1.794254 2.224976 2.115397 25.12414 -41.97282 -2.570779
2.008366 2.224976 1.975749 -8.188839 -21.40794 -50.1891
2.061344 2.224976 1.938151 -44.52472 -9.033894 -95.02879
1.963932 2.224976 1.964519 -58.67739 10.21038 -146.9525
1.924381 2.224976 2.038737 -60.14304 30.15694 -199.7005
1.986149 2.224976 2.082927 -77.57816 47.12642 -247.1815
2.099674 2.224976 2.013835 -61.67739 72.0119 -248.4563
2.135319 2.224976 1.874675 -75.24991 88.28671 -248.4563
2.254948 2.224976 1.740642 -82.30334 105.218 -248.4563
2.289799 2.224976 1.61906 -101.914 121.0348 -248.4563
2.289799 2.224976 1.498698 -115.6163 132.6531 -248.4563
2.289799 2.224976 1.381755 -122.4178 154.9966 -248.4563
2.289799 2.224976 1.143718 -128.2804 157.5234 -248.4563
2.289799 2.224976 1.073894 -136.5553 169.9127 -248.4563
2.289799 2.162049 0.7474775 -162.1507 198.3096 -248.4563
2.289799 1.995057 0.7091475 -170.143 206.302 -248.4563
2.289799 1.882264 0.6456709 -177.3415 215.1722 -248.4563
2.289799 1.744324 0.5731611 -188.4331 227.447 -248.4563
2.289799 1.601014 0.4083662 -198.4178 231.0959 -248.4563
2.289799 1.32367 0.362956 -199.5171 231.0959 -248.4563
2.289799 1.197449 0.1930342 -213.5323 231.0959 -248.4563
2.289799 0.7887579 -0.001545906 -201.8759 231.0959 -248.4563
2.289799 1.082947 -0.1189775 -230.6163 231.0959 -248.4563
2.289799 0.6786505 -0.2605791 -230.6163 231.0959 -248.4563
2.289799 0.591004 -0.2605791 -230.6163 231.0959 -248.4563
2.289799 0.4164434 -0.2605791 -230.6163 231.0959 -248.4563
2.289799 0.3942267 -0.2605791 -230.6163 231.0959 -248.4563
2.289799 0.2045294 -0.2605791 -230.6163 231.0959 -248.4563
2.289799 -0.1333612 -0.2605791 -230.6163 231.0959 -248.4563
2.289799 -0.2044061 -0.2605791 -230.6163 231.0959 -248.4563
2.289799 -0.6682734 -0.2605791 -230.6163 231.0959 -248.4563
0.6970864 -0.660705 1.280681 154.0325 -115.1408 251.8109
1.567204 0.8519903 0.05314159 157.9562 -135.9499 251.8109
1.630924 0.9408575 0.07267284 160.0554 -149.6904 251.8109
1.742008 1.09784 0.1307783 157.2463 -156.6446 251.8109
1.812809 1.089295 0.1249189 153.46 -163.2095 251.8109
1.908024 1.19159 0.2091475 149.4218 -170.3469 251.8109
1.930973 1.235291 0.3192549 145.4371 -173.5377 251.8109
2.00153 1.27826 0.3531904 135.7425 -176.5759 251.8109
2.060368 1.311219 0.4071455 131.9028 -179.8354 251.8109
2.087711 1.374451 0.4430342 129.8341 -180.469 251.8109
2.100407 1.41449 0.4457197 129.0173 -183.0263 251.8109
2.110172 1.489441 0.4383955 131.2615 -189.1026 251.8109
2.182438 1.502869 0.4647627 134.6127 -200.2934 251.8109
2.20734 1.673035 0.4960127 133.4829 -199.5606 251.8109
2.289799 1.704774 0.4574385 136.6203 -205.9576 251.8109
2.289799 1.780457 0.5519209 152.8646 -209.6217 251.8109
2.289799 1.961609 0.7272139 149.6356 -215.4614 251.8109
2.289799 2.099793 0.8331709 166.0173 -216.2934 251.8109
2.289799 2.190858 0.7184248 177.0325 -216.5377 251.8109
2.289799 2.224976 1.000651 175.8646 -208.6751 251.8109
2.289799 2.224976 0.9325361 175.8646 -195.1789 251.8109
2.289799 2.224976 0.9545088 188.1012 -198.4156 251.8109
2.289799 2.224976 0.9139814 194.1241 -201.4232 251.8109
2.179996 2.224976 1.114665 181.8951 -207.9728 251.8109
2.167545 2.224976 1.077067 207.6356 -188.2553 251.8109
2.044498 2.224976 1.081462 213.6585 -177.8583 251.8109
2.253727 2.224976 1.093425 177.0325 -187.614 251.8109
2.289799 2.224976 1.194011 191.5135 -184.1942 251.8109
2.230289 2.224976 1.581218 163.7196 -148.0797 251.8109
2.289799 2.224976 1.491862 159.0783 -126.8202 216.1163
2.26862 2.224976 1.504558 137.2539 -109.5988 169.5132
2.022282 2.224976 1.557292 85.7959 -114.8965 131.3071
1.775456 2.224976 1.672282 84.10887 -93.1255 73.9483
1.423161 2.224976 1.656657 71.10124 -78.91939 12.60479
1.462956 2.224976 1.638591 57.36078 -61.50718 -46.67002
1.421208 2.224976 1.746013 39.0249 -53.69802 -107.8914
1.491276 2.224976 2.108562 -15.998 -37.31634 -168.0517
1.450504 2.224976 2.009929 -76.87587 -16.45374 -234.7769
1.564518 2.224976 1.686931 -101.8988 -8.675115 -248.4563
1.881901 2.224976 1.712565 -124.456 18.96611 -248.4563
2.289799 2.224976 1.408854 -131.7003 28.43176 -248.4563
2.289799 2.224976 1.297038 -120.6163 39.34779 -248.4563
2.289799 2.224976 1.145915 -121.0209 44.19511 -248.4563
2.289799 2.224976 1.074626 -114.2423 56.44703 -248.4563
2.289799 2.224976 0.9432783 -115.3568 64.46992 -248.4563
2.289799 2.224976 0.8446455 -111.1736 66.37068 -248.4563
2.289799 2.224976 0.8009443 -114.6545 68.75999 -248.4563
2.289799 2.207459 0.7833662 -126.6163 73.31725 -248.4563
2.289799 1.996522 0.7062178 -143.6392 76.43176 -248.4563
2.289799 1.783631 0.6764326 -159.3644 83.85924 -248.4563
2.289799 1.558045 0.6119795 -179.0743 90.85924 -248.4563
2.289799 1.353699 0.5858564 -194.601 98.48518 -248.4563
2.289799 1.130555 0.489665 -206.0743 108.4241 -248.4563
2.289799 0.9874884 0.4752607 -222.4789 120.4928 -248.4563
2.289799 0.8505255 0.3265791 -230.6163 134.1188 -248.4563
2.289799 0.6769415 0.1534834 -230.6163 151.5768 -248.4563
2.289799 0.5990606 0.07999706 -230.6163 158.6302 -248.4563
2.289799 0.3822638 -0.05745411 -230.6163 174.7982 -248.4563
2.289799 0.1325079 -0.2393389 -230.6163 197.8363 -248.4563
2.289799 0.03607239 -0.2605791 -230.6163 206.7371 -248.4563
2.289799 -0.188537 -0.2605791 -230.6163 223.6837 -248.4563
2.289799 -0.5286249 -0.2605791 -230.6163 231.0959 -248.4563
2.289799 -0.8125605 -0.2605791 -230.6163 231.0959 -248.4563
2.289799 -0.9832148 -0.2605791 -230.6163 231.0959 -248.4563
2.289799 -1.172424 -0.2605791 -230.6163 231.0959 -248.4563
2.289799 -1.37506 -0.2605791 -230.6163 231.0959 -248.4563
2.289799 -1.753723 -0.2605791 -230.6163 231.0959 -248.4563
2.289799 -1.774963 -0.2605791 -230.6163 231.0959 -248.4563
