1.133324 -1.836256 0.187128 -59.03301 -254.2429 251.6963
1.13015 -1.836256 0.2076358 -54.04064 -254.2429 251.6963
1.183129 -1.836256 0.2557315 -48.29255 -254.2429 251.6963
1.400414 -1.836256 0.3282412 -60.13988 -254.2429 251.6963
1.394066 -1.836256 0.3900088 -71.94141 -254.2429 251.6963
1.527367 -1.836256 0.539667 -60.07881 -254.2429 251.6963
1.757104 -1.836256 0.5948428 -42.8269 -254.2429 251.6963
1.831566 -1.836256 0.6895694 -34.71239 -254.2429 251.6963
1.990502 -1.836256 0.9153995 -23.78873 -254.2429 251.6963
2.064904 -1.836256 1.085565 -11.8956 -254.2429 251.6963
2.064904 -1.81111 1.261835 -5.926137 -254.2429 251.6963
2.064904 -1.764967 1.367548 6.913557 -254.2429 251.6963
2.064904 -1.699782 1.463739 22.29524 -254.2429 251.6963
2.064904 -1.564284 1.568964 38.0586 -254.2429 251.6963
2.064904 -1.44026 1.612909 50.79142 -254.2429 251.6963
2.064904 -1.325026 1.773554 63.45554 -251.4566 251.6963
2.064904 -1.235426 1.991327 75.27234 -254.2429 251.6963
2.064904 -1.067458 1.965692 85.53951 -243.5712 251.6963
2.064904 -1.008131 2.063349 101.5548 -240.3269 251.6963
2.064904 -0.9263443 1.994989 113.6006 -223.3956 251.6963
2.064904 -0.8267349 2.067499 131.3181 -208.136 251.6963
2.064904 -0.6697525 2.164667 140.9212 -194.0444 251.6963
2.064904 -0.4781021 2.132196 145.3716 -184.3498 251.6963
2.064904 -0.3767837 2.081415 153.6387 -169.0292 251.6963
2.064904 -0.1822036 2.036737 154.6464 -154.991 251.6963
2.064904 -0.04719386 1.979853 152.0357 -140.7086 251.6963
2.064904 0.05607763 1.945917 150.967 -125.0521 251.6963
2.064904 0.2062241 1.921747 144.9517 -109.8002 251.6963
2.064904 0.2848374 1.813593 141.883 -103.4872 251.6963
2.064904 0.3580796 1.700556 148.0891 -93.94519 251.6963
2.040795 0.5431381 1.638544 154.9059 -83.48717 251.6963
1.896752 0.5629135 1.585077 164.6998 -78.60931 251.6963
1.787621 0.5218979 1.601679 186.9364 -84.31924 251.6963
1.908959 0.5546127 1.507929 233.112 -79.71619 251.6963
1.623803 0.5426498 1.612665 251.7533 -76.88412 251.6963
1.522484 0.6134506 1.586298 251.7533 -92.52534 251.6963
1.857201 0.9357162 1.509149 251.7533 -69.89939 251.6963
0.7959219 2.163683 2.124872 176.6769 -86.37267 251.6963
1.274193 1.644212 1.520868 203.425 -12.02916 251.6963
1.120385 1.449876 1.563349 213.0052 2.711298 251.6963
1.097924 1.614671 1.467401 213.0968 3.558626 251.6963
1.012475 1.641527 1.408808 208.5624 10.43649 251.6963
0.976586 1.69304 1.410273 203.1197 15.77237 251.6963
0.9223867 1.743089 1.337763 196.3258 22.81054 251.6963
0.8965078 1.854662 1.263544 181.8067 25.50519 251.6963
0.8315664 1.875169 1.18664 168.4021 34.26855 251.6963
0.6496816 1.962572 1.119013 149.0586 35.88687 251.6963
0.565209 2.05266 1.015497 124.7456 40.57389 250.3604
0.4548574 2.163683 0.9940127 101.3258 36.02428 240.0551
0.4411855 2.163683 0.9351748 69.30287 29.63496 226.6886
0.5127187 2.091722 0.954462 44.55478 41.31435 215.139
0.3796621 2.146654 1.062372 27.37157 39.44412 204.452
0.3608633 2.163683 1.052606 9.623481 42.31435 191.307
0.294457 2.163683 1.083124 -3.491023 40.7113 177.0474
0.2859121 2.163683 1.125116 -12.26202 40.72657 161.1772
0.2397695 2.138841 1.16369 -18.42995 43.39069 143.3604
0.2048574 2.115404 1.167353 -21.22385 44.6884 124.7726
0.1535879 2.054613 1.172724 -24.15514 46.31435 106.0703
0.122582 1.971117 1.163202 -26.92614 46.51283 88.89475
0.08547266 1.923509 1.146845 -30.96431 47.8029 72.23826
0.05788476 1.840746 1.131464 -32.12461 46.81817 55.99399
0.0454336 1.735277 1.14245 -33.62843 48.04718 40.223
0.008324221 1.573656 1.093378 -34.69713 49.8716 27.62757
-0.004859373 1.542162 1.043329 -39.12461 50.79527 14.16956
-0.04245703 1.424242 1.010858 -40.09407 49.78 1.948183
-0.04245703 1.298265 1.01037 -45.31545 50.55863 -6.235023
-0.127418 1.194749 1.061151 -50.27728 53.32199 -14.19686
-0.1220469 1.02849 0.8770694 -47.62843 52.19221 -22.5251
-0.06565039 0.9386459 0.7820987 -52.01774 49.57389 -21.83044
-0.1896738 0.8094955 0.7940616 -50.52919 39.94794 -27.92968
-0.1808848 0.777269 0.7830752 -50.01774 38.13115 -32.76937
-0.1838144 0.7306381 0.8094424 -52.67423 39.78 -36.85334
-0.2065195 0.6100327 0.8155459 -52.76583 38.90214 -39.10525
-0.2406992 0.528978 0.7884463 -52.12461 36.14641 -39.71594
-0.2616953 0.4591538 0.7623233 -52.22385 33.38305 -39.35716
-0.3066172 0.3895737 0.7454776 -49.55972 30.27618 -39.11288
-0.333961 0.3683335 0.7430362 -45.90324 25.40595 -38.49456
-0.3432383 0.3290268 0.7491397 -41.47575 23.00901 -38.25792
-0.3815684 0.3197495 0.760126 -36.78873 19.32962 -37.51746
-0.3493418 0.3458725 0.8311709 -30.29255 13.16931 -24.04418
-0.4836192 0.2601792 0.7393741 -16.52156 5.138779 -21.87625
-0.3820567 0.2948472 0.7154483 -20.84217 14.6655 -42.09762
-0.4931406 0.3248765 0.7940616 -17.37652 5.199847 -37.15105
-0.4333262 0.308519 0.7423038 -11.6666 5.650229 -39.05945
-0.4650645 0.3656479 0.751337 -11.84217 -0.4413743 -36.54036
-0.4528574 0.36223 0.7437686 -9.880336 -1.067328 -37.34189
-0.4643321 0.40056 0.7564639 -9.567359 -5.372672 -36.89914
-0.4550547 0.4464585 0.7640323 -10.75056 -5.784886 -36.96785
0.4375234 1.851488 0.6387881 211.0433 42.72657 217.2001
-0.05319922 2.163683 0.1634463 112.5777 32.6655 129.6657
-0.1364512 2.163683 0.1485537 102.8067 21.88687 116.223
-0.1962656 2.163683 0.0594424 89.11967 12.71893 100.6886
-0.216041 2.163683 0.004022479 78.98226 4.100611 85.29933
-0.1347422 2.163683 0.01012599 80.93646 -0.8535881 70.71154
-0.3544688 2.163683 -0.06165135 55.64638 0.4364882 44.3146
-0.4006114 2.163683 -0.06165135 26.0357 -16.25053 40.17719
-0.4079356 2.163683 -0.06165135 8.699817 -39.47191 38.77261
-0.3532481 2.163683 -0.06165135 -8.788733 -49.73145 27.88711
-0.3295664 2.163683 -0.06165135 -29.98721 -53.25053 14.89475
-0.3351817 2.107103 -0.06165135 -42.47575 -60.47954 -0.08998466
-0.3437266 2.057298 -0.06165135 -56.24675 -75.57878 -7.151053
-0.2804942 1.9489 -0.06165135 -64.47575 -90.23527 -15.39533
-0.1735605 1.812181 -0.06165135 -60.88034 -98.86886 -30.15105
-0.09299414 1.757005 -0.04749119 -46.41468 -105.6933 -47.18922
-0.03000586 1.725755 0.01940334 -28.34598 -117.6857 -64.7999
0.01686914 1.788255 0.1192569 -13.00247 -125.7391 -82.5938
0.07546289 1.818773 0.1653994 7.60058 -132.9605 -102.5251
0.105248 1.840257 0.2593936 31.37921 -140.4108 -121.7923
0.1247793 1.890306 0.3201846 51.75325 -148.0979 -139.3724
0.1889883 1.927904 0.2940615 75.18073 -160.4795 -154.1205
0.2278066 2.07097 0.2569522 86.50134 -166.7009 -176.0442
0.2820058 2.163683 0.3216494 81.13493 -170.365 -194.3037
0.3283926 2.163683 0.416376 74.06623 -179.3956 -205.6243
0.4267812 2.163683 0.3985537 59.88302 -188.7315 -213.8533
0.502709 2.163683 0.4014834 41.51661 -188.6475 -231.6014
0.5234609 2.163683 0.4800967 16.57005 -188.8918 -244.9755
0.5564199 2.163683 0.5399112 -11.88797 -194.5941 -248.5709
0.6628652 2.163683 0.555292 -40.44522 -198.6933 -248.5709
0.7029043 2.163683 0.5850772 -57.86507 -201.0902 -248.5709
0.766625 2.114183 0.6483096 -73.07881 -199.3879 -248.5709
0.8418203 1.964525 0.6964053 -83.97957 -202.1284 -248.5709
0.9092031 1.916185 0.782587 -92.08644 -200.7391 -248.5709
0.9885489 1.886156 0.7806338 -100.4681 -201.6628 -248.5709
1.009789 1.866869 0.8455752 -102.7353 -197.9834 -248.5709
1.123803 1.800706 0.9000186 -103.6361 -206.4032 -248.5709
1.823022 1.340746 0.6612491 -108.8727 -195.7009 -248.5709
1.375512 1.759203 0.9070987 -118.6284 -194.7009 -248.5709
1.444604 1.800951 0.8858584 -125.4758 -197.1513 -248.5709
1.718041 1.789232 0.7383975 -144.0636 -184.991 -248.5709
1.778832 1.805345 0.6881045 -165.6284 -187.0826 -248.5709
1.902367 1.73308 0.5789737 -192.1933 -178.2353 -248.5709
1.924584 1.610277 0.4993838 -221.3307 -176.4337 -248.5709
2.014916 1.510912 0.3599795 -248.5139 -172.4261 -248.5709
2.064904 1.210619 0.1983584 -248.5139 -187.5559 -248.5709
2.064904 1.13347 0.2938174 -248.5139 -165.136 -248.5709
2.064904 0.8114487 0.3008975 -248.5139 -159.678 -248.5709
2.064904 0.3441636 0.2503604 -248.5139 -150.0368 -248.5709
2.064904 -0.04060206 0.3148135 -248.5139 -149.8994 -248.5709
2.064904 -0.4624771 0.1116885 -248.5139 -140.3192 -248.5709
1.215844 -0.6431412 0.4854678 -248.5139 -151.1818 -248.5709
1.805443 -0.7378677 0.2315615 -248.5139 -160.6704 -248.5709
2.017846 -0.8750748 0.1780947 -248.5139 -198.9376 -248.5709
2.064904 -1.836256 0.435419 -248.5139 -182.304 -248.5709
2.064904 -1.836256 0.5030459 -248.5139 -113.8994 -248.5709
2.064904 -1.836256 0.6436709 -248.5139 -139.7696 -221.777
1.188988 -1.836256 -0.06165135 -248.5139 -29.27343 -235.1053
1.344262 -1.836256 0.1336612 -154.1552 64.8258 -248.5709
1.275902 -1.836256 1.097772 -37.04064 106.7266 -216.7465
1.001732 -1.836256 1.458368 -90.40705 160.9937 -245.4335
0.377709 -1.836256 1.917597 -244.4987 77.57389 -204.5327
