0.6371612 -0.6579253 0.6590898 -35.78283 26.57325 18.09653
0.6515655 -0.6237456 0.6925371 -29.44695 27.00073 19.33318
0.6610869 -0.5944488 0.7186601 -22.38588 27.42058 20.30264
0.7553252 -0.4486968 0.7540605 -10.92786 33.00073 21.54692
0.7643584 -0.3974273 0.7628496 -13.87443 36.55035 21.81409
0.7799834 -0.353482 0.7291582 -18.9355 37.78699 22.32554
0.7846221 -0.3217437 0.720125 -24.05763 39.47402 22.18814
0.7924346 -0.3144195 0.7303789 -29.0958 41.86333 21.63852
0.8117217 -0.3149077 0.7276933 -29.08053 43.74119 20.54692
0.8644561 -0.2704741 0.7369707 -29.33244 46.33661 18.81409
0.904251 -0.2240874 0.7379472 -32.74466 50.58852 17.26447
0.9225616 -0.1820952 0.7359941 -39.53855 54.00837 15.61562
0.9403838 -0.1808745 0.7430742 -48.37061 57.57325 15.52402
0.9325713 -0.162564 0.7335527 -55.40878 61.45111 14.0202
0.9103545 -0.1457183 0.728914 -65.68359 65.82516 13.53165
0.8283233 -0.1806304 0.7594316 -72.29427 71.70302 10.59272
0.9169463 -0.2287261 0.6817949 -79.22557 74.89386 14.2034
0.9030303 -0.2292144 0.6366289 -83.73702 79.14577 13.16524
0.9079131 -0.204312 0.6031816 -90.84389 80.64958 14.00493
0.8700713 -0.1969878 0.588289 -93.40115 81.67249 13.67669
0.8617705 -0.2377593 0.6119707 -79.94313 82.47401 9.691955
0.8014678 -0.2670562 0.6432207 -69.12634 86.1992 6.004931
0.7772979 -0.235562 0.5907304 -52.30191 88.1534 -0.1706409
0.7777862 -0.2506988 0.5785234 -34.48512 85.9015 -3.788961
0.768753 -0.2411772 0.58658 -21.96603 88.16103 -9.017969
0.7589873 -0.2184722 0.588289 -6.737023 89.39767 -14.71263
0.8229522 -0.2961089 0.9071367 -41.72176 -48.64812 22.73775
0.9430694 -0.2289702 0.9056719 -11.79809 -34.87713 6.47058
0.9376983 -0.2231108 0.9256914 -9.424046 -32.38095 3.722488
0.9398955 -0.219937 0.9256914 -6.263741 -29.02217 0.905695
0.9489287 -0.2131011 0.9147051 -2.0271 -25.18247 -1.918734
0.9608916 -0.2045562 0.9100664 2.873664 -21.67866 -5.147741
0.9709014 -0.1984526 0.9090899 7.789694 -17.62522 -8.300413
0.9760283 -0.1994292 0.9159258 13.58359 -13.28934 -11.63629
0.9743194 -0.2013823 0.9225176 18.11794 -8.075603 -15.36148
0.9621123 -0.1733062 0.9105547 20.49962 -3.564153 -18.68209
0.9538116 -0.188687 0.9151934 22.85076 1.176305 -21.69736
0.9394073 -0.2028472 0.9098223 26.46145 6.298442 -25.18591
0.9276885 -0.2052886 0.9193438 30.94237 10.91676 -28.32331
0.9130401 -0.2160308 0.9029863 34.77443 15.68012 -31.39202
0.9103545 -0.2272612 0.8966387 38.39275 19.36714 -34.23934
0.9105987 -0.2377593 0.8856524 41.9729 23.38241 -36.92637
0.9123076 -0.2636382 0.8744219 46.36985 27.02363 -39.52942
0.9069366 -0.2787749 0.8609941 51.03397 30.35951 -41.68209
0.8935088 -0.2983062 0.8553789 56.40038 33.51218 -43.58286
0.8925323 -0.3175933 0.8304766 60.91946 36.74883 -45.0027
0.8883819 -0.3322417 0.8094805 65.67519 39.53508 -45.9111
0.9142608 -0.3383452 0.7892168 69.91946 42.49692 -46.15537
0.8664092 -0.3771636 0.7577226 74.49962 44.70303 -47.30042
0.8791045 -0.3871734 0.74283 75.16374 46.9244 -45.69736
0.8820342 -0.4137847 0.7157304 77.21718 49.1534 -43.62103
0.8649444 -0.4106109 0.6891191 78.01871 51.016 -41.8424
0.8549346 -0.4120757 0.6566484 76.84313 52.38241 -38.94164
0.8385772 -0.414273 0.6236894 75.20954 53.54272 -36.81186
0.8273467 -0.4228179 0.6170976 70.37748 54.36715 -33.14011
0.8109893 -0.4279449 0.5956132 64.29351 55.84806 -29.05614
0.8043975 -0.4621245 0.5731523 61.84313 56.24501 -25.0256
0.8026885 -0.4655425 0.5262773 62.02633 56.84806 -21.26988
0.8100127 -0.4806792 0.4774492 62.07977 56.20684 -17.07904
0.8207549 -0.4709136 0.4674394 61.24008 56.05417 -12.45308
0.8173369 -0.4572417 0.4249589 58.65229 55.35188 -7.934
0.8224639 -0.4384429 0.4066484 54.29351 53.93203 -2.468351
0.8161162 -0.4203765 0.3949296 47.22481 53.29844 3.00493
0.8158721 -0.3901031 0.3812578 40.43092 52.66486 8.310275
0.8126983 -0.3722808 0.3819902 33.52252 51.76409 13.10417
0.8058623 -0.350064 0.3714921 27.25534 50.9931 17.78356
0.7985381 -0.3105132 0.3854082 20.59886 50.67249 22.27211
0.7968291 -0.282437 0.3927324 14.44618 50.27554 26.19577
0.8014678 -0.2448394 0.3907793 7.637022 49.95493 29.9286
0.8048858 -0.2184722 0.4027421 -0.1339698 49.82516 32.90569
0.8058623 -0.1879546 0.4193437 -7.996565 50.16104 35.76829
0.7973174 -0.1542632 0.4405839 -14.36298 50.04654 38.14997
0.8014678 -0.1405913 0.4535234 -19.32481 50.54272 39.45531
0.7899932 -0.1364409 0.4762285 -22.21031 51.03127 40.40951
0.7917022 -0.101773 0.4784257 -24.60725 52.31371 41.05074
0.7882842 -0.06637256 0.4938066 -25.17977 52.96257 39.79119
0.782669 -0.04513232 0.5179765 -26.40878 54.57325 38.30264
0.7858428 -0.03561084 0.511873 -26.77519 56.05417 36.88279
0.7804717 -0.0119292 0.5108964 -26.69122 55.9015 35.2034
0.7660674 0.004672363 0.5069902 -27.40878 57.73356 32.32554
0.7550811 0.01004346 0.5077226 -28.69122 58.9702 29.87516
0.7609405 0.01126416 0.4847734 -29.46221 59.52745 26.9286
0.7682647 -0.002407715 0.470125 -30.92786 59.84806 24.68432
0.7751006 -0.005093262 0.4596269 -32.79046 60.33661 22.34081
0.7760772 -0.01022022 0.4271562 -38.21794 59.93203 21.45531
0.7580108 -0.04464404 0.3963945 -41.37825 59.52745 20.33318
0.7477569 -0.06246631 0.3829668 -48.08817 59.016 20.12707
0.7506866 -0.1205718 0.3565996 -51.17977 57.73356 20.34844
0.7511748 -0.1571929 0.353914 -46.26374 55.30608 17.9744
0.7401885 -0.1645171 0.3592851 -41.69122 53.30608 16.0889
0.7392119 -0.1772124 0.3500078 -38.9126 52.06944 14.87516
0.7450713 -0.202603 0.345125 -36.88206 49.71829 13.67669
0.7458037 -0.2082183 0.3390214 -33.48512 46.9473 12.21104
0.7487334 -0.2311675 0.3378007 -31.65305 44.71066 11.23394
0.7431182 -0.2441069 0.3407304 -28.49275 41.51982 9.989664
0.7418975 -0.2548491 0.3575761 -24.52328 38.77173 8.699588
0.7362823 -0.2777984 0.3565996 -19.68359 36.00073 7.142336
0.7270049 -0.2890288 0.3568437 -14.64542 33.32898 5.836992
0.7160186 -0.2948882 0.3641679 -9.385878 31.00837 4.562183
0.7099151 -0.2965972 0.3854082 -5.904962 28.62669 3.539282
0.7343291 -0.3044097 0.3705156 -2.546183 26.89386 2.68432
0.7472686 -0.3271148 0.374666 0.575954 24.016 2.157602
0.7492217 -0.3312652 0.3768632 2.285878 21.52745 2.104168
0.7401885 -0.3368804 0.3644121 5.049237 18.84806 1.844625
0.7467803 -0.3459136 0.3749101 5.705725 16.35951 2.348442
0.7482451 -0.3525054 0.3673418 6.86603 13.85569 3.027832
0.7431182 -0.3693511 0.3641679 7.140839 11.48928 3.814091
0.7467803 -0.3759429 0.3700273 8.110306 8.977833 5.050734
0.7519073 -0.3940093 0.3732011 8.911833 6.222106 6.768291
0.7526397 -0.4174468 0.3683183 9.698092 3.527451 8.791191
0.7589873 -0.4235503 0.3670976 10.23244 0.7335572 11.02783
0.7726592 -0.4355132 0.3639238 10.63702 -1.968733 13.91333
0.775833 -0.440396 0.3634355 10.20954 -4.380947 16.73012
0.7902373 -0.4501616 0.3629472 9.514885 -7.220641 20.53165
0.7953643 -0.4333159 0.3612382 7.896565 -10.41148 23.98966
0.9101104 -0.1725737 0.6998613 15.0416 -18.38095 -26.54469
0.8805694 -0.2152983 0.7906816 23.96527 2.183939 -38.31568
0.8703155 -0.2253081 0.782625 25.35458 4.115237 -39.20117
0.8705596 -0.2279937 0.7694414 26.56069 6.168672 -39.88056
0.8654326 -0.2262847 0.7716386 26.9958 8.390045 -40.67446
0.8542022 -0.2350737 0.7557695 27.34695 10.40531 -41.26987
0.8480987 -0.2336089 0.7472246 27.43092 12.16104 -41.58286
0.8446807 -0.2414214 0.734041 26.72863 14.1534 -42.0256
0.8388213 -0.2521636 0.7110918 25.79733 15.74882 -41.99507
0.8319854 -0.2572906 0.6942461 24.95 17.23737 -42.13248
0.8239287 -0.2726714 0.6737382 23.46908 18.48928 -41.65919
0.8253936 -0.2887847 0.6581132 21.43855 19.71829 -41.08667
0.824417 -0.3092925 0.6527421 19.69809 20.80989 -40.30042
0.8224639 -0.3085601 0.6366289 17.76679 21.70302 -39.59049
0.8214873 -0.3195464 0.6244218 16.88893 22.20684 -39.26987
0.8090362 -0.3163726 0.6095293 2.881298 23.21447 -35.47598
0.7755889 -0.3576324 0.5860918 7.43855 24.06944 -35.0714
0.7799834 -0.3681304 0.5797441 6.43855 22.42058 -34.42255
0.7794951 -0.3700835 0.5721757 -3.088168 23.54272 -30.934
0.7897491 -0.4001128 0.5536211 -2.24084 22.86333 -29.98744
0.7909698 -0.4135406 0.5528886 -5.179771 22.21447 -27.89583
0.7851104 -0.4152495 0.546541 -5.714122 21.91676 -27.17064
0.7746123 -0.4245269 0.5336015 -5.263741 21.22974 -25.98744
0.7770537 -0.4193999 0.5260332 -5.034733 20.65722 -25.04087
0.7821807 -0.4047515 0.5284746 -4.94313 19.48165 -24.70499
0.7807158 -0.4040191 0.5235918 -5.981298 18.58088 -23.934
0.7782744 -0.3971831 0.5130937 -5.660687 16.74119 -23.62866
0.7836455 -0.3974273 0.5104082 -5.408779 15.51982 -23.65919
0.7729033 -0.3893706 0.5255449 -5.301908 14.37478 -23.62866
0.7650908 -0.3974273 0.5301836 -4.439313 13.17631 -23.70499
0.761917 -0.4008452 0.5265214 -3.141603 11.90913 -23.59049
0.753128 -0.3976714 0.5272539 -1.485115 10.72592 -23.46835
0.7584991 -0.4001128 0.5299394 0.3011451 9.374779 -23.52179
0.7543487 -0.3979156 0.529207 2.117939 8.245008 -23.77369
0.7624053 -0.4032866 0.5265214 3.362214 7.138137 -23.14774
