0.7561685 -0.7034296 0.8815107 267.6432 -89.08733 251.8109
0.7764321 -0.561828 0.8046064 253.5287 -83.32397 251.8109
0.684147 -0.4605097 0.7443037 244.2234 -75.76672 251.8109
0.7022134 -0.1331171 0.5028486 224.8341 -66.27817 251.8109
0.682438 0.01239075 0.3573408 212.46 -71.15604 251.8109
0.6936685 0.1159064 0.2999678 200.6585 -70.52245 251.8109
0.6514321 0.1220099 0.2194014 187.8722 -74.80489 251.8109
0.6179849 0.1369025 0.2106123 171.1012 -80.17893 251.8109
0.6174966 0.193299 0.25529 156.9867 -85.27054 251.8109
0.6211587 0.2426154 0.2579756 148.1852 -85.49191 251.8109
0.571354 0.2848517 0.2369795 134.9791 -90.72855 251.8109
0.5625649 0.321961 0.2108564 122.7577 -92.1713 251.8109
0.5471841 0.4030157 0.182292 113.7043 -104.4843 251.8109
0.540104 0.5866095 0.2472334 101.4371 -115.2553 251.8109
0.6885415 0.4584356 0.2770185 108.0402 -117.7744 251.8109
0.7608071 0.5895391 0.3129072 106.8264 -125.614 251.8109
0.7600747 0.5878302 0.3588057 107.1089 -128.0186 251.8109
2.115055 2.224976 1.761149 105.6432 -69.02626 184.6582
2.289799 1.613221 0.3133955 -187.7766 140.4089 -248.4563
2.289799 1.415955 0.2806807 -200.7843 146.6073 -248.4563
2.289799 1.322449 0.2880049 -214.9827 152.8745 -248.4563
2.289799 1.202576 0.175456 -230.6163 160.5463 -248.4563
2.289799 1.079285 0.2294111 -230.6163 167.3401 -248.4563
2.289799 0.9645391 0.1957197 -230.6163 180.4089 -248.4563
2.289799 0.8153692 0.06730175 -230.6163 196.7982 -248.4563
2.289799 0.7123419 0.02775097 -230.6163 210.905 -248.4563
2.289799 0.5619513 -0.06526661 -230.6163 230.4241 -248.4563
2.289799 0.4259649 -0.1783037 -230.6163 231.0959 -248.4563
2.289799 0.3827521 -0.2605791 -230.6163 231.0959 -248.4563
2.289799 0.2289435 -0.2605791 -230.6163 231.0959 -248.4563
2.289799 0.1185919 -0.2605791 -230.6163 231.0959 -248.4563
2.289799 -0.139953 -0.2605791 -230.6163 231.0959 -248.4563
2.289799 -1.073791 -0.2605791 -230.6163 231.0959 -248.4563
2.289799 -1.774963 -0.2605791 -230.6163 231.0959 -248.4563
2.289799 -1.774963 -0.2605791 -230.6163 231.0959 -248.4563
2.289799 -1.774963 -0.2605791 -230.6163 231.0959 -248.4563
2.289799 -1.774963 -0.2605791 -230.6163 231.0959 -248.4563
2.289799 -1.774963 -0.2605791 -230.6163 231.0959 -248.4563
2.185612 -1.774963 -0.2605791 -230.6163 231.0959 -248.4563
1.769108 -1.774963 -0.2605791 -227.5476 231.0959 -248.4563
-0.2553061 -1.774963 -0.2605791 -220.6774 231.0959 -248.4563
-1.288998 -1.774963 -0.2605791 -194.9217 102.218 -248.4563
-1.273373 -1.774963 -0.2605791 -43.34914 14.76 -240.8532
-1.611996 -1.774963 -0.2605791 15.52872 -65.11023 -189.9525
-1.71014 -1.774963 -0.2605791 51.92566 -128.5988 -142.0899
-1.71014 -1.774963 -0.2605791 35.42185 -183.1331 -96.3036
-1.278744 -1.774963 -0.2605791 51.27681 -231.9041 -57.51735
-0.9237632 -1.774963 -0.2605791 41.52872 -259.3392 -10.1662
-0.4613608 -1.774963 -0.2605791 46.97147 -269.1713 31.03227
-0.3065757 -1.774963 -0.2605791 54.23864 -269.1713 65.16968
0.1419106 -1.774963 -0.2605791 57.52872 -269.1713 89.64296
0.1887856 -1.774963 -0.1104326 81.70428 -269.1713 135.9636
0.5144692 -1.774963 -0.01741505 103.628 -269.1713 155.5285
0.5647622 -1.774963 0.5336103 117.3531 -269.1713 175.8872
0.8284341 -1.774963 0.9469404 133.0554 -269.1713 202.1315
0.8689614 -1.774963 1.281657 145.2463 -269.1713 229.7575
0.8787271 -1.774963 1.372233 149.2157 -269.1713 238.4292
0.8801919 -1.615783 1.423259 180.4371 -260.5301 247.0934
0.8621255 -0.9866327 1.374675 179.5516 -245.8736 235.7422
0.9236489 -1.163391 1.630046 212.2157 -247.0644 251.8109
1.105534 -0.8667597 1.773112 215.6356 -207.4614 248.7117
0.9624673 -0.6431269 1.813884 222.1852 -170.553 251.8109
0.8447915 -0.5701288 1.585856 224.9562 -158.8201 251.8109
0.8267251 -0.5615839 1.527019 223.0707 -138.8049 251.8109
0.8406411 -0.4439081 1.451091 218.7272 -120.7973 251.8109
0.7940103 -0.454162 1.355144 217.5898 -108.7438 251.8109
0.8042642 -0.3377069 1.257487 216.6661 -94.65985 251.8109
0.8125649 -0.2244256 1.160563 211.5898 -84.54535 251.8109
0.7244302 -0.2380975 1.007487 209.0249 -72.01099 251.8109
0.7844888 -0.07208191 0.6366377 191.147 -81.02626 251.8109
0.6995278 -0.08941589 0.6566572 186.4447 -76.1255 251.8109
0.6765786 -0.02105652 0.6888838 178.7883 -74.20947 251.8109
0.6973306 -0.01910339 0.6283369 177.9944 -72.69801 251.8109
0.6765786 0.001160279 0.5912275 170.4906 -73.59878 251.8109
0.6819497 0.05828918 0.5516768 165.8264 -73.67511 251.8109
0.6680337 0.1046759 0.5133467 161.9028 -74.32397 251.8109
0.6809731 0.1459357 0.4178877 158.3608 -80.39267 251.8109
0.7185708 0.172547 0.4152021 159.773 -84.66748 251.8109
0.7290689 0.2040411 0.4039717 163.5974 -88.13313 251.8109
0.7569009 0.2626349 0.3539228 166.4218 -92.86595 251.8109
0.8020669 0.2999884 0.3141279 170.4753 -99.11786 251.8109
0.8677407 0.1647345 0.3075361 206.3608 -102.8812 251.8109
0.9382974 0.445252 0.3046064 247.2386 -105.9728 251.8109
1.194889 0.6737677 -0.1480303 269.6508 -93.49191 251.8109
0.6380044 0.9142462 0.1427412 268.2005 -134.6675 251.8109
1.252751 0.8339239 0.225749 253.147 -129.927 251.8109
0.9312173 1.02826 0.3465986 245.0402 -139.1713 251.8109
0.9192544 0.745545 0.3937178 252.9257 -134.4385 251.8109
1.036442 0.9613653 0.3275557 265.376 -141.8583 251.8109
1.067204 0.9528204 0.3182783 269.6508 -148.3316 251.8109
1.117008 1.056092 0.3260908 269.6508 -149.7362 251.8109
1.125065 1.14618 0.3097334 269.6508 -156.8125 251.8109
1.186344 1.336121 0.3553877 269.6508 -163.1102 251.8109
1.207829 1.468934 0.4344893 269.6508 -169.4156 251.8109
1.350895 1.455506 0.3849287 269.6508 -174.1713 251.8109
1.42609 1.521668 0.3912764 269.6508 -178.5072 251.8109
1.500065 1.450135 0.5126143 269.6508 -177.0034 251.8109
1.618229 1.591248 0.5245771 269.6508 -176.1331 251.8109
1.56525 1.568787 0.6136885 269.6508 -188.0415 251.8109
1.773502 1.748231 0.6451826 269.6508 -179.1408 251.8109
1.738346 1.812195 0.8126631 269.6508 -176.2934 251.8109
1.827946 1.76117 0.8165693 269.6508 -170.8049 251.8109
1.8382 1.869324 0.878581 269.6508 -168.1102 251.8109
1.812565 1.891541 0.9459639 269.6508 -169.1408 251.8109
1.820866 2.019227 1.042399 269.6508 -168.4079 251.8109
1.897526 2.126405 1.127849 269.6508 -157.5224 251.8109
2.289799 -1.774963 -0.2605791 -230.6163 59.02717 -248.4563
0.4614907 -1.774963 0.9296064 105.1318 -175.9652 210.1239
0.5637856 -1.774963 1.075847 106.5211 -169.4919 237.4292
0.5403481 -1.774963 1.148601 116.3379 -174.3698 251.8109
0.8465005 -1.774963 1.170817 133.1699 -144.3011 251.8109
0.6707192 -1.774963 1.148356 147.3608 -140.8889 251.8109
0.7705728 -1.569396 1.130534 151.689 -132.4919 251.8109
0.7612954 -1.36676 1.111247 170.4066 -130.5072 251.8109
0.8760415 -1.189514 1.069255 191.1089 -118.324 251.8109
0.8696939 -1.079894 1.073894 202.0402 -109.6904 251.8109
0.8093911 -0.7925409 1.03239 221.1928 -101.2934 251.8109
0.8003579 -0.6091913 1.013835 232.6509 -92.71329 251.8109
0.793522 -0.4805292 0.7403975 246.0631 -89.86595 251.8109
0.8440591 -0.2688593 0.72404 250.2844 -89.46901 251.8109
0.8828774 -0.1668085 0.6603193 244.857 -84.34688 251.8109
0.8909341 -0.1233514 0.6224775 248.0096 -81.87359 251.8109
0.8455239 -0.03961121 0.6110029 249.8875 -80.1713 251.8109
0.849186 0.04412903 0.5394697 241.7043 -77.89648 251.8109
0.8450356 0.08929504 0.4742842 235.1089 -76.46138 251.8109
0.8318521 0.1840216 0.4718428 229.1241 -76.73618 251.8109
0.8157388 0.1928107 0.4281416 216.8722 -75.61404 251.8109
0.7776528 0.3121954 0.451335 209.0554 -77.91939 251.8109
0.8511392 0.2550665 0.4361982 207.0631 -70.08733 251.8109
0.8599282 0.3170782 0.3126631 204.2539 -73.47664 251.8109
0.9009439 0.3873907 0.270915 219.8951 -79.34687 251.8109
0.7754556 0.4821173 0.3365889 236.3837 -88.92702 251.8109
0.9556314 0.7677618 0.3614912 219.7577 -75.99573 251.8109
0.6734048 0.9113165 0.5038252 212.3379 -78.3316 251.8109
1.000309 0.7487188 -0.133626 197.9028 -94.5377 251.8109
1.105045 0.8639532 0.08243847 181.1928 -91.93466 251.8109
0.9065591 0.7855841 0.3155928 172.231 -95.78198 251.8109
0.932438 0.7684942 0.2967939 174.1623 -101.8125 251.8109
1.015202 0.8641973 0.3566084 166.1699 -106.5759 251.8109
1.065739 0.8654181 0.4012861 168.689 -109.1179 251.8109
1.128727 0.8998419 0.4025068 168.3531 -111.4766 251.8109
1.195622 0.9784552 0.4300947 165.0707 -112.9423 251.8109
1.163883 1.052918 0.5516768 172.5745 -119.6217 251.8109
1.220768 1.120301 0.56779 178.3684 -126.324 251.8109
1.360661 1.074402 0.6200361 178.4524 -123.3698 251.8109
1.332829 1.254334 0.7386885 174.773 -125.4537 251.8109
1.461979 1.212586 0.7787275 195.5516 -122.6446 251.8109
1.541569 1.27533 0.8290205 211.9028 -123.1713 251.8109
1.506413 1.220643 1.016276 260.2157 -113.6599 251.8109
1.828678 1.711854 1.078288 269.6508 -92.59879 251.8109
