0.7960967 -0.5204741 0.4855058 -35.08054 51.09997 50.82172
0.7404326 -0.5629546 0.416414 -22.28664 47.90913 44.68432
0.7118682 -0.5221831 0.355623 -18.17214 44.71829 39.98203
0.6845244 -0.5710113 0.3229082 -9.45458 38.98547 35.92096
0.6747588 -0.601773 0.3050859 -5.866794 33.66486 32.27211
0.6552276 -0.6112945 0.2994707 -1.576718 28.86333 30.14997
0.6356963 -0.6405913 0.2872636 2.491985 21.88623 28.2034
0.6298369 -0.6596343 0.3119218 4.102671 15.44348 27.27974
0.6261748 -0.6864898 0.3338945 6.812595 10.07707 27.54692
0.6383819 -0.6933257 0.3627031 7.637022 4.306077 28.12707
0.6417998 -0.7008941 0.4000566 7.423282 -0.3275114 30.066
0.6486358 -0.6889312 0.4520586 4.301145 -4.961099 33.25684
0.6549834 -0.67648 0.4950273 1.240077 -8.472549 36.24921
0.6647491 -0.6415679 0.5336015 -2.668321 -10.90766 39.01257
0.6649932 -0.6171538 0.5560625 -8.126336 -13.33515 42.08127
0.683792 -0.5795562 0.605623 -13.55382 -15.39621 44.42478
0.6833037 -0.5302398 0.633455 -21.70649 -16.66339 46.75302
0.6886748 -0.4772613 0.6627519 -29.48512 -18.12904 48.066
0.6942901 -0.4555327 0.6737382 -39.68359 -18.93056 49.41714
0.7091826 -0.4240386 0.6844804 -47.95076 -20.29698 49.79119
0.7331084 -0.415982 0.7088945 -58.03473 -20.35041 50.32554
0.7460479 -0.4045074 0.7281816 -63.16451 -20.71683 49.48585
0.7624053 -0.4211089 0.7367265 -66.01946 -20.51835 47.70722
0.7582549 -0.4115874 0.7482011 -64.56145 -20.50308 44.2263
0.7665557 -0.4235503 0.7552812 -60.821 -20.9611 40.56982
0.7751006 -0.4567534 0.74283 -55.63015 -20.35805 36.71486
0.7802276 -0.4848296 0.7318437 -49.66832 -21.0298 33.03547
0.7812041 -0.5036284 0.7374589 -45.06527 -22.44965 30.50875
0.7956084 -0.5243804 0.7342851 -40.43932 -23.54889 28.30264
0.8061065 -0.5553863 0.7420976 -37.70649 -24.55652 27.1347
0.7794951 -0.5610015 0.7408769 -35.31718 -25.70156 26.79882
0.7140655 -0.4865386 0.8568438 -42.60725 -31.99163 28.78356
0.8166045 -0.5443999 0.8839434 -41.0729 -18.33515 23.98203
0.8800811 -0.5898101 0.775789 -44.44695 -21.01453 27.27211
0.9020537 -0.5680816 0.7706621 -53.71412 -24.83133 31.80646
0.9186553 -0.5505034 0.8185137 -54.49275 -24.90003 31.58508
0.9303741 -0.5505034 0.8251055 -55.12634 -24.28934 32.51638
0.9457549 -0.5287749 0.8382891 -55.20267 -23.35805 32.67669
0.9440459 -0.506314 0.8497637 -52.27137 -24.28934 31.39425
0.9423369 -0.4877593 0.8834551 -49.12634 -24.10614 29.31791
0.9342803 -0.4631011 0.9156816 -45.24084 -23.20537 27.05073
0.9210967 -0.4775054 0.9542559 -40.96603 -21.90767 22.62325
0.940628 -0.4369781 0.9635332 -36.89733 -19.54125 19.87516
0.9462432 -0.4330718 0.9781816 -33.0042 -16.38858 16.066
0.9206084 -0.4718902 1.002596 -29.01946 -13.80079 11.80646
0.9152373 -0.4775054 1.001619 -24.98893 -11.0527 7.646152
0.8932647 -0.4955718 1.006258 -21.96603 -8.38858 4.111801
0.8595733 -0.5456206 0.9933184 -18.66832 -6.296977 0.4553127
0.841751 -0.5995757 0.989168 -17.25611 -4.518351 -1.262245
0.826126 -0.6342437 0.9706133 -16.69885 -2.274076 -1.979801
0.7973174 -0.6586577 0.9391191 -17.35534 -0.6939237 -2.934
0.7567901 -0.7609527 0.944002 -20.23321 -1.47255 -0.8271294
0.7609405 -0.8193023 0.9645098 -23.45458 0.5121832 3.172871
0.7387237 -0.9037749 0.9708574 -23.27137 3.756458 7.409512
0.7309112 -0.9406402 0.9330156 -24.19504 5.435847 12.9744
0.732376 -0.9621245 0.9039629 -24.47748 6.848061 18.66142
0.7472686 -0.9496734 0.8622149 -23.82099 7.573252 23.85989
0.753128 -0.9294097 0.8131426 -23.36298 7.840428 29.72249
0.7770537 -0.8940093 0.751375 -23.87443 7.657221 35.47058
0.7968291 -0.8485991 0.7218339 -24.50038 6.565618 40.27211
0.8258819 -0.8207671 0.6534746 -26.45458 5.20684 45.69958
0.7733916 -0.407437 0.6842363 -23.92023 0.4969161 22.21867
0.8100127 -0.4828765 0.7074296 -20.10344 -1.342779 13.01256
0.8107451 -0.5060699 0.7315996 -16.85916 -1.732092 11.24921
0.8068389 -0.5126616 0.7525957 -13.72939 -1.190107 10.0889
0.8141631 -0.5231597 0.7660234 -10.73702 -0.4725495 8.592717
0.8061065 -0.523648 0.7743242 -8.103436 0.2602749 7.172871
0.807083 -0.5339019 0.7877519 -6.53855 1.63432 6.096535
0.8161162 -0.5483062 0.7887285 -5.477481 2.848061 4.829359
0.8180694 -0.5541656 0.7992265 -4.874428 4.626687 4.134703
0.8151397 -0.5607574 0.7938554 -4.324809 6.031268 3.737755
0.8183135 -0.5790679 0.7906816 -3.714122 7.283176 3.74539
0.8151397 -0.5946929 0.7713945 -3.530916 8.542717 3.836992
0.8170928 -0.6134917 0.7738359 -3.714122 9.779358 3.753023
0.8185576 -0.6274077 0.7555254 -4.0271 10.93966 4.233938
0.8126983 -0.6283843 0.7372148 -5.103436 11.23737 5.012566
0.8207549 -0.6491363 0.7245195 -7.263741 11.72592 6.569817
0.8180694 -0.6547515 0.7108476 -10.20267 11.96256 7.814092
0.8195342 -0.6723296 0.6937578 -13.9813 11.91676 10.08127
0.8200225 -0.6906402 0.6891191 -17.35534 11.64195 12.0202
0.8117217 -0.692105 0.6778886 -20.66069 11.0847 14.47058
0.8080596 -0.7023589 0.6627519 -22.88969 10.68012 16.65379
0.7992705 -0.706021 0.6566484 -24.46221 10.0847 18.93623
0.7946319 -0.7106597 0.6573808 -25.55382 9.573252 20.85989
0.7919463 -0.7072417 0.6690996 -26.42405 9.39768 22.71486
0.7831573 -0.7023589 0.6673906 -26.46985 8.954931 24.066
0.7765655 -0.7008941 0.671541 -26.50038 8.344244 25.57745
0.7675323 -0.6840484 0.6874101 -25.9126 8.481649 26.69959
0.7565459 -0.6401031 0.6996171 -21.1874 9.390045 28.53928
0.7611846 -0.6210601 0.6979082 -19.24084 10.34424 28.61562
0.7538604 -0.6064116 0.6927812 -17.30954 10.93966 28.23394
0.7563018 -0.5881011 0.6793535 -15.21794 11.28318 27.92096
0.7626494 -0.5661284 0.669832 -13.79046 12.02363 27.35608
0.7597198 -0.5473296 0.6505449 -12.63015 12.0618 26.92096
0.7814483 -0.5385406 0.6305254 -11.9126 11.71829 26.41714
0.7685088 -0.5251128 0.6166093 -11.56908 11.56562 25.64615
0.7821807 -0.5109527 0.6063554 -11.99656 11.00837 25.32554
0.7895049 -0.5092437 0.5848711 -12.54618 10.1076 24.76829
0.7887725 -0.5058257 0.5650957 -13.66832 8.993099 24.05837
0.7975616 -0.4953277 0.5738847 -15.70649 8.069435 23.71486
0.8029326 -0.4850738 0.5702226 -17.87443 7.000733 23.46295
0.8056182 -0.4926421 0.5611894 -20.06527 5.893862 23.0889
0.8065948 -0.4921538 0.5785234 -21.53092 4.764091 22.84463
0.8039092 -0.4945952 0.5887773 -22.01183 3.275542 22.47821
0.8034209 -0.4953277 0.6051347 -21.63015 2.863328 21.33318
0.8007354 -0.4955718 0.624666 -20.50801 2.115237 20.43241
0.8043975 -0.5019195 0.6449296 -19.39351 1.710656 19.35608
0.8007354 -0.5075347 0.652498 -17.84389 1.619053 18.44005
0.8053741 -0.5004546 0.6669023 -17.05 1.809893 17.89806
0.8102569 -0.5085113 0.6795976 -16.33244 1.962565 17.10417
0.8058623 -0.5024077 0.6866777 -16.43931 2.588519 16.67669
0.8117217 -0.5138824 0.7074296 -16.50038 3.298443 16.1347
0.8043975 -0.525357 0.7088945 -16.9126 4.016 16.08127
0.8061065 -0.5290191 0.6937578 -16.71412 4.771725 15.70722
0.8029326 -0.5397613 0.6832597 -17.55382 5.374779 15.80646
0.8068389 -0.5461089 0.6798418 -18.06527 5.786993 15.73776
0.8102569 -0.5651519 0.6686113 -18.57672 5.878596 16.31791
0.8007354 -0.5685699 0.6522539 -19.0958 5.878596 16.50875
0.8017119 -0.5863921 0.6376054 -19.52328 5.20684 17.05073
0.7980498 -0.5890777 0.6390703 -19.52328 4.634321 17.66905
0.793167 -0.5968902 0.6366289 -20.43931 3.90913 18.44005
0.7858428 -0.5959136 0.6478593 -21.34008 3.298443 19.14234
0.7851104 -0.600064 0.6383379 -22.36298 2.748825 20.1805
0.7807158 -0.6027495 0.6561601 -22.30191 1.962565 20.78356
0.7836455 -0.5981109 0.6615312 -22.9584 1.809893 21.69195
0.7804717 -0.594937 0.6615312 -23.10344 1.771725 22.01257
0.777542 -0.5866363 0.6739824 -23.24084 1.435847 22.77592
0.78096 -0.5817534 0.6798418 -23.0042 1.580885 23.1118
0.7707061 -0.5783355 0.6903398 -22.74466 1.428214 23.66142
0.7782744 -0.5732085 0.7042558 -22.82863 1.61142 23.94386
0.7780303 -0.5656402 0.6966875 -23.10344 2.077069 24.18814
0.7821807 -0.5524566 0.6991289 -23.9813 2.275542 24.65379
0.7855987 -0.5451324 0.7037675 -24.87443 2.641954 24.90569
0.784378 -0.5465972 0.6966875 -25.2103 2.779359 24.85989
0.7936553 -0.5346343 0.6847246 -25.1645 2.848061 24.37898
0.7946319 -0.5390288 0.6839921 -24.85153 2.466382 24.24157
0.8090362 -0.5312163 0.6954668 -24.66832 2.000733 23.98203
0.8043975 -0.5260894 0.6932695 -24.62252 1.451114 24.10417
0.8095244 -0.5243804 0.7045 -24.15687 1.535084 23.69959
0.8166045 -0.518521 0.7169511 -23.40114 1.489282 23.02783
0.81221 -0.5224273 0.7232988 -22.31717 1.405313 22.70722
0.8192901 -0.5197417 0.7189043 -21.48512 1.817527 22.1347
0.826126 -0.5133941 0.7379472 -20.78283 2.12287 21.66142
0.8324737 -0.5085113 0.74283 -20.39351 2.924397 21.30264
0.8317412 -0.5024077 0.7555254 -19.78283 3.496916 20.94386
0.841751 -0.5107085 0.7528398 -19.40878 4.237374 20.37134
0.8397979 -0.4982574 0.7572343 -19.59962 4.855695 20.1576
0.8478545 -0.5006988 0.7538164 -19.85916 5.832794 19.77592
0.8549346 -0.494107 0.7467363 -20.72939 6.74119 19.50111
0.8583526 -0.4970366 0.7433183 -21.46985 7.855694 19.17287
