0.2868886 1.992357 0.2987002 -89.31545 -151.8765 -171.632
0.3647695 2.163683 0.3907412 -91.42232 -156.2658 -190.8763
0.5134511 2.163683 0.5123233 -93.94904 -163.4108 -205.8686
0.5989004 2.163683 0.5403995 -90.72766 -163.9757 -230.9297
0.698998 2.163683 0.7100772 -96.8727 -169.9223 -248.5709
0.8772207 2.163683 0.883417 -106.5674 -169.3574 -248.5709
0.9502188 2.163683 1.007685 -119.1093 -169.4719 -248.5709
1.355492 2.124681 1.178339 -168.4376 -156.7086 -248.5709
1.431664 1.999925 1.218378 -187.7658 -149.9681 -248.5709
1.504662 1.767747 1.244745 -209.9338 -142.7543 -248.5709
1.634301 1.626878 1.283075 -233.5216 -107.7315 -248.5709
1.597191 1.387132 1.359491 -246.8803 -101.533 -248.5709
1.608422 1.250414 1.380243 -248.5139 -102.1666 -248.5709
1.681908 1.012132 1.311151 -248.5139 -90.47955 -248.5709
1.679223 0.8136459 1.296747 -248.5139 -79.45664 -248.5709
1.712182 0.528978 1.210321 -248.5139 -66.23527 -248.5709
1.751977 0.2032944 1.301142 -248.5139 -49.58641 -248.5709
1.685082 -0.2029556 1.131464 -248.5139 -27.90702 -248.5709
1.692895 -0.328688 1.062128 -248.5139 -29.51008 -248.5709
1.228295 -0.7659439 1.489618 -248.5139 -7.273436 -248.5709
1.254174 -1.14778 0.9642276 -248.5139 9.260916 -248.5709
1.004662 -1.17903 0.9456729 -248.5139 50.54336 -248.5709
1.022484 -1.202467 0.7642764 -248.5139 -4.945191 -248.5709
1.057152 -1.836256 0.5054873 -248.5139 0.7494655 -248.5709
0.3840566 -1.836256 0.4061221 -248.5139 32.78764 -248.5709
0.221459 1.023607 1.420282 -42.11698 -41.43374 -109.7617
0.1579824 1.459398 0.8904971 -10.42995 -12.70855 -209.2045
0.1328359 1.542162 0.7676944 -18.56736 -17.67802 -218.3877
0.1611562 1.591478 0.6739444 -28.97194 -21.14367 -226.7847
0.1845938 1.608812 0.6214541 -41.9185 -27.22 -234.7999
0.2221914 1.601976 0.5548038 -52.83453 -32.69328 -244.0824
0.2483145 1.646654 0.4942569 -67.23148 -43.16656 -248.5709
0.3359609 1.624437 0.4625186 -85.24675 -42.1742 -248.5709
0.3589101 1.600511 0.5098819 -102.3842 -47.31924 -248.5709
0.4594961 1.544359 0.5181827 -117.8422 -49.59404 -248.5709
0.5578847 1.525072 0.55871 -134.888 -52.06733 -248.5709
0.6323476 1.507249 0.591669 -154.1246 -53.15893 -248.5709
0.7053457 1.449876 0.5797061 -172.9567 -49.92992 -248.5709
0.730248 1.423265 0.5682315 -190.7811 -49.80015 -248.5709
0.7844472 1.366869 0.5660342 -206.1017 -48.25053 -248.5709
0.876 1.296068 0.5684756 -216.7582 -45.58641 -248.5709
0.8840567 1.19182 0.5294131 -226.1246 -44.96046 -248.5709
0.9736563 1.12639 0.5203799 -227.2239 -42.42611 -248.5709
1.012963 1.00847 0.478876 -232.0788 -40.67801 -248.5709
1.073998 0.8802963 0.4800967 -236.201 -40.60931 -248.5709
1.061791 0.9159409 0.463251 -242.7735 -35.45664 -248.5709
1.08767 0.7050034 0.3582705 -248.5139 -32.20473 -248.5709
1.070824 0.4269272 0.2691592 -248.5139 -30.63985 -248.5709
1.034203 0.1932847 0.1536807 -247.0406 -33.54824 -248.5709
1.03933 0.1161362 0.1348819 -248.5139 -39.09023 -248.5709
0.9685293 -0.2605728 0.08532131 -238.3689 -49.1513 -248.5709
0.7610097 -0.3914321 0.06115139 -243.4834 -52.97572 -248.5709
0.6653066 -0.9087662 -0.01379979 -248.5139 -51.2887 -248.5709
0.7824941 -0.97444 0.06676662 -248.5139 -73.68565 -248.5709
0.8440176 -1.353346 -0.03406346 -248.5139 -80.60168 -248.5709
0.7248769 -1.552321 0.06823146 -248.5139 -98.40321 -248.5709
0.7046133 -1.836256 0.08141506 -244.2926 -85.92229 -248.5709
0.8059317 -1.836256 0.1756533 -219.7124 -97.37267 -248.5709
0.8689199 -1.836256 0.2708682 -185.1704 -81.44138 -248.5709
0.7795644 -1.836256 0.3865908 -163.1704 -68.1513 -248.5709
0.6343008 -1.836256 0.7025088 -146.2544 -78.97573 -248.5709
0.6767812 -1.836256 0.8145694 -128.201 -71.13603 -248.5709
0.6162344 -1.836256 0.9549502 -123.43 -71.31161 -248.5709
0.7092519 -1.743727 0.9698428 -129.0254 -57.75435 -248.5709
0.4812246 -1.836256 1.196161 -123.5597 -65.74672 -248.5709
0.4966054 -1.836256 1.193964 -106.3078 -54.64748 -248.5709
0.3803945 -1.836256 1.234003 -97.55209 -59.2429 -239.4946
0.3630605 -1.836256 1.301874 -99.09408 -45.34214 -236.3648
0.3244863 -1.836256 1.357782 -88.07117 -45.92229 -215.9526
0.4009023 -1.786452 1.293329 -101.9567 -25.80015 -197.319
0.2934804 -1.836256 1.385126 -121.033 -11.95282 -174.8992
0.3437734 -1.836256 1.399774 -137.9491 8.299084 -148.7617
0.3054433 -1.836256 1.364862 -152.7887 28.39832 -122.8304
0.0857168 -1.836256 1.652216 -160.1552 32.48993 -114.0747
0.06032617 -1.836256 1.640741 -150.9872 35.04718 -102.1358
0.06789453 -1.836256 1.752558 -143.1933 33.47466 -79.15105
-0.04563086 -1.836256 1.755487 -155.3842 36.6655 -46.72357
-0.1393809 -1.836256 1.726435 -161.3384 40.81054 -32.60907
-0.1965098 -1.836256 1.364862 -161.6819 43.39832 -18.83044
-0.3127207 -1.836256 1.059198 -65.34599 30.28382 3.871848
-0.4567637 -1.836256 1.188349 -9.07881 33.90214 -56.14342
-0.3283457 -1.836256 1.065058 -33.6666 28.97847 -35.21975
-0.3083262 -1.836256 0.9759463 -25.21621 27.36015 -2.700672
-0.3761973 -1.816969 0.8458194 -19.9185 21.88687 22.66574
-0.4494395 -1.726881 0.8101748 -11.88034 18.8258 17.20009
-0.4384531 -1.559889 0.8099307 3.379206 13.07771 15.16956
-0.3481211 -1.309401 0.8116397 12.60058 8.016641 23.73444
-0.2887949 -1.185622 0.8780459 17.27997 4.566259 43.49017
-0.3075938 -1.093336 0.9114932 29.84486 2.795267 47.91002
-0.325416 -0.9827408 0.9002627 49.44791 -0.4642751 46.52834
-0.3222422 -0.7525162 1.01037 61.53188 -3.456641 39.06269
-0.2555918 -0.6658463 1.012812 69.52425 -2.036794 37.06269
-0.198707 -0.6123795 0.9800967 90.11203 -4.70855 44.3375
-0.1777109 -0.5139908 1.015985 103.7533 -6.494809 35.73444
-0.2453379 -0.3574966 1.096063 104.4632 -6.960458 33.87185
-0.2192148 -0.2725357 1.106806 100.9746 -11.96809 33.12376
-0.2050547 -0.1912368 1.147333 96.27234 -11.89939 34.74208
-0.1728281 -0.08625635 1.161737 87.78379 -14.48718 33.55124
-0.1806406 -0.1028579 1.205927 79.07386 -15.56351 26.09322
-0.1493906 -0.1011489 1.211786 79.05096 -16.47954 30.98635
-0.1628184 -0.04304347 1.286249 78.1502 -25.0597 25.55887
-0.1611094 -0.02912745 1.238886 69.72272 -26.29634 10.84895
-0.06882422 -0.02668604 1.28161 74.51661 -30.34214 18.10085
-0.07492774 -0.06355128 1.349481 79.48608 -32.44901 20.06269
-0.0693125 -0.03913722 1.396845 80.56242 -30.87649 11.5436
-0.008765623 0.05607763 1.421747 76.98989 -31.62458 0.2611604
0.07936914 0.1163804 1.496698 64.66164 -24.57114 2.390931
0.1584707 0.1913315 1.63122 46.2418 -16.3345 8.703908
0.1609121 0.1664292 1.693964 32.34104 -8.571145 16.61994
0.1706777 0.08854834 1.747919 25.43264 -4.013893 20.49017
0.1880117 0.04533544 1.816034 24.93646 -1.532977 14.41383
0.2036367 0.04826513 1.891962 22.41738 6.581527 -8.341893
0.2820058 0.02482763 1.924921 27.99753 7.092977 -1.883878
0.2932363 0.188646 2.128534 28.92883 8.039542 0.8413131
0.1716543 -1.628981 1.755243 -65.71239 -36.07496 -201.4793
-0.1064219 -0.9983658 1.543329 23.77615 29.21511 -30.08235
-0.1078867 -0.9363541 1.526728 27.92883 31.19221 -26.21212
-0.1071543 -0.8836197 1.507929 32.1502 33.55863 -22.05182
-0.07810156 -0.8831314 1.48205 38.98226 35.23801 -18.28846
-0.07150977 -0.861647 1.479364 48.68455 38.44412 -8.624336
-0.08444921 -0.8174576 1.487665 60.99753 39.21511 -3.853343
-0.09030859 -0.7075943 1.48205 67.23417 41.00901 -5.33426
-0.1103281 -0.5840591 1.535517 64.63875 43.43649 -7.250289
-0.0873789 -0.5105728 1.531122 55.88302 46.8716 -3.494565
-0.0693125 -0.4317153 1.526972 44.2189 47.40596 3.413832
-0.09030859 -0.4373306 1.512079 35.55478 47.85634 10.42146
-0.08933203 -0.4204849 1.496454 31.16547 49.14641 15.04742
-0.08225195 -0.3936294 1.485468 26.49371 51.30672 13.10085
-0.06760352 -0.3396743 1.492792 22.66928 51.8029 12.18482
-0.03000586 -0.2813247 1.503534 20.90592 52.8716 13.53597
-0.02292578 -0.3081802 1.514765 22.83722 54.30672 12.03215
0.05080469 -0.2744888 1.506952 37.92883 55.29145 14.94818
0.01198633 -0.2222427 1.578485 49.47081 57.06244 1.230626
0.1113516 -0.0955337 1.629267 59.30287 60.42122 -2.906778
0.1592031 -0.03132472 1.704462 65.53188 58.58916 3.161924
0.1535879 0.06047216 1.772333 66.75325 59.24565 -9.318993
0.2453848 0.1749741 1.885858 61.42501 63.83344 -25.65487
0.3183828 0.2831284 1.995966 55.32577 66.63496 -20.5938
0.4150625 0.4203354 2.04748 38.29524 67.05481 -20.27319
0.3572011 0.2523667 2.059687 36.66928 73.63496 -35.51746
0.4804922 0.1637436 2.089228 51.16547 75.18458 -42.30372
0.5346914 0.2189194 2.21496 70.80669 79.13878 -49.7312
1.002709 1.00554 2.224237 31.67692 120.8105 -28.27319
0.5383535 0.2948472 2.355585 36.06623 125.2609 -56.78464
0.7158437 0.08073584 2.271357 38.24944 140.7037 -68.5709
0.8884512 0.5323959 2.646112 44.53951 168.551 -51.02128
0.898461 0.1962143 2.51623 40.84486 210.6502 -58.92204
0.9514395 0.1925522 2.727411 36.44028 239.78 -83.25792
0.8491446 0.3607651 2.796747 14.06623 242.7418 -114.4717
0.8564688 0.1337143 2.908319 18.36394 246.0243 -123.0518
