0.7963408 -0.2565581 0.5968339 -8.904962 5.550351 13.89043
0.7990264 -0.258023 0.5978105 -8.851527 5.344244 13.92096
0.8043975 -0.2475249 0.6036699 -9.164504 5.176305 13.65379
0.8056182 -0.2631499 0.6117265 -8.988932 5.138137 13.73012
0.8080596 -0.2570464 0.6119707 -9.05 5.12287 13.56218
0.8107451 -0.2624175 0.6102617 -9.15687 4.954931 13.78356
0.8117217 -0.2565581 0.6112382 -9.057633 5.451115 13.58508
0.8124541 -0.2653472 0.6293046 -8.897328 5.176305 13.62325
0.8102569 -0.2616851 0.6210039 -8.935496 5.649588 13.58508
0.8134307 -0.2660796 0.6319902 -8.904962 5.71829 13.42478
0.8041533 -0.2553374 0.6341875 -8.599619 5.809893 13.36371
0.8112334 -0.2624175 0.6405351 -8.668321 6.405313 13.43241
0.8097686 -0.2538726 0.6380937 -8.538549 6.619053 13.23394
0.8097686 -0.2516753 0.6422441 -8.385878 7.229741 12.85226
0.8083037 -0.2575347 0.6456621 -8.523283 7.626687 12.89806
0.8092803 -0.2585113 0.6446855 -8.576717 8.435848 12.84463
0.8114776 -0.2626616 0.6439531 -8.233206 8.626686 12.74539
0.8202666 -0.2624175 0.6341875 -8.133969 9.405313 12.66905
0.8041533 -0.2624175 0.6412675 -8.362977 10.1076 12.47058
0.8031768 -0.2641265 0.6288164 -8.469848 10.66485 12.58508
0.7997588 -0.2619292 0.6236894 -8.477481 11.44348 12.40951
0.791458 -0.2633941 0.6200273 -8.94313 12.016 12.66905
0.7846221 -0.2663238 0.6112382 -9.248473 12.82516 12.67669
0.7892608 -0.2729156 0.603914 -9.508016 13.21447 13.0431
0.7777862 -0.2760894 0.5997636 -9.378244 13.65722 13.10417
0.7780303 -0.2707183 0.5843828 -9.477481 13.31371 13.37134
0.7672881 -0.2716949 0.5936601 -9.34771 13.58088 13.73012
0.7614287 -0.2804839 0.5834062 -9.05 13.53508 14.02783
0.7592315 -0.2741363 0.588289 -8.45458 13.46638 14.07363
0.7677764 -0.2738921 0.5775468 -8.301908 13.38241 14.31791
0.7558135 -0.2694976 0.5677812 -8.759924 13.61142 14.40188
0.7521514 -0.2677886 0.5707109 -8.912596 13.0618 14.68432
0.7536162 -0.2675445 0.5531328 -9.019465 12.95493 14.75302
0.7448272 -0.2643706 0.5528886 -9.294275 12.55799 14.60798
0.74971 -0.2648589 0.544832 -9.164504 12.24501 14.43241
0.7536162 -0.2682769 0.5426347 -8.683588 11.86333 14.53928
0.7577666 -0.2699859 0.5353105 -8.15687 11.71829 14.21867
0.7563018 -0.2721831 0.5277421 -7.920229 11.30608 13.77592
0.7580108 -0.2682769 0.5306718 -7.782825 10.55035 13.70722
0.7567901 -0.2712066 0.5150468 -8.256107 9.855694 13.81409
0.7594756 -0.2680327 0.5121171 -8.538549 8.985466 13.81409
0.761917 -0.2697417 0.5162675 -9.088168 8.054169 13.98203
0.7614287 -0.2699859 0.5099199 -9.355344 7.474016 13.62325
0.7685088 -0.2609527 0.510164 -9.072901 6.328977 13.73776
0.7597198 -0.2746245 0.5106523 -9.011832 5.336611 12.98966
0.7594756 -0.268521 0.5155351 -8.500381 4.489283 12.79119
0.7685088 -0.2707183 0.5204179 -7.935496 3.573252 12.40951
0.7707061 -0.275357 0.5096757 -7.492748 2.382412 12.11944
0.7782744 -0.2807281 0.5123613 -7.141603 1.321343 11.90569
0.7838897 -0.2782866 0.5045488 -6.966031 0.1152368 11.85989
0.7926787 -0.2860991 0.5165117 -6.996565 -0.8847633 11.67669
0.7909698 -0.2856109 0.5179765 -6.889695 -2.190107 11.66905
0.7873076 -0.2926909 0.5253007 -6.714122 -3.57942 11.89806
0.7904815 -0.299771 0.5323808 -6.622519 -4.617588 11.95913
0.7851104 -0.3107574 0.5406816 -6.362977 -5.594687 12.46295
0.7882842 -0.3063628 0.5524004 -6.088168 -6.518351 12.52402
0.7946319 -0.3146636 0.5628984 -6.042367 -7.129038 13.02783
0.8058623 -0.3117339 0.563875 -6.248473 -7.854229 13.69959
0.808792 -0.320523 0.5829179 -7.301908 -8.006901 14.39424
0.8146514 -0.3158843 0.5926836 -8.233206 -8.006901 14.83699
0.8083037 -0.3083159 0.6065996 -8.782825 -7.900031 15.56218
0.8224639 -0.3129546 0.6078203 -9.133969 -8.083237 15.92096
0.8251494 -0.3110015 0.6183183 -8.94313 -7.747359 16.55455
0.8200225 -0.3097808 0.6280839 -8.744657 -7.548885 16.73775
0.8349151 -0.3034331 0.6312578 -8.508016 -7.541252 16.98966
0.8275908 -0.3017241 0.6358964 -8.446947 -7.365679 17.47821
0.8302764 -0.2987945 0.642 -8.271374 -6.648122 17.53928
0.8271026 -0.2873199 0.6444414 -8.485115 -6.197741 17.70722
0.8234405 -0.2880523 0.6434648 -8.172137 -5.884763 17.70722
0.8241729 -0.2887847 0.6500566 -7.912596 -5.380947 17.78356
0.8266143 -0.285855 0.6478593 -7.424046 -4.930565 17.52402
0.8217315 -0.2836577 0.6478593 -6.744657 -4.525985 17.36371
0.8158721 -0.2802398 0.6534746 -6.095802 -3.915298 17.30264
0.8200225 -0.2780425 0.6554277 -5.622519 -3.648122 17.0889
0.8200225 -0.2819488 0.6498125 -4.904962 -3.373313 16.91333
0.8109893 -0.2863433 0.6410234 -4.370611 -2.854229 16.90569
0.8173369 -0.2839019 0.6427324 -4.370611 -2.556519 17.16524
0.8114776 -0.2851226 0.6427324 -4.210305 -2.266443 17.08127
0.8129424 -0.290982 0.6366289 -3.920229 -2.251176 17.05073
0.8080596 -0.2868316 0.6336992 -3.530916 -2.327512 17.29501
0.8012237 -0.04024951 0.609041 24.94237 2.428214 -42.48362
0.8356475 -0.4479644 0.5843828 9.919466 -18.0298 -25.09431
0.8432158 -0.4489409 0.6051347 8.881298 -18.29698 -22.46835
0.8515166 -0.4528472 0.6129472 7.942366 -18.55652 -20.23934
0.8522491 -0.461148 0.6207597 7.140839 -19.03744 -17.41492
0.8576201 -0.4672515 0.6283281 6.896565 -19.20537 -14.76606
0.8585967 -0.4587066 0.6481035 6.255343 -19.59469 -12.39202
0.8656768 -0.4579741 0.6593339 5.522519 -18.8924 -9.643923
0.8783721 -0.454312 0.6800859 4.369847 -18.41912 -6.895832
0.8769073 -0.4501616 0.6957109 3.415649 -17.70919 -4.727894
0.8881377 -0.4369781 0.7074296 2.682825 -16.83133 -2.277512
0.8834991 -0.4474761 0.7176836 2.201909 -15.67102 -0.1095734
0.8856963 -0.4435699 0.7215898 2.148473 -14.72446 1.913328
0.8820342 -0.442105 0.7411211 2.201909 -13.40385 4.134703
0.885208 -0.4433257 0.7467363 2.125573 -12.09087 6.264473
0.8654326 -0.4181792 0.7779863 2.316412 -7.892397 13.24157
0.8690948 -0.4076812 0.7706621 2.201909 -6.548885 15.41714
0.8688506 -0.4047515 0.7836015 2.621755 -4.754992 17.52402
0.8654326 -0.3820464 0.7904375 2.682825 -3.220641 19.75302
0.8651885 -0.3715484 0.7904375 2.499618 -1.19774 21.92096
0.8622588 -0.3586089 0.7857988 3.033969 0.6953893 23.16524
0.8610381 -0.3363921 0.7787187 3.324046 2.428214 24.77592
0.8529815 -0.3236968 0.782625 3.606489 4.222107 26.09653
0.8490752 -0.3039214 0.7691972 3.392748 6.099969 27.24921
0.8549346 -0.2946441 0.7599199 3.087405 7.977832 28.36371
0.8480987 -0.2802398 0.73575 2.240077 9.939665 29.67669
0.8444366 -0.2768218 0.7142656 1.575954 11.52745 30.21867
0.838333 -0.2592437 0.7013261 0.9958014 12.95493 30.73012
0.8302764 -0.2541167 0.6844804 0.6828241 13.66485 31.2034
0.8275908 -0.2521636 0.6532304 -0.24084 14.29081 31.49348
0.8305205 -0.2421538 0.6358964 -0.1263361 14.91676 31.85226
0.8158721 -0.2445952 0.6222246 -0.1492367 14.71066 31.92096
0.8180694 -0.2445952 0.61075 1.049237 14.43585 31.9286
0.8239287 -0.2431304 0.5878007 1.629389 13.96256 32.1805
0.8251494 -0.233853 0.5814531 0.8889308 13.75646 32.60799
0.8234405 -0.2362944 0.5655839 0.1408396 12.9015 32.86753
0.8229522 -0.2272612 0.5545976 -0.9889317 11.90913 33.45531
0.8239287 -0.2289702 0.5433671 -1.904962 10.42058 33.64615
0.8202666 -0.2265288 0.5387285 -2.53855 9.107603 33.94386
0.8144073 -0.2157866 0.5416582 -3.111069 7.61142 34.50111
0.8166045 -0.200894 0.5521562 -3.950764 6.512184 34.43241
0.8271026 -0.1906401 0.5599687 -4.362977 5.619053 34.1347
0.8224639 -0.1894194 0.5731523 -5.24084 4.932031 34.1347
0.8288116 -0.1796538 0.5765703 -5.637786 4.825161 33.33318
0.8314971 -0.1767241 0.5853593 -6.263741 4.130504 32.89806
0.8253936 -0.1750151 0.5946367 -7.042367 3.855695 32.60035
0.8241729 -0.1750151 0.593416 -7.64542 3.31371 31.69959
0.829544 -0.1662261 0.6051347 -7.805725 3.20684 31.16524
0.8229522 -0.1718413 0.6129472 -8.271374 3.634321 30.21104
0.8241729 -0.1701323 0.6122148 -8.271374 3.580885 29.71486
0.8256377 -0.1708647 0.6122148 -8.828626 3.840427 28.93623
0.8107451 -0.1808745 0.6170976 -8.935496 4.107603 28.24921
0.7963408 -0.1872222 0.6183183 -9.179771 4.275542 27.69195
0.7912139 -0.1967437 0.6131914 -8.94313 4.405313 27.01257
0.7853545 -0.1967437 0.6158769 -8.088168 4.061801 26.63089
0.7770537 -0.206021 0.6139238 -8.301908 3.878595 26.67669
0.7765655 -0.211148 0.5987871 -8.485115 3.725924 26.31791
0.7643584 -0.2096831 0.6063554 -8.508016 3.351878 26.79119
0.7660674 -0.2177397 0.5929277 -8.798092 2.939664 26.73775
0.7650908 -0.2245757 0.5870683 -9.088168 2.451115 26.92096
0.760208 -0.2126128 0.5834062 -9.691221 1.703023 27.35608
0.7501983 -0.2235991 0.5663164 -10.27137 0.6114199 27.66905
0.7504424 -0.2243315 0.5685136 -11.12634 -0.6939237 27.88279
0.753128 -0.2243315 0.5687578 -12.20267 -1.808427 28.53165
0.7560576 -0.2226226 0.574373 -13.0958 -2.869496 28.9515
0.7521514 -0.2309233 0.5751054 -13.92786 -4.182473 29.48585
0.763626 -0.2214019 0.5812089 -14.80573 -5.167206 30.19577
0.765335 -0.2157866 0.5909746 -15.72176 -6.289343 30.63852
0.7682647 -0.2116362 0.6112382 -16.60725 -6.87713 30.66905
0.7714385 -0.2084624 0.6144121 -17.76756 -7.503084 30.74539
