0.4940948 -0.5434234 0.2691972 -30.38588 -11.77026 -6.163008
0.487503 -0.5837066 0.2589433 -31.74466 -13.80079 -3.353848
0.4843291 -0.594937 0.2543046 -34.27901 -15.66339 -0.4759846
0.4821319 -0.6166656 0.2770097 -36.39351 -18.0756 2.74539
0.4960479 -0.6308257 0.2872636 -38.22557 -19.71683 5.943863
0.5004424 -0.6320464 0.313875 -38.62252 -21.37331 8.798824
0.5067901 -0.6252105 0.3192461 -39.10344 -22.57179 11.67669
0.5026397 -0.615689 0.3378007 -38.50038 -23.76263 13.87516
0.5067901 -0.6086089 0.3697832 -37.15687 -24.61759 15.9744
0.5146026 -0.5881011 0.3822343 -35.51565 -24.9611 17.79119
0.5172881 -0.5771148 0.3985918 -34.1187 -25.63286 19.79882
0.5253448 -0.5590484 0.4117754 -32.59962 -25.67102 21.47058
0.5338897 -0.5373199 0.4210527 -30.76756 -25.55652 22.44005
0.5360869 -0.5226714 0.4349687 -28.61489 -25.86186 23.81409
0.5358428 -0.5019195 0.4454668 -26.12634 -25.77026 24.40188
0.5312041 -0.4831206 0.4501054 -22.85916 -25.0756 25.03547
0.5229033 -0.4606597 0.4503496 -20.71412 -24.12904 25.31027
0.5104522 -0.459439 0.4254472 -19.9813 -23.31988 25.86753
0.4931182 -0.4555327 0.386873 -20.19504 -23.06034 27.23394
0.4850616 -0.4504058 0.3448808 -20.86679 -23.51072 28.36371
0.4792022 -0.456021 0.2923906 -22.0042 -25.26644 30.01257
0.4691924 -0.459439 0.2562578 -22.79809 -27.67866 31.62325
0.4669951 -0.4643218 0.2320879 -23.17214 -30.8695 33.35608
0.4733428 -0.4616363 0.2181718 -24.35534 -34.04507 35.48585
0.4796905 -0.4526031 0.2203691 -24.72176 -37.01453 37.0202
0.9442901 -1.111539 -0.1736739 0.117939 -129.5794 -123.7432
1.143753 -1.130093 0.5965898 168.7821 -252.3275 176.2416
1.164505 -1.081998 0.642 174.721 -250.8008 179.6385
1.059769 -1.042935 0.6896074 175.263 -245.9153 185.8599
1.131302 -0.9789702 0.6205156 184.263 -246.0985 189.0813
1.161087 -1.008999 0.6979082 188.492 -243.8084 189.4171
1.129837 -1.04733 0.7223222 192.263 -234.6252 194.0202
1.117386 -1.030728 0.7152421 191.1179 -229.6023 201.2645
1.10762 -1.018033 0.6908281 194.0263 -227.1901 205.9744
1.080276 -1.004117 0.7079179 200.263 -224.381 208.8828
1.070267 -0.9911773 0.6983964 205.5912 -219.0451 210.4706
1.055618 -0.9335601 0.6795976 202.6828 -216.0451 217.5851
1.031692 -0.9257476 0.657625 198.324 -215.7474 224.6538
1.030228 -0.8984038 0.6847246 196.5836 -213.0374 228.6614
1.03804 -0.8659331 0.7059648 191.6065 -212.0985 234.9286
1.043899 -0.8002593 0.7569902 185.3317 -208.5947 241.0202
1.025589 -0.7594878 0.7743242 180.6599 -205.7626 244.1652
0.9884795 -0.6779449 0.8546465 176.0874 -202.4725 250.9668
0.971878 -0.5578277 0.9193438 169.1485 -200.0603 255.6232
1.00386 -0.4977691 0.9344805 168.0416 -194.7626 253.9668
0.970169 -0.4399077 0.968416 162.0721 -189.8466 252.5469
0.9342803 -0.4157378 1.000643 155.2324 -186.4649 254.524
0.9062041 -0.3693511 1.056551 148.5378 -181.8695 255.3255
0.8856963 -0.3451812 1.069002 145.3317 -176.5947 254.295
0.8639678 -0.2611968 1.109285 146.4996 -172.7474 250.5316
0.8334502 -0.2565581 1.147371 148.9729 -167.8008 245.982
0.8090362 -0.2553374 1.172518 152.8279 -162.5947 241.6843
0.7555694 -0.2631499 1.183748 154.6981 -157.7397 238.8752
0.7472686 -0.2045562 1.191072 160.9424 -150.6558 232.6461
0.7069854 -0.1916167 1.194734 157.2935 -145.2664 230.0278
0.6723174 -0.1755034 1.195223 155.5302 -140.4649 226.5546
0.6510772 -0.1745269 1.205721 150.0569 -135.7779 224.6538
0.62471 -0.1701323 1.223055 144.7668 -131.4802 222.8217
0.5912627 -0.1686675 1.267244 140.8966 -127.4191 220.837
0.5470733 -0.1684233 1.293611 137.0721 -122.1367 218.9286
0.5497588 -0.1930816 1.280184 133.0569 -121.0298 217.6843
0.4655303 -0.1222808 1.447176 122.8279 -96.26644 212.8752
0.4105987 -0.1220366 1.411531 116.9271 -94.44202 212.4095
0.3783721 -0.1120269 1.403719 108.1561 -90.40385 212.379
0.3698272 -0.09200733 1.443269 105.4309 -84.13667 211.0049
0.3454131 -0.1003081 1.455965 101.0569 -79.77789 211.1958
0.291458 -0.06393116 1.461336 98.49962 -76.19011 209.0965
0.2917022 -0.04537646 1.494783 97.8126 -73.54889 207.5622
0.3334502 -0.05294483 1.500887 91.96527 -65.8695 205.3255
0.3449248 -0.04073779 1.438631 76.9271 -61.32751 204.0965
0.4589385 -0.01900928 1.332186 76.9042 -58.62522 201.6156
0.2953643 -0.1342437 1.279939 63.14847 -63.88476 200.1194
0.2550811 -0.01144092 1.435213 68.82787 -61.38094 193.8217
0.2628936 0.1345552 1.406648 35.53778 -53.16721 200.7988
0.1486357 -0.1816069 1.406893 14.65992 -59.1214 207.9668
0.2104033 0.1492036 1.437166 8.698092 -51.49545 202.3255
0.1759795 -0.164273 1.439363 4.400382 -53.79316 202.6003
0.1234893 -0.1410796 1.456209 0.7209921 -52.70156 198.5927
0.1239775 -0.09713428 1.460359 -8.584352 -52.53362 199.4477
0.074417 -0.1706206 1.472322 -2.530916 -51.86186 195.7759
0.004592776 -0.1371733 1.53116 8.469084 -50.13667 189.2645
-0.01884472 -0.1039702 1.554598 7.285878 -47.16721 186.4858
0.00215137 -0.1786772 1.547029 17.15611 -44.67865 179.692
-0.006393552 -0.1603667 1.52823 3.186641 -41.50308 184.5927
0.05146778 -0.1059233 1.525545 8.591221 -37.50308 178.7683
-0.0002900362 -0.1984526 1.559236 11.79733 -33.25117 175.7988
0.009231448 -0.1039702 1.577059 11.76679 -27.02217 176.8065
-0.03569043 -0.1718413 1.592684 26.51489 -22.59469 171.2645
-0.09965527 -0.2170073 1.590242 24.42328 -16.41912 174.4324
-0.08769238 -0.1564605 1.60074 31.59886 -9.28171 170.8904
-0.0830537 -0.1462065 1.554109 25.15611 -3.312244 175.4935
-0.06816113 -0.1308257 1.577059 35.46145 1.512183 171.9439
-0.01322949 -0.1672026 1.570711 32.78206 8.0389 173.524
-0.03617871 -0.1523101 1.577303 33.77443 11.71066 175.5851
0.01484668 -0.09322803 1.584139 39.33931 18.35188 173.6996
-0.01493847 -0.1374175 1.587801 41.83549 22.82516 174.6843
0.011917 -0.04977099 1.590486 51.60649 28.9931 170.3026
0.005813479 -0.08565968 1.584871 54.87366 33.97783 169.3942
0.0009306669 -0.0365874 1.562166 54.16374 39.00837 170.8675
-0.02519238 -0.03048389 1.579988 59.62939 43.09234 167.7988
-0.04081738 -0.04024951 1.561189 61.29351 46.78699 167.1042
-0.02030957 -0.01607959 1.567781 62.50725 51.17631 166.753
0.02851856 -0.000942871 1.556062 62.72863 54.90913 166.837
0.03291309 0.012729 1.557527 59.68282 57.19921 169.2263
0.01728809 -0.002651855 1.589266 69.55305 60.16867 166.6385
0.0468291 0.02884229 1.595857 78.82023 64.59615 164.5087
0.04341114 0.04227002 1.585115 87.52252 67.19157 162.6156
0.05854785 0.06546338 1.593904 100.3928 69.87859 159.2568
0.06611621 0.108188 1.609773 106.2095 73.74119 157.0202
0.05708301 0.1218599 1.610994 115.5989 78.40531 153.7912
0.06196582 0.1457856 1.599764 119.2706 83.56561 151.6996
0.0666045 0.1628755 1.595125 123.8279 88.13814 149.3026
0.06196582 0.2151216 1.595613 128.3698 93.22974 145.9897
0.05976856 0.2317231 1.593172 131.6752 98.84042 143.066
0.05244434 0.2649262 1.579012 134.0569 104.1305 139.8599
0.04512012 0.2917817 1.5795 136.5912 109.39 136.3408
0.03462207 0.3098481 1.569246 138.5759 114.8862 132.8599
0.5150908 -0.2524077 0.6293046 -31.66069 -9.968733 6.859893
0.2990264 -0.06954639 0.3758867 -20.69122 -24.36568 28.45531
0.2997588 -0.07394092 0.3705156 -17.12634 -26.41148 27.34844
0.2895049 -0.07247608 0.3602617 -14.55382 -28.90003 26.43241
0.2868193 -0.07638233 0.3612382 -12.77519 -31.41148 25.96676
0.2860869 -0.1003081 0.3661211 -10.59198 -33.57178 25.32554
0.2956084 -0.1039702 0.3800371 -8.500381 -35.42675 25.1576
0.3012236 -0.117398 0.3981035 -7.591985 -37.60995 25.0889
0.3090361 -0.1232573 0.4107988 -5.85916 -39.34278 25.32554
0.3356475 -0.1305815 0.4386308 -4.912596 -40.1214 25.60035
0.3390654 -0.141812 0.46158 -4.019465 -41.20537 26.05837
0.3500518 -0.1379058 0.4754961 -3.714122 -41.80079 26.67669
0.3727568 -0.1386382 0.4977129 -3.691221 -42.10614 27.12707
0.3878936 -0.1388823 0.5323808 -2.72939 -42.38858 27.50875
0.4003448 -0.1169097 0.5628984 -4.24084 -41.0527 28.46295
0.4115752 -0.1176421 0.5821855 -4.668321 -39.46492 28.50111
0.4079131 -0.08321827 0.6041582 -5.546184 -37.85423 28.47821
0.4108428 -0.07906787 0.6217363 -7.523283 -35.66339 28.80646
0.4110869 -0.07345264 0.642 -8.118702 -33.25117 28.1118
0.4174346 -0.07809131 0.6466386 -8.485115 -30.77026 27.69959
0.4125518 -0.06368701 0.6449296 -8.05 -28.49545 26.73775
0.4074248 -0.04928271 0.6495683 -8.729389 -26.85423 26.01257
0.4084014 -0.05709522 0.6583574 -9.759924 -24.57942 24.50111
0.3905791 -0.06173389 0.6539629 -9.576717 -22.51835 23.63089
0.4079131 -0.07174366 0.6700761 -9.332443 -20.35041 22.46295
0.4084014 -0.09176319 0.6771562 -8.088168 -17.82369 21.32554
0.4142608 -0.09225147 0.6612871 -6.698855 -15.26644 20.31791
0.4210967 -0.1007964 0.6603105 -5.172137 -12.96873 18.69195
0.4018096 -0.1032378 0.6593339 -4.920229 -10.69392 18.1576
0.3986357 -0.1007964 0.6595781 -4.080534 -7.846595 16.9515
0.4086455 -0.1152007 0.6466386 -4.897328 -4.655756 15.82936
0.4179229 -0.1178862 0.6219804 -6.546184 -2.640489 15.67669
0.4142608 -0.112271 0.609041 -11.06527 0.06180143 15.69959
