0.7178384 -0.4741816 1.403483 185.9944 -31.96519 251.8109
0.7188149 -0.310119 1.317546 173.5211 -25.04916 251.8109
0.7581216 -0.3098749 1.197185 165.9028 -16.27817 251.8109
0.6421548 -0.2693475 1.204265 158.4753 -12.40794 251.8109
0.7078286 -0.2359003 1.067302 150.0936 -5.552978 251.8109
0.7473794 -0.1878046 0.9908857 143.7119 -3.659848 251.8109
0.758854 -0.150451 0.8705244 136.6585 -8.736184 251.8109
0.7835122 -0.1126093 0.8763838 128.5134 -8.713283 251.8109
0.809147 -0.1023553 0.91154 131.7196 -8.362138 251.8109
0.8611489 -0.0762323 0.8766279 129.9486 -6.033894 251.8109
0.8897134 -0.06378113 0.8517256 131.5745 -6.675115 251.8109
0.9873696 0.007996216 0.8192549 134.7959 -5.690382 251.8109
0.9566079 0.2138068 0.8068037 128.2463 -3.087329 251.8109
0.9878579 0.3151251 0.7303877 130.3989 -3.13313 251.8109
1.180241 0.5670782 0.5204268 127.3302 -6.774352 251.8109
1.145329 0.6911016 0.3531904 151.2616 -6.163665 251.8109
0.9451333 0.8781134 0.4327803 158.0936 -27.33924 251.8109
1.048405 0.8024298 0.4090986 156.4142 -24.79725 251.8109
1.064762 0.8466192 0.3480635 173.9715 -27.1942 251.8109
1.05109 1.019715 0.1573896 175.5745 -35.98809 251.8109
1.074284 1.049988 0.1783857 169.4371 -40.2171 251.8109
1.190251 1.052674 0.1132002 162.0402 -53.92702 251.8109
1.054997 1.192322 0.2345381 157.9257 -54.1255 251.8109
1.106266 1.163514 0.1603193 159.3684 -63.60641 251.8109
1.113346 1.266541 0.1390791 154.231 -72.46138 251.8109
1.194401 1.327332 0.1605635 147.6585 -77.36977 251.8109
1.375553 1.394959 0.166667 148.7425 -82.3316 251.8109
1.288639 1.496277 0.2335615 147.0478 -85.72092 251.8109
1.262516 1.596863 0.2406416 122.3608 -90.24763 251.8109
1.238102 1.614441 0.2880049 113.2463 -99.43848 251.8109
1.216618 1.628358 0.3321943 114.5669 -117.156 251.8109
1.417545 1.896424 0.3390303 97.38368 -117.7438 251.8109
1.416325 1.997498 0.3912764 82.13177 -111.5453 251.8109
1.425114 2.013612 0.5548506 91.41422 -114.6675 251.8109
1.516911 2.035584 0.5392256 96.83406 -111.385 251.8109
1.564762 2.124696 0.6532393 101.4753 -112.8812 251.8109
1.617008 2.031922 0.7020674 124.9409 -108.9576 251.8109
1.544743 2.224976 0.7870283 120.2463 -104.0415 251.8109
1.556706 2.224976 0.7880049 132.544 -99.27817 251.8109
1.552799 2.224976 0.8197432 144.3837 -96.53008 251.8109
1.540104 2.224976 0.8331709 159.1852 -91.09496 240.5514
1.529118 2.224976 0.8253584 161.9257 -83.53008 244.9407
1.425358 2.224976 0.8275557 162.4371 -91.15604 237.5743
2.289799 0.710877 0.2364912 -230.6163 159.7066 -248.4563
-0.8959311 -1.774963 -0.2605791 58.62032 -68.3774 -113.6853
-1.122494 -1.774963 -0.2605791 58.0936 -79.53771 -61.92956
-1.296566 -1.774963 -0.2605791 59.10887 -111.5911 -22.98299
-1.256039 -1.774963 -0.2605791 68.25391 -138.3774 -1.502076
-1.023128 -1.774963 -0.2605791 54.33025 -164.1026 22.09334
-0.8893394 -1.774963 -0.2605791 66.26154 -182.7438 43.50556
-0.7340659 -1.774963 -0.2605791 70.1394 -220.1866 69.11624
-0.4457358 -1.774963 -0.2605791 89.08597 -227.9499 94.08571
-0.1176108 -1.774963 -0.07014942 110.9791 -239.4995 125.2766
0.2002603 -1.774963 0.3431807 137.9715 -253.24 157.7193
0.4610024 -1.774963 0.5707197 176.0325 -245.4537 180.3911
0.5779458 -1.774963 1.011394 208.4142 -243.4308 201.6201
0.7805825 -1.774963 1.238933 234.9867 -228.4232 222.4445
0.8303872 -1.774963 1.456218 262.1165 -229.1866 235.8185
0.8303872 -1.59674 1.728435 269.6508 -204.9728 246.2231
0.888981 -1.422424 1.748942 269.6508 -182.6369 251.8109
0.9426919 -1.176818 1.794108 269.6508 -158.5988 251.8109
1.026432 -0.9058222 1.808757 269.6508 -140.9576 251.8109
0.994938 -0.7512812 1.855388 269.6508 -121.1408 251.8109
0.9561196 -0.6682734 1.828044 269.6508 -100.9041 251.8109
0.9260903 -0.5845331 1.795085 269.6508 -82.79726 251.8109
0.8474771 -0.5332636 1.780192 269.6508 -61.71328 251.8109
0.8831216 -0.4900507 1.580241 269.6508 -44.08733 251.8109
0.9382974 -0.4343866 1.463542 269.6508 -30.48428 251.8109
0.9986001 -0.4043573 1.403728 269.6508 -16.99573 251.8109
0.8701821 -0.4526972 1.415446 269.6508 0.3325195 251.8109
1.009831 -0.3858026 1.141032 269.6508 7.179848 251.8109
1.00861 -0.4063105 1.023601 269.6508 19.68366 251.8109
1.021549 -0.396789 0.91154 269.6508 28.15694 251.8109
1.031559 -0.3416132 0.8224287 269.6508 35.31725 251.8109
1.022038 -0.310119 0.7186689 255.0554 39.20275 251.8109
1.0882 -0.2710565 0.5177412 239.4677 40.14168 251.8109
1.135075 -0.2224725 0.4935713 222.4753 40.6684 251.8109
1.244694 0.02386536 0.409831 193.2157 47.33252 251.8109
1.119694 0.2521368 0.3475752 173.9257 46.96611 251.8109
1.311588 0.4589239 0.213542 164.3073 50.13404 251.8109
1.195133 0.7203985 -0.07698536 161.0173 29.85924 251.8109
1.315983 1.056092 -0.1294756 137.5516 29.30198 251.8109
1.183659 1.00116 -0.1809893 133.1318 17.25618 251.8109
1.121159 1.248231 -0.2605791 108.0249 6.790533 251.8109
1.233952 1.336854 -0.2605791 95.33025 -8.003359 251.8109
1.193913 1.373231 -0.2605791 94.07834 -22.04916 251.8109
1.215885 1.492859 -0.2605791 94.26154 -28.62931 251.8109
1.250797 1.555115 -0.2605791 114.628 -53.30107 251.8109
1.263493 1.637635 -0.2605791 106.8493 -66.23237 251.8109
1.216618 1.623963 -0.1841631 107.3226 -64.93466 251.8109
1.178532 1.696717 -0.2376299 108.7883 -74.70565 251.8109
1.172917 1.774354 -0.2605791 111.6356 -84.69801 251.8109
1.159001 1.89618 -0.2605791 100.9409 -96.59879 251.8109
1.308903 1.900818 -0.2605791 108.7501 -110.385 251.8109
1.225651 2.012635 -0.2354326 118.773 -125.6828 251.8109
1.240055 2.224976 -0.2036943 103.3913 -135.3469 251.8109
1.190495 2.224976 -0.09749317 100.4982 -139.7362 251.8109
1.248844 2.224976 0.005290031 101.1623 -146.1408 251.8109
1.263493 2.224976 0.05655956 95.96384 -151.9805 251.8109
1.435368 2.224976 0.1766768 102.3226 -158.4232 251.8109
1.364079 2.224976 0.3607588 109.1623 -165.2705 251.8109
1.316227 2.224976 0.4205732 108.9638 -166.614 251.8109
1.332829 2.224976 0.5580244 107.6051 -158.8889 239.1468
1.370426 2.224976 0.644206 113.3837 -155.2476 213.6659
1.309147 2.224976 0.7528486 116.2539 -150.1179 196.7498
1.305241 2.224976 0.826335 114.086 -146.3392 180.6811
1.340397 2.224976 0.9003096 124.46 -138.4614 158.1315
1.252018 2.224976 0.9794111 114.9638 -132.5453 140.6124
1.253727 2.224976 0.9974775 122.1928 -123.3698 118.2842
1.175602 2.224976 1.042888 115.5592 -115.5224 98.03991
1.136051 2.224976 1.035563 115.0707 -107.2095 77.28418
1.101627 2.224976 1.056315 104.3989 -103.0568 60.31472
1.09528 2.224976 1.058757 101.4066 -100.1942 40.91777
1.069157 2.224976 1.131022 84.86459 -94.91176 25.13151
1.090153 2.224976 1.19694 74.00963 -89.2858 5.681129
1.107975 2.224976 1.234782 65.29208 -84.69801 -12.54025
1.116764 2.224976 1.246013 53.27681 -76.33923 -32.88375
1.051823 2.224976 1.269938 46.51345 -72.85069 -53.70818
1.004948 2.224976 1.348552 35.63559 -65.36977 -75.22726
1.066715 2.224976 1.325114 34.49818 -57.39267 -100.441
1.087223 2.224976 1.317302 28.72719 -49.40031 -124.6929
1.126042 2.224976 1.274577 26.49818 -39.80489 -148.7387
1.192204 2.224976 1.15861 6.185206 -35.11023 -170.1967
1.262516 2.224976 1.136149 -11.63922 -30.59114 -193.6547
1.316715 2.224976 1.104167 -29.12777 -24.53771 -215.815
1.361881 2.224976 1.048015 -45.8835 -19.47664 -241.0593
1.37067 2.224976 1.016765 -55.44838 -15.63695 -248.4563
1.384098 2.224976 1.031413 -67.0209 -9.720917 -248.4563
1.403629 2.224976 1.006755 -74.34915 -2.178932 -248.4563
1.430241 2.224976 0.99821 -95.28807 2.698931 -248.4563
1.436344 2.224976 1.008464 -117.5323 7.385954 -248.4563
1.486881 2.224976 1.037272 -130.5858 19.88214 -248.4563
1.585758 2.224976 0.9371748 -145.0743 29.21801 -248.4563
1.645573 2.050965 0.928874 -154.1888 37.37069 -248.4563
1.684879 2.026063 0.8800459 -180.7003 46.6684 -248.4563
1.773258 1.893494 0.8776045 -204.0743 60.04244 -248.4563
0.7615396 -0.3399042 0.8446455 269.6508 -75.58351 251.8109
1.255192 0.7274786 0.3736982 174.6509 -38.70565 251.8109
0.8777505 1.301209 0.4125166 140.4066 -55.53008 251.8109
0.9319497 0.8998419 0.4574385 156.46 -54.1026 251.8109
1.053532 1.024354 0.3727217 137.1165 -53.84306 251.8109
0.9639321 1.086609 0.3163252 133.8951 -54.56824 251.8109
0.9431802 1.242615 0.3031416 113.2768 -66.98809 251.8109
0.9610024 1.194764 0.3866377 97.77299 -68.62932 251.8109
0.9194985 1.196229 0.4112959 93.56688 -72.62168 251.8109
0.8987466 1.232606 0.38029 95.81116 -80.47664 251.8109
0.904606 1.28241 0.4012861 97.90276 -87.31633 251.8109
0.9500161 1.330262 0.4435225 106.6508 -91.04916 251.8109
0.998356 1.356873 0.413249 118.7959 -95.79726 251.8109
1.017155 1.433289 0.3805342 125.4524 -99.92702 251.8109
