2.289799 -0.4797968 -0.2605791 -230.6163 231.0959 -248.4563
2.289799 -0.3889765 -0.2605791 -230.6163 231.0959 -248.4563
2.289799 -0.877746 -0.2605791 -230.6163 231.0959 -248.4563
2.289799 -1.206848 -0.2605791 -230.6163 231.0959 -248.4563
2.289799 -1.774963 -0.2605791 -230.6163 231.0959 -248.4563
2.168278 -1.774963 -0.2605791 -230.6163 231.0959 -248.4563
1.428776 -1.774963 -0.2605791 -230.6163 231.0959 -248.4563
1.326725 -1.774963 -0.2605791 -230.6163 231.0959 -248.4563
-0.4674644 -1.774963 -0.2605791 -230.6163 231.0959 -248.4563
-1.71014 -1.774963 -0.2605791 -224.456 231.0959 -248.4563
-1.219173 -1.774963 -0.2605791 -223.2499 153.4318 -182.1433
-1.71014 -1.774963 -0.2605791 -132.4331 37.13404 -140.128
-1.71014 -1.774963 -0.2605791 -42.45602 -44.43848 -67.57078
-1.71014 -1.774963 -0.2605791 -85.28044 -113.4995 -8.418107
-1.71014 -1.774963 -0.2605791 -98.9751 -142.553 24.04754
-1.71014 -1.774963 -0.2605791 -107.6621 -210.1484 43.91014
-1.399349 -1.774963 -0.2605791 -103.8453 -231.782 80.59716
-0.9857749 -1.774963 -0.2605791 -72.50945 -268.7972 89.55899
-0.963314 -1.774963 -0.2605791 -52.28045 -269.1713 111.2842
-0.4689292 -1.774963 -0.2605791 -12.18884 -269.1713 135.7727
-0.1701011 -1.774963 -0.2605791 15.73482 -269.1713 144.704
0.2500649 -1.774963 -0.2605791 54.27681 -269.1713 172.1468
0.2590981 -1.774963 -0.1170244 92.46765 -269.1713 183.5666
0.6145669 -1.774963 0.2455244 125.857 -269.1713 183.0628
0.6956216 -1.496154 0.5409346 148.5287 -269.1713 212.7575
0.6734048 -1.273986 0.6520185 161.1776 -269.1713 219.2995
0.776188 -0.4138788 1.341472 229.3226 -269.1713 232.0399
0.8840981 -0.1301874 1.410808 227.6967 -269.1713 228.0399
0.8645669 -0.1213983 1.555827 255.4906 -267.4232 238.5285
0.9209634 0.005798951 1.680339 251.0554 -239.9576 238.2155
0.8318521 0.1859747 1.671794 237.5364 -219.4614 251.8109
0.7429849 0.1945197 1.639812 243.8417 -206.5453 251.8109
0.7739907 0.3690802 1.616374 226.9257 -189.1637 251.8109
0.7390786 0.3588263 1.589519 216.7272 -175.9118 251.8109
0.7439614 0.4494024 1.527263 210.4753 -163.4995 251.8109
0.7488442 0.5377813 1.474772 200.9409 -153.5988 251.8109
0.7254067 0.5436407 1.456706 191.1318 -144.0263 251.8109
0.7210122 0.5790411 1.395427 181.147 -134.8202 251.8109
0.701481 0.6332403 1.358562 170.5516 -129.0568 251.8109
0.6892739 0.7001348 1.329265 160.4906 -123.0263 251.8109
0.7695962 0.651795 1.259685 157.8722 -116.6675 251.8109
0.7771646 0.6398321 1.163249 160.5211 -112.866 251.8109
0.7737466 0.6137091 1.065349 158.8875 -110.6751 251.8109
0.7891274 0.6408087 1.00236 162.6509 -109.4843 251.8109
0.8032876 0.6647345 0.9261885 168.5135 -108.9957 251.8109
0.7979165 0.7062384 0.8314619 176.6509 -110.7285 251.8109
0.8330728 0.7575079 0.7252607 184.9486 -113.24 251.8109
0.8291665 0.8849493 0.6439619 192.0173 -120.2934 251.8109
0.8423501 0.9511114 0.5983076 203.2463 -127.4995 251.8109
0.8433267 0.9230352 0.5692549 216.8035 -129.1484 251.8109
0.9575845 1.205018 0.4916182 223.7577 -138.4995 251.8109
1.078678 1.317811 0.4581709 235.5592 -148.2782 251.8109
1.098942 1.315613 0.4686689 250.6814 -156.2324 251.8109
1.172428 1.452576 0.480876 266.2463 -159.5911 251.8109
1.254704 1.604676 0.4501143 269.6508 -168.4385 251.8109
1.108463 1.80365 0.4762373 269.6508 -195.1026 251.8109
1.423161 2.060487 0.4674482 269.6508 -193.1179 251.8109
1.458317 2.224976 0.5802412 269.6508 -190.1789 251.8109
1.422184 2.224976 0.651042 269.6508 -196.8201 251.8109
1.554508 2.224976 0.5831709 269.6508 -215.7591 251.8109
1.814518 2.224976 0.6517744 269.6508 -208.095 251.8109
1.80402 2.224976 0.9425459 269.6508 -211.4079 251.8109
1.632389 2.224976 0.9213057 269.6508 -213.4843 251.8109
1.664372 2.224976 1.07194 269.6508 -187.8889 212.5208
1.751774 2.224976 1.268474 269.6508 -197.2858 200.5514
1.743961 2.224976 1.591716 269.6508 -180.5835 184.5056
1.849674 2.224976 1.721599 252.7577 -162.698 165.9865
1.811344 2.224976 1.771403 220.9257 -145.6217 141.6353
1.802311 2.224976 1.857829 203.2081 -131.1484 109.7193
1.884586 2.224976 2.001872 184.7196 -109.3087 75.9483
1.947086 2.224976 2.073894 117.857 -88.43848 41.39869
1.815983 2.224976 2.08488 69.81879 -73.60641 3.841435
-0.7433433 -1.774963 -0.2605791 -59.76899 22.6913 -248.4563
0.8582192 -1.370178 1.457927 41.25391 -150.3163 251.8109
0.8740884 -1.249084 1.490642 58.90276 -145.4995 251.8109
0.9568521 -1.180969 1.489909 73.91803 -133.9423 251.8109
0.9119302 -1.049621 1.517741 83.7959 -133.8583 251.8109
0.9986001 -0.9148554 1.610271 95.74246 -123.7285 251.8109
1.080387 -0.8909296 1.585124 106.5516 -111.5224 251.8109
1.071842 -0.9168085 1.45695 124.6661 -102.3392 251.8109
1.144352 -0.8626093 1.360271 136.7959 -95.73619 251.8109
1.144108 -0.662414 1.349284 145.9333 -94.35451 251.8109
1.217106 -0.487121 1.350017 161.0325 -90.68275 251.8109
1.314762 -0.3955683 1.326823 165.3608 -83.98045 251.8109
1.320133 -0.4019159 1.317058 175.7043 -75.59878 251.8109
1.422672 -0.2908319 1.268474 185.0173 -68.05679 251.8109
1.46027 -0.2105096 1.233806 187.9791 -62.3087 251.8109
1.545475 -0.1387323 1.211101 196.2005 -57.91939 251.8109
1.537174 0.007263794 1.16569 194.2921 -49.50718 251.8109
1.501286 0.5895391 1.114665 142.9409 -51.92702 251.8109
1.766667 0.3732306 0.9650068 164.9791 -80.15604 251.8109
1.735172 0.9564825 1.088786 175.4371 -18.78962 251.8109
1.574528 0.7079473 0.9430342 182.231 -38.2858 251.8109
1.630436 0.9030157 0.8727217 188.4066 -30.75908 251.8109
1.654118 0.9183966 0.7328291 186.544 -31.04916 251.8109
1.583317 1.00116 0.6988935 183.5898 -32.94992 251.8109
1.575993 1.122498 0.6005049 184.9715 -30.01099 251.8109
1.577213 1.325867 0.4925947 174.9562 -44.79725 251.8109
1.607975 1.30243 0.4459639 174.6814 -49.44611 251.8109
1.641422 1.343934 0.3981123 171.4906 -50.68275 251.8109
1.648991 1.399354 0.3553877 162.4982 -55.73618 251.8109
1.615543 1.44452 0.2877607 157.315 -62.15603 251.8109
1.678043 1.452088 0.2452803 148.4677 -69.27817 251.8109
1.744694 1.44574 0.1686201 144.2234 -76.70565 251.8109
1.768864 1.434266 0.04923534 137.3379 -87.78198 251.8109
1.830631 1.429871 -0.002522469 134.0249 -99.91176 251.8109
1.857975 1.472352 -0.05818653 131.2386 -113.4232 251.8109
1.882633 1.474061 -0.0303545 128.9486 -128.3316 251.8109
1.957829 1.556824 -0.008381844 134.6738 -141.5148 251.8109
1.994206 1.564393 0.07364941 144.6967 -154.9118 251.8109
2.061344 1.742127 0.1381025 155.8722 -166.011 251.8109
2.289799 1.716736 0.2071943 185.6814 -175.1866 251.8109
2.289799 1.745545 0.1464033 218.7959 -187.3316 251.8109
2.289799 1.924988 0.1622725 255.9333 -202.469 251.8109
2.289799 2.224976 0.2731123 269.6508 -209.2858 251.8109
2.289799 2.224976 0.3309736 269.6508 -217.4461 251.8109
2.289799 2.224976 0.333415 269.6508 -227.2553 251.8109
2.289799 2.224976 0.3768721 269.6508 -207.385 251.8109
2.289799 2.224976 0.3175459 269.6508 -210.5759 251.8109
2.289799 2.224976 0.2921553 269.6508 -210.7209 251.8109
2.289799 2.224976 0.3026533 269.6508 -210.1942 251.8109
2.289799 2.224976 0.3148603 269.6508 -210.1637 251.8109
2.289799 2.224976 0.3129072 269.6508 -210.8583 251.8109
2.289799 2.224976 0.5777998 225.2386 -219.2095 251.8109
2.180973 2.224976 0.6695967 166.6127 -214.4308 251.8109
2.179264 2.224976 0.9354658 119.689 -190.4843 231.7956
2.072086 2.224976 1.246013 94.55162 -178.8889 173.9636
1.910465 2.224976 1.358806 56.87986 -170.5759 121.246
1.888737 2.224976 1.455485 29.13177 -160.2018 67.8338
2.047672 2.224976 1.569743 38.40658 -147.8278 0.2231144
1.973942 2.224976 1.713298 58.71956 -134.5072 -70.34177
1.934147 2.224976 1.811442 64.55162 -117.2782 -134.0822
2.092106 2.224976 1.833903 44.9104 -97.4003 -200.1051
2.129948 2.224976 2.04655 -5.135405 -82.74382 -248.4563
2.201481 2.224976 1.980144 -37.63159 -65.62168 -248.4563
2.257877 2.224976 1.837077 -52.84533 -51.54535 -248.4563
2.289799 2.224976 1.737712 -65.02853 -39.20183 -248.4563
2.289799 2.224976 1.686931 -70.96747 -28.20183 -248.4563
2.289799 2.224976 1.565104 -83.41785 -16.2629 -248.4563
2.289799 2.224976 1.510661 -98.15831 -5.484275 -248.4563
2.289799 2.224976 1.405681 -90.00563 11.59969 -248.4563
2.289799 2.224976 1.151286 -91.41022 19.31725 -248.4563
2.289799 2.224976 0.9967451 -96.96747 24.05008 -248.4563
2.289799 2.224976 0.9095869 -111.4713 36.95084 -248.4563
2.289799 2.224976 0.8007002 -124.6698 44.95084 -248.4563
2.289799 2.133973 0.6776533 -145.5323 55.20275 -248.4563
2.289799 1.819764 0.5839033 -161.0514 60.7142 -248.4563
2.289799 1.60785 0.4681807 -179.4484 74.00427 -248.4563
2.289799 1.359559 0.305583 -204.7614 87.21802 -248.4563
2.289799 1.189393 0.2062178 -227.0514 99.18748 -248.4563
