2.034489 1.90326 0.8883467 269.6508 -88.02626 251.8109
1.919499 2.032899 0.9293623 269.6508 -88.89648 251.8109
2.019352 2.224976 0.8658857 269.6508 -62.34687 251.8109
2.040348 2.224976 0.7096357 269.6508 -46.23237 251.8109
2.10944 2.224976 0.3353682 269.6508 -38.41557 251.8109
1.961491 2.224976 0.3068037 269.6508 -39.93465 251.8109
1.784733 2.224976 0.4203291 228.7806 -46.95756 251.8109
1.659977 2.224976 0.5922041 124.002 -41.78198 251.8109
1.360905 2.224976 0.4093428 104.8493 -23.85069 251.8109
1.313786 2.224976 0.47404 92.87222 -23.17893 200.9483
0.880436 2.224976 0.7562666 122.5898 -9.255268 145.1926
0.6255532 2.224976 0.4864912 112.773 -1.980459 97.75746
0.5552407 2.224976 0.3116865 76.04017 -12.18657 54.05518
0.3853189 2.224976 0.3426924 81.68139 -21.87359 5.711664
0.2608071 2.224976 0.5580244 73.36078 -17.93466 -52.84559
0.3950845 2.224976 0.4518232 45.03253 -15.1713 -95.60895
0.540104 2.224976 0.1708174 -23.58578 -37.24 -139.0364
0.5708657 2.224976 0.3168135 -33.87586 -40.51481 -187.1433
0.7700845 2.224976 0.4017744 -59.34915 -38.49954 -234.3112
1.052311 2.224976 0.4376631 -72.73082 -41.66748 -248.4563
1.293522 2.224976 0.3710127 -91.60106 -45.24 -248.4563
1.427067 2.224976 0.4215498 -96.03616 -50.1713 -248.4563
1.497624 2.224976 0.4737959 -98.69266 -46.91176 -248.4563
1.449772 2.224976 0.5135908 -112.2575 -50.77435 -248.4563
1.480045 1.904236 0.5384932 -126.3644 -50.1255 -248.4563
1.51862 1.674744 0.5909834 -134.5705 -49.62931 -248.4563
1.523014 1.616639 0.6190596 -152.5476 -47.66748 -248.4563
1.542545 1.250916 0.7684736 -155.8682 -43.53771 -248.4563
1.563786 1.167176 0.7333174 -146.8453 -35.83542 -248.4563
1.653629 0.9193731 0.7704268 -148.2575 -30.78199 -248.4563
1.666081 0.8637091 0.7330732 -144.7232 -23.41557 -248.4563
1.595036 0.7360235 0.7682295 -136.4942 -20.66748 -248.4563
1.648991 0.5490118 0.7181807 -132.9598 -14.61405 -248.4563
1.660465 0.516297 0.6461592 -150.4178 -4.232367 -248.4563
1.624088 0.3910528 0.6112471 -159.7232 0.3325195 -248.4563
1.592106 0.3004767 0.522624 -171.4636 3.56916 -248.4563
1.556461 0.1976935 0.5326338 -179.2041 11.11878 -248.4563
1.596012 0.03680481 0.4701338 -192.7843 21.66076 -248.4563
1.624577 -0.1609491 0.3133955 -203.685 35.46992 -248.4563
1.660954 -0.6685175 0.01017284 -230.6163 62.26381 -248.4563
1.394108 -0.8059687 0.09293652 -230.6163 36.27145 -248.4563
1.446598 -1.14215 -0.09138966 -230.6163 42.13404 -248.4563
1.491032 -1.373107 -0.1929522 -230.6163 42.17221 -248.4563
1.356266 -1.659973 -0.2139482 -230.6163 42.66076 -248.4563
0.857731 -1.774963 -0.09993458 -230.6163 27.52336 -248.4563
0.7036782 -1.774963 0.005534172 -230.6163 29.6455 -248.4563
0.442936 -1.774963 -0.06111622 -230.6163 30.17985 -248.4563
0.3604165 -1.774963 -0.1719561 -230.6163 24.05008 -248.4563
0.2532388 -1.774963 -0.1531572 -230.6163 22.20275 -248.4563
1.377506 0.7286993 0.1969404 186.8188 -167.8889 251.8109
2.276676 1.473084 0.8314619 269.6508 -213.0873 251.8109
2.289799 1.630555 0.9037275 269.6508 -207.1255 251.8109
2.289799 1.643006 0.9554853 269.6508 -202.9118 251.8109
2.289799 1.693787 1.088786 269.6508 -181.5377 251.8109
2.289799 1.601502 1.217937 269.6508 -162.5835 251.8109
2.289799 1.790467 1.115397 269.6508 -146.7133 251.8109
2.289799 1.655701 1.202312 269.6508 -135.5224 251.8109
2.289799 1.818299 1.279216 269.6508 -121.2858 251.8109
2.289799 2.224976 0.9676924 269.6508 -85.5377 251.8109
2.289799 2.224976 0.8060713 269.6508 -77.79726 251.8109
2.289799 2.224976 0.8944502 269.6508 -51.1484 251.8109
2.289799 2.224976 0.652751 269.6508 -24.77435 251.8109
2.289799 2.224976 0.3597822 249.9638 -2.34687 251.8109
2.289799 2.224976 0.2467451 174.5364 -3.568245 251.8109
2.289799 2.224976 -0.1592607 104.0936 20.82107 251.8109
2.289799 2.224976 0.5531416 132.7806 24.08061 181.6582
2.133366 2.224976 0.5270185 105.4829 48.12642 101.4369
1.830631 2.224976 0.6398115 131.2386 54.83634 19.36052
1.767399 2.224976 0.3741865 115.2157 76.30962 -65.32651
1.459538 2.224976 0.3251143 102.6127 58.21038 -157.3494
1.159245 2.224976 0.1710615 76.0936 54.81343 -228.7234
1.037174 2.224976 0.03922558 37.40658 52.02717 -248.4563
1.069157 2.224976 -0.2605791 -30.57815 35.7371 -248.4563
1.364567 2.224976 -0.2605791 -76.18121 19.17221 -248.4563
2.013981 2.224976 -0.2605791 -99.60106 8.59206 -248.4563
2.289799 2.224976 -0.2605791 -119.4636 -2.293436 -248.4563
2.289799 2.224976 -0.2605791 -108.5476 -11.46137 -248.4563
2.289799 2.224976 -0.168294 -112.5094 -17.78962 -248.4563
2.289799 2.224976 -0.1494951 -117.8453 -25.96519 -248.4563
2.289799 2.006531 -0.06136036 -122.7232 -34.67511 -248.4563
2.289799 1.787293 0.01945019 -132.2957 -37.3545 -248.4563
2.289799 1.530457 0.05289745 -138.8148 -37.32397 -248.4563
2.289799 1.338074 0.1315107 -150.227 -43.44611 -248.4563
2.289799 1.092957 0.1610518 -162.5171 -40.16367 -248.4563
2.289799 0.9376837 0.1774092 -175.5553 -37.79725 -248.4563
2.289799 0.8190313 0.2477217 -193.853 -33.72092 -248.4563
2.289799 0.669129 0.2108564 -210.4484 -24.64458 -248.4563
2.289799 0.5429083 0.1744795 -224.3949 -18.37741 -248.4563
2.289799 0.3661505 0.1300459 -230.6163 -7.583512 -248.4563
2.289799 0.1369025 0.0165205 -230.6163 6.156946 -248.4563
2.289799 0.05950989 -0.149251 -230.6163 21.17985 -248.4563
2.289799 -0.1953729 -0.1460772 -230.6163 41.40122 -248.4563
2.289799 -0.9329218 -0.2605791 -230.6163 83.50809 -248.4563
2.289799 -1.774963 -0.2605791 -230.6163 68.32489 -248.4563
2.289799 -1.774963 -0.2605791 -230.6163 59.46229 -248.4563
2.289799 -1.774963 -0.2605791 -230.6163 62.60733 -248.4563
2.289799 -1.774963 -0.2605791 -230.6163 85.02718 -248.4563
2.289799 -1.774963 -0.2605791 -230.6163 85.24092 -248.4563
1.909733 -1.774963 -0.2605791 -230.6163 102.5844 -248.4563
1.456608 -1.774963 -0.2605791 -230.6163 107.0501 -248.4563
1.003727 -1.774963 -0.2605791 -230.6163 126.0882 -248.4563
0.7898599 -1.774963 -0.2605791 -230.6163 140.9737 -248.4563
0.1594888 -1.774963 -0.2605791 -230.6163 132.4776 -248.4563
0.571354 -1.774963 -0.2605791 -230.6163 126.7066 -248.4563
0.4031411 -1.774963 -0.2605791 -230.6163 108.2715 -248.4563
-0.07659522 -1.774963 -0.2605791 -230.6163 65.62259 -228.9525
-0.5707358 -1.774963 -0.2605791 -230.6163 17.61496 -152.3189
-0.9447593 -1.774963 -0.2605791 -220.9751 -42.0797 -88.75398
-0.9696616 -1.774963 -0.2605791 -151.227 -88.24001 -38.48681
-1.035824 -1.774963 -0.2605791 -37.38731 -122.9118 -6.334138
-1.044857 -1.774963 -0.2605791 -5.707924 -157.2782 42.32235
-0.9491538 -1.774963 -0.2605791 18.42185 -186.7362 78.53609
-0.7487144 -1.774963 -0.2605791 62.1394 -206.553 101.5743
-0.3641929 -1.774963 -0.2605791 98.87987 -207.7438 130.8338
-0.2247886 -1.774963 -0.2605791 126.8341 -235.2171 138.9789
-0.2135581 -1.774963 0.170085 165.1089 -242.9499 162.5285
0.1292153 -1.774963 0.4261885 196.3837 -231.2247 178.1544
0.2722817 -1.774963 0.5582685 222.6509 -228.6904 194.4674
0.3506509 -1.774963 0.6837568 252.0631 -223.2553 205.4216
0.5676919 -1.774963 0.7452803 268.2386 -220.385 223.9941
0.5237466 -1.763976 0.9076338 269.6508 -204.8736 240.5056
0.614811 -1.428527 0.9510908 269.6508 -193.5835 240.2155
0.7285806 -1.403869 0.9208174 269.6508 -181.9194 251.8109
0.7786294 -1.197814 0.9667158 269.6508 -167.2858 251.8109
0.8237954 -0.9880976 0.9095869 269.6508 -153.0797 251.8109
0.8164712 -0.8110956 0.8431807 269.6508 -140.5988 251.8109
0.8237954 -0.6331171 0.7904463 269.6508 -129.3774 251.8109
0.8047524 -0.5476679 0.7154951 269.6508 -119.7209 251.8109
0.7317544 -0.4104609 0.6449385 269.6508 -113.2705 251.8109
0.6956216 -0.3494257 0.5836592 269.6508 -104.8278 251.8109
0.7017251 -0.2866815 0.5155439 269.6508 -98.94992 251.8109
0.6614419 -0.2620233 0.512126 269.6508 -94.77435 251.8109
0.6626626 -0.2119745 0.5067549 269.6508 -89.22473 251.8109
0.6548501 -0.1777948 0.5067549 269.6508 -85.30107 251.8109
0.6970864 -0.09258972 0.4979658 256.7272 -80.47664 251.8109
0.7036782 -0.06793152 0.4891768 237.46 -78.91176 251.8109
0.7244302 -0.03814636 0.4872236 219.2463 -76.62932 251.8109
0.8008462 0.10492 0.5077314 183.1852 -72.1713 251.8109
0.8328286 0.06658997 0.506999 174.5058 -72.78962 251.8109
2.289799 2.224976 0.6710615 -131.6621 -29.46137 -248.4563
2.289799 -1.774963 -0.2605791 -230.6163 231.0959 -248.4563
1.5257 -1.774963 -0.2605791 -230.6163 231.0959 -248.4563
1.38776 -1.774963 -0.2605791 -230.6163 231.0959 -248.4563
1.593815 -1.774963 -0.2605791 -230.6163 231.0959 -248.4563
0.9263345 -1.774963 -0.2605791 -230.6163 179.5005 -248.4563
-0.7675132 -1.774963 -0.2605791 -230.6163 80.72183 -248.4563
-0.7067222 -1.774963 -0.2605791 -230.6163 18.51572 -224.441
-0.2797202 -1.774963 -0.2605791 -158.5323 -39.09496 -156.1204
-1.123226 -1.774963 -0.2605791 -109.1278 -109.7514 -79.2349
-1.71014 -1.774963 -0.2605791 -31.31098 -156.3392 -29.0746
