1.036575 -0.01217334 0.9295977 -13.99656 -41.76262 16.31027
1.037063 -0.01290576 0.9393633 -12.64542 -39.46492 15.82936
1.029983 -0.02828662 0.9593828 -8.126336 -37.97636 14.69959
1.023392 -0.03121631 0.9711016 -2.950764 -36.63285 13.64615
1.003128 -0.0353667 0.9867266 3.774427 -34.57178 12.55455
0.9867705 -0.04513232 0.9828203 9.560688 -32.80843 11.73012
0.9755401 -0.04464404 0.9925859 15.17138 -30.82369 11.41714
0.9738311 -0.05001514 0.9842852 20.11031 -29.41912 11.16524
0.9704131 -0.04684131 0.9899004 22.9271 -27.77789 11.47821
0.9582061 -0.0443999 0.9720781 23.98817 -25.40385 12.31791
0.8786162 -0.05489795 0.9642656 25.07214 -23.92293 13.16524
0.8773955 -0.07833545 0.9818438 39.41565 -19.75499 11.38661
0.8710479 -0.02486865 0.9540117 40.31641 -18.80843 10.44005
0.8742217 -0.0353667 0.9454668 45.39275 -18.27408 10.92096
0.8979033 -0.04684131 0.9479082 47.20954 -15.55652 10.75302
0.9330596 0.01639111 0.9501055 44.60649 -12.73209 10.37898
0.9574737 0.008090332 0.9447344 36.46145 -10.41912 11.48585
0.9743194 0.02469189 0.92325 24.94237 -7.541252 12.49348
0.9733428 0.0271333 0.8871172 12.84313 -7.006901 14.24921
0.9738311 0.01199658 0.8578203 4.163741 -6.312244 14.9515
0.9752959 -0.006313965 0.832918 -3.126336 -6.228275 15.24921
0.9728545 -0.0002104491 0.7975175 -7.775191 -5.984 15.36371
0.970169 -0.01778857 0.7709062 -9.492748 -6.304611 14.98203
0.9726104 -0.01168506 0.7442949 -10.17214 -6.816061 13.9973
0.9672393 -0.006069824 0.7250078 -8.759924 -7.648122 13.33318
0.9606475 -0.002651855 0.7245195 -6.340076 -8.678657 11.80646
0.954544 0.001498535 0.7196367 -3.920229 -10.21301 10.26447
0.9662627 0.009311035 0.7250078 -2.912596 -11.17484 9.462947
0.9560088 0.006137207 0.7594316 -1.706489 -11.57179 8.272107
0.9447783 0.009799316 0.763582 -4.141603 -12.15194 8.25684
0.9604033 -0.01559131 0.7938554 -8.004199 -12.1214 9.035465
1.106155 -0.1249663 0.6966875 -27.53092 0.1381373 30.66142
1.189407 -0.1623198 0.9317949 -9.500381 -18.08324 13.78356
1.171585 -0.1901519 1.008943 -2.469848 -17.92293 11.08127
1.070999 -0.06393116 1.045809 -17.76756 -13.0298 15.72249
1.133255 -0.1427886 1.084627 -18.01183 -14.28934 11.1347
1.151565 -0.06734912 1.141268 -24.92023 -8.87713 8.233939
1.167435 -0.1681792 1.150545 -31.42405 -4.915298 10.85989
1.181351 -0.1291167 1.145174 -42.83626 1.20684 10.50111
1.154495 -0.17648 1.139559 -38.64542 2.802259 8.974397
1.144729 -0.2135894 1.119295 -37.75993 5.710657 7.241572
1.138138 -0.2145659 1.138826 -31.90496 8.046534 5.653787
1.12178 -0.2292144 1.142488 -27.39351 11.23737 4.653786
1.094681 -0.2214019 1.159578 -21.1874 15.14577 2.722488
1.079056 -0.2301909 1.164705 -13.48512 18.0847 1.233938
1.069046 -0.2309233 1.159822 -7.439313 21.1076 -0.2851448
1.043655 -0.2270171 1.17032 -1.172138 24.76409 -1.61339
1.016556 -0.2275054 1.168611 3.743893 28.56562 -2.567587
0.9911651 -0.2272612 1.160555 7.873664 32.64959 -3.048504
0.9784698 -0.2282378 1.164461 12.13321 36.36715 -3.392015
0.9813994 -0.2394683 1.153719 16.91947 40.07707 -3.529419
0.9804229 -0.2665679 1.142488 24.75153 44.61906 -3.766062
0.9408721 -0.2316558 1.119539 42.91946 47.47402 -7.727894
0.9557647 -0.2878081 1.084139 56.30114 54.63432 -7.559954
0.9579619 -0.3002593 0.9947832 74.25535 57.64959 -7.414915
0.93721 -0.2636382 0.9537676 96.62176 58.24501 -9.63629
0.9281768 -0.233853 0.8929766 119.8813 62.64959 -13.10957
0.8837432 -0.2099272 0.8273027 134.6828 61.44348 -14.52179
0.8698272 -0.1659819 0.7672441 151.7439 60.47402 -16.72026
0.8405303 -0.08199757 0.6896074 162.1332 59.88623 -18.09431
0.8271026 -0.122769 0.6595781 172.3393 50.71066 -20.83476
0.8273467 -0.05416553 0.6478593 166.4691 50.1305 -20.19354
0.838333 -0.0443999 0.6366289 169.0187 47.29081 -20.68973
0.8290557 -0.05172412 0.6085527 159.5759 43.38241 -19.21644
0.826126 -0.02193897 0.5912187 150.1027 38.79463 -17.74316
0.8217315 -0.02462451 0.5768144 140.2248 34.09997 -16.46072
0.8102569 -0.01925342 0.5765703 127.5531 28.86333 -14.40728
0.8012237 -0.001431152 0.5748613 113.9653 23.80226 -12.85003
0.7953643 0.006381348 0.5904863 100.3393 18.76409 -11.07141
0.7863311 0.01565869 0.6014726 85.79733 14.04653 -9.453083
0.7863311 0.02225049 0.6031816 70.40038 9.283176 -7.712626
0.7741241 0.03152783 0.61783 52.24771 5.458748 -5.369114
0.7770537 0.02566846 0.6305254 34.8126 0.8175268 -3.140106
0.775833 0.01541455 0.6456621 17.74389 -3.182473 -0.8118629
0.7812041 0.01565869 0.654207 2.27061 -6.671023 1.111801
0.7855987 0.01468213 0.6737382 -11.46985 -10.57179 2.516382
0.7868194 0.004428223 0.6974199 -24.85153 -13.70156 3.615618
0.7973174 -0.003140137 0.7254961 -35.79046 -16.55652 4.516382
0.8039092 -0.0131499 0.7294023 -45.65305 -18.78553 5.127069
0.8158721 -0.03170459 0.7621171 -53.24847 -20.85423 4.974398
0.8258819 -0.0575835 0.7862871 -58.0042 -22.23591 4.859894
0.8446807 -0.08126514 0.8055742 -59.55382 -23.1214 3.913328
0.8546905 -0.09884327 0.8194902 -58.85916 -23.83896 2.493481
0.8825225 -0.1271636 0.826082 -57.43168 -25.06797 1.218672
0.9037627 -0.1520659 0.8402422 -55.90496 -26.21301 0.6995869
0.9171905 -0.1708647 0.8685625 -54.05 -26.42675 0.2339382
0.933792 -0.1940581 0.8917559 -52.27137 -26.1214 -0.3462143
0.9584502 -0.2074858 0.9134844 -50.50038 -25.60232 -0.9034653
0.9640655 -0.2118804 0.9156816 -47.75993 -24.77026 -1.857664
0.9755401 -0.2506988 0.9342363 -45.94313 -24.1214 -1.903465
0.9972686 -0.2829253 0.9437578 -44.20267 -23.22828 -0.8042297
1.018021 -0.3146636 0.9671953 -40.51565 -21.44202 -0.6439228
1.023147 -0.3295562 0.9640215 -36.69886 -20.45728 -0.1630077
1.042679 -0.3507964 0.9769609 -32.40115 -19.14431 0.7148552
1.051468 -0.3725249 0.9659746 -28.14924 -17.99927 1.798824
1.073196 -0.3913238 0.9747637 -23.45458 -16.70156 2.982031
1.080276 -0.4054839 0.9820879 -18.52328 -15.16721 4.19577
1.097854 -0.4225738 0.9571856 -4.286641 -10.79316 9.272107
1.105911 -0.4272124 0.9532793 -1.149237 -10.03744 11.17287
1.118606 -0.4147613 0.9374102 -1.469848 -9.213007 13.94386
1.137161 -0.4089019 0.9474199 -4.446947 -7.442015 17.05073
1.136185 -0.396939 0.9410723 -9.0271 -5.464916 20.75302
1.139603 -0.3893706 0.9151934 -14.75229 -3.342779 24.28737
1.145462 -0.3769195 0.9164141 -20.35534 -1.724458 27.77592
1.133743 -0.3720366 0.9154375 -26.06527 -0.3504122 31.31028
1.144729 -0.3586089 0.9181231 -31.57672 1.855695 34.14997
1.169388 -0.351773 0.9398516 -36.99657 4.573252 37.066
1.182571 -0.33273 0.9442461 -41.72176 7.321344 39.56982
1.188919 -0.3244292 0.9420488 -43.85916 10.26791 41.1118
1.19014 -0.3100249 0.9569414 -44.81336 13.33661 41.76066
1.194778 -0.2887847 0.9540117 -44.08817 16.61142 41.92096
1.200149 -0.2773101 0.9637774 -42.56145 19.66485 41.34844
1.192581 -0.275357 0.9637774 -39.57672 22.77936 40.2263
1.197708 -0.2653472 0.9728106 -35.58435 25.9473 38.77592
1.188919 -0.2514312 0.9662188 -30.48512 29.58088 36.98203
1.174271 -0.2316558 0.9662188 -24.96603 32.65722 34.11943
1.163284 -0.2231108 0.9693926 -19.21031 35.26028 31.50111
1.154495 -0.2177397 0.951082 -13.88969 37.64196 28.9744
1.144729 -0.2167632 0.9418047 -9.065268 40.19921 26.10417
1.123001 -0.2062651 0.9432695 -4.775191 42.75646 23.14234
1.039017 -0.2746245 0.8014238 -0.1339698 7.848061 5.829359
1.006302 -0.2624175 0.7836015 0.5835876 5.970198 0.8827934
1.010208 -0.2714507 0.7840898 2.331679 5.93203 -0.3080463
1.003372 -0.2785308 0.7804277 3.606489 5.863328 -1.101938
0.9936065 -0.2948882 0.7748125 4.759161 5.519817 -1.559954
0.9850616 -0.3110015 0.7723711 6.499618 5.252641 -2.147741
0.9877471 -0.3258941 0.7640703 8.598854 4.664855 -2.330946
0.9833526 -0.3515288 0.7613847 10.00344 3.962565 -1.880566
0.9762725 -0.3708159 0.7501543 11.17138 2.794626 -0.7965946
0.9818877 -0.3947417 0.7455156 11.8126 2.046535 0.6461525
0.9877471 -0.4042632 0.7350175 11.75916 1.245008 2.157602
0.9879912 -0.415982 0.7286699 11.0874 0.1610382 4.57745
0.9889678 -0.4242827 0.7130449 9.415649 -0.7473588 6.890428
0.987503 -0.4255034 0.7086504 7.598855 -2.304611 10.2034
1.001419 -0.4306304 0.7206132 4.827862 -3.167206 13.0431
1.011429 -0.4250152 0.7247636 1.430916 -4.38858 16.0889
1.015335 -0.4193999 0.7301347 -2.385878 -5.358046 19.12707
1.017044 -0.4150054 0.7279375 -6.45458 -5.953465 22.54692
1.018509 -0.4071929 0.7455156 -9.996565 -6.525985 25.50875
1.026321 -0.3966949 0.7452714 -12.54618 -7.09087 27.91333
1.029007 -0.3825347 0.7506425 -14.31718 -7.724458 29.85989
1.029739 -0.3681304 0.767 -15.41641 -8.014534 31.40188
1.033401 -0.3525054 0.7838457 -15.89733 -8.854229 33.12707
1.032913 -0.344937 0.7899492 -16.36298 -8.90003 34.14233
1.037063 -0.3388335 0.7989824 -16.34008 -9.144305 35.03547
1.036575 -0.329312 0.8111895 -15.85153 -9.434381 35.34081
1.02803 -0.3127105 0.8224199 -15.52328 -9.319878 35.94386
1.030472 -0.3056304 0.8343828 -15.08817 -9.243542 36.31028
1.032425 -0.3053863 0.8441484 -14.50802 -9.373313 36.69959
1.028519 -0.3000152 0.8619707 -13.85153 -9.258809 36.74539
