0.5260772 0.3916352 0.6373613 -4.683588 -2.79316 12.35608
0.5329131 0.4048188 0.6466386 -3.217939 -2.548886 11.76066
0.5380401 0.4109223 0.6520097 -1.683588 -2.228275 11.18814
0.5385283 0.4167817 0.650789 -0.1645041 -1.739725 10.64615
0.5407256 0.4175141 0.669832 1.125573 -1.49545 10.05073
0.5514678 0.4194673 0.6747148 2.896565 -1.228275 9.722488
0.5502471 0.4248384 0.6844804 4.072137 -0.6099543 8.87516
0.5641631 0.4209321 0.6971757 5.308778 0.0465343 8.081267
0.5507354 0.4114106 0.7174394 6.934733 0.7106564 7.66142
0.5646514 0.4026216 0.7240312 8.003435 1.886229 6.882794
0.5617217 0.4004243 0.7286699 9.056871 2.932031 6.386611
0.5695342 0.3955415 0.7577226 10.43092 3.619053 6.188137
0.5678252 0.3865083 0.7677324 11.73626 4.756458 5.814092
0.5712432 0.3786958 0.7787187 12.7897 5.901496 5.691955
0.577835 0.3762544 0.7887285 13.69046 7.115237 5.44768
0.5895537 0.3684419 0.7899492 14.05687 8.985466 5.707221
0.590042 0.3518403 0.7977617 12.89656 9.977833 6.111801
0.5773467 0.3464692 0.8099688 15.36985 10.48165 5.867527
0.5724639 0.3413423 0.8253496 17.75916 11.68776 5.508748
0.5775908 0.3406098 0.8360918 18.69046 12.97783 5.424779
0.4955596 0.2070649 0.5978105 2.346946 -0.9916335 31.56982
0.5573272 0.2781098 0.6642168 2.65229 -2.060336 27.34844
0.5565948 0.271518 0.6793535 3.110305 -1.632855 26.60798
0.5597686 0.2612641 0.6693437 4.049237 -1.296977 25.80646
0.5663604 0.2390474 0.6764238 4.86603 -0.5107175 24.93623
0.5597686 0.2234224 0.6742265 6.148473 -0.1901069 24.26447
0.5617217 0.2134126 0.6822832 7.095038 0.2068398 23.71486
0.5568389 0.1882661 0.6944902 8.232443 0.7488244 23.56982
0.5438994 0.1758149 0.7040117 9.583588 1.077069 23.67669
0.5524444 0.1626313 0.7018144 10.32405 1.63432 23.9286
0.5478057 0.1523774 0.71158 10.79733 2.191573 24.34844
0.5522002 0.1457856 0.7096269 10.72099 2.275542 25.03547
0.5568389 0.1296724 0.7176836 10.69046 3.038901 25.64615
0.5509795 0.127231 0.7237871 10.31641 3.199206 26.30264
0.5539092 0.1306489 0.7296464 10.0645 3.489283 27.40951
0.5541533 0.1308931 0.732332 9.575954 4.023633 28.50875
0.5565948 0.1450532 0.7482011 8.881298 4.290809 29.96676
0.5534209 0.1604341 0.7447832 7.86603 4.603786 30.93623
0.557083 0.1821626 0.7530839 6.476717 4.817527 31.88279
0.563919 0.2075532 0.7401445 5.415649 5.222107 32.84463
0.5722198 0.2351411 0.7486894 4.583588 5.359511 33.1805
0.5734405 0.2585786 0.732332 3.453817 5.832794 33.21867
0.5788116 0.29227 0.73575 2.163741 5.809893 32.96676
0.5705108 0.320102 0.7247636 0.8202291 5.573252 32.27211
0.5741729 0.3276704 0.7342851 -0.5538168 5.50455 31.45531
0.5668487 0.3386567 0.7245195 -1.64542 5.809893 30.03547
0.5822295 0.3484223 0.7174394 -2.53855 5.924397 28.66142
0.5697783 0.3567231 0.7162187 -3.668321 6.252641 27.03547
0.576126 0.353061 0.7108476 -4.401145 6.229741 25.52402
0.5695342 0.3437837 0.7130449 -5.141603 6.626687 23.80646
0.5734405 0.3301118 0.7145097 -5.446947 6.870962 22.28737
0.5700225 0.3244966 0.7064531 -5.15687 7.092336 20.93623
0.5722198 0.3144868 0.7040117 -5.217939 7.20684 19.40188
0.5717315 0.3056977 0.7081621 -5.072901 8.0389 18.20341
0.5734405 0.3010591 0.6974199 -4.737023 8.428213 16.85226
0.5709991 0.2842134 0.6983964 -4.324809 9.061802 15.58508
0.5788116 0.2805512 0.6927812 -3.530916 9.565619 14.26447
0.5763701 0.276645 0.6922929 -2.195038 10.35188 13.07363
0.5832061 0.2637055 0.6996171 -0.9965649 11.28318 11.44005
0.5888213 0.2617524 0.682039 0.8431296 12.39005 10.23394
0.5971221 0.2617524 0.6756914 3.049237 13.00837 8.775924
0.5954131 0.2622407 0.6505449 4.469084 13.49692 7.508748
0.5985869 0.2727387 0.6527421 5.026336 13.75646 6.714855
0.6017608 0.2629731 0.6258867 5.827862 13.86333 5.66142
0.6007842 0.2712739 0.6200273 7.064504 13.62669 4.569817
0.6066436 0.2641938 0.6058671 7.430916 13.70302 3.676687
0.6051787 0.2612641 0.5892656 8.232443 13.11524 2.905695
0.5978545 0.2607759 0.5948808 11.30878 12.02363 1.203405
0.6364287 0.2544282 0.5741289 12.71336 12.64195 -0.3843822
0.6168975 0.2532075 0.5648515 9.201908 12.02363 -0.6362896
0.6151885 0.2236665 0.5614336 11.96527 11.64195 -1.880566
0.59346 0.1997407 0.5675371 13.42328 12.19921 -3.06377
0.59346 0.182895 0.5609453 16.29351 13.22974 -4.559954
0.6046905 0.1575044 0.5572832 19.15611 14.22974 -5.903465
0.6103057 0.1382173 0.5467851 23.8126 15.36714 -7.437817
0.5956573 0.1142915 0.5419023 29.23244 16.0389 -8.269878
0.590042 0.1011079 0.5516679 35.15611 16.89386 -9.246977
0.5868682 0.06424267 0.5548418 40.33168 19.48928 -10.44545
0.6022491 0.05740674 0.5311601 49.87366 20.21447 -11.49888
0.590042 0.06912549 0.5392168 59.32405 20.78699 -12.49125
0.5832061 0.0583833 0.5314043 65.55305 21.21447 -12.87293
0.5822295 0.05862744 0.539705 68.9042 21.64195 -11.97217
0.5822295 0.07083447 0.563875 71.01871 22.00837 -11.46835
0.5888213 0.0583833 0.5731523 73.77443 22.26027 -10.55995
0.5839385 0.06717236 0.5765703 75.40038 22.42058 -9.086672
0.605667 0.1103853 0.6207597 59.72099 25.29844 -6.514153
0.6313018 0.1079438 0.5460527 74.13321 22.42821 -7.521786
0.6361846 0.1133149 0.5504472 73.87366 20.68012 -5.42255
0.6425323 0.1181978 0.5531328 73.23244 20.1305 -5.155375
0.6503448 0.148227 0.5353105 66.54543 20.30608 -3.376747
0.6513213 0.1665376 0.501375 64.12557 18.1305 -2.132473
0.6544951 0.16727 0.4745195 57.54542 15.20684 -0.1935425
0.6691436 0.1816743 0.4686601 49.98053 13.03127 1.783558
0.6735381 0.1719087 0.4581621 42.13321 10.51218 3.93623
0.6779326 0.1545747 0.4549882 36.83549 7.61142 5.730123
0.6835479 0.1355317 0.4457109 31.91183 5.848061 7.165236
0.6728057 0.1142915 0.4430254 27.05687 3.199206 8.829359
0.6779326 0.08206493 0.4545 21.91183 1.038901 11.02783
0.6671905 0.05447705 0.464998 17.09504 -1.327511 13.37134
0.6693877 0.01907666 0.4920976 11.98054 -2.625221 15.05837
0.6657256 0.02078564 0.5057695 6.774427 -3.350412 18.48585
0.6535186 -0.02853076 0.5272539 4.201909 -4.655756 21.37898
0.6491241 -0.06515186 0.5419023 0.598855 -5.403847 24.71486
0.6381377 -0.0798003 0.5599687 -0.5232825 -5.243542 28.066
0.6259307 -0.1005522 0.5956132 -1.94313 -5.999267 31.16524
0.6244658 -0.1078765 0.6048906 -3.111069 -4.846596 34.52402
0.6083526 -0.1064116 0.6014726 -4.668321 -5.052702 37.73775
0.6034698 -0.1103179 0.6273515 -5.286641 -3.831328 40.62325
0.603958 -0.1095855 0.6454179 -5.401145 -2.373313 43.18814
0.5993194 -0.1051909 0.6564043 -5.111069 -0.6023206 45.50111
0.6007842 -0.08785694 0.6705644 -2.637786 1.802259 47.01257
0.5988311 -0.08053272 0.6644609 0.2095418 2.954931 49.1118
0.6103057 -0.05929248 0.6744707 3.35458 6.12287 50.1576
0.859085 -0.415982 0.5838945 24.47672 -16.23591 47.63089
0.6784209 0.04251416 0.7806718 -29.08053 -32.0298 70.11944
0.7772979 -0.01388232 0.8722246 -30.1187 -24.88476 66.53928
0.8219756 -0.0443999 0.8275469 -19.24847 -17.77026 59.89043
0.8217315 -0.03707568 0.7308671 -5.523283 -17.58705 54.066
0.8234405 -0.02291553 0.7054765 -5.393512 -20.25881 51.62325
0.8195342 -0.02584522 0.7804277 -11.79046 -17.02217 50.32554
0.8097686 -0.05929248 0.8229082 -11.97366 -11.16721 47.42478
0.7814483 -0.09005421 0.782625 -9.973664 -7.79316 45.29501
0.7782744 -0.1068999 0.7704179 -4.843893 -6.457283 42.73775
0.7797393 -0.1166655 0.7731035 -2.065267 -3.411481 40.73012
0.7587432 -0.1274077 0.7672441 -1.13397 -0.5412519 38.85989
0.7450713 -0.1415679 0.7506425 -0.202672 2.657221 37.27974
0.7274932 -0.157437 0.7508867 0.7438931 5.145771 35.75302
0.7094268 -0.1777007 0.7494218 1.698091 7.626687 34.25684
0.6979522 -0.1908843 0.730623 1.980534 9.863329 33.76829
0.7035674 -0.2004058 0.7369707 0.7209921 11.90913 33.43241
0.7021026 -0.2065093 0.7491777 -2.179771 13.58088 33.96676
0.6981963 -0.2018706 0.7704179 -8.095801 14.74119 35.24157
0.7221221 -0.2187163 0.8160723 -11.51565 19.02363 35.24157
0.7394561 -0.2231108 0.7994707 -11.31718 23.51982 34.74539
0.7494658 -0.2565581 0.7499101 -11.63015 24.59615 34.82936
0.7648467 -0.2480132 0.7452714 -13.15687 24.50455 35.88279
0.782669 -0.2621734 0.758455 -13.89733 28.18394 36.2263
0.7733916 -0.2687652 0.7377031 -19.14924 30.55799 38.0202
0.7626494 -0.2714507 0.7440507 -25.67595 30.98546 40.85989
0.7426299 -0.3131988 0.7818925 -22.27901 32.26028 41.50875
0.7262725 -0.2887847 0.819002 -12.88969 36.16867 39.42478
0.7230987 -0.3034331 0.7977617 -4.0271 41.29081 37.90569
0.7086944 -0.2851226 0.7569902 0.9118323 43.13814 37.47058
0.7199248 -0.2416655 0.7491777 -0.5003819 44.49692 38.36371
0.7279815 -0.2384917 0.7655351 -0.2561069 49.16104 38.32554
0.7560576 -0.2526519 0.7438066 2.003435 54.07707 37.47058
0.7548369 -0.2675445 0.6922929 10.01107 56.58852 36.08127
0.7506866 -0.2795074 0.6693437 15.77443 57.03127 35.50111
0.7443389 -0.2445952 0.6847246 14.89656 57.30608 36.40951
0.7536162 -0.2558257 0.7154863 16.43092 62.72593 36.09653
