0.6305694 0.3645356 0.7748125 51.0187 90.71066 -64.75843
0.5868682 0.3691743 0.7560136 52.09504 93.1992 -70.81187
0.5922393 0.3935884 0.7391679 50.9729 98.26791 -77.26225
0.6017608 0.3945649 0.7023027 51.69809 103.2068 -85.09431
0.612503 0.3977387 0.64908 51.56068 106.0847 -92.34621
0.6144561 0.3879731 0.6044023 51.86603 107.8786 -99.17065
0.6308135 0.382602 0.5541093 52.49962 110.0542 -106.308
0.6288604 0.3747895 0.5055254 53.77443 112.1152 -113.4684
0.5993194 0.4248384 0.4774492 55.0416 111.9931 -119.7126
0.5822295 0.3906587 0.4418046 55.54542 116.5732 -127.9111
0.6239776 0.3525727 0.3148515 63.72099 115.6343 -137.9493
0.5707549 0.3354829 0.232332 65.19427 112.2984 -146.0256
0.5866241 0.3103364 0.1612871 66.89657 111.4511 -153.9035
0.5785674 0.2685884 0.07022262 67.07977 109.4435 -161.705
0.5758819 0.2334321 0.009675741 66.87366 105.5503 -168.1096
0.5670928 0.1889985 -0.05697465 67.46146 100.871 -175.6745
0.5612334 0.1575044 -0.1036055 67.33168 96.00836 -182.6745
0.543167 0.1018403 -0.1621993 66.02634 91.09997 -188.7737
0.5336455 0.02518018 -0.2149336 63.98053 85.63432 -193.6058
0.5321807 -0.034146 -0.2474043 60.39275 79.22974 -197.0561
0.5268096 -0.1083647 -0.298918 56.05687 72.58852 -199.2623
0.5172881 -0.1759917 -0.3277266 52.50725 66.03889 -200.2546
0.5019073 -0.2275054 -0.3531172 49.83549 59.66486 -201.0714
0.4796905 -0.2768218 -0.3885176 46.91183 54.50455 -201.1477
0.4555205 -0.3100249 -0.3953536 43.25534 46.016 -201.5142
0.4538116 -0.3654449 -0.4549239 39.22481 40.40532 -201.5142
0.4428252 -0.4569976 -0.4947188 39.36985 31.9473 -200.6058
0.447708 -0.4672515 -0.5345137 30.8813 22.80989 -197.6668
0.4467315 -0.5141265 -0.5516036 36.70572 13.32134 -198.5829
0.4499053 -0.5302398 -0.531584 20.7897 6.092336 -193.1554
0.4489287 -0.5964019 -0.5374434 19.91947 -3.510717 -192.4378
0.4574737 -0.6828277 -0.5015547 13.65229 -11.60995 -188.2317
0.4491729 -0.7585113 -0.4441817 12.84313 -18.62522 -185.705
0.4496612 -0.7931792 -0.4180586 9.018703 -24.31988 -182.0027
0.4599151 -0.8852202 -0.4024336 5.797328 -30.44965 -177.4073
0.4674834 -0.9569976 -0.377043 2.919466 -36.57178 -171.6668
0.478958 -1.011929 -0.3765547 0.2935114 -41.8924 -165.7508
0.4899444 -1.069546 -0.3575118 -0.8438931 -47.19011 -160.0714
0.4906768 -1.097867 -0.3548262 -1.446947 -53.0069 -153.8424
0.4828643 -1.13229 -0.366545 -1.775191 -59.09087 -147.3386
0.4862823 -1.151578 -0.3655684 -1.737023 -65.38094 -140.4531
0.5006866 -1.154996 -0.3545821 -1.530916 -71.79316 -133.1783
0.4967803 -1.15646 -0.3448164 -0.5232825 -78.09087 -126.7661
0.5023955 -1.143521 -0.3262618 1.064504 -84.92294 -120.5905
0.515335 -1.114468 -0.2976973 2.789694 -91.23591 -114.8271
0.5346221 -1.084927 -0.2588789 4.84313 -98.19011 -109.2699
0.5541533 -1.051968 -0.205168 8.285877 -103.7245 -104.3004
0.5719756 -1.009488 -0.1573164 11.8584 -109.8619 -100.3309
0.5834502 -0.9677398 -0.1280196 14.69809 -113.6558 -96.46072
0.5963897 -0.9164702 -0.06796098 17.82023 -117.7321 -92.96454
0.612503 -0.8632476 -0.0374434 21.73626 -121.5107 -89.9111
0.6371612 -0.817105 0.002351522 24.43092 -124.6023 -87.37675
0.6549834 -0.7738921 0.04556441 26.8813 -127.7321 -85.04851
0.6613311 -0.7497222 0.07364058 29.01107 -130.7474 -83.05614
0.6825713 -0.7091949 0.1210039 30.33168 -133.0298 -80.85767
0.7016143 -0.6794097 0.1700761 30.13321 -133.9764 -78.68973
0.7050323 -0.6510894 0.2025468 30.62176 -135.2359 -77.12484
0.71846 -0.6325347 0.2521074 30.16374 -135.4268 -75.31568
0.7296905 -0.629605 0.2640703 29.8355 -135.4878 -73.73553
0.7372588 -0.615689 0.2977617 28.59122 -135.2359 -71.50652
0.7592315 -0.612271 0.3348711 27.43855 -134.381 -70.13248
0.7748565 -0.6039702 0.3544023 26.65993 -133.9306 -68.59812
0.7711944 -0.6071441 0.3873613 25.65993 -132.9306 -66.80423
0.7780303 -0.6056792 0.4020097 24.8813 -130.5489 -65.66682
0.7672881 -0.6059234 0.4071367 23.87366 -127.9764 -64.54469
0.7431182 -0.6152007 0.4154375 21.93473 -126.0756 -62.67446
0.7343291 -0.634732 0.421541 21.71336 -123.7168 -61.63629
0.7272491 -0.6532866 0.4171464 22.51488 -121.8313 -60.49889
0.7199248 -0.6718413 0.4227617 24.30115 -120.6176 -59.55996
0.6945342 -0.6984527 0.4054277 27.31641 -118.7092 -58.96454
0.6693877 -0.7282378 0.3844316 29.8126 -116.8695 -57.49889
0.6332549 -0.7504546 0.3612382 31.86603 -115.9687 -55.82713
0.610794 -0.7929351 0.3282793 33.13321 -115.7779 -53.53706
0.5453643 -0.8988921 0.2794511 33.51488 -117.1443 -41.82713
0.5321807 -0.9147613 0.2704179 33.45382 -118.2435 -37.57522
0.5236358 -0.9257476 0.2660234 33.73626 -119.5031 -33.46072
0.5001983 -0.9562652 0.2672441 35.45382 -120.8542 -28.9111
0.471878 -0.9709136 0.2818925 38.57595 -121.5336 -24.8653
0.447708 -0.9843413 0.2704179 43.18664 -122.2359 -21.49125
0.4599151 -0.985562 0.267 46.05687 -122.61 -17.41492
0.4582061 -0.9926421 0.2274492 46.53778 -123.2664 -12.33095
0.4582061 -1.000455 0.202791 47.39275 -126.8848 -6.491251
0.4491729 -0.9933745 0.1930254 48.43092 -128.9611 -1.216442
0.4298858 -0.9860503 0.1835039 49.30878 -130.5413 4.066
0.423294 -0.9655425 0.1774004 49.75916 -132.1825 9.180504
0.423294 -0.9504058 0.166414 49.67519 -134.4573 13.95913
0.4264678 -0.9374663 0.1607988 48.59122 -136.1596 18.83699
0.4335479 -0.9240386 0.1500566 48.24007 -138.0832 23.50875
0.4411162 -0.909146 0.1468828 46.35458 -140.0985 28.066
0.5353545 -0.3151519 0.2655351 33.65229 65.87096 -76.75843
0.5470733 -0.3920562 0.14908 30.61412 50.1534 -92.0256
0.5321807 -0.4303863 0.1471269 28.19428 47.73356 -92.8882
0.518753 -0.4726226 0.1432207 25.14084 45.63432 -92.9569
0.5167998 -0.5109527 0.126375 21.37748 43.32898 -91.75079
0.5243682 -0.5561187 0.1031816 16.26298 40.52745 -90.22408
0.532669 -0.5866363 0.08316207 10.82786 38.16867 -87.96454
0.5331573 -0.6083648 0.06973433 5.377481 35.07707 -84.91873
0.5526885 -0.6242339 0.05557418 0.07977104 31.61142 -82.15537
0.5702666 -0.6371734 0.05606246 -4.576717 27.9473 -79.30042
0.5844268 -0.6488921 0.05948043 -8.279008 24.42821 -76.61339
0.5937041 -0.6423003 0.07754683 -10.77519 20.69539 -74.58286
0.6024932 -0.6352202 0.09903121 -12.75229 17.37478 -72.65919
0.6066436 -0.6210601 0.1444414 -14.37824 14.56562 -71.46072
0.6144561 -0.6103179 0.1808183 -14.88206 12.16104 -70.59049
0.6325225 -0.5902984 0.2140214 -15.0958 10.34424 -70.20881
0.6405791 -0.5766265 0.2464921 -15.92786 9.061802 -70.30042
0.6532744 -0.5780913 0.2650468 -16.23321 7.687756 -70.36912
0.6667022 -0.5849273 0.294832 -15.81336 6.695389 -70.85003
0.6671905 -0.6047027 0.3270586 -15.1645 5.764091 -71.13248
0.6642608 -0.6354644 0.3419511 -14.64542 5.359511 -71.44545
0.6640166 -0.6662261 0.372957 -14.06527 5.535084 -70.934
0.6591338 -0.6881988 0.3744218 -13.51565 5.542717 -70.65919
0.6637725 -0.7101714 0.3663652 -11.9584 5.50455 -69.8882
0.6703643 -0.7326324 0.355623 -12.45458 4.512183 -67.7737
0.668167 -0.7572906 0.3395097 -11.48512 3.786993 -66.37675
0.6703643 -0.7675445 0.3221757 -10.92023 2.977832 -64.51415
0.6723174 -0.7729156 0.3182695 -10.54618 1.680122 -62.68209
0.6703643 -0.7848784 0.2967851 -11.27137 0.2831755 -60.52942
0.6706084 -0.8024566 0.2853105 -10.92786 -1.121405 -58.7279
0.6671905 -0.8114898 0.2731035 -9.508016 -2.701557 -57.01797
0.6657256 -0.8173491 0.2608964 -8.408779 -4.373313 -55.10194
0.6696319 -0.8244292 0.2657793 -7.912596 -6.144305 -52.72026
0.6613311 -0.8202788 0.2572343 -7.607252 -7.831328 -50.62866
0.6625518 -0.813687 0.2477129 -7.43168 -9.365679 -48.36912
0.659378 -0.8075835 0.2469804 -6.820992 -11.48018 -46.34621
0.654251 -0.7946441 0.2460039 -6.950764 -13.44201 -44.37675
0.6439971 -0.784146 0.2508867 -6.34771 -14.984 -42.85003
0.6522979 -0.7631499 0.2516191 -5.828626 -16.85423 -41.03323
0.6432647 -0.7492339 0.2403886 -6.0271 -18.80079 -39.52179
0.638626 -0.7314116 0.2477129 -6.698855 -20.93056 -37.70499
0.6298369 -0.7145659 0.2379472 -7.660687 -23.0069 -36.39965
0.6178741 -0.7030913 0.227205 -8.653053 -25.23591 -34.94164
0.6200713 -0.6791656 0.2372148 -9.43168 -27.60232 -33.52942
0.6137237 -0.6547515 0.2486894 -9.912596 -29.72446 -32.59049
0.6147002 -0.6237456 0.247957 -10.70649 -31.99163 -31.60576
0.6210479 -0.6039702 0.2521074 -11.95076 -33.83896 -30.98744
0.6295928 -0.598355 0.2435625 -13.1187 -36.10614 -30.46835
0.640335 -0.5761382 0.2530839 -15.0729 -38.73209 -29.65919
0.6505889 -0.5663726 0.258455 -16.32481 -40.58705 -29.49888
0.6645049 -0.5570952 0.2777421 -17.76756 -42.56415 -29.22408
0.6706084 -0.55148 0.2860429 -18.17214 -44.55652 -29.47598
0.6803741 -0.5490386 0.2960527 -17.85153 -45.93056 -29.90347
0.6815948 -0.5436675 0.3128984 -17.36298 -47.65575 -30.30041
0.6923369 -0.5422027 0.3353593 -17.82099 -48.90766 -30.64392
0.6862334 -0.5426909 0.3568437 -17.85153 -50.06797 -30.68209
0.6918487 -0.5451324 0.3614824 -17.75229 -50.88476 -31.01034
0.6884307 -0.5558745 0.3880937 -17.47748 -51.8466 -31.36148
0.6957549 -0.5505034 0.4068925 -18.43168 -52.48018 -31.22408
0.6996612 -0.5524566 0.4190996 -20.61489 -53.27407 -30.65919
0.7069854 -0.5736968 0.4515703 -22.44695 -53.69392 -30.24698
