0.6157461 -0.9636978 0.1094912 -26.28492 -165.8918 142.1085
0.65725 -0.9407486 0.1563662 -28.01774 -171.5712 149.7802
0.7082754 -0.8875259 0.2154483 -31.95667 -176.991 156.6276
0.6946035 -0.8518814 0.2877139 -33.40705 -181.3192 160.9863
0.7812734 -0.7781509 0.3218936 -35.31545 -183.1818 164.4673
0.7715078 -0.7771744 0.3126162 -40.64369 -190.0368 170.9863
0.797875 -0.8045181 0.3428897 -41.79636 -192.6093 174.1314
0.8025137 -0.7593521 0.3787783 -46.59026 -196.8994 180.6047
0.7929922 -0.797438 0.399042 -49.78873 -199.8002 184.9787
0.8039785 -0.8113541 0.3917178 -53.42232 -203.6322 189.91
0.7939687 -0.8360123 0.3951358 -56.28492 -207.5024 193.6734
0.8071524 -0.8408951 0.3987979 -60.30782 -211.1971 199.0551
0.8210684 -0.882399 0.4205264 -64.7811 -215.9452 204.2001
0.8154531 -0.938063 0.4310245 -66.83453 -219.907 209.1772
0.8188711 -0.9649185 0.4488467 -68.63606 -223.0292 214.2841
0.8078848 -1.020338 0.4715518 -70.18568 -227.6093 220.2688
0.8467031 -1.058668 0.4930362 -70.46049 -229.8154 225.3298
0.8513418 -1.118239 0.4954776 -69.54446 -233.3116 231.9405
0.8362051 -1.131667 0.5093936 -72.33835 -236.7925 239.1161
0.8293692 -1.17903 0.522333 -73.42232 -240.2658 245.2612
0.8376699 -1.230543 0.5281924 -74.85744 -244.3116 251.6963
0.846459 -1.168288 0.5819034 -80.43758 -246.4872 251.6963
0.8388906 -1.324782 0.4842471 -82.23148 -254.2429 251.6963
0.9594961 -1.333327 0.5318545 -87.7811 -254.2429 251.6963
1.009057 -1.358717 0.5914248 -92.00247 -254.2429 251.6963
1.065697 -1.371413 0.647333 -92.46049 -254.2429 251.6963
1.090356 -1.292555 0.7073916 -90.8498 -254.2429 251.6963
1.131371 -1.202956 0.8172549 -89.97194 -254.2429 251.6963
1.10476 -1.192702 0.8966006 -83.20858 -254.2429 251.6963
1.335961 -1.020827 0.918085 -80.42232 -250.6475 251.6963
1.168969 -1.106276 1.098261 -76.88797 -254.2429 251.6963
1.241234 -1.077467 1.118036 -68.83453 -254.2429 251.6963
1.252953 -1.035231 1.125116 -59.57499 -254.2429 251.6963
1.224389 -0.9077896 1.168573 -55.39942 -254.2429 251.6963
1.242943 -0.8723892 1.156366 -49.20095 -254.2429 251.6963
1.257348 -0.7937759 1.204462 -48.8956 -253.3192 251.6963
1.228051 -0.7632584 1.248407 -46.30782 -252.8383 251.6963
1.269066 -0.7329849 1.259638 -42.54446 -253.8994 251.6963
1.264672 -0.6717056 1.250116 -37.38415 -254.2429 251.6963
1.306664 -0.6258072 1.283075 -30.50629 -251.8002 251.6963
1.357445 -0.5366959 1.326288 -20.85744 -246.449 251.6963
1.365746 -0.4680923 1.382196 -10.23148 -239.4337 251.6963
1.351098 -0.4575943 1.401972 4.028061 -237.7391 251.6963
1.353295 -0.38069 1.535517 19.77615 -234.5635 251.6963
1.379174 -0.2786392 1.605829 37.41737 -235.0826 251.6963
1.414818 -0.1814712 1.612177 53.28761 -225.4032 251.6963
1.310814 -0.2874282 1.717157 85.11967 -231.4414 251.6963
1.379174 -0.1460708 1.657587 105.4632 -211.1208 251.6963
1.446557 0.473314 1.882685 117.5395 -203.3421 251.6963
1.571801 0.1525132 1.631464 78.07386 -219.1589 251.6963
1.373559 0.3072983 1.890497 100.0586 -197.533 251.6963
1.362084 0.4081284 1.917108 109.9975 -183.5788 251.6963
1.248559 0.4784409 1.921259 117.6845 -161.5024 251.6963
1.092309 0.7350327 2.112177 124.5777 -147.5635 251.6963
1.185326 0.7059799 1.976679 131.2418 -132.6857 251.6963
1.07766 0.867601 2.015741 139.509 -120.8383 251.6963
0.9599844 1.000658 2.119989 138.9288 -127.2276 251.6963
0.9226309 1.023119 2.083612 133.6998 -112.1208 251.6963
0.8855215 1.036546 2.03747 132.1349 -96.60931 246.8871
0.7654043 1.201585 2.033319 120.1426 -82.67039 239.0703
0.6887441 1.236009 1.942255 110.4403 -71.0368 231.9711
0.6074453 1.282152 1.855585 98.3334 -60.66275 226.139
0.6042715 1.273851 1.767206 86.23417 -49.89175 221.0779
0.527123 1.297289 1.683466 75.88303 -41.68565 216.6352
0.4756094 1.294359 1.568231 70.98989 -39.25817 218.9634
0.3640371 1.412767 1.56164 55.93646 -34.65511 202.9787
0.3183828 1.401537 1.501337 45.2189 -32.65511 193.6428
0.2556386 1.467943 1.481073 34.27997 -31.22 185.452
0.2070547 1.468919 1.446161 24.29524 -29.89175 176.1314
0.1631094 1.450853 1.417353 18.68455 -29.85359 168.0932
0.1438223 1.487718 1.410761 12.49371 -29.1055 160.3451
0.124291 1.504808 1.415155 13.09676 -28.76199 149.5283
0.1428457 1.523607 1.378778 15.70745 -27.2887 136.6886
0.1443105 1.543871 1.380243 16.57005 -16.41847 118.6352
0.05544336 1.578539 1.432245 15.69218 -8.685649 97.84895
-0.01975195 1.566087 1.419794 18.22654 -12.88412 89.75735
-0.106666 1.607347 1.464472 12.76089 -13.86886 74.13902
-0.158668 1.555589 1.462763 10.18837 -24.47954 63.72681
-0.1330332 1.503831 1.446894 8.829588 -33.27343 56.223
-0.03440039 1.432054 1.388056 6.890656 -28.22 44.10086
-0.03708594 1.352953 1.393671 6.157832 -19.2429 27.60467
-0.08859961 1.322923 1.432489 5.30287 -19.44137 19.31459
-0.1091074 1.236986 1.471552 2.867756 -22.92229 16.46727
-0.07981055 1.125414 1.441767 0.2418015 -20.69328 9.452
1.554223 -0.340895 1.502314 40.79905 -248.4414 251.6963
1.5364 -0.02180323 1.850458 57.28761 -208.22 251.6963
1.489525 0.02726903 1.901972 63.67692 -199.6933 251.6963
1.529564 0.01115575 1.818964 77.50134 -181.2963 251.6963
1.4739 0.1786362 1.973993 79.84486 -158.9834 251.6963
1.437035 0.1803452 2.060419 91.86012 -148.7696 251.6963
1.355248 0.2018296 2.042353 106.3334 -138.9147 251.6963
1.331811 0.2855698 2.107294 120.1655 -119.9299 251.6963
1.235375 0.4518296 2.183222 124.8143 -115.2124 251.6963
1.174096 0.5231186 2.148066 125.0357 -111.594 251.6963
1.145531 0.6205307 1.975702 125.8449 -97.70855 251.6963
1.038842 0.707933 1.909296 131.7303 -87.01389 251.6963
1.019066 0.8722397 1.933466 128.0662 -78.991 251.6963
1.000512 0.8402573 1.871942 133.0128 -63.73908 251.6963
0.8857656 0.9564682 1.779657 132.799 -53.84595 251.6963
0.815209 1.107835 1.661493 126.051 -46.83832 251.6963
0.7341543 1.111742 1.591425 118.4937 -47.30397 242.4978
0.6452871 1.152757 1.559198 115.2647 -47.70092 233.4062
0.5937734 1.17766 1.455927 103.2876 -35.02916 224.8642
0.6059804 1.162279 1.409296 92.76852 -23.59405 218.9405
0.5525136 1.117601 1.333368 84.62348 -16.69328 214.536
0.3952871 1.205003 1.319452 72.69981 -16.74672 213.3986
0.4319082 1.266527 1.206415 58.47081 -14.16656 206.2841
0.360375 1.197435 1.194208 47.73798 -12.52534 197.9558
0.2466055 1.27263 1.192011 38.29524 -13.53298 192.0016
0.2934804 1.351732 1.184442 27.40211 -13.34977 186.5512
0.2466055 1.311937 1.192743 23.70745 -9.387939 175.3451
0.1714102 1.310472 1.201044 23.1502 -11.11313 165.2688
0.1252676 1.247728 1.239374 17.56241 -6.464275 150.4673
0.1870352 1.200365 1.324823 25.25707 -9.113131 146.0551
0.08058985 1.34807 1.206415 28.68455 -4.510077 131.6963
0.08522852 1.324144 1.213007 15.0815 -9.044428 125.4596
0.1804434 1.251146 1.16369 16.42501 -2.311603 112.4978
0.1533437 1.29973 1.14538 18.89829 -6.479542 103.9482
0.1408926 1.281419 1.10412 20.53188 -5.731451 93.52834
-0.005347654 1.378587 0.9993838 12.47844 -12.89176 58.17719
-0.06980078 1.277269 1.000849 1.043328 -2.02916 48.68864
-0.1337656 1.158617 0.9930362 10.66165 -4.250535 37.98635
-0.2260508 1.281908 0.9381045 -1.139878 -9.884123 33.81841
-0.1806406 1.182542 0.90246 -12.55973 -11.73145 27.68864
-0.2028574 1.097582 0.8721866 -14.23911 -11.60931 19.63521
-0.2187266 1.032396 0.8511905 -17.51392 -16.99099 14.49017
-0.2182383 0.990892 0.8214053 -23.81927 -17.73145 9.74971
-0.2573008 0.8966537 0.7952823 -26.9414 -22.32687 5.039786
-0.2494883 0.839769 0.8155459 -31.59026 -27.00626 2.146657
-0.2482676 0.7848373 0.8443545 -35.01011 -31.14367 -0.509832
-0.2377695 0.74431 0.9056338 -37.79636 -33.97573 -3.746473
-0.2416758 0.7255112 0.952753 -38.6895 -34.93756 -8.838077
-0.2511973 0.6774155 1.025507 -39.59026 -35.06733 -12.72357
-0.247291 0.6173569 1.059687 -41.00247 -33.36504 -16.39533
-0.2436289 0.5311752 1.073847 -41.18568 -33.2658 -18.68541
-0.2204355 0.4537827 1.088739 -38.98721 -31.99863 -21.00602
-0.1989512 0.4088608 1.106317 -35.32308 -30.91466 -22.62434
-0.1818613 0.3695542 1.104853 -30.13224 -28.99863 -24.4793
-0.1843027 0.3859116 1.111688 -25.00247 -26.77725 -26.14342
-0.2099375 0.421312 1.120233 -20.97194 -24.92992 -28.21212
-0.2475352 0.4603745 1.100458 -18.22385 -22.96046 -29.76937
-0.2736582 0.5052963 1.083856 -16.74293 -20.80015 -31.5251
-0.2841563 0.5748764 1.049433 -16.6895 -19.82305 -33.43349
-0.2851328 0.638353 1.025507 -16.81163 -17.56351 -35.5251
-0.294166 0.6578842 0.9620303 -17.7124 -15.28107 -38.34953
-0.4050059 0.733812 0.8731631 -15.08644 -21.2658 -46.15105
-0.3571543 0.8370834 0.8267764 -22.7582 -21.91466 -46.26556
-0.3910899 0.8776108 0.7784366 -26.81927 -20.14367 -51.31899
-0.3835215 0.9066635 0.7325381 -30.58263 -28.45664 -52.89151
-0.358375 1.052171 0.6356143 -42.52919 -30.20473 -54.79227
