0.494583 0.6523774 1.273836 -25.58435 16.45875 41.9744
0.4792022 0.6611665 1.279207 -21.05 17.90149 42.066
0.4643096 0.6372407 1.280184 -15.08053 19.0847 41.98203
0.4613799 0.6562837 1.275301 -8.416412 21.09997 41.36371
0.4225616 0.6418794 1.280672 -0.09580183 21.34424 41.12707
0.3466338 0.4548676 1.275789 19.48435 25.76409 36.2263
0.3629912 0.7024262 1.193514 21.32405 23.9931 36.79119
0.3781279 0.6384614 1.199861 22.9958 21.27554 37.50111
0.4037627 0.5696137 1.221346 20.35458 23.00837 40.20341
0.4491729 0.6321137 1.213045 13.9271 26.0389 44.14233
0.4882354 0.6411469 1.188387 17.9958 24.58088 42.60799
0.4911651 0.3845551 0.8888262 54.60649 -8.182473 20.98203
0.4848174 0.4775727 0.7245195 26.73626 -0.8923969 27.22631
0.4821319 0.47977 0.7169511 24.88893 -1.251176 27.56218
0.4889678 0.4785493 0.7096269 23.0874 -1.869496 27.65379
0.4870147 0.4726899 0.7120683 22.59122 -2.961099 27.54692
0.4918975 0.4773286 0.7135332 21.07214 -3.640489 27.54692
0.4987334 0.483188 0.7367265 19.44618 -4.136672 27.33318
0.5019073 0.491977 0.7435625 18.50725 -4.403847 26.93623
0.4982451 0.4934419 0.7586992 18.53015 -4.533618 26.52402
0.5077666 0.4917329 0.7782304 19.53015 -4.602321 25.58508
0.5004424 0.4856294 0.7889726 20.50725 -4.518351 25.1805
0.5041045 0.4770844 0.7879961 23.02634 -4.083237 23.82173
0.4918975 0.4678071 0.7855546 25.88893 -3.976367 22.73012
0.4811553 0.4531587 0.7916582 28.26298 -3.922931 21.37898
0.4792022 0.4475434 0.7923906 31.00344 -3.854229 20.32554
0.4626006 0.4541352 0.8082598 31.40801 -3.098504 19.92096
0.4423369 0.4643891 0.7977617 28.34695 -1.68629 19.78356
0.4267119 0.4118989 0.777498 31.24771 -1.747359 18.24921
0.4525908 0.4465669 0.7596757 25.43092 -1.800794 19.73012
0.4765166 0.4541352 0.7633379 22.86603 0.08470225 19.28737
0.4853057 0.4787934 0.7389238 17.53779 0.3747785 19.63852
0.4989776 0.4812348 0.7286699 11.82786 0.2068398 20.69195
0.5167998 0.509311 0.7435625 4.156106 1.519817 21.79882
0.5080108 0.5173676 0.7430742 -0.3935118 2.222107 21.47821
0.5011748 0.5041841 0.7482011 -2.042367 2.222107 20.72249
0.501419 0.5066255 0.7372148 -1.653054 2.405313 19.67669
0.49971 0.4968598 0.744539 -0.7522902 3.031267 18.54692
0.5028838 0.4895356 0.7369707 2.667557 2.794626 16.31791
0.501419 0.47977 0.7208574 6.568321 2.267909 14.57745
0.4977569 0.4631684 0.7152421 10.09504 2.084702 12.73012
0.4928741 0.4455903 0.7135332 14.11031 1.390046 11.40188
0.4843291 0.4253266 0.7057207 18.54542 0.3900459 10.14997
0.4728545 0.4023774 0.7120683 21.65229 -0.5030839 9.233939
0.4657744 0.3952973 0.7052324 23.57595 -1.411481 8.653787
0.4599151 0.3887055 0.6991289 23.74389 -2.129038 8.501115
0.4408721 0.3718598 0.6893632 23.14084 -3.167206 8.87516
0.4442901 0.365268 0.6842363 21.21718 -4.075603 10.07363
0.4516143 0.3608735 0.6822832 19.98817 -5.28171 11.38661
0.4445342 0.3562348 0.6800859 21.07977 -6.747359 11.85989
0.4547881 0.3428071 0.6930254 25.94237 -8.648123 12.18814
0.4481963 0.3447602 0.7049882 29.27825 -10.25117 13.1118
0.4599151 0.3647798 0.718416 35.03397 -11.51072 12.91333
0.4589385 0.3887055 0.7240312 38.44618 -12.72446 13.1805
0.4413604 0.3813813 0.7452714 40.40038 -13.18247 13.34081
0.4376983 0.3642915 0.7430742 42.35458 -12.52598 13.62325
0.4381866 0.3440278 0.7337968 44.04924 -12.58705 13.89806
0.454544 0.3354829 0.727205 47.09504 -13.01453 13.43241
0.46846 0.3401216 0.7279375 47.98817 -12.9611 13.44005
0.4691924 0.3428071 0.7420976 47.54542 -12.0756 13.98966
0.4813994 0.3537934 0.7372148 43.89656 -11.04507 15.82173
0.4862823 0.351352 0.7403886 42.67519 -10.71682 16.56982
0.4738311 0.3486665 0.7494218 38.85076 -9.289343 17.82936
0.4870147 0.3650239 0.7396562 36.179 -8.258809 18.42478
0.4867705 0.3660005 0.7384355 28.8355 -6.770259 20.16524
0.4745635 0.3794282 0.7452714 23.36985 -5.716825 21.16524
0.4638213 0.3940766 0.7633379 17.59122 -4.503084 22.19577
0.4567412 0.398227 0.7677324 12.95763 -3.762626 23.0431
0.4552764 0.3918794 0.7726152 10.26298 -2.915298 23.05073
0.4589385 0.3972505 0.7709062 9.362213 -1.709191 22.95913
0.4538116 0.3865083 0.760164 10.33931 -0.9992672 21.82936
0.4589385 0.3862641 0.7420976 12.0645 -0.1824732 20.9744
0.4662627 0.382602 0.7416093 13.8355 0.4816489 19.98966
0.4628448 0.3869966 0.7237871 15.55305 0.9320305 18.62325
0.4626006 0.3850434 0.7130449 15.59122 0.703023 18.34844
0.4652862 0.3838227 0.7057207 13.53779 1.321343 17.9515
0.4689483 0.3818696 0.6825273 11.30115 1.542717 17.48585
0.4657744 0.3713716 0.6874101 9.049236 1.901496 17.32554
0.4604033 0.3557466 0.6852129 8.820229 1.90913 16.89806
0.4523467 0.3396333 0.6737382 10.69046 1.183939 16.59272
0.4430694 0.3203462 0.6476152 14.9958 0.535084 15.56982
0.4254912 0.3176606 0.6434648 20.25534 -0.7931603 14.47058
0.4213408 0.3086274 0.619539 26.62176 -2.312244 13.42478
0.4220733 0.2969087 0.6163652 33.56832 -3.915298 12.74539
0.4206084 0.2900727 0.6014726 41.14847 -6.274076 11.60035
0.4247588 0.2761567 0.5970781 48.53778 -8.403847 10.49348
0.432083 0.2463716 0.5804765 59.47672 -10.52598 9.172871
0.4269561 0.2388032 0.5653398 67.86604 -12.48018 8.982031
0.4169463 0.1958345 0.5375078 74.96527 -15.17484 9.913328
0.4064483 0.1860688 0.5189531 77.9958 -18.15957 11.70722
0.3935088 0.1889985 0.5033281 76.50726 -20.8695 15.24921
0.3954619 0.2075532 0.4947832 73.11031 -23.03744 18.63852
0.392044 0.2178071 0.5108964 69.18665 -24.77026 21.76066
0.4015655 0.2329438 0.5216386 65.8126 -26.17484 24.47058
0.4218291 0.2378267 0.5272539 64.27061 -27.9611 25.9286
0.4206084 0.2202485 0.5377519 69.57596 -28.46492 26.73012
0.4267119 0.247104 0.5768144 67.96527 -30.08324 29.57745
0.4333037 0.2790864 0.5875566 71.65993 -29.82369 29.1576
0.3913115 0.2734712 0.5699785 77.04924 -30.42675 28.65379
0.3593291 0.2654145 0.5892656 86.93474 -32.0756 26.89043
0.3500518 0.2634614 0.5965898 95.55305 -32.68629 25.17287
0.3681182 0.2991059 0.605623 96.64466 -32.96873 25.42478
0.3415068 0.2251313 0.6478593 -17.63779 -15.03744 24.42478
0.3461455 0.2500337 0.6280839 -13.51565 6.42058 23.86753
0.3456572 0.2449067 0.6161211 -13.88969 5.580885 24.14997
0.353958 0.2268403 0.6327226 -13.57672 6.977832 24.40951
0.3532256 0.2383149 0.6410234 -12.9584 7.038901 24.49348
0.3629912 0.231479 0.6483476 -13.79809 6.474016 25.12707
0.3639678 0.2322114 0.6642168 -15.83626 8.489283 25.98203
0.3490752 0.2629731 0.6581132 -14.87443 8.825161 25.03547
0.338333 0.2490571 0.6520097 -15.38588 7.634321 25.9286
0.3317412 0.2751801 0.6617754 -18.03473 9.077068 27.34844
0.3190459 0.2815278 0.6466386 -17.43168 8.000732 26.51638
0.3361357 0.2534516 0.6312578 -16.75992 6.405313 26.50875
0.2824248 0.2605317 0.6529863 -13.81336 6.695389 25.81409
0.2702178 0.2720063 0.6258867 -10.30191 6.977832 25.35608
0.2621611 0.2822602 0.6009843 -7.004199 6.145771 25.62325
0.2829131 0.2944673 0.5809648 -4.187405 5.641954 25.45531
0.3549346 0.2915376 0.532625 0.1790075 3.519817 25.45531
0.3107451 0.2661469 0.5846269 -1.141603 4.306077 26.56218
0.2863311 0.2143892 0.5868242 18.36985 1.099969 21.81409
0.2831572 0.2490571 0.5775468 18.58359 0.7640915 24.51638
0.2763213 0.2422212 0.5860918 17.09504 -0.5412519 25.21867
0.2831572 0.2451509 0.5909746 14.04924 -1.022168 26.39425
0.2990264 0.2722505 0.5848711 10.8126 -1.640489 27.73775
0.3188018 0.2256196 0.6319902 15.94237 -1.045069 24.63089
0.3236846 0.2785981 0.6293046 16.25534 -1.182473 23.39425
0.3727568 0.3142426 0.5958574 3.362214 0.5808854 28.05073
0.4040069 0.3603852 0.6168535 3.011069 4.138137 26.44768
0.38179 0.3157075 0.6273515 0.9958014 4.496916 24.70722
0.3532256 0.3191255 0.650789 2.583588 5.764091 22.38661
0.3605498 0.3327973 0.6571367 1.362214 7.390046 20.89043
0.3749541 0.3342622 0.6908281 2.484351 9.351877 18.53928
0.3761748 0.3454926 0.7088945 7.011069 10.98547 14.76829
0.386917 0.3308442 0.7296464 10.82023 12.19157 11.24921
0.3781279 0.3423188 0.7298906 14.34695 14.22974 8.630885
0.3961943 0.3210786 0.7318437 19.0874 16.36714 5.737756
0.390335 0.3215669 0.6983964 21.0874 16.74119 3.592718
0.3859404 0.3325532 0.6771562 16.10267 18.00837 2.585085
0.3598174 0.3025239 0.6712968 10.47672 18.68776 2.592718
0.359085 0.2991059 0.6505449 4.43855 19.00073 3.104168
0.3478545 0.2805512 0.6366289 2.896565 18.65722 2.424778
0.3388213 0.2861665 0.6239336 0.5835876 17.86333 2.814091
0.3341826 0.2817719 0.6044023 0.6980915 17.51218 1.44768
0.3485869 0.274936 0.5978105 -2.034733 16.9702 2.371344
0.3566436 0.2466157 0.5773027 -0.1492367 16.72592 0.8369923
0.3778838 0.245395 0.5560625 -6.317176 16.07707 2.806458
0.3803252 0.2207368 0.5729082 -11.84389 17.91676 4.333176
0.3827666 0.2568696 0.5489824 -17.08817 16.86333 4.959129
0.3927764 0.2202485 0.5416582 -23.21794 18.07707 7.898061
