0.1147002 0.6987641 1.200838 -8.179771 1.924397 19.89806
0.1232451 0.6926606 1.203523 -8.164504 1.939664 19.67669
0.1225127 0.69852 1.204012 -7.53855 1.764091 19.54692
0.1222686 0.6992524 1.217439 -7.477481 1.817527 19.61562
0.1164092 0.6916841 1.20157 -7.393512 1.557985 19.61562
0.1217803 0.6994966 1.208406 -7.546184 1.565618 19.63089
0.1156768 0.696811 1.209383 -7.805725 1.802259 19.91333
0.1222686 0.6943696 1.197908 -8.34771 1.817527 19.75302
0.1154326 0.6941255 1.209383 -8.477481 2.008367 19.66905
0.1198272 0.6999848 1.203279 -8.45458 2.084702 19.77592
0.1237334 0.7034028 1.204012 -7.813359 1.588519 19.71486
0.1200713 0.6902192 1.204988 -7.75229 1.771725 19.58508
0.1225127 0.6946137 1.206697 -7.958397 1.809893 19.68432
0.1217803 0.7060884 1.206453 -7.828626 1.932031 19.70722
0.1188506 0.6963227 1.197908 -7.546184 1.771725 19.66905
0.1095732 0.6992524 1.199861 -7.508016 1.863328 19.73012
0.1190947 0.6914399 1.202303 -7.874428 1.832794 19.73012
0.1166533 0.7009614 1.200105 -7.866794 1.985466 19.38661
0.1215361 0.7012055 1.207674 -7.966031 1.573252 19.81409
0.1210479 0.6987641 1.205477 -8.042367 1.977832 19.91333
0.1186064 0.6970551 1.195955 -7.874428 1.809893 19.78356
0.1264189 0.6970551 1.205477 -7.927863 2.016 19.66142
0.1183623 0.6977876 1.218172 -7.973664 1.756458 19.78356
0.1129912 0.6919282 1.206209 -7.973664 1.970199 19.90569
0.1288604 0.6953462 1.213289 -8.141603 1.832794 19.70722
0.1159209 0.6990083 1.212801 -8.103436 1.901496 19.85226
0.1215361 0.6975434 1.210848 -7.874428 1.901496 19.77592
0.116165 0.6924165 1.211336 -7.546184 1.733557 19.66905
0.1103057 0.6977876 1.202791 -7.584351 1.863328 19.62325
0.1168975 0.6924165 1.201326 -7.973664 1.840427 19.78356
0.1217803 0.6997407 1.215242 -8.15687 2.20684 19.78356
0.1215361 0.7012055 1.205477 -7.996565 2.077069 19.75302
0.1244658 0.6907075 1.209871 -8.202672 2.107603 19.61562
0.1166533 0.6960786 1.21158 -8.034733 1.886229 19.79119
0.121292 0.7007173 1.208894 -8.004199 1.993099 19.57745
0.1188506 0.6977876 1.206941 -7.759924 1.779359 19.9973
0.1217803 0.6929048 1.204012 -7.767557 2.12287 19.66905
0.1105498 0.6965669 1.210115 -8.103436 1.855695 19.74539
0.1227568 0.6982759 1.204988 -8.011832 2.298443 19.40951
0.1208037 0.6924165 1.206453 -8.309542 1.786992 19.74539
0.1220244 0.7009614 1.202059 -8.179771 2.466382 19.49348
0.1168975 0.6958344 1.206209 -8.446947 1.588519 19.9515
0.1237334 0.6970551 1.204256 -8.088168 2.443481 19.58508
0.1222686 0.7007173 1.20157 -8.408779 1.596153 19.80646
0.1166533 0.6919282 1.213533 -7.981298 2.252641 19.53928
0.1208037 0.7009614 1.202059 -8.195038 1.672488 19.91333
0.1222686 0.6904634 1.212312 -7.927863 2.161038 19.54692
0.1273955 0.6999848 1.202303 -7.53855 1.443481 19.67669
0.116165 0.6963227 1.206697 -7.83626 2.016 19.82936
0.1286162 0.6970551 1.201082 -7.569084 1.580885 19.56982
0.1115264 0.6970551 1.205232 -7.508016 1.664855 19.75302
0.1242217 0.6970551 1.202547 -7.874428 2.130504 19.56982
0.1122588 0.69852 1.207918 -8.217939 1.825161 19.51638
0.1183623 0.6899751 1.204012 -8.065268 1.924397 19.59272
0.1166533 0.7004731 1.202303 -8.164504 1.779359 19.81409
0.1217803 0.7021821 1.210115 -7.94313 1.977832 19.80646
0.1261748 0.6994966 1.207674 -7.927863 1.90913 19.63089
0.1107939 0.7004731 1.20743 -8.15687 1.664855 19.80646
0.1220244 0.6924165 1.213045 -8.057633 2.077069 19.76066
0.1225127 0.7036469 1.196199 -8.378244 1.764091 19.85989
0.1325225 0.6916841 1.206941 -7.668321 2.31371 19.60798
0.1183623 0.6982759 1.204744 -7.813359 1.779359 19.53165
0.121292 0.6909516 1.203523 -8.004199 1.90913 19.72249
0.1173857 0.6994966 1.20035 -8.172137 1.947298 19.65379
0.1088408 0.6899751 1.205477 -8.378244 2.038901 19.82173
0.1198272 0.6990083 1.208162 -8.393512 1.878595 19.82936
0.1188506 0.6977876 1.197908 -8.309542 1.748824 19.69195
0.1193389 0.6972993 1.205477 -8.225573 1.924397 19.82173
0.1193389 0.6921723 1.209871 -8.202672 1.664855 19.71486
0.1168975 0.69852 1.210848 -8.080534 1.886229 19.79119
0.121292 0.700229 1.214998 -7.737023 1.947298 19.60798
0.1220244 0.6943696 1.206209 -7.637786 2.000733 19.57745
0.1154326 0.6924165 1.204256 -7.607252 1.924397 19.78356
0.1193389 0.6929048 1.204988 -7.744657 1.748824 19.61562
0.1181182 0.6982759 1.202791 -7.53855 1.779359 19.66905
0.1200713 0.7014497 1.203035 -8.095801 1.947298 19.73012
0.1159209 0.6972993 1.207918 -8.172137 1.817527 19.89043
0.1149443 0.6960786 1.204744 -8.149237 1.817527 19.60798
0.1222686 0.6899751 1.208894 -7.935496 2.107603 19.69959
0.1176299 0.701938 1.211336 -7.767557 1.725924 19.68432
0.1225127 0.6941255 1.198641 -7.492748 1.687756 19.62325
0.117874 0.6943696 1.202547 -7.576718 1.657221 19.56218
0.1186064 0.7009614 1.198641 -7.668321 1.71829 19.62325
0.1147002 0.6980317 1.210359 -7.569084 1.771725 19.63852
0.1232451 0.6992524 1.202547 -7.805725 1.733557 19.71486
0.1142119 0.695102 1.201814 -8.0271 1.588519 19.73775
0.1242217 0.7004731 1.206941 -8.088168 1.573252 19.61562
0.1217803 0.69852 1.202547 -8.446947 1.748824 19.81409
0.1217803 0.6960786 1.212557 -8.34771 2.008367 19.91333
0.1193389 0.696811 1.207918 -8.446947 2.016 19.72249
0.121292 0.695102 1.21451 -8.133969 1.848061 19.89043
0.1193389 0.6992524 1.209627 -7.83626 2.161038 19.75302
0.1225127 0.6955903 1.198885 -7.904962 2.023633 19.74539
0.1188506 0.6975434 1.202303 -7.950764 1.893863 19.85226
0.1183623 0.6943696 1.212801 -7.675954 1.939664 19.62325
0.1171416 0.6999848 1.210359 -7.286641 1.733557 19.37134
0.1186064 0.6926606 1.196199 -7.721756 1.817527 19.64615
0.1166533 0.6924165 1.199861 -7.958397 1.63432 19.78356
0.1181182 0.6916841 1.208406 -7.958397 1.542717 19.63089
0.1242217 0.6980317 1.202059 -7.851527 1.809893 19.67669
0.1227568 0.695102 1.204256 -8.065268 1.535084 19.82936
0.1188506 0.6931489 1.216707 -7.973664 1.710656 19.76066
0.1181182 0.6953462 1.204256 -8.256107 1.771725 19.83699
0.1200713 0.6948579 1.211092 -7.851527 1.916763 19.69959
0.1139678 0.6992524 1.194002 -7.675954 1.687756 19.79882
0.1205596 0.6931489 1.204988 -8.042367 1.878595 19.71486
0.1242217 0.7012055 1.198152 -8.019465 1.687756 19.9515
0.1168975 0.695102 1.203523 -8.149237 1.573252 19.84463
0.1129912 0.7012055 1.214021 -7.889695 1.825161 19.63089
0.1193389 0.7004731 1.212312 -7.775191 1.641954 19.60035
0.1251982 0.6926606 1.207186 -7.851527 1.764091 19.85989
0.1198272 0.6963227 1.191316 -7.912596 1.748824 19.65379
0.1198272 0.7021821 1.203768 -7.820992 1.61142 19.9515
0.117874 0.7004731 1.209139 -7.912596 1.932031 19.66142
0.1225127 0.6994966 1.195467 -7.973664 1.794626 19.79119
0.1200713 0.6980317 1.202303 -8.294275 1.695389 19.98966
0.1225127 0.6970551 1.203279 -8.118702 1.809893 19.92096
0.119583 0.7021821 1.205232 -7.973664 1.825161 19.69959
0.1134795 0.6999848 1.204744 -8.126336 1.893863 19.90569
0.1186064 0.6992524 1.205477 -7.988932 1.703023 19.76829
0.117874 0.6931489 1.204988 -8.217939 1.779359 19.82173
0.1217803 0.7024262 1.201082 -8.133969 1.680122 19.88279
0.12471 0.6914399 1.203523 -7.782825 1.741191 19.78356
0.1200713 0.6921723 1.209383 -7.927863 1.840427 19.65379
0.1220244 0.7009614 1.204744 -7.851527 1.932031 19.65379
0.116165 0.6955903 1.217195 -7.927863 1.580885 19.66905
0.1183623 0.6972993 1.207674 -7.790458 1.970199 19.9973
0.1222686 0.6990083 1.207918 -7.981298 1.886229 19.89806
0.116165 0.6999848 1.199861 -8.095801 1.733557 19.79882
0.1151885 0.695102 1.205232 -8.149237 1.687756 19.79119
0.1183623 0.6975434 1.212312 -8.195038 1.802259 19.92859
0.1159209 0.6992524 1.21451 -8.385878 1.878595 19.87516
0.1244658 0.6970551 1.207674 -8.103436 1.901496 19.9973
0.1237334 0.700229 1.201326 -8.202672 1.771725 19.82173
0.1168975 0.6982759 1.207186 -7.94313 2.031267 19.45531
0.1164092 0.6982759 1.198885 -7.569084 1.703023 19.65379
0.1208037 0.6999848 1.198641 -7.683588 1.840427 19.63852
0.1208037 0.69852 1.206453 -7.515649 1.848061 19.47821
0.1154326 0.6994966 1.20743 -7.798092 1.764091 19.67669
0.1237334 0.696811 1.202059 -8.126336 1.817527 19.9973
0.1222686 0.6914399 1.209627 -8.401145 2.061801 19.82936
0.1217803 0.6941255 1.205965 -8.210305 2.000733 19.76066
0.121292 0.7012055 1.202059 -8.301908 2.077069 19.79119
0.117874 0.6921723 1.209871 -8.088168 2.107603 19.52402
0.1254424 0.7012055 1.209383 -8.057633 1.794626 19.9515
0.123001 0.7021821 1.204012 -7.882061 2.20684 19.62325
0.1200713 0.700229 1.206209 -7.981298 2.023633 19.64615
0.116165 0.6931489 1.206453 -7.935496 2.016 19.59272
0.1251982 0.7063325 1.203523 -8.057633 2.069435 19.62325
0.1159209 0.6992524 1.203523 -8.0271 1.947298 19.69195
