0.4677969 -1.28401 -0.06165135 -52.25438 172.864 -80.548
0.4826894 -1.243239 -0.06165135 -46.67423 165.1235 -73.82281
0.494164 -1.183668 -0.06165135 -43.01011 153.9098 -67.31136
0.5058828 -1.086501 -0.06165135 -42.49102 145.2151 -59.99075
0.5342031 -1.063795 -0.06165135 -41.43759 136.4976 -54.30372
0.5595937 -1.018385 -0.06165135 -39.20095 127.0014 -48.83044
0.577416 -0.9898209 -0.06165135 -38.92614 120.2456 -43.02128
0.5783926 -0.9654068 -0.06165135 -38.38415 113.4976 -37.49456
0.6018301 -0.9514908 -0.06165135 -38.01774 107.7647 -31.13579
0.6194082 -0.9297623 -0.06165135 -37.30018 101.1388 -26.18922
0.6220937 -0.9065689 -0.06165135 -36.19331 95.19221 -20.99075
0.6281972 -0.8814224 -0.06165135 -35.46049 88.7571 -15.71594
0.6303945 -0.8584732 -0.06165135 -34.19331 81.72656 -10.78464
0.6203847 -0.8150162 -0.06165135 -32.63606 74.8487 -6.899145
0.6284414 -0.7552017 -0.03577244 -30.43759 67.88686 -3.425862
0.6340566 -0.7415298 -0.03333104 -26.58262 61.12351 1.650473
0.6450429 -0.7552017 0.002557635 -14.95667 57.88687 5.001618
0.6494375 -0.7324966 0.02892482 4.066229 55.15405 8.978718
0.6557851 -0.6453384 0.1063174 14.39447 48.61969 7.589405
0.6653066 -0.521315 0.1192569 16.89066 36.54336 12.17719
0.6938711 -0.2171157 0.2374209 -18.36889 28.51283 -7.937313
0.7329336 -0.3115982 0.2615908 -35.9414 16.8487 22.88711
0.7448965 -0.5584244 0.225458 -31.91087 15.30672 7.23826
0.7783437 -0.4619888 0.3072451 -33.88034 7.306717 13.39093
0.818627 -0.5259537 0.3319033 -35.26202 3.818168 14.35276
0.8740469 -0.5093521 0.418085 -37.52156 -0.7085497 14.3604
0.9043203 -0.5100845 0.4608096 -39.13224 -3.41084 19.20009
0.9197012 -0.5303482 0.5167178 -40.804 -6.494809 18.24589
0.9707266 -0.5266861 0.5582217 -42.49866 -7.288702 20.88711
0.9568106 -0.5603775 0.5728702 -42.95667 -8.777252 23.5665
0.9721914 -0.5703873 0.5958194 -44.32308 -10.1284 23.23063
0.9792715 -0.5918716 0.6146182 -44.69713 -12.07496 25.80314
0.974877 -0.6204361 0.624628 -46.84217 -12.37267 26.37566
0.9614492 -0.6560806 0.6168155 -49.15514 -13.23527 29.32223
0.9382559 -0.710524 0.5787295 -52.72766 -15.73908 31.74208
0.9350821 -0.7544693 0.5550479 -57.03301 -19.86885 35.3833
0.922875 -0.802565 0.548212 -62.72003 -23.85359 39.13139
0.9236074 -0.9864029 0.6126651 -71.37652 -36.97572 52.94055
0.9128653 -1.023024 0.6373233 -71.64369 -39.47954 56.74208
0.9092031 -1.076979 0.6754092 -68.09408 -46.25053 58.13139
0.9616934 -1.090407 0.7447452 -64.93377 -47.74672 61.45964
0.9404531 -1.124342 0.765253 -59.34599 -50.52534 66.67338
0.9502188 -1.157301 0.798212 -54.58263 -50.99863 67.07796
0.9582754 -1.171217 0.8323916 -51.62843 -53.18183 74.452
0.9616934 -1.214186 0.8609561 -48.96431 -54.36504 79.34513
1.013207 -1.243971 0.8594913 -45.96431 -51.62458 85.03979
0.9631582 -1.281813 0.8472842 -43.70476 -58.1513 90.76498
1.030297 -1.304274 0.8804873 -41.81163 -55.45664 97.60468
1.005395 -1.307936 0.9009952 -42.36125 -55.43374 108.5665
1.002221 -1.359938 0.8519229 -46.51392 -53.20473 119.6428
0.9934317 -1.388258 0.8358096 -50.59026 -53.56351 128.8566
1.01809 -1.424391 0.8135928 -53.38415 -52.89175 141.1008
1.016625 -1.432448 0.7716006 -55.16278 -53.73145 152.2535
1.027367 -1.405836 0.7330264 -56.59789 -54.1971 163.5741
1.00393 -1.412428 0.7174014 -58.08644 -56.41847 170.6963
1.008568 -1.372877 0.6839541 -57.51392 -56.79252 179.9787
0.9763418 -1.351393 0.6285342 -56.55209 -58.86885 188.1314
0.9509512 -1.302077 0.563837 -54.63606 -61.09786 195.0398
0.9360586 -1.301344 0.5218448 -49.62843 -64.31924 200.5894
0.8996817 -1.235915 0.461542 -45.54446 -68.34978 205.6734
0.8799063 -1.202956 0.3939151 -42.56736 -73.50245 209.994
0.5661855 -0.4192642 -0.03943455 -32.43759 109.8105 1.04742
0.7097402 -0.6282486 0.239374 -17.32308 33.67313 -1.799908
0.7248769 -0.6797623 0.2508487 -17.42232 29.31435 -0.6548701
0.6980215 -0.7801041 0.2530459 -14.72766 25.8945 3.520702
0.6928945 -0.8404068 0.2388858 -13.33835 21.49756 7.200092
0.6777578 -0.8914322 0.216669 -16.23148 17.26855 13.36803
0.6753164 -0.9141373 0.2232608 -19.97194 11.71893 19.68864
0.6811758 -0.922438 0.176874 -27.63606 7.810534 30.13139
0.6684804 -1.020338 0.1319522 -30.46049 -0.8383207 38.15429
0.7019277 -1.062086 0.09069241 -27.13224 -3.487176 39.74208
0.7126699 -0.9890884 0.1365908 -33.37652 -12.18947 50.16193
0.7136465 -1.019118 0.145624 -36.39178 -17.07496 55.76498
0.7348867 -0.9907974 0.1649112 -39.71239 -23.76199 64.3604
0.7380605 -0.988356 0.1927432 -43.01011 -28.29634 69.97108
0.7356191 -0.957106 0.1724795 -43.76583 -32.37267 76.71918
0.7622304 -0.9497818 0.1778506 -46.81163 -40.38794 79.67338
0.7990957 -0.9058365 0.2112979 -49.90324 -43.85359 86.68101
0.815209 -0.865065 0.2415713 -53.30782 -49.29633 91.15429
0.8330313 -0.8926529 0.2608584 -57.07117 -55.05206 96.00925
0.8772207 -0.9126724 0.2979678 -59.35362 -60.25817 100.3604
0.9096914 -0.9063248 0.3441104 -60.26202 -66.28107 100.3222
0.9463125 -0.9004654 0.3709658 -66.02538 -70.76199 107.7955
0.9760977 -1.015456 0.4429873 -68.88797 -72.55588 111.2917
0.9580313 -1.035475 0.445917 -68.61316 -73.41084 121.0322
0.992211 -1.131178 0.4676455 -71.23148 -77.96046 121.0932
1.002221 -1.221022 0.5228213 -70.68186 -76.43375 130.7573
0.9909903 -1.295241 0.510126 -64.72003 -76.50245 136.994
0.9443594 -1.310133 0.494501 -66.10934 -77.05206 144.368
0.9167715 -1.463942 0.4053897 -66.42232 -81.41084 157.368
0.8921133 -1.570876 0.2943057 -54.00247 -80.59405 160.6276
0.8437735 -1.508131 0.258417 -49.10934 -84.67802 170.1772
0.7846914 -1.491042 0.1903018 -46.27728 -89.73909 179.452
0.7307363 -1.495436 0.0972842 -43.19331 -96.43375 187.9024
0.690209 -1.498366 0.005731463 -41.07117 -103.678 197.3528
0.6665273 -1.48445 -0.05432713 -39.05591 -113.5406 205.1161
0.6762929 -1.449294 -0.06165135 -38.38415 -123.7085 212.9711
0.6814199 -1.452467 -0.06018651 -36.33835 -134.4261 220.9253
0.7082754 -1.461989 0.003290057 -33.44522 -144.3803 227.9634
0.7580801 -1.458815 0.08629787 -30.84217 -152.2811 235.6199
0.8032461 -1.456618 0.1527041 -26.83453 -159.0063 242.9711
0.8694082 -1.444411 0.2342471 -20.6666 -164.449 248.6886
0.9294668 -1.420973 0.3138369 -13.8727 -169.2887 251.6963
0.9795156 -1.391676 0.3690127 -5.544458 -173.0368 251.6963
1.023461 -1.351393 0.4327334 5.157832 -176.5712 251.6963
1.050561 -1.313307 0.4593448 14.38684 -178.7009 251.6963
1.080834 -1.242506 0.5054873 24.16547 -181.1131 251.6963
1.094018 -1.18611 0.5294131 33.2876 -183.0826 251.6963
1.106957 -1.146315 0.5567569 42.62348 -183.6017 251.6963
1.111107 -1.107741 0.5772647 52.42501 -183.991 251.6963
1.08352 -1.097731 0.5372256 62.76089 -182.9147 251.6963
1.070092 -1.074049 0.4471377 70.30287 -183.2582 251.6963
1.037865 -1.070631 0.364374 74.18073 -184.2887 251.6963
1.014428 -1.031081 0.2916201 73.48608 -186.3956 251.6963
0.9873281 -1.00569 0.1966494 68.76852 -190.4261 251.6963
0.9909903 -0.9781021 0.135126 59.69218 -194.4566 251.6963
0.9968496 -0.9168228 0.08434475 49.2189 -199.9223 251.6963
1.005395 -0.8665298 0.06505764 36.85249 -207.5101 251.6963
1.002709 -0.7710709 0.06994045 23.92119 -215.1513 251.6963
1.067162 -0.6856216 0.09679592 12.01279 -222.0063 251.6963
1.104272 -0.5904068 0.1841983 4.730351 -229.4108 251.6963
1.151635 -0.4607681 0.2733096 -2.681863 -236.3879 251.6963
1.230004 -0.5083755 0.2611026 6.547145 -240.304 251.6963
1.213402 -0.3218521 0.5338077 14.63111 -248.4261 251.6963
1.387475 -0.0186294 0.586542 15.89829 -252.6857 251.6963
1.345971 0.0360581 0.8467959 5.631114 -246.4337 251.6963
1.428002 0.6293198 1.067743 -26.70476 -254.2429 251.6963
1.40432 0.04020849 0.9122256 -28.55209 -251.5559 251.6963
1.372338 0.1373765 1.033808 -25.23148 -254.2429 251.6963
1.255639 0.2367417 1.231806 -27.53682 -254.2429 251.6963
1.37307 0.2081772 1.256464 -24.65896 -254.2429 251.6963
1.319115 0.2352768 1.455927 -18.8269 -254.2429 251.6963
1.443139 0.3185288 1.53747 -27.10934 -252.3727 251.6963
1.416283 0.2174546 1.810907 -19.07117 -230.9757 251.6963
1.44265 0.153978 1.830683 -13.14751 -218.1131 251.6963
1.357689 0.1674057 1.974726 -13.63606 -198.6398 251.6963
1.411156 0.1639878 2.116083 -5.391787 -187.8307 251.6963
1.302025 0.1320054 2.18371 11.14256 -184.5101 251.6963
1.327416 0.1761948 2.179071 16.3334 -163.075 251.6963
1.261498 0.20598 2.267939 25.51661 -144.1971 251.6963
1.16018 0.2740952 2.340693 42.88302 -122.8994 251.6963
1.090356 0.3488022 2.312372 39.34867 -114.9834 251.6963
1.030541 0.3192612 2.391718 54.65401 -116.0139 251.6963
0.9616934 0.4598862 2.348261 57.37157 -116.4795 246.6276
0.9028555 0.5961166 2.420038 59.20364 -119.3727 235.9558
0.9284903 0.6769272 2.260614 56.92119 -113.0292 226.3986
0.9719473 0.7511459 2.209345 58.85249 -100.3345 221.994
0.9065176 0.8614975 2.178095 59.55478 -89.50245 217.0169
0.8159414 1.00554 2.109003 55.69982 -83.38031 213.4291
0.5056386 -1.313307 0.1270694 -85.39178 -161.846 163.0932
