0.6261748 -0.1327788 0.642 -18.12634 34.19921 -3.758427
0.6432647 -0.1425444 0.6427324 -17.69122 34.66486 -4.628656
0.6481475 -0.1532866 0.6471269 -16.44695 35.30608 -5.659191
0.6603545 -0.1652495 0.6437089 -13.9584 35.64196 -6.766062
0.6544951 -0.1691558 0.6510332 -11.32481 36.09997 -7.704992
0.6544951 -0.1737944 0.652498 -8.882061 36.45875 -8.956902
0.6566924 -0.1820952 0.6634843 -7.080534 37.00073 -9.758427
0.6454619 -0.1850249 0.6671464 -5.088168 37.45875 -10.38438
0.6432647 -0.1884429 0.6734941 -2.828626 38.14577 -11.21644
0.6413116 -0.1991851 0.6766679 -0.7675576 38.80989 -12.12484
0.6374053 -0.2016265 0.6798418 1.575954 39.48928 -12.96453
0.6300811 -0.2050444 0.6866777 3.240077 40.35188 -13.68973
0.6305694 -0.2021147 0.6827714 4.858397 41.19157 -14.67446
0.6374053 -0.2118804 0.6849687 5.934733 41.93203 -15.39965
0.6410674 -0.2143218 0.6849687 5.774427 42.57325 -16.22408
0.6457061 -0.2004058 0.6915605 4.591221 43.27554 -16.72026
0.6554717 -0.1996733 0.685457 2.65229 44.03127 -17.13247
0.6901397 -0.1838042 0.6847246 -0.7828245 44.68012 -17.26224
0.715042 -0.173062 0.6966875 -3.431679 45.68776 -17.99507
0.734085 -0.1523101 0.7262285 -5.546184 48.41295 -19.63629
0.845169 -0.219937 0.52408 -14.83626 21.23737 -2.399649
0.8222198 -0.2568023 0.5963457 -13.15687 3.283175 -0.6439228
0.8566436 -0.2301909 0.6146562 -15.05 1.237374 -0.07140541
0.8666533 -0.2362944 0.6258867 -14.53855 -1.403847 -0.3996487
0.8839873 -0.2038237 0.6556718 -15.66832 -2.938199 -0.773695
0.9223174 -0.204312 0.6673906 -15.43931 -5.144305 -0.7202587
0.9552764 -0.1862456 0.6881425 -15.12634 -6.365679 -3.094305
0.9643096 -0.1808745 0.6947343 -14.80573 -7.831328 -4.292778
0.9989776 -0.2099272 0.7174394 -10.12634 -9.38858 -6.033237
1.043411 -0.1884429 0.7342851 -9.393512 -10.50308 -7.99507
1.072464 -0.1601226 0.727205 -7.721756 -10.92293 -9.895832
1.115433 -0.1825835 0.7381914 -5.43168 -11.04507 -11.01797
1.144241 -0.1801421 0.7435625 -5.744657 -10.73209 -11.97217
1.176468 -0.1708647 0.7330644 -5.179771 -11.02217 -12.52179
1.208206 -0.1867339 0.7425859 -4.94313 -10.28171 -12.55232
1.227249 -0.2099272 0.7369707 -1.668321 -8.823694 -12.49888
1.226028 -0.2350737 0.7296464 1.659923 -8.037436 -11.17064
1.223099 -0.2284819 0.7281816 2.812595 -7.892397 -9.300413
1.211136 -0.2255522 0.7298906 5.346946 -6.999267 -7.201176
1.199173 -0.2472808 0.758455 7.026336 -6.006901 -4.643923
1.176468 -0.2428862 0.7672441 8.728626 -4.136672 -2.514153
1.147903 -0.2377593 0.7748125 10.11031 -2.182473 0.1118011
1.109817 -0.2253081 0.7818925 9.324047 -0.1519389 2.592718
1.083938 -0.2018706 0.7865312 6.65229 1.626687 5.310275
1.050735 -0.1947905 0.8087481 3.324046 3.596153 7.66142
1.036331 -0.173062 0.8236406 -0.4316797 6.428214 9.409512
1.009476 -0.162564 0.8233965 -3.843893 9.206841 10.55455
0.9970244 -0.1598784 0.8097246 -6.508016 11.42821 11.51638
0.9987334 -0.1510894 0.8067949 -9.133969 12.9015 12.10417
1.003616 -0.1545073 0.8002031 -8.85916 14.83279 11.96676
1.004593 -0.1513335 0.8111895 -6.72939 17.43585 11.25684
0.9950713 -0.1415679 0.796541 -3.767557 19.65722 9.753023
0.9892119 -0.1286284 0.7919023 -0.9049621 22.02363 8.814092
0.9818877 -0.1186187 0.7928789 1.255343 24.016 6.943863
0.9699248 -0.1042144 0.7923906 3.201909 26.16867 5.195771
0.9535674 -0.09249561 0.7816484 4.049237 28.09997 3.371344
0.93721 -0.09200733 0.7621171 5.148473 29.29081 1.844625
0.9293975 -0.1059233 0.7555254 7.003435 30.49692 0.07363319
0.9191436 -0.1083647 0.7333086 8.927099 31.63432 -1.208809
0.9169463 -0.1249663 0.71158 11.0416 32.09234 -2.529419
0.9066924 -0.1359526 0.6966875 12.98054 32.32898 -3.834763
0.9040069 -0.1513335 0.6683671 14.88893 32.21447 -4.605755
0.8932647 -0.1444976 0.6551836 16.13321 31.71066 -5.201176
0.8888701 -0.1650054 0.6244218 17.63702 30.55035 -5.42255
0.8788604 -0.1752593 0.6200273 19.00344 29.23737 -5.712626
0.8634795 -0.1818511 0.605623 20.95763 27.91676 -6.056137
0.8585967 -0.1911284 0.588289 22.98054 26.20684 -6.033237
0.8620147 -0.2040679 0.5807207 24.33168 24.16867 -5.979801
0.855667 -0.216519 0.5758379 25.75916 21.80989 -5.720259
0.8576201 -0.2170073 0.5682695 27.89657 19.9931 -5.55232
0.8563994 -0.2287261 0.5575273 28.59886 16.69539 -5.086672
0.8642119 -0.2306792 0.5711992 29.0416 13.65722 -4.353848
0.8864287 -0.2472808 0.5641191 22.15611 4.099969 0.03546524
0.8874053 -0.2558257 0.5668046 18.20954 1.153404 2.058367
0.8754424 -0.2611968 0.5716875 14.0416 -2.159573 4.340809
0.878128 -0.2697417 0.5921953 7.659923 -5.663389 7.340809
0.8722686 -0.2707183 0.5948808 3.041603 -8.312244 9.707221
0.8656768 -0.2629058 0.6117265 -2.759924 -11.25117 12.54692
0.8500518 -0.2394683 0.6251543 -11.65305 -13.80079 15.62325
0.8505401 -0.2282378 0.6283281 -18.68359 -17.73209 18.47821
0.8493194 -0.2048003 0.6625078 -27.05763 -19.95347 20.67669
0.8717803 -0.190396 0.6944902 -33.75229 -21.93056 22.24921
0.9196319 -0.1864898 0.7015703 -41.32481 -23.03744 24.05837
0.9579619 -0.1755034 0.7003496 -45.94313 -23.99163 24.27974
0.9992217 -0.1632964 0.7123125 -48.82863 -24.8695 24.56982
1.051224 -0.1613433 0.7162187 -50.85916 -25.82369 23.93623
1.082474 -0.1518218 0.7257402 -51.84389 -26.44202 23.14234
1.099808 -0.1547515 0.7291582 -50.96603 -26.67102 22.66142
1.090774 -0.162564 0.7196367 -50.87443 -27.73973 22.36371
1.057327 -0.1535308 0.7403886 -50.9126 -28.70919 22.47058
1.022171 -0.1501128 0.77408 -50.87443 -29.08324 22.67669
0.9877471 -0.14523 0.7933671 -50.25611 -29.15194 22.63089
0.9745635 -0.1393706 0.7984941 -49.15687 -28.61759 22.21867
0.9491729 -0.1376616 0.8238848 -47.68359 -28.64812 22.43241
0.9547881 -0.1359526 0.834627 -46.21794 -27.95347 22.0889
0.9647979 -0.1354644 0.8448809 -43.24084 -27.31988 21.54692
0.987503 -0.1210601 0.864168 -40.31718 -26.0069 20.87516
1.021194 -0.09884327 0.8707598 -40.17214 -24.52599 20.64615
1.061966 -0.05807178 0.8824785 -44.86679 -22.12904 20.31027
1.098343 0.00320752 0.8956621 -55.08054 -19.29698 20.85226
1.102493 0.05203564 0.9037188 -67.36298 -16.64812 21.37898
1.138626 0.08108837 0.8978594 -84.79046 -12.48018 24.65379
1.154007 0.07205517 0.879793 -99.13396 -10.15194 26.49348
1.065628 0.1365083 0.9305742 -107.5844 -6.067969 23.21867
1.027542 0.1355317 0.9393633 -110.3935 -3.556519 19.42478
0.9860381 0.1040376 0.9737871 -108.1111 -0.724458 15.98966
0.9499053 0.08011181 0.9972246 -102.0195 2.138137 12.52402
0.9345244 0.05740674 0.9999102 -89.56145 4.596153 8.020199
0.9062041 0.04642041 1.018709 -78.43168 8.031267 4.165237
0.9071807 0.03152783 1.014314 -65.9584 10.89386 0.5163822
0.685501 -0.6842925 0.7579668 12.24008 -7.984 -18.71263
0.7160186 -0.6093413 0.8409746 5.369847 0.8251602 -7.399649
0.7033233 -0.7863433 0.7550371 18.53779 -4.77026 -1.132473
0.685501 -0.7729156 0.7748125 30.0874 -3.419115 -1.31568
0.7209014 -0.6376616 0.8678301 44.49198 -6.312244 0.8522587
0.7350616 -0.6220366 0.9144609 43.0187 3.092336 3.829359
0.7348174 -0.5832183 0.8504961 41.14847 5.786993 5.66142
0.6293487 -0.534146 0.8146074 34.20191 3.298443 12.00493
0.7025908 -0.4067046 0.8912676 24.25534 6.870962 10.51638
0.777542 -0.4723784 0.8768633 25.0645 8.42058 11.78356
0.8356475 -0.4770171 0.8707598 23.12557 13.36715 12.27211
0.966751 -0.4657866 0.8548906 28.40038 15.00073 12.46295
1.115433 -0.3957183 0.846834 23.17138 23.04653 13.00493
1.180862 -0.3888824 0.7899492 14.51488 31.06943 14.47058
1.180374 -0.384732 0.7315996 5.148473 35.0389 17.9973
1.147903 -0.3703277 0.671541 -4.179771 38.62669 22.65379
1.070022 -0.2748687 0.5907304 -13.77519 38.81753 24.24921
0.938919 -0.273648 0.5755937 -16.25611 32.70303 24.74539
0.857376 -0.2497222 0.5936601 -19.82099 34.1534 25.2034
0.8056182 -0.2194487 0.5680254 -18.42405 30.80226 25.96676
0.7868194 -0.1794097 0.588289 -17.73702 28.1534 24.34081
0.7711944 -0.1715972 0.6078203 -12.1416 25.65722 21.41714
0.7724151 -0.159146 0.6227129 -7.141603 25.14577 18.83699
0.7694854 -0.1457183 0.6395586 -1.966031 23.93203 15.71486
0.7782744 -0.1364409 0.6595781 2.324046 22.26791 12.93623
0.7836455 -0.1217925 0.6788652 6.125573 22.00073 10.14234
0.7860869 -0.1061675 0.6947343 8.812595 22.40531 7.356076
0.8002471 -0.09322803 0.6896074 11.11031 23.13814 4.088902
0.7899932 -0.07833545 0.6891191 13.0645 22.97783 0.4782143
0.784378 -0.08370655 0.6766679 12.78206 23.44348 -2.941633
0.7836455 -0.1188628 0.6825273 16.0874 22.1076 -6.178274
0.7790069 -0.133023 0.6891191 18.22481 23.09997 -9.521786
0.777542 -0.155728 0.6798418 19.98817 23.46638 -12.81186
0.7716826 -0.1894194 0.6676347 22.43092 23.55798 -15.58285
0.7814483 -0.2045562 0.6503007 23.36985 23.34424 -17.44545
0.7055205 -0.09689014 0.6268632 6.369847 22.11524 -18.62102
0.751419 -0.2919585 0.6481035 10.61412 23.54272 -17.65919
0.7443389 -0.362271 0.605623 31.16374 22.95493 -22.92637
0.7704619 -0.3051421 0.5670488 36.07977 19.31371 -23.53705
0.8910674 -0.2655913 0.5633867 30.79733 19.35951 -19.61339
