1.10347 -0.08907764 1.12076 -22.34008 -9.564153 39.73012
1.090774 -0.08565968 1.116609 -25.75992 -10.33515 41.9973
1.095657 -0.08810108 1.112459 -29.21794 -11.22064 44.53165
1.088089 -0.1037261 1.112947 -31.80573 -11.48018 46.43241
1.088333 -0.1037261 1.109285 -33.63779 -12.03744 48.39425
1.063187 -0.1076323 1.112215 -33.67595 -13.11377 50.31791
1.054397 -0.1029937 1.103914 -34.56908 -13.44965 52.31791
1.043899 -0.1076323 1.11075 -33.11107 -13.88476 53.67669
1.045853 -0.1081206 1.110262 -29.92786 -14.32751 54.62325
1.048294 -0.1090972 1.118318 -25.98893 -15.01453 55.44005
1.050247 -0.1078765 1.115633 -21.04237 -14.9153 55.98203
1.056595 -0.1103179 1.118807 -16.52328 -14.61759 56.57745
1.066849 -0.09615772 1.120027 -11.56908 -14.8695 56.85226
0.923294 -0.03829639 1.093416 -6.851527 29.91676 0.8369923
2.219864 0.3139985 1.517 -30.40878 45.66486 27.74539
1.874466 -0.01656787 1.121492 -38.17214 15.60379 34.37135
2.219864 0.07815869 1.372713 -36.30954 -11.18247 35.9286
2.219864 -0.006069824 1.128084 -5.553817 -20.49545 26.33318
2.138382 -0.00826709 0.846834 -5.546184 -21.34278 26.69195
2.105667 0.001986817 0.7518632 -6.805725 -10.26644 27.31027
2.012894 -0.09298389 0.8055742 -1.080534 -2.06797 23.52402
1.75264 -0.06100147 0.9037188 3.827862 3.077069 21.37898
1.474075 -0.03316943 1.124666 -1.469848 2.260275 22.27211
1.214065 -0.01803271 1.269197 -6.851527 -1.289344 24.62325
1.017288 0.00711377 1.311922 -11.46221 -3.831328 27.05073
0.7560576 0.04739697 1.345125 -10.56908 -2.945832 28.49348
0.5895537 0.07132275 1.37076 -10.04237 -2.335145 30.90569
0.596878 0.04739697 1.40323 -7.271374 -2.49545 31.42478
0.7101592 0.02420361 1.407381 1.079771 -4.060336 29.34081
0.8878936 0.0493501 1.29117 7.186641 -3.419115 27.29501
1.041946 0.03274853 1.232088 5.568321 -1.609954 26.9973
1.209671 0.02908643 1.170809 -0.7522902 0.8022594 27.74539
1.3022 0.01077588 1.180818 -5.904962 0.8022594 28.48585
1.358841 0.003939941 1.160555 -7.332443 0.7640915 28.47058
1.395218 -0.0002104491 1.164949 -6.882061 -0.4878168 28.24157
1.41719 -0.01144092 1.165682 -5.279008 -2.220641 28.0431
1.406937 -0.02120654 1.143709 -4.660687 -3.029802 27.75302
1.37471 -0.02389209 1.136385 -4.408779 -2.900031 27.27974
1.324661 -0.03707568 1.151033 -4.988932 -2.419115 26.82173
1.264114 -0.03512256 1.160311 -5.805725 -2.28171 26.18814
1.218704 -0.03463428 1.178377 -7.05 -1.945832 25.65379
1.170853 -0.03585498 1.20035 -8.111069 -1.258809 24.75302
1.131058 -0.02731006 1.201814 -8.187405 -0.7626259 23.82173
1.107132 -0.01681201 1.221346 -8.599619 -0.1824732 23.03547
1.103226 -0.01900928 1.224519 -8.523283 0.5579848 21.73012
1.113235 -0.0131499 1.220369 -8.15687 0.7182901 20.76066
1.12886 -0.009731934 1.227205 -8.317176 1.038901 19.93623
1.147415 -0.01363818 1.219393 -8.263741 1.71829 18.85226
1.170853 -0.001919433 1.206941 -8.301908 2.138137 18.01257
1.179886 -0.00460498 1.199617 -7.820992 2.756458 17.29501
1.201126 -0.01022022 1.205232 -8.080534 3.634321 16.86753
1.2043 -0.00436084 1.199129 -8.088168 4.390046 16.34081
1.211868 -0.009976074 1.194978 -8.072901 4.535084 15.82936
1.215774 -0.005825684 1.193758 -8.424046 4.573252 15.40951
1.255569 -0.009731934 1.19034 -9.15687 4.61142 15.23394
1.355423 -0.006313965 1.160311 -11.31718 3.954931 16.10417
1.418411 -0.05318897 1.103914 -10.31718 4.023633 14.36371
1.345169 0.002230957 1.100252 -8.675955 6.725924 13.92096
1.25386 -0.0287749 1.188875 -11.80573 6.481649 13.80646
1.132767 -0.000942871 1.225008 -12.58435 5.596153 14.12707
1.029739 0.02762158 1.272859 -13.30191 4.848061 15.24921
0.9630889 0.04446729 1.300203 -15.28664 3.382412 17.70722
1.001663 0.03811963 1.359529 -18.13397 -0.3962138 20.0431
1.079544 -0.01778857 1.276277 -7.706489 -3.396214 17.20341
1.133011 0.01858838 1.167879 -0.2484736 0.5121832 15.0889
1.211868 -0.003140137 1.128084 -3.653054 5.321343 15.71486
1.232132 -0.02608936 1.150789 -9.950764 7.451114 16.61562
1.267288 3.369152e-05 1.200838 -10.67595 6.107603 16.89806
1.248245 0.00711377 1.198396 -10.14924 4.397679 17.08127
1.227493 -0.002895996 1.210115 -8.85916 3.863328 17.08127
1.211136 0.003939941 1.21451 -8.210305 3.306077 16.96676
1.216751 -0.00460498 1.198152 -7.737023 2.985466 17.1118
1.226272 -0.01168506 1.21158 -8.256107 2.672489 17.05837
1.234329 -0.003140137 1.194246 -8.729389 2.466382 16.56982
1.227005 -0.001187012 1.191805 -9.179771 2.237374 16.87516
1.302933 -0.00826709 1.170809 -8.737023 2.542717 16.30264
1.275345 0.009799316 1.148836 -8.637787 2.855695 16.19577
1.207718 0.01126416 1.205965 -9.370611 3.046535 16.48585
1.248978 -0.002651855 1.201814 -8.15687 1.756458 16.12707
1.151321 0.03909619 1.198396 -7.530916 2.535084 16.80646
1.086136 0.03226025 1.255037 -11.31718 1.596153 18.49348
1.085647 0.01639111 1.282625 -12.38588 -0.09087014 19.65379
1.090286 -0.000942871 1.258699 -7.477481 -1.006901 18.19577
1.130813 0.008822754 1.194734 -5.614886 0.8938625 17.0889
1.17305 0.005893066 1.178621 -7.385878 3.245008 16.71486
1.203079 0.002719238 1.18326 -9.538549 4.267909 16.90569
1.206985 0.006625488 1.206453 -9.607252 4.069435 16.82173
1.204056 0.01541455 1.226717 -9.080534 2.947298 16.69959
1.233841 0.01053174 1.207186 -8.065268 1.878595 16.56982
1.234573 0.001498535 1.205477 -7.591985 1.153404 16.14234
1.284378 -0.0004545897 1.188143 -8.317176 1.176305 16.00493
1.362503 -0.02535693 1.160066 -7.653054 1.351878 15.07363
1.281692 -0.007778809 1.135408 -8.904962 2.71829 15.1805
1.216995 -0.00826709 1.191805 -9.752291 3.535084 15.38661
1.163284 0.01492627 1.226717 -8.370611 3.199206 14.85989
1.113968 0.0181001 1.262605 -9.920229 1.947298 16.0889
1.093704 0.01370557 1.26993 -10.24847 0.4129465 16.66142
1.087112 0.006625488 1.259187 -9.111069 -0.2893435 16.39425
1.127884 0.01346143 1.228426 -6.973664 0.3747785 15.53928
1.195267 -0.001675293 1.198641 -6.217939 1.023633 14.73776
1.220413 -0.005337402 1.17618 -7.469848 2.12287 14.70722
1.219925 0.009555176 1.196443 -9.64542 2.603786 15.17287
0.9877471 0.4375337 1.774812 -133.1874 47.50455 -16.65156
0.9147491 0.3125337 1.917879 -82.67595 67.29081 12.55455
0.8957061 0.3240083 1.968172 -70.93549 69.67249 14.31027
0.8854522 0.3452485 1.965975 -62.85153 69.91676 13.40951
0.878128 0.3647798 1.97574 -55.59199 69.74883 12.1118
0.860794 0.3872407 1.964021 -50.63015 69.87096 11.09653
0.8534698 0.3994477 1.962068 -47.78283 70.02363 9.890428
0.8376006 0.4043305 1.953279 -45.14161 70.51218 8.607985
0.8266143 0.4045747 1.936189 -43.28664 70.77172 8.165236
0.8212432 0.399936 1.915193 -40.75993 70.41294 7.218672
0.8141631 0.389438 1.891023 -38.34008 69.60378 6.432412
0.8036651 0.3833344 1.865145 -36.29428 68.0618 6.211039
0.7936553 0.3847993 1.856355 -34.54618 65.91676 5.867527
0.7899932 0.3769868 1.86075 -30.03473 63.71066 5.302641
0.7797393 0.3681977 1.84659 -24.50038 61.35951 4.623253
0.7709502 0.3755219 1.849275 -19.99656 58.29844 4.165237
0.7663116 0.3840669 1.852693 -17.08817 55.48165 4.172871
0.7626494 0.3945649 1.87076 -15.25611 53.16104 4.058367
0.7570342 0.3899262 1.872225 -14.01947 51.43585 3.821726
0.7526397 0.3872407 1.865633 -12.74466 49.25264 3.501114
0.7401885 0.3921235 1.863924 -11.05 47.00073 3.676687
0.7365264 0.3916352 1.861238 -8.973664 44.48165 3.478214
0.7328643 0.387729 1.859773 -6.897328 41.60379 3.172871
0.7267608 0.3962739 1.871248 -5.767557 38.38241 3.203405
0.7316436 0.399936 1.876619 -5.362977 35.31371 3.760656
0.7272491 0.4104341 1.90201 -4.950764 33.22974 3.852259
0.7321319 0.4165376 1.92032 -4.340076 31.63432 3.691954
0.730667 0.434604 1.939607 -4.866794 30.016 3.76829
0.7360381 0.4548676 1.945467 -8.759924 28.79463 4.119434
0.7370147 0.4663423 1.967928 -15.17977 28.32134 4.844625
0.7389678 0.4690278 1.975496 -21.88206 28.78699 5.378977
0.7292022 0.4538911 1.976717 -25.53855 28.38241 5.898061
0.7182158 0.4358247 1.983553 -27.57672 27.76409 6.066
0.7101592 0.4221528 1.991121 -28.08053 27.32134 5.791191
0.7113799 0.4101899 2.000154 -26.73702 26.27554 5.707221
0.7123565 0.3994477 2.001375 -24.96603 25.09997 5.27974
0.7252959 0.3904145 2.003084 -21.69885 24.36714 4.806458
0.7162627 0.3879731 2.003084 -19.40115 23.49692 4.93623
0.7130889 0.3994477 1.99991 -20.05763 22.37478 5.180504
0.7177276 0.4128755 2.017977 -22.63015 20.87096 6.096535
0.716751 0.4319184 2.052644 -25.19504 21.46638 5.707221
0.7162627 0.4343598 2.061678 -25.9813 22.35188 5.218672
0.7008819 0.4150727 2.043367 -25.96603 22.9473 4.691954
0.6945342 0.4053071 2.039705 -24.29428 22.53508 4.027832
0.6911162 0.4021333 2.028475 -20.87443 21.80226 3.44768
0.6833037 0.3948091 2.028475 -16.82099 20.87096 2.241573
0.6859893 0.3887055 2.026277 -12.75229 19.83279 1.714855
0.6830596 0.3935884 2.018953 -8.362977 19.0389 0.5621834
