0.8239981 -0.8098892 0.5543155 -7.307817 -220.4643 56.71918
0.8188711 -0.838942 0.5657901 -3.002473 -221.4261 62.17719
0.7949453 -0.8738541 0.5838565 1.974626 -221.7696 67.22299
0.7739492 -0.910231 0.5548038 6.257069 -223.1131 74.13139
0.7549062 -0.9334244 0.5391788 10.38684 -224.0215 80.69627
0.7402578 -0.9453873 0.5267276 13.66165 -225.9681 88.4978
0.7278066 -0.9405045 0.4940127 15.57005 -228.365 95.74971
0.7031484 -0.9317154 0.4737491 16.65402 -232.1437 103.9482
0.6953359 -0.9395279 0.4627627 16.69218 -235.4566 111.9024
0.6894765 -0.953688 0.4686221 18.25707 -238.907 119.3986
0.6914297 -0.9619888 0.4986514 19.37157 -242.1208 127.4444
0.7082754 -0.9668716 0.5154971 20.97463 -244.9452 134.8718
0.7273183 -0.963942 0.541376 21.88302 -247.0444 143.5512
0.735375 -0.9925064 0.5653018 23.96699 -249.6551 152.0551
0.7466054 -1.007887 0.586542 27.43264 -250.3269 159.4749
0.7439199 -1.001784 0.6026553 29.86776 -250.6551 168.1772
0.7505117 -1.001784 0.6314639 31.37921 -249.7696 177.4749
0.7448965 -0.984938 0.6260928 31.27997 -248.8154 187.7268
0.7412344 -0.9695572 0.5880069 31.34867 -249.907 198.0627
0.7339101 -0.9519791 0.537958 31.73799 -250.2811 205.7115
0.7453847 -0.9287857 0.5130557 31.93646 -252.6017 213.2917
0.7531972 -0.8985123 0.4915713 31.16547 -254.2429 221.223
0.4875722 0.4877182 2.354364 -4.781099 128.9021 -35.7541
0.8791739 -0.2085708 -0.06165135 -47.01774 246.0243 -105.1663
0.8845449 -0.2949966 -0.06165135 -51.43759 246.0243 -102.0136
0.8061758 -0.3560318 -0.06165135 -57.49102 246.0243 -100.2808
0.7593008 -0.4153579 -0.06165135 -58.17041 240.8563 -97.39532
0.6452871 -0.6629166 -0.06165135 -69.6666 181.5052 -87.79227
0.6548086 -0.785231 -0.06165135 -64.59789 169.8334 -84.57853
0.6635976 -0.8281998 -0.06165135 -61.31545 152.2609 -77.77701
0.6672597 -0.9080338 -0.06165135 -57.17041 137.2838 -71.67777
0.6914297 -0.9529556 -0.06165135 -52.59026 123.3525 -65.06709
0.6960683 -0.9402603 -0.06165135 -49.98721 108.4747 -57.08235
0.6877676 -0.9209732 -0.06165135 -49.49866 95.16167 -49.18922
0.6738515 -0.8819107 -0.06165135 -51.39178 80.33725 -41.39533
0.6826406 -0.8499283 -0.06165135 -56.35362 65.7571 -33.02128
0.6843496 -0.8196548 -0.06165135 -61.05591 51.49756 -24.79991
0.6765371 -0.7705826 -0.06165135 -65.10171 36.74183 -17.6396
0.686791 -0.7249283 -0.06165135 -69.74293 21.40595 -10.96785
0.7029043 -0.7002701 -0.06165135 -73.34599 6.161679 -5.16632
0.7297597 -0.6631607 -0.06165135 -76.28491 -8.487176 -0.1663206
0.7700429 -0.6431412 -0.06165135 -77.86507 -22.92229 3.925282
0.8122793 -0.6292252 -0.06165135 -78.75056 -35.67038 7.574138
0.9101797 -0.6206802 -0.06165135 -78.95667 -48.42611 11.07032
0.8691641 -0.6658463 -0.06165135 -76.22385 -62.04443 13.98635
0.9277578 -0.6370377 -0.06165135 -73.23148 -70.41848 15.80314
0.9543692 -0.6287369 -0.06165135 -70.23911 -81.1513 18.29169
0.9848867 -0.6162857 -0.06165135 -67.01774 -89.98336 20.00925
0.9006582 -0.6265396 -0.06165135 -61.34599 -97.90703 20.11612
1.192895 -0.6372818 -0.06165135 -65.38416 -99.75436 23.95582
1.118676 -0.6406998 -0.06165135 -59.46812 -109.9757 27.15429
1.102807 -0.6138443 0.01574123 -57.09407 -119.5482 30.84895
1.071801 -0.6048111 0.09581936 -54.71239 -125.2047 34.13139
1.085961 -0.5784439 0.135126 -54.36889 -129.3116 38.16193
1.084496 -0.5689224 0.1512393 -54.28492 -133.7086 42.20009
1.088158 -0.5694107 0.1741885 -53.53682 -138.5024 45.98635
1.107934 -0.5659927 0.1973819 -52.50629 -144.2276 49.39857
1.125512 -0.5769791 0.2303408 -49.92614 -148.0826 52.44437
1.123314 -0.5747818 0.2408389 -46.10934 -151.3345 54.58941
1.109643 -0.5745377 0.2642764 -41.32308 -155.2887 56.71918
1.077904 -0.5904068 0.2623233 -35.48339 -158.6017 58.26116
1.05935 -0.587233 0.2415713 -30.13988 -161.3879 60.10086
1.049584 -0.5972427 0.199335 -24.94904 -165.9452 62.3375
1.042504 -0.596022 0.1795596 -19.08644 -171.1818 64.4978
1.032494 -0.5865005 0.1517276 -14.69713 -175.991 66.52071
1.011254 -0.5857681 0.1090029 -11.25438 -181.2963 68.72681
0.9804922 -0.5823502 0.09337795 -8.391787 -186.6628 71.63521
0.9612051 -0.5835709 0.05382717 -7.834535 -192.533 75.03216
0.9272696 -0.6040787 0.02990139 -6.727664 -200.2276 78.77261
0.9221426 -0.6123795 0.01232326 -6.636061 -208.0597 83.57414
0.9404531 -0.6302017 0.01281154 -6.987206 -215.2658 87.94818
0.9568106 -0.6577896 0.03502834 -5.727664 -222.7162 92.86421
0.9790274 -0.6656021 0.06163967 -4.361252 -230.1055 96.81078
1.002465 -0.6592545 0.12121 -1.796366 -236.8765 100.5283
1.0281 -0.6511978 0.1810244 1.799053 -242.4337 103.9635
1.061791 -0.6494888 0.2298526 4.654015 -247.6017 108.2459
1.09475 -0.6267838 0.2925967 9.417375 -251.8918 110.9558
1.112328 -0.628981 0.3172549 15.77615 -253.7773 112.765
1.123559 -0.6267838 0.355585 24.61585 -254.2429 114.0856
1.13015 -0.6179947 0.3736514 33.58531 -254.2429 114.6123
1.100609 -0.6302017 0.3638858 42.40211 -254.2429 115.6657
1.087914 -0.6416763 0.3472842 50.27997 -254.2429 117.223
1.052025 -0.6414322 0.294794 55.60822 -254.2429 119.8948
1.034203 -0.6492447 0.2300967 59.66928 -254.2429 123.2535
1.014916 -0.6521744 0.1805362 61.58532 -254.2429 127.9329
0.9929434 -0.6604752 0.1592959 61.63111 -254.2429 133.5054
0.9687735 -0.6829361 0.1400088 59.43264 -254.2429 140.9787
0.9551016 -0.6934341 0.1441592 56.76852 -254.2429 148.5436
0.943627 -0.698317 0.1409854 53.71508 -254.2429 155.4215
0.9458242 -0.6907486 0.1487979 48.79905 -254.2429 163.0245
0.9455801 -0.688063 0.1580752 44.27234 -254.2429 171.2917
0.9499746 -0.6883072 0.1778506 41.16547 -254.2429 177.7879
0.9533926 -0.6785416 0.1971377 40.3334 -254.2429 183.0016
0.9394766 -0.663649 0.2015322 41.37921 -254.2429 187.5818
0.9309317 -0.656813 0.2034854 44.37921 -254.2429 190.9711
0.9255606 -0.6494888 0.1912783 45.74562 -254.2429 195.2535
0.9096914 -0.6377701 0.1556338 46.68455 -254.2429 199.4749
0.9111563 -0.6248306 0.1141299 46.07386 -254.2429 204.1467
0.9079824 -0.6282486 0.08068264 45.3334 -254.2429 208.7573
0.9231192 -0.6282486 0.04479396 44.13493 -254.2429 213.7955
0.9397207 -0.6221451 0.03234279 41.82959 -254.2429 219.4749
0.9655996 -0.6050552 0.02575099 39.15783 -254.2429 225.0398
1.010033 -0.5874771 0.03820217 35.60822 -254.2429 230.9405
1.054223 -0.5528091 0.07335842 32.05859 -254.2429 237.2153
1.08474 -0.524733 0.09264553 28.72272 -254.2429 241.8413
1.135277 -0.4788345 0.1458682 25.47081 -254.2429 246.7802
1.197533 -0.4326919 0.2042178 24.60058 -254.2429 250.1772
1.231225 -0.3728775 0.2679385 22.67692 -254.2429 251.6963
1.257348 -0.3372329 0.3157901 22.58531 -254.2429 251.6963
1.291772 -0.31819 0.3533877 25.79142 -254.2429 251.6963
0.5866933 0.9850327 1.99328 41.80669 -148.3498 151.4062
0.09670313 0.7233139 1.800409 -11.97194 -53.81542 103.0551
0.02687891 0.6739975 1.78869 -12.6666 -48.61695 101.0093
0.01491602 0.6437241 1.712519 -11.74293 -38.40321 96.99399
-0.05295508 0.6434799 1.682245 -10.57499 -33.74672 92.32986
-0.04416601 0.5414291 1.567987 -0.4375878 -27.07496 89.4749
-0.09543554 0.6302963 1.534784 4.646382 -22.25817 87.56651
-0.1623301 0.7364975 1.526239 -8.094076 -26.02916 80.60468
-0.1916269 0.6417709 1.458368 -14.98721 -22.49481 77.3375
-0.2844004 0.6466537 1.393183 -14.11698 -26.99863 73.99399
-0.2402109 0.5946518 1.341913 -18.40705 -27.65511 73.71154
-0.2702403 0.584642 1.340937 -20.49102 -28.18946 72.53597
-0.2875742 0.5819565 1.337763 -21.09408 -29.82306 70.82605
-0.2914805 0.5748764 1.345575 -21.11698 -30.37267 68.25352
-0.2865977 0.5819565 1.371942 -22.01011 -29.84595 65.82605
-0.2905039 0.5719467 1.380243 -22.21621 -29.02916 62.93292
-0.285377 0.558519 1.400507 -21.88033 -28.74672 60.56651
-0.2844004 0.5680405 1.425165 -21.29255 -27.27343 57.84895
-0.2717051 0.5614487 1.451044 -19.97957 -26.60931 55.36803
-0.2590098 0.5670639 1.464472 -18.62079 -24.18183 52.57414
-0.2643809 0.5685287 1.479608 -16.72766 -22.87649 49.67337
-0.2570567 0.5746323 1.501581 -14.8727 -20.51771 46.27643
-0.254127 0.5824448 1.519892 -13.06354 -17.98336 42.95582
-0.254127 0.5868393 1.529657 -10.97194 -15.46428 39.68101
-0.2546153 0.569017 1.530146 -7.857435 -12.36504 36.13139
-0.2560801 0.5509506 1.543573 -4.246748 -9.792519 32.72681
-0.2624278 0.5353256 1.535761 -0.8192672 -6.92229 29.29169
-0.2687754 0.5333725 1.536493 2.417374 -4.51771 26.28406
-0.2743906 0.5387436 1.540644 5.554779 -1.594046 23.5665
-0.2851328 0.5477768 1.526972 7.264702 1.207481 20.85658
-0.2890391 0.5536362 1.514521 8.745619 4.383053 18.32986
-0.3112559 0.5392319 1.494013 9.814321 7.535725 16.11612
-0.3293223 0.5472885 1.478144 11.07386 9.627328 13.88711
-0.3556895 0.536058 1.446161 12.2647 11.92504 11.42146
-0.3781504 0.5419174 1.408808 12.60058 13.56626 9.398565
-0.3801035 0.5441147 1.358515 13.0586 14.64259 7.352764
-0.3927989 0.530687 1.337274 13.01279 14.74183 6.719176
-0.4423594 0.5453354 1.328241 12.64638 15.32962 4.375664
-0.4313731 0.5140854 1.291132 13.72272 15.32962 3.169557
-0.4623789 0.5240952 1.27331 13.95173 13.6655 1.902382
