0.2614287 0.4768403 0.8065508 1.072137 3.557985 17.27211
0.2514189 0.4680512 0.7977617 2.156106 3.466382 17.11943
0.2616729 0.4712251 0.8075274 4.308778 3.580885 16.62325
0.2494658 0.467563 0.8089922 7.102671 3.397679 16.26447
0.2646025 0.4726899 0.8324297 10.8584 4.359511 14.87516
0.2609404 0.4758637 0.8226641 14.53779 4.435847 13.95913
0.2631377 0.467563 0.8092363 17.13321 4.107603 13.24921
0.2563018 0.4900239 0.8224199 17.31641 4.550351 13.61562
0.294876 0.4765962 0.8895586 23.41565 3.481649 12.25684
0.2858428 0.4592622 0.8963945 33.40801 5.038901 9.386611
0.2614287 0.4704926 0.8421953 39.88129 4.939664 7.920961
0.2621611 0.497104 0.8063066 42.02633 0.8175268 8.730123
0.274124 0.6120942 0.9310625 41.0645 6.848061 6.623252
0.2863311 0.6387055 0.9418047 40.96527 7.596153 4.905695
0.3063506 0.701938 0.9459551 37.53015 11.78699 2.585085
0.3258818 0.8650239 0.9759844 23.82786 14.0389 1.569817
0.0702666 1.03934 -0.1424239 -35.44695 59.55799 0.8140907
0.433792 -0.3588531 -0.5752852 -35.66069 65.49691 -29.0485
0.02680957 0.5227387 2.897859 -75.66832 34.42822 16.79119
0.355667 0.2029145 0.5370195 -87.90496 26.33661 4.440046
0.3048857 0.2722505 0.5104082 -101.508 16.28317 22.82173
0.2209014 0.3066743 0.3478105 -123.9737 6.680122 38.90569
0.188919 0.5024751 0.6925371 -144.1416 7.183939 43.9515
0.1923369 0.5451997 0.8392656 -130.737 12.80989 41.31027
0.2060088 0.6125825 0.6920488 -103.1034 11.0847 26.77592
0.2772979 0.6089204 0.6805742 -104.7828 6.245008 19.20341
0.3166045 0.5359223 0.7066972 -104.5385 4.588519 17.69959
0.3405303 0.5627778 0.7694414 -82.26374 -0.02216792 14.43241
0.327835 0.5762055 0.817293 -72.39351 1.596153 11.16524
0.2997588 0.5823091 0.8385332 -59.53855 1.703023 7.073633
0.3542022 0.5791352 0.6730058 -45.83626 5.397679 2.356077
0.275833 0.5810884 0.5836504 -45.54618 13.09997 -11.62866
0.2597197 0.5376313 0.8216875 -39.84389 9.970198 -7.44545
0.2206572 0.5220063 0.9430254 -22.1187 7.298442 -4.544687
0.248001 0.514438 0.9254473 -10.53855 7.077069 -4.117207
0.2631377 0.4297212 0.7875078 -8.202672 4.237374 -5.346214
0.2726592 0.4509614 0.892 -6.210305 3.695389 -5.239344
0.2782744 0.4389985 0.8817461 -2.515649 4.161038 -8.033237
0.2853545 0.4265473 0.9193438 0.4156489 5.840428 -3.185909
0.2348174 0.4060395 0.9628008 3.751526 6.458748 1.127069
0.2494658 0.3970063 0.9552324 2.026336 6.901496 0.4095116
0.2404326 0.3938325 0.9916094 1.369847 5.970198 1.417145
0.2455596 0.3562348 0.951082 1.140839 5.9931 2.394245
0.2558135 0.401645 0.9669512 3.255343 5.916764 4.035465
0.2633818 0.3618501 0.9505938 0.7515264 12.07707 4.043098
0.2421416 0.3635591 0.9466875 -2.187405 7.619053 8.25684
0.2387236 0.3623384 0.9339922 -3.256107 5.069435 11.82172
0.2475127 0.3437837 0.9195879 -6.019466 4.489283 14.91333
0.2345732 0.3540376 0.9005449 -5.072901 3.771725 18.03547
0.2406768 0.3769868 0.8917559 -5.477481 4.993099 19.35608
0.2440947 0.389438 0.9024981 -6.828626 7.382412 20.18814
0.2064971 0.3745454 0.9071367 -1.599618 9.023634 18.65379
0.2206572 0.365268 0.8439043 -4.630153 7.519817 20.60035
0.2426299 0.3413423 0.8849199 -6.737023 5.397679 25.63852
0.2096709 0.3576997 0.9173906 -6.172138 8.000732 27.24157
0.2448272 0.3484223 0.9640215 -11.63015 10.13814 29.60798
0.2421416 0.3555024 0.9364336 -7.683588 11.66485 28.69959
0.2455596 0.3318208 0.9652422 -11.46985 13.60379 30.98203
0.2401885 0.3264497 0.9413164 -13.42405 13.74883 32.41714
0.2282256 0.3264497 0.9571856 -14.34771 14.80226 33.90569
0.21846 0.3020356 0.968416 -15.73702 16.68012 37.35608
0.2646025 0.3371919 0.9545 -15.44695 16.71829 40.34081
0.2997588 0.3559907 0.9803789 -11.59962 14.65722 45.94386
0.2895049 0.3677094 1.009432 -6.45458 19.93966 51.79882
0.2997588 0.3767426 1.001131 3.262977 24.16104 48.51638
0.340042 0.4946626 1.019686 4.995801 24.07707 42.53165
0.230667 0.3442719 0.7435625 20.67519 13.32134 26.63852
0.2123564 0.4382661 0.5399492 -1.446947 3.31371 18.29501
0.2113799 0.4133637 0.5582597 -7.973664 2.725924 19.03547
0.2160186 0.3896821 0.5846269 -13.39351 2.50455 19.37898
0.2121123 0.3525727 0.6048906 -16.66069 2.351878 19.39425
0.2160186 0.3230317 0.6185625 -19.1416 1.886229 19.98966
0.2108916 0.2969087 0.6410234 -19.9584 1.50455 20.42478
0.2094268 0.293979 0.652498 -19.64542 0.8938625 20.70722
0.2238311 0.2903169 0.6754472 -18.04237 0.5198169 20.94386
0.2282256 0.2893403 0.6964433 -15.1645 0.275542 20.74539
0.2294463 0.2815278 0.7130449 -10.9355 0.06943512 20.38661
0.228958 0.2917817 0.7164629 -6.500382 -0.1290381 20.20341
0.2301787 0.2947114 0.713289 -2.607252 -0.3504122 19.90569
0.2267607 0.3047212 0.7018144 0.1332059 -0.3046107 19.92096
0.2162627 0.3208344 0.6798418 2.728626 -0.1977404 19.73775
0.2118682 0.3147309 0.6700761 4.728626 0.03890085 19.50111
0.2003936 0.3264497 0.6642168 6.369847 0.7259238 19.1347
0.2006377 0.358188 0.6766679 3.186641 0.9472979 20.23394
0.1730498 0.1680024 0.6373613 13.91947 -0.6328549 17.24157
0.1605986 0.1831392 0.6036699 17.51488 -1.884763 19.38661
0.1767119 0.2886079 0.5995195 17.59886 -1.976366 20.48585
0.2016143 0.2998384 0.605623 22.36985 -2.365679 18.59272
0.215042 0.3110688 0.6210039 21.48435 -2.961099 18.88279
0.215042 0.3503755 0.5968339 21.54542 -2.747359 18.64615
0.216751 0.2847016 0.6544511 20.72863 -2.869496 21.74539
0.2384795 0.3857759 0.6937578 19.51488 0.3289771 18.29501
0.2426299 0.3279145 0.6061113 17.03397 -2.365679 18.82173
0.1957549 0.3291352 0.6329668 16.24008 -6.266443 20.1576
0.1933135 0.4067719 0.6468828 19.01107 -3.800794 17.48585
0.2238311 0.3623384 0.6671464 23.37748 -3.190107 16.89806
0.3146514 0.3838227 0.6688554 10.87366 0.9472979 17.33318
0.260208 0.2895844 0.6532304 14.69809 -3.587053 18.02783
0.2248076 0.3369477 0.6942461 16.86603 -2.785527 16.23394
0.2064971 0.3931001 0.6808183 19.18664 -2.17484 15.72249
0.2440947 0.4241059 0.6610429 4.957633 1.336611 17.29501
0.2570342 0.3486665 0.6253984 5.583588 -3.716825 18.09653
0.246292 0.3362153 0.6532304 2.568321 -2.106138 18.1118
0.261917 0.3699067 0.6500566 0.858397 0.1152368 18.1576
0.2494658 0.3379243 0.6363847 -2.019466 -0.7168244 18.56982
0.2375029 0.3474458 0.6361406 -5.133969 -1.854229 19.52402
0.2309111 0.3403657 0.6666582 -5.966031 -1.816061 19.37898
0.2321318 0.3301118 0.6551836 -7.416412 -0.2511755 19.10417
0.2213897 0.3222993 0.6422441 -9.004198 -0.02980161 19.21104
0.2191924 0.334018 0.6410234 -10.98893 -0.3122443 19.60035
0.2294463 0.3393891 0.6610429 -13.1874 0.4816489 19.23394
0.2177275 0.3205903 0.6378496 -13.9813 0.145771 19.71486
0.2191924 0.3203462 0.6271074 -14.22557 0.275542 19.63852
0.2209014 0.3139985 0.6251543 -14.05763 -0.5641527 19.37898
0.2277373 0.3186372 0.6356523 -14.30191 -0.464916 19.51638
0.2038115 0.3091157 0.6302812 -13.53092 -0.4114809 19.23394
0.213333 0.304477 0.6283281 -13.04237 -0.4878168 19.16524
0.2106475 0.3042329 0.6322343 -12.61489 -0.8084274 19.01257
0.2189482 0.3035005 0.6358964 -12.64542 -0.8923969 19.19577
0.2108916 0.306186 0.6481035 -11.66069 -0.7931603 18.9515
0.2174834 0.3122895 0.6398027 -11.01947 -1.312244 19.11943
0.213333 0.3154634 0.6481035 -10.77519 -1.617588 19.1118
0.2157744 0.3181489 0.6493242 -10.05 -1.922931 18.64615
0.2169951 0.3276704 0.6554277 -9.775191 -1.564153 18.61562
0.2230986 0.3398774 0.6568925 -8.775191 -1.640489 18.27211
0.2177275 0.3457368 0.6600664 -8.569084 -1.68629 17.77592
0.2143096 0.3594087 0.6468828 -8.141603 -1.47255 17.34844
0.2248076 0.351352 0.6390703 -7.56145 -1.816061 16.90569
0.2152861 0.349643 0.6307695 -7.233206 -1.87713 16.38661
0.2174834 0.3498872 0.6295488 -7.042367 -2.098504 16.24157
0.2135772 0.3349946 0.6161211 -7.111069 -2.243542 16.066
0.2123564 0.321811 0.633455 -7.118702 -2.365679 15.75302
0.2094268 0.3047212 0.6329668 -7.935496 -2.213008 15.98203
0.2101592 0.2986176 0.6427324 -7.424046 -2.380947 16.21104
0.2143096 0.2915376 0.6376054 -8.301908 -2.17484 16.46295
0.2091826 0.2927583 0.6554277 -9.042366 -2.113771 16.50111
0.202835 0.2864106 0.6615312 -10.24084 -1.938198 17.27211
0.1823272 0.1665376 0.7230546 -16.9355 1.748824 18.12707
0.2455596 0.3887055 0.6449296 -5.340076 -3.510717 16.58508
0.1986846 0.3320649 0.6307695 -13.63015 1.31371 18.76066
0.2365264 0.3552583 0.6280839 -10.61489 -1.57942 17.89043
0.2160186 0.3222993 0.655916 -11.35534 -1.907664 17.83699
0.2130889 0.3220551 0.6752031 -9.653053 -1.984 17.01257
0.2091826 0.293979 0.6893632 -8.966031 -1.68629 17.43241
0.2084502 0.2978852 0.6825273 -8.515649 -0.9152977 17.14997
0.2113799 0.3081391 0.687166 -7.43168 -1.106137 16.89043
0.2155303 0.3169282 0.6742265 -7.057634 -0.6481222 17.1347
0.2106475 0.320102 0.67325 -7.172138 -0.854229 17.21104
0.2174834 0.3203462 0.6551836 -6.973664 -0.464916 16.79882
0.2089385 0.3286469 0.6468828 -7.248474 -0.2664428 16.79119
