0.1669463 0.7173188 1.236238 -8.080534 2.000733 19.69195
0.1574248 0.7217134 1.246004 -7.94313 1.893863 19.49348
0.1635283 0.7077973 1.239168 -8.103436 1.657221 19.57745
0.1610869 0.7151216 1.251131 -8.263741 1.932031 19.58508
0.1581572 0.7065766 1.248445 -7.83626 1.786992 19.57745
0.1579131 0.7056001 1.242098 -7.927863 1.664855 19.78356
0.1530303 0.7126801 1.248934 -7.935496 2.099969 19.49348
0.1586455 0.7075532 1.248934 -7.477481 1.855695 19.94386
0.1657256 0.7109712 1.242586 -7.904962 2.038901 19.56982
0.1532744 0.7212251 1.252596 -7.584351 1.794626 19.79882
0.1591338 0.7143891 1.248689 -7.958397 1.985466 19.61562
0.1562041 0.7248872 1.251375 -8.233206 2.214473 19.89043
0.1571807 0.7109712 1.247713 -7.843893 1.695389 19.9744
0.1593779 0.7102387 1.24698 -8.34771 2.145771 19.60035
0.150833 0.7095063 1.246492 -7.85916 1.412946 19.61562
0.16304 0.6997407 1.250398 -7.912596 1.710656 19.76829
0.1625518 0.7082856 1.255769 -8.485115 1.748824 20.05073
0.1662139 0.7170747 1.256746 -7.889695 1.939664 19.66905
0.1596221 0.7112153 1.256014 -7.523283 2.153405 19.57745
0.1618193 0.7197602 1.239656 -7.485115 2.092336 19.76066
0.1608428 0.7041352 1.244051 -7.210306 1.733557 19.44005
0.1625518 0.7121919 1.240877 -7.630153 2.20684 19.54692
0.1481475 0.7114594 1.241609 -8.286641 1.619053 19.92859
0.1613311 0.7082856 1.24576 -8.668321 1.680122 20.02783
0.1544951 0.7121919 1.253084 -8.317176 1.832794 19.71486
0.1610869 0.7134126 1.242342 -8.126336 1.695389 19.67669
0.1662139 0.710727 1.258211 -8.591985 2.183939 19.65379
0.1613311 0.7109712 1.249666 -7.805725 1.825161 19.87516
0.1703643 0.7163423 1.248445 -7.851527 2.046535 19.74539
0.1603545 0.7173188 1.250398 -7.920229 2.237374 19.62325
0.1625518 0.7156098 1.242342 -7.820992 1.779359 19.92096
0.1574248 0.7153657 1.231844 -8.164504 1.924397 19.92859
0.1657256 0.7077973 1.241853 -8.088168 1.786992 19.66905
0.1569365 0.728061 1.233064 -8.324809 1.870962 19.86753
0.1603545 0.7156098 1.244539 -8.24084 1.893863 19.60798
0.1645049 0.7041352 1.250887 -8.294275 1.50455 19.59272
0.1581572 0.7202485 1.243318 -8.317176 1.954931 19.87516
0.1540068 0.7051118 1.252107 -7.813359 1.63432 19.75302
0.1562041 0.7060884 1.250398 -7.996565 1.916763 19.83699
0.1618193 0.7168305 1.244295 -7.668321 2.161038 19.55455
0.1635283 0.7063325 1.257967 -7.324809 2.031267 19.60798
0.16304 0.7241548 1.245516 -8.187405 2.321343 19.82936
0.1581572 0.7178071 1.237459 -7.500382 1.641954 19.85989
0.1627959 0.7073091 1.244539 -7.683588 1.359511 19.72249
0.1637725 0.7192719 1.239412 -8.118702 1.848061 19.59272
0.1635283 0.712436 1.244051 -8.195038 1.672488 19.84463
0.1584014 0.7112153 1.241609 -8.332443 1.619053 19.91333
0.1586455 0.7114594 1.253572 -7.958397 1.596153 19.57745
0.1618193 0.6960786 1.257723 -7.660687 1.550351 19.53928
0.1598662 0.710727 1.254061 -8.393512 2.245008 19.88279
0.1547393 0.7070649 1.249666 -7.553817 1.672488 19.73775
0.1623076 0.7160981 1.245271 -8.042367 2.061801 19.50875
0.1603545 0.7170747 1.251375 -7.759924 2.336611 19.56218
0.1615752 0.7119477 1.237947 -7.668321 2.054168 19.50111
0.1554717 0.7212251 1.235994 -8.195038 2.023633 19.67669
0.1544951 0.7168305 1.253572 -8.004199 1.954931 19.66142
0.1640166 0.7097505 1.248689 -8.340076 1.802259 19.62325
0.1618193 0.7190278 1.247469 -8.477481 1.939664 19.83699
0.1584014 0.7112153 1.248934 -8.164504 1.657221 19.66905
0.1640166 0.7109712 1.24698 -8.408779 2.016 19.75302
0.1642607 0.7097505 1.258699 -8.103436 1.848061 19.66142
0.1605986 0.7073091 1.244295 -8.034733 2.20684 19.75302
0.1596221 0.7068208 1.254305 -7.83626 2.306077 19.53165
0.1637725 0.7060884 1.239168 -7.439313 1.786992 19.73775
0.1591338 0.7182954 1.244295 -8.248473 2.20684 19.77592
0.1645049 0.7117036 1.246736 -8.179771 2.199206 19.92859
0.1566924 0.7146333 1.24283 -8.133969 1.390046 19.69959
0.1591338 0.7195161 1.246248 -7.973664 2.023633 19.62325
0.16304 0.7060884 1.243074 -8.080534 1.680122 19.59272
0.1684111 0.7146333 1.254305 -8.45458 1.748824 19.79119
0.1566924 0.7056001 1.250887 -7.569084 1.664855 19.60798
0.1581572 0.7056001 1.24991 -7.630153 1.672488 19.61562
0.1566924 0.7185395 1.253084 -7.737023 1.901496 19.69959
0.1518096 0.7012055 1.251619 -7.187405 1.855695 19.54692
0.1593779 0.7217134 1.243562 -7.798092 1.855695 19.84463
0.1593779 0.7163423 1.251863 -7.378244 1.832794 19.34844
0.1645049 0.7080415 1.23868 -7.805725 1.63432 19.59272
0.1598662 0.7226899 1.249178 -8.195038 2.367145 19.61562
0.1620635 0.709018 1.245516 -8.149237 1.328977 19.88279
0.1745147 0.7139009 1.251863 -7.843893 1.466382 19.63089
0.1623076 0.7119477 1.251619 -7.569084 1.703023 19.56218
0.1588897 0.6992524 1.254061 -7.485115 1.817527 19.73012
0.1596221 0.7226899 1.249422 -8.111069 1.985466 20.1576
0.1581572 0.7170747 1.247225 -7.408779 1.588519 19.71486
0.166458 0.7075532 1.246736 -7.622519 1.535084 19.68432
0.1679229 0.7219575 1.248445 -7.889695 2.084702 19.64615
0.1598662 0.7048676 1.238924 -7.553817 1.61142 19.58508
0.1549834 0.7160981 1.240877 -7.813359 1.641954 19.59272
0.1603545 0.714145 1.252352 -7.653054 1.481649 19.67669
0.1544951 0.6953462 1.253572 -8.309542 1.802259 19.87516
0.1632842 0.726352 1.254061 -8.653053 2.275542 20.03547
0.1566924 0.7117036 1.251619 -7.790458 1.962565 19.60798
0.1654814 0.7075532 1.256502 -7.866794 2.084702 19.72249
0.1591338 0.7241548 1.250887 -7.744657 1.779359 19.57745
0.1591338 0.7068208 1.246248 -7.515649 1.680122 19.73012
0.1596221 0.7146333 1.239412 -7.798092 1.71829 19.66142
0.1522979 0.7134126 1.242098 -7.759924 1.588519 19.64615
0.1627959 0.7053559 1.25284 -7.737023 1.733557 19.60035
0.1659697 0.7202485 1.255525 -8.057633 1.893863 19.75302
0.1515654 0.7097505 1.244783 -7.530916 1.252641 19.50111
0.1657256 0.709018 1.250154 -8.279008 1.977832 19.82173
0.1527861 0.7212251 1.258699 -8.233206 2.275542 19.82936
0.15596 0.701938 1.246736 -7.813359 1.939664 19.63089
0.1657256 0.7160981 1.249666 -8.523283 2.359511 19.62325
0.1603545 0.7136567 1.250398 -7.492748 1.90913 19.52402
0.1584014 0.7053559 1.241121 -7.492748 1.443481 19.76829
0.1608428 0.7180512 1.248201 -8.416412 1.870962 20.01257
0.1608428 0.7156098 1.254305 -7.889695 1.573252 19.79119
0.1579131 0.714145 1.252107 -7.904962 1.50455 19.70722
0.1649932 0.7153657 1.244295 -8.233206 1.71829 19.91333
0.1566924 0.710727 1.258943 -7.637786 1.657221 19.74539
0.16304 0.7119477 1.243074 -7.805725 1.748824 19.69959
0.1625518 0.712436 1.247469 -7.706489 1.977832 19.71486
0.1642607 0.7043794 1.248689 -8.179771 1.886229 19.89043
0.1613311 0.717563 1.240144 -8.416412 2.031267 19.92096
0.1549834 0.7156098 1.250643 -7.935496 2.023633 19.53928
0.1613311 0.7085298 1.24283 -8.164504 1.764091 19.88279
0.1549834 0.7165864 1.239412 -7.897328 1.764091 19.62325
0.1562041 0.7068208 1.24283 -7.653054 1.565618 19.43241
0.1576689 0.7104829 1.241609 -7.721756 1.947298 19.55455
0.154251 0.7060884 1.24698 -7.935496 1.573252 19.66905
0.1613311 0.7065766 1.24576 -7.698855 1.771725 19.61562
0.1615752 0.7153657 1.247713 -8.355344 1.848061 19.82936
0.1586455 0.7136567 1.247225 -8.172137 1.939664 19.62325
0.1581572 0.7153657 1.24991 -8.217939 2.20684 19.86753
0.1586455 0.7173188 1.240389 -7.691222 2.099969 19.54692
0.1601104 0.709018 1.245271 -7.576718 1.489282 19.69959
0.1588897 0.7114594 1.240633 -7.904962 2.153405 19.71486
0.1544951 0.714145 1.238436 -7.614886 1.557985 19.48585
0.1591338 0.7060884 1.243318 -7.897328 1.649588 19.53928
0.1596221 0.7092622 1.241365 -8.340076 1.680122 19.73775
0.1598662 0.7114594 1.249666 -7.828626 1.428214 19.63089
0.1676787 0.7077973 1.260652 -7.813359 1.840427 19.69195
0.1662139 0.7170747 1.25699 -7.492748 1.664855 19.59272
0.1659697 0.7131684 1.256502 -7.469848 1.90913 19.68432
0.1610869 0.7126801 1.251375 -7.920229 2.298443 19.81409
0.1725615 0.7217134 1.245271 -8.393512 2.077069 19.84463
0.1601104 0.7109712 1.237703 -8.271374 1.932031 19.44768
0.1671904 0.7073091 1.250398 -8.332443 1.764091 19.76829
0.1608428 0.7187837 1.244539 -8.019465 1.42058 19.73775
0.1552275 0.7053559 1.260408 -7.56145 1.657221 19.82173
0.1635283 0.7129243 1.253816 -7.805725 1.802259 19.73012
0.1574248 0.7119477 1.259676 -7.530916 1.817527 19.64615
0.1637725 0.7031587 1.255037 -7.805725 1.932031 19.76829
0.1571807 0.717563 1.240389 -7.996565 2.412947 19.79119
0.1608428 0.7195161 1.235018 -7.912596 1.893863 19.77592
0.1662139 0.7197602 1.24991 -8.263741 2.145771 19.78356
0.1669463 0.7224458 1.24283 -8.164504 1.802259 19.80646
0.1667022 0.714145 1.241609 -8.233206 2.069435 19.77592
0.1591338 0.714145 1.2399 -8.782825 1.993099 19.89806
