0.846878 -0.02975146 0.7318437 -35.53855 17.43585 68.48585
0.8393096 -0.03292529 0.7308671 -34.69122 18.0389 67.31027
0.8319854 -0.02584522 0.7113359 -33.83626 18.93203 65.27211
0.8297881 -0.02511279 0.6983964 -32.60725 19.34424 63.32554
0.8275908 -0.02584522 0.6825273 -31.15687 19.51218 61.50875
0.8268584 -0.02486865 0.6822832 -29.94313 19.62669 59.73775
0.8224639 -0.03023975 0.6744707 -29.46221 20.22211 58.53165
0.8136748 -0.02560107 0.6617754 -29.24084 20.57325 57.2263
0.8095244 -0.03927295 0.6607988 -28.67595 20.55035 55.60799
0.8041533 -0.04098193 0.6488359 -29.01946 20.30608 54.69196
0.8009795 -0.05001514 0.6398027 -30.22557 20.39768 53.79119
0.8007354 -0.05465381 0.6466386 -31.29428 20.30608 53.26447
0.7892608 -0.06173389 0.6444414 -33.12634 20.27554 53.10417
0.7924346 -0.07174366 0.6437089 -34.86679 20.16104 52.54692
0.7899932 -0.08736866 0.6434648 -36.97366 20.34424 52.50111
0.7924346 -0.09908741 0.6503007 -38.99657 20.58088 52.45531
0.793167 -0.1144683 0.6488359 -40.85153 20.77936 52.44768
0.7877959 -0.1191069 0.6546953 -42.72176 21.33661 52.63089
0.7924346 -0.1293608 0.6441972 -44.76756 21.73356 52.82936
0.793167 -0.1488921 0.638582 -46.68359 22.14577 53.066
0.7934112 -0.1630522 0.6405351 -47.92023 22.31371 53.31027
0.7904815 -0.1806304 0.6410234 -49.49275 22.40531 53.76066
0.7875518 -0.2013823 0.6398027 -49.53855 22.76409 54.066
0.793167 -0.2160308 0.6366289 -48.60725 22.8786 54.28738
0.7951201 -0.2235991 0.6310136 -47.64542 22.61905 54.95913
0.7973174 -0.2265288 0.6373613 -46.72176 23.28317 55.25684
0.8053741 -0.2436187 0.6173418 -45.63015 23.19157 55.27974
0.8026885 -0.2299468 0.6200273 -45.27137 23.44348 55.70722
0.8043975 -0.2392241 0.6009843 -44.69122 23.64195 55.9286
0.8063506 -0.2428862 0.5904863 -43.73703 23.37478 56.35608
0.81221 -0.2448394 0.5826738 -42.79809 23.45875 56.92096
0.8102569 -0.2589995 0.5904863 -42.15687 23.75646 57.35608
0.8173369 -0.2421538 0.589998 -42.65305 24.0618 58.09653
0.8158721 -0.2533843 0.576082 -44.06527 24.20684 58.79883
0.8202666 -0.2409331 0.5729082 -46.61489 24.63432 59.72249
0.8202666 -0.2453276 0.5550859 -49.50802 24.93966 60.66142
0.8180694 -0.2538726 0.562166 -51.32481 24.80989 61.65379
0.8185576 -0.2604644 0.5545976 -53.71412 25.00073 63.1805
0.8202666 -0.2675445 0.5377519 -54.41641 25.18394 63.74539
0.8175811 -0.259732 0.5411699 -54.63015 24.84806 64.25684
0.826126 -0.2680327 0.5328691 -54.08054 24.56562 64.47821
0.8324737 -0.2641265 0.5253007 -52.81336 24.06944 64.35608
0.8358916 -0.2646148 0.5191972 -50.77519 23.67249 64.16524
0.8412627 -0.2458159 0.5213945 -47.88206 22.80989 63.37897
0.8507842 -0.2309233 0.5033281 -44.44695 22.77172 62.00493
0.8593291 -0.2211577 0.5021074 -40.97367 21.9473 60.39424
0.8595733 -0.1986968 0.4862382 -38.9355 21.66485 59.20341
0.8576201 -0.1852691 0.482332 -37.27901 21.21447 57.65379
0.8520049 -0.1742827 0.4652421 -35.78283 20.16867 56.02783
0.8410186 -0.1647612 0.4676836 -34.24084 19.55035 54.66142
0.8332061 -0.1520659 0.4588945 -32.65305 18.13814 53.0202
0.8256377 -0.146939 0.4513261 -31.46221 17.00837 51.58508
0.8231963 -0.1503569 0.4545 -30.72176 16.0847 50.05074
0.8190459 -0.1530425 0.4569414 -29.56145 15.39005 48.57745
0.8229522 -0.1647612 0.4535234 -28.40878 14.11524 47.24157
0.8283233 -0.1630522 0.4545 -27.01183 12.84806 46.36371
0.8336944 -0.1676909 0.4610918 -25.70649 12.38241 45.1805
0.8368682 -0.1806304 0.4640214 -24.33244 11.58088 44.27211
0.8297881 -0.4211089 0.6847246 -3.889695 13.54272 -9.850031
0.8136748 -0.4728667 0.6087968 -6.660687 16.70302 -8.193542
0.8014678 -0.4765288 0.5924394 -6.988932 16.53508 -7.361481
0.81221 -0.4799468 0.5902421 -7.072901 16.09233 -6.651558
0.8036651 -0.4794585 0.5731523 -7.15687 15.9473 -6.208809
0.7909698 -0.4806792 0.5548418 -7.034733 15.12287 -5.498886
0.7897491 -0.485562 0.5545976 -7.088168 14.34424 -4.888199
0.7978057 -0.4858062 0.5406816 -7.355344 13.48165 -4.178274
0.7953643 -0.476773 0.5353105 -7.714122 12.39768 -3.781328
0.7980498 -0.4770171 0.5143144 -8.019465 11.17631 -2.941633
0.7926787 -0.4821441 0.5108964 -8.744657 9.687756 -2.42255
0.7890166 -0.4787261 0.5201738 -8.843893 8.412947 -1.643923
0.7973174 -0.4740874 0.5143144 -9.233206 6.916764 -1.475985
0.7958526 -0.4621245 0.5196855 -9.24084 5.428214 -1.071405
0.7953643 -0.4587066 0.5160234 -9.164504 3.90913 -0.6973591
0.7970733 -0.4548003 0.5282304 -9.065268 2.382412 -0.6820908
0.8012237 -0.4482085 0.5409257 -8.85916 1.145771 -0.7202587
0.7985381 -0.4482085 0.5484941 -8.813359 -0.08323669 -0.7126255
0.8102569 -0.447232 0.572664 -9.530916 -1.17484 -0.6744576
0.8197783 -0.442105 0.5868242 -9.920229 -1.617588 -1.308046
0.8192901 -0.4474761 0.6048906 -10.66069 -2.503084 -1.170641
0.8192901 -0.443814 0.6127031 -11.0042 -2.754992 -1.178274
0.8256377 -0.4516265 0.6395586 -11.64542 -2.945832 -1.323313
0.8197783 -0.4582183 0.6498125 -11.94313 -2.984 -1.269878
0.8222198 -0.4655425 0.6656816 -11.95076 -3.037435 -1.338581
0.8214873 -0.4794585 0.6771562 -11.65305 -2.548886 -1.384382
0.8136748 -0.4840972 0.6861894 -11.0729 -2.426748 -1.292778
0.8188018 -0.4862945 0.6915605 -10.76756 -2.136672 -1.033237
0.8178252 -0.5055816 0.6981523 -10.15687 -1.854229 -0.4149151
0.8097686 -0.5160796 0.7135332 -9.294275 -1.556519 -0.02560234
0.8148955 -0.4994781 0.7176836 -9.614885 -1.296977 0.1270695
0.8141631 -0.5241363 0.7157304 -8.561451 -1.129038 1.088902
0.8200225 -0.5414702 0.7225664 -9.614885 -0.5870534 2.76829
0.8249053 -0.539273 0.7142656 -8.309542 0.3289771 4.241573
0.8241729 -0.5395171 0.7220781 -8.065268 0.870962 5.348443
0.8253936 -0.5404937 0.7066972 -7.813359 1.397679 6.836992
0.8322295 -0.5395171 0.7193925 -7.56145 1.733557 8.287374
0.827835 -0.5190093 0.7069414 -6.966031 1.687756 9.211039
0.8346709 -0.5099761 0.6971757 -6.653054 2.145771 10.69195
0.8322295 -0.4997222 0.6954668 -6.317176 2.580885 11.56218
0.8410186 -0.4850738 0.6910722 -6.424046 2.710657 12.59272
0.8419951 -0.4748199 0.6922929 -6.393512 2.703023 13.50875
0.8461455 -0.4638335 0.6776445 -6.477481 3.023633 14.2034
0.8466338 -0.4406402 0.6776445 -6.675954 2.741191 14.59272
0.8495635 -0.4245269 0.6788652 -6.973664 2.962565 15.01257
0.8571319 -0.4206206 0.6788652 -7.45458 2.916763 15.21867
0.8549346 -0.4120757 0.6788652 -7.393512 3.092336 15.46295
0.8563994 -0.3940093 0.6769121 -7.477481 3.397679 15.1805
0.8581084 -0.3859527 0.6835039 -7.210306 3.474015 14.85989
0.8568877 -0.3764312 0.6786211 -6.83626 3.481649 14.34081
0.8478545 -0.3666656 0.6793535 -6.790458 4.237374 13.92096
0.8478545 -0.3600738 0.6776445 -6.775191 4.046535 13.58508
0.8527373 -0.3498199 0.6827714 -6.94313 4.550351 12.95913
0.853958 -0.3363921 0.685457 -7.05 5.031267 12.2034
0.8522491 -0.33273 0.6778886 -6.759924 4.832794 11.66905
0.8461455 -0.3371245 0.6808183 -6.668321 5.351878 10.92096
0.8429717 -0.3236968 0.67325 -6.530916 5.519817 10.11944
0.8380889 -0.3263824 0.6742265 -6.217939 5.588519 9.371344
0.8385772 -0.315396 0.6676347 -5.683588 5.580885 8.44768
0.8329619 -0.3149077 0.6761796 -5.301908 6.237374 7.25684
0.8378448 -0.3039214 0.666414 -4.569084 6.054168 6.455313
0.8292998 -0.2939116 0.6551836 -2.0271 6.000733 2.638519
0.8368682 -0.2934234 0.6500566 -1.424046 6.000733 1.417145
0.8471221 -0.2870757 0.6315019 -0.6148858 6.069435 -0.04087067
0.8432158 -0.2887847 0.6356523 0.2629771 5.809893 -1.735527
0.845169 -0.2956206 0.6236894 1.194274 5.916764 -3.376747
0.8529815 -0.2975738 0.6234453 2.148473 5.489283 -5.079039
0.8505401 -0.2963531 0.6290605 3.194274 5.222107 -6.392015
0.8480987 -0.3063628 0.6112382 3.873664 5.046535 -7.674458
0.8495635 -0.320523 0.6129472 4.163741 4.932031 -9.033237
0.8542022 -0.3359038 0.6065996 4.43855 4.733557 -9.964535
0.8515166 -0.3468902 0.6063554 4.995801 4.328977 -10.78896
0.8429717 -0.3559234 0.5980546 5.614122 3.840427 -11.26224
0.8444366 -0.3798491 0.6036699 6.026336 3.397679 -11.71263
0.8554229 -0.3920562 0.6012285 6.728626 2.657221 -11.82713
0.8561553 -0.4047515 0.5968339 7.194274 2.451115 -11.56759
0.8559112 -0.4113433 0.5919511 7.385114 1.63432 -11.09431
0.8532256 -0.4123199 0.595125 7.659923 1.145771 -10.96453
0.862503 -0.4235503 0.5973222 7.385114 0.4816489 -10.03324
0.8585967 -0.4257476 0.602205 6.736259 0.08470225 -9.582855
0.8678741 -0.4206206 0.6041582 6.041603 -0.2206413 -8.74316
0.8659209 -0.4181792 0.622957 5.278244 -0.8389618 -8.086672
0.8637237 -0.4186675 0.6253984 4.659923 -1.335145 -7.376747
0.8717803 -0.4152495 0.6332109 3.782061 -1.419115 -7.079039
0.8688506 -0.4118316 0.6410234 3.308778 -1.319878 -6.55232
0.8632354 -0.4103667 0.6451738 2.820229 -1.029801 -6.666824
0.8642119 -0.3976714 0.6532304 2.644657 -0.8084274 -6.544687
0.8659209 -0.4057281 0.6632402 2.743893 -0.464916 -6.559954
0.8659209 -0.4128081 0.6669023 2.736259 -0.1443052 -6.262245
0.9904326 -0.2306792 0.6678789 32.35458 8.634321 -16.41492
1.001175 -0.05465381 0.6708086 18.11031 17.16104 -14.73553
0.996292 -0.04732959 0.6808183 7.27061 18.27554 -15.23934
