0.3373564 -0.1894194 0.6769121 -0.6530538 -20.8924 27.9286
0.3341826 -0.1825835 0.6651933 -1.64542 -18.74736 27.27974
0.3314971 -0.1894194 0.6478593 -2.553817 -16.83896 26.53928
0.3234404 -0.1962554 0.6500566 -3.202672 -15.59469 26.01257
0.2882842 -0.1867339 0.6358964 -6.737023 -14.46492 26.36371
0.2960967 -0.1884429 0.657625 -12.17977 -12.90003 26.55455
0.2934111 -0.2084624 0.655916 -12.72939 -10.48018 25.65379
0.2963408 -0.2436187 0.6617754 -15.0729 -9.144305 26.1118
0.2938994 -0.2558257 0.6537187 -16.92023 -7.49545 26.09653
0.3166045 -0.3061187 0.6280839 -16.81336 -4.984 26.79119
0.3014678 -0.3110015 0.6258867 -20.55382 -3.938199 27.91333
0.3063506 -0.3249175 0.6293046 -23.57672 -2.296977 29.71486
0.2863311 -0.3283355 0.6290605 -24.92023 -1.159572 31.41714
0.2807158 -0.2716949 0.6210039 -30.69122 -1.09087 33.34081
0.2951201 -0.3276031 0.6295488 -26.38588 2.054168 32.65379
0.3136748 -0.2882964 0.6168535 -26.0271 2.535084 34.0431
0.3139189 -0.2819488 0.5921953 -19.96603 3.832794 30.43241
0.6579131 -0.7299468 0.3197343 55.74389 -142.8313 -4.895832
0.8507842 -0.6471831 0.6080644 143.7057 -217.3504 208.0049
0.730667 -0.5946929 0.6747148 125.2324 -214.2588 212.8217
0.6923369 -0.6112945 0.7560136 130.7897 -215.297 212.982
0.6735381 -0.5207183 0.7977617 122.9195 -212.5489 216.4095
0.685501 -0.5248687 0.8534258 120.95 -209.9764 214.6156
0.697708 -0.4880034 0.876375 109.7744 -206.984 218.9744
0.6752471 -0.5292632 0.924959 115.8737 -203.9993 216.6843
0.6659698 -0.5041167 0.9608477 117.2019 -200.3504 217.6309
0.6464385 -0.4460113 0.9881914 118.8126 -196.3504 217.0813
0.6112823 -0.4340484 1.004549 120.2324 -192.3275 216.4095
0.5856475 -0.4030425 1.024324 120.8202 -187.7932 214.4706
0.5458526 -0.4015777 1.033357 120.3622 -183.9611 214.1194
0.5241241 -0.3837554 1.055574 116.4156 -178.9764 213.4782
0.4936065 -0.391812 1.069978 114.0111 -175.1138 213.3942
0.4657744 -0.3871734 1.089021 112.1714 -170.358 212.2874
0.4442901 -0.3844878 1.098787 112.034 -166.2894 211.211
0.4245147 -0.3979156 1.118562 113.2782 -162.0909 210.1881
0.3891143 -0.3864409 1.139803 116.5454 -157.8084 208.8752
0.3791045 -0.3874175 1.146639 123.0492 -152.7168 206.9668
0.3480986 -0.3896148 1.140291 132.0569 -149.2283 204.5087
0.3139189 -0.3881499 1.145662 141.1332 -145.9077 201.1423
0.2963408 -0.379605 1.151766 148.8737 -142.7168 198.7225
0.2802275 -0.3717925 1.158602 152.7973 -139.1977 197.3561
0.263626 -0.3722808 1.145418 154.0111 -136.442 196.1347
0.2609404 -0.3586089 1.151277 153.6447 -134.7321 196.4171
0.248001 -0.3590972 1.159578 151.095 -131.6481 196.0507
0.228958 -0.3549468 1.164949 149.0645 -128.8161 195.9591
0.2123564 -0.3608062 1.172029 147.5378 -127.5107 196.692
0.2101592 -0.3456695 1.201326 144.0034 -124.5565 197.1118
0.1952666 -0.3510406 1.22159 140.9118 -121.442 198.2416
0.1989287 -0.3661773 1.238436 135.6523 -118.5184 198.5393
0.1884307 -0.3485991 1.26285 130.721 -115.297 199.463
0.1767119 -0.369107 1.29532 123.9424 -110.0222 200.8294
0.1503447 -0.3593413 1.3024 118.6294 -107.1596 202.3255
0.1405791 -0.3756988 1.311189 113.1561 -104.3657 203.7912
0.1422881 -0.3752105 1.325838 107.4691 -100.526 206.0584
0.1493682 -0.3820464 1.342439 101.6141 -97.54125 208.1271
0.1654814 -0.3725249 1.368074 95.7439 -94.19775 211.2874
0.1779326 -0.3634917 1.370271 90.61413 -90.85423 214.211
0.1964873 -0.3473784 1.392 85.44618 -87.65576 216.0813
0.2030791 -0.3722808 1.373934 83.14848 -82.8466 215.4706
0.09809864 -0.4115874 1.43326 93.07977 -85.77789 215.3637
0.1920928 -0.3871734 1.511385 96.88893 -85.15194 220.692
0.2270049 -0.3459136 1.557039 103.3241 -75.28934 218.0431
0.2038115 -0.3351714 1.563143 105.7439 -70.99927 217.9057
0.2357939 -0.3183257 1.585359 107.9882 -65.16721 219.2034
0.2172393 -0.3368804 1.619051 114.0645 -60.50308 219.0202
0.2355498 -0.2848784 1.628328 118.2477 -53.76262 219.9515
0.241165 -0.2116362 1.594393 116.805 -47.94583 219.9591
0.2326201 -0.2123687 1.587312 119.1408 -45.35041 219.6614
0.2301787 -0.1855132 1.614656 120.8508 -39.41148 220.1729
0.2313994 -0.1503569 1.630769 124.4614 -33.57942 219.1805
0.2379912 -0.08126514 1.63907 122.7515 -28.18247 219.6156
0.2416533 -0.03585498 1.627352 120.9042 -22.19774 220.4324
0.2262725 -0.005825684 1.624178 121.5149 -18.16721 219.0736
0.2831572 0.07718213 1.63492 120.9118 -11.61759 221.7836
0.2397002 0.06839306 1.652498 122.9882 -7.57942 216.4553
0.2152861 0.1199067 1.680086 123.1027 -1.296977 214.5698
0.2064971 0.1797212 1.685457 122.7286 3.481649 212.8065
0.213333 0.2129243 1.703523 126.0645 10.40531 207.7377
0.1916045 0.2427095 1.70157 126.0569 17.50455 204.295
0.1476592 0.2131685 1.701082 131.9347 22.60379 200.0278
0.1168975 0.2634614 1.726228 134.3469 29.62669 197.3866
0.138626 0.3005708 1.706697 133.6676 36.68012 194.7607
0.1483916 0.3576997 1.703279 128.5531 44.25264 191.3408
0.1107939 0.3801606 1.685213 127.3164 51.20684 186.982
0.1010283 0.3782075 1.694002 132.3775 57.98547 179.3713
0.08589161 0.373813 1.678865 133.0569 65.16103 174.1652
0.07954395 0.3740571 1.676424 132.5607 72.9473 169.1423
0.1276397 0.3882173 1.656404 131.1332 81.9931 164.7149
0.1098174 0.349643 1.637605 126.2019 91.16103 161.8904
0.1071318 0.35477 1.633699 126.3164 99.22211 158.2797
0.1210479 0.3450044 1.612703 128.0416 106.8633 153.8065
0.08296192 0.3423188 1.608064 128.6752 115.4511 149.4858
0.1171416 0.3786958 1.579988 127.2324 124.3061 147.3484
0.1081084 0.3464692 1.552889 124.3546 132.1 143.9286
0.1066436 0.340854 1.529939 124.6523 138.5427 140.3561
0.1454619 0.3459809 1.525545 125.1332 144.8633 137.7912
0.185501 0.3796723 1.500887 127.6218 151.0618 135.1194
0.1991729 0.4094575 1.480623 130.7744 156.7641 131.2797
0.1847686 0.4524262 1.465486 134.7668 162.7488 125.1576
0.1955107 0.4443696 1.442293 136.7668 166.245 121.8217
0.1767119 0.5254243 1.454988 138.4309 170.9015 117.8752
0.1764678 0.5713227 1.46573 137.5149 175.9244 112.0889
0.1745147 0.590854 1.466951 137.8279 180.8786 106.2492
0.1881865 0.6282075 1.467928 138.0874 185.2984 99.88279
0.2638701 0.6594575 1.456453 138.3469 191.8175 92.31791
0.1869658 -0.4535796 0.3910234 -8.706489 -10.67102 17.44005
0.1422881 -0.4967925 0.2989824 -15.34771 -14.87713 26.34081
0.1356963 -0.5104644 0.2953203 -16.83626 -16.20537 27.96676
0.1432647 -0.5170562 0.291414 -16.37824 -17.32751 29.18814
0.15596 -0.5194976 0.2733476 -15.44695 -19.08324 30.0202
0.1552275 -0.5199859 0.2721269 -14.52328 -20.44965 30.95913
0.1679229 -0.5151031 0.2713945 -15.24084 -21.30461 32.31028
0.1847686 -0.4916656 0.2691972 -15.87443 -22.22828 33.48585
0.1796416 -0.4735991 0.2696855 -17.0042 -23.74736 34.63089
0.1735381 -0.4538238 0.2638261 -20.17214 -24.99163 35.85226
0.1720732 -0.4406402 0.2518632 -22.30191 -26.73209 36.92096
0.1762236 -0.438687 0.2672441 -23.70649 -28.24354 37.16524
0.188919 -0.4306304 0.263582 -24.0958 -30.36568 37.63852
0.1928252 -0.4152495 0.2850664 -24.40114 -32.31224 38.1576
0.1969756 -0.3932769 0.2984941 -25.30191 -34.17484 38.52402
0.1967315 -0.3747222 0.3231523 -25.63779 -35.8466 38.38661
0.2006377 -0.3571441 0.355623 -26.68359 -36.90003 38.30264
0.1996611 -0.3507964 0.3822343 -27.29428 -38.40385 38.0889
0.2025908 -0.348355 0.4166582 -27.1874 -39.22827 37.79119
0.2042998 -0.3481109 0.4574296 -27.05763 -39.73972 37.40951
0.2104033 -0.3461577 0.4845293 -26.54618 -40.42675 37.27974
0.2292022 -0.3434722 0.5003984 -27.24084 -40.02217 37.34844
0.2348174 -0.3407866 0.5406816 -27.75992 -39.37331 37.03547
0.2455596 -0.3341949 0.5619218 -28.24084 -38.57942 36.73775
0.2501982 -0.3373687 0.5792558 -28.54618 -37.93056 36.93623
0.2397002 -0.3305327 0.6012285 -29.23321 -36.28171 36.71486
0.2401885 -0.3300445 0.602205 -30.50038 -35.01453 36.82936
0.2313994 -0.3227202 0.6112382 -31.58435 -34.03743 36.61562
0.2287139 -0.3249175 0.6134355 -32.9584 -32.59469 36.66142
0.2201689 -0.3117339 0.6097734 -31.29428 -31.82369 35.9973
0.2279814 -0.322232 0.602205 -30.49275 -31.36568 35.53165
0.2284697 -0.3268706 0.6102617 -29.9813 -30.72446 35.32554
0.2174834 -0.3510406 0.602205 -28.96603 -30.57179 35.79119
0.2057647 -0.391812 0.5992754 -29.0271 -30.99163 36.73012
0.2052764 -0.4098784 0.6180742 -32.40878 -30.85423 39.27974
0.2138213 -0.443814 0.6417558 -33.33244 -29.73973 40.98966
0.2243193 -0.4499175 0.6627519 -35.9584 -28.52599 43.98966
0.2292022 -0.443814 0.6673906 -41.48512 -27.25118 47.64615
0.2121123 -0.4496734 0.7064531 -47.30191 -25.67102 51.56218
0.2201689 -0.4474761 0.6961992 -55.9584 -22.88476 55.91333
0.2157744 -0.4548003 0.7052324 -58.79046 -22.43438 58.54691
0.2409209 -0.3908355 0.7301347 -64.12634 -21.12904 62.28738
0.185501 -0.3788726 0.7599199 -66.0042 -18.72446 63.91333
0.227249 -0.33273 0.7523515 -68.68359 -17.36568 65.75302
0.2433623 -0.3190581 0.7738359 -63.50802 -16.67102 63.50875
