-0.3608164 -0.1431411 1.577997 17.44791 -12.82305 26.93292
-0.3573985 -0.1228775 1.613642 17.73035 -10.37267 28.00925
-0.3395762 -0.04670557 1.656855 15.37921 -6.487176 25.99398
-0.3395762 -0.02985987 1.68786 13.2189 -5.540611 27.43673
-0.3244395 -0.008131355 1.698114 12.02806 -4.945191 28.39857
-0.2914805 0.003587395 1.704218 11.07386 -0.7848856 25.65811
-0.2817149 0.02458349 1.723017 11.38684 3.054809 23.24589
-0.2883067 0.04240575 1.747919 11.32577 4.856336 22.03215
-0.2739024 0.06169286 1.761591 11.27997 5.696031 21.41383
-0.2477793 0.03898778 1.781366 13.2647 7.016641 19.73444
-0.1777109 0.0997788 1.810663 14.36394 11.76473 15.34513
-0.1930918 0.1012436 1.82287 11.03569 16.14641 12.59704
-0.1940684 0.1307847 1.899774 11.40974 17.57389 10.25353
-0.15525 0.1085679 1.911493 12.82959 19.6655 8.039786
-0.1196055 0.1259018 1.917108 14.81432 25.18458 4.169557
-0.1418223 0.1483628 1.921991 8.837221 30.8716 9.299328
-0.01511328 0.01310888 1.942011 18.31814 40.38305 -4.425862
-0.08029882 0.105394 2.00329 21.78379 40.24565 -7.051816
-0.003882811 0.1154038 2.041132 24.24944 40.7342 -9.44113
0.07204492 0.1095444 2.056757 25.27997 49.01664 -12.5022
0.0635 0.1517807 2.096064 23.59295 58.48993 -15.82281
0.1081777 0.1361557 2.127802 23.196 65.62733 -16.49457
0.1321035 0.1842515 2.156855 22.77615 72.74947 -19.49457
0.2131582 0.2125718 2.123896 21.0815 85.23801 -23.92968
0.1982656 0.2613999 2.171503 12.2189 87.39832 -18.67014
0.2531972 0.2589585 2.215448 14.1502 92.52809 -25.88388
0.3174062 0.3282944 2.22912 8.631115 97.83344 -25.03655
0.3874746 0.3802964 2.264765 3.028061 105.1388 -27.73884
0.3852773 0.3927475 2.282831 -1.887969 113.5357 -30.39533
0.4587636 0.4816147 2.293329 -10.58263 123.1769 -34.51746
0.5146719 0.4547593 2.389032 -18.72766 134.093 -34.27319
0.5573965 0.5384995 2.445673 -25.39942 144.635 -42.99075
0.7561269 0.5113998 2.424677 -33.16278 163.696 -47.548
0.7871328 0.4940659 2.529413 -32.61316 185.9174 -54.83044
0.7993398 0.5194565 2.418085 -49.15514 220.5357 -56.91441
0.7695547 0.29973 2.570673 -45.33072 240.322 -83.80754
0.9341055 0.4354722 2.750849 -59.07117 236.3143 -57.60143
0.8667227 0.3610093 2.627314 -60.7353 233.1311 -65.58617
0.971459 0.4125229 2.465937 -67.45285 246.0243 -66.29609
1.005639 0.3673569 2.410761 -70.97957 246.0243 -69.51746
1.060814 0.3116929 2.308954 -72.48339 246.0243 -72.48693
1.080834 0.3312241 2.216913 -73.32308 246.0243 -74.31899
1.074975 0.363939 2.098993 -80.93377 246.0243 -73.99075
1.075707 0.3287827 1.994745 -87.38416 246.0243 -73.47929
1.076439 0.3253647 1.898798 -90.44522 246.0243 -73.89151
1.066186 0.3087632 1.832392 -92.54446 246.0243 -74.06709
0.9958731 0.2679917 1.791864 -88.60552 246.0243 -77.19685
1.111596 0.2255112 1.687616 -80.85744 246.0243 -79.47929
1.197777 0.2770249 1.588495 -86.39942 246.0243 -79.3877
1.179955 0.308519 1.516962 -87.12461 246.0243 -80.6396
1.180688 0.3131577 1.464228 -80.24675 246.0243 -83.10525
1.152611 0.3046128 1.438593 -70.36888 246.0243 -88.10525
1.194115 0.3199936 1.383661 -61.98721 246.0243 -95.03654
1.223412 0.3124253 1.321405 -53.32308 246.0243 -101.3343
1.264672 0.3207261 1.250116 -47.96431 246.0243 -106.2732
1.293725 0.33806 1.176874 -44.07117 246.0243 -110.4717
1.300805 0.3358628 1.090448 -39.02537 246.0243 -111.3953
1.315453 0.3375718 1.025263 -33.91087 246.0243 -116.9068
1.348656 0.3260972 0.9410342 -29.48339 246.0243 -120.9678
1.405541 0.3207261 0.8775577 -25.30018 246.0243 -123.1434
1.465844 0.2992417 0.9022159 -19.54446 246.0243 -124.5175
1.471215 0.3080307 0.8480166 -18.9414 246.0243 -127.9068
1.527855 0.3417222 0.7015323 -21.17805 246.0243 -130.3266
1.504174 0.3593003 0.7086123 -31.93377 246.0243 -132.3419
1.589135 0.3566147 0.6046084 -43.8727 246.0243 -137.2656
1.622338 0.2938706 0.678583 -50.36889 246.0243 -137.7312
1.670189 0.2133042 0.6517276 -53.39178 246.0243 -139.3953
1.694604 0.145189 0.6102237 -52.98721 246.0243 -140.0747
1.709496 0.1183335 0.579462 -53.01011 246.0243 -141.5404
1.706322 0.08708349 0.5789737 -49.26202 246.0243 -141.9526
1.745141 0.05192724 0.461542 -43.01774 246.0243 -146.2274
1.652611 0.02922216 0.289667 -39.55209 246.0243 -150.0137
1.57058 -0.05256495 0.2217959 -30.7582 246.0243 -154.1282
1.521752 -0.08991846 0.06676662 -22.77346 246.0243 -161.3114
1.425072 -0.04646143 -0.06165135 -19.99484 246.0243 -167.632
1.343285 -0.2154068 -0.06165135 -26.04064 246.0243 -169.6167
1.174828 -0.2493423 -0.06165135 -27.12461 246.0243 -165.9984
1.144311 -0.3179458 -0.06165135 -41.8269 246.0243 -166.0137
1.092309 -0.5769791 -0.06165135 -45.55209 246.0243 -168.3037
0.9145742 -0.6731705 -0.06165135 -68.25438 246.0243 -168.2503
0.761498 -0.6538834 -0.06165135 -154.8956 246.0243 -159.0824
0.6286855 -0.9861588 -0.06165135 -148.9796 246.0243 -149.7312
0.4165273 -1.400465 -0.06165135 -154.033 246.0243 -119.6167
0.3728261 -1.533034 -0.06165135 -165.8345 246.0243 -112.1434
0.1250234 -1.430495 -0.06165135 -198.1093 246.0243 -48.33426
0.01223047 -1.836256 -0.06165135 -177.7887 245.3067 -69.84571
-0.0326914 -1.836256 -0.06165135 -172.8422 221.7876 -50.4793
0.7888418 0.08561865 0.4586123 -7.597894 -45.02916 -0.6854044
0.7768789 0.06364599 0.4324893 -9.39942 -49.74672 -1.288458
0.7741933 0.04289403 0.4083194 -10.91087 -54.61695 -2.196855
0.7536855 0.01994482 0.385126 -11.60553 -60.07496 -2.838076
0.716332 -0.09187159 0.3387393 -15.30782 -78.50245 -3.670137
0.7072988 -0.1382583 0.3177432 -16.55209 -84.45664 -2.807542
0.6909414 -0.1729263 0.2789248 -18.46812 -90.35741 -0.8075419
0.6921621 -0.215895 0.2564639 -20.79637 -96.98336 1.459634
0.6841054 -0.2371353 0.2359561 -22.23911 -103.9147 4.200092
0.6777578 -0.2478775 0.2100772 -23.55972 -112.2353 6.360397
0.6733633 -0.2532485 0.2108096 -24.47576 -118.6398 8.711542
0.6721426 -0.26277 0.216669 -25.33072 -125.3345 10.28406
0.6614004 -0.2837661 0.2222842 -25.75056 -131.6398 11.99398
0.658959 -0.3020767 0.2405947 -25.33072 -138.5482 13.68101
0.6609121 -0.3311294 0.2130069 -24.74293 -145.2734 15.44437
0.6755605 -0.3552993 0.2110537 -23.7582 -152.5406 17.84895
0.6997304 -0.35652 0.2147158 -23.8727 -159.7773 20.78024
0.7243886 -0.3587173 0.2249697 -24.58262 -167.1513 23.5207
0.7517324 -0.3587173 0.2591494 -25.74293 -173.4719 25.76498
0.7629629 -0.3701919 0.2979678 -28.7811 -178.6704 28.65811
0.7829824 -0.4136489 0.3377627 -31.10934 -184.0673 31.58941
0.8161856 -0.4546646 0.3558291 -31.8956 -187.8994 34.53597
0.827416 -0.4683364 0.3802432 -32.64369 -192.8383 38.85658
0.8579336 -0.4871353 0.4009952 -33.97194 -197.3879 42.72681
0.8791739 -0.4722427 0.4258975 -36.43759 -201.7773 47.13902
0.9065176 -0.4771255 0.4713077 -39.72766 -205.5788 51.94818
0.9165274 -0.472731 0.5347842 -42.28492 -208.1055 56.07796
0.9197012 -0.4793228 0.5748233 -43.08644 -211.3116 59.55887
0.9316641 -0.4856704 0.6148623 -43.50629 -213.2276 63.23063
0.9299551 -0.4993423 0.6800479 -44.32308 -216.0292 67.2001
0.9536367 -0.5222916 0.7269229 -40.97957 -217.1437 70.3604
0.9717031 -0.5237564 0.7657413 -38.74293 -216.4414 73.95582
0.9206778 -0.5479263 0.7838077 -33.33835 -217.0902 77.4062
0.9358145 -0.4910415 0.8157901 -29.35362 -217.3803 79.41383
0.9109121 -0.4905532 0.8546084 -26.44522 -216.1208 81.36803
0.8757559 -0.5010513 0.8673038 -23.12461 -215.3421 83.3604
0.8449942 -0.5176529 0.8665713 -20.804 -214.0597 86.74208
0.8125235 -0.5535416 0.8472842 -18.57499 -212.8307 90.59704
0.7827383 -0.5884537 0.8153018 -16.75056 -212.8765 95.23826
0.7641836 -0.6087173 0.7701358 -15.22385 -213.2963 100.452
0.7412344 -0.6226334 0.7423038 -12.81163 -214.8841 105.8108
0.7229238 -0.6155533 0.7139834 -9.567359 -217.3727 110.139
0.6863027 -0.615065 0.695917 -5.513924 -218.9147 114.2459
0.65725 -0.6258072 0.6641788 -1.269649 -220.0521 117.7726
0.6220937 -0.6343521 0.6168155 4.501344 -221.4566 120.6047
0.5866933 -0.6441177 0.5633487 9.585313 -224.1971 124.3451
0.5603261 -0.6392349 0.5216006 14.42501 -227.4414 128.139
0.5434804 -0.6326431 0.4713077 18.77615 -231.1589 132.2459
0.5195547 -0.6270279 0.4117373 22.24944 -235.8765 136.5665
0.5046621 -0.609938 0.3597354 26.05096 -241.1742 140.5894
0.4858633 -0.5984634 0.3384951 29.16547 -247.8231 144.8566
0.4968496 -0.5713638 0.3060244 30.54715 -253.2124 149.6199
0.501 -0.5637955 0.2923526 32.3334 -254.2429 154.5894
0.5056386 -0.5276627 0.270624 32.07386 -254.2429 159.4596
0.530541 -0.4873794 0.2642764 31.20363 -254.2429 164.1085
0.549584 -0.4580825 0.2657412 29.24944 -254.2429 169.2001
0.589623 -0.4092544 0.2840518 26.06623 -254.2429 175.0169
0.6164785 -0.3665298 0.3311709 22.89066 -254.2429 178.9634
0.6657949 -0.3179458 0.3858584 20.91356 -254.2429 182.1314
0.6963125 -0.2918228 0.4317569 18.92883 -254.2429 185.1619
0.7519765 -0.2334732 0.4905948 16.61585 -254.2429 187.8108
0.7949453 -0.2144302 0.5782413 18.87539 -254.2429 188.3604
0.8591543 -0.1721939 0.6453799 19.31814 -254.2429 188.9329
