-0.5934824 0.02140966 1.393183 13.76852 7.337252 -11.36479
-0.6313242 0.03752294 1.442743 11.2876 3.925038 -4.708305
-0.5917735 0.002366692 1.407831 11.70745 3.176946 -2.03655
-0.583961 0.03361669 1.393427 10.92882 6.535725 -3.311358
-0.5834727 0.05583349 1.404169 10.61585 7.841068 -3.151053
-0.5893321 0.0919663 1.391718 11.23417 7.070076 -2.303725
-0.5741953 0.1117417 1.390009 10.98226 7.405954 -1.883878
-0.5671153 0.1332261 1.385126 10.75325 8.566259 -2.387694
-0.563209 0.1447007 1.379267 10.37921 9.696031 -3.120519
-0.5663828 0.1796128 1.361444 8.447908 10.7571 -3.509832
-0.5712656 0.190355 1.355341 4.98226 11.55099 -3.754107
-0.5773692 0.1896225 1.33996 1.402107 11.7342 -3.418229
-0.583961 0.1627671 1.336542 -1.880336 11.83344 -2.906778
-0.5729746 0.1405503 1.329462 -4.185679 12.21511 -3.257924
-0.5827403 0.09806982 1.328241 -5.223847 12.22275 -3.364794
-0.5834727 0.05827489 1.328974 -4.246748 11.7342 -3.227389
-0.597877 0.02653661 1.343622 -3.559725 11.28382 -3.074718
-0.6027598 -0.01179346 1.339228 -2.200946 11.01664 -2.670137
-0.5983653 -0.02448878 1.349481 -1.231481 10.7571 -1.494565
-0.5932383 -0.03254542 1.357294 -0.9566718 10.25328 -0.08235109
-0.5820078 -0.03791651 1.361933 -0.7810992 10.7571 1.215359
-0.5829844 -0.03376612 1.373896 -0.9032368 11.10824 2.795511
-0.5817637 -0.02229151 1.393915 0.3639389 11.6884 3.352763
-0.5883555 -0.03547511 1.400995 2.127298 11.43649 3.96345
-0.583961 -0.04499659 1.414911 5.692183 11.61206 3.932916
-0.575416 -0.06379542 1.415644 10.13493 11.54336 3.787878
-0.5690684 -0.07771143 1.432733 14.75325 11.6884 3.245893
-0.5573496 -0.07697901 1.43786 18.30287 12.83343 3.169557
-0.5558848 -0.07673487 1.434931 21.57005 13.91741 3.26116
-0.5448985 -0.0642837 1.437616 22.78379 14.52046 4.864214
-0.5422129 -0.0420669 1.442011 23.41738 16.6655 5.543603
-0.5507578 0.05607763 1.415888 19.70745 18.27618 5.070321
-0.5627207 0.03337255 1.446894 18.0357 18.16168 6.34513
-0.5334239 0.05021825 1.446894 16.2418 17.97084 8.436733
-0.5109629 0.05925146 1.410273 16.56241 20.98611 5.352764
-0.5119395 0.05973974 1.423212 16.60058 22.29145 5.215359
-0.5278086 0.06266943 1.432001 17.79906 22.33725 5.53597
-0.514625 0.06828466 1.414179 19.3105 23.37542 5.169557
-0.5151133 0.07975927 1.402948 19.56241 25.41359 4.55887
-0.5195078 0.09684912 1.390253 20.30287 26.78 4.413832
-0.5224375 0.103685 1.390253 21.53188 26.88687 4.589405
-0.5202403 0.1146714 1.368524 23.27997 28.10825 3.55887
-0.5280528 0.1212632 1.347528 24.77615 29.09298 2.184824
-0.5448985 0.1354233 1.348505 26.18837 29.33725 0.9939848
-0.544166 0.1415268 1.347528 27.11967 29.05481 0.4443665
-0.5324473 0.1456772 1.338739 27.96699 29.07008 -0.7770075
-0.5209727 0.1483628 1.325067 27.94409 30.08534 -1.777007
-0.53025 0.1456772 1.316034 27.43264 30.63496 -2.906778
-0.5341563 0.1515366 1.299921 25.72272 31.13115 -3.105252
-0.5434336 0.1503159 1.279657 22.91356 31.65023 -3.311358
-0.549293 0.1652085 1.268427 17.95936 31.74183 -2.975481
-0.5497813 0.1681382 1.25744 12.86776 31.46702 -2.196855
-0.5522227 0.1703354 1.243036 8.058596 30.7571 -1.151053
-0.5602793 0.1683823 1.224237 2.844855 30.77237 -0.937313
-0.5629649 0.1625229 1.227899 -0.7276641 30.12351 -0.7235723
-0.5732188 0.1610581 1.231073 -2.956672 29.01664 -0.8762442
-0.5646739 0.1405503 1.227411 -3.246748 27.99374 -1.616702
-0.5619883 0.1315171 1.233515 -2.857435 27.59679 -2.860977
-0.5573496 0.1232163 1.23913 -1.826901 27.02427 -4.418229
-0.5558848 0.1202866 1.253046 -1.29255 26.77237 -5.46403
1.137719 -0.1792739 -0.06165135 45.37157 246.0243 -191.3877
0.9812246 -0.78694 0.1702822 -98.08644 246.0243 -136.0289
0.992211 -0.6878189 0.2108096 -89.42995 246.0243 -129.9755
1.006615 -0.5857681 0.2242373 -81.71239 246.0243 -126.4182
1.014428 -0.5379166 0.1932315 -70.20858 246.0243 -125.5251
0.9951406 -0.4834732 0.1776065 -54.97957 246.0243 -127.9373
0.9670645 -0.432936 0.09899319 -43.8269 246.0243 -130.5098
0.8799063 -0.4239028 -0.0199033 -34.39178 246.0243 -133.0595
0.8010489 -0.4348892 -0.06165135 -26.14751 246.0243 -135.2427
0.6982656 -0.4722427 -0.06165135 -20.04827 246.0243 -136.4488
0.5915761 -0.5540298 -0.06165135 -17.23911 246.0243 -134.6091
0.509789 -0.6009048 -0.06165135 -11.46812 246.0243 -133.8228
0.3698965 -0.646315 -0.06165135 -10.65896 246.0243 -121.5633
0.2126699 -0.7046646 -0.06165135 -12.24675 246.0243 -120.4946
0.1701895 -0.7476334 -0.06165135 -15.95667 246.0243 -129.2121
0.2251211 -0.8662857 -0.06165135 -12.59789 246.0243 -121.5098
0.1176992 -0.8657974 -0.06165135 3.028061 246.0243 -109.8762
-0.02732031 -0.8491959 -0.06165135 0.4860764 227.0472 -98.89151
-0.1320566 -0.6316666 -0.06165135 -28.60553 194.2075 -87.74648
-0.184791 -0.9463638 -0.06165135 -33.30018 196.2533 -81.32662
-0.2448496 -0.9488052 -0.06165135 -35.06354 170.6197 -66.79227
-0.3259043 -0.9456314 -0.06165135 -28.7124 141.6197 -68.97548
-0.3249278 -0.8648209 -0.06165135 -33.9414 121.9937 -58.30372
-0.3073496 -0.9580826 -0.06165135 -33.13988 98.37542 -48.13578
-0.3317637 -0.9261002 -0.06165135 -31.96431 76.24564 -38.4793
-0.2924571 -0.9236588 -0.06165135 -29.46812 56.09298 -30.83044
-0.1835703 -0.8657974 -0.06165135 -31.37652 38.58153 -24.05945
-0.08249609 -0.8767838 -0.06165135 -33.07881 27.92504 -17.76174
0.004662111 -0.8352798 -0.06165135 -32.40705 17.8716 -11.5938
0.08132227 -0.8079361 -0.06165135 -35.75056 10.6655 -4.937313
0.1753164 -0.7930435 -0.06165135 -39.39942 4.99374 2.429099
0.2239004 -0.78694 -0.06165135 -43.7353 1.436488 9.589404
0.261498 -0.7959732 0.0294131 -47.28492 -0.6016796 16.91002
0.2785879 -0.8086685 0.05724514 -48.01011 -3.685649 23.05505
0.2939687 -0.8133072 0.07653224 -48.34599 -7.242901 29.02452
0.3169179 -0.8040298 0.08898342 -48.93377 -11.22 34.59704
0.3286367 -0.8123306 0.07946193 -47.56736 -15.78489 39.5207
0.3425527 -0.8108658 0.1031436 -44.88797 -20.55588 44.13139
0.346459 -0.8230728 0.1329287 -39.91087 -25.82306 47.3146
0.3474355 -0.844313 0.1475772 -33.42232 -29.80015 49.71918
0.3496328 -0.8819107 0.1500186 -23.31545 -35.0826 51.3604
0.3476797 -0.8767838 0.1375674 -21.94904 -38.82305 56.39093
0.322289 -0.9053482 0.1365908 -15.7811 -43.3345 59.97108
0.3198476 -0.8968033 0.1199893 -11.33835 -47.85359 63.94055
0.297875 -0.9109634 0.1080264 -5.849802 -53.99099 67.71154
0.2968984 -0.9031509 0.08751858 -2.819267 -58.81542 72.13902
0.2810293 -0.8968033 0.08361233 -3.796367 -63.60931 77.25352
0.2759023 -0.9358658 0.08068264 -5.078809 -68.16656 83.03216
0.2763906 -0.9412369 0.07921779 -6.61316 -73.62458 89.4978
0.2707754 -0.9856705 0.06530178 -9.132244 -79.61695 97.21536
0.2983633 -1.001051 0.08141506 -11.62843 -83.67039 104.8337
0.2824941 -1.007887 0.06090724 -14.95667 -88.52534 112.994
0.2817617 -1.024001 0.06408107 -17.48339 -93.68565 120.3833
0.2820058 -1.061354 0.06334865 -17.16278 -99.44138 127.2612
0.2221914 -1.177809 -0.03259861 -5.345985 -120.0902 146.5665
0.2480703 -1.175368 -0.04675877 -2.887969 -125.2582 153.7573
0.2544179 -1.180983 -0.06165135 -3.231481 -132.1131 161.9558
0.2490469 -1.211989 -0.06165135 -4.422321 -140.3192 170.7726
0.2268301 -1.232252 -0.06165135 -7.048275 -151.0902 181.8031
0.3115469 -1.211501 -0.06165135 -2.239114 -156.6017 187.2535
0.3210683 -1.244704 -0.06165135 -3.559725 -172.2887 197.3909
0.3999258 -1.256178 -0.02893651 1.218901 -178.2353 203.2077
0.4385 -1.242262 0.005243182 3.531878 -183.3269 210.7192
0.4448476 -1.275465 0.01207912 6.508977 -193.3345 219.2688
0.5442129 -1.294508 0.07702053 11.48608 -197.7696 227.1696
0.6169668 -1.276198 0.09557522 15.92119 -201.8612 235.0398
0.6316152 -1.25154 0.1099795 21.3105 -209.1971 243.2001
0.7019277 -1.214918 0.1304873 30.63875 -215.4948 248.6505
0.7619863 -1.147536 0.1776065 38.11203 -218.4185 251.6963
0.7871328 -1.107008 0.2161807 46.79905 -221.8536 251.6963
0.8239981 -1.030348 0.2347354 57.39447 -224.0521 251.6963
0.8298574 -0.9741959 0.2318057 63.84486 -227.5482 251.6963
0.8552481 -0.9075455 0.2281436 69.13493 -229.6933 251.6963
0.877709 -0.8601822 0.178583 72.72272 -232.2353 251.6963
0.9287344 -0.7791275 0.08580959 74.3105 -235.1589 251.6963
0.9231192 -0.7461685 0.1321963 73.73798 -240.4719 251.6963
0.8647696 -0.7281021 0.1412295 87.40211 -244.3421 251.6963
0.8965078 -0.6087173 0.09557522 88.43264 -248.2582 251.6963
0.8928457 -0.4986099 0.0606631 84.18837 -251.6551 251.6963
0.8532949 -0.3689712 0.01671779 82.02806 -253.8918 251.6963
0.8264395 -0.2478775 -0.00354588 79.64639 -254.2429 251.6963
0.8581778 -0.09406885 -0.0433408 78.73035 -254.2429 251.6963
0.9013906 -0.06184229 -0.05676854 76.89066 -254.2429 251.6963
0.9406973 0.02311864 -0.01013768 72.38684 -254.2429 251.6963
0.9206778 0.09025732 0.02428615 70.27997 -254.2429 251.6963
0.9687735 0.0997788 0.05309474 72.41737 -254.2429 251.6963
-0.5539317 -0.1231216 1.668085 3.455542 -15.97573 -6.433496
-0.5627207 -0.1175064 1.689814 4.959359 -13.25817 -8.509832
-0.5627207 -0.1375259 1.704218 6.585313 -11.89176 -8.639604
-0.5439219 -0.1482681 1.689569 9.020428 -10.90702 -8.303725
