1.216995 0.2375825 1.35074 -3.500382 -14.20537 20.95913
1.199661 0.2180513 1.361482 -5.263741 -12.94583 18.65379
1.186478 0.2104829 1.379549 -8.019465 -11.70156 16.77592
1.159866 0.2092622 1.384676 -10.08053 -10.32751 15.05073
1.258011 -0.1598784 1.050691 -20.46985 62.39768 16.34844
1.2043 -0.1845366 1.023103 -21.05 44.84806 22.67669
1.209671 -0.1808745 1.016268 -18.57672 43.42058 22.53928
1.220901 -0.1867339 1.012361 -15.88206 41.32898 22.40188
1.225052 -0.1833159 1.009432 -13.62252 39.62669 22.24921
1.23262 -0.1830718 1.006258 -12.1187 37.70303 22.25684
1.237991 -0.1745269 0.9962481 -11.56145 36.16867 22.14997
1.236282 -0.1830718 1.000643 -10.81336 34.05417 22.09653
1.22139 -0.1813628 0.9984453 -8.179771 32.28318 21.1805
1.224075 -0.1811187 0.9930742 -7.118702 30.41295 20.81409
1.207962 -0.1715972 0.9947832 -7.714122 27.95493 20.96676
1.195511 -0.1737944 0.9901445 -9.065268 25.56562 21.49348
1.195511 -0.1667144 0.9879473 -9.301908 23.38241 21.49348
1.192825 -0.1718413 0.997957 -9.920229 21.25264 21.75302
1.180374 -0.1659819 1.003816 -11.30191 19.06944 22.066
1.175003 -0.1650054 1.003816 -11.59198 17.35951 22.40188
1.164993 -0.17648 1.022371 -11.0958 15.71829 22.16524
1.15596 -0.1752593 1.015535 -10.17214 13.93966 22.25684
1.140823 -0.1825835 1.012361 -7.782825 12.55035 21.85989
1.149612 -0.1813628 1.020418 -5.286641 10.58088 21.21104
1.142288 -0.1857573 1.014314 -2.630153 8.390045 21.12707
1.158401 -0.1816069 1.008699 1.728626 6.496916 19.94386
1.168167 -0.179898 1.014803 5.720993 4.496916 18.79119
1.165726 -0.1723296 1.017244 6.743893 3.023633 19.0202
1.175979 -0.1691558 1.013094 8.446182 1.077069 18.47058
1.173782 -0.1613433 0.9964922 9.804962 -1.442015 18.0889
1.197464 -0.1567046 1.008943 9.255344 -3.709191 18.08127
1.175735 -0.1423003 1.02701 6.400382 -8.984 18.60798
1.146683 -0.1213042 1.008455 5.049237 -9.854229 19.24921
1.125442 -0.14523 1.007723 11.55305 -14.37331 17.09653
1.172562 -0.1337554 1.040926 33.53778 -18.58705 10.59272
1.218216 -0.140103 1.083162 45.91183 -16.52598 7.356076
1.220657 -0.09689014 1.059969 50.9042 -15.41912 4.997297
1.209183 -0.06808155 1.011141 54.13321 -18.23591 3.066
1.215286 -0.07882373 0.9989336 53.01107 -21.68629 1.87516
1.228714 -0.06075733 1.005037 50.33931 -24.38095 0.1270695
1.229202 -0.06979053 1.030184 47.50725 -25.81606 -1.094305
1.252884 -0.08224171 1.035311 47.44618 -26.22064 -3.781328
1.260452 -0.08981007 1.026521 47.95 -27.47255 -6.010336
1.275589 -0.1073882 1.026277 49.89656 -28.90003 -8.31568
1.299271 -0.1064116 1.034578 50.9271 -30.06034 -10.08667
1.309524 -0.1144683 1.034578 50.96527 -31.25881 -11.38438
1.309036 -0.1178862 1.046297 50.74389 -32.44202 -12.13247
1.313431 -0.1193511 1.048006 50.47672 -33.04507 -12.58285
1.318802 -0.1191069 1.046785 48.67519 -34.22064 -12.39202
1.309036 -0.1271636 1.050447 46.52252 -35.80079 -11.8424
1.310745 -0.1322905 1.053377 47.14084 -37.0298 -11.78133
1.322464 -0.1318022 1.06949 46.46145 -37.86186 -11.01797
1.322708 -0.1149565 1.074373 45.59122 -38.67102 -10.30041
1.313919 -0.1176421 1.081697 43.95 -39.49545 -9.659191
1.302933 -0.1134917 1.083406 41.76679 -40.28171 -8.269878
1.285354 -0.09859913 1.105379 38.34695 -40.9382 -7.033237
1.271927 -0.08614796 1.1149 34.21717 -41.40385 -5.758427
1.245315 -0.07833545 1.129305 28.66756 -41.79316 -4.468351
1.224808 -0.06808155 1.146394 22.47672 -41.82369 -3.460718
1.209671 -0.06515186 1.161775 16.73626 -42.13667 -2.140106
1.195022 -0.06393116 1.169832 11.39275 -41.76262 -1.361481
1.18428 -0.07638233 1.179353 6.54542 -40.80079 -1.170641
1.183792 -0.08248585 1.193514 1.644657 -40.0985 -0.4988861
1.169876 -0.08590382 1.191072 -3.737023 -39.27407 0.2034054
1.156204 -0.09103077 1.19449 -8.210305 -38.82369 0.9133282
1.151321 -0.1020171 1.205232 -11.47748 -38.06797 1.25684
1.151321 -0.1200835 1.213045 -12.9584 -37.74736 1.562183
1.158646 -0.1154448 1.225252 -14.40114 -36.92293 1.74539
1.161575 -0.1203276 1.236238 -16.06527 -35.0756 1.775923
1.162796 -0.1242339 1.24283 -18.19504 -33.77026 1.966763
1.165237 -0.1359526 1.237215 -19.86679 -32.54125 2.035465
1.157425 -0.1405913 1.248201 -20.62252 -31.22828 1.898062
1.158401 -0.1535308 1.242098 -20.36298 -30.20537 1.806458
1.160843 -0.1535308 1.246492 -19.08053 -28.86186 1.043098
1.155472 -0.1615874 1.246492 -16.42405 -26.99163 0.3102741
1.163528 -0.1593901 1.265779 -13.99656 -25.69392 -0.4072819
1.171341 -0.1569487 1.261141 -10.94313 -23.88476 -1.704992
1.177444 -0.1698882 1.248689 -8.553817 -22.48018 -2.285145
1.189407 -0.162564 1.252107 -6.401145 -21.19011 -2.934
1.193069 -0.162564 1.246248 -5.355344 -19.45728 -2.987434
1.202835 -0.1723296 1.24283 -5.248473 -18.30461 -2.872931
1.214554 -0.1659819 1.24283 -5.759924 -16.95347 -2.605755
1.224319 -0.1701323 1.23868 -6.706489 -15.58705 -1.80423
1.233841 -0.178189 1.240389 -7.011832 -14.66339 -0.8423977
1.243362 -0.1860015 1.237459 -7.767557 -13.18247 0.3484421
1.257522 -0.190396 1.235018 -8.424046 -11.99927 1.737755
1.252151 -0.1923491 1.226473 -9.187405 -10.69392 3.211039
1.248733 -0.1891753 1.228426 -10.04237 -9.419115 4.638519
1.243362 -0.1852691 1.223055 -10.80573 -8.266443 6.165236
1.239456 -0.1906401 1.218172 -11.67595 -6.907664 7.68432
1.233841 -0.1872222 1.225984 -12.34771 -5.594687 9.180504
1.226272 -0.1838042 1.227937 -13.14924 -4.457283 10.50111
1.225052 -0.1796538 1.229158 -13.66069 -3.266443 11.70722
1.222854 -0.1806304 1.223787 -14.10344 -1.800794 12.9744
1.218216 -0.1828276 1.231111 -14.69885 -0.556519 14.27211
1.229446 -0.1813628 1.229402 -15.43168 0.7640915 15.49348
1.235794 -0.1808745 1.214266 -15.28664 1.725924 16.63089
1.221146 -0.1181304 1.173006 20.69809 -0.08323669 2.959129
1.175003 -0.1564605 1.186678 27.21718 -6.472549 22.53928
1.170364 -0.129605 1.188631 27.62939 -6.68629 24.40188
1.17305 -0.1606108 1.200594 24.79733 -6.648122 25.81409
1.170853 -0.1132476 1.186434 19.10267 -6.869496 27.11943
1.162552 -0.1527983 1.193758 16.74389 -7.075603 29.05073
1.183792 -0.133023 1.198641 5.217175 -7.915298 31.2034
1.193069 -0.06441944 1.183748 0.1866412 -8.029801 34.27974
1.210892 -0.1610991 1.183504 -1.271374 -6.938199 37.32554
1.245315 -0.1215483 1.180086 -15.79809 -6.808427 38.76829
1.204544 -0.1037261 1.183016 -19.75229 -9.029801 40.79119
1.237259 -0.2011382 1.182527 -18.42405 -8.800795 43.09653
1.230179 -0.178189 1.174959 -20.17214 -8.869496 43.69958
1.225784 -0.1813628 1.182283 -13.80573 -9.548885 44.59272
1.229202 -0.1935698 1.185213 -10.0729 -9.09087 44.48585
1.219192 -0.1444976 1.194246 -6.851527 -9.136671 43.9744
1.226028 -0.1542632 1.183504 -2.775191 -8.930565 44.1118
1.233597 -0.1510894 1.19034 -2.637786 -8.564153 43.86753
1.242386 -0.1352202 1.183992 -1.43168 -8.594687 43.93623
1.259231 -0.1613433 1.185457 1.140839 -8.541252 43.85989
1.272903 -0.1518218 1.183504 1.804962 -8.067969 43.87516
1.287796 -0.1488921 1.189363 3.86603 -8.045069 43.9744
1.294632 -0.1610991 1.170564 5.285878 -7.922931 44.00493
1.305374 -0.1513335 1.178377 5.67519 -8.358046 44.52402
1.310745 -0.1449858 1.171785 5.621755 -8.556519 45.29501
1.308792 -0.1415679 1.171053 4.911832 -8.686291 45.82172
1.305374 -0.1247222 1.179109 3.743893 -8.785526 46.37135
1.295608 -0.1103179 1.178377 2.659923 -8.762627 46.31027
1.291946 -0.1015288 1.186678 1.117939 -8.373313 46.89043
1.283646 -0.09591358 1.186189 -0.5996184 -7.854229 46.55455
1.282425 -0.08736866 1.195955 -1.004199 -7.365679 46.14997
1.277054 -0.07931201 1.192293 -1.553817 -7.144305 45.58508
1.276321 -0.06100147 1.203279 -2.584351 -6.663389 44.68432
1.280472 -0.03927295 1.201082 -4.637786 -5.968733 43.40188
1.277298 -0.0263335 1.208406 -8.118702 -4.869496 41.9286
1.268997 -0.01559131 1.205721 -13.05763 -3.770259 40.50111
1.257278 -0.0119292 1.20865 -17.92786 -2.945832 39.27974
1.245315 -0.01144092 1.197908 -23.30191 -1.907664 38.1805
1.240677 -0.02584522 1.216707 -27.68359 -1.045069 37.27211
1.236038 -0.03756397 1.223543 -31.1187 -0.373313 36.18814
1.223587 -0.04806201 1.22574 -32.46985 0.703023 34.81409
1.214065 -0.06466358 1.224764 -31.67595 1.237374 33.28738
1.201858 -0.06368701 1.224275 -29.75229 1.947298 31.56218
1.183792 -0.06856983 1.230867 -28.82862 2.970199 30.10417
1.182815 -0.07272022 1.227693 -27.65305 4.054168 29.1576
1.177444 -0.07369678 1.237459 -26.26374 4.550351 27.91333
1.176468 -0.08443897 1.226228 -24.42405 5.527451 27.0889
1.175003 -0.08053272 1.23282 -22.1874 5.90913 26.47058
1.181351 -0.08858936 1.22867 -19.37061 6.466382 25.98203
1.175979 -0.1012847 1.219881 -15.97366 6.74119 25.9515
1.172562 -0.09835499 1.204744 -12.9126 7.290809 25.40951
1.168167 -0.09469288 1.203279 -9.591985 7.435848 25.14234
1.165481 -0.08834522 1.203768 -6.851527 7.000733 25.41714
