0.1189199 0.4012925 1.73498 -74.88797 -166.2505 110.8489
0.07375391 0.3488022 1.738886 -72.23911 -162.6628 108.4978
0.0178457 0.3131577 1.709589 -66.52919 -161.075 106.0856
-0.03366797 0.2872788 1.719355 -61.41468 -160.8994 104.0474
-0.08078711 0.278978 1.718378 -52.50629 -160.6933 100.7573
-0.09592382 0.2750718 1.723505 -44.26965 -161.2124 98.3375
-0.09055273 0.2794663 1.743769 -36.09407 -161.136 95.83368
-0.09030859 0.3217026 1.800165 -28.39942 -160.762 94.11613
-0.07858984 0.3544175 1.859491 -21.31545 -158.4032 90.32986
-0.07468359 0.402269 1.918085 -15.68186 -156.7162 88.4291
-0.07224219 0.4347397 1.973017 -11.45286 -153.0215 85.58941
-0.06052344 0.5101791 2.031855 -9.529191 -149.2887 83.95582
-0.0170664 0.5570541 2.060175 -7.50629 -143.0063 79.90238
-0.02927344 0.621019 2.129999 -5.811634 -138.9223 79.10085
-0.02927344 0.6385971 2.165155 -4.964305 -129.1971 73.16193
-0.01218359 0.6266342 2.222284 12.31814 -122.0444 68.27643
-0.0170664 0.6932846 2.087519 6.104397 -107.907 79.2459
0.05544336 0.7660385 2.177607 11.94409 -84.1284 42.71918
-0.106666 0.6942612 2.250116 29.34104 -82.12077 53.78788
-0.06320899 0.6346909 2.21496 50.23417 -81.35741 50.70391
-0.1327891 1.215257 2.58581 1.112031 -31.0597 -23.25792
-0.6093516 0.8778549 2.585566 -4.865069 -92.90703 26.20009
-0.3053965 0.9689194 2.526728 2.722718 -93.95283 45.76498
-0.2089609 0.8531967 2.398554 -0.04064119 -93.25817 46.07032
-0.06980078 0.7675034 2.280146 -1.597893 -66.90702 26.69627
1.073022 -1.249586 -0.06165135 -33.97194 19.43649 21.00162
0.9822012 -1.505934 -0.06165135 -11.19331 2.543358 48.20773
0.9682852 -1.447585 -0.06165135 4.508977 -2.464275 51.74208
0.9206778 -1.346022 -0.06165135 11.77615 -11.13603 61.32986
0.8723379 -1.300612 -0.06165135 15.20363 -18.65512 71.26116
0.8369375 -1.264235 -0.06165135 19.0586 -27.3345 80.78024
0.7815176 -1.212477 -0.06165135 21.53188 -37.75435 90.6123
0.7368398 -1.162917 -0.06165135 23.1731 -49.72382 99.48254
0.7273183 -1.107985 -0.06165135 23.66928 -62.27343 108.1238
0.7192617 -1.065749 -0.06165135 22.77615 -75.26581 116.5054
0.7072988 -1.037672 -0.06165135 21.99753 -88.69328 124.9482
0.7060781 -1.032057 -0.06165135 21.58531 -102.6704 133.3986
0.7307363 -1.030104 -0.06165135 21.62348 -113.5101 140.2077
0.7566152 -1.033278 -0.06165135 21.73799 -126.3269 147.6428
0.7556386 -1.043532 -0.06165135 24.00516 -138.8918 154.9024
0.7895742 -1.022292 -0.06165135 24.196 -150.365 162.2459
0.8303457 -1.032545 -0.06165135 23.11203 -161.6933 170.5512
0.8689199 -1.02986 -0.06165135 23.85249 -174.2505 178.5436
0.9155508 -0.9993423 -0.06165135 23.66928 -184.7086 186.4138
0.9563223 -0.9876236 -0.06165135 23.71508 -196.6551 194.2688
1.030785 -0.9519791 -0.06165135 22.00516 -206.22 202.6734
1.099877 -0.8921646 -0.06165135 23.58531 -215.5941 207.2688
1.156273 -0.8870377 -0.06165135 23.20363 -224.533 212.0322
1.201439 -0.8716568 -0.06165135 24.95173 -229.6398 215.368
1.248314 -0.8294205 -0.06165135 24.40974 -235.5941 224.2001
1.244897 -0.8208755 -0.04114354 23.2647 -241.7849 232.5283
1.30935 -0.7796158 -0.04968846 23.93646 -243.7543 235.0627
1.296654 -0.7815689 -0.05676854 20.18073 -253.2047 245.5054
1.351098 -0.7813248 -0.0433408 17.55478 -254.2429 250.4291
1.359643 -0.7293228 -0.03723729 13.24944 -254.2429 251.6963
1.330102 -0.7386002 -0.04529393 11.0815 -254.2429 251.6963
1.348412 -0.7085709 -0.06165135 12.72272 -254.2429 251.6963
1.316918 -0.7171158 -0.06165135 12.0815 -254.2429 251.6963
1.319604 -0.7017349 -0.06165135 13.53951 -254.2429 251.6963
1.313256 -0.6817154 -0.06165135 13.57005 -254.2429 251.6963
1.294213 -0.6773209 -0.06165135 12.2876 -254.2429 251.6963
1.288598 -0.6748795 -0.06165135 13.01279 -254.2429 251.6963
1.325219 -0.6148209 -0.06165135 11.08913 -254.2429 251.6963
1.342309 -0.5823502 -0.06165135 6.852489 -254.2429 251.6963
1.377709 -0.5581802 -0.06165135 3.860122 -254.2429 251.6963
1.430688 -0.5320572 -0.06165135 1.341038 -254.2429 251.6963
1.434838 -0.5330338 -0.06165135 0.6387481 -254.2429 251.6963
1.484398 -0.5117935 -0.06165135 0.508977 -254.2429 251.6963
1.532982 -0.4644302 -0.06165135 -0.07880914 -254.2429 251.6963
1.58474 -0.432936 -0.06165135 -2.475756 -254.2429 251.6963
1.610863 -0.4324478 -0.06165135 -4.155145 -254.2429 251.6963
1.623803 -0.4549087 -0.06165135 -3.979573 -254.2429 251.6963
1.697289 -0.4290298 -0.06165135 -2.857435 -254.2429 251.6963
1.733422 -0.3809341 -0.06165135 -3.155145 -254.2429 251.6963
1.775658 -0.3933853 -0.06165135 -0.9185039 -254.2429 251.6963
1.771996 -0.3594497 -0.06165135 0.3944733 -254.2429 251.6963
1.847191 -0.3467544 -0.06165135 4.218901 -254.2429 251.6963
1.899682 -0.2945083 -0.06165135 8.829588 -254.2429 251.6963
1.93557 -0.2737564 -0.06165135 14.2876 -254.2429 251.6963
1.995629 -0.2007583 -0.06165135 21.1731 -254.2429 251.6963
2.027611 -0.1626724 -0.02551854 30.77615 -254.2429 251.6963
2.064904 -0.1182388 0.0113467 46.01279 -254.2429 251.6963
1.87307 0.1598374 0.0606631 49.1273 -254.2429 251.6963
2.030297 0.4125229 0.06090724 34.13493 -254.2429 251.6963
2.064904 0.3549057 0.1453799 24.44028 -254.2429 251.6963
2.060326 0.2562729 0.5272159 38.46318 -254.2429 251.6963
2.064904 0.2001206 0.5872745 54.25707 -254.2429 251.6963
2.064904 0.2367417 0.6431827 61.3334 -254.2429 251.6963
2.064904 0.2509018 0.7249698 66.61584 -254.2429 251.6963
2.064904 0.2909409 0.8218936 80.44028 -254.2429 241.0092
2.064904 0.4198472 0.9488467 90.83722 -254.2429 233.4978
2.064904 0.4640366 1.059931 90.69218 -254.2429 229.6657
2.064904 0.4618393 1.147821 94.74562 -254.2429 223.8108
2.013939 0.5404526 1.42956 97.48608 -254.2429 217.6047
1.994164 0.6354233 1.567743 90.84486 -254.2429 212.5665
1.881615 0.7985092 1.861933 99.90592 -254.2429 195.0245
1.753686 0.7465073 2.011591 89.80669 -254.2429 189.6505
1.616234 0.7374741 2.04455 88.27997 -254.2429 192.7039
1.665795 0.8155991 2.220087 92.95936 -254.2429 180.3451
1.591332 0.6473862 2.495966 109.2876 -254.2429 160.2535
1.431176 0.7968002 2.680292 102.2036 -254.2429 151.5054
1.387963 1.021165 2.839228 87.89066 -254.2429 151.307
1.211449 0.6888901 2.801874 88.3334 -254.2429 128.7497
1.30349 0.992601 3.014765 83.196 -254.2429 123.078
1.167992 0.7985092 2.963984 82.39448 -254.2429 112.7268
1.154076 0.7665268 2.867304 93.52425 -254.2429 101.1314
0.9585196 0.8712631 2.952265 82.76089 -237.1055 89.03216
0.8855215 0.9125229 3.021112 77.97462 -219.4719 76.14666
0.7236562 1.197923 3.252558 9.928824 -188.5177 73.3146
0.7810293 0.8842026 3.24328 -7.429955 -130.6017 59.72681
0.5840078 0.7938705 3.146845 23.57768 -156.2429 57.66574
0.400414 1.050951 3.478876 3.776153 -135.3269 50.28406
0.4238515 0.7238022 3.324091 20.86012 -130.907 46.05505
0.3078847 0.6674057 3.279902 63.91356 -134.2429 44.02452
0.2793203 0.6356674 3.30163 83.50134 -136.3879 44.52834
0.2297598 0.6962143 3.087275 99.47845 -128.6398 44.4978
0.749291 0.7135483 2.370722 7.989893 -224.8231 130.4138
-0.06418555 0.5968491 2.317743 15.66928 -63.20473 56.92529
-0.1276621 0.6427475 2.280146 15.32577 -58.07496 54.42147
-0.1215586 0.6195541 2.228388 13.89066 -50.66275 52.65811
-0.1896738 0.6581284 2.238886 10.53951 -42.74672 50.90238
-0.2267832 0.669603 2.195429 9.814321 -37.54824 47.86422
-0.2487559 0.7184311 2.181025 8.852489 -33.68565 45.00162
-0.2511973 0.7455307 2.153193 7.279969 -26.89939 41.26116
-0.2807383 0.7787338 2.135126 5.325771 -20.80015 36.85658
-0.295875 0.8007065 2.107782 3.852489 -16.0826 32.50544
-0.3078379 0.8090073 2.08581 2.608214 -12.18183 27.5436
-0.3173594 0.8104721 2.050409 -0.5291909 -4.1971 23.13902
-0.3605723 0.8160873 2.012812 -3.605527 3.825801 17.98635
-0.3823008 0.7496811 1.951532 -5.987206 8.428855 14.07032
-0.4411387 0.7684799 1.914911 -5.193313 9.253283 9.368031
-0.4626231 0.6554428 1.802606 -3.437588 9.604427 5.497802
-0.5070567 0.700853 1.744989 -8.025374 14.29145 2.520702
-0.5419688 0.6432358 1.606562 -6.254382 14.60443 -1.433496
-0.5094981 0.6881577 1.524042 -11.04827 19.20748 -7.525099
-0.564918 0.6617905 1.474481 -26.67423 25.74947 -10.6396
-0.6469492 0.5870834 1.475214 -35.51392 25.05481 -11.4793
-0.6960215 0.558519 1.428095 -40.27728 18.65023 -9.586168
-0.6852793 0.4857651 1.371942 -44.46812 10.74183 -7.219756
-0.676002 0.4371811 1.345087 -48.43759 8.810534 -10.09762
-0.6835703 0.3619858 1.32873 -50.63606 7.955572 -12.06708
-0.7060313 0.3173081 1.370478 -50.72766 3.67313 -11.47166
-0.6757578 0.2775132 1.395624 -49.20858 -1.754351 -9.944947
-0.6667246 0.2513901 1.406366 -44.97194 -0.6016796 -13.06708
-0.6913828 0.2596909 1.4508 -42.20858 -3.723817 -12.76174
-0.6764903 0.249437 1.513056 -38.45285 -6.334504 -12.35716
-0.6645274 0.2382065 1.557001 -34.46049 -5.975725 -13.99838
-0.644752 0.2345444 1.607294 -30.36889 -6.013893 -14.28082
-0.6376719 0.2404038 1.620966 -25.31545 -4.838321 -15.6167
-0.6327891 0.2567612 1.640497 -20.92614 -3.616947 -16.75411
