0.2162627 -0.1645171 0.3099687 -43.41641 -13.15194 41.1805
0.2875518 -0.1698882 0.2901933 -42.0958 -16.57179 41.47821
0.291458 -0.1750151 0.3021562 -48.01947 -18.73209 43.00493
0.303665 -0.1701323 0.3060625 -50.32481 -21.49545 43.37897
0.2733916 -0.157437 0.3290117 -55.55382 -22.77026 44.38661
0.3007354 -0.1686675 0.3351152 -57.0958 -24.92293 44.17287
0.3253936 -0.1676909 0.3439043 -60.85916 -28.0298 45.10417
0.3361357 -0.1757476 0.3810136 -63.15687 -30.27408 45.79119
0.3290557 -0.1759917 0.4315507 -65.24084 -30.83896 46.44768
0.3554229 -0.173062 0.4754961 -67.03473 -30.75499 47.20341
0.3664092 -0.1679351 0.5138261 -66.35535 -30.79316 47.0202
0.357376 -0.1535308 0.5382402 -65.2103 -30.44965 47.1576
0.3825225 -0.09811085 0.5968339 -56.55382 -27.58705 44.09653
0.3915557 -0.07613819 0.6210039 -55.55382 -25.60995 43.64615
0.3893584 -0.06832569 0.6446855 -51.26374 -23.99927 41.28738
0.4296416 -0.04635303 0.638582 -48.34008 -22.19011 39.18814
0.409378 -0.04073779 0.666414 -44.85916 -20.83896 37.23394
0.3976592 -0.03487842 0.6771562 -39.17977 -18.44202 34.41714
0.3876494 -0.02413623 0.6700761 -35.45458 -16.99163 32.30264
0.383499 -0.009731934 0.6581132 -33.13397 -15.81606 30.21867
0.3883818 -0.001919433 0.6481035 -31.82862 -14.32751 28.27974
0.3856963 0.009311035 0.6471269 -30.81336 -12.79316 26.1118
0.3827666 0.005893066 0.6456621 -29.9584 -11.54125 24.0889
0.3793486 -0.004116699 0.6266191 -28.08817 -10.47255 21.59272
0.3830107 -0.00851123 0.6344316 -27.30191 -9.525985 19.96676
0.3803252 -0.01949756 0.6249101 -24.66069 -8.754992 18.14997
0.3825225 -0.02462451 0.6192949 -21.90496 -8.373313 15.68432
0.3803252 -0.02828662 0.6302812 -19.46985 -7.518351 13.78356
0.3776397 -0.03854053 0.6412675 -16.88206 -6.266443 11.63852
0.3749541 -0.05856006 0.6505449 -14.43168 -5.167206 9.44768
0.3708037 -0.065396 0.6556718 -12.50802 -3.961099 8.035465
0.3634795 -0.08175343 0.6749589 -9.34771 -2.564153 6.607985
0.2694854 -0.587857 0.9999102 106.5836 -110.5184 181.8675
0.2533721 -0.6007964 1.007723 112.4996 -107.2512 178.692
0.2489775 -0.6066558 1.018953 117.8431 -106.526 175.753
0.2204131 -0.6361968 1.012117 123.2859 -102.5871 172.4095
0.1898955 -0.6510894 0.9950274 127.9729 -100.6023 170.295
0.1601104 -0.6686675 0.9632891 131.3164 -99.97637 168.7149
0.1535186 -0.7196929 0.9393633 131.8584 -98.23591 167.837
0.1461943 -0.7797515 0.9100664 133.4767 -97.46492 167.9515
0.1449736 -0.798062 0.9176348 133.7286 -96.32751 168.4324
0.1605986 -0.8385894 0.911043 133.4843 -96.0985 171.1347
0.1713408 -0.8573882 0.9222734 131.5759 -95.64812 173.753
0.2040557 -0.8446929 0.9122637 127.3317 -93.37331 176.4935
0.197708 -0.8915679 0.971834 126.9195 -95.66339 180.1729
0.1676787 -0.8678863 1.019197 122.4385 -91.9153 184.6232
0.1347197 -0.8927886 1.04825 121.7744 -89.36568 188.1652
0.1566924 -0.9037749 1.070711 122.7973 -88.69392 192.4553
0.1737822 -0.8715484 1.1066 125.0416 -86.27408 195.6614
0.1754912 -0.8263824 1.141756 126.6599 -83.35042 198.2568
0.1762236 -0.8012359 1.158357 129.6523 -81.43439 200.2568
0.1713408 -0.7673003 1.181062 136.0492 -79.0069 200.837
0.1920928 -0.7206695 1.203035 142.7668 -76.41911 201.8065
0.1798857 -0.6664702 1.224275 147.5149 -73.18247 202.3026
0.1693877 -0.6022613 1.251619 154.2782 -69.88477 201.7225
0.16304 -0.563687 1.262605 162.7363 -66.93056 200.44
0.1532744 -0.5070464 1.267488 168.8813 -64.31225 199.463
0.1620635 -0.4006011 1.276521 173.8813 -60.43438 197.8141
0.1281279 -0.3246734 1.290682 176.2859 -56.20537 195.753
0.1425322 -0.2624175 1.278475 177.034 -54.74736 193.3713
0.169876 -0.1923491 1.300936 177.2859 -50.38094 188.837
0.1454619 -0.1420562 1.339998 173.4004 -46.28171 185.5851
0.1476592 -0.1022612 1.3566 168.4843 -41.94583 182.5546
0.1388701 -0.05587451 1.359529 161.95 -37.44201 179.4706
0.1288604 -0.04952685 1.389559 152.7744 -32.97636 175.7836
0.1129912 -0.03341357 1.410311 144.2324 -29.0069 173.1958
0.1107939 -0.04293506 1.453279 134.0569 -23.50308 170.4553
0.09541309 -0.06319873 1.469148 124.0645 -19.03744 168.6614
0.08906544 -0.09908741 1.499422 118.0263 -14.51072 166.6309
0.03559864 -0.1154448 1.525545 113.721 -10.41148 164.1881
0.03877246 -0.141812 1.546297 111.2782 -10.12904 161.608
0.0690459 -0.1374175 1.627107 102.6905 -2.464916 161.6843
0.1042022 -0.1767241 1.668123 103.8126 4.848061 158.9744
0.0209502 -0.1711089 1.692537 103.1943 8.466381 156.982
0.02119434 -0.1923491 1.717439 102.8126 14.28317 155.1881
0.08003223 -0.2133452 1.728426 102.8813 20.76409 154.4171
0.05830371 -0.226773 1.783113 105.7897 23.58852 152.2263
0.05073535 -0.2096831 1.794588 110.7821 29.89386 149.753
0.07417285 -0.2497222 1.811678 120.0492 35.73356 145.8981
0.1066436 -0.1769683 1.850008 127.6676 40.56562 142.6843
0.05415332 -0.1628081 1.867098 138.6752 45.82516 137.3408
0.1088408 -0.1130034 1.910555 147.8126 55.52745 130.692
0.1081084 -0.1061675 1.91617 156.1866 62.08471 124.7378
0.08784473 -0.07784717 1.923982 166.4233 73.1305 117.4248
0.09053028 -0.0588042 1.902498 172.408 82.50455 110.9515
0.08808887 -0.06295459 1.862703 180.1179 91.18394 103.6233
0.08686817 -0.0641753 1.830477 186.7897 100.4053 96.46294
0.07734668 -0.06734912 1.790437 192.5759 110.016 89.83699
0.08271778 -0.07101123 1.739656 196.6141 118.8633 83.32554
0.06929004 -0.09396046 1.671053 199.1408 127.4587 77.27211
0.04902637 -0.1078765 1.589266 199.1637 134.9244 72.79119
0.02729785 -0.1195952 1.508455 198.0721 141.3824 68.38661
0.01216114 -0.1491362 1.474519 193.8889 146.642 66.63852
-0.01200879 -0.1315581 1.411531 185.5072 154.5045 65.20341
-0.06425488 -0.164273 1.346346 179.9195 159.0771 63.72249
-0.07890332 -0.1852691 1.270418 173.6828 161.6649 62.49348
-0.06279004 -0.204312 1.221346 169.6523 163.5809 61.34844
-0.0583955 -0.1462065 1.238924 162.0798 164.016 60.60035
-0.1055146 -0.2101714 1.174959 156.9805 173.9626 60.57745
-0.1345674 -0.2294585 1.094393 150.8126 171.4587 62.77592
-0.1299287 -0.1801421 1.061189 147.4462 166.9168 62.85226
-0.1331025 -0.129605 1.067781 141.7668 169.2984 62.42478
-0.1091768 -0.1120269 1.054842 131.0187 169.6954 64.29501
-0.1184541 -0.05294483 1.060945 121.2553 169.016 64.21867
-0.09696972 -0.05074756 1.043611 120.1561 168.6954 62.50111
-0.05888379 -0.008755371 1.033113 113.1256 168.5045 62.0431
-0.0337373 0.01419385 1.066316 110.5531 167.9473 59.64616
-0.09648144 0.05032666 1.10367 105.9958 169.2526 56.1347
-0.03031933 0.05569775 1.060213 87.59885 169.7565 57.1576
0.01216114 0.08621532 1.104402 87.64466 170.7183 53.34844
0.02412403 0.09451611 1.151766 86.69046 171.9626 48.90569
0.043167 0.1184419 1.176912 87.32405 175.5198 43.46294
0.05488575 0.1426118 1.186922 86.98054 179.39 37.53165
0.04975879 0.1496919 1.182771 85.05687 183.2374 32.0202
0.05781543 0.1565278 1.172518 78.53779 187.5045 27.56982
0.06684864 0.142856 1.164705 69.75153 192.2984 24.1576
0.06636035 0.1225923 1.144686 63.2248 196.6267 20.82173
0.06636035 0.09915478 1.122957 57.86603 200.6954 17.87516
0.05732715 0.06033642 1.096102 53.30878 204.5275 14.84463
0.4127959 -0.171353 0.3959062 -6.950764 7.855694 14.53928
0.4430694 -0.2133452 0.5484941 -7.019466 -6.808427 22.11943
0.4557647 -0.2072417 0.5826738 -5.607252 -5.609954 21.83699
0.4555205 -0.2121245 0.6026933 -3.958397 -3.976367 21.38661
0.4584502 -0.2006499 0.6205156 -2.279008 -2.159573 21.31791
0.4689483 -0.2074858 0.6354082 -1.43168 0.1381373 21.066
0.4750518 -0.2045562 0.6515214 -0.683588 2.863328 20.89043
0.4752959 -0.2072417 0.6512773 0.537786 5.038901 20.49348
0.4738311 -0.2072417 0.6434648 1.942366 7.557985 20.12707
0.4601592 -0.2084624 0.6158769 3.484351 9.970198 19.85989
0.4499053 -0.2143218 0.6061113 4.84313 12.32898 19.52402
0.4416045 -0.2116362 0.5716875 6.041603 13.75646 19.53928
0.4291533 -0.2087065 0.5384843 6.491985 15.33661 19.53928
0.4157256 -0.2121245 0.508455 6.659923 16.46638 19.76066
0.3961943 -0.218228 0.4791582 7.339313 16.48165 19.86753
0.3893584 -0.2206694 0.4405839 7.507252 16.71066 20.17287
0.3795928 -0.2326323 0.414705 7.209542 16.30608 20.45531
0.3647002 -0.2221343 0.3971269 6.507252 15.72592 20.98966
0.3683623 -0.2289702 0.371248 5.896565 15.00837 21.73775
0.3551787 -0.237271 0.3512285 5.110305 14.19157 22.33318
0.3488311 -0.2438628 0.3221757 4.804962 12.69539 23.05073
0.3473662 -0.2524077 0.308748 3.423282 11.1534 24.05073
0.3446807 -0.2746245 0.3002031 2.194274 9.519817 25.42478
0.3415068 -0.2746245 0.2987382 0.858397 7.733557 26.73775
0.3358916 -0.2765777 0.2884843 -0.4393129 5.848061 28.18814
0.3410186 -0.2787749 0.2894609 -1.843893 4.275542 29.63852
0.3429717 -0.2699859 0.2899492 -3.362977 2.649588 31.30264
0.3451689 -0.2724273 0.2857988 -4.897328 1.298443 33.0202
0.3463897 -0.2587554 0.2904375 -6.370611 -0.5107175 34.91333
0.3393096 -0.2463042 0.2889726 -7.798092 -1.762626 35.76066
0.3373564 -0.2353179 0.2818925 -8.744657 -3.442015 37.16524
