0.8544463 -0.138394 0.6373613 -8.714123 2.107603 19.98203
0.8561553 -0.1493804 0.6407793 -8.355344 1.855695 20.10417
0.8478545 -0.1481597 0.6395586 -8.202672 1.619053 20.31791
0.8432158 -0.1420562 0.6407793 -8.141603 1.481649 20.88279
0.8371123 -0.141812 0.6341875 -8.233206 1.138137 20.73775
0.8346709 -0.1388823 0.6405351 -8.782825 1.031267 21.30264
0.8327178 -0.1442534 0.6424882 -8.966031 1.038901 21.77592
0.8307647 -0.1481597 0.640291 -9.164504 1.000733 21.73012
0.8292998 -0.1462065 0.6485918 -8.775191 0.9320305 21.66905
0.9601592 -0.1147124 0.6268632 1.171374 30.98546 27.33318
0.9801787 -0.1059233 0.664705 -5.317176 4.054168 7.508748
0.9738311 -0.1130034 0.6586015 -5.217939 2.290809 5.562183
0.9818877 -0.1264312 0.6717851 -5.286641 0.977832 3.798824
0.9921416 -0.1274077 0.6749589 -5.683588 -0.2817099 1.844625
1.000931 -0.1398589 0.68033 -6.897328 -1.49545 0.3408089
1.001663 -0.1464507 0.6847246 -7.83626 -2.548886 -1.682091
0.9989776 -0.1628081 0.6800859 -8.889695 -4.022168 -3.277512
0.9970244 -0.1640288 0.6998613 -10.24847 -5.235909 -4.567587
0.9918975 -0.1772124 0.7005937 -12.23321 -6.197741 -6.117207
0.9838408 -0.1769683 0.7018144 -14.37061 -7.28171 -7.384382
0.9774932 -0.1845366 0.7123125 -16.51565 -8.251175 -8.369114
0.978958 -0.1911284 0.7196367 -18.34771 -9.235909 -9.453083
0.9884795 -0.200894 0.7235429 -18.79046 -10.17484 -10.8653
0.984085 -0.209439 0.7296464 -19.40878 -11.14431 -12.1172
0.9914092 -0.2091948 0.7286699 -20.58435 -11.67102 -13.06377
0.9982451 -0.2211577 0.7455156 -21.64542 -12.27408 -13.8653
1.007034 -0.2260405 0.7442949 -22.27901 -12.77789 -14.54469
1.007278 -0.2367827 0.7430742 -23.56908 -13.20537 -14.68973
1.017776 -0.2316558 0.7433183 -24.1874 -13.55652 -14.98744
1.037063 -0.2445952 0.7525957 -24.34771 -14.35041 -15.03324
1.040481 -0.2548491 0.7494218 -23.85153 -15.06797 -14.55995
1.045853 -0.2633941 0.7628496 -24.05 -15.70919 -13.52179
1.050003 -0.266812 0.7718828 -22.9584 -15.57179 -13.47598
1.053421 -0.2636382 0.767 -20.37061 -15.83896 -13.09431
1.024856 -0.3036773 0.7865312 -18.1416 -16.31988 -12.55232
1.025345 -0.3056304 0.7882402 -16.06527 -16.38858 -11.75843
1.027786 -0.2817046 0.7796953 -14.41641 -16.37331 -10.9798
1.022171 -0.287564 0.7821367 -13.90496 -16.59469 -10.43782
1.025345 -0.2878081 0.7962968 -14.63779 -16.77789 -9.598122
1.036087 -0.2983062 0.812166 -14.85153 -16.51072 -8.521786
1.041946 -0.2914702 0.8126543 -15.56145 -16.1214 -7.002703
1.024856 -0.3241851 0.8202227 -15.28664 -15.96873 -6.651558
1.040726 -0.3232085 0.8197344 -14.9355 -15.32751 -5.040871
1.043899 -0.3178374 0.8304766 -13.40114 -14.77789 -3.788961
1.056595 -0.3258941 0.8461016 -12.63015 -14.18247 -2.865297
1.05513 -0.3261382 0.8397539 -11.86679 -13.36568 -1.529419
1.059524 -0.3283355 0.8378008 -10.48512 -12.64812 -0.2317104
1.064163 -0.3285796 0.8436602 -10.10344 -12.19774 1.226305
1.071731 -0.3219878 0.8475664 -9.759924 -11.36568 2.455313
1.067337 -0.3195464 0.8519609 -9.721756 -10.46492 3.821726
1.056595 -0.3317534 0.8480547 -9.714123 -9.861862 5.493481
1.055862 -0.3258941 0.8570879 -9.996565 -9.693924 7.371344
1.043411 -0.3227202 0.8461016 -10.59198 -8.785526 9.012565
1.031937 -0.3278472 0.8556231 -10.73702 -8.258809 10.17287
1.017532 -0.3122222 0.8578203 -11.33244 -7.602321 11.71486
1.011917 -0.318814 0.8561113 -11.17214 -7.274076 12.76829
0.9994658 -0.3151519 0.8646563 -10.9584 -6.777893 14.10417
0.9938506 -0.3180816 0.8627031 -9.256107 -5.930565 15.37898
0.9818877 -0.3119781 0.8619707 -7.088168 -5.327512 16.08127
0.9752959 -0.3061187 0.8656328 -4.301908 -4.602321 16.69195
0.9669951 -0.2985503 0.8544024 -1.912596 -4.09087 17.77592
0.9694366 -0.2961089 0.8536699 0.1790075 -3.648122 18.90569
0.966751 -0.2956206 0.8617266 2.560687 -3.518351 20.0202
0.9589385 -0.285855 0.8595293 4.575954 -3.220641 21.37134
0.9572295 -0.2760894 0.8583086 6.812595 -2.625221 22.65379
0.952835 -0.2716949 0.8463457 8.629389 -2.548886 24.66142
0.9530791 -0.2680327 0.8343828 10.73626 -2.28171 25.63089
0.9577178 -0.249478 0.8365801 11.80496 -2.464916 27.21104
0.9467315 -0.2370269 0.8478106 10.31641 -2.701557 29.56982
0.9540557 -0.2316558 0.8324297 6.797328 -2.716825 31.85226
0.9552764 -0.226773 0.8436602 2.820229 -3.083237 34.46295
0.9584502 -0.2243315 0.8378008 -0.3782444 -2.930565 36.89043
0.9552764 -0.2328765 0.8409746 -2.179771 -2.296977 38.53928
0.9567412 -0.2306792 0.8456133 -3.118702 -2.121405 40.53928
0.9533233 -0.2275054 0.8439043 -3.523283 -2.373313 42.27211
0.9618682 -0.2240874 0.8446367 -3.485115 -1.907664 43.47821
0.9569854 -0.2235991 0.8314531 -3.683588 -1.808427 45.27974
0.9599151 -0.2184722 0.8360918 -3.782825 -1.49545 46.44005
0.9608916 -0.2150542 0.8334063 -3.653054 -1.396214 47.86753
0.9613799 -0.2040679 0.831209 -3.775191 -1.159572 49.03547
0.9645537 -0.2018706 0.8192461 -4.286641 -1.060336 50.73775
0.9623565 -0.1913726 0.8187578 -6.141603 -0.6939237 52.30264
0.9601592 -0.1791655 0.8114336 -8.958397 -0.8694963 53.94386
0.9501494 -0.1564605 0.8102129 -13.26374 -0.7473588 55.51638
0.9503936 -0.1491362 0.8229082 -18.08053 -0.9458321 57.30264
0.9391631 -0.1444976 0.8148516 -22.34771 -0.9687328 58.98966
0.9394073 -0.1342437 0.8065508 -26.52328 -0.9000305 60.58508
0.9447783 -0.1066558 0.8089922 -32.64542 -1.014534 61.96677
0.938919 -0.09689014 0.8131426 -40.92786 -1.365679 63.74539
0.9447783 -0.07735889 0.8055742 -51.24847 -1.327511 66.07363
0.9499053 -0.0588042 0.8089922 -62.64542 -1.57942 67.98203
0.9506377 -0.02999561 0.8002031 -77.82862 -1.625221 70.48585
0.965042 -0.0002104491 0.7784746 -96.56908 -2.350412 73.27974
0.9591826 -0.0119292 0.8006914 -119.0271 -3.205374 77.19577
0.9621123 -0.005825684 0.7855546 -144.2714 -2.754992 80.51638
1.020462 0.08938915 0.7499101 -160.5462 -3.869496 81.61562
0.9267119 -0.03634326 0.6327226 -7.614886 6.725924 7.959129
1.011185 -0.0197417 0.5890214 -3.988931 -9.426748 20.48585
1.020218 -0.02291553 0.5843828 -2.469848 -11.55652 21.68432
1.024612 -0.01485889 0.5729082 -0.920229 -13.54889 22.37134
1.026321 -0.01144092 0.5909746 0.6675572 -15.17484 23.0202
1.037552 -0.009243652 0.593416 2.385114 -17.64812 23.49348
1.041214 -0.005337402 0.6034257 3.873664 -19.77026 24.03547
1.051468 -0.006069824 0.61075 4.919466 -21.93056 23.90569
1.0522 -0.00436084 0.6136796 5.003435 -23.80079 24.30264
1.069534 -0.0119292 0.6295488 5.35458 -25.80843 24.29501
1.083206 -0.007046387 0.6415117 5.43855 -27.41912 24.08127
1.103226 -0.01583545 0.6566484 5.575954 -29.03744 23.79882
1.123978 -0.00436084 0.6600664 4.255343 -30.06034 24.27974
1.12764 -0.01632373 0.6725175 2.232442 -31.93056 24.17287
1.148636 0.00320752 0.6781328 -1.950764 -32.93056 24.65379
1.165481 -0.002163574 0.7076738 -6.622519 -34.16721 25.40951
1.168411 -0.0002104491 0.7208574 -10.66069 -34.62522 25.57745
1.176712 0.008334473 0.7347734 -13.63779 -34.82369 25.34844
1.179642 0.01224072 0.7516191 -17.33244 -35.34278 25.53928
1.181595 0.01370557 0.758455 -20.20267 -35.93056 25.49348
1.175979 0.02371533 0.7794511 -22.27901 -35.86186 25.45531
1.163772 0.02151807 0.8077715 -23.37061 -36.09087 25.066
1.150345 0.02322705 0.8170488 -24.43931 -35.48782 24.57745
1.12886 0.03470166 0.8211992 -26.0271 -35.02217 24.77592
1.121292 0.03885205 0.846834 -27.42405 -33.9611 24.24157
1.112991 0.04007276 0.8492754 -28.34771 -33.13667 24.18814
1.098587 0.04227002 0.848543 -28.51565 -32.29698 24.05837
1.100052 0.04715283 0.8570879 -28.75229 -31.46492 24.01257
1.090774 0.05081494 0.86075 -28.68359 -30.26644 24.066
1.091995 0.04202588 0.8714922 -27.63015 -28.8695 24.14997
1.090042 0.0427583 0.878084 -25.39351 -27.49545 23.91333
1.083694 0.04642041 0.8802813 -22.53092 -26.11377 23.91333
1.087356 0.0530122 0.8751543 -19.48512 -24.57942 23.46295
1.081009 0.06228955 0.8714922 -16.0271 -23.23591 23.22631
1.078567 0.05594189 0.8700274 -12.17977 -21.78553 22.85989
1.070267 0.05252392 0.8758867 -8.485115 -20.22828 22.35608
1.068069 0.05813916 0.8771074 -5.019465 -18.64812 21.96676
1.05806 0.05618603 0.874666 -1.324809 -17.0756 21.84463
1.047806 0.04910596 0.8727129 1.713358 -15.46492 21.61562
1.046341 0.05643017 0.8717363 3.804962 -14.29698 21.36371
1.024124 0.05472119 0.8692949 5.293511 -12.60232 21.50875
1.011185 0.05520947 0.8805254 5.301145 -11.29698 21.65379
0.9916533 0.05740674 0.876375 3.858397 -9.869496 22.40188
0.9745635 0.06790478 0.8790606 2.331679 -8.266443 22.85226
0.9589385 0.04861768 0.8941973 1.171374 -6.434381 23.34844
0.9455108 0.05643017 0.8983477 0.5683203 -4.609954 23.24921
0.9262237 0.05887158 0.8978594 1.125573 -2.617588 22.63852
0.9064483 0.059604 0.905916 2.522519 -0.8236947 22.33318
0.8925323 0.06131299 0.8880938 4.583588 0.9014961 21.52402
0.8854522 0.05740674 0.8775957 6.133206 2.428214 20.67669
0.8766631 0.07083447 0.8836992 8.240076 3.687756 19.60798
0.8681182 0.07205517 0.8710039 10.43855 5.145771 18.66142
0.8629912 0.0674165 0.8636797 12.22481 6.443481 17.93623
0.8664092 0.07815869 0.8544024 14.79733 7.52745 16.34081
