1.085647 -0.204312 0.55533 5.86603 25.33661 74.2263
1.179886 0.1223481 0.4359453 24.13321 24.1534 79.31027
0.9672393 -0.1554839 0.4894121 30.49962 17.09233 77.51638
1.005813 -0.1344878 0.5487382 28.30878 18.74882 79.0431
1.109817 0.04422315 0.5443437 25.9958 22.86333 79.92096
1.001419 -0.01998584 0.5082109 25.36985 20.00073 78.54691
0.9914092 0.02371533 0.5301836 23.33931 16.9473 78.79883
0.9699248 0.04568799 0.5677812 22.86603 17.80226 77.42478
0.9423369 0.07620556 0.55533 22.14084 17.03127 74.39424
0.9091338 0.09915478 0.5548418 20.41565 15.14577 71.45531
0.8776397 0.1252778 0.5746171 17.48435 13.53508 68.60799
0.8485869 0.1450532 0.5697343 15.62176 12.20684 65.1118
0.8170928 0.1699556 0.5809648 12.13321 11.12287 61.44005
0.7926787 0.1719087 0.5814531 9.728626 9.275541 57.55455
0.761917 0.1868013 0.5887773 7.377481 7.848061 53.02783
0.7460479 0.1909517 0.5924394 5.408015 6.580885 48.50111
0.7304229 0.1882661 0.6083086 3.377481 5.237374 44.27211
0.7257842 0.1902192 0.6293046 1.530153 4.069435 39.67669
0.715042 0.1870454 0.6361406 -0.1645041 2.779359 36.11943
0.7194366 0.1892427 0.652498 -2.424046 1.90913 32.1576
0.7182158 0.1677583 0.6656816 -4.675954 0.8251602 28.60035
0.7230987 0.1670259 0.6881425 -6.202672 0.05416799 25.26447
0.7248076 0.1506685 0.7098711 -7.874428 -0.3962138 21.9973
0.7399444 0.1308931 0.7347734 -9.034733 -0.4878168 19.0889
0.7499541 0.1216157 0.7555254 -9.561451 -0.5183512 16.65379
0.7711944 0.1037935 0.7672441 -10.41641 -0.1977404 14.57745
0.7960967 0.09939892 0.7718828 -10.63015 0.2602749 12.42478
0.808792 0.07962353 0.7877519 -11.11107 1.176305 10.53165
0.8258819 0.07449658 0.7753007 -10.82863 1.557985 9.203404
0.8478545 0.05545361 0.7843339 -10.86679 2.466382 7.753023
0.8488311 0.04715283 0.7831132 -10.79046 2.947298 6.653787
0.8705596 0.04104932 0.7838457 -10.85153 3.496916 5.798824
0.8734893 0.0337251 0.7665117 -11.66832 4.31371 4.913328
0.8805694 0.03103955 0.7628496 -12.54618 5.054168 4.188137
0.8898467 0.02395947 0.7511308 -13.15687 5.687756 3.356077
0.9018096 0.01883252 0.747957 -14.05 6.359512 2.424778
0.9018096 0.01004346 0.7494218 -14.47748 6.870962 1.806458
0.9088897 0.0002778322 0.7367265 -14.95076 7.649588 1.00493
0.9298858 -0.002651855 0.7311113 -15.21794 8.359512 -0.06377029
0.9367217 -0.01534717 0.7342851 -15.69122 8.90913 -0.7126255
0.9379424 -0.01485889 0.7318437 -15.96603 9.802259 -1.483618
0.9496612 -0.02438037 0.7235429 -16.45458 10.54272 -2.246977
0.9640655 -0.02511279 0.7250078 -16.63015 11.40531 -2.949266
0.9655303 -0.03561084 0.714998 -17.0042 11.74119 -3.537054
0.9745635 -0.04024951 0.7206132 -17.65305 12.76409 -3.903465
0.9750518 -0.0431792 0.7062089 -17.79809 13.53508 -4.582855
0.9665069 -0.04659717 0.7018144 -17.86679 14.29844 -5.201176
0.9655303 -0.05343311 0.7157304 -18.05 14.80226 -5.911098
0.9127959 -0.08810108 0.7079179 -4.630153 -12.31224 22.31027
0.9403838 -0.2209136 0.7779863 -3.225573 4.130504 9.768291
0.933792 -0.2148101 0.7882402 -3.15687 5.092336 9.867527
0.9345244 -0.2262847 0.7779863 -2.553817 5.267909 9.783557
0.9359893 -0.2277495 0.7862871 -2.34771 6.245008 9.646152
0.9447783 -0.2362944 0.7919023 -2.088168 6.9931 9.867527
0.9518584 -0.233853 0.789705 -2.126336 7.878596 9.821725
0.9523467 -0.2431304 0.8028887 -2.057634 8.39768 10.1576
0.9606475 -0.240689 0.7938554 -2.94313 9.176306 10.75302
0.9626006 -0.2384917 0.8099688 -4.164504 9.90913 11.31028
0.9706573 -0.2409331 0.803377 -5.118702 10.9015 11.76829
0.9699248 -0.2421538 0.8011797 -6.126336 11.72592 11.90569
0.9740752 -0.2428862 0.8028887 -7.630153 12.34424 12.65379
0.9809112 -0.2365386 0.7921464 -10.90496 13.53508 13.64615
0.9835967 -0.2304351 0.7855546 -15.56145 14.23737 15.14997
0.9843291 -0.2262847 0.7745683 -20.58435 15.16104 16.76066
0.9733428 -0.2240874 0.782625 -25.17977 15.80989 18.85226
0.9584502 -0.2643706 0.7643144 -28.66069 17.61905 21.17287
0.9384307 -0.3451812 0.7455156 -23.75992 14.77172 24.76066
0.9245147 -0.3173491 0.727205 -18.25611 13.90149 26.50875
0.9132842 -0.2746245 0.7154863 -15.17977 14.28317 27.44005
0.9084014 -0.2438628 0.7018144 -15.59962 14.1305 28.46295
0.9074248 -0.2370269 0.6844804 -17.9126 15.00073 29.2034
0.9079131 -0.2426421 0.6695879 -20.45458 15.77172 29.81409
0.8988799 -0.2472808 0.6634843 -23.28664 15.69539 31.12707
0.9057158 -0.256314 0.6700761 -24.79046 15.54272 32.34844
0.8981475 -0.2548491 0.6720293 -25.59962 15.72592 33.56982
0.9064483 -0.259732 0.6791093 -25.47748 15.29844 34.78356
0.904251 -0.232144 0.6893632 -25.74466 15.48165 35.24921
0.9157256 -0.233853 0.6881425 -24.49275 14.93203 35.57745
0.9247588 -0.219937 0.6964433 -23.0729 15.29081 35.76066
0.9264678 -0.2367827 0.7189043 -20.66832 14.61142 35.94386
0.9291533 -0.2265288 0.7311113 -16.0042 15.09233 35.25684
0.940628 -0.2143218 0.7491777 -11.75229 15.68012 34.67669
0.9416045 -0.2055327 0.765291 -9.96603 16.75646 33.94386
0.9472198 -0.2062651 0.7648027 -8.775191 16.37478 33.94386
0.9604033 -0.2023589 0.7762773 -8.065268 16.58088 34.18814
0.9728545 -0.1933257 0.8026445 -7.187405 17.77172 33.52402
0.9660186 -0.1933257 0.8087481 -7.111069 18.63432 33.21867
0.9779815 -0.1974761 0.7997148 -8.263741 19.42058 33.26447
0.9787139 -0.1986968 0.7967851 -8.729389 20.1305 33.1347
0.982376 -0.1994292 0.8055742 -9.591985 21.19921 33.1347
0.9897002 -0.1994292 0.7836015 -10.64542 22.53508 32.79882
0.9818877 -0.2013823 0.7804277 -11.97366 23.42821 32.71486
0.978958 -0.1906401 0.7801836 -13.59962 24.62669 32.12707
0.9777373 -0.1999175 0.7689531 -15.30954 25.71829 31.86753
0.9767608 -0.1916167 0.7521074 -16.81336 26.64959 31.60798
0.9738311 -0.1952788 0.7482011 -17.82099 27.59615 31.05837
0.970169 -0.1962554 0.7545488 -18.51565 28.51982 30.47821
0.9652862 -0.1982085 0.7425859 -19.66069 29.87096 29.89806
0.9579619 -0.2050444 0.7355058 -20.32481 30.55035 29.38661
0.9516143 -0.1962554 0.7235429 -21.0958 31.59615 29.10417
0.9369658 -0.1999175 0.7176836 -20.43168 32.29081 28.53165
0.9506377 -0.2030913 0.6998613 -19.96603 32.73356 28.24921
0.9457549 -0.1952788 0.6942461 -18.55382 33.07707 27.98966
0.9413604 -0.1918608 0.687166 -19.50801 32.9244 28.28737
0.9345244 -0.1891753 0.6788652 -20.05763 33.03127 28.89043
0.9411162 -0.1986968 0.6678789 -19.88969 33.06944 29.57745
0.9462432 -0.2069976 0.6717851 -19.33244 32.71066 30.29501
0.9428252 -0.2023589 0.6393144 -18.65305 32.22211 30.83699
0.9567412 -0.1967437 0.6141679 -17.82863 31.80989 31.42478
0.9591826 -0.1950347 0.5907304 -16.53855 29.78699 32.70722
0.9589385 -0.1896636 0.5787675 -16.72176 28.70302 33.43241
0.952835 -0.179898 0.5585039 -16.56908 27.07707 34.35608
0.9560088 -0.1779448 0.5536211 -17.71412 25.22211 35.9744
0.9635772 -0.1808745 0.5487382 -17.63779 23.54272 37.05073
0.9669951 -0.1881987 0.5462968 -17.9126 21.89386 38.40188
0.9723662 -0.1745269 0.5379961 -16.37824 20.77936 39.25684
0.9721221 -0.1867339 0.5348222 -12.28664 18.56562 39.74539
0.9730987 -0.17648 0.5267656 -10.11107 16.41295 40.76829
0.9694366 -0.1584136 0.5338457 -8.332443 14.37478 41.50875
0.9704131 -0.1503569 0.5475175 -7.973664 12.70302 41.98203
0.9818877 -0.160855 0.5616777 -6.576718 10.84806 42.25684
0.9796905 -0.1545073 0.5565507 -5.851527 8.687756 42.62325
0.9774932 -0.1586577 0.5802324 -4.317176 6.474016 42.86753
0.9728545 -0.1676909 0.6000078 -2.065267 4.90913 42.75302
0.9691924 -0.1635405 0.6185625 0.7286258 3.756458 42.31027
0.9694366 -0.1427886 0.6217363 0.117939 2.290809 42.30264
0.9628448 -0.1427886 0.6395586 -1.416412 0.573252 42.98203
0.9694366 -0.1462065 0.6717851 -2.042367 -0.4420153 42.94386
0.9738311 -0.1464507 0.6866777 -2.309542 -1.159572 43.00493
0.9699248 -0.1432769 0.6998613 -3.149237 -2.09087 42.86753
0.963333 -0.1413237 0.7088945 -4.393512 -2.861863 42.96676
0.9660186 -0.1464507 0.727205 -5.446947 -3.625221 42.9744
0.9638213 -0.1391265 0.7269609 -5.866794 -3.945832 42.73775
0.9618682 -0.1374175 0.7345293 -6.057634 -4.79316 42.53928
0.9496612 -0.1342437 0.7474687 -6.24084 -5.403847 42.11943
0.9557647 -0.1913726 0.6810625 -5.355344 8.443481 26.57745
0.9669951 -0.1811187 0.6998613 -1.591985 4.130504 22.05837
0.9567412 -0.1777007 0.7008379 -0.9889317 3.733557 21.18814
0.9457549 -0.1801421 0.7110918 -0.3324428 3.412947 19.91333
0.940628 -0.1857573 0.7186601 0.7820611 2.977832 18.73012
0.9303741 -0.1840483 0.7147539 1.713358 2.588519 17.85226
0.9228057 -0.1867339 0.732332 3.301145 2.267909 16.52402
0.9208526 -0.1884429 0.7215898 4.423282 1.802259 15.53928
0.9167022 -0.1881987 0.7318437 5.308778 1.260275 14.56218
0.919876 -0.1930816 0.7198808 5.637022 0.7488244 13.9515
0.9206084 -0.1952788 0.7230546 6.148473 0.0465343 13.41714
0.9279326 -0.2048003 0.7220781 6.43855 -0.6252213 13.21867
0.9367217 -0.2084624 0.7235429 6.965267 -0.9534657 13.01256
0.9523467 -0.2121245 0.7176836 7.698091 -1.900031 13.29501
0.9530791 -0.2038237 0.7157304 8.179007 -2.823695 13.40188
