0.7682647 -0.4123199 0.5314043 3.186641 6.115237 -21.8882
0.7741241 -0.4040191 0.5238359 3.568321 4.680122 -20.56759
0.7675323 -0.4135406 0.5272539 2.522519 3.267909 -19.31568
0.767044 -0.4201324 0.5245683 2.156106 2.115237 -17.78896
0.7753448 -0.4184234 0.5311601 1.400382 0.3976793 -16.39965
0.782669 -0.4245269 0.5387285 0.9041982 -0.4038473 -14.934
0.7855987 -0.4259917 0.5384843 0.2477098 -1.587053 -13.65919
0.798294 -0.4237945 0.5331132 0.2019081 -3.083237 -12.20117
0.8073272 -0.4313628 0.5392168 0.0492363 -4.197741 -11.50652
0.8136748 -0.4406402 0.5455644 -0.3706107 -5.014534 -9.99507
0.8095244 -0.4374663 0.5470293 -0.3019085 -6.045069 -9.040871
0.8188018 -0.4452788 0.5658281 -0.5690842 -7.106137 -7.720259
0.8102569 -0.4452788 0.5824296 -1.034733 -7.930565 -6.330946
0.8085479 -0.4521148 0.5751054 -1.798092 -8.480183 -4.842398
0.8058623 -0.4499175 0.6163652 -1.523283 -10.48018 -0.8958321
0.8266143 -0.4640777 0.6061113 -0.1568704 -10.32751 -0.3843822
0.8302764 -0.4662749 0.6095293 -0.683588 -13.90766 1.287374
0.8314971 -0.5107085 0.6444414 1.812595 -12.47255 3.753023
0.8424834 -0.509732 0.6578691 3.896565 -11.48782 6.226305
0.8407744 -0.4833648 0.6581132 7.484351 -11.31988 8.157603
0.8361358 -0.4933745 0.6705644 9.049236 -10.69392 10.61562
0.8327178 -0.502896 0.6808183 10.73626 -9.525985 12.92096
0.8310088 -0.4843413 0.6783769 12.7897 -8.823694 15.48585
0.8280791 -0.4933745 0.6700761 13.02634 -8.083237 18.38661
0.8224639 -0.4836089 0.6712968 12.19427 -7.296977 21.72249
0.8188018 -0.4709136 0.669832 10.80496 -6.312244 24.9515
0.8300323 -0.4640777 0.6637285 8.667557 -5.49545 28.16524
0.8288116 -0.4545562 0.6583574 6.140839 -4.380947 31.72249
0.8307647 -0.4496734 0.6515214 4.095038 -3.541252 34.76829
0.8576201 -0.4374663 0.6590898 3.46145 -3.594687 37.85989
0.8498076 -0.4164702 0.6859453 2.469084 -1.327511 39.87516
0.8456573 -0.3708159 0.67325 -3.088168 1.000733 42.61562
0.8563994 -0.3708159 0.6791093 -4.729389 1.626687 44.47058
0.8571319 -0.3678863 0.6935136 -2.378244 3.138137 45.69958
0.8476104 -0.3312652 0.697664 -1.286641 5.550351 46.01257
0.8517608 -0.3129546 0.7042558 1.86603 7.214473 45.79119
0.8615264 -0.2882964 0.7328203 4.759161 10.13814 45.1576
0.8537139 -0.2663238 0.7523515 4.24771 13.76409 45.00493
0.8488311 -0.2673003 0.760164 6.789694 18.05417 44.26447
0.8490752 -0.2475249 0.7621171 5.530153 21.14577 43.9973
0.8490752 -0.2172515 0.7608964 5.850763 24.21447 43.67669
0.8429717 -0.2106597 0.7464921 3.522519 27.89386 43.80646
0.838333 -0.2099272 0.7494218 1.346946 31.51218 43.96676
0.8292998 -0.1852691 0.7157304 1.682825 34.39005 41.72249
0.8185576 -0.179898 0.6864336 3.827862 34.89386 40.09653
0.8290557 -0.1745269 0.6673906 5.05687 36.35951 38.74539
0.8175811 -0.1786772 0.6456621 6.415649 39.1076 37.03547
0.8114776 -0.1576812 0.5907304 6.65229 40.26791 35.73775
0.7968291 -0.155728 0.5592363 7.95 38.49692 33.9286
0.7924346 -0.1584136 0.5379961 7.637022 38.84043 32.70722
0.7882842 -0.1606108 0.5050371 5.980534 38.32898 31.73775
0.7790069 -0.1686675 0.4676836 -0.882061 37.63432 32.79882
0.7641143 -0.1791655 0.4630449 3.476717 34.73356 31.37134
0.744583 -0.1847808 0.4640214 7.927099 32.70303 29.88279
0.7426299 -0.1542632 0.4630449 9.919466 32.87096 27.98966
0.7606963 -0.141812 0.4374101 13.15611 29.89386 25.42478
0.8336944 -0.5155913 0.5829179 -7.103435 -8.052702 32.94386
0.9154815 -0.273648 0.7586992 -60.50038 -3.79316 48.31027
0.9521026 -0.3102691 0.7569902 -49.92023 -0.1519389 45.52402
0.9696807 -0.3178374 0.7225664 -42.59962 2.458748 43.00493
0.9904326 -0.3007476 0.701082 -35.20267 4.435847 40.73775
1.022171 -0.3456695 0.7020586 -20.35534 8.817526 36.76829
1.004593 -0.3693511 0.6422441 -9.706489 12.45875 34.00493
0.9435576 -0.3686187 0.5863359 5.339313 14.58088 31.14997
0.8656768 -0.3686187 0.5311601 11.75916 14.016 30.78356
0.7604522 -0.3642241 0.5216386 20.30115 13.43585 29.54692
0.7047881 -0.3363921 0.5348222 27.94237 16.11524 27.48585
0.6720733 -0.3615386 0.539705 40.69046 17.12287 25.74539
0.657669 -0.3234527 0.5133379 41.62175 18.59615 23.9973
0.6610869 -0.290982 0.4942949 41.26297 19.49692 22.82936
0.6930694 -0.2394683 0.4711015 27.51489 19.39768 23.74539
0.6830596 -0.2548491 0.499666 -1.798092 20.41295 26.89043
0.6488799 -0.2123687 0.517 -41.21794 20.23737 33.17287
0.6894073 -0.3110015 0.5467851 -55.59199 20.91676 33.9973
0.74971 -0.334439 0.5453203 -69.88206 21.59615 33.79882
0.7743682 -0.3617827 0.5128496 -71.44695 21.68776 32.67669
0.7387237 -0.4352691 0.4466875 -78.38587 23.09233 34.9744
0.7594756 -0.4482085 0.2892168 -93.48512 12.86333 37.98203
0.8402862 -0.5932281 0.2547929 -71.41641 5.351878 36.0202
0.9120635 -0.6967437 0.2071855 -64.92786 -0.9152977 37.63089
0.9403838 -0.6269195 0.1183183 -73.04237 -7.075603 42.89806
0.9425811 -0.860562 0.08023238 -51.95076 -18.90003 45.9286
0.9323272 -0.9098784 0.03897262 -45.95076 -22.90767 47.55455
0.8288116 -0.9926421 0.005769491 -35.99657 -32.46492 55.25684
0.7223662 -1.014859 -0.005216837 -36.94313 -37.63285 63.98966
0.636917 -0.9985015 -0.02889848 -43.97367 -46.984 74.76066
0.574417 -0.9782378 -0.03011918 -50.30191 -57.94583 84.73775
0.5758819 -0.976773 0.01577926 -54.96603 -67.35805 93.83699
0.5954131 -0.947232 0.0653398 -56.01183 -75.0985 101.4019
0.6491241 -0.9211089 0.1127031 -58.37061 -82.0527 108.379
0.7064971 -0.8844878 0.1603105 -61.56908 -89.51072 115.7225
0.763626 -0.853482 0.2469804 -64.80573 -95.0298 122.7988
0.8146514 -0.8073394 0.3233964 -69.08817 -98.60233 127.9897
0.827835 -0.759732 0.4249589 -74.35534 -101.7703 134.8675
0.857376 -0.6772124 0.5370195 -79.99656 -102.8084 138.3561
0.8981475 -0.6943023 0.5660722 -78.60725 -102.5489 142.4324
0.8935088 -0.6449859 0.607332 -82.35534 -105.213 146.1576
0.8798369 -0.6613433 0.7191484 -86.1874 -105.6481 151.2339
0.9162139 -0.6523101 0.7899492 -87.66832 -100.9229 154.7454
0.9403838 -0.6090972 0.8356035 -86.3019 -97.67866 157.9362
0.9450225 -0.579312 0.8768633 -88.56145 -94.77789 161.8752
0.9564971 -0.5573394 0.9271563 -89.94313 -89.60233 164.6003
0.9679717 -0.5348784 0.9588945 -89.2561 -85.28934 166.8217
0.9616241 -0.5129058 0.9791582 -87.41641 -81.0069 168.4324
0.9694366 -0.4401519 1.016512 -86.1874 -78.83897 169.1423
0.9784698 -0.4362456 1.061678 -83.40878 -70.34278 169.0049
0.982376 -0.4106109 1.05533 -79.28664 -67.15194 168.7149
0.9911651 -0.3754546 1.062166 -72.12634 -61.8924 167.837
0.9870147 -0.3388335 1.071443 -67.22557 -56.38094 166.5316
0.9772491 -0.3058745 1.083406 -61.29428 -51.11377 164.8065
0.9765166 -0.2643706 1.053865 -54.9813 -45.54125 162.692
0.9726104 -0.2609527 1.03824 -49.59962 -40.38858 161.4782
0.9569854 -0.2467925 1.036287 -39.69886 -33.61759 159.3332
0.9086455 -0.1943023 0.9886797 -31.63779 -26.56415 155.5851
0.8749541 -0.1352202 0.9044512 -20.92786 -20.49545 150.7836
0.8129424 -0.1213042 0.8558672 -11.63779 -15.82369 146.3408
0.8229522 -0.01095264 0.7259843 -6.263741 -9.976366 138.0355
0.7606963 -0.03463428 0.6141679 -0.7446566 -11.64049 132.3942
0.7484893 -0.05489795 0.5353105 -0.5003819 -11.06034 129.1958
0.7394561 -0.06393116 0.4815996 2.133206 -11.33515 124.4095
0.7182158 -0.06368701 0.4071367 -1.065267 -12.86186 121.6309
0.7182158 -0.07272022 0.3680742 -5.630153 -15.48018 119.7607
0.7072295 -0.1076323 0.33658 -11.84389 -18.28934 118.3179
0.7016143 -0.1256987 0.3124101 -18.28664 -21.52599 118.4324
0.6979522 -0.1554839 0.2923906 -23.66069 -25.48018 117.8752
0.6942901 -0.1838042 0.2970293 -27.44695 -29.96873 117.7912
0.6896514 -0.1962554 0.3170488 -30.82862 -34.0527 118.4553
0.6967315 -0.2167632 0.3407304 -33.40115 -37.9611 118.4706
0.7013701 -0.2240874 0.3856523 -34.58435 -40.61759 118.7378
0.7050323 -0.2157866 0.4220293 -35.12634 -43.44965 119.1652
0.7064971 -0.2135894 0.478914 -35.55382 -45.1443 118.9133
0.7174834 -0.1940581 0.5062578 -35.37825 -46.51072 118.7072
0.7277373 -0.1806304 0.5580156 -34.53855 -46.95346 118.1652
0.7372588 -0.1630522 0.6131914 -33.56145 -46.8466 117.295
0.7431182 -0.1581694 0.6395586 -31.71412 -45.92293 116.2263
0.7467803 -0.1256987 0.6717851 -29.97366 -45.0527 113.8752
0.7470244 -0.1171538 0.6844804 -26.76756 -43.56415 112.3484
0.7526397 -0.08395069 0.7218339 -24.20267 -41.63285 110.0278
0.7567901 -0.08053272 0.7345293 -21.50038 -39.8466 109.2568
0.7499541 -0.05416553 0.7633379 -19.01183 -38.20537 106.5469
0.7370147 -0.04122607 0.7726152 -17.33244 -35.75499 104.0965
0.7267608 -0.02828662 0.7860429 -15.45458 -33.19011 101.7759
0.7270049 -0.009243652 0.7799394 -13.50802 -31.0069 99.25684
0.8754424 -0.5234038 0.7069414 9.446184 -6.327511 39.67669
0.8100127 -0.3319976 0.6922929 -2.973664 8.664854 41.58508
0.8112334 -0.3395659 0.6927812 -1.721756 9.077068 40.85989
0.807083 -0.3302886 0.6861894 -1.355344 9.939665 39.73012
0.8041533 -0.3283355 0.6725175 -1.088168 10.09234 39.12707
0.8004912 -0.3236968 0.6656816 -1.439313 10.28318 38.21104
0.7995147 -0.3256499 0.6571367 -1.019466 10.51218 37.68432
