0.8986358 0.1199067 0.9486406 12.89656 -34.46492 -47.91873
0.8786162 0.1025728 0.9566973 12.87366 -33.87713 -49.0714
0.8671416 0.09280712 0.966707 12.01107 -32.73209 -49.94164
0.9279326 0.06888134 0.6651933 -75.52328 -79.59469 21.18814
0.9709014 0.0403169 0.6288164 -72.74465 -86.62522 8.905695
0.9547881 0.03177197 0.6285722 -68.76756 -87.64049 6.25684
0.9313506 0.03152783 0.6444414 -67.47748 -88.60995 4.638519
0.9230498 0.0403169 0.6444414 -68.9126 -89.13667 3.455313
0.9118194 0.02688916 0.6615312 -70.17977 -89.67866 2.600351
0.9079131 0.00711377 0.6615312 -66.58435 -90.37331 0.7301216
0.9274444 0.001742676 0.6612871 -59.70649 -90.29698 -1.582855
0.9113311 0.008578613 0.6439531 -51.64542 -90.755 -4.277512
0.9152373 0.00711377 0.6144121 -41.85153 -91.79316 -6.559954
0.9074248 0.004672363 0.6153886 -34.01183 -92.01453 -8.987434
0.8847198 -0.05001514 0.61783 -20.56145 -92.37331 -13.1172
0.8654326 -0.03390186 0.6253984 1.873664 -92.28172 -18.82713
0.8617705 -0.001187012 0.6275957 6.850763 -91.90767 -19.85003
0.8659209 0.02518018 0.6322343 -1.324809 -92.21301 -17.9798
0.8703155 -0.003384277 0.6432207 -3.408779 -90.93056 -17.60576
0.871292 -0.03463428 0.6444414 -5.332443 -89.68629 -16.43782
0.8725127 0.01492627 0.6510332 -14.03473 -90.51072 -14.26224
0.8949737 0.01639111 0.687166 -19.98893 -88.34278 -12.69736
0.9079131 -0.05050342 0.6983964 -20.88969 -86.23591 -12.16301
0.921585 -0.05221241 0.6756914 -20.94313 -85.55652 -12.14011
0.9381866 -0.04855029 0.6913164 -19.72939 -83.94583 -12.08667
0.9462432 -0.05782764 0.702791 -20.57672 -81.73973 -12.06377
0.938919 -0.05245655 0.7181718 -19.69122 -80.16721 -11.88056
0.925003 -0.07589405 0.7345293 -17.50801 -77.61759 -12.44545
0.9062041 -0.07931201 0.7291582 -14.08817 -75.28172 -13.20881
0.8769073 -0.06100147 0.7386796 -12.76756 -73.49545 -13.45308
0.8722686 -0.06759326 0.7464921 -10.05 -70.23591 -14.30041
0.8546905 -0.07369678 0.7613847 -6.64542 -67.30461 -15.43782
0.8212432 -0.05953662 0.7555254 -2.256107 -65.71683 -15.72026
0.798294 -0.06881397 0.7657793 1.522519 -62.41911 -16.57522
0.7887725 -0.05123584 0.7777421 5.301145 -59.24354 -17.55995
0.7709502 -0.04757373 0.7721269 10.35458 -56.0298 -18.68209
0.7633819 -0.03683154 0.7684648 12.65992 -52.62522 -18.98744
0.7519073 -0.02340381 0.7645586 14.61412 -49.04507 -19.06377
0.7470244 -0.007534668 0.7709062 15.17138 -45.57942 -19.17827
0.7406768 -0.0002104491 0.767 16.71336 -41.81606 -19.26988
0.735794 0.009555176 0.7699296 17.9729 -38.64812 -19.10194
0.735794 0.02176221 0.761873 19.59886 -34.79316 -19.45308
0.7294463 0.02225049 0.7655351 19.98054 -31.35805 -19.26224
0.7209014 0.04227002 0.7716386 21.11794 -28.57942 -18.934
0.7157744 0.03543408 0.7731035 21.62939 -24.8924 -18.94927
0.7089385 0.04642041 0.7662675 22.44618 -21.93056 -18.60576
0.6884307 0.059604 0.7755449 22.0187 -19.64812 -18.17064
0.6879424 0.05130322 0.8045977 23.0416 -15.10614 -18.46072
0.6884307 0.05569775 0.7840898 23.40038 -11.41912 -17.90347
0.6798858 0.06326611 0.7787187 23.30878 -9.304611 -17.54469
0.6703643 0.08060009 0.7782304 23.94237 -6.480183 -17.18591
0.657669 0.06961377 0.7606523 26.91947 -3.220641 -17.43018
0.6513213 0.09060986 0.7394121 30.27825 -1.289344 -17.92637
0.6432647 0.09256298 0.7074296 33.93473 0.9167633 -18.36148
0.6356963 0.09793407 0.6896074 37.0874 2.794626 -18.9798
0.6383819 0.1003755 0.6676347 39.59885 4.390046 -19.46072
0.6410674 0.1164888 0.6441972 41.20954 6.031268 -19.9798
0.6361846 0.1167329 0.6112382 41.72863 7.481649 -20.51415
0.6305694 0.1155122 0.6085527 41.28588 8.649588 -20.89583
0.6220244 0.1199067 0.5904863 40.27061 9.825161 -21.19354
0.6200713 0.1111177 0.5799882 39.0187 10.62669 -21.67446
0.6115264 0.120395 0.577791 36.48435 11.58852 -21.85766
0.5893096 0.1111177 0.5672929 33.50725 12.82516 -22.03324
0.5824737 0.1160005 0.5611894 30.34695 13.71829 -22.22408
0.5771026 0.1125825 0.5494707 27.49198 14.49692 -22.40728
0.5736846 0.1074556 0.5524004 24.76679 15.16867 -22.60576
0.5651397 0.1072114 0.5360429 21.43855 15.9473 -22.46835
0.5675811 0.09476025 0.5370195 18.50725 16.58088 -22.63629
0.5517119 0.08255322 0.5074785 9.52252 17.54272 -22.26224
0.557083 0.06839306 0.5069902 6.858397 18.23737 -22.36912
0.5568389 0.06058056 0.4940507 5.369847 18.60379 -22.20881
0.5546416 0.05227978 0.4886796 4.346946 18.50455 -22.20117
0.5492705 0.04422315 0.4884355 2.163741 18.82516 -21.90347
0.5612334 0.03592236 0.482332 1.003435 18.9931 -21.46072
0.5609893 0.02908643 0.4769609 0.2706103 19.0618 -21.13247
0.5717315 0.02420361 0.4679277 1.087405 19.06944 -21.17064
0.5817412 0.0193208 0.46158 1.033969 18.48928 -20.39965
0.5846709 0.01077588 0.4618242 0.5606871 18.65722 -19.99507
0.5871123 0.00711377 0.4593828 -0.2713742 17.68776 -18.68973
0.5954131 -0.0006987304 0.4628007 1.591221 17.1076 -18.27751
0.5956573 -0.01119678 0.4630449 2.446183 16.90149 -17.48362
0.5949248 -0.01607959 0.4618242 3.759161 15.93966 -16.81186
0.5985869 -0.02218311 0.4593828 1.736259 15.25264 -14.66683
0.5924834 -0.01119678 0.4581621 0.797328 14.00837 -12.79659
0.588333 -0.006069824 0.4720781 -1.546183 13.51982 -11.08667
0.5790557 -0.01022022 0.4750078 -2.065267 12.44348 -9.468351
0.5792998 -0.008755371 0.4803789 -3.0271 11.64195 -7.949266
0.5722198 -0.01241748 0.4906328 -2.637786 11.02363 -6.628656
0.5702666 -0.01656787 0.4967363 -3.485115 10.21447 -4.872931
0.5673369 -0.01900928 0.4901445 -5.210305 9.519817 -3.42255
0.7086944 -0.1010405 0.5670488 1.293511 -14.0069 51.16524
0.6461944 -0.05782764 0.6012285 -10.01183 -4.854229 48.14997
0.6457061 -0.05294483 0.5958574 -9.141603 -4.518351 47.09653
0.6374053 -0.04855029 0.5853593 -7.805725 -4.266443 46.19577
0.6347198 -0.03707568 0.5836504 -6.34771 -4.075603 45.05074
0.6396026 -0.03854053 0.5765703 -4.904962 -4.151939 44.1576
0.6342315 -0.03170459 0.5765703 -3.217939 -4.09087 42.91333
0.6320342 -0.02560107 0.5685136 -1.843893 -4.197741 41.68432
0.6266631 -0.02462451 0.5763261 0.1942749 -4.335145 40.21867
0.6303252 -0.01925342 0.5594804 1.67519 -4.426748 38.95913
0.6354522 -0.01681201 0.5514238 3.156106 -4.716825 37.79882
0.6334991 -0.005825684 0.5521562 3.820229 -5.083237 36.53928
0.6313018 -0.0107085 0.5526445 4.049237 -5.564153 35.69196
0.6381377 -0.009976074 0.546541 3.86603 -5.732092 34.44004
0.6454619 -0.01510303 0.5502031 3.209542 -6.365679 33.37135
0.6444854 -0.01510303 0.5336015 2.339313 -6.602321 32.39425
0.6439971 -0.0119292 0.5370195 1.339313 -6.938199 31.39425
0.6457061 -0.02071826 0.543123 -0.07290077 -7.411481 30.1805
0.6493682 -0.02193897 0.5426347 -1.698855 -7.869496 29.39425
0.6488799 -0.02901904 0.5460527 -3.675954 -8.213007 28.73775
0.6505889 -0.02975146 0.5458086 -5.599618 -8.442015 27.73012
0.6610869 -0.02950732 0.5367754 -7.607252 -8.79316 26.90569
0.6527862 -0.03170459 0.5440996 -8.698855 -9.365679 26.07363
0.6605987 -0.0353667 0.5379961 -10.39351 -9.87713 25.48585
0.6579131 -0.0275542 0.539705 -11.60725 -10.29698 24.40188
0.6649932 -0.03023975 0.5428789 -12.9355 -11.0985 23.89043
0.6669463 -0.03780811 0.5365312 -14.17214 -11.51072 23.43241
0.6637725 -0.03463428 0.5406816 -15.0958 -12.0527 22.87516
0.6571807 -0.03243701 0.5472734 -15.87443 -12.30461 22.05073
0.6608428 -0.02804248 0.5489824 -16.34008 -12.53362 21.18814
0.6625518 -0.02975146 0.55533 -15.95076 -13.34278 20.50875
0.6598662 -0.03463428 0.5536211 -15.59199 -13.31988 19.61562
0.6635283 -0.02926318 0.5519121 -14.53092 -13.57179 18.72249
0.6688994 -0.03097217 0.55533 -13.53855 -13.93056 17.61562
0.6793975 -0.02975146 0.5602129 -12.63779 -14.30461 16.76066
0.6767119 -0.02682178 0.5641191 -12.08817 -14.61759 16.31027
0.6798858 -0.02828662 0.5641191 -12.06527 -14.52598 15.50875
0.683792 -0.02047412 0.5589921 -12.19504 -14.29698 15.066
0.6903838 -0.02047412 0.5648515 -11.82863 -14.28934 14.05073
0.6850127 -0.02584522 0.5687578 -12.53855 -13.77789 13.68432
0.6967315 -0.02950732 0.55533 -13.29428 -13.37331 13.05073
0.6903838 -0.02535693 0.5707109 -14.40878 -12.61759 12.55455
0.697708 -0.02340381 0.5646074 -15.03473 -12.61759 11.98966
0.6964873 -0.02950732 0.5770586 -15.65305 -11.67102 11.30264
0.706253 -0.02120654 0.5704668 -15.75229 -10.76263 10.69195
0.6991729 -0.02267139 0.5692461 -14.17977 -9.678657 10.09653
0.6908721 -0.02731006 0.5641191 -10.66832 -9.28171 8.607985
0.6945342 -0.02682178 0.5628984 -5.668321 -8.716825 6.791191
0.7023467 -0.02950732 0.562166 1.316412 -8.029801 4.623253
0.6957549 -0.03609912 0.5597246 9.171375 -7.594687 2.401878
0.6879424 -0.03634326 0.5533769 16.15611 -7.846595 0.3408089
0.6901397 -0.04684131 0.5543535 21.17138 -7.869496 -1.048504
0.6933135 -0.0443999 0.5668046 24.34695 -7.548885 -2.155375
0.6901397 -0.04977099 0.5668046 25.29351 -7.205374 -2.773695
0.6857451 -0.05440967 0.5748613 25.14847 -6.984 -3.048504
0.6952666 -0.06271045 0.5812089 23.94237 -7.533618 -2.903465
0.6947783 -0.06368701 0.5856035 21.04924 -6.79316 -2.651558
0.6999053 -0.07003467 0.5804765 17.84313 -6.648122 -2.773695
0.7047881 -0.07687061 0.5907304 14.36985 -6.556519 -2.42255
0.7130889 -0.08541553 0.5821855 10.72863 -6.380947 -2.025602
