0.4677276 0.6089204 1.027742 -9.653053 5.084702 12.73012
0.4679717 0.6023286 1.015047 -7.0271 5.298443 11.79882
0.4655303 0.5915864 1.011141 -4.271374 5.351878 10.98203
0.4691924 0.5889009 0.999666 -2.019466 5.619053 10.37898
0.4564971 0.5754731 0.9938066 0.5835876 5.603786 9.882794
0.4711455 0.5867036 0.9828203 1.179007 5.367145 10.066
0.4621123 0.5698579 0.9786699 2.782061 4.290809 9.959129
0.4508819 0.557895 0.9952715 4.720993 4.214473 9.638519
0.4574737 0.5644868 0.9889238 5.079771 4.664855 9.890428
0.4452666 0.5657075 0.9901445 7.415649 3.588519 9.630885
0.447708 0.5625337 1.002352 9.873665 3.848061 9.317908
0.4579619 0.5698579 0.9855059 9.934732 3.886229 9.585084
0.4616241 0.6181977 1.00699 8.095037 5.130504 10.48585
0.4635772 0.6123384 0.9967363 6.491985 5.054168 10.79882
0.4586944 0.6272309 1.004061 3.46145 5.489283 11.54692
0.4589385 0.6291841 1.007478 1.125573 6.176305 11.72249
0.4574737 0.6347993 0.9947832 -1.584351 6.52745 12.31791
0.456253 0.6379731 0.9986895 -5.546184 6.93203 13.24921
0.456253 0.6509126 1.004549 -9.149237 7.878596 13.78356
0.4542998 0.6411469 1.001131 -11.27137 8.237373 13.9286
0.4489287 0.63602 0.9947832 -12.75229 8.183939 14.21104
0.4408721 0.6218598 0.9869707 -13.17214 8.435848 14.0202
0.4318389 0.6289399 0.9828203 -13.12634 8.603786 14.42478
0.4369658 0.6072114 0.9930742 -11.99656 8.786993 14.27211
0.4416045 0.6069673 0.9706133 -11.57672 8.641954 14.80646
0.4284209 0.5867036 0.966707 -9.874428 8.573252 14.40188
0.4445342 0.5947602 0.9603594 -9.05 8.122869 14.60798
0.4379424 0.5796235 0.9574297 -9.172137 7.855694 15.1576
0.4115752 0.570102 0.9486406 -8.24084 7.046534 15.42478
0.4105987 0.5698579 0.9476641 -7.187405 5.954932 15.9973
0.3952178 0.5693696 0.9286211 -6.233206 4.901496 16.42478
0.425003 0.5813325 0.9188555 -7.523283 4.695389 17.0889
0.4438018 0.5825532 0.9003008 -11.08053 3.962565 18.47821
0.4279326 0.5720551 0.9051836 -11.87443 2.099969 19.24157
0.4228057 0.5788911 0.9061602 -13.84389 1.397679 20.25684
0.4098662 0.5791352 0.9095781 -14.66832 0.4358473 20.66142
0.3971709 0.5747407 0.9212969 -14.35534 -0.8313283 20.70722
0.3998565 0.5818208 0.9303301 -14.04237 -2.136672 21.0202
0.3949736 0.5759614 0.9269121 -13.85153 -3.17484 20.94386
0.3881377 0.5747407 0.9308184 -12.9813 -4.663389 20.79882
0.4052276 0.5932954 0.9254473 -15.1187 -5.571786 21.66905
0.4184112 0.5879243 0.919832 -15.82099 -6.808427 21.63852
0.4306182 0.5889009 0.9271563 -18.04237 -7.335145 22.39425
0.425003 0.5871919 0.9293535 -18.39351 -8.655756 22.66142
0.4276885 0.5825532 0.9496172 -18.34771 -9.335145 22.31027
0.4330596 0.5803559 0.9820879 -17.85153 -9.495451 22.34081
0.4276885 0.5759614 0.9901445 -16.40115 -9.90003 22.31027
0.4362334 0.5781587 0.9881914 -14.59198 -10.14431 21.53928
0.4557647 0.5852387 1.015047 -12.82099 -10.08324 21.48585
0.4591826 0.5835298 1.017488 -10.54618 -10.09087 21.18814
0.4626006 0.5854829 1.014559 -7.675954 -9.640489 20.72249
0.4611358 0.5749848 1.035066 -5.141603 -9.411481 20.33318
0.4787139 0.5759614 1.035311 -2.675954 -9.022168 20.19577
0.4757842 0.5864594 1.04532 -1.698855 -8.28171 20.1805
0.4777373 0.5915864 1.059725 -1.462214 -7.220641 20.31027
0.4921416 0.592563 1.067049 -2.080534 -6.045069 20.85989
0.4901885 0.5942719 1.080232 -3.0271 -4.587053 21.27211
0.5224151 0.6079438 1.081453 -4.950764 -2.808427 21.20341
0.4992217 0.5920747 1.082186 -10.46985 -2.831328 23.39425
0.5050811 0.6086762 1.083406 -8.83626 -0.9000305 22.9744
0.4906768 0.6233247 1.10782 -11.9355 1.138137 23.33318
0.4491729 0.6347993 1.114168 -12.64542 2.061801 23.22631
0.447708 0.6413911 1.131258 -11.38588 3.764091 22.38661
0.4416045 0.649936 1.125643 -12.13397 5.344244 22.66142
0.4489287 0.6501801 1.103914 -13.26374 6.855694 22.82936
0.4435576 0.6445649 1.105135 -15.32481 7.52745 23.21867
0.4486846 0.6399262 1.111482 -14.74466 8.496916 22.70722
0.4796905 0.6277192 1.106844 -14.08817 10.1305 22.14234
0.4872588 0.6399262 1.077547 -19.92023 12.88623 23.54692
0.4914092 0.6057466 1.059969 -18.38588 12.93203 23.24921
0.4965362 0.6240571 1.059969 -18.79046 13.76409 23.56218
0.4813994 0.6025727 1.058992 -16.47748 13.83279 22.86753
0.5370635 -0.01485889 0.5443437 18.43092 -16.14431 -2.155375
0.4987334 -0.101773 0.5272539 13.86603 -16.06034 -3.857664
0.5001983 -0.1112944 0.544832 15.80496 -15.76263 -3.712626
0.4904326 -0.1120269 0.5614336 15.24771 -15.01453 -3.140106
0.4931182 -0.1256987 0.5650957 14.86603 -14.72446 -2.269878
0.4921416 -0.1369292 0.5599687 15.30878 -14.44201 -1.727894
0.498001 -0.1376616 0.5702226 15.40038 -13.99927 -0.5828552
0.5053252 -0.1701323 0.562166 17.42328 -13.87713 0.07363319
0.5177764 -0.1637847 0.5514238 18.65229 -13.44965 0.7530231
0.5209502 -0.1689116 0.5231035 19.62176 -13.90766 1.966763
0.5221709 -0.1698882 0.5177324 20.8813 -14.33515 2.722488
0.5048369 -0.1632964 0.5077226 22.22481 -14.20537 3.638519
0.4828643 -0.1598784 0.4977129 23.68283 -14.34278 4.707222
0.46846 -0.1506011 0.4903886 24.82023 -14.35041 5.730123
0.4508819 -0.1286284 0.4869707 23.89656 -14.83133 7.066
0.447708 -0.1193511 0.4781816 21.04924 -14.41148 8.814092
0.4413604 -0.1032378 0.4837968 18.47672 -13.99163 10.24921
0.4416045 -0.07662647 0.4737871 12.20954 -13.29698 12.37898
0.4286651 -0.06490772 0.477205 7.430916 -13.23591 13.85989
0.4308623 -0.03609912 0.4764726 0.9041982 -12.48018 15.34844
0.4264678 -0.01949756 0.4757402 -7.446947 -11.71682 17.0202
0.4333037 0.005160645 0.4742754 -14.84389 -11.51835 18.79119
0.43721 0.01663525 0.4877031 -22.47748 -10.77026 19.81409
0.4430694 0.01517041 0.4955156 -25.54618 -10.41912 19.95913
0.4411162 0.03226025 0.499666 -29.99656 -9.434381 20.34081
0.4274444 0.05130322 0.5113847 -36.50038 -8.762627 21.96676
0.3866729 0.1035493 0.5213945 -47.61489 -8.296977 22.02783
0.3842315 0.06204541 0.5282304 -51.9355 -8.686291 21.24157
0.416458 0.08963329 0.5306718 -60.79046 -7.663389 22.23394
0.4347686 0.05911572 0.5401933 -63.50802 -6.671023 22.11943
0.4835967 0.07352002 0.527498 -67.35535 -5.953465 21.94386
0.4831084 0.06204541 0.5382402 -65.35535 -5.457283 20.22631
0.4696807 0.07352002 0.5360429 -65.50802 -4.968733 18.79882
0.4418487 0.08841259 0.5360429 -67.35535 -5.136672 17.60035
0.4599151 0.1369966 0.5189531 -78.05 -5.930565 18.25684
0.4713897 0.02249463 0.5636308 -70.04237 -6.136672 16.53928
0.4899444 0.1018403 0.558748 -71.67595 -3.564153 16.14997
0.4992217 0.1033052 0.54825 -74.87443 -3.442015 15.65379
0.5050811 0.1125825 0.5543535 -79.84389 -2.648122 16.62325
0.5248565 0.1040376 0.5636308 -84.67595 -0.2893435 17.12707
0.5272979 0.08230907 0.5707109 -84.75992 1.786992 15.49348
0.518753 0.1142915 0.5558183 -94.26374 3.672489 17.1576
0.5043487 0.1120942 0.5367754 -104.7752 4.046535 19.48585
0.5163116 0.1025728 0.5331132 -114.8286 7.038901 20.96676
0.5045928 0.1235688 0.5130937 -128.0118 9.191572 24.18814
0.4765166 0.1367524 0.4935625 -136.3706 9.870962 25.78356
0.4540557 0.1069673 0.4982011 -134.424 10.48928 24.74539
0.4438018 0.1294282 0.4742754 -132.2256 10.59615 24.14234
0.4301299 0.1247895 0.466707 -128.134 9.443481 22.76829
0.4293975 0.1184419 0.4847734 -123.9355 9.214474 20.98203
0.4218291 0.1011079 0.5045488 -122.7065 8.298443 20.57745
0.4169463 0.1094087 0.5057695 -120.1569 7.725924 19.72249
0.4318389 0.1189302 0.5265214 -122.1416 7.74119 19.60035
0.4418487 0.1216157 0.5399492 -119.4775 8.367146 18.50111
0.4579619 0.10477 0.5470293 -119.1798 8.374779 17.59272
0.4513701 0.1382173 0.5287187 -116.9279 7.321344 16.11943
0.4457549 0.09524853 0.5282304 -113.3248 6.359512 14.9744
0.4496612 0.08230907 0.5423906 -106.7294 5.893862 12.76829
0.4479522 0.09842236 0.546541 -99.28664 4.390046 10.16524
0.4660186 0.1057466 0.5545976 -94.82862 3.046535 8.218672
0.4618682 0.09695751 0.563875 -91.27137 1.848061 6.669053
0.46846 0.1218599 0.5985429 -86.05 1.993099 4.928595
0.463333 0.1250337 0.6048906 -78.72939 3.20684 2.058367
0.4455108 0.1299165 0.5829179 -70.46985 2.939664 -1.025602
0.4318389 0.1284517 0.5502031 -64.32481 2.443481 -3.811863
0.4359893 0.1269868 0.5399492 -58.62252 1.786992 -5.934
0.4489287 0.1286958 0.5367754 -56.1874 0.8556948 -7.117207
0.449417 0.1201509 0.5333574 -55.30954 0.7640915 -8.101938
0.482376 0.1138032 0.5143144 -57.28664 0.3900459 -8.017969
0.4813994 0.09915478 0.5157793 -59.35535 0.4129465 -7.590488
0.4608916 0.0517915 0.5050371 -57.47748 -0.4801832 -6.949266
0.4540557 0.1059907 0.4982011 -64.27137 -0.08323669 -4.582855
0.4469756 0.08841259 0.4901445 -67.83626 -0.7473588 -3.384382
0.4574737 0.06131299 0.4942949 -65.2561 -2.373313 -2.697359
0.4760283 0.09915478 0.501375 -67.35535 -3.564153 -1.117207
0.4560088 0.059604 0.511873 -60.35535 -4.861863 -1.643923
0.4740752 0.08792431 0.5113847 -61.26374 -5.251176 0.1118011
0.6122588 0.182895 0.5235918 -72.46985 -11.83133 8.356076
