0.7177276 -0.2314116 0.7235429 10.67519 -0.1519389 -12.85766
0.735794 -0.252896 0.6969316 12.22481 1.222107 -14.62866
0.7438506 -0.2680327 0.6659257 14.45382 1.412946 -15.94927
0.7565459 -0.2929351 0.6361406 16.63702 1.306076 -17.19354
0.7741241 -0.3178374 0.5912187 18.45382 0.9091299 -18.19354
0.78096 -0.3395659 0.570955 19.65992 -0.3198779 -18.35385
0.7921905 -0.3603179 0.532625 20.55305 -2.052702 -18.16301
0.8012237 -0.3888824 0.529207 20.38511 -4.251176 -17.20117
0.81221 -0.4059722 0.5003984 19.77443 -6.449649 -16.33095
0.8100127 -0.4242827 0.4940507 18.73626 -9.174839 -14.55232
0.8119658 -0.4355132 0.5008867 17.37748 -11.48782 -12.8424
0.8195342 -0.447232 0.5126054 16.11031 -14.20537 -10.74316
0.8251494 -0.4613921 0.527498 15.39275 -16.0756 -8.934
0.8290557 -0.4645659 0.5567949 14.30878 -17.93056 -7.117207
0.8288116 -0.4640777 0.5851152 13.33931 -19.75499 -5.330946
0.8393096 -0.456021 0.6119707 10.53015 -21.0756 -3.453083
0.8170928 -0.4533355 0.6605546 7.980534 -21.77789 -2.590488
0.846878 -0.4623687 0.6966875 4.942366 -21.22828 -1.06377
0.8148955 -0.4606597 0.7433183 2.293511 -19.69392 -0.5294189
0.8439483 -0.4599273 0.7726152 -0.8896947 -18.67866 1.546917
0.8424834 -0.4684722 0.8058184 -2.508016 -16.21301 2.806458
0.8173369 -0.4692046 0.8336504 -4.179771 -13.16721 3.760656
0.8080596 -0.4818999 0.8478106 -4.935496 -10.67866 4.890427
0.7890166 -0.5021636 0.8534258 -5.904962 -7.68629 6.188137
0.7714385 -0.5160796 0.8524492 -6.15687 -4.426748 7.722488
0.7707061 -0.5224273 0.8465899 -7.072901 -1.47255 9.562183
0.7516631 -0.5402495 0.8255938 -7.477481 0.9701984 11.59272
0.7387237 -0.5490386 0.8006914 -7.889695 3.183939 13.84463
0.7262725 -0.5578277 0.7611406 -6.988932 4.855695 15.46295
0.7130889 -0.5605132 0.7211015 -4.94313 5.634321 17.43241
0.704544 -0.5607574 0.6969316 -3.691221 5.9931 19.55455
0.6884307 -0.5592925 0.6573808 -2.233206 5.764091 21.69959
0.6840362 -0.5561187 0.6210039 -1.248474 5.046535 23.84463
0.6608428 -0.5099761 0.5316484 -0.920229 -0.08323669 30.1805
0.6640166 -0.4982574 0.5150468 -1.576718 -2.197741 31.57745
0.6679229 -0.4745757 0.4989336 -2.080534 -5.037435 32.9286
0.829544 -0.8359038 0.6678789 -11.01183 40.1305 31.63089
0.8998565 -0.4294097 0.6815507 -9.622519 -1.396214 -6.086672
0.900833 -0.4184234 0.6690996 -10.58435 -2.945832 -6.834763
0.9169463 -0.4206206 0.6603105 -10.85916 -3.419115 -7.720259
0.921585 -0.4225738 0.657625 -11.32481 -5.167206 -8.582855
0.9279326 -0.4369781 0.657625 -12.04237 -6.396214 -9.453083
0.9359893 -0.4538238 0.664705 -12.57672 -8.052702 -10.01034
0.9455108 -0.4765288 0.6661699 -12.52328 -8.732092 -10.56759
0.949417 -0.490689 0.6798418 -13.19504 -8.632854 -10.72789
0.9579619 -0.5143706 0.6952226 -14.72939 -9.671022 -10.65156
0.9626006 -0.5429351 0.6832597 -14.9126 -9.655756 -10.55232
0.9564971 -0.5673491 0.6883867 -14.08053 -13.0985 -9.31568
0.9638213 -0.5961577 0.7110918 -13.59962 -12.8695 -9.193542
0.9579619 -0.6254546 0.7235429 -11.85916 -13.0527 -7.720259
0.9711455 -0.64523 0.7247636 -10.95076 -15.14431 -6.300413
0.9652862 -0.6684234 0.7477129 -11.08817 -15.36568 -3.704992
0.9682158 -0.6796538 0.7562578 -9.057633 -14.97637 -1.727894
0.9669951 -0.6759917 0.7557695 -8.43168 -15.23591 0.7148552
0.9669951 -0.6820952 0.7735918 -8.370611 -15.16721 3.562183
0.9740752 -0.6874663 0.7755449 -7.950764 -15.09087 6.142336
0.9723662 -0.6852691 0.7608964 -8.279008 -14.75499 8.867527
0.9645537 -0.6818511 0.7865312 -8.439313 -14.69392 11.60798
0.9660186 -0.6855132 0.7777421 -8.782825 -14.51835 14.26447
0.9596709 -0.6794097 0.7796953 -8.798092 -14.04507 17.21867
0.9530791 -0.6823394 0.7814043 -8.805725 -13.67866 19.80646
0.9560088 -0.6791656 0.7718828 -8.752291 -12.87713 22.69195
0.9542998 -0.6801421 0.7660234 -8.996565 -12.99927 25.26447
0.9550323 -0.6691558 0.7538164 -10.56145 -14.15194 28.44005
0.9501494 -0.6701324 0.7342851 -12.25611 -13.93056 31.11943
0.9472198 -0.673062 0.7281816 -13.68359 -14.38095 34.32554
0.9594268 -0.6652495 0.7294023 -15.28664 -14.88476 37.50875
0.9682158 -0.6589019 0.7052324 -16.94313 -15.9611 40.70722
0.9630889 -0.6374175 0.6996171 -17.44695 -17.36568 43.50111
0.9530791 -0.6320464 0.7186601 -18.0729 -19.80843 46.57745
0.9626006 -0.6166656 0.7311113 -16.9126 -18.0298 48.55455
0.963333 -0.5832183 0.720125 -14.92786 -19.73973 50.34081
0.9665069 -0.5693023 0.7401445 -14.79046 -20.97637 52.45531
0.966751 -0.5500152 0.7606523 -14.41641 -21.19011 54.21867
0.9738311 -0.5277984 0.7621171 -12.53092 -20.99163 55.21104
0.9799346 -0.4911773 0.7743242 -11.35534 -21.41148 56.67669
0.9796905 -0.4660308 0.782625 -10.9584 -21.12904 57.69958
0.9855498 -0.4499175 0.777498 -11.0958 -20.48782 58.81409
0.9853057 -0.4181792 0.7904375 -11.1416 -19.58705 59.51638
0.9777373 -0.3942534 0.791414 -11.67595 -19.0527 60.20341
0.987503 -0.3515288 0.7735918 -12.34008 -18.54125 60.52402
0.9801787 -0.3175933 0.7726152 -14.04237 -18.90003 60.53928
0.9721221 -0.3058745 0.7762773 -14.70649 -18.56415 59.79883
0.9762725 -0.2885406 0.767 -15.72176 -18.99163 59.08127
0.9833526 -0.2655913 0.7508867 -16.92786 -19.23591 58.28738
0.9755401 -0.2475249 0.7611406 -17.12634 -19.17484 56.46294
0.9652862 -0.2336089 0.775789 -16.53855 -19.16721 54.53165
0.9652862 -0.2187163 0.77408 -16.35534 -19.99163 52.68432
0.9669951 -0.2123687 0.779207 -16.47748 -19.30461 50.87516
0.9657744 -0.2048003 0.789705 -16.56145 -18.87713 48.78356
0.9638213 -0.2084624 0.7884843 -15.80573 -18.58705 46.39425
0.9608916 -0.2131011 0.7953203 -14.78282 -18.49545 44.42478
0.9584502 -0.206021 0.8085039 -14.34008 -18.0298 42.23394
0.9608916 -0.2187163 0.8199785 -13.88206 -17.56415 40.36371
0.9594268 -0.2279937 0.8163164 -13.97366 -16.78553 38.73775
0.9474639 -0.2316558 0.8270586 -13.9584 -15.77789 37.21104
0.9391631 -0.2414214 0.8216875 -13.43931 -15.41148 35.72249
0.9413604 -0.2443511 0.8295 -12.80573 -14.51072 34.56218
0.9340362 -0.2448394 0.8370684 -11.82863 -13.69392 33.0202
0.9347686 -0.242398 0.8348711 -10.9813 -13.31224 31.90569
0.935501 -0.2404448 0.8380449 -9.737023 -12.64049 30.76066
0.9291533 -0.2326323 0.8412188 -8.874428 -12.0298 29.09653
0.9245147 -0.2184722 0.8436602 -7.851527 -11.31988 27.9973
0.9242705 -0.2091948 0.8297441 -7.340076 -10.33515 26.16524
0.9279326 -0.1989409 0.8402422 -7.080534 -9.884764 24.43241
0.9230498 -0.1881987 0.8390215 -6.882061 -9.525985 22.60035
0.9225616 -0.1860015 0.8268145 -6.469848 -8.968733 20.47058
0.9313506 -0.2013823 0.8297441 -5.446947 -8.640489 18.35608
0.9210967 -0.1725737 0.8287676 -5.515649 -8.075603 16.02783
0.9105987 -0.1759917 0.8309649 -2.172138 -7.426748 12.59272
0.9115752 -0.1911284 0.8356035 -1.569084 -7.045069 10.38661
0.9169463 -0.1986968 0.8268145 -0.5003819 -6.28171 7.646152
0.9064483 -0.2121245 0.8251055 0.4232821 -5.648122 5.417145
0.9054717 -0.2301909 0.832918 0.8507628 -4.701557 3.516382
0.8913116 -0.256314 0.8231524 1.369847 -4.098504 1.783558
0.8957061 -0.2900054 0.8128984 1.415649 -3.289343 0.4629459
0.8961944 -0.3114898 0.8019121 2.087405 -2.854229 -0.8042297
0.8820342 -0.3415191 0.7938554 2.598855 -2.190107 -1.048504
0.8891143 -0.3771636 0.7796953 2.186641 -2.342779 -1.002703
0.8766631 -0.3954741 0.7745683 2.255343 -1.900031 -0.5828552
0.8639678 -0.4296538 0.7623613 1.804962 -1.823695 -0.07140541
0.8678741 -0.4445464 0.7538164 1.789694 -1.984 1.394245
0.8600616 -0.4714019 0.7457597 1.919466 -1.739725 2.753023
0.8605498 -0.4911773 0.7296464 2.293511 -1.999267 4.348442
0.7951201 -0.3566558 0.7123125 -15.69885 11.22974 54.87516
0.7768096 -0.1637847 0.5223711 -13.64542 13.0618 46.25684
0.7804717 -0.1437651 0.5187089 -12.86679 12.18394 43.40188
0.7675323 -0.1405913 0.5055254 -12.68359 10.98547 40.79882
0.7777862 -0.1371733 0.4737871 -9.195038 9.283176 37.56218
0.748001 -0.1569487 0.4693925 -0.6377864 5.764091 33.25684
0.7760772 -0.1247222 0.5091875 2.583588 2.764091 29.75302
0.7990264 -0.1286284 0.5260332 4.05687 3.069435 26.71486
0.8180694 -0.1339995 0.5196855 5.751526 3.115237 23.57745
0.8151397 -0.1361968 0.5174882 8.362213 1.863328 20.66142
0.8288116 -0.1205718 0.5262773 9.667557 0.7411909 17.95913
0.8329619 -0.1300933 0.5196855 9.873665 0.756458 15.31027
0.8302764 -0.1332671 0.5218828 10.59886 -0.1595726 12.76829
0.8224639 -0.1344878 0.5060136 11.43855 -1.869496 10.37134
0.8256377 -0.1508452 0.5218828 10.82023 -3.510717 8.317908
0.8300323 -0.155728 0.5282304 9.392748 -4.564153 6.783557
0.8363799 -0.1808745 0.5389726 7.667557 -5.373313 5.25684
0.8488311 -0.1977202 0.5484941 5.408015 -6.266443 4.424778
0.8568877 -0.2121245 0.5582597 4.140839 -6.617588 3.394245
0.8629912 -0.2309233 0.5765703 4.117939 -7.693923 2.836992
0.8732451 -0.2492339 0.5787675 4.156106 -7.785527 2.25684
0.8756866 -0.266812 0.6002519 3.911832 -8.144305 1.546917
0.8842315 -0.2846343 0.6119707 3.377481 -8.113771 1.485847
0.8754424 -0.2978179 0.6376054 2.224809 -7.648122 1.943863
0.8769073 -0.3249175 0.6422441 0.6599236 -6.816061 2.188137
0.8732451 -0.3258941 0.6654375 -1.187405 -6.182473 3.25684
