1.166214 -0.08175343 1.202059 -5.767557 7.145771 25.69195
1.166946 -0.0641753 1.205477 -6.698855 7.199206 25.78356
1.163528 -0.04855029 1.206941 -10.75229 7.275542 26.45531
1.164261 -0.03878467 1.195955 -16.44695 7.183939 27.55455
1.157181 -0.04244678 1.194246 -22.64542 6.435848 28.79119
1.161819 -0.04903857 1.183992 -28.62252 5.90913 30.17287
1.157425 -0.06075733 1.191316 -33.15687 5.428214 31.38661
1.17012 -0.07027881 1.193269 -36.77519 4.741191 32.54692
1.175491 -0.08175343 1.199129 -39.9813 4.42058 33.51638
1.176468 -0.08517139 1.193269 -41.88206 3.61142 34.47821
1.174759 -0.09322803 1.185701 -43.85916 3.046535 35.26447
1.177444 -0.1032378 1.179842 -45.51565 2.20684 36.27974
1.172073 -0.112271 1.184725 -45.80573 1.275542 36.89043
1.176468 -0.1130034 1.186678 -46.19504 0.5503511 38.0202
1.172806 -0.1183745 1.185945 -45.38588 -0.1443052 38.60799
1.167679 -0.1152007 1.191561 -43.58435 -0.7778932 39.08127
1.149612 -0.1120269 1.192293 -42.26374 -1.480183 39.23394
1.145462 -0.09884327 1.183504 -42.30954 -2.312244 40.0889
1.147415 -0.09249561 1.1774 -43.46222 -3.228275 40.86753
1.130325 -0.09566944 1.184969 -46.10344 -4.68629 42.18814
1.13594 -0.09469288 1.179842 -48.79046 -5.510717 43.21867
1.115188 -0.09371632 1.199129 -50.72939 -6.648122 44.40951
1.109329 -0.09176319 1.192293 -51.73703 -7.770259 44.70722
1.100784 -0.08810108 1.202791 -52.05764 -8.197741 44.72249
1.088089 -0.08858936 1.214754 -51.56145 -8.938198 44.71486
1.082962 -0.1005522 1.209139 -51.40115 -9.129038 44.31027
1.084183 -0.1027495 1.21573 -49.51565 -9.548885 43.46294
1.093948 -0.1042144 1.225252 -46.57672 -9.617588 42.30264
1.097122 -0.1115386 1.22159 -43.34771 -9.037436 40.9744
1.105911 -0.101773 1.213045 -39.95076 -9.075603 39.50875
1.109329 -0.1130034 1.205965 -36.27137 -9.525985 37.61562
1.124954 -0.1090972 1.207918 -32.53092 -9.304611 35.88279
1.148636 -0.1090972 1.210848 -29.98893 -9.029801 34.07363
1.248489 -0.129605 1.237947 -11.08053 -7.945832 26.50875
1.272903 -0.1171538 1.236238 -19.70649 -3.296977 28.0431
1.208206 -0.0942046 1.158113 -30.28664 -2.953466 30.84463
1.163284 -0.1132476 1.110506 -32.08054 -7.319878 30.56982
1.267044 -0.2318999 1.217684 -7.614886 -7.57942 15.50875
1.218216 -0.2138335 1.12784 -1.324809 9.412947 7.768291
1.210892 -0.2121245 1.126131 -3.210305 8.512184 8.707221
1.212112 -0.2148101 1.128084 -4.729389 7.687756 9.127069
1.212356 -0.2148101 1.130525 -4.706489 6.161038 9.226305
1.211136 -0.2196929 1.129305 -4.622519 5.481649 9.455313
1.230423 -0.1979644 1.122957 -7.508016 3.367145 11.25684
1.217728 -0.1967437 1.126131 -9.362977 2.832794 11.69195
1.217728 -0.1857573 1.115633 -10.83626 2.267909 12.00493
1.215286 -0.1830718 1.116853 -12.1645 1.786992 11.91333
1.220413 -0.1808745 1.113191 -13.56908 1.435847 12.48585
1.227981 -0.1850249 1.114656 -14.44695 0.9625649 12.28737
1.218704 -0.1725737 1.105623 -14.82099 0.3213434 12.41714
1.226761 -0.1772124 1.094393 -15.12634 -0.08323669 12.22631
1.219681 -0.1737944 1.095613 -15.46221 -0.7778932 11.80646
1.217239 -0.1669585 1.09366 -15.58435 -1.49545 11.40188
1.211136 -0.1735503 1.105379 -15.44695 -2.022168 10.82936
1.215286 -0.1664702 1.108064 -14.88206 -2.304611 10.1118
1.200882 -0.1650054 1.104158 -14.04237 -2.68629 8.753023
1.197952 -0.1650054 1.113436 -13.06527 -3.121405 7.386611
1.185745 -0.1728179 1.126131 -11.72939 -3.464916 5.920961
1.182815 -0.1872222 1.121248 -9.721756 -3.79316 4.546917
1.19722 -0.1979644 1.112947 -6.85916 -4.228275 3.211039
1.195267 -0.2084624 1.124422 -5.820992 -4.449649 2.592718
1.201126 -0.2162749 1.129549 -4.233206 -4.922931 2.043098
1.216751 -0.2243315 1.113924 -2.996565 -5.274076 2.111801
1.235062 -0.2160308 1.119783 -2.508016 -5.884763 1.997297
1.253372 -0.1879546 1.137117 -0.7751908 -5.79316 0.5545502
1.262405 -0.1794097 1.151033 -1.508016 -5.075603 -0.9110985
1.253372 -0.1723296 1.16617 -2.927863 -4.052702 -1.796595
1.22847 -0.1852691 1.169344 -5.622519 -2.816061 -2.392015
1.189651 -0.2253081 1.169832 -7.317176 -1.304611 -2.666824
1.175003 -0.2426421 1.152742 -10.88206 -2.022168 -0.9874344
1.166458 -0.2624175 1.15323 -13.29428 -2.587054 0.4782143
1.175735 -0.2690093 1.166902 -14.37061 -2.319878 1.890427
1.184036 -0.284146 1.175691 -13.20267 -2.258809 2.821726
1.180374 -0.2868316 1.165437 -10.63015 -2.022168 3.111801
1.190872 -0.298062 1.160555 -6.996565 -2.075603 3.546917
1.19136 -0.3073394 1.156404 -4.492748 -2.136672 4.36371
1.187454 -0.2958648 1.155672 -2.45458 -2.144305 5.104168
1.188675 -0.2792632 1.157869 -1.782825 -2.235909 6.058367
1.184769 -0.271939 1.148348 -2.614886 -2.060336 6.936229
1.188187 -0.2673003 1.148348 -4.324809 -2.205374 8.203404
1.194046 -0.2626616 1.149568 -5.782825 -2.159573 9.325542
1.197708 -0.2616851 1.148836 -7.362977 -2.205374 10.69959
1.199173 -0.2607085 1.145418 -8.187405 -2.587054 11.88279
1.203079 -0.2548491 1.143221 -8.523283 -2.648122 12.71486
1.201858 -0.2572906 1.128816 -8.279008 -2.922931 13.27211
1.202103 -0.2524077 1.12491 -7.515649 -3.724458 14.21104
1.213577 -0.2506988 1.123201 -6.668321 -4.235909 14.89043
1.211624 -0.2475249 1.129305 -4.45458 -4.823695 15.48585
1.212845 -0.2482573 1.108309 -0.2561069 -4.861863 15.39424
1.207962 -0.232144 1.120516 4.911832 -6.159573 14.9973
1.223099 -0.223355 1.104646 10.07977 -7.006901 14.39424
1.24263 -0.2116362 1.103426 13.52252 -7.854229 13.87516
1.257278 -0.195523 1.113191 17.95 -8.968733 13.2034
1.265823 -0.1584136 1.131502 16.34695 -8.854229 12.84463
1.262649 -0.1444976 1.114412 15.27824 -7.991633 12.82172
1.255569 -0.1610991 1.109285 16.05687 -8.518351 11.98203
1.265091 -0.1693999 1.120027 18.47672 -10.13667 10.95913
1.272171 -0.1698882 1.131746 21.58359 -9.808428 9.936229
1.253372 -0.1545073 1.153475 24.8813 -9.419115 9.180504
1.177444 -0.08834522 1.11075 17.09504 -6.457283 10.02783
1.186966 -0.178189 1.076326 24.94237 -15.01453 9.890428
1.208938 -0.1513335 1.104158 32.10267 -16.97637 6.791191
1.238235 -0.1569487 1.171297 43.65992 -16.03744 3.699587
1.247269 -0.09566944 1.158602 51.55305 -16.45728 1.462946
1.220657 -0.1132476 1.126375 55.75916 -17.0298 -0.3538475
1.202347 -0.09151905 1.124178 54.65229 -19.27408 -0.934
1.207474 -0.0798003 1.166902 54.28588 -18.45728 -1.727894
1.209915 -0.065396 1.177889 51.82023 -16.67866 -2.559954
1.185501 -0.08004444 1.174227 48.85076 -15.0527 -2.926367
1.18306 -0.06905811 1.170076 50.61412 -15.8695 -4.201176
1.186233 -0.06564014 1.172273 45.49198 -14.9611 -5.155375
1.195022 -0.05782764 1.187654 42.36221 -12.78553 -5.781328
1.216507 -0.0456206 1.195223 36.50725 -11.72446 -6.704992
1.203323 -0.07857959 1.205477 34.65992 -7.915298 -6.903465
1.224075 -0.04830615 1.178133 31.23244 -8.289343 -8.353848
1.212601 -0.08932178 1.194978 31.27061 -7.991633 -9.437817
1.245071 -0.122769 1.214754 32.43855 -3.991633 -10.9111
1.280228 -0.06368701 1.195955 32.49198 -3.609954 -12.934
1.262894 -0.1149565 1.192293 32.56832 -2.564153 -13.61339
1.274124 -0.1112944 1.199129 29.07977 -0.8313283 -13.39202
1.247024 -0.09493702 1.197908 27.07977 -0.1214046 -14.52942
1.231888 -0.122769 1.20743 25.18664 0.4282138 -14.59049
1.237259 -0.1437651 1.224031 24.40038 1.328977 -13.96453
1.267532 -0.1186187 1.198641 22.91947 5.382412 -15.50652
1.293655 -0.1520659 1.147859 18.59122 2.176305 -15.04087
1.286819 -0.1484038 1.152498 13.11794 0.4587481 -13.58285
1.295853 -0.1564605 1.185213 12.59886 0.7488244 -13.53705
1.247024 -0.1315581 1.227693 22.11794 33.31371 -16.10194
1.251663 -0.2011382 1.145906 21.84313 8.0389 5.211039
1.27388 -0.1659819 1.179598 23.59886 6.099969 5.295008
1.254104 -0.1242339 1.176424 20.03397 5.20684 6.691955
1.228958 -0.07662647 1.145418 6.797328 2.42058 8.592717
1.244827 -0.06564014 1.159334 -6.53855 -1.426748 10.79882
1.235306 -0.07101123 1.194002 -20.25611 -2.228275 12.67669
1.258743 -0.06173389 1.191805 -32.32481 -1.693924 13.49348
1.337356 -0.1415679 1.177644 -29.43168 -3.235909 12.1118
1.378372 -0.1708647 1.189363 -22.06527 -2.327512 9.455313
1.35469 -0.2106597 1.220613 -6.782825 -0.6786565 6.562183
1.267776 -0.1816069 1.187654 5.820229 0.145771 3.737755
1.225784 -0.1657378 1.158846 20.27824 -3.228275 0.4095116
1.237259 -0.1520659 1.160555 27.07214 -5.922931 -2.399649
1.26094 -0.138394 1.206453 31.75916 -6.79316 -3.63629
1.263382 -0.1369292 1.217439 31.65993 -6.235909 -4.392015
1.256058 -0.1159331 1.204988 28.10267 -7.556519 -4.430183
1.253372 -0.1132476 1.210115 23.74389 -9.754992 -4.308046
1.253128 -0.11398 1.243318 17.68283 -9.930565 -4.361481
1.257034 -0.1134917 1.260164 12.53015 -9.006901 -3.834763
1.247513 -0.1171538 1.254061 6.644657 -8.808428 -3.193542
1.238968 -0.1178862 1.250154 1.110305 -9.289343 -2.346214
1.219925 -0.1303374 1.261385 -1.141603 -9.693924 -2.109573
