0.4407388 -0.879455 1.032878 265.9409 -144.9576 251.8109
0.4824868 -0.7842402 0.9840498 259.8799 -136.0568 251.8109
0.4590493 -0.7341913 0.9728193 256.4295 -128.2705 251.8109
0.4483071 -0.617248 0.9208174 254.2386 -124.0568 251.8109
0.4544106 -0.5205683 0.9069014 245.3608 -123.3163 251.8109
0.4895669 -0.4287714 0.9296064 236.2463 -118.2171 251.8109
0.5125161 -0.3879999 0.9437666 227.2234 -113.8278 251.8109
0.5430337 -0.2605585 0.9759932 220.1776 -108.4385 251.8109
0.4334146 -0.1428827 0.9882002 209.7272 -103.3163 251.8109
0.4719888 -0.05499207 0.93571 193.5822 -100.0415 251.8109
0.524479 0.03997864 0.8702803 182.3684 -99.3316 251.8109
0.6074868 0.1532599 0.822917 172.5058 -99.14076 251.8109
0.7078286 0.2267462 0.8104658 135.2539 -101.095 251.8109
0.694645 0.2396857 0.9208174 128.2386 -108.6446 251.8109
0.6509439 0.3204962 1.0153 111.4829 -103.9652 251.8109
0.6658364 0.1144415 0.9591475 110.3608 -106.6293 251.8109
0.7280923 0.1630255 0.9701338 106.2539 -103.7438 251.8109
0.7913247 0.1859747 0.9425459 107.7272 -104.7667 251.8109
0.8521157 0.188172 0.9715986 112.1394 -104.6369 251.8109
0.8987466 0.2731329 0.9823408 109.0325 -104.7591 251.8109
0.9487954 0.3331915 0.9877119 102.1699 -105.0797 251.8109
1.040836 0.3978888 0.987956 95.73482 -102.8202 251.8109
1.075504 0.4223028 0.9996748 93.32262 -106.8736 251.8109
1.136051 0.4620977 0.9540205 91.20047 -110.0415 251.8109
1.210026 0.4059454 0.9100752 98.78062 -108.614 251.8109
1.277409 0.4662481 0.7699385 93.0249 -113.9118 251.8109
1.349186 0.4093634 0.6461592 100.9028 -119.9576 251.8109
1.69318 0.4769903 0.4112959 85.87987 -128.8354 251.8109
1.647526 0.3842169 0.4474287 123.0096 -139.0186 251.8109
1.596256 0.6190802 0.6315107 106.3073 -146.2476 251.8109
1.743473 0.5722052 0.5089521 129.2081 -155.9652 251.8109
1.844059 0.6537481 0.5228682 131.5516 -167.6217 251.8109
1.882877 0.7145391 0.6000166 139.5822 -177.3621 251.8109
2.009342 0.7738653 0.6903486 156.4295 -182.3163 251.8109
2.085758 1.06366 0.7179365 171.6661 -189.7744 251.8109
1.906315 1.149109 0.835124 176.086 -207.9118 251.8109
2.289799 1.557557 0.9432783 206.3455 -197.8507 251.8109
2.198307 1.874451 0.8453779 197.7043 -208.9499 251.8109
2.276432 2.163514 0.9886885 226.7501 -205.8507 251.8109
2.280338 2.224976 1.028728 240.0402 -206.0263 251.8109
2.289799 2.224976 1.096354 231.1318 -199.4614 251.8109
2.289799 2.224976 1.217692 206.2234 -190.6675 251.8109
2.289799 2.224976 1.255778 193.4524 -192.9118 251.8109
2.289799 2.224976 1.361491 162.8341 -189.0263 251.8109
2.289799 2.224976 1.532634 138.5898 -172.866 251.8109
2.289799 2.224976 1.741374 134.4677 -157.6751 251.8109
2.289799 2.224976 1.892009 149.0783 -155.7896 251.8109
2.285709 2.224976 2.156169 161.8646 -149.4003 251.8109
2.289799 -1.263488 -0.2605791 -230.6163 231.0959 -248.4563
-1.642269 -1.774963 -0.2605791 -88.84532 0.08061028 -168.0288
-1.372494 -1.774963 -0.2605791 -22.65449 -73.49191 -97.96009
-1.200374 -1.774963 -0.2605791 27.73483 -133.0339 -44.86849
-1.194271 -1.774963 -0.2605791 50.20047 -183.4003 0.749832
-1.290218 -1.774963 -0.2605791 140.2234 -241.2934 24.88724
-1.19891 -1.774963 -0.2605791 187.6051 -269.1713 62.07044
-0.8720054 -1.774963 -0.2605791 195.46 -269.1713 104.246
-0.6080894 -1.774963 -0.2605791 234.9638 -269.1713 127.4292
-0.225521 -1.774963 -0.2605791 232.4982 -269.1713 151.2842
-0.1188315 -1.774963 -0.2605791 252.0325 -269.1713 167.2613
0.1362954 -1.774963 -0.175374 267.3531 -269.1713 179.1773
0.2048989 -1.703918 0.2008467 269.6508 -269.1713 189.0399
0.3787271 -1.261779 0.6276045 269.6508 -269.1713 191.3071
0.451481 -1.3526 0.6681318 269.6508 -269.1713 205.2155
0.6087075 -1.092346 0.8234053 269.6508 -269.1713 214.0475
0.5962564 -1.039123 0.9076338 269.6508 -269.1713 234.5743
0.6069985 -0.9092402 0.8773603 269.6508 -268.3774 243.8109
0.6104165 -0.8975214 0.8412275 269.6508 -252.7744 251.8109
0.6384927 -0.7698359 0.8407393 269.6508 -239.4308 251.8109
0.6411782 -0.6284784 0.7911787 269.6508 -222.7362 251.8109
0.6150552 -0.5559687 0.7328291 269.6508 -210.5148 251.8109
0.5613442 -0.4038691 0.6063643 269.6508 -198.4843 251.8109
0.4754067 -0.2984003 0.4498701 261.147 -198.7744 251.8109
0.4351235 -0.1751093 0.3937178 256.1547 -189.2858 251.8109
0.4021646 -0.07672058 0.272624 244.2768 -189.9805 251.8109
0.3718911 0.06463684 0.177165 224.147 -188.614 251.8109
0.3416177 0.1752325 0.1708174 195.7348 -190.4003 251.8109
0.3416177 0.1542365 0.1405439 167.1699 -196.5682 251.8109
0.3921548 0.2138068 0.1656904 147.0783 -201.3621 251.8109
0.3953286 0.3759161 0.1525068 121.5669 -209.3392 251.8109
0.4321939 0.5114141 0.2237959 112.6051 -215.1866 251.8109
0.5781899 0.5204473 0.2506514 105.3531 -222.0873 251.8109
0.6848794 0.585877 0.3180342 91.45238 -223.5911 251.8109
0.6301919 0.6268927 0.4090986 86.3455 -230.6827 251.8109
0.7046548 0.540711 0.5360518 75.71192 -238.0797 251.8109
0.727604 0.7223516 0.5482588 72.50581 -239.6904 251.8109
0.7097817 0.7377325 0.6432295 74.73483 -251.698 251.8109
0.856022 0.6608282 0.7738447 70.39131 -250.5377 251.8109
0.8845864 0.7521368 0.8788252 66.38368 -242.0568 251.8109
0.9141274 0.7079473 0.8580732 66.29208 -246.9805 251.8109
0.9285317 0.7015997 0.8751631 75.62032 -249.0339 251.8109
1.000309 0.6403204 0.8478193 101.0783 -253.4003 251.8109
1.009586 0.7882696 0.885417 102.2921 -255.3316 251.8109
1.01569 0.8790899 0.9227705 124.3073 -261.7285 251.8109
1.065006 0.9149786 0.9689131 140.5592 -263.4079 251.8109
1.115299 1.039979 1.043376 145.0402 -263.1026 251.8109
1.160954 1.114686 1.048503 153.6967 -255.0263 251.8109
1.174381 1.203553 1.035075 153.7119 -256.7133 251.8109
1.190495 1.274598 1.006755 153.1318 -253.8049 251.8109
1.220768 1.298524 1.045329 150.9333 -256.156 251.8109
1.355534 1.321229 0.9742842 121.9638 -246.843 251.8109
1.340153 1.295106 1.059489 148.4371 -262.5759 251.8109
1.526676 1.384217 1.087321 136.7806 -255.8812 251.8109
1.610417 1.330262 1.113933 134.6203 -248.1637 251.8109
1.579167 1.46869 1.152507 100.918 -247.1713 251.8109
1.609684 1.365418 1.117351 82.15467 -247.4079 251.8109
1.671696 1.47577 1.150554 56.56689 -249.5453 251.8109
1.696354 1.4516 1.190593 35.21574 -251.6522 251.8109
1.731754 1.486024 1.312663 23.38368 -259.4385 251.8109
1.767887 1.503846 1.426677 10.34551 -264.0415 251.8109
1.792057 1.543885 1.531169 2.047802 -255.1942 251.8109
1.785465 1.657166 1.573894 -3.028534 -269.1713 251.8109
1.812321 1.785584 1.887858 -2.875862 -266.2095 251.8109
1.868229 1.728211 2.075603 7.727191 -266.011 251.8109
1.850895 1.964295 2.254802 0.3913136 -245.7056 251.8109
1.801579 2.059998 2.474284 -4.288076 -233.4919 251.8109
1.778629 2.204285 2.595622 -1.822428 -228.2476 251.8109
1.766667 2.224976 2.75236 0.3149776 -228.3927 251.8109
1.853581 2.224976 2.896403 1.10887 -224.8278 251.8109
1.938786 2.224976 3.188151 3.246275 -215.1026 251.8109
2.082584 2.224976 3.54655 7.933297 -206.8278 244.4445
2.207584 2.224976 3.73936 20.77299 -189.9728 227.2079
2.289799 2.224976 3.73936 29.23864 -152.9805 200.7422
2.289799 2.224976 3.73936 43.84169 -112.9805 167.1468
2.289799 2.224976 3.73936 64.77299 -65.04153 127.7269
2.289799 2.224976 3.73936 79.03253 -21.85069 85.56663
2.289799 2.224976 3.73936 111.4524 23.40122 31.86434
2.289799 2.224976 3.73936 132.7806 71.14931 -22.57841
2.289799 2.224976 3.73936 166.8799 117.2715 -85.59368
2.289799 2.224976 3.73936 191.2997 171.1875 -146.0975
2.289799 2.224976 3.73936 192.2692 214.9279 -201.7998
2.289799 2.224976 3.73936 168.8493 231.0959 -246.9754
2.289799 2.224976 3.595134 150.4142 231.0959 -248.4563
2.289799 2.224976 2.885173 132.2234 231.0959 -248.4563
2.289799 2.224976 2.799724 66.16231 231.0959 -248.4563
2.289799 2.224976 2.315349 54.0936 231.0959 -248.4563
2.289799 2.224976 2.071452 11.49818 231.0959 -248.4563
2.289799 2.224976 1.874675 -2.074335 231.0959 -248.4563
2.289799 2.224976 1.686931 -24.65449 231.0959 -248.4563
2.289799 2.224976 1.46403 -33.58578 231.0959 -248.4563
2.289799 2.211365 1.405681 -44.37205 231.0959 -248.4563
2.289799 1.916199 1.410075 -53.9522 231.0959 -248.4563
2.289799 1.785096 1.288249 -61.03617 231.0959 -248.4563
-0.6071128 -1.774963 -0.2605791 187.4906 -269.1713 -18.83795
0.4439126 -0.9783319 1.651042 250.7425 -206.5072 160.246
0.3936196 -0.8696894 1.618083 253.1623 -187.8965 172.0399
0.3755532 -0.7149042 1.556071 249.5211 -171.4766 178.8491
0.3342935 -0.5974726 1.456706 248.5898 -155.5835 184.2231
0.3316079 -0.5337519 1.386394 241.9333 -143.1331 193.9712
0.2781411 -0.4661249 1.300944 232.5287 -131.6751 202.0475
0.2505532 -0.4273066 1.246013 223.7501 -122.8049 209.0781
