0.2157744 -0.2673003 0.6232011 -24.92023 -21.92293 32.27211
0.2060088 -0.2587554 0.626375 -23.98893 -21.15957 31.1805
0.2118682 -0.2472808 0.6200273 -23.06527 -19.45728 29.53165
0.2094268 -0.2487456 0.622957 -21.72176 -18.38858 28.07363
0.2145537 -0.2585113 0.6070879 -20.35534 -17.13667 26.37134
0.2145537 -0.2660796 0.5846269 -19.08817 -16.03744 25.0202
0.2047881 -0.2765777 0.5860918 -18.08817 -15.72446 24.19577
0.2108916 -0.2963531 0.5714433 -17.78283 -15.41912 23.56218
0.2104033 -0.3151519 0.5565507 -17.72176 -14.78553 23.22631
0.2126006 -0.3236968 0.5672929 -18.03473 -14.82369 23.14234
0.2177275 -0.3398101 0.5792558 -18.70649 -14.67866 23.43241
0.2218779 -0.3385894 0.5958574 -19.69885 -13.85423 23.96676
0.746292 -0.4089019 -0.3880293 -25.42405 -20.25118 -208.537
0.7824248 -0.4098784 -0.3367598 -20.97366 -26.51835 -210.2851
0.8224639 -0.3930327 -0.279875 -17.15687 -32.15957 -212.2699
0.8488311 -0.3903472 -0.2171309 -13.12634 -36.90766 -214.4225
0.8761748 -0.3827788 -0.1734297 -9.950764 -40.0069 -216.4989
0.8964385 -0.3810699 -0.1233809 -6.798092 -43.52598 -219.1172
0.9220733 -0.391812 -0.07821488 -3.981298 -45.70919 -221.1401
0.9450225 -0.4023101 -0.0386641 -0.5843511 -47.9611 -223.4836
0.9745635 -0.383023 -0.002775431 2.171374 -50.0985 -226.5829
0.9755401 -0.4128081 0.02359176 4.568321 -51.51072 -228.9951
0.9921416 -0.4989898 0.06118941 6.27061 -51.51835 -228.6668
1.022903 -0.4989898 0.08145308 9.255344 -51.83896 -228.9951
1.021683 -0.5141265 0.08706832 8.537786 -52.01453 -228.9951
1.015335 -0.5766265 0.07803512 8.827862 -51.57178 -228.9951
1.025589 -0.6181304 0.06021285 10.9271 -51.34278 -228.9951
1.023147 -0.6488921 0.03677535 11.77443 -52.13667 -228.9951
1.018021 -0.6818511 0.004060507 14.65229 -53.24354 -228.6134
1.013138 -0.7218902 -0.02572465 18.65992 -54.63285 -227.5218
0.9928741 -0.7409331 -0.06771684 21.32405 -55.78553 -226.3309
0.9799346 -0.7475249 -0.1145918 23.44618 -58.44201 -224.6821
0.9582061 -0.7721831 -0.1592696 26.41565 -61.9611 -223.079
0.9303741 -0.787564 -0.1973555 28.88893 -66.32751 -220.9187
0.9203643 -0.7931792 -0.2373946 31.22481 -71.70156 -218.5447
0.9145049 -0.785855 -0.2566817 32.72863 -77.10614 -216.018
0.9098662 -0.7758452 -0.2652266 33.46145 -83.40385 -213.1401
0.9022979 -0.7675445 -0.2610762 33.88129 -88.79316 -210.7584
0.9003448 -0.7411773 -0.236418 32.9729 -95.03744 -208.4302
0.8957061 -0.7348296 -0.2234786 29.41565 -100.0451 -205.7355
0.8959502 -0.7345855 -0.1731856 26.20954 -104.8771 -202.6974
0.9611358 -0.6779449 -0.08138871 13.0645 -110.1214 -196.079
0.9538116 -0.758023 -0.001066446 0.7209921 -107.3733 -192.1325
0.9318389 -0.7721831 0.06900191 -3.118702 -108.4191 -190.1706
0.9289092 -0.7912261 0.1168535 -9.981297 -111.0527 -186.0638
0.933792 -0.8332183 0.2062089 -11.82863 -112.7932 -184.1935
0.9721221 -0.8881499 0.2867754 -14.1187 -110.297 -181.3615
0.9618682 -0.8979156 0.3092363 -17.38588 -105.4802 -179.5829
0.9542998 -0.9875152 0.3585527 -14.79809 -105.755 -178.2623
0.9311065 -1.060757 0.3939531 -15.76756 -103.0832 -172.6516
0.9105987 -1.158902 0.4222734 -9.798092 -98.46492 -169.1019
0.8793487 -1.2673 0.4269121 -4.653053 -94.56416 -161.9187
0.8830108 -1.310757 0.4103105 2.179007 -92.64812 -155.7584
0.7841338 -1.323453 0.4073808 9.9729 -90.17484 -151.5142
0.7465362 -1.389615 0.3653886 10.46908 -89.77789 -142.1783
0.7367705 -1.436246 0.3273027 14.25534 -90.58706 -132.4378
0.699417 -1.454068 0.3116777 20.62939 -89.8237 -124.85
0.6552276 -1.46066 0.2906816 22.55305 -90.61759 -116.0638
0.6222686 -1.472378 0.2626054 25.33168 -93.13667 -106.5447
0.6051787 -1.474331 0.249666 28.53015 -95.79316 -97.04087
0.5905303 -1.471158 0.2494218 31.58359 -98.43439 -87.09431
0.5824737 -1.443326 0.2582109 35.00343 -100.2435 -77.7737
0.5856475 -1.405972 0.2679765 38.20954 -102.1138 -69.14011
0.5814971 -1.359585 0.2806718 41.52252 -104.3886 -60.57523
0.5688018 -1.304165 0.2994707 45.02633 -105.839 -52.55232
0.5741729 -1.257535 0.3270586 48.46145 -106.8237 -45.76606
0.576126 -1.196499 0.3136308 51.36985 -106.1519 -39.19354
0.5819854 -1.149624 0.3273027 53.98817 -108.1977 -33.69736
0.5990752 -1.117398 0.3331621 57.46908 -108.2664 -28.9111
0.6088408 -1.066861 0.3414629 59.33168 -111.2588 -24.51415
0.6129912 -1.030972 0.3426836 60.36221 -111.3122 -20.18591
0.6024932 -1.022427 0.3458574 61.71336 -112.6176 -16.67446
0.6066436 -1.002408 0.3587968 63.49961 -112.6558 -12.79659
0.5922393 -0.9963042 0.3585527 65.8813 -113.5947 -9.147741
0.596878 -0.9833648 0.3629472 68.08741 -115.2588 -5.338581
0.6078643 -0.9694488 0.3668535 69.33168 -116.0298 -1.659191
0.6081084 -0.9589507 0.3697832 70.07977 -117.5718 1.928595
0.6115264 -0.9521148 0.3836992 71.04924 -118.5871 5.753023
0.6234893 -0.9477202 0.4027421 72.53015 -119.7092 8.87516
0.6217803 -0.9360015 0.4149492 75.27061 -120.1519 11.27211
0.612503 -0.9355132 0.4322832 79.04924 -120.6481 13.58508
0.6046905 -0.9269683 0.4403398 82.87366 -120.9 15.50875
0.6122588 -0.9345366 0.4278886 87.34695 -120.7016 16.80646
0.6110381 -0.9384429 0.4178789 91.44618 -121.4191 18.95913
0.6115264 -0.9574859 0.4122636 93.7897 -121.2588 21.05837
0.603958 -0.9631011 0.3858964 99.14848 -121.4725 22.57745
0.5946807 -0.9772613 0.3675859 103.5912 -122.6023 24.65379
0.5949248 -0.9804351 0.3482988 106.7515 -123.526 26.59272
0.5949248 -0.9870269 0.3356035 110.4309 -124.4191 28.66905
0.5890655 -0.9877593 0.3143632 112.7973 -125.4573 30.96676
0.5700225 -1.006314 0.3097246 113.95 -126.8695 33.19577
0.544876 -1.017789 0.2999589 112.6599 -128.4267 36.14233
0.5421905 -1.056607 0.2955644 110.8508 -129.8771 40.17287
0.5397491 -1.112759 0.2950761 109.721 -130.213 43.1347
0.5251006 -1.158902 0.2870195 112.6752 -132.7855 46.77592
0.5106963 -1.195035 0.2987382 113.8737 -134.3199 51.0889
0.5363311 -1.225796 0.3187578 117.1332 -135.0756 56.21104
0.466751 -1.251675 0.3490312 120.9271 -135.1138 58.27211
0.4420928 -1.30441 0.3273027 121.6905 -136.755 66.03547
0.4677276 -1.291226 0.308748 121.1332 -137.5794 72.69196
0.3129424 -0.391812 0.421541 -4.256107 11.51982 -49.67446
0.3256377 -0.3114898 0.4357011 -4.256107 15.33661 -48.82713
0.3302764 -0.3083159 0.4239824 -7.500382 16.28317 -48.01034
0.3324736 -0.3180816 0.4107988 -10.1874 17.07707 -47.10194
0.3380889 -0.3197906 0.4037187 -12.92786 17.61142 -46.05614
0.3437041 -0.3241851 0.3898027 -15.21031 17.55035 -44.70499
0.3647002 -0.3166167 0.3893144 -18.01947 17.29081 -43.20118
0.3825225 -0.3102691 0.392 -21.27137 17.36714 -41.96453
0.3993682 -0.2985503 0.4098222 -24.67595 17.51218 -40.13248
0.4157256 -0.2924468 0.4259355 -27.92786 18.22211 -38.91873
0.4430694 -0.273648 0.4452226 -30.72939 19.44348 -38.19354
0.4706573 -0.2543609 0.4747636 -33.46222 21.05417 -37.17064
0.4909209 -0.2421538 0.5003984 -34.82099 23.54272 -36.96453
0.5065459 -0.209439 0.5179765 -38.40115 26.45875 -35.87293
0.4960479 -0.2577788 0.5099199 -31.48512 33.47402 -40.06377
0.4955596 -0.1381499 0.3739336 -15.79809 26.74882 -43.75079
0.5189971 -0.003872559 0.4166582 -19.19504 26.77936 -46.62866
0.5304717 -0.08956593 0.4969804 -21.43168 34.35951 -49.36912
0.5109405 -0.0666167 0.4718339 -19.9813 39.21447 -53.28515
0.4787139 -0.06466358 0.4427812 -19.85153 40.47402 -56.62103
0.4745635 -0.07174366 0.4491289 -21.14924 44.77173 -58.46072
0.4679717 -0.06710498 0.4078691 -24.33244 51.016 -60.8195
0.4506377 -0.05831592 0.3041093 -27.34008 52.54272 -63.41492
0.4345244 -0.06954639 0.2123125 -29.69122 52.56562 -66.11721
0.4049834 -0.09054249 0.1620195 -29.81336 52.21447 -69.23934
0.3810576 -0.11398 0.09195113 -29.94313 50.71066 -71.8195
0.3664092 -0.1493804 0.04092574 -30.08053 47.82516 -73.7737
0.3629912 -0.1945464 -0.007169962 -31.9584 44.90913 -75.40729
0.3402861 -0.2316558 -0.04086137 -34.35534 41.9015 -75.8882
0.3317412 -0.2692534 -0.05697465 -38.38588 37.51982 -75.30042
0.3495635 -0.2807281 -0.07992387 -41.9126 34.67249 -75.81187
0.3236846 -0.3278472 -0.09261918 -47.43168 30.21447 -74.90347
0.3231963 -0.409146 -0.08383012 -49.31718 25.71829 -72.52942
0.3354033 -0.4753081 -0.07552934 -51.24847 21.90149 -68.78133
0.3373564 -0.4875152 -0.06527543 -45.84389 16.24501 -66.98743
0.367874 -0.4137847 -0.04598832 -48.04237 15.96256 -66.37675
0.3307647 -0.5116851 -0.04061723 -44.43932 11.016 -66.82713
0.3329619 -0.5534331 -0.04134965 -46.78283 6.12287 -61.06377
0.3454131 -0.5436675 -0.02328324 -41.9584 2.764091 -59.15537
0.3480986 -0.5212066 -0.02206254 -41.95076 -0.4038473 -57.04087
0.3200225 -0.5397613 -0.02987504 -38.88206 -4.594687 -55.87293
0.308792 -0.5304839 -0.0308516 -35.45458 -8.663389 -54.10194
0.291458 -0.5334136 -0.02377152 -31.04237 -12.9382 -53.01034
0.291458 -0.5177886 -0.0218184 -25.70649 -17.33515 -52.10194
0.2958525 -0.4994781 -0.01132035 -22.15687 -22.18247 -51.15537
0.2868193 -0.4865386 -0.009367228 -19.45458 -26.73973 -50.49889
0.291458 -0.4714019 0.01211715 -17.85153 -30.90767 -49.39965
0.2855986 -0.4552886 0.03799605 -17.17214 -34.97636 -48.15537
0.2980498 -0.4399077 0.04287887 -18.1645 -38.96873 -46.89584
0.3190459 -0.4418609 0.07022262 -18.63779 -43.60232 -45.70499
