0.8703848 -0.9842056 -0.06165135 -45.34599 -14.20473 56.91002
0.9145742 -0.837233 -0.06165135 -42.68186 -25.36504 60.97872
0.9690176 -0.6946548 -0.06165135 -39.77346 -34.21237 60.3833
0.9824453 -0.5362076 -0.06165135 -38.8727 -45.73908 64.68101
1.007348 -0.4878677 -0.06165135 -34.49866 -53.67801 64.51307
1.028344 -0.4427017 -0.06165135 -25.52156 -61.29633 57.56651
1.084496 -0.2302993 0.08214748 -27.72766 -65.97572 53.4062
1.073998 -0.1067642 0.1910342 -38.18568 -81.92229 67.51307
1.100609 -0.2007583 0.2259463 -38.93377 -84.78489 61.74208
1.121606 -0.1883071 0.291376 -38.59789 -92.67039 58.4062
1.19558 -0.1885513 0.291376 -37.74293 -89.41084 56.29933
1.231469 -0.2434829 0.3797549 -39.23911 -98.1284 48.35276
1.199731 -0.2178482 0.4730166 -41.9414 -107.7925 58.20009
1.253686 -0.3094009 0.5286807 -43.9414 -108.9757 53.01689
1.23391 -0.4407485 0.6041202 -40.9414 -111.5712 54.29169
1.267846 -0.5432877 0.636835 -34.67423 -111.1284 53.3146
1.263695 -0.6079849 0.6624698 -33.43759 -111.9605 56.41383
1.261498 -0.7232193 0.6832217 -31.30018 -114.7315 63.15429
1.254906 -0.7759537 0.6744327 -29.65896 -113.5406 68.18483
1.241723 -0.8765396 0.6463565 -27.06354 -113.4337 74.3833
1.230736 -0.9282974 0.5836123 -27.03301 -113.365 84.80315
1.284936 -0.9524673 0.4974307 -29.9185 -101.594 113.2459
1.165063 -1.018629 0.5384463 -37.06354 -104.7773 139.8413
1.074242 -1.160963 0.5147647 -44.13224 -119.7925 125.4825
1.17849 -1.189284 0.3985537 -45.88034 -130.4872 124.1467
1.146508 -1.12654 0.4473819 -47.6666 -133.8002 133.307
1.155785 -1.143874 0.4576358 -52.16278 -138.7086 142.1085
1.149193 -1.105543 0.5045108 -56.01011 -142.8002 151.8108
1.148217 -1.095778 0.5286807 -58.96431 -146.1437 158.6657
1.171654 -1.032301 0.5648135 -59.69713 -149.7238 168.0932
1.167748 -1.043043 0.622919 -57.97194 -152.9986 171.6276
1.179223 -1.01277 0.657587 -53.30018 -154.9834 177.4444
1.162133 -1.00154 0.6751651 -49.804 -155.7925 179.6734
1.149682 -1.000563 0.7073916 -46.84217 -158.2658 186.4367
1.129662 -1.023756 0.7120303 -42.97957 -161.7391 194.139
1.112816 -1.049147 0.6815127 -38.6666 -162.449 200.4444
1.106225 -1.07942 0.6861514 -35.9414 -166.6933 206.9253
1.0906 -1.125075 0.680292 -37.05591 -167.7238 215.9558
1.071313 -1.183913 0.624628 -37.31545 -169.8765 227.0779
1.041772 -1.220045 0.5892276 -37.94904 -170.4795 235.2993
0.9753653 -1.23152 0.4981631 -39.99484 -173.4643 244.7115
0.9231192 -1.264967 0.3604678 -42.04064 -177.8689 251.6963
0.8530508 -1.160719 0.3663272 -56.75056 -185.5635 251.6963
0.8022696 -1.326491 0.1817569 -66.21621 -196.0597 251.6963
0.8178946 -1.371657 0.05309474 -70.18568 -202.3879 251.6963
0.8611074 -1.389479 -0.02576268 -70.57499 -211.4795 251.6963
0.9109121 -1.258131 0.04430568 -86.17041 -248.5635 251.6963
1.055443 -1.234694 0.08605373 -89.37652 -254.2429 251.6963
1.093285 -1.277174 0.1224307 -91.65896 -254.2429 251.6963
1.141869 -1.290358 0.201044 -87.77347 -254.2429 251.6963
1.142846 -1.246657 0.2999209 -85.39942 -254.2429 251.6963
1.291527 -1.249831 0.3629092 -80.64369 -254.2429 251.6963
1.354027 -1.304274 0.386835 -76.26202 -254.2429 251.6963
1.44851 -1.270583 0.4332217 -71.06354 -254.2429 251.6963
1.562279 -1.267165 0.4652041 -67.6208 -254.2429 251.6963
1.577416 -1.189772 0.4744815 -62.20858 -254.2429 251.6963
1.623803 -1.197829 0.6063174 -61.93377 -254.2429 251.6963
1.628686 -1.141188 0.6549014 -60.09407 -254.2429 251.6963
1.737572 -1.103835 0.7545108 -58.17041 -254.2429 251.6963
1.841088 -1.045729 0.7657413 -54.28492 -254.2429 251.6963
1.925072 -0.9973892 0.8836612 -48.57499 -254.2429 251.6963
2.01223 -0.9195084 0.9737491 -40.38415 -254.2429 251.6963
1.999535 -0.8255142 1.024774 -29.98721 -254.2429 251.6963
2.064904 -0.8592056 1.050409 -23.56736 -254.2429 251.6963
2.064904 -0.7359146 1.330194 -3.804 -254.2429 251.6963
2.064904 -0.5191177 1.508173 10.30287 -254.2429 251.6963
2.064904 -0.3921646 1.53039 19.83722 -254.2429 251.6963
2.064904 -0.2866958 1.580439 33.18837 -254.2429 251.6963
2.064904 -0.01447901 1.687372 40.3334 -254.2429 251.6963
2.064904 0.007493645 1.831903 57.3334 -254.2429 251.6963
2.01809 0.08806005 1.984247 63.80669 -254.2429 251.6963
2.064904 0.08317724 1.6383 82.97462 -245.6246 251.6963
1.86477 0.329271 2.091913 94.81432 -226.6704 251.6963
1.993432 0.464769 1.951044 101.4861 -222.6551 251.6963
1.790307 0.4608628 2.24621 106.7304 -215.4566 251.6963
1.934105 0.676683 2.107538 110.051 -195.5941 251.6963
1.694115 0.8060776 2.461542 115.4937 -195.7391 251.6963
1.788109 0.7968002 2.50622 117.7762 -189.3727 251.6963
0.9900137 -0.8433365 -0.06165135 -39.09407 -245.2505 251.6963
2.064904 -0.1055435 0.7571963 -14.70476 -254.2429 251.6963
2.064904 0.0804917 0.9424991 -6.903236 -254.2429 251.6963
2.064904 0.03508153 1.003046 10.50134 -254.2429 251.6963
2.064904 0.01115575 1.073114 40.73798 -254.2429 251.6963
2.064904 0.2089097 1.232294 62.38684 -254.2429 251.6963
2.064904 0.3270737 1.423212 88.3105 -254.2429 251.6963
2.064904 1.069017 1.840937 63.94409 -254.2429 251.6963
2.064904 0.6273666 1.694452 50.24944 -254.2429 251.6963
2.064904 0.711351 1.867304 60.1731 -254.2429 251.6963
1.979027 0.8763901 2.062616 73.65401 -254.2429 251.6963
1.998559 0.7975327 2.112421 100.4174 -254.2429 251.6963
1.846947 1.156908 2.508661 96.69981 -254.2429 242.5283
1.876732 0.9767319 2.484003 102.509 -254.2429 249.6428
1.697533 1.001146 2.512323 103.0586 -239.0215 227.139
1.621605 1.364427 2.763056 103.6693 -212.5482 204.8795
1.378197 1.467455 2.754999 91.44791 -193.7849 187.8947
1.343773 1.116869 2.645624 105.6617 -161.9986 154.1848
1.112084 1.396898 2.980097 99.74562 -156.5482 135.1772
1.050072 1.6093 2.913935 78.40974 -143.3498 137.2841
0.8750235 1.47429 2.968378 56.76089 -134.3574 107.3146
0.6491933 1.543382 2.88415 20.34867 -134.5253 180.7955
1.113061 1.163744 3.304316 -37.59789 -97.14367 116.5512
0.7307363 1.339525 3.331903 -72.06354 -83.35741 105.3833
0.5346914 0.9777084 3.030634 -55.96431 -114.4261 106.1238
0.4936758 1.360765 3.427118 -18.97194 -90.0826 96.51307
0.3347402 1.05266 3.341181 -12.65896 -94.0597 89.97872
0.3034902 1.061693 2.866327 29.21127 -88.09023 88.72681
0.3647695 1.118333 2.664179 31.196 -76.11314 84.07032
0.3081289 1.01433 2.695917 23.74562 -54.52534 80.01688
0.3105703 1.016039 2.548456 24.55478 -31.45664 74.30696
0.1701895 1.071214 2.445429 21.87539 -30.20473 72.07796
0.08986719 1.026537 2.407587 21.34867 -37.02916 70.16956
0.03517969 1.063646 2.366816 12.85249 -49.63221 69.86421
0.09572657 0.9376694 2.257196 8.98226 -40.2658 65.72681
0.04421289 0.9540268 2.057978 -11.50629 -23.56351 61.07796
-0.02707617 0.9291245 1.918329 -32.55209 -4.884122 53.51307
-0.03513281 0.805101 1.856562 -46.52156 12.13114 48.71918
-0.104957 0.7521225 1.857294 -46.40705 19.13878 44.01689
-0.1098398 0.6598373 1.817255 -42.57499 17.13115 39.41383
-0.243873 0.631517 1.859003 -38.01011 6.612061 38.94055
-0.2262949 0.5885483 1.807978 -43.18568 1.405954 36.61231
-0.2492441 0.5956284 1.795038 -49.36889 -7.449008 35.3146
-0.2302012 0.4762436 1.765741 -45.59026 -12.3116 31.32223
-0.2695078 0.4271714 1.732294 -37.22385 -8.616947 29.68864
-0.2682871 0.4249741 1.865106 -28.52156 -0.9375574 31.97108
-0.1611094 0.697435 1.747187 -32.50629 -1.189466 86.45963
-0.4584727 0.2391831 1.478632 -16.20094 1.176946 82.56651
-0.2704844 0.01628271 1.164911 -3.796367 45.16932 3.184824
-0.2353281 0.45598 1.547235 8.898291 37.18458 14.57414
-0.3793711 0.344896 1.562128 22.13493 37.93267 10.4749
-0.3686289 0.3961655 1.492548 28.95936 31.54336 11.94055
-0.4042735 0.3715073 1.509638 32.50134 27.74183 8.299328
-0.4074473 0.4117905 1.473017 37.76089 20.27618 10.4291
-0.3891367 0.4518296 1.412714 39.72272 21.54336 10.41383
-0.3906016 0.4686753 1.404413 38.95936 26.69603 7.742076
-0.4150156 0.5167709 1.413446 41.46318 25.55099 4.413832
-0.4094004 0.5709702 1.386347 43.73035 26.48992 2.093221
-0.4379649 0.6222397 1.360468 44.73035 24.42886 0.2458932
-0.4084239 0.6525131 1.316278 44.56241 24.40595 -5.647236
-0.4089121 0.7074448 1.277216 43.61585 33.87924 -3.876244
-0.4592051 0.7943588 1.296015 39.2418 36.55863 -3.46403
-0.4992442 0.8260971 1.27746 35.95173 32.41359 -2.280824
-0.4828867 0.8688217 1.237177 34.60822 29.09298 -1.257923
-0.4709239 0.9108139 1.174188 29.70745 29.67313 -2.227389
-0.458961 0.9120346 1.161493 27.20363 27.50519 -4.960214
-0.4565196 0.9698959 1.154413 26.87539 27.12351 -9.357161
-0.4125742 1.031175 1.128778 30.53188 27.10825 -16.90678
-0.4167246 1.044359 1.05578 41.62348 30.18458 -40.54036
-0.4667735 1.210863 1.082636 34.54715 34.50519 -39.38006
-0.5448985 1.261156 1.087763 34.34867 24.74947 -44.84571
-0.5234141 1.394945 0.9849795 29.34104 21.06244 -42.64724
