-0.3473887 -0.08064112 1.645624 25.0815 1.001374 13.48253
-0.3388438 -0.07160792 1.695185 25.31814 2.047175 12.30696
-0.3146739 -0.08039698 1.728144 24.68455 3.016641 13.00162
-0.2829356 -0.09699854 1.738642 25.32577 5.024275 11.99398
-0.2592539 -0.1140884 1.774286 27.62348 6.260916 10.97108
-0.2236094 -0.1043228 1.785761 26.86012 7.764732 11.4291
-0.1862559 -0.05354151 1.836786 19.95173 11.04718 16.44437
-0.1801523 -0.08332666 1.95495 29.44028 18.08534 7.64284
-0.09836523 -0.0889419 1.958124 34.45554 15.65786 10.44437
-0.01901953 -0.03474268 1.974237 35.14257 28.47466 5.589405
-0.1337656 0.09172216 2.045527 26.40211 26.79527 13.98635
0.02834375 0.07316747 2.069452 21.46318 35.48993 10.73444
0.06984766 0.09416357 2.168573 19.76089 44.42886 11.24589
0.09743555 0.1490952 2.221796 22.63111 45.8029 12.15429
0.1828848 0.1952378 2.223017 21.73799 55.9174 10.6123
0.1972891 0.2552964 2.292841 14.84486 64.90977 7.253527
0.4172597 0.3195054 2.116327 9.150199 87.68839 6.932916
0.2744375 0.3678452 2.428095 -4.246748 107.9021 -2.112885
0.4609609 0.3636948 2.634394 4.333405 94.83344 8.452
0.4509511 0.4354722 2.545771 -5.483389 110.2685 -6.364794
0.5451894 0.5641342 2.658808 -17.72003 122.2762 -5.65487
0.655541 0.45598 2.650263 -17.97194 155.1388 -27.51747
0.7175527 0.5189682 2.743036 -26.39178 172.1922 -18.55563
0.7168203 0.4105698 2.748652 -27.69713 191.7113 -32.47166
0.8386465 0.3041245 2.826044 -24.14751 211.1922 -36.92968
0.8991934 0.2191636 2.935175 -14.97194 227.3754 -42.08235
0.9065176 0.2677475 2.922724 -16.55972 234.5739 -37.12815
0.921166 0.2662827 2.89953 -7.574992 241.1006 -42.64724
0.9475332 0.2721421 2.805292 0.8448549 244.4212 -45.02892
1.051293 0.3453843 2.649286 -2.033008 246.0243 -46.90678
1.052514 0.3715073 2.572138 -4.468122 246.0243 -49.02892
1.102074 0.4239975 2.509638 -6.842168 246.0243 -52.51746
1.151879 0.4520737 2.406366 -8.498656 246.0243 -57.56327
1.217553 0.4740464 2.263788 -10.65133 246.0243 -61.88388
1.286889 0.449144 2.171503 -12.59789 246.0243 -67.34189
1.308861 0.4010483 2.089472 -10.62079 246.0243 -73.81517
1.322289 0.3922593 1.991083 -11.99484 246.0243 -78.40296
1.360131 0.3424546 1.88537 -11.33072 246.0243 -83.05182
1.369652 0.2953354 1.807978 -8.735298 246.0243 -86.77701
1.370141 0.2577378 1.746698 -5.681863 246.0243 -91.44113
1.375268 0.2223374 1.65954 -2.597893 246.0243 -95.90678
1.362328 0.1822983 1.579462 -0.804 246.0243 -100.1969
1.437035 0.1493393 1.437372 1.585313 246.0243 -95.79227
1.430932 0.1925522 1.333124 1.020427 246.0243 -101.7083
1.324242 0.1481186 1.314325 6.821954 246.0243 -107.4182
1.342064 0.1002671 1.077509 16.45554 246.0243 -116.0976
1.307152 0.129564 1.049433 17.44791 246.0243 -118.8839
1.287133 0.02238622 0.8516788 23.18073 246.0243 -125.1434
1.076928 -0.1328872 0.8858584 47.86776 246.0243 -128.3648
0.8259512 -0.1460708 0.6358584 60.29524 246.0243 -126.464
1.013939 -0.1414321 0.1505069 55.37157 246.0243 -132.0595
1.071801 -0.1001724 -0.06165135 46.25707 246.0243 -128.3037
1.050805 0.02751318 -0.06165135 33.3105 246.0243 -131.4488
0.9477774 -0.01692042 -0.06165135 26.31814 246.0243 -132.2579
0.8913809 -0.01228175 -0.06165135 12.31814 246.0243 -131.1969
0.8886953 -0.06501612 -0.06165135 -2.666595 246.0243 -126.8839
0.8957754 -0.1597427 -0.06165135 -9.971939 246.0243 -127.2197
0.8247305 -0.1885513 -0.03870213 -13.23148 246.0243 -123.4259
0.8286367 -0.2124771 0.01305568 -14.52156 246.0243 -121.464
0.8076406 -0.1875747 0.09313381 -16.30018 246.0243 -119.0671
0.9316641 -0.1421646 0.2811221 -28.27728 246.0243 -109.4488
0.9499746 -0.1260513 0.3013858 -31.96431 246.0243 -106.6243
0.9431387 -0.05818018 0.320917 -37.71239 246.0243 -103.9984
0.9758535 -0.09577784 0.2735537 -41.25438 246.0243 -102.9068
0.9800039 -0.04841456 0.228876 -43.81163 246.0243 -100.8152
0.9365469 -0.003980964 0.1937197 -49.81163 246.0243 -99.60143
0.987084 0.01042333 0.1573428 -55.99484 246.0243 -98.01365
0.9831778 -0.01179346 0.1309756 -55.46812 246.0243 -98.41823
0.9651114 -0.009352058 0.08507717 -55.46049 246.0243 -98.82281
0.955834 -0.04133448 0.02648342 -59.68186 246.0243 -96.70831
0.9546133 -0.07844386 -0.06165135 -59.01774 246.0243 -99.99838
0.9284903 -0.1172622 0.003534198 -63.94141 246.0243 -95.86098
0.9431387 -0.2007583 -0.06165135 -61.04064 246.0243 -96.31136
0.9751211 -0.2434829 -0.06165135 -56.7811 246.0243 -98.05182
0.9636465 -0.316481 -0.06165135 -58.79636 246.0243 -96.67014
0.8554922 -0.4038833 -0.06165135 -52.20095 246.0243 -95.79227
0.9265371 -0.4688247 -0.06165135 -50.46812 246.0243 -92.5938
0.8076406 -0.5471939 -0.06165135 -46.18568 246.0243 -92.41059
0.8110586 -0.6070084 -0.06165135 -37.99484 246.0243 -87.57853
0.749291 -0.6121353 -0.06165135 -40.88797 243.8945 -83.34189
0.7185293 -0.788649 -0.06165135 -33.09407 228.2533 -79.76937
0.7029043 -0.7666763 -0.06165135 -25.88797 215.4899 -76.08235
0.6584707 -0.8462662 -0.06165135 -20.9643 203.0014 -72.04418
0.5735097 -0.9248795 -0.06165135 -17.19331 198.4212 -68.51746
0.5049062 -1.000807 -0.06165135 -15.48339 177.5052 -60.53273
0.4509511 -1.044264 -0.06165135 -11.70476 161.8334 -54.4793
0.4463125 -1.16487 -0.06165135 -7.941404 145.7495 -47.99838
0.2864004 -0.8535904 -0.06165135 -44.52919 133.4441 -48.02128
0.7375722 -0.3831314 0.395624 2.615847 -120.6857 65.11612
0.7636953 -0.403395 0.4722842 -33.65896 -196.3574 98.89475
0.8376699 -0.3885025 0.6068057 -31.8956 -199.3879 100.2383
0.8039785 -0.38777 0.6968936 -31.39178 -201.6169 100.994
0.7998281 -0.4351333 0.7894229 -28.38415 -206.5177 100.5741
0.8852774 -0.3994888 0.8963565 -20.01774 -200.6857 98.84895
0.8137442 -0.4192642 0.997919 -15.75057 -198.2124 100.1238
0.8320547 -0.4961685 1.00036 -9.88797 -193.6322 100.1619
0.8332754 -0.5393814 1.023798 -4.29255 -189.3421 102.4062
0.799584 -0.5777115 1.04455 2.776153 -183.3116 105.0322
0.7595449 -0.6043228 1.024286 8.730351 -179.3956 107.9864
0.7029043 -0.6424088 1.005976 13.51661 -175.2505 111.4673
0.6406484 -0.6917252 0.9449405 18.06623 -172.0063 115.5054
0.5818105 -0.72444 0.8592471 21.58531 -169.5941 120.681
0.5224844 -0.7437271 0.7906436 23.86776 -169.7925 125.6963
0.4765859 -0.7664322 0.6910342 23.21127 -169.9452 132.4978
0.4453359 -0.797438 0.6273135 24.91356 -173.3727 140.4291
0.4189687 -0.783522 0.5469913 22.75325 -176.3345 149.5436
0.3930898 -0.8111099 0.4832705 21.66928 -180.9605 157.0092
0.4006582 -0.7932877 0.4639834 20.22654 -184.3498 163.307
0.3906484 -0.7898697 0.4385928 18.79906 -191.0063 170.9787
0.3908926 -0.7627701 0.4361514 18.58531 -197.4566 176.5741
0.4485097 -0.6968521 0.4820498 17.56241 -200.846 182.3528
0.4580312 -0.667067 0.5350284 18.39447 -205.3192 188.2993
0.4668203 -0.6516861 0.5711612 18.25707 -208.3116 192.9024
0.478539 -0.6319107 0.5985049 16.14256 -211.2963 198.8795
0.5232168 -0.6148209 0.6417178 18.04333 -215.5788 203.6123
0.580834 -0.5452408 0.6793155 19.80669 -216.9681 207.2535
0.6045156 -0.503981 0.7396182 21.14256 -219.4566 211.3528
0.6211172 -0.457106 0.7867373 22.07386 -220.1131 214.7726
0.6301504 -0.401686 0.8255557 23.59295 -220.8612 217.0474
0.6599355 -0.3479751 0.8592471 24.34867 -221.6246 219.3146
0.6801992 -0.302565 0.8878116 25.22654 -223.4566 221.9482
0.7072988 -0.2674087 0.9134463 25.53951 -223.8841 223.368
0.728539 -0.2146743 0.9488467 26.61585 -224.6017 224.7192
0.7466054 -0.153395 0.9966983 26.95173 -225.0521 226.1314
0.7780996 -0.09724268 1.020136 27.50898 -225.1437 226.2077
0.7939687 -0.04548487 1.07287 28.92883 -225.449 226.4825
0.8083731 -0.001051277 1.114862 30.50898 -224.7849 225.5283
0.8322989 0.03386083 1.132929 32.64638 -223.7467 224.3298
0.8689199 0.09391943 1.187616 35.28761 -221.6093 222.5131
0.8091055 0.1698472 1.26623 38.21127 -221.6246 220.8566
0.8193594 0.2120835 1.27331 40.45554 -219.5253 218.3833
0.8335196 0.270189 1.312128 43.1731 -219.5177 215.1467
0.8432852 0.3290268 1.36706 46.63875 -218.8689 212.0322
0.8840567 0.4032456 1.430536 49.27997 -218.0444 208.7955
0.9460684 0.4362046 1.452509 50.50898 -206.2276 203.3528
0.8171621 0.5192123 1.678827 51.51661 -200.1589 198.8642
0.8615957 0.569017 1.60412 52.69218 -191.0979 193.1772
0.8369375 0.6261459 1.723505 53.08913 -187.0902 188.3604
0.8398672 0.6671616 1.764521 52.02806 -179.4948 182.4291
0.8125235 0.6832748 1.809931 51.07386 -168.8154 176.3909
0.7700429 0.7216049 1.834833 48.98226 -158.2734 170.0169
0.7187734 0.7521225 1.887323 48.89066 -149.7238 163.4367
0.6863027 0.7655502 1.883905 47.3334 -140.2124 156.826
0.6606679 0.7611557 1.868036 46.02806 -130.1513 150.2917
0.6128164 0.7386948 1.819208 43.58532 -121.8841 145.2001
0.5735097 0.7103745 1.79162 42.88302 -114.1742 139.5054
0.5508047 0.7257553 1.752802 42.06623 -106.8307 134.452
0.5005117 0.7238022 1.758661 40.42501 -97.0597 128.6581
0.4255605 0.6920639 1.681513 37.06623 -89.56351 125.6428
0.4092031 0.5734116 1.603632 39.35631 -78.79252 123.765
