0.3068389 0.02176221 0.8297441 21.42328 39.61906 2.333176
0.3266143 0.0608247 0.8536699 21.61412 44.71829 -1.178274
0.3441924 0.07937939 0.8697832 20.57595 48.52745 -4.330946
0.3561553 0.1035493 0.8876055 20.16374 51.67249 -7.842398
0.40596 0.141147 0.9037188 19.0187 55.71829 -11.10957
0.3571318 0.1057466 0.9005449 19.55305 62.14577 -16.49125
0.3825225 0.1916841 0.9244707 19.41565 68.05417 -21.82713
0.3854522 0.188022 0.9005449 19.75916 72.88622 -27.83476
0.3891143 0.1680024 0.8749102 21.94237 78.07706 -33.81186
0.4147491 0.1601899 0.8258379 25.33168 83.32134 -39.65156
0.4291533 0.168979 0.7794511 28.9729 88.50455 -45.88057
0.4328155 0.1755708 0.7047441 30.43855 93.32897 -52.46072
0.4240264 0.1540864 0.6444414 31.86603 97.54272 -58.36148
0.421585 0.1120942 0.5524004 33.95 101.4587 -64.18591
0.4081573 0.07303174 0.4525468 37.66756 104.2068 -70.04087
0.4064483 0.0530122 0.3446367 41.52252 105.2603 -75.65156
0.4088897 0.01517041 0.2525957 45.13321 106.0847 -80.75079
0.4127959 0.008578613 0.1844804 47.85839 105.9397 -85.85767
0.4147491 -0.01778857 0.08804488 50.43092 106.3519 -91.36148
0.3983916 -0.03951709 -0.001554728 51.60649 105.1916 -96.10957
0.392044 -0.05929248 -0.09750199 51.49962 104.4893 -100.7126
0.3593291 -0.1007964 -0.1709883 52.36985 99.74119 -104.85
0.40596 -0.1222808 -0.2222579 49.94236 102.245 -108.8806
0.3690947 -0.1774565 -0.3370039 48.72099 94.84042 -111.4302
0.3585967 -0.2113921 -0.4075606 47.71336 88.79462 -114.2699
0.3656768 -0.2587554 -0.4893477 44.39275 87.87096 -117.2851
0.327835 -0.3412749 -0.5752852 43.93473 79.67249 -119.5294
0.3637236 -0.3923003 -0.5752852 39.9958 71.76409 -118.476
0.28096 -0.5177886 -0.5752852 40.98817 68.16103 -116.247
0.2367705 -0.5588042 -0.5752852 42.14847 57.64959 -116.2928
0.228958 -0.5631988 -0.5752852 39.46908 45.71066 -113.9035
0.2123564 -0.6442534 -0.5752852 34.69809 41.55799 -109.5142
0.2360381 -0.6462066 -0.5752852 31.98817 25.64195 -106.3233
0.2387236 -0.6220366 -0.5752852 23.95763 14.46638 -101.7432
0.2313994 -0.6305816 -0.5752852 18.35458 3.008367 -97.33858
0.2209014 -0.6425445 -0.5752852 10.11031 -9.915298 -92.55996
0.2379912 -0.596646 -0.5752852 1.766794 -24.71683 -87.85767
0.2572783 -0.5441558 -0.5752852 -2.256107 -38.46492 -84.36912
0.2917022 -0.5019195 -0.5752852 -11.04237 -51.11377 -80.25462
0.3327178 -0.4638335 -0.5752852 -16.27901 -62.27407 -77.96454
0.3622588 -0.4025542 -0.5752852 -22.05 -72.28172 -76.07904
0.4086455 -0.3429839 -0.5752852 -24.61489 -81.90003 -75.88057
0.4584502 -0.2983062 -0.5752852 -25.99656 -89.26644 -75.78133
0.5146026 -0.2631499 -0.5030196 -26.0729 -94.90767 -77.23934
0.5424346 -0.2243315 -0.4146407 -24.92786 -99.51836 -78.49889
0.6002959 -0.1969878 -0.3045332 -23.22557 -103.9229 -80.8653
0.6496123 -0.1784331 -0.1988204 -20.43931 -107.0145 -83.19354
0.6957549 -0.1339995 -0.1053145 -16.43931 -108.8237 -86.18591
0.7360381 -0.09469288 -0.01083207 -12.03473 -108.213 -90.57523
0.7665557 -0.0744292 0.05703902 -9.637787 -107.0832 -94.62103
0.7951201 -0.0588042 0.1324785 -5.782825 -107.4038 -99.15537
0.8300323 -0.04073779 0.1776445 -1.569084 -106.6634 -103.5752
0.8542022 -0.02999561 0.2294023 3.331679 -103.9687 -108.4684
0.8664092 -0.009243652 0.279207 8.736259 -100.8924 -113.8729
0.8722686 0.001986817 0.2972734 13.84313 -97.99927 -119.6058
0.8651885 0.01199658 0.3036211 18.69046 -95.06797 -125.8729
0.8617705 0.002230957 0.30533 22.87366 -91.99164 -131.5294
-1.780075 0.2639497 3.424654 -257.2943 247.9397 -65.99507
-1.535446 1.765354 3.424654 -78.46985 12.82516 -228.9951
1.709915 -0.6845366 0.7147539 -95.76756 33.54272 134.5927
-0.7041474 -2.234586 -0.1731856 36.48435 -136.6481 -176.5065
1.312942 -2.234586 -0.5752852 242.9729 -53.90766 -228.9951
0.994583 0.2090181 -0.5752852 242.9729 54.8557 -228.9951
0.4699248 -0.02731006 -0.5752852 242.9729 -7.144305 -228.9951
0.4855498 -0.09640186 -0.5752852 112.2248 -40.90766 -202.1172
0.4706573 -0.7467925 -0.5752852 40.68282 -57.46492 -182.2546
0.4538116 -0.9364898 -0.5752852 30.73626 -82.71683 -171.7661
0.4184112 -0.9396636 -0.5752852 35.79733 -105.6634 -166.8653
0.5565948 -0.9291656 -0.5752852 83.43855 -122.3504 -175.7508
0.6667022 -0.8820464 -0.3802168 111.2553 -129.984 -177.8348
0.7675323 -0.8659331 -0.286711 142.7363 -135.2894 -184.2851
0.8478545 -0.8464019 -0.07919145 155.1103 -152.9077 -184.7203
0.9047393 -0.7392241 0.1927812 149.7973 -143.442 -179.6745
0.9142608 -0.6466949 0.289705 150.3393 -138.0603 -178.8882
0.9230498 -0.6354644 0.3341386 133.4538 -133.9153 -174.705
0.9298858 -0.6881988 0.3502519 127.4462 -130.3733 -174.7966
0.952835 -0.7731597 0.3524492 121.4309 -128.2588 -172.8348
0.9626006 -0.844937 0.3502519 116.6981 -127.2359 -171.0561
0.9782256 -0.9279449 0.352205 110.4844 -126.7321 -167.7126
0.9889678 -1.009976 0.357332 96.62939 -126.8084 -160.9569
1.000931 -1.058072 0.3697832 81.07214 -125.9153 -154.3309
1.003128 -1.157437 0.3705156 62.08741 -125.297 -145.3997
1.002151 -1.269498 0.3978593 45.69046 -125.5107 -136.9874
1.019485 -1.349087 0.4237382 34.09504 -125.4268 -131.5752
1.021194 -1.515103 0.4542558 20.39275 -126.7932 -119.5065
1.034378 -1.604703 0.5172441 12.28588 -126.1061 -111.0943
0.7909698 -0.9406402 0.3295 -79.12634 -47.984 -37.49125
0.7743682 -0.9215972 0.277498 -78.91259 -53.74736 -36.54469
0.767044 -0.9384429 0.2860429 -79.11107 -56.52598 -35.36148
0.7553252 -0.9682281 0.2975175 -79.61488 -58.20537 -33.66682
0.7331084 -1.001675 0.3021562 -80.29427 -59.9611 -31.80423
0.7292022 -1.021206 0.3075273 -81.08817 -61.99163 -28.88056
0.7262725 -1.060269 0.3273027 -81.33244 -63.94583 -25.8653
0.737503 -1.080533 0.3387773 -81.43931 -65.76263 -22.1172
0.7379912 -1.096158 0.353914 -80.99656 -67.8008 -17.65919
0.7472686 -1.098111 0.3780839 -79.60725 -69.41911 -14.01034
0.7494658 -1.081509 0.3985918 -78.56145 -71.24355 -9.361481
0.7511748 -1.052212 0.4383867 -77.56145 -72.32751 -5.491251
0.7646026 -1.01315 0.477205 -76.27137 -73.22828 -1.750793
0.7582549 -1.003873 0.5003984 -76.74465 -76.53362 2.74539
0.782669 -0.9228179 0.5357988 -71.85152 -72.44965 4.119434
0.8285674 -0.8603179 0.5284746 -70.92786 -72.64049 7.539283
0.8249053 -0.7763335 0.5599687 -78.03473 -73.15194 10.9286
0.84346 -0.7677886 0.6253984 -70.57671 -72.14431 11.05073
0.827835 -0.6977202 0.6766679 -67.17977 -67.95347 11.54692
0.8170928 -0.6444976 0.6515214 -63.36298 -66.51072 11.31791
0.8102569 -0.6059234 0.664705 -62.77519 -64.9153 11.09653
0.7987823 -0.5475738 0.682039 -63.06527 -62.53362 10.08127
0.8012237 -0.4911773 0.6800859 -65.69885 -60.0069 9.348443
0.7895049 -0.4604156 0.6800859 -69.83626 -57.35804 8.524015
0.7743682 -0.4345366 0.6693437 -73.2103 -55.60232 7.302641
0.7660674 -0.4123199 0.682039 -76.43168 -53.08324 5.569817
0.7560576 -0.4037749 0.6786211 -78.72939 -51.03743 3.424778
0.7511748 -0.400357 0.6625078 -80.28664 -48.88476 0.9362297
0.7475127 -0.4020659 0.6522539 -82.0729 -46.39621 -1.42255
0.7475127 -0.428189 0.6349199 -82.9584 -44.90003 -3.918734
0.7467803 -0.4477202 0.6190507 -84.95076 -43.69392 -5.178274
0.7426299 -0.4963042 0.609041 -88.0042 -42.23591 -6.010336
0.7304229 -0.548062 0.591707 -90.57671 -40.80843 -6.239344
0.7240752 -0.600064 0.5863359 -91.85916 -39.57942 -5.872931
0.7140655 -0.6672027 0.5770586 -90.57671 -39.09087 -5.300413
0.7187041 -0.6933257 0.5692461 -88.28664 -38.62522 -4.346214
0.728958 -0.7353179 0.5462968 -84.1874 -38.58705 -3.23171
0.7311553 -0.7607085 0.5531328 -79.34007 -39.13667 -1.964535
0.7389678 -0.7306792 0.6087968 -62.46222 -38.90766 1.188137
0.7536162 -0.7096831 0.657625 -58.45458 -37.28934 1.760656
0.74971 -0.6957671 0.6815507 -53.86679 -34.0756 2.25684
0.7318877 -0.6964995 0.7054765 -49.59962 -30.38858 2.546917
0.7304229 -0.6925933 0.6974199 -45.05764 -26.32751 2.76829
0.7138213 -0.6842925 0.6612871 -42.79046 -23.64812 3.821726
0.6986846 -0.6662261 0.6319902 -41.87443 -21.18247 5.127069
0.6747588 -0.6632964 0.5997636 -41.98893 -18.57179 6.424779
0.6427764 -0.6654937 0.557039 -42.11107 -16.48018 7.814092
0.6193389 -0.6618316 0.5262773 -41.51565 -15.18247 8.959129
0.588333 -0.6603667 0.4796464 -41.88206 -14.03744 10.05073
0.5688018 -0.657437 0.4335039 -42.05764 -14.70156 11.43241
0.5426787 -0.6696441 0.3815019 -42.08054 -15.34278 12.76829
0.5497588 -0.679898 0.3358476 -40.11107 -17.50308 13.14997
0.5236358 -0.690396 0.3800371 -40.46222 -16.64812 14.27974
0.5045928 -0.6662261 0.2894609 -40.40878 -19.17484 17.47058
0.487503 -0.6549956 0.2284257 -38.42405 -26.31988 17.33318
0.4938506 -0.6679351 0.2438066 -42.11107 -31.09087 20.0202
0.5009307 -0.6584136 0.2735918 -41.06527 -32.23591 20.61562
0.4970244 -0.6479156 0.2450273 -43.21031 -35.37331 22.1118
0.4918975 -0.6610991 0.2450273 -45.21031 -40.50308 24.63852
0.5111846 -0.6791656 0.2967851 -42.64542 -43.69392 25.69195
0.5180205 -0.6725738 0.3107011 -42.25611 -44.31224 27.34844
0.5417022 -0.6518218 0.3119218 -41.92786 -46.16721 28.9515
0.5636748 -0.6300933 0.3192461 -44.59962 -49.30461 31.81409
0.5800323 -0.6066558 0.3602617 -48.15687 -49.79316 33.83699
