0.3888701 0.1291841 0.4967363 86.73626 139.5885 -65.19354
0.06538379 -0.1994292 0.4628007 -6.225573 -7.312244 40.95913
0.6117705 0.6096528 0.8707598 89.41565 133.5045 -97.12484
0.6422881 0.6191743 0.8290117 89.01107 138.4664 -106.079
0.6393584 0.6181977 0.6900957 92.24771 152.4664 -136.789
0.623001 0.5950044 0.6188066 94.00344 156.9473 -147.0103
0.6208037 0.585727 0.562166 93.07977 160.9931 -156.2623
0.6227569 0.5576509 0.4498613 90.93474 163.9549 -165.6134
0.6393584 0.5466645 0.3324296 88.27824 165.7488 -173.8119
0.6642608 0.5105317 0.2140214 85.45382 167.3519 -182.789
0.6598662 0.4841645 0.1034257 84.38512 167.619 -191.9264
0.5697783 0.57352 0.06167769 81.59122 164.0847 -199.7661
0.6156768 0.398227 -0.1441329 85.56069 170.787 -210.2241
0.5939483 0.3823579 -0.2825606 82.72863 162.9397 -217.8119
0.5597686 0.3769868 -0.404875 80.08741 158.1152 -228.247
0.5609893 0.2744477 -0.5525801 80.78207 151.9168 -228.9951
0.548294 0.2317231 -0.5752852 81.0416 142.0389 -228.9951
0.5397491 0.1345552 -0.5752852 84.53779 130.8481 -228.9951
0.5165557 0.05105908 -0.5752852 88.30115 119.1305 -228.9951
0.4933623 -0.04513232 -0.5752852 91.64466 106.3824 -228.9951
0.4728545 -0.07589405 -0.5752852 90.20954 92.84806 -228.9951
0.4223174 -0.2709624 -0.5752852 95.11031 77.92439 -228.9951
0.3773955 -0.4706695 -0.5752852 106.4004 58.22974 -228.9951
0.4347686 -0.4240386 -0.5752852 92.84313 50.69539 -228.9951
0.4142608 -0.6960113 -0.5752852 87.75916 31.8786 -228.9951
0.4191436 -0.7524077 -0.5752852 83.45382 12.89386 -228.9951
0.4303741 -0.8029449 -0.5752852 75.87366 -2.678657 -228.9951
0.4547881 -0.8627593 -0.5752852 69.46909 -18.0756 -228.9951
0.4560088 -0.9162261 -0.5752852 64.94237 -32.51835 -228.9951
0.482376 -0.9882476 -0.5752852 61.43091 -45.64049 -228.9951
0.5124053 -1.017544 -0.5752852 59.30114 -56.9382 -228.9951
0.5673369 -1.041714 -0.5752852 56.32404 -66.57942 -228.9951
0.6210479 -1.036587 -0.5752852 51.03397 -75.49545 -224.8195
0.6596221 -1.042691 -0.5752852 43.59885 -83.16721 -217.537
0.6979522 -1.056119 -0.4956954 39.57595 -88.69392 -211.2851
0.7155303 -1.062955 -0.3860762 35.62175 -94.02217 -204.9416
0.7477569 -1.04733 -0.3001387 33.53778 -97.83133 -199.7432
0.768753 -1.03439 -0.2268965 32.89656 -101.4038 -194.6897
0.7868194 -1.040249 -0.1888106 32.07977 -103.3275 -189.8653
0.8026885 -1.026578 -0.1419356 31.80496 -105.5031 -185.0638
0.8708037 -1.094449 -0.1651289 39.85839 -104.9382 -183.705
0.8266143 -1.00314 -0.09823442 36.13321 -112.8771 -177.2775
0.8461455 -0.9811675 -0.04379106 33.05687 -110.5413 -170.1859
0.855667 -0.9523589 -0.05233598 35.14847 -108.358 -167.3768
0.8339385 -0.9032866 -0.05233598 33.85839 -112.2588 -164.5829
0.8290557 -0.8737456 -0.06039262 32.19427 -113.8161 -160.6134
0.827835 -0.8385894 -0.05770707 32.69046 -115.7245 -157.1248
0.8332061 -0.7648589 -0.07430863 32.51488 -117.3199 -155.9264
0.8871612 -0.6979644 -0.07626176 23.34695 -121.1138 -152.5523
0.860794 -0.7348296 -0.007414103 8.858397 -113.9458 -150.4989
0.8061065 -0.7084624 -0.05917192 14.36985 -116.6023 -150.0561
0.7836455 -0.6894195 -0.125334 13.72863 -121.3122 -149.247
0.7912139 -0.7050445 -0.1551192 22.07977 -125.4878 -150.9645
0.8026885 -0.7023589 -0.187834 25.53779 -129.5871 -150.9798
0.8078155 -0.7126128 -0.1922286 31.46908 -136.0222 -152.392
0.8058623 -0.7340972 -0.2041914 35.41565 -141.4802 -151.9264
0.7958526 -0.7589995 -0.1956465 39.59885 -146.5031 -151.7508
0.7816924 -0.7868316 -0.1687911 42.34695 -151.9458 -150.3768
0.7709502 -0.8210113 -0.1458418 45.43092 -157.9764 -148.5676
0.7697295 -0.8319976 -0.1228926 46.65229 -163.8313 -145.5981
0.7685088 -0.8556792 -0.07455277 47.23244 -168.671 -142.7203
0.7899932 -0.876187 -0.01498246 46.54542 -173.1214 -138.8042
0.7941436 -0.8788726 0.06241012 44.95763 -177.6558 -134.4684
0.8073272 -0.8654449 0.1356523 41.71336 -181.3122 -130.537
0.9052276 -0.9501616 0.1537187 37.80496 -184.2894 -127.6974
0.8344268 -0.9567534 0.3172929 27.55305 -184.4649 -123.5294
0.8515166 -0.9638335 0.4132402 20.19427 -185.7168 -112.3386
0.9088897 -0.9081695 0.5121171 14.69809 -179.9993 -108.5676
0.8832549 -1.055874 0.5494707 12.9958 -178.9535 -109.8729
0.8217315 -1.134488 0.6761796 8.018702 -172.8313 -95.18591
0.9484405 -1.046841 0.6971757 12.02634 -167.2054 -89.83476
0.885208 -1.122037 0.7552812 9.255344 -160.3733 -91.08667
0.8388213 -1.244595 0.7733476 9.71336 -154.1061 -79.99507
0.8361358 -1.182828 0.7894609 14.9958 -145.6558 -72.10957
0.869583 -1.127408 0.7455156 17.09504 -139.3733 -69.66682
0.7895049 -1.257535 0.6966875 26.46908 -136.4268 -66.40729
0.7675323 -1.23605 0.6632402 36.68282 -132.2664 -59.9569
0.7089385 -1.226773 0.5885332 47.88893 -129.1672 -55.76606
0.6605987 -1.201138 0.4991777 57.02633 -128.2664 -51.9569
0.6068877 -1.202359 0.4254472 63.52252 -129.0374 -47.65919
0.5851592 -1.194058 0.3714921 67.58359 -129.8848 -43.09431
0.5680694 -1.175015 0.3102129 67.14848 -133.2283 -36.20117
0.5194854 -1.217007 0.2723711 67.24008 -136.2588 -31.18591
0.5185088 -1.245816 0.2567461 69.06451 -139.0909 -25.87293
0.5023955 -1.240445 0.2574785 67.12557 -142.3351 -18.12484
0.6305694 -0.7419097 0.5421464 -21.44695 -44.75499 18.05073
0.5099639 -0.3800933 0.3905351 -25.36298 -37.0527 34.52402
0.4677276 -0.3966949 0.3736894 -26.40878 -38.21301 33.34081
0.438919 -0.3752105 0.3622148 -27.55382 -38.39621 33.0889
0.4347686 -0.36398 0.3168046 -24.75992 -39.984 32.09653
0.4445342 -0.3547027 0.2989824 -20.81336 -42.54125 31.03547
0.4425811 -0.3385894 0.2804277 -19.26374 -44.58705 29.93623
0.4481963 -0.3395659 0.2767656 -17.54618 -46.99163 28.74539
0.438919 -0.3385894 0.2704179 -16.42405 -49.45728 28.19577
0.4428252 -0.3315093 0.2816484 -14.36298 -51.9611 27.08127
0.4530791 -0.3381011 0.2818925 -12.12634 -53.63285 26.0202
0.4547881 -0.33273 0.2958086 -11.35534 -55.60995 25.05837
0.4721221 -0.348355 0.3102129 -11.40878 -57.19774 24.75302
0.4782256 -0.3559234 0.3363359 -12.30191 -58.38858 24.33318
0.4755401 -0.367398 0.3697832 -14.40114 -59.49545 24.76829
0.4623565 -0.3732574 0.3871171 -17.53855 -60.22827 25.95913
0.4726104 -0.3715484 0.4256914 -22.51565 -60.30461 26.9973
0.4547881 -0.3654449 0.4518144 -25.95076 -59.44965 28.01257
0.4491729 -0.3949859 0.4713457 -24.61489 -59.04507 28.05837
0.4455108 -0.3471343 0.478914 -26.01946 -58.23591 28.88279
0.4252471 -0.337857 0.4923418 -26.88206 -58.09087 28.78356
0.4118194 -0.3317534 0.4999101 -27.58435 -58.12904 28.85226
0.4071807 -0.3124663 0.5121171 -27.76756 -58.16721 28.9973
0.4054717 -0.30148 0.5248125 -27.37061 -58.36568 28.34844
0.4074248 -0.2633941 0.5443437 -29.36298 -58.26644 27.74539
0.4186553 -0.259732 0.5626543 -29.9355 -58.33514 27.42478
0.4342803 -0.2221343 0.5795 -31.83626 -57.13667 27.0431
0.4281768 -0.2384917 0.6166093 -31.72176 -56.49545 24.78356
0.4467315 -0.2480132 0.6439531 -29.20267 -54.95346 22.76066
0.4674834 -0.2694976 0.6712968 -28.2103 -53.77789 21.65379
0.4733428 -0.2780425 0.7130449 -26.80573 -51.22064 20.57745
0.4699248 -0.30148 0.7420976 -25.84389 -48.25881 19.69195
0.4721221 -0.3383452 0.7689531 -24.55382 -44.0527 19.28737
0.46846 -0.3615386 0.7838457 -23.9126 -39.55652 19.05837
0.4596709 -0.3962066 0.7857988 -23.44695 -34.36568 19.28737
0.4374541 -0.4218413 0.7691972 -20.1874 -29.13667 19.01257
0.4206084 -0.4345366 0.7389238 -20.27901 -24.74736 20.47821
0.3976592 -0.4445464 0.7008379 -19.05763 -20.69392 21.27211
0.3766631 -0.4467437 0.6427324 -20.13397 -17.0985 22.92859
0.3459014 -0.4423491 0.5729082 -21.9126 -14.72446 24.90569
0.3200225 -0.4457671 0.5316484 -22.88206 -13.47255 26.35608
0.2960967 -0.4306304 0.470125 -25.86679 -12.65576 28.38661
0.2836455 -0.4184234 0.4061601 -27.72939 -13.44965 29.98203
0.2628936 -0.3954741 0.3580644 -32.2103 -14.8466 32.34844
0.25679 -0.3891265 0.3207109 -36.57672 -16.65576 34.29501
0.242874 -0.3715484 0.2992265 -41.95076 -18.92293 36.48585
0.2526397 -0.3786284 0.2753007 -45.87443 -21.984 38.25684
0.2538604 -0.3742339 0.2640703 -48.01947 -24.90003 39.81409
0.2509307 -0.3769195 0.2799394 -48.24847 -28.29698 40.33318
0.2487334 -0.3652007 0.291414 -47.88206 -31.61759 41.07363
0.2548369 -0.3654449 0.324373 -47.46222 -35.10614 41.50875
0.2599639 -0.3595855 0.3609941 -46.80573 -38.10614 42.27974
0.2680205 -0.353482 0.4017656 -45.63015 -39.94583 42.27211
0.2958525 -0.3495757 0.4483964 -44.28664 -41.77026 42.87516
0.3197783 -0.3266265 0.5006425 -42.69122 -42.73972 42.96676
0.3432158 -0.3156402 0.5509355 -39.53855 -42.40385 42.42478
0.3627471 -0.2904937 0.6031816 -36.49275 -41.67865 41.93623
0.3744658 -0.2797515 0.6605546 -33.89733 -40.47255 40.94386
0.3905791 -0.2626616 0.7069414 -25.34008 -37.61759 38.74539
0.3771514 -0.258023 0.7025468 -19.08053 -34.81606 36.82172
0.366165 -0.23898 0.7145097 -12.67595 -32.48782 34.62325
0.3585967 -0.2284819 0.7135332 -7.820992 -30.20537 32.58508
0.353958 -0.2067534 0.6996171 -4.340076 -27.41912 31.14997
0.3483428 -0.2050444 0.6952226 -2.187405 -25.10614 29.84463
0.3466338 -0.1964995 0.687166 -0.7522902 -23.03744 28.92096
