2.289799 -0.2798456 -0.2605791 -230.6163 231.0959 -248.4563
2.289799 -0.55133 -0.2605791 -230.6163 231.0959 -248.4563
2.289799 -0.8003534 -0.2605791 -230.6163 231.0959 -248.4563
2.289799 -1.003723 -0.2605791 -230.6163 231.0959 -248.4563
2.289799 -1.774963 -0.2605791 -230.6163 231.0959 -248.4563
2.289799 -1.774963 -0.2605791 -230.6163 231.0959 -248.4563
2.289799 -1.774963 -0.2605791 -230.6163 231.0959 -248.4563
2.289799 -1.774963 -0.2605791 1.269175 231.0959 -248.4563
1.757633 -1.774963 -0.2605791 -15.12014 231.0959 -248.4563
1.114567 -1.774963 -0.2605791 64.10887 155.7524 -248.4563
0.646061 -1.774963 -0.2605791 123.0478 76.55389 -248.4563
0.302311 -1.774963 -0.2605791 157.857 20.24092 -248.4563
-0.09881202 -1.774963 -0.2605791 203.2463 -32.43847 -248.4563
-0.4655112 -1.774963 -0.2605791 182.2921 -71.30107 -248.4563
-0.6029624 -1.774963 -0.2605791 149.0096 -113.843 -248.4563
-0.3844565 -1.774963 -0.2605791 149.1165 -140.5606 -244.1967
-0.1805991 -1.774963 -0.2605791 147.5898 -172.927 -212.7845
-0.05559912 -1.774963 -0.2605791 134.7272 -185.9118 -181.0822
0.04571924 -1.774963 -0.2605791 126.4677 -195.6064 -144.9219
0.1467935 -1.774963 -0.2605791 90.1165 -208.3316 -95.73872
0.2376138 -1.774963 0.1732588 97.94093 -193.8812 -69.35704
-0.2387046 -1.774963 -0.07674122 164.3073 -220.8049 -0.4410076
0.6782876 -1.774963 0.4398603 85.9104 -173.5072 24.26892
0.6406899 -1.774963 0.7716475 114.3455 -175.0797 52.12388
0.5056802 -1.774963 0.9112959 75.59742 -169.4308 92.49029
0.4964028 -1.774963 1.031169 73.36078 -159.2934 130.6582
0.5149575 -1.774963 1.059489 62.73483 -150.5682 159.3987
0.5833169 -1.774963 1.065593 54.39894 -143.1942 186.017
0.6580239 -1.774963 1.044597 49.36078 -137.553 206.0018
0.6406899 -1.774963 1.057292 51.81879 -135.1255 216.0857
0.7322427 -1.401916 1.073405 75.14703 -121.7973 247.162
0.7422524 -1.244933 1.063396 86.62796 -116.4919 251.8109
0.7476235 -1.164367 1.066813 98.75772 -112.385 251.8109
0.7503091 -1.122131 1.087077 110.4295 -107.6369 251.8109
0.7512856 -1.017883 1.119304 125.8646 -100.7591 251.8109
0.7420083 -0.9180292 1.083659 143.1852 -95.98045 251.8109
0.7366372 -0.8716425 1.059489 158.0325 -91.87358 251.8109
0.7420083 -0.843078 1.014812 172.8799 -86.79726 251.8109
0.7412759 -0.8784784 0.9401045 188.7119 -83.38504 251.8109
0.7510415 -0.9602655 0.8531904 204.5211 -80.85069 251.8109
0.7691079 -1.024475 0.809001 220.5211 -77.49954 251.8109
0.7925454 -1.122863 0.727458 237.3761 -74.69801 251.8109
0.8486978 -1.232726 0.6576338 255.7577 -71.78962 251.8109
0.9317056 -1.267639 0.5738935 269.6508 -69.31634 251.8109
1.057438 -1.31842 0.4698896 269.6508 -66.64458 251.8109
1.128971 -1.321838 0.3907881 269.6508 -63.55298 251.8109
1.233952 -1.200744 0.2999678 269.6508 -63.20947 251.8109
1.359684 -1.169494 0.2123213 269.6508 -58.59878 251.8109
1.475651 -1.14215 0.1764326 269.6508 -54.47664 251.8109
1.537174 -1.015441 0.1278486 269.6508 -45.1942 251.8109
1.605045 -0.8923944 -0.07234669 269.6508 -40.07206 251.8109
1.62775 -0.7427362 -0.2605791 269.6508 -36.06443 251.8109
1.610417 -0.6856073 -0.2605791 269.6508 -45.70565 251.8109
1.704167 -0.501037 -0.2605791 269.6508 -45.72855 251.8109
1.816227 -0.2361444 -0.2605791 269.6508 -52.72855 251.8109
1.840397 -0.1089471 -0.2605791 269.6508 -60.88885 251.8109
1.90485 0.08221497 -0.2605791 267.002 -66.64458 251.8109
1.980534 0.3019415 -0.2605791 228.1241 -73.33923 251.8109
2.017887 0.403504 -0.2605791 202.773 -89.1942 251.8109
2.188297 0.5851446 -0.2605791 164.2768 -109.927 251.8109
2.219303 0.6615606 -0.2605791 122.6814 -107.7438 251.8109
2.229801 1.040711 -0.2605791 89.22337 -141.011 251.8109
2.285465 0.8605352 -0.2605791 55.80353 -161.4919 251.8109
2.289799 1.050233 -0.2605791 31.10124 -179.5682 251.8109
2.289799 1.016541 -0.2605791 13.49818 -199.843 251.8109
2.289799 0.8842169 -0.2605791 47.46001 -215.4919 251.8109
2.289799 1.368104 -0.2605791 87.16994 -231.3698 251.8109
2.289799 2.224976 -0.2605791 21.81116 -269.1713 251.8109
2.289799 -1.520568 -0.2605791 -230.6163 231.0959 -248.4563
0.6409341 -1.774963 0.6603193 177.8951 -269.1713 242.1468
0.762272 -1.774963 0.8075361 206.1089 -269.1713 237.1391
0.9888345 -1.410705 1.061687 221.8264 -255.0873 251.8109
0.8643228 -1.342346 1.189372 238.857 -244.0186 251.8109
0.9900552 -1.080871 1.234782 256.5211 -229.4537 251.8109
1.000065 -0.9829706 1.252116 269.6508 -217.9576 251.8109
1.15778 -0.5957636 1.311198 269.6508 -209.7591 251.8109
1.100651 -0.5252069 1.43571 269.6508 -189.324 251.8109
1.142155 -0.4880976 1.397624 269.6508 -169.7514 251.8109
1.12067 -0.4392694 1.379802 269.6508 -152.4156 251.8109
1.111393 -0.2698358 1.34196 269.6508 -141.1713 251.8109
1.109684 -0.1470331 1.261149 269.6508 -128.2247 251.8109
1.077702 -0.03814636 1.223796 269.6508 -121.2553 251.8109
1.111393 0.04266418 1.200847 258.1547 -114.2476 251.8109
1.189518 0.1098029 1.141032 251.0631 -103.5911 251.8109
1.141422 0.1784064 1.15153 236.5822 -97.36977 251.8109
1.182682 0.2169806 1.097331 230.0478 -91.48427 251.8109
0.993229 0.9459845 0.9647627 167.4829 -85.02626 251.8109
1.098698 0.7858282 1.199138 129.8417 -128.2095 251.8109
1.41901 1.08368 1.082927 182.1241 -78.87359 251.8109
0.9231606 1.599549 1.197185 152.3761 -73.97282 251.8109
1.321842 1.30243 0.8588057 190.7654 -69.79726 251.8109
1.171452 1.345887 0.9066572 173.2081 -66.98045 251.8109
1.107731 1.247254 0.8673506 165.689 -63.72092 251.8109
0.9993325 1.422303 0.8724775 149.8722 -60.71328 251.8109
0.8626138 1.332947 0.81779 142.1165 -60.1484 251.8109
0.7766763 1.382508 0.7284346 138.2157 -61.47664 251.8109
0.8274575 1.378113 0.6774092 145.6967 -64.47664 251.8109
0.6079751 1.58368 0.7557783 154.3913 -56.84306 251.8109
0.7410317 1.562195 0.5624189 165.002 -68.15604 251.8109
0.8076821 1.498719 0.4940596 175.4371 -73.40794 251.8109
0.7366372 1.566834 0.5194502 178.1394 -75.01863 251.8109
0.739811 1.642274 0.4086103 186.6967 -78.83542 251.8109
0.7603189 1.720887 0.3822432 183.628 -83.07207 251.8109
0.7620278 1.727234 0.3754072 183.3379 -85.70564 245.6277
0.7471353 1.80243 0.3282881 177.1089 -90.72855 238.8414
0.7390786 1.837098 0.2989912 168.5211 -95.99573 231.9483
0.7749673 1.847352 0.2672529 156.6203 -101.6293 227.7575
0.7573892 1.868836 0.3070478 140.4524 -107.9957 223.414
0.7825356 1.867127 0.3304853 125.4829 -114.3774 219.1697
0.7905923 1.837342 0.3939619 108.8188 -120.2782 216.7727
0.880436 1.784363 0.4259443 94.0249 -125.9347 213.0018
0.9121743 1.826356 0.5079756 81.74246 -130.1255 208.6888
0.8906899 1.809022 0.6451826 67.14703 -133.4919 206.9789
0.9822427 1.796326 0.7247725 57.55925 -137.9194 204.0399
1.05817 1.793641 0.8649092 47.96383 -140.6522 202.1926
1.093083 1.783143 0.9642744 45.43711 -141.3163 198.9178
1.166325 1.802186 1.077067 45.46001 -141.9118 195.3147
1.229069 1.834412 1.225505 50.78826 -140.7896 191.6124
1.319645 1.926697 1.245769 47.75772 -134.6599 188.4903
1.336491 1.914734 1.392985 68.50581 -140.1713 184.4598
1.400456 2.145447 1.561931 89.38368 -131.4385 177.6888
1.5882 2.199647 1.576823 114.0096 -127.1102 172.1086
1.47443 2.224976 1.673259 136.3073 -110.095 173.559
1.64362 2.224976 1.548503 142.9944 -86.93466 138.2766
1.561833 2.224976 1.568034 179.002 -73.41557 113.7651
1.60651 2.224976 1.275065 156.544 -69.06442 106.7651
1.550846 2.224976 1.21696 145.1394 -63.18657 107.33
1.40192 2.224976 1.171062 122.3226 -58.15603 89.16205
1.49567 2.224976 1.087321 90.51344 -45.74382 53.73457
1.34821 2.224976 1.105144 66.83406 -42.77435 29.79563
1.30817 2.224976 1.132976 36.92567 -37.39267 2.475023
1.397038 2.224976 1.139567 12.43711 -29.3545 -25.73872
1.357243 2.224976 1.17863 -15.17357 -21.13313 -53.92192
1.310368 2.224976 1.217448 -31.50182 -15.65221 -88.36467
1.30109 2.224976 1.301677 -52.81479 -8.201833 -123.067
1.324284 2.224976 1.366618 -74.14304 1.828701 -161.6318
1.428776 2.224976 1.402751 -91.60106 12.48519 -198.9601
1.413639 2.224976 1.400554 -96.01326 20.67603 -238.4334
1.502995 2.224976 1.449138 -101.9293 32.10351 -248.4563
1.623844 2.224976 1.454753 -115.5782 42.63786 -248.4563
1.682438 2.224976 1.443278 -121.8911 53.56916 -248.4563
1.89777 2.224976 1.406413 -126.1812 67.98137 -248.4563
2.042057 2.224976 1.322429 -132.8606 78.98901 -248.4563
2.173405 2.224976 1.204021 -140.1507 89.77527 -248.4563
2.252262 2.224976 1.153483 -145.3949 101.7295 -248.4563
2.289799 2.224976 1.097331 -148.8148 113.5615 -248.4563
2.289799 2.224976 1.020427 -163.1888 125.2791 -248.4563
2.289799 2.224976 1.009685 -173.1888 143.8669 -248.4563
2.289799 2.040711 0.847331 -179.5476 161.4165 -248.4563
2.289799 1.665223 0.6507978 -196.0438 178.0501 -248.4563
