0.228958 -0.1149565 0.5162675 -30.98893 5.145771 55.75302
0.2335967 -0.1203276 0.5050371 -34.05 5.306077 55.69958
0.2333525 -0.1266753 0.5065019 -35.92023 5.466382 55.05074
0.2265166 -0.1208159 0.4891679 -36.85916 5.496916 54.29501
0.2379912 -0.1271636 0.4791582 -37.1874 5.229741 53.36371
0.2377471 -0.131314 0.4713457 -37.69886 5.023633 52.2263
0.2418975 -0.1337554 0.4669511 -36.78283 4.557985 51.10417
0.2353057 -0.1286284 0.4628007 -35.53092 4.298443 49.66905
0.2343291 -0.1310698 0.466707 -34.33244 4.229741 48.23394
0.2274932 -0.1415679 0.4693925 -34.62252 4.199206 47.07363
0.2162627 -0.1510894 0.4518144 -34.66832 3.794626 46.35608
0.2165068 -0.1584136 0.4498613 -34.38588 3.351878 45.79882
0.2152861 -0.1603667 0.4425371 -34.36298 3.092336 45.24921
0.2084502 -0.1674468 0.4359453 -34.69886 2.489283 45.08127
0.2060088 -0.1864898 0.4283769 -35.36298 2.435847 44.9744
0.2072295 -0.1879546 0.4315507 -35.9355 2.084702 44.72249
0.19429 -0.188687 0.4252031 -36.9813 1.275542 45.11943
0.1938018 -0.1830718 0.414705 -38.43931 0.6114199 45.40951
0.6313018 0.01712353 -0.3528731 100.5225 146.39 -222.9874
0.9157256 -0.9306304 0.291414 62.20954 -218.8924 41.73775
0.9103545 -0.9235503 0.3041093 67.25535 -220.0985 44.68432
0.9259795 -0.9286773 0.3075273 71.61413 -220.5871 46.73775
0.923294 -0.969937 0.3158281 77.04924 -222.4802 49.57745
0.9228057 -1.006314 0.3319414 85.7439 -222.4573 51.98966
0.9179229 -1.03024 0.3404863 93.66756 -223.7474 55.0889
0.9228057 -1.045132 0.3353593 99.64466 -224.3199 58.34844
0.9313506 -1.046841 0.3456132 104.576 -224.7321 61.9515
0.9289092 -1.049039 0.3531816 107.6905 -225.0527 66.41714
0.9782256 -1.124234 0.3182695 109.9729 -223.0374 67.52402
0.9103545 -1.047574 0.3873613 103.9729 -229.6329 76.55455
0.9245147 -1.077115 0.4054277 105.2172 -222.8695 81.1805
0.947708 -1.082242 0.4393632 108.7668 -224.0069 85.39424
0.9330596 -1.121304 0.4628007 112.8431 -221.6939 88.44004
0.90596 -1.140835 0.4601152 112.6294 -219.9916 93.28737
0.9132842 -1.152554 0.4764726 111.4309 -218.1061 99.33318
0.9049834 -1.16232 0.4713457 110.0645 -217.8695 105.3255
0.9398955 -1.131314 0.4791582 107.2477 -218.1367 111.8217
0.9594268 -1.126187 0.5406816 100.5912 -213.8237 116.4629
0.9833526 -0.9538238 0.6087968 58.07213 -208.6405 135.2339
0.8405303 -1.19772 0.635164 74.68282 -202.8924 134.0507
0.7797393 -1.120083 0.5843828 74.86604 -196.0451 136.1194
0.7094268 -1.213101 0.5375078 88.08741 -197.8084 135.4095
0.7467803 -1.191128 0.4974687 100.8355 -198.2359 136.1118
0.7575225 -1.242642 0.4747636 114.179 -198.7397 139.0202
0.62471 -1.246792 0.5265214 134.6676 -199.8542 138.2797
0.7108916 -1.180142 0.5277421 158.805 -190.7397 134.7836
0.7033233 -1.25729 0.4151933 164.0721 -191.381 140.0813
0.6942901 -1.209927 0.3624589 174.7057 -195.5489 142.5393
0.7565459 -1.215054 0.3612382 176.2477 -196.1138 148.3179
0.7958526 -1.272671 0.3719804 184.5302 -195.4802 153.3408
0.8068389 -1.252408 0.3348711 189.7057 -194.8313 158.8675
0.8292998 -1.267056 0.322664 192.7515 -196.1443 165.5011
0.840042 -1.280728 0.3295 197.0111 -198.4191 172.3255
0.8708037 -1.279019 0.3751543 200.2172 -198.4955 178.8904
0.8766631 -1.252408 0.3929765 202.1561 -197.6787 186.1423
0.876419 -1.229947 0.4364336 204.3622 -196.1901 192.7683
0.8722686 -1.19772 0.4681718 207.0569 -194.0222 199.4324
0.8327178 -1.134976 0.4874589 207.1103 -191.5107 205.0889
0.808792 -1.049771 0.5172441 206.5759 -187.4878 210.4171
0.7797393 -1.008755 0.5209062 204.6065 -185.4344 216.7149
0.7704619 -0.9301421 0.5279863 202.9805 -182.1214 220.837
0.7489776 -0.8713042 0.5228593 203.5607 -178.9382 223.5775
0.748001 -0.8080718 0.510164 200.3698 -175.7397 226.9286
0.7309112 -0.7519195 0.5194414 196.2782 -173.9077 229.8675
0.7418975 -0.7084624 0.5299394 190.9424 -169.8848 231.4019
0.7641143 -0.6447417 0.5030839 180.8202 -166.5107 233.6309
0.7716826 -0.6283843 0.4762285 168.6828 -167.9611 236.7912
0.7921905 -0.6293609 0.5106523 158.7286 -166.9077 238.4553
0.7907256 -0.648648 0.5296953 149.5683 -166.8237 241.0889
0.7594756 -0.6449859 0.5633867 143.9195 -166.8848 242.7072
0.7362823 -0.6381499 0.5990312 139.2095 -166.9916 243.8065
0.706253 -0.6415679 0.6544511 136.0416 -167.1138 245.2034
0.6884307 -0.6381499 0.6974199 135.1866 -166.8084 245.5087
0.68721 -0.6444976 0.7401445 136.5912 -165.9993 245.5698
0.6796416 -0.6393706 0.7694414 140.6981 -164.6939 244.5316
0.6876983 -0.6242339 0.815584 146.7363 -162.4802 242.9362
0.6974639 -0.6205718 0.8365801 152.9882 -160.2206 241.6461
0.6725616 -0.5859038 0.848543 156.1485 -158.8848 241.0889
0.6488799 -0.5426909 0.8893145 156.3698 -156.6481 240.3713
0.6249541 -0.5085113 0.942293 158.4156 -155.6558 238.7072
0.5971221 -0.494107 0.9781816 155.1179 -151.6252 238.379
0.5963897 -0.4880034 1.011385 152.4309 -146.5031 237.7454
0.577835 -0.4494292 1.032381 148.6981 -143.4725 238.1118
0.5451201 -0.4147613 1.058016 142.5149 -140.8466 238.5164
0.5360869 -0.3835113 1.10782 139.2172 -138.0909 237.8828
0.5348662 -0.3588531 1.126131 136.4309 -134.358 235.7301
0.4826201 -0.3185699 1.158357 133.95 -131.0069 235.7607
0.451126 -0.2895171 1.170564 136.3927 -125.7932 230.9057
0.466751 -0.251187 1.154695 145.2553 -123.61 224.7912
0.5019073 -0.2057769 1.132723 149.5225 -125.1443 221.7454
0.5402373 -0.1908843 1.174959 155.1027 -123.4725 217.0278
0.5226592 -0.1547515 1.207918 161.1027 -119.8466 210.608
0.4936065 -0.09615772 1.214754 165.095 -117.0298 205.6232
0.4286651 -0.05782764 1.252352 167.0645 -113.6329 197.3179
0.2870635 -0.04220263 1.301424 165.6523 -107.61 170.4935
0.3153838 -0.04073779 1.301668 159.0263 -104.8008 169.6691
0.3537139 -0.009487793 1.320711 150.6065 -100.8008 166.4324
0.4037627 -0.03365772 1.323396 139.4843 -97.68629 160.8065
0.4540557 -0.06271045 1.319734 118.805 -90.62522 158.4553
0.4579619 -0.1447417 1.299471 101.0569 -89.19775 157.4477
0.433792 -0.2402007 1.348299 77.24771 -85.12904 161.5775
0.2487334 -0.5085113 1.389803 80.82023 -81.03744 159.0278
0.2936553 -0.2934234 1.443025 71.48435 -91.67866 163.9973
0.116165 -0.5302398 1.573885 78.59122 -86.12904 162.0889
0.07466114 -0.2604644 1.669588 50.50725 -85.14431 172.7912
0.1273955 -0.6640288 1.71573 79.50726 -88.81606 182.8752
0.2592314 -0.3107574 1.966463 65.42329 -61.0298 185.5087
0.2638701 -0.5614898 1.994539 97.6981 -56.33514 166.1042
0.228958 -0.6957671 1.97159 104.7744 -48.15957 172.7072
0.2475127 -0.5663726 1.978182 116.2706 -39.87713 183.1958
0.2321318 -0.4843413 1.972811 126.0034 -33.64812 185.8446
0.3959502 -0.2375151 0.5130937 -47.19504 -33.06797 33.56218
0.3703154 -0.2699859 0.5050371 -52.19504 -34.45728 35.77592
0.3957061 -0.254605 0.5035722 -52.73703 -35.69392 35.75302
0.3871611 -0.2660796 0.5443437 -54.92023 -36.0069 36.48585
0.3957061 -0.2924468 0.5650957 -52.53855 -34.70919 36.51638
0.4035186 -0.2707183 0.5878007 -53.24847 -34.36568 38.38661
0.3822783 -0.2887847 0.6192949 -50.44695 -32.48018 38.66905
0.3864287 -0.2934234 0.6266191 -46.9584 -29.25118 40.02783
0.369583 -0.3175933 0.6210039 -39.94313 -27.63286 39.42478
0.3627471 -0.2536284 0.6339433 -36.29428 -24.8695 39.83699
0.3622588 -0.1969878 0.6019609 -34.55382 -22.24354 40.27211
0.3395537 -0.2201812 0.5724199 -31.1874 -20.28171 39.79882
0.3402861 -0.1618315 0.5282304 -27.14924 -20.60995 38.11943
0.3134307 -0.1667144 0.4989336 -21.37824 -21.60232 36.64615
0.3217314 -0.1440093 0.4942949 -17.9584 -21.87713 35.55455
0.326126 -0.1532866 0.480623 -8.64542 -23.44202 33.35608
0.3205107 -0.1308257 0.5035722 -0.1645041 -23.53362 30.9973
0.3253936 -0.129605 0.5148027 9.484352 -23.9382 28.56218
0.3217314 -0.1032378 0.5143144 15.71336 -23.29698 26.37898
0.3344268 -0.06759326 0.508455 19.8584 -22.57179 24.71486
0.3468779 -0.05196826 0.5021074 19.65992 -21.9153 23.27211
0.3463897 -0.0275542 0.49283 15.17138 -21.60995 22.14234
0.3515166 -0.03707568 0.4820879 10.40802 -20.40385 22.02783
0.4398955 0.02615674 0.4376543 9.606489 -16.48782 21.12707
0.2079619 -0.06637256 0.1673906 37.36221 -26.06034 10.05837
0.2714385 -0.03683154 0.2259843 33.88893 -38.10614 12.46295
0.2760772 -0.018521 0.4757402 25.9729 -31.32751 12.73776
0.2394561 -0.02364795 0.42325 13.59122 -22.80079 13.55455
0.2082061 -0.04049365 0.322664 3.553053 -27.90767 15.066
0.2045439 -0.09347218 0.4183671 -16.85916 -30.41148 21.78356
0.2436064 -0.1195952 0.4642656 -34.54618 -20.67866 25.34081
0.3952178 -0.1794097 0.3358476 -43.73703 -15.66339 27.09653
0.3324736 -0.1239897 0.36783 -48.30954 -24.52599 29.41714
0.2799834 -0.143521 0.42325 -42.85153 -24.28934 27.83699
0.2553252 -0.1537749 0.3929765 -36.21794 -24.15194 26.79119
0.2865752 -0.1232573 0.4110429 -36.99657 -25.15957 27.90569
0.3043975 -0.1049468 0.4271562 -40.92023 -25.58705 29.40188
0.3097686 -0.09249561 0.449373 -43.97367 -25.48782 30.25684
0.3185576 -0.08981007 0.4625566 -42.63015 -25.26644 29.0431
