0.3231963 -0.1159331 0.48575 -41.29428 -25.42675 28.87516
0.3495635 -0.09981983 0.5025957 -39.50802 -24.19774 27.60798
0.310501 -0.1442534 0.501375 -35.03473 -23.34278 26.48585
0.3275908 -0.122769 0.5160234 -33.57672 -23.56415 26.65379
0.320999 -0.1252105 0.5489824 -29.37061 -23.01453 25.9744
0.3197783 -0.1393706 0.5607011 -27.32481 -21.71683 25.24157
0.3200225 -0.1247222 0.5697343 -25.70649 -22.10614 25.05837
0.3170928 -0.1318022 0.6002519 -22.75229 -20.76263 24.37898
0.3249053 -0.1488921 0.635164 -17.69885 -19.40385 24.03547
0.3275908 -0.1327788 0.6346757 -12.80573 -17.34278 23.51638
0.3371123 -0.138394 0.6571367 -8.065268 -15.30461 22.18814
0.3397979 -0.1374175 0.635164 -4.874428 -14.0527 22.20341
0.3095244 -0.08834522 0.6434648 -2.217939 -8.335145 21.03547
0.3256377 -0.1374175 0.6515214 2.156106 -10.08324 18.28737
0.3004912 -0.1364409 0.6620195 3.972901 -10.35041 19.81409
0.291458 -0.096646 0.6429765 3.171374 -8.846596 20.53928
0.3095244 -0.07516162 0.6300371 1.133206 -7.625221 21.85989
0.3373564 -0.06124561 0.6517656 -0.7599239 -5.648122 21.85226
0.3490752 -0.04781787 0.6478593 -0.622519 -4.113771 21.24157
0.3480986 -0.05611866 0.6544511 0.4385495 -2.991634 20.1347
0.3554229 -0.03243701 0.6625078 0.8278623 -1.182473 19.23394
0.3839873 -0.01900928 0.6583574 1.888931 0.924397 17.66142
0.404251 -0.01046436 0.6415117 3.720993 3.016 15.31791
0.5460967 -0.01119678 0.5362871 8.774427 18.9473 17.066
0.2326201 0.2153657 0.1712968 38.71336 6.557985 1.630886
0.1999053 0.06790478 0.249666 60.78969 -25.90003 -8.25461
0.2751006 0.08865673 0.532625 47.96527 -16.1214 -9.101938
0.2096709 0.1140474 0.4606035 40.40801 -4.151939 -10.0256
0.1991729 0.08084423 0.390291 21.33931 -10.94583 -7.002703
0.2328643 0.0002778322 0.4776933 28.46908 -12.13667 -10.23934
0.2477568 -0.05587451 0.5282304 28.44618 -7.121405 -11.66683
0.2377471 -0.1015288 0.5123613 31.03397 -5.464916 -12.13247
0.2282256 -0.1344878 0.5047929 30.65993 -5.243542 -10.63629
0.1649932 -0.09469288 0.5419023 21.37748 -7.411481 -7.674458
0.2379912 -0.1779448 0.5909746 9.797329 -0.06033587 -3.117207
0.28804 -0.1474272 0.5267656 4.896565 1.855695 0.6919537
0.2599639 -0.195523 0.5336015 2.27061 1.168672 2.226305
0.2548369 -0.1930816 0.543123 3.751526 3.099969 3.378977
0.265335 -0.2079741 0.5216386 6.95 3.481649 2.539282
0.2780303 -0.2218901 0.5045488 9.469084 2.893863 2.340809
0.2887725 -0.2316558 0.5001543 9.026337 1.710656 3.233938
0.274124 -0.2301909 0.5106523 4.423282 0.8098931 5.714855
0.2797393 -0.2411772 0.5492265 -0.7522902 0.6343205 8.050733
0.2887725 -0.2460601 0.5904863 -3.584351 1.435847 10.1118
0.2941436 -0.235562 0.6322343 -5.042367 2.603786 11.23394
0.3253936 -0.2768218 0.6561601 -1.737023 5.298443 10.66142
0.3188018 -0.2829253 0.6676347 2.583588 7.229741 10.69959
0.2895049 -0.3039214 0.6954668 2.346946 10.28318 12.79119
0.3002471 -0.3131988 0.7008379 3.179007 14.64959 14.25684
0.2960967 -0.3158843 0.685457 6.408015 17.58088 15.67669
0.7050323 -0.4511382 1.179842 211.7515 -142.0909 215.9515
0.2240752 0.1684907 1.737215 132.5836 167.703 112.0736
0.2209014 0.1716645 1.712801 122.3088 176.9244 108.6996
0.2226104 0.1704438 1.690828 115.9958 185.2374 104.6233
0.2235869 0.1716645 1.65201 112.1332 192.5961 99.69196
0.2399443 0.1704438 1.604402 108.6447 199.3595 95.27974
0.2475127 0.1836274 1.570223 106.9424 206.1534 89.75302
0.2426299 0.1887544 1.527498 106.9805 212.1534 83.66905
0.2404326 0.2283052 1.486238 106.6218 218.0084 76.10417
0.2025908 0.2265962 1.445711 103.3851 222.6343 70.2263
0.1886748 0.2326997 1.405672 106.6523 226.5275 63.1576
0.1757354 0.3254731 1.404939 103.0874 229.1839 57.96677
0.1754912 0.1611665 1.364412 115.3164 239.1687 46.9286
0.1674346 0.2102388 1.260896 117.1943 240.3137 38.40188
0.1605986 0.2190278 1.199617 115.866 239.3748 32.28738
0.18721 0.196811 1.160799 115.0263 243.6878 24.41714
0.1867217 0.1745942 1.120027 114.3851 246.2832 17.88279
0.1825713 0.1787446 1.060213 112.2401 246.8175 10.87516
0.1842803 0.1728853 1.009676 107.805 247.9397 5.165236
0.1828154 0.1670259 0.9818438 106.6752 247.9397 -1.575222
0.1825713 0.1465181 0.9879473 103.2248 247.9397 -7.74316
0.0534209 0.2793305 0.9845293 92.23244 247.9397 -9.956902
0.1515654 0.1196626 0.7853105 84.15611 247.9397 -13.37675
0.171585 0.08572704 0.777498 77.31641 247.9397 -19.34621
0.1505889 -0.007046387 0.7438066 69.49199 247.9397 -22.36148
0.1244658 0.001986817 0.6800859 62.25534 247.9397 -24.72789
0.1049346 -0.008999512 0.6478593 56.23244 247.9397 -26.47598
0.09297169 -0.01412647 0.6205156 50.98053 247.9397 -27.79659
0.06709278 0.008578613 0.5904863 45.31641 247.9397 -29.90347
0.06050098 -0.0002104491 0.5641191 39.30114 247.9397 -32.20881
0.04804981 -0.0006987304 0.5357988 35.07214 247.9397 -35.16301
0.05439746 0.004916504 0.5233476 31.22481 247.9397 -38.07904
0.07173145 0.00345166 0.4916093 28.14084 247.9397 -41.9111
0.07881153 -0.005337402 0.4720781 26.41565 247.9397 -45.88057
0.08930958 -0.00460498 0.447664 25.82023 247.0542 -49.75079
0.09443653 -0.03487842 0.4588945 30.0874 245.3977 -55.38438
0.08271778 -0.02975146 0.447664 32.0645 242.9244 -60.56759
0.07539356 -0.0456206 0.4330156 36.33168 240.2297 -66.59049
0.07905567 -0.05514209 0.4171464 40.49962 239.5122 -72.49126
0.08857716 -0.0563628 0.369539 41.01107 237.6649 -77.71263
0.09931934 -0.05416553 0.3253496 39.36221 234.6649 -82.14774
0.1059111 -0.06344287 0.2889726 35.72863 231.5656 -85.7737
0.1098174 -0.096646 0.2616289 33.96527 228.6649 -89.61339
0.1208037 -0.1154448 0.2399004 32.05687 225.0236 -92.8195
0.1132354 -0.1200835 0.2093828 29.82023 220.9855 -95.8653
0.1166533 -0.1518218 0.2103593 29.51489 217.9244 -99.57523
0.1266631 -0.1567046 0.2020586 29.70572 214.4206 -103.5905
0.1225127 -0.1635405 0.1932695 30.70572 210.619 -107.621
0.1227568 -0.1896636 0.1883867 32.45382 207.0236 -111.9187
0.1112822 -0.204312 0.1766679 32.33931 203.558 -115.8195
0.1105498 -0.2255522 0.1644609 30.16374 199.7488 -118.6516
0.1239775 -0.2472808 0.1512773 27.14084 196.2984 -121.6745
0.1271514 -0.271939 0.1412675 23.23244 193.4435 -123.7432
0.135208 -0.2812163 0.1295488 17.20954 191.2984 -125.1325
0.147415 -0.3254058 0.07705855 -4.607252 181.5961 -126.6668
0.1496123 -0.3200347 0.07510543 -12.26374 178.4969 -126.8882
0.1476592 -0.3156402 0.07876754 -17.9126 175.2374 -127.9645
0.1378936 -0.3446929 0.09097457 -20.12634 172.5732 -129.9569
0.136917 -0.3549468 0.0887773 -21.52328 169.0313 -132.018
0.1564482 -0.3581206 0.0797441 -21.88206 165.5504 -133.7737
0.1857451 -0.3581206 0.06826949 -23.1416 162.3748 -135.9187
0.2069854 -0.3573882 0.07217574 -24.69885 159.2984 -138.2546
0.234085 -0.3722808 0.06509566 -26.65305 156.1229 -139.9493
0.2519072 -0.3703277 0.06460738 -29.0958 152.5809 -141.1172
0.2638701 -0.3590972 0.07022262 -33.23321 149.7183 -142.1248
0.2824248 -0.3547027 0.08072066 -37.43931 146.871 -143.4454
0.3073272 -0.353482 0.09073043 -41.63015 144.2374 -144.2241
0.3307647 -0.3625152 0.09903121 -43.12634 141.4511 -145.6897
0.3554229 -0.3742339 0.1183183 -43.74466 139.1839 -147.3539
0.3888701 -0.3781402 0.1417558 -41.63779 136.6267 -150.0332
0.423294 -0.3722808 0.1678789 -39.17214 135.6496 -152.8958
0.4345244 -0.3859527 0.1783769 -35.84389 134.7641 -156.3386
0.4330596 -0.3861968 0.1795976 -34.19504 134.4893 -159.1477
0.4330596 -0.4020659 0.1808183 -33.58435 134.161 -161.9493
0.4425811 -0.4076812 0.1808183 -33.58435 133.7336 -163.9722
0.4596709 -0.4203765 0.1656816 -34.67595 134.0923 -166.5752
0.4733428 -0.4313628 0.1476152 -36.92023 134.6038 -168.8729
0.4877471 -0.4450347 0.11783 -38.54618 134.1916 -170.9645
0.4967803 -0.5111968 0.1026933 -39.01183 133.2984 -172.9035
0.4982451 -0.563687 0.07632613 -40.10344 132.0084 -173.1859
0.511917 -0.5998199 0.06070113 -38.45458 130.3442 -174.9035
0.5075225 -0.6269195 0.04678512 -38.98893 128.9397 -175.2546
0.5121612 -0.6774566 0.03994918 -39.16451 126.5504 -175.6668
0.5082549 -0.7040679 0.03262496 -40.24084 124.1839 -175.1706
0.511917 -0.7480132 0.0328691 -42.12634 122.6878 -173.8271
0.5048369 -0.7726714 0.0316484 -46.12634 121.1152 -171.6134
0.5006866 -0.7992827 0.02285933 -51.08817 119.4053 -168.7584
0.4882354 -0.8529937 0.0262773 -55.9355 117.9778 -165.4302
0.4679717 -0.9193999 0.02823043 -57.28664 116.3366 -162.0485
0.4496612 -0.9411284 0.01968551 -58.94313 114.3519 -158.2928
0.2301787 -0.1195952 0.3829668 25.61412 3.710657 5.562183
0.2663115 -0.1825835 0.3915117 -7.53855 -1.930565 8.814092
0.2682647 -0.1816069 0.4098222 -11.08817 -1.129038 9.249207
0.3996123 -0.2138335 0.3895586 -10.24847 1.50455 9.821725
0.3507842 -0.1742827 0.3380449 -0.1950383 -4.449649 8.928596
0.291458 -0.1545073 0.3614824 -2.011832 -4.930565 8.569817
0.2335967 -0.1525542 0.4051836 -6.576718 -3.587053 9.058367
0.2055205 -0.162564 0.4086015 -12.63779 -3.602321 10.75302
0.1833037 -0.1742827 0.4098222 -15.51565 -4.754992 10.90569
0.1723174 -0.193814 0.4161699 -17.17977 -5.289344 10.88279
