0.3947295 -0.1454741 0.5814531 -14.63779 2.756458 15.84463
0.3942412 -0.1650054 0.5626543 -17.65305 4.71829 16.31027
0.3756865 -0.1874663 0.5404375 -19.01183 6.80226 16.58508
0.3681182 -0.202603 0.5055254 -19.36298 8.374779 17.1347
0.3644561 -0.2062651 0.4894121 -19.9813 9.748825 17.33318
0.3498076 -0.2131011 0.4630449 -19.71412 10.78699 17.54692
0.3356475 -0.211148 0.4335039 -20.47748 11.62669 17.93623
0.3234404 -0.2209136 0.376375 -20.04237 12.05417 17.92096
0.3129424 -0.2304351 0.3544023 -20.1874 11.32898 18.44005
0.3124541 -0.2272612 0.3150957 -20.94313 11.35951 18.58508
0.2929229 -0.2433745 0.2845781 -21.90496 9.328978 19.77592
0.2777861 -0.2428862 0.2582109 -23.04237 7.374778 20.52402
0.279251 -0.2402007 0.2491777 -24.97366 5.237374 21.54692
0.2660674 -0.2289702 0.2337968 -28.59962 3.107603 22.34081
0.2572783 -0.2594878 0.2274492 -31.66069 0.6724885 23.09653
0.2660674 -0.27023 0.2420976 -30.56145 -1.999267 22.73012
0.261917 -0.2934234 0.2613847 -26.32481 -3.510717 22.01257
0.2499541 -0.2970855 0.2630937 -28.61489 -6.037435 24.41714
0.2514189 -0.3161284 0.2838457 -26.1874 -7.671023 25.57745
0.2516631 -0.2826812 0.2892168 -25.62252 -9.067969 26.63089
0.2650908 -0.2436187 0.2970293 -28.56908 -10.41148 27.83699
0.2670439 -0.2333647 0.3163164 -32.75993 -11.62522 28.83699
0.2643584 -0.2438628 0.3231523 -36.23321 -11.82369 30.0202
0.2763213 -0.2519195 0.3185136 -38.57672 -12.50308 31.19577
0.2729033 -0.2548491 0.3236406 -39.11107 -13.44965 32.02783
0.3083037 -0.2709624 0.3368242 -36.40878 -14.72446 31.64615
0.2907256 -0.2785308 0.3585527 -30.62252 -16.54125 31.69196
0.2719268 -0.2836577 0.3702714 -28.92786 -16.39621 31.93623
0.2621611 -0.2860991 0.3829668 -25.52328 -17.0756 32.37897
0.2453154 -0.2902495 0.3807695 -24.49275 -17.66339 33.35608
0.2443389 -0.2782866 0.3766191 -28.23321 -17.22828 36.24157
0.2458037 -0.2655913 0.3639238 -34.66832 -18.69392 40.0202
0.2404326 -0.2777984 0.3739336 -37.13397 -19.23591 41.9744
0.2440947 -0.2743804 0.3736894 -37.43931 -20.38095 43.81409
0.24971 -0.2887847 0.3890703 -33.12634 -21.8695 44.01257
0.2575225 -0.2714507 0.3985918 -28.86679 -22.80079 44.32554
0.260208 -0.2738921 0.4044511 -24.01183 -24.8466 45.24157
0.2650908 -0.2585113 0.4061601 -19.75992 -26.83896 45.51638
0.2682647 -0.2318999 0.437166 -16.87443 -28.17484 46.95913
0.2743682 -0.2001616 0.4657304 -15.06527 -29.44202 47.76066
0.2841338 -0.190396 0.4952714 -14.56145 -30.02217 48.56218
0.3012236 -0.1774565 0.5321367 -15.56145 -29.8466 49.98203
0.3329619 -0.1706206 0.5494707 -16.81336 -29.33515 51.83699
0.3290557 -0.160855 0.5890214 -16.71412 -29.64049 53.29501
0.338333 -0.138394 0.6149004 -16.66069 -28.88476 53.73775
0.3507842 -0.1061675 0.6288164 -18.19504 -27.19011 54.47058
0.3722686 -0.1359526 0.6398027 -15.85916 -24.24354 54.21104
0.34346 -0.04537646 0.6725175 -23.92023 -30.984 56.65379
0.3671416 -0.06686084 0.7254961 -20.9126 -20.71683 55.35608
0.3969268 -0.07149951 0.7189043 -22.43168 -17.83896 55.67669
0.3744658 -0.04977099 0.7066972 -19.51565 -18.86186 54.93623
0.3664092 -0.06564014 0.7430742 -13.84389 -16.28171 53.39424
0.3749541 -0.04684131 0.7711504 -7.095802 -13.03744 51.21867
0.3837432 -0.02853076 0.7765214 -2.080534 -10.61759 49.57745
0.3900908 -0.01168506 0.7721269 1.35458 -8.220641 48.11943
0.3905791 0.008090332 0.7721269 1.583588 -4.976367 47.34844
0.03242481 -0.4338042 1.516512 116.95 -51.48782 170.5546
0.2282256 0.5322602 0.7069414 14.53015 247.9397 115.1423
0.2006377 0.5124848 0.6769121 19.03397 247.9397 112.0584
0.1947783 0.505893 0.5968339 29.27825 247.9397 107.8217
0.1950225 0.5483735 0.5382402 34.45382 247.6496 104.8981
0.1708525 0.5320161 0.4557207 48.94236 243.703 100.5927
0.178665 0.6362641 0.3727129 58.04924 239.787 92.37134
0.1637725 0.6975434 0.3065507 64.10268 235.8786 84.17287
0.171585 0.7456391 0.260164 63.39275 234.2603 78.0889
0.1378936 0.743686 0.1913164 61.25534 227.7717 72.18814
0.1662139 0.7536958 0.1285722 60.9729 224.2297 65.41714
0.1603545 0.7612641 0.0785234 62.11794 219.5656 58.07363
0.1303252 0.7851899 0.02725387 60.57595 214.245 51.0889
0.1076201 0.7712739 0.006257772 55.76679 208.3595 44.47821
0.09150684 0.7273286 -0.005949259 50.74389 202.2832 38.91333
0.09370411 0.6782563 -0.008146524 45.47672 196.9168 34.44768
0.07368457 0.6362641 -0.006193399 38.67519 191.6572 30.69196
0.09883106 0.5532563 0.1300371 13.47672 178.5275 21.76066
0.08003223 0.5227387 0.168123 6.86603 175.8786 20.16524
0.08369434 0.5054048 0.2049882 6.308778 171.8939 17.27974
0.1024932 0.4873384 0.2367265 3.186641 169.6725 15.37134
0.119583 0.459018 0.2958086 3.46145 167.9015 12.96676
0.1415557 0.4407075 0.3282793 2.84313 165.932 10.76066
0.1645049 0.4223969 0.3583086 4.621755 163.6801 8.417145
0.1894072 0.4160493 0.3929765 8.285877 162.1534 5.073633
0.2094268 0.4211762 0.4266679 12.35458 160.8633 1.348442
0.2169951 0.4199555 0.4671953 17.00344 159.9168 -2.147741
0.2277373 0.4201997 0.4881914 21.7897 159.9015 -5.682091
0.2416533 0.4180024 0.5128496 28.20191 159.703 -9.842398
0.2782744 0.4148286 0.5560625 32.89656 160.642 -13.77369
0.3083037 0.4209321 0.5751054 37.23244 162.1687 -18.01797
0.3488311 0.4170259 0.5848711 39.46145 165.1 -21.94927
0.3908232 0.4140962 0.5843828 40.32404 168.8099 -24.9569
0.4098662 0.4153169 0.5753496 39.54542 173.6725 -28.23934
0.4179229 0.413852 0.5545976 36.96527 178.8023 -31.13247
0.4208526 0.4072602 0.4999101 33.53015 183.7336 -33.87293
0.4069366 0.3911469 0.4369218 29.14084 187.9626 -35.89583
0.3996123 0.3791841 0.3917558 24.64466 191.7488 -37.71262
0.3913115 0.3503755 0.3146074 20.12557 195.1152 -39.37675
0.3854522 0.3142426 0.2367265 22.32405 195.7106 -42.91873
0.3693389 0.3174165 0.1583574 25.91947 194.5656 -46.37675
0.3854522 0.3210786 0.11783 24.43092 194.8481 -48.73553
0.3532256 0.3135102 0.07632613 21.32405 192.1687 -50.75079
0.3639678 0.288852 0.02774215 19.30878 190.8786 -53.27751
0.3529814 0.2727387 -0.001310587 20.14084 187.3061 -56.25462
0.3395537 0.2654145 -0.03573442 24.18664 183.1 -60.32332
0.3483428 0.2507661 -0.05868363 28.69809 178.0923 -64.65919
0.3427275 0.2541841 -0.07552934 31.49962 172.2984 -68.10957
0.3454131 0.2536958 -0.06820512 34.21717 165.9168 -71.42255
0.3510283 0.2571137 -0.04305863 37.15611 160.9702 -74.94164
0.3561553 0.2597993 0.004548788 39.15611 156.6267 -78.62866
0.37471 0.2597993 0.02774215 41.9271 153.8175 -82.25462
0.3866729 0.2663911 0.06924605 44.25534 150.9931 -86.19354
0.409378 0.2876313 0.09683394 43.59122 149.3061 -89.81187
0.4298858 0.2966645 0.1144121 40.62939 148.9244 -92.7966
0.4596709 0.2820161 0.1366289 38.84313 148.8099 -95.85003
0.5026397 0.2742036 0.1444414 37.46908 148.8557 -99.14774
0.5172881 0.2803071 0.1446855 38.26297 149.9778 -102.5905
0.5338897 0.2844575 0.1446855 37.78969 152.8099 -106.2851
0.5338897 0.3139985 0.1261308 38.24007 156.2832 -111.0485
0.4999541 0.3454926 0.06241012 38.179 158.6954 -116.1401
0.4796905 0.3696626 0.0184648 36.85076 159.8939 -122.2317
0.4760283 0.3767426 -0.06698442 32.68282 161.8862 -127.9493
0.4379424 0.3869966 -0.1529219 28.64466 160.1152 -133.0714
0.3080596 0.5195649 -0.2166426 8.385115 160.9549 -135.2851
0.3234404 0.4165376 -0.2598555 -2.43168 155.0313 -139.6134
0.3881377 0.3589204 -0.3116133 -6.759924 150.0694 -145.9416
0.4591826 0.2742036 -0.3470137 2.888931 146.7183 -155.8348
0.4264678 0.1640962 -0.4637129 7.179007 144.5351 -161.5218
0.3412627 0.1003755 -0.4952071 12.8584 130.6496 -168.6287
0.2802275 -0.09981983 -0.531584 8.65229 118.6267 -169.3615
0.2077178 -0.2558257 -0.5301192 -3.042367 103.4511 -159.4073
0.1725615 -0.3083159 -0.4956954 -15.25611 90.86333 -148.5523
0.2201689 -0.3573882 -0.3921797 -23.75229 80.00073 -144.2928
0.2248076 -0.4164702 -0.2996504 -30.67595 73.25264 -140.0943
0.2345732 -0.4775054 -0.2434981 -48.11107 67.77172 -124.7661
0.2912139 -0.5072906 -0.1683028 -55.11871 58.32898 -119.4607
0.3495635 -0.268521 -0.05013871 -69.1874 48.66486 -118.2164
0.416458 -0.4172027 0.1119707 -73.62252 55.70303 -113.5752
0.4694366 -0.4609038 0.1554277 -71.74465 51.48928 -112.3309
0.5146026 -0.540982 0.2264726 -55.14161 45.74119 -114.7737
0.4589385 -0.5478179 0.30533 -39.41641 45.03127 -115.2164
0.4196319 -0.5033843 0.3954179 -36.37825 44.20684 -114.5676
0.4293975 -0.5075347 0.4584062 -29.43168 46.79463 -115.1935
0.4069366 -0.5719878 0.4903886 -29.37824 49.69539 -111.9798
0.4110869 -0.6132476 0.4891679 -27.65305 52.56562 -108.4225
0.4213408 -0.6413238 0.4820879 -26.86679 53.9473 -104.0027
0.4001006 -0.6759917 0.4884355 -31.55382 56.91676 -97.36148
0.369583 -0.7394683 0.4557207 -24.14924 59.62669 -93.23934
0.390335 -0.7699859 0.4027421 -21.64542 59.45111 -87.36148
0.3734893 -0.7914702 0.3744218 -22.20267 59.09997 -79.42255
0.5629424 0.4365571 0.8158281 77.47672 114.0923 -59.01797
0.4540557 0.5285981 -0.5752852 123.3699 124.4435 -184.9569
0.4538116 0.4065278 -0.5752852 113.4844 115.0084 -192.1248
