0.2377471 -0.3305327 0.7765214 -64.89733 -14.32751 64.95913
0.261917 -0.3061187 0.8002031 -61.62252 -11.70919 64.76829
0.2751006 -0.2790191 0.8092363 -59.50038 -9.228275 64.76829
0.2765654 -0.2748687 0.8102129 -52.9584 -6.487817 62.55455
0.2819365 -0.2643706 0.7992265 -47.21794 -4.182473 60.82936
0.279251 -0.2780425 0.7945879 -41.41641 -1.518351 59.1347
0.2921904 -0.2575347 0.7816484 -38.24084 0.9167633 58.26447
0.2946318 -0.2526519 0.780916 -34.56908 3.733557 57.02783
0.2118682 -0.1952788 0.763582 -33.67595 6.672489 58.34081
0.2035674 -0.3981597 0.763582 -23.15687 10.80989 50.50111
0.3595732 -0.2272612 0.6996171 -32.17977 13.39005 56.37897
0.4047393 -0.1503569 0.654207 -35.98893 16.28317 57.60799
0.3693389 -0.1457183 0.6175859 -42.92023 18.21447 57.1805
0.3856963 -0.1318022 0.6019609 -40.55382 19.9931 55.2263
0.3644561 -0.171353 0.5741289 -28.34771 20.24501 49.40951
0.3388213 -0.0744292 0.5694902 -18.28664 20.90149 43.9973
0.3263701 -0.100064 0.5599687 -9.668321 21.40531 38.33318
0.3266143 -0.1415679 0.5492265 -0.6454201 22.42821 34.27211
0.2995147 -0.1759917 0.5350664 7.163741 24.00073 31.53928
0.2755889 -0.1620757 0.5284746 14.38511 24.39005 27.31027
0.2621611 -0.1667144 0.5077226 15.89656 24.37478 24.98203
0.2245635 -0.1947905 0.4881914 16.21718 25.18394 23.24157
0.1789092 -0.2277495 0.4796464 20.9729 25.58088 20.58508
0.1339873 -0.3627593 0.4637773 38.85076 26.52745 11.18814
0.1989287 -0.3146636 0.4176347 39.34695 26.09997 10.39424
0.1591338 -0.4740874 0.392 34.65992 26.93966 14.81409
0.133499 -0.6083648 0.3358476 22.36221 27.39768 25.79119
0.1579131 -0.5610015 0.2721269 27.98817 24.21447 28.10417
0.119583 -0.5951812 0.234041 34.59122 22.98547 28.84463
0.08027637 -0.5622222 0.1949785 20.56069 21.74882 37.81409
0.1007842 -0.501187 0.1700761 13.60649 19.02363 41.24157
0.09272755 -0.5121734 0.1590898 4.385114 16.89386 45.89043
0.07148731 -0.4892241 0.1322343 1.751526 13.96256 49.24921
0.05830371 -0.4508941 0.1173418 -2.187405 10.21447 52.73012
0.07832325 -0.4237945 0.1161211 -1.523283 6.50455 53.65379
0.116165 -0.3903472 0.1144121 1.179007 2.954931 52.94386
0.1596221 -0.3637359 0.1085527 4.598855 -1.464916 52.80646
0.1344756 -0.3820464 0.1622636 8.35458 -4.739725 52.0889
0.1210479 -0.3637359 0.1676347 14.09504 -7.602321 51.52402
0.1437529 -0.3290679 0.2079179 17.78206 -9.587053 50.76066
0.859085 -0.7260406 0.9649981 184.0111 -217.8848 240.9668
0.3915557 -0.06197803 1.75284 183.3469 -127.4725 215.4553
0.3512725 -0.01119678 1.76993 172.3698 -119.2893 221.5927
0.3410186 0.03811963 1.810213 173.4233 -106.7168 220.15
0.2904815 0.1389497 1.838533 171.9576 -97.52599 218.7607
0.2848662 0.2265962 1.836336 173.3698 -86.88477 213.4324
0.2797393 0.2834809 1.843416 169.2477 -76.77026 209.4324
0.2609404 0.2876313 1.834383 163.7973 -66.36568 206.5316
0.2594756 0.3115571 1.83951 158.3393 -56.38858 204.0584
0.2484893 0.3301118 1.859773 157.7363 -46.10614 200.3255
0.2521514 0.3818696 1.848787 148.6905 -36.90766 197.1423
0.2460479 0.497104 1.848299 131.3927 -24.80079 198.6003
0.2182158 0.4648774 1.839266 120.9958 -13.0985 192.6309
0.1747588 0.4892915 1.829012 106.6981 -5.38858 191.9515
0.1527861 0.4326509 1.828279 105.4538 2.519817 186.8828
0.1417998 0.4475434 1.855623 95.11031 13.48928 183.6385
0.09248341 0.3806489 1.859773 89.33932 24.93966 180.6385
0.1300811 0.446811 1.852205 78.37748 35.73356 180.4782
0.04023731 0.3428071 1.810213 77.53015 44.8786 177.3484
0.03681934 0.3281587 1.783357 76.40038 52.39005 173.8752
-0.03398144 0.2029145 1.793367 80.55305 57.72593 172.2263
0.000198245 0.2641938 1.827059 87.24008 67.43584 168.4324
-0.0493623 0.2134126 1.819979 91.87366 77.64958 165.3942
-0.02128613 0.2441743 1.76993 105.2935 86.39767 158.7072
-0.1082002 0.1538423 1.744051 120.3317 95.88622 153.5393
-0.1306611 0.1594575 1.737459 149.263 100.9855 144.8752
-0.1250459 0.205356 1.720613 164.1943 108.1152 139.3408
-0.1289521 0.1904634 1.633699 179.7821 117.7107 132.1271
-0.06327832 0.2243989 1.539705 183.9271 127.0313 127.2797
-0.05180371 0.2444185 1.448885 185.2935 129.7106 125.6691
-0.06181347 0.2214692 1.411775 190.9118 135.4511 121.5622
-0.05961621 0.2986176 1.354158 190.1561 142.1916 116.837
-0.140915 0.3181489 1.306795 198.4767 138.329 113.8675
-0.1914521 0.4111665 1.287752 192.8737 145.8328 110.1729
-0.1936494 0.3525727 1.141268 173.2095 152.0923 114.0202
-0.1623994 0.3813813 1.02408 171.1332 151.8252 98.53165
-0.1855928 0.2114595 1.046053 169.4156 142.7183 98.70722
-0.1160127 0.3032563 1.112459 159.0798 147.4816 103.2416
-0.06474316 0.3579438 1.131746 149.2324 150.474 101.5851
-0.03154004 0.3457368 1.124422 140.2248 151.0771 100.3332
-0.05448925 0.2986176 1.166902 142.4309 154.6496 94.47821
-0.05302441 0.3015473 1.195223 141.4156 157.474 93.85226
-0.06279004 0.3098481 1.201326 141.1561 159.9397 91.73775
-0.0559541 0.3139985 1.214754 137.8279 164.016 90.0202
-0.04862988 0.3127778 1.20865 134.7286 167.9626 88.85989
-0.03959668 0.318393 1.210848 130.263 172.5732 88.21867
-0.02812207 0.3122895 1.215975 126.8126 178.2374 87.56218
-0.01200879 0.3511079 1.188387 126.2248 184.1076 86.17287
-0.01347363 0.3437837 1.174715 121.408 189.0465 84.63088
-0.03691113 0.3308442 1.144197 116.6294 195.2984 83.40188
-0.05815136 0.3196137 1.099031 112.8126 201.0389 82.43241
-0.06547558 0.3000825 1.036043 108.8508 205.5122 81.72249
-0.06547558 0.2978852 0.9698809 104.4309 209.7106 81.21867
-0.06279004 0.304477 0.921541 98.16374 212.642 80.90569
-0.03105175 0.3254731 0.8761309 93.9042 215.161 80.37897
-0.02177441 0.3608735 0.8368242 90.15611 216.8939 78.47058
-0.01176465 0.4038423 0.8199785 83.14084 218.9015 77.05074
-0.001999021 0.4216645 0.8036211 73.84313 221.0847 75.89043
-0.002731442 0.4309419 0.803377 67.41565 222.4053 74.1576
0.0004423857 0.4350923 0.8099688 63.69809 225.0694 72.66142
0.01679981 0.4665864 0.7940996 61.57595 226.016 70.55455
0.02387989 0.4665864 0.7831132 63.83549 227.0694 67.82172
0.04585254 0.4900239 0.7506425 68.8584 227.9473 63.90569
0.04878223 0.5483735 0.730623 76.40802 227.9244 58.43241
0.0390166 0.5659516 0.7135332 82.82023 228.0618 51.89806
0.03633106 0.5647309 0.668123 87.50726 228.0771 46.73012
0.02021778 0.5608247 0.6197832 91.40802 226.4435 41.24157
0.07246387 0.5774262 0.5848711 95.91946 224.642 36.58508
0.09541309 0.5762055 0.5763261 102.8813 222.4664 30.9286
0.04267871 0.6023286 0.5690019 110.0263 219.1916 23.05837
0.1359404 0.6133149 0.5858476 119.4462 219.4435 14.34844
0.1662139 0.5989106 0.5597246 132.8431 216.3824 4.211039
0.1864775 0.6142915 0.5797441 140.637 214.1534 -5.506519
0.2177275 0.5962251 0.5924394 143.0263 215.5427 -12.92637
0.2890166 0.5766938 0.5792558 143.1485 214.8404 -19.8195
0.3239287 0.576938 0.5616777 143.9347 214.3442 -26.934
0.3664092 0.5813325 0.5731523 143.0263 216.5504 -33.61339
0.4015655 0.6218598 0.5428789 139.7057 219.5732 -39.59049
0.3932647 0.6741059 0.5069902 131.4462 222.9397 -45.71263
0.3671416 0.6931489 0.4547441 118.9653 227.5656 -50.30042
0.3305205 0.712436 0.3893144 105.3622 232.4359 -53.85767
0.3249053 0.7300141 0.3544023 87.30878 235.7565 -56.17065
0.3009795 0.7449067 0.294832 70.14848 239.5198 -58.56759
0.2834014 0.7073091 0.2643144 58.1103 242.871 -62.7966
0.2611846 0.6477387 0.1937578 48.34695 245.5427 -66.17065
0.2267607 0.592563 0.1087968 39.8126 242.9015 -70.01797
0.2226104 -0.1569487 0.4432695 -1.141603 7.580885 23.54692
0.1828154 -0.1674468 0.3915117 -10.52328 -1.533618 21.77592
0.1857451 -0.1772124 0.3883379 -11.03473 -2.632855 21.0889
0.1864775 -0.1823394 0.3917558 -11.68359 -3.57942 20.72249
0.1906279 -0.1925933 0.4071367 -11.64542 -4.587053 20.17287
0.1928252 -0.2055327 0.4217851 -11.64542 -5.151939 19.78356
0.2021025 -0.2162749 0.4391191 -11.14924 -5.976367 19.43241
0.2008818 -0.2201812 0.4613359 -11.45458 -6.006901 19.12707
0.2069854 -0.2323882 0.4813554 -11.45458 -5.976367 19.24157
0.2069854 -0.2394683 0.5069902 -11.05 -5.816061 19.40188
0.216751 -0.2448394 0.5184648 -10.71412 -5.342779 19.31791
0.2091826 -0.240689 0.5394609 -10.06527 -4.823695 19.24921
0.2138213 -0.2428862 0.5543535 -9.64542 -3.831328 19.36371
0.2165068 -0.2358062 0.5653398 -9.088168 -2.930565 19.44768
0.2172393 -0.2323882 0.5685136 -8.301908 -1.892397 19.21867
0.2172393 -0.2336089 0.5802324 -7.614886 -0.8236947 19.26447
0.2160186 -0.2279937 0.5736406 -6.904962 0.03890085 19.16524
0.2165068 -0.2272612 0.5609453 -6.133969 1.222107 18.64615
0.2191924 -0.2240874 0.5719316 -5.164504 1.901496 18.67669
0.2177275 -0.2177397 0.5614336 -4.889695 3.077069 18.46295
0.2169951 -0.2209136 0.563875 -5.05 4.176305 18.29501
0.2123564 -0.2196929 0.5492265 -4.866794 5.245008 18.066
0.2096709 -0.2218901 0.5235918 -4.485115 5.474015 17.62325
0.2108916 -0.2226226 0.5138261 -4.095801 5.916764 17.88279
