0.4245147 0.5564301 0.8873613 3.507252 1.382412 20.50111
0.4242705 0.5556977 0.8890703 2.148473 1.390046 20.31791
0.4193877 0.5539887 0.8844316 0.4614501 1.557985 20.73775
0.4213408 0.5393403 0.8753984 -1.13397 1.580885 20.78356
0.4306182 0.5679048 0.8800371 -4.0271 0.8480611 21.19577
0.4403838 0.5586274 0.8905352 -4.446947 1.573252 20.62325
0.4333037 0.5483735 0.881502 -6.988932 1.458748 21.35608
0.4416045 0.545688 0.8863848 -7.439313 1.412946 21.39425
0.4433135 0.5513032 0.8893145 -8.798092 1.443481 21.58508
0.4445342 0.5644868 0.9029863 -10.60725 1.756458 21.49348
0.4525908 0.5661958 0.9073809 -12.29428 1.649588 21.9744
0.4472198 0.5639985 0.8976152 -14.32481 1.993099 22.18814
0.4555205 0.5627778 0.8951738 -16.15687 2.12287 22.48585
0.4560088 0.5864594 0.9117754 -19.48512 2.794626 23.1576
0.4606475 0.5930512 0.9046953 -20.11107 2.649588 22.82936
0.4452666 0.5813325 0.9256914 -22.29428 2.901496 22.85989
0.4462432 0.5889009 0.9247149 -22.78283 3.435847 22.72249
0.4469756 0.5852387 0.9357012 -22.69122 4.12287 22.43241
0.4430694 0.5910981 0.9293535 -20.80573 4.557985 21.37898
0.4352569 0.5854829 0.9342363 -18.92023 4.779359 20.43241
0.4359893 0.5759614 0.9308184 -16.14924 5.245008 19.42478
0.447708 0.5766938 0.9320391 -13.29428 5.649588 18.40188
0.4486846 0.5715669 0.9325274 -10.99656 5.901496 17.56982
0.4513701 0.5766938 0.9173906 -8.981297 6.252641 17.01257
0.4501494 0.5669282 0.9169024 -7.462214 6.390046 16.9744
0.4472198 0.5674165 0.9176348 -5.775191 7.008366 16.21104
0.4413604 0.5659516 0.9151934 -4.56145 6.962565 15.79882
0.4342803 0.5635102 0.9046953 -4.0271 6.9931 15.93623
0.4269561 0.554477 0.9051836 -4.103436 7.214473 16.1347
0.4272002 0.5556977 0.9064043 -4.614885 7.39768 16.34844
0.4235381 0.54227 0.9120195 -4.744657 7.275542 16.44768
0.4218291 0.5381196 0.9056719 -5.217939 7.367145 16.79882
0.4201201 0.5327485 0.9125078 -5.469848 7.519817 17.10417
0.4225616 0.5268891 0.9149492 -4.950764 7.267909 17.36371
0.4208526 0.5261567 0.8922441 -4.714122 7.367145 17.72249
0.4206084 0.5207856 0.904207 -4.393512 7.458748 18.10417
0.4223174 0.5163911 0.9000566 -4.378244 7.39768 18.39425
0.4218291 0.5083344 0.8990801 -4.019465 7.298442 18.86753
0.4220733 0.5012544 0.9066484 -3.439313 6.596153 19.23394
0.4196319 0.5063813 0.8978594 -3.13397 6.764092 19.82936
0.4225616 0.4961274 0.892 -2.576718 6.191573 20.14997
0.418167 0.495395 0.8993242 -2.56145 6.054168 20.67669
0.4149932 0.5044282 0.8871172 -4.210305 5.481649 21.69195
0.4174346 0.5102876 0.9022539 -5.065268 5.374779 21.9744
0.4135283 0.5163911 0.9029863 -6.973664 5.138137 22.75302
0.4228057 0.5281098 0.9005449 -7.729389 5.077069 22.9973
0.4137725 0.5237153 0.8961504 -8.0271 4.878595 23.24921
0.4237823 0.5332368 0.8895586 -8.126336 4.405313 23.58508
0.425003 0.5403169 0.8907793 -6.981298 4.000733 23.21104
0.4335479 0.5383637 0.8827227 -5.256107 3.832794 22.56218
0.4308623 0.5386079 0.8841875 -3.675954 3.351878 22.36371
0.4306182 0.5495942 0.8827227 -2.515649 2.764091 21.98966
0.4333037 0.5498384 0.8846758 -1.790458 2.695389 21.73012
0.4394073 0.561313 0.8863848 -1.263741 2.222107 21.27974
0.4306182 0.5647309 0.8854082 -1.088168 1.855695 21.18814
0.4469756 0.5637544 0.8756426 -0.9889317 1.580885 20.94386
0.4445342 0.5710786 0.8670977 -0.9889317 0.6343205 21.0889
0.4474639 0.5688813 0.8753984 -0.9507637 0.7488244 20.84463
0.4540557 0.5703462 0.8732012 -0.01183224 0.3366108 20.56982
0.452835 0.5637544 0.8678301 0.4309158 0.1763053 20.40188
0.4064483 0.6438325 1.101961 9.201908 -4.785527 7.333176
0.3688506 0.6167329 1.069002 40.0874 -11.88476 5.539283
0.3722686 0.6184419 1.068514 39.75916 -12.03744 6.149969
0.3756865 0.6179536 1.06534 39.50725 -12.12904 6.615619
0.3751982 0.6194184 1.069734 39.88129 -12.22064 6.951496
0.3837432 0.6206391 1.055574 40.78206 -12.33515 7.241572
0.3971709 0.6218598 1.050936 41.59885 -12.43438 7.325542
0.4027862 0.630893 1.04825 42.69046 -12.41912 7.409512
0.4174346 0.6269868 1.032625 43.65992 -11.9382 7.607985
0.4206084 0.6252778 1.025789 45.36221 -12.02217 7.844626
0.425003 0.6304048 1.004793 47.30878 -11.9382 7.638519
0.4147491 0.6313813 0.9999102 48.49198 -12.0298 8.127069
0.4018096 0.630893 0.9889238 49.11794 -11.88476 8.149969
0.4015655 0.6208833 0.98575 48.9271 -12.13667 8.188137
0.3769072 0.6240571 0.9920977 48.43855 -12.87713 8.920961
0.3622588 0.6240571 0.9972246 46.17137 -12.93056 9.432412
0.3473662 0.6252778 1.009432 42.57595 -13.22064 9.974397
0.3361357 0.6157563 1.01993 38.25534 -13.38858 10.61562
0.3339385 0.6155122 1.033113 33.69809 -13.65576 11.47058
0.3297881 0.6142915 1.025545 29.65229 -14.25881 12.14234
0.3405303 0.6123384 1.026521 25.46145 -14.8924 13.02783
0.3456572 0.6101411 1.028963 21.20954 -14.9382 13.63089
0.3644561 0.608188 1.031648 17.79733 -15.11377 14.47058
0.3781279 0.608188 1.024812 15.25534 -15.09087 14.69959
0.3930205 0.6150239 1.011873 13.56069 -14.75499 15.24157
0.3998565 0.6194184 1.001131 12.84313 -14.49545 15.41714
0.4044951 0.6057466 0.9955156 11.32405 -14.15957 16.21867
0.3930205 0.5954926 1.011873 11.10267 -14.25117 16.40188
0.3959502 0.5886567 1.029207 10.10267 -13.39621 16.83699
0.392044 0.5920747 1.030428 6.385114 -11.67866 17.9286
0.392044 0.5854829 1.049227 -0.1339698 -10.54889 19.88279
0.3898467 0.5884126 1.053133 -7.683588 -8.9611 21.50875
0.4052276 0.5886567 1.05533 -15.63779 -7.228275 23.89043
0.4184112 0.5793794 1.065828 -21.30191 -5.335145 25.12707
0.4237823 0.5757173 1.077547 -27.40878 -3.678657 26.9515
0.4281768 0.5793794 1.08365 -30.75229 -1.762626 28.05837
0.4362334 0.5691255 1.102205 -33.78283 0.02363348 29.16524
0.4311065 0.5786469 1.11783 -35.27901 2.038901 29.60035
0.4340362 0.5889009 1.124666 -36.88206 4.008367 30.17287
0.43721 0.6025727 1.145174 -39.85916 6.046534 31.14234
0.4330596 0.6338227 1.147859 -47.72176 13.42058 33.73012
0.4379424 0.6572602 1.142977 -50.15687 15.8786 33.9286
0.4660186 0.6850923 1.125643 -56.45458 17.37478 35.84463
0.4743194 0.6750825 1.130769 -69.93549 19.31371 39.29501
0.4728545 0.6567719 1.118807 -71.76756 21.38241 39.82936
0.465042 0.6401704 1.100008 -71.90496 23.42058 40.05074
0.4594268 0.6506684 1.068514 -68.81336 24.21447 39.28738
0.4423369 0.6677583 1.046785 -65.95076 25.14577 38.0889
0.4362334 0.6758149 1.045564 -68.72176 25.71829 38.37897
0.4281768 0.6865571 1.030672 -74.40878 26.80989 39.37135
0.432083 0.7004731 1.032137 -80.85916 27.42058 40.34844
0.4296416 0.69852 1.041658 -88.0042 28.09233 41.35608
0.4376983 0.710727 1.037264 -93.26374 28.49692 41.77592
0.4501494 0.7185395 1.054598 -99.10343 29.0847 42.42478
0.4538116 0.726352 1.05118 -103.2027 29.37478 42.42478
0.4589385 0.7170747 1.070711 -103.9355 29.57325 41.34081
0.4626006 0.7192719 1.081697 -103.5614 30.05417 40.41714
0.454544 0.7253755 1.085359 -103.3553 30.38241 38.95913
0.4462432 0.7283051 1.074617 -103.1645 30.1076 37.65379
0.4386748 0.7214692 1.092684 -103.1111 29.39005 36.34844
0.4347686 0.7322114 1.097078 -103.5156 29.44348 35.36371
0.4113311 0.7361176 1.115877 -103.592 29.93966 35.74539
0.4438018 0.726352 1.089998 -105.0042 28.71829 34.63852
0.416458 0.7720063 1.115633 -101.6531 28.70302 31.38661
0.4040069 0.741977 1.117586 -105.0424 29.19921 30.93623
0.4140166 0.7478364 1.109773 -104.7599 28.35188 30.14997
0.4123076 0.7458833 1.11368 -106.4393 28.27554 29.40188
0.4171905 0.7568696 1.125398 -108.195 28.16867 28.37898
0.4196319 0.7392915 1.123445 -109.5767 28.00073 27.75302
0.4264678 0.7422212 1.119295 -110.1798 27.61905 26.81409
0.4201201 0.7363618 1.11783 -110.1416 27.04653 26.0889
0.4196319 0.7348969 1.147371 -108.1416 26.17631 24.84463
0.432083 0.743686 1.135896 -105.0958 25.93966 23.27974
0.421585 0.7505219 1.131258 -102.7599 25.23737 22.08127
0.4284209 0.7549165 1.131014 -99.43931 24.1305 20.84463
0.4374541 0.7617524 1.129061 -97.96603 23.32898 20.28737
0.4489287 0.7744477 1.122469 -96.14923 22.35188 19.14997
0.4542998 0.7700532 1.141756 -94.0729 21.14577 18.07363
0.4530791 0.7681001 1.146883 -90.56908 20.89386 16.60798
0.4521026 0.7585786 1.158357 -87.01946 20.06944 15.29501
0.4499053 0.743686 1.150789 -82.31718 18.84806 13.58508
0.4440459 0.7336762 1.160555 -77.95076 18.00837 12.21867
0.449417 0.7226899 1.16324 -75.05 17.35951 11.17287
0.4413604 0.7131684 1.162264 -73.27137 16.58088 10.53165
0.449417 0.7051118 1.165193 -72.95076 15.42058 10.41714
0.4557647 0.6943696 1.16617 -74.20267 15.22211 10.30264
0.4711455 0.6889985 1.185457 -75.93549 14.97783 10.47058
0.4706573 0.6753266 1.18448 -77.36298 14.18394 11.27211
0.4735869 0.6714204 1.201082 -77.37061 14.13814 11.47058
0.4772491 0.6687348 1.230867 -75.79046 13.59615 11.0889
