-0.6667246 0.3851792 1.529169 -4.727664 10.44412 -20.99075
-0.6664805 0.3959214 1.529657 -4.193313 11.8029 -21.85334
-0.6745371 0.403978 1.509394 -5.010107 13.64259 -22.85334
-0.693336 0.4110581 1.512079 -5.796367 14.78 -23.5938
-0.7009043 0.3890854 1.473017 -3.246748 15.65786 -25.94495
-0.7135996 0.3707749 1.448603 -2.10171 15.58916 -27.38006
-0.7299571 0.3373276 1.415888 -1.262015 16.27618 -28.68541
-0.7260508 0.3180405 1.389032 -1.414687 15.35252 -28.78464
-0.7375254 0.2968003 1.388788 -2.521557 15.07008 -28.36479
-0.7289805 0.2706772 1.363642 -3.903237 14.11588 -27.74647
-0.7243418 0.2550522 1.365595 -5.979573 13.6884 -26.23502
-0.7311778 0.2367417 1.369745 -8.903236 13.26092 -24.46403
-0.7358164 0.2274643 1.378046 -11.17805 13.03191 -23.31136
-0.7526621 0.2052475 1.382685 -12.12461 12.65023 -21.80754
-0.7511973 0.1979233 1.395136 -12.17805 11.83344 -20.89915
-0.754127 0.1935288 1.406855 -11.21621 11.56626 -20.03655
-0.7443614 0.1932847 1.414179 -9.712397 11.61969 -19.86861
-0.7360606 0.1949936 1.41955 -6.658962 11.11588 -20.16632
-0.7255625 0.2050034 1.432001 -3.582626 11.30672 -20.99838
-0.7189707 0.2191636 1.457148 -0.361252 11.55099 -21.83808
-0.7189707 0.2438218 1.455927 2.257069 12.45175 -23.51747
-0.7140879 0.2689682 1.45788 4.79142 13.54336 -24.96785
-0.7223887 0.2821518 1.445673 6.997527 14.36015 -26.48693
-0.7013926 0.2833725 1.41662 8.783787 15.35252 -28.28846
-0.7216563 0.2899643 1.398798 10.82195 15.6884 -29.5938
-0.7411875 0.2880112 1.353144 11.06623 16.95557 -31.10525
-0.7426524 0.2877671 1.3258 9.997526 15.9403 -31.18922
-0.736793 0.2740952 1.28039 7.386839 16.35252 -31.44876
-0.7475352 0.2562729 1.259394 4.264702 15.56626 -30.82281
-0.7477793 0.2311265 1.226923 1.585313 15.8258 -29.88388
-0.7497324 0.2306382 1.220087 -1.819267 15.65786 -28.92205
-0.7751231 0.2301499 1.193964 -4.628428 12.17695 -28.76937
-0.769752 0.1905991 1.199579 -6.445222 8.405954 -29.38006
-0.7719492 0.1583725 1.150995 -7.50629 3.115878 -28.60143
-0.783668 0.1896225 1.15246 -11.56736 7.818168 -25.49457
-0.8019785 0.1952378 1.166132 -14.6895 3.009007 -23.47166
-0.7704844 0.1283432 1.188105 -15.01011 3.413588 -21.98311
-0.7997813 0.1410386 1.215448 -13.58263 -2.372672 -20.36479
-0.7555918 0.1627671 1.237665 -12.50629 -2.525344 -21.47166
-0.7736582 0.1769272 1.262323 -11.56736 -4.456641 -21.92205
-0.7533946 0.1857163 1.283075 -10.07881 -6.059695 -21.96785
-0.7409434 0.2030503 1.308466 -8.987206 -6.60168 -22.83044
-0.7372813 0.2208725 1.327021 -7.475756 -7.052061 -24.12815
-0.7292246 0.2228257 1.348017 -5.941405 -7.616947 -25.71594
-0.7248301 0.2123276 1.349481 -4.376519 -8.1971 -26.85334
-0.7248301 0.2057358 1.355829 -2.223847 -8.395573 -28.32663
-0.7250742 0.2169663 1.358759 0.3105038 -9.372672 -29.6625
-0.7189707 0.2115952 1.349481 2.180733 -10.3574 -30.74647
-0.7106699 0.20598 1.344599 3.631114 -11.37267 -31.80754
-0.7143321 0.2037827 1.352411 4.371572 -12.09023 -32.71594
-0.7065196 0.2013413 1.368524 5.379206 -13.20473 -33.23502
-0.7133555 0.1905991 1.363886 5.928824 -13.83069 -33.54036
-0.7104258 0.1862046 1.361688 6.562412 -14.36504 -33.96021
-0.7101817 0.1644761 1.358026 7.043328 -15.25817 -34.05945
-0.7172617 0.1517807 1.348749 6.692183 -16.14367 -33.73884
-0.7082285 0.1273667 1.355097 5.913557 -16.67038 -33.07471
0.2190176 0.7308823 3.421503 -39.69713 -89.79252 61.87185
-0.40525 0.2037827 2.19079 20.15783 35.55863 -24.92968
-0.3932871 0.1957261 2.197382 22.58531 38.22275 -27.16632
-0.3937754 0.1893784 2.224726 24.86012 39.74183 -29.31899
-0.3520274 0.2191636 2.248896 27.22654 42.25328 -29.84571
-0.330543 0.2516343 2.286005 28.1044 45.41359 -31.19686
-0.299293 0.2787339 2.300653 28.97463 49.8945 -32.6625
-0.2873301 0.2906968 2.323603 29.14256 53.35252 -34.37243
-0.2804942 0.3234116 2.336298 31.94409 57.79527 -38.15868
-0.2619395 0.348314 2.359735 33.05859 62.63496 -42.10525
-0.2353281 0.3837143 2.38122 32.18073 67.92503 -44.63197
-0.2145762 0.3990952 2.385614 31.92883 72.48228 -46.95258
-0.2118906 0.4127671 2.391474 30.41738 77.60442 -49.54036
-0.198707 0.4110581 2.385614 29.93646 82.01664 -52.22739
-0.1869883 0.4012925 2.400019 29.31814 87.44412 -54.83807
-0.1862559 0.3959214 2.395136 29.69218 92.21511 -57.92204
-0.1735605 0.3929917 2.406366 29.86776 97.17694 -60.96785
-0.1330332 0.3915268 2.385614 28.2418 102.5663 -63.81517
-0.1403574 0.4642807 2.405634 22.99753 107.3754 -64.03654
-0.1498789 0.4025132 2.395868 25.82195 113.2075 -70.11288
-0.1454844 0.4303452 2.417841 28.39447 118.2227 -74.33426
-0.113502 0.4164292 2.403437 29.24944 124.238 -78.03654
-0.08982031 0.4391343 2.399286 30.22654 131.2227 -83.10525
-0.06296484 0.4503647 2.381464 29.60822 137.0472 -86.31899
-0.0405039 0.4645249 2.369745 30.05096 143.2227 -90.11288
-0.02878515 0.4752671 2.379267 30.14256 149.5892 -94.00601
-0.001441404 0.466478 2.379023 31.2418 155.5586 -99.23502
0.0400625 0.4745347 2.358271 31.69982 162.093 -102.0442
0.08010157 0.4686753 2.335321 32.63111 172.0548 -109.0365
0.1037832 0.4891831 2.33288 30.73035 177.6121 -114.8075
0.1614004 0.5126205 2.304071 25.76089 183.5357 -117.4946
0.2131582 0.5167709 2.278193 19.86776 192.0777 -122.2121
0.2412344 0.5311752 2.265741 14.1502 199.7037 -125.2808
0.2744375 0.520433 2.225946 8.348672 207.7342 -128.6014
0.3210683 0.4945542 2.192743 1.524244 216.467 -133.4488
0.3205801 0.4928452 2.15954 -4.116977 225.2609 -135.0518
0.3454824 0.4720932 2.098261 -10.15514 233.8182 -135.9373
0.358666 0.4405991 2.036249 -16.08644 241.8792 -138.6625
0.3874746 0.4003159 1.962519 -22.70476 246.0243 -140.6778
0.3947988 0.3485581 1.900019 -28.49102 246.0243 -144.5785
0.4636465 0.3798081 1.853144 -35.75056 246.0243 -149.5709
0.5425039 0.3185288 1.697626 -44.55972 246.0243 -149.3343
0.4931875 0.278978 1.607782 -55.38415 246.0243 -148.4106
0.3640371 0.2401597 1.560175 -61.59026 246.0243 -146.5175
0.3491445 0.2909409 1.637323 -70.38416 246.0243 -144.5022
0.478539 0.1664292 1.628046 -81.86507 246.0243 -147.9068
0.5884023 0.1251694 1.462274 -88.033 246.0243 -139.7159
0.5781484 -0.06257472 1.461786 -74.41469 246.0243 -137.1816
0.5967031 0.0204331 1.176142 -90.59026 246.0243 -143.0824
0.714623 -0.1648696 1.286249 -83.24675 246.0243 -154.2656
0.6792226 -0.1302017 1.577265 -73.40705 246.0243 -154.5709
0.7187734 -0.1011489 1.664911 -72.19331 246.0243 -154.1511
0.8379141 -0.1604751 1.774042 -73.72003 246.0243 -157.3724
0.9021231 -0.2595962 1.822138 -64.6666 246.0243 -149.3953
1.024926 -0.2874282 1.830927 -60.8727 246.0243 -149.5709
1.095482 -0.3074478 1.885614 -55.08644 246.0243 -154.4564
1.225854 -0.2732681 1.935419 -45.7582 246.0243 -154.2656
1.273705 -0.2100357 1.948847 -35.24675 246.0243 -153.7007
1.344994 -0.1807388 1.895868 -29.06354 246.0243 -146.4564
1.426537 -0.1629165 1.807001 -25.81163 246.0243 -145.174
1.472436 -0.1226333 1.744501 -20.93377 246.0243 -146.1969
1.493676 -0.09943995 1.687616 -20.8956 246.0243 -144.7617
1.533227 -0.1026138 1.584101 -23.8727 246.0243 -141.6625
1.553246 -0.05549464 1.420038 -36.20095 246.0243 -134.5175
1.540307 0.04264989 1.336786 -55.55209 246.0243 -126.8991
1.528588 -0.02351222 1.19079 -65.43758 246.0243 -124.5327
1.553246 0.08439795 1.028437 -74.46049 246.0243 -119.1511
1.457299 -0.1123794 0.9503116 -76.44522 246.0243 -129.2274
1.385766 -0.06501612 0.8126163 -63.33835 246.0243 -103.5633
1.359643 -0.03767237 0.2559756 -63.11697 246.0243 -101.1205
1.4114 -0.2361587 -0.06165135 -48.51392 246.0243 -94.5709
1.340111 -0.1778091 -0.06165135 -45.16278 246.0243 -99.88387
1.235863 -0.06184229 -0.06165135 -73.36125 246.0243 -100.7694
1.105248 -0.01692042 -0.06165135 -73.54446 246.0243 -105.2885
0.9865957 -0.1387466 -0.06165135 -81.45285 246.0243 -106.2274
0.9040762 -0.1475357 -0.06165135 -85.23148 246.0243 -103.6625
0.6079336 -0.2605728 -0.06165135 -69.29255 246.0243 -107.0442
0.5801015 -0.2364028 -0.06165135 -59.65896 246.0243 -109.6014
0.4677969 -0.1719497 -0.06165135 -47.65133 246.0243 -111.2808
0.4758535 -0.1687759 -0.06165135 -45.93377 246.0243 -115.693
0.4372793 -0.1387466 -0.06165135 -42.40705 246.0243 -120.1282
0.3926015 -0.1062759 -0.06165135 -38.36125 246.0243 -123.4946
0.3867422 -0.1143325 -0.06165135 -35.67423 246.0243 -126.1587
0.3947988 -0.1367935 -0.06165135 -30.33835 246.0243 -127.9526
0.4206777 -0.1521743 -0.06165135 -27.29255 246.0243 -129.1511
0.4858633 -0.2163833 0.0281924 -26.42232 240.7724 -128.8839
0.5974355 -0.2842544 0.1339053 -26.18568 233.9327 -127.8228
0.7356191 -0.3491958 0.1798037 -24.7124 237.4059 -127.8686
0.8076406 -0.3574966 0.3875674 -20.9185 229.5968 -127.8915
-0.5568614 -0.4510025 1.623163 -35.49102 -35.81542 16.16956
-0.7143321 -0.3157485 1.463495 2.68455 6.031908 -11.35716
-0.738502 -0.3340591 1.45495 -0.4986564 8.009007 -10.42586
-0.7844004 -0.3728775 1.449335 -1.170412 3.390687 -5.624336
-0.7624278 -0.3970474 1.424433 -1.437588 -0.4032063 -1.006015
