0.2140654 -0.4103667 0.685457 10.45382 -6.541252 52.69196
0.4245147 0.1492036 1.098055 75.89657 78.35951 4.432413
0.438919 0.1797212 1.094148 72.91183 84.61905 -0.4225502
0.4359893 0.243686 1.080477 68.82023 89.44348 -5.788961
0.425003 0.2656587 1.075105 65.9729 94.42822 -12.65919
0.4643096 0.2847016 1.060457 64.01107 101.9855 -19.34621
0.4865264 0.2988618 1.00992 64.49199 108.8252 -26.30805
0.4938506 0.3166841 0.9576738 63.77443 113.7717 -33.04087
0.4838408 0.3418305 0.8753984 62.40038 118.5809 -39.67446
0.4552764 0.3598969 0.8126543 60.86603 122.2526 -47.43018
0.4860381 0.3467134 0.7467363 60.19427 124.8481 -54.58286
0.5070342 0.3481782 0.6461504 58.14083 129.642 -61.61339
0.4977569 0.3603852 0.5687578 56.87366 130.8252 -69.23171
0.4721221 0.3594087 0.4774492 54.94236 131.6725 -76.46835
0.478958 0.3315766 0.4034746 53.55305 132.6878 -83.49126
0.4828643 0.337436 0.2926347 51.27824 133.2603 -90.44545
0.4604033 0.3415864 0.2069414 46.60649 131.0771 -96.50652
0.4401397 0.3284028 0.1293046 40.67519 128.4511 -101.7279
0.4552764 0.2927583 0.06070113 38.24771 126.9855 -107.4149
0.4347686 0.2795747 -0.02670121 34.65229 124.0465 -115.2546
0.4171905 0.2717622 -0.1116621 31.77443 120.4129 -121.5752
0.4127959 0.2600434 -0.1573164 28.44618 116.9931 -127.8806
0.4318389 0.2639497 -0.2361739 25.36222 112.5045 -134.7584
0.3949736 0.2353853 -0.3001387 18.48435 108.6267 -140.0332
0.4015655 0.1916841 -0.3858321 14.26298 102.3213 -145.4454
0.4003448 0.156772 -0.4580977 9.728626 95.1992 -150.3386
0.4088897 0.1235688 -0.4839766 6.324046 88.0618 -154.8119
0.4135283 0.09817822 -0.5357344 2.988168 80.00836 -159.0332
0.4411162 0.07498486 -0.5716231 0.3240457 71.1305 -163.2546
0.4621123 0.03763135 -0.5752852 -1.737023 62.74883 -167.392
0.4936065 0.01663525 -0.5752852 -2.45458 53.86333 -171.5065
0.510208 0.00735791 -0.5752852 -2.439313 45.51218 -175.2317
0.5387725 0.01541455 -0.5455 -2.340076 37.016 -179.2775
0.5763701 0.02371533 -0.5076582 -1.13397 29.62669 -183.6897
0.6078643 0.04080518 -0.4546797 1.316412 22.56562 -188.3233
0.6376494 0.06009228 -0.4173262 3.682825 17.20684 -193.9187
0.6708526 0.08645947 -0.3816817 6.171374 12.09234 -200.1325
0.6908721 0.09939892 -0.3543379 8.346947 8.328978 -206.8653
0.7243194 0.1084321 -0.3533614 10.49962 4.619053 -213.4836
0.7318877 0.1028169 -0.3724043 11.56069 0.626687 -219.7966
0.7770537 0.07937939 -0.3885176 12.8813 -3.884763 -226.0561
0.8058623 0.06888134 -0.4075606 12.8584 -8.976366 -228.9951
0.8251494 0.04104932 -0.4309981 12.25534 -14.90003 -228.9951
0.8441924 0.01321728 -0.4473555 10.7897 -19.80079 -228.9951
0.8542022 -0.02145068 -0.4624922 8.698092 -25.61759 -228.9951
0.8739776 -0.03316943 -0.4705489 6.491985 -31.42675 -228.9951
0.8810576 -0.05343311 -0.4637129 4.079771 -37.0527 -228.9951
0.9154815 -0.1271636 -0.4642012 0.4003816 -42.28934 -228.9951
0.9291533 -0.2055327 -0.4624922 -2.416412 -48.25881 -228.9951
0.9496612 -0.268521 -0.44467 -4.179771 -53.40385 -228.9951
0.9845733 -0.3085601 -0.4209883 -6.133969 -59.10614 -228.9951
0.9967803 -0.3522613 -0.4043868 -7.591985 -64.25117 -228.9951
1.008987 -0.3959624 -0.3831465 -8.904962 -68.33514 -228.9951
1.011429 -0.4491851 -0.3702071 -10.0958 -72.60995 -228.9951
1.014847 -0.5309722 -0.3716719 -10.9355 -77.0069 -228.9951
1.028519 -0.5800445 -0.3626387 -11.43168 -80.8237 -228.9951
1.032425 -0.6007964 -0.3692305 -8.798092 -86.03744 -228.9951
1.03804 -0.6132476 -0.3645918 -7.889695 -91.32751 -228.9951
1.051224 -0.6449859 -0.3667891 -4.179771 -96.01453 -228.9951
1.053421 -0.6525542 -0.3523848 -0.1263361 -101.5336 -228.9951
1.04805 -0.6728179 -0.3289473 4.125573 -107.3733 -228.9951
1.044876 -0.6708648 -0.3230879 7.079771 -112.442 -228.9951
1.042923 -0.6637847 -0.2828047 7.888931 -118.6634 -228.9951
1.06514 -0.6564605 -0.2320235 5.995801 -124.8313 -228.9951
1.083206 -0.6703765 -0.154875 0.4309158 -128.7397 -228.9951
1.112503 -0.6957671 -0.04940629 -4.591985 -131.4725 -228.9951
1.119827 -0.7228667 0.01944137 -15.01947 -131.9764 -228.9951
1.165237 -0.7448394 0.103914 -26.01183 -131.5107 -227.4989
1.142776 -0.8078277 0.1883867 -36.50038 -131.381 -224.163
1.159378 -0.8927886 0.2831132 -42.79046 -130.2588 -220.018
1.139114 -0.9687163 0.3605058 -47.55382 -127.6252 -215.8195
1.168899 -1.031949 0.3961504 -46.71412 -121.7779 -211.4225
1.107864 -1.103726 0.4466875 -47.821 -118.7855 -206.0485
1.018509 -1.190396 0.5150468 -47.58435 -115.3046 -198.2012
1.020218 -1.231167 0.5682695 -50.33244 -107.1672 -190.7432
1.053421 -1.250699 0.5201738 -43.01183 -100.9535 -188.7432
0.9464873 -1.459683 0.5025957 -25.27901 -97.44202 -184.4225
0.9567412 -1.507046 0.4630449 -13.9126 -94.78553 -175.2775
0.9103545 -1.559048 0.4571855 2.194274 -92.31988 -167.5142
0.8576201 -1.573697 0.4154375 18.10267 -90.23591 -160.0103
0.8173369 -1.587369 0.3844316 31.74389 -89.06797 -152.6897
0.7433623 -1.615933 0.3424394 46.22481 -88.73209 -145.8042
0.6935576 -1.639126 0.2630937 52.75916 -89.93056 -136.2393
0.6479033 -1.668912 0.2049882 64.66756 -93.72446 -127.4454
0.6249541 -1.696499 0.1788652 72.91946 -96.56416 -116.6134
0.6137237 -1.69064 0.1561601 79.39275 -100.2893 -105.4226
0.6117705 -1.668667 0.1554277 81.93474 -102.8466 -94.7279
0.6071319 -1.68063 0.1612871 85.41565 -106.5565 -83.65919
0.7873076 -0.9980132 0.3934648 -76.88206 -30.23591 -82.27751
0.7267608 -0.9787261 0.220125 -59.57672 -43.87713 -62.03324
0.7221221 -0.9777495 0.2218339 -59.9813 -46.59468 -59.01034
0.7050323 -0.9735991 0.2093828 -59.8897 -50.35804 -55.9569
0.7206573 -0.9694488 0.2352617 -60.40115 -52.02217 -53.39201
0.7084502 -0.9743316 0.2435625 -62.04237 -54.79316 -49.85767
0.7042998 -0.9464995 0.2569902 -68.34771 -56.46492 -46.17065
0.7089385 -0.9511382 0.2538164 -78.35534 -58.69392 -41.55995
0.7157744 -0.9965484 0.2660234 -83.62252 -60.90003 -36.934
0.7257842 -1.025357 0.2938554 -85.37061 -63.15957 -33.0714
0.7489776 -1.030728 0.3150957 -86.95076 -65.45728 -28.98744
0.767044 -1.033414 0.3517168 -88.50038 -67.48782 -25.04087
0.7812041 -1.037808 0.3836992 -89.14923 -68.51072 -21.06377
0.7958526 -1.041714 0.4291093 -87.81335 -69.33514 -18.41492
0.8026885 -1.033169 0.4737871 -85.40878 -70.50309 -15.24698
0.8454131 -1.031949 0.52408 -82.08817 -70.10614 -12.12484
0.8488311 -1.007779 0.5597246 -82.0271 -70.44965 -7.285145
0.885208 -1.007779 0.6261308 -74.06526 -66.19775 -7.430183
0.8661651 -1.00729 0.6586015 -70.0271 -63.43438 -5.048504
0.8500518 -0.9853179 0.6852129 -65.84389 -61.0069 -2.827129
0.8263701 -0.9648101 0.7154863 -61.05 -57.58705 -0.5599537
0.822708 -0.9399077 0.7147539 -55.28664 -53.37331 0.8217258
0.793167 -0.9242827 0.6961992 -49.17977 -48.67102 1.562183
0.7665557 -0.9220855 0.6383379 -42.26374 -45.73209 2.348442
0.7313994 -0.9196441 0.5580156 -37.05763 -43.99163 3.798824
0.7035674 -0.9145171 0.4974687 -33.50038 -44.19011 5.87516
0.6850127 -0.9228179 0.4535234 -30.19504 -44.57942 8.386611
0.6574248 -0.9262359 0.4142168 -26.58435 -45.54125 11.50111
0.6256866 -0.9140288 0.3558671 -24.56145 -47.15957 14.61562
0.6032256 -0.8957183 0.3153398 -21.82863 -49.69392 17.40951
0.5854033 -0.8783843 0.2735918 -19.64542 -53.54125 20.60798
0.5895537 -0.8749663 0.2782304 -17.55382 -57.0298 23.77592
0.5912627 -0.862271 0.2494218 -16.68359 -60.88476 26.85226
0.6147002 -0.844937 0.2543046 -15.88969 -64.77026 30.01257
0.6803741 -0.7780425 0.3697832 -25.53092 -74.61759 41.30264
0.7025908 -0.7565581 0.4151933 -26.45458 -76.46492 43.93623
0.730667 -0.7340972 0.4855058 -27.29428 -77.12904 46.63852
0.7450713 -0.7040679 0.5262773 -27.74466 -77.11378 48.80646
0.7633819 -0.6737945 0.5897539 -28.81336 -75.88477 51.90569
0.7807158 -0.6320464 0.6258867 -21.40115 -76.68629 53.37135
0.8109893 -0.6120269 0.7206132 -29.47748 -69.12141 52.00493
0.7958526 -0.6291167 0.7318437 -25.36298 -66.72446 52.80646
0.7555694 -0.6154449 0.7345293 -21.60725 -65.50308 54.60035
0.7484893 -0.5685699 0.7533281 -21.53092 -62.28934 57.05836
0.7399444 -0.5395171 0.7691972 -15.21031 -58.47255 55.9286
0.7367705 -0.461148 0.789705 -15.90496 -56.30461 55.86752
0.7519073 -0.3783843 0.7796953 -16.75229 -50.68629 57.55455
0.7108916 -0.3849761 0.7699296 -19.38588 -46.57942 56.58508
0.7060088 -0.3341949 0.7477129 -14.45458 -44.57178 52.55455
0.6830596 -0.3097808 0.7406328 -16.1645 -42.18247 51.066
0.6601104 -0.2975738 0.7186601 -16.50038 -39.35804 49.27974
0.642044 -0.2812163 0.7091386 -16.64542 -36.52598 47.84463
0.6322783 -0.2809722 0.6786211 -17.50038 -33.77789 46.20341
0.6222686 -0.2741363 0.6412675 -18.50801 -31.44202 45.12707
0.5983428 -0.2751128 0.5941484 -19.37824 -29.31224 43.51638
0.5705108 -0.2726714 0.5484941 -20.43931 -28.0069 41.89043
0.5446319 -0.3009917 0.511873 -20.39351 -28.44202 41.08127
0.5404815 -0.2799956 0.4686601 -24.39351 -26.95347 40.61562
0.5158233 -0.3009917 0.4254472 -25.27137 -28.11377 39.55455
0.4999541 -0.3129546 0.4015214 -27.70649 -29.32751 39.54692
0.4850616 -0.3156402 0.3753984 -28.85916 -30.8695 38.71486
0.4740752 -0.3234527 0.3605058 -30.51565 -33.25117 38.56218
