0.3078154 -0.2272612 0.4271562 2.476717 -12.48782 35.1347
0.3085479 -0.2155425 0.4523027 2.003435 -13.47255 35.78356
0.3246611 -0.188687 0.4825761 1.446183 -12.99927 35.78356
0.3285674 -0.1681792 0.4964921 0.4003816 -12.94583 35.84463
0.3344268 -0.1571929 0.517 -0.622519 -12.54125 35.70722
0.3410186 -0.1332671 0.5331132 -1.614886 -11.58705 35.41714
0.3412627 -0.133023 0.5550859 -1.469848 -10.76263 34.42478
0.3419951 -0.1242339 0.572664 -0.2255726 -10.40385 33.84463
0.3441924 -0.1159331 0.5834062 0.9270988 -8.686291 32.37135
0.3595732 -0.1022612 0.5982988 1.232442 -6.869496 31.45531
0.3629912 -0.1044585 0.5980546 1.026336 -5.251176 30.35608
0.3588408 -0.09859913 0.5968339 0.7438931 -3.472549 29.50111
0.3424834 -0.1100737 0.5946367 1.881298 -1.869496 28.52402
0.3334502 -0.1186187 0.5846269 3.423282 -0.6633893 27.36371
0.3300322 -0.1237456 0.58658 4.125573 0.2526412 26.52402
0.3302764 -0.1327788 0.5668046 4.125573 1.733557 25.86753
0.3170928 -0.140103 0.5511796 3.911832 2.848061 25.44005
0.3190459 -0.1564605 0.5462968 3.125573 3.771725 25.36371
0.3136748 -0.1701323 0.5260332 2.011069 4.588519 25.55455
0.3107451 -0.1750151 0.5040605 1.140839 5.016 25.52402
0.3090361 -0.174771 0.484041 -0.3248091 5.428214 26.0431
0.3097686 -0.1823394 0.4691484 -1.683588 5.412947 26.52402
0.2997588 -0.1779448 0.4557207 -3.187405 5.191573 26.79119
0.2975615 -0.1803862 0.4518144 -4.744657 4.725924 27.2034
0.2902373 -0.1774565 0.4310625 -5.057633 3.985466 27.44768
0.2873076 -0.1838042 0.4283769 -5.401145 3.031267 27.38661
0.3022002 -0.1850249 0.4298418 -5.75229 2.374779 27.50111
0.3117217 -0.179898 0.4298418 -6.492748 1.512183 27.69959
0.3134307 -0.1723296 0.4542558 -7.294275 0.4587481 27.89043
0.320999 -0.1706206 0.4581621 -7.820992 0.0465343 27.62325
0.31929 -0.1681792 0.4732988 -7.15687 -0.02980161 27.29501
0.31929 -0.1623198 0.4952714 -6.469848 -0.006900787 26.48585
0.3217314 -0.1476714 0.5001543 -5.370611 0.4358473 25.76066
0.3251494 -0.1423003 0.508455 -4.698855 1.016 25.19577
0.3339385 -0.1357085 0.5206621 -4.660687 2.20684 24.39425
0.3280791 -0.1359526 0.527498 -4.286641 2.893863 23.85226
0.324417 -0.1398589 0.5187089 -3.966031 3.90913 22.85226
0.3058623 -0.1454741 0.5148027 -3.202672 4.390046 22.42478
0.307083 -0.1437651 0.5067461 -2.179771 5.191573 21.45531
0.3068389 -0.1493804 0.4969804 -0.9507637 5.672489 20.38661
0.3009795 -0.1513335 0.4940507 -0.1263361 5.947298 19.72249
0.3000029 -0.1479155 0.4620683 -0.4087787 6.237374 18.9515
0.2973174 -0.1525542 0.4452226 -1.591985 6.245008 18.83699
0.2865752 -0.1647612 0.4325273 -3.149237 6.130504 18.84463
0.279251 -0.1667144 0.4156816 -4.034733 5.825161 18.50111
0.5429229 -0.5216949 1.604891 177.4767 -31.22064 215.9057
0.1198272 0.4243501 1.18741 103.8584 195.1763 -30.21644
0.1107939 0.4092134 1.124178 109.5912 199.0847 -42.45309
0.1217803 0.358188 1.026521 104.0645 201.7106 -50.55232
0.1266631 0.2966645 0.9569414 106.3011 203.6572 -59.62103
0.1251982 0.2549165 0.8922441 99.93474 206.1 -66.65919
0.102249 0.1907075 0.8397539 96.52252 207.2068 -74.68209
0.0768584 0.1130708 0.7723711 92.82023 207.1381 -81.04087
0.0666045 0.05203564 0.7101152 88.29351 206.8557 -87.62103
0.06465137 -0.04269092 0.6815507 82.72099 205.2068 -92.08667
0.03877246 -0.1230132 0.6422441 73.80496 204.6572 -93.22408
0.03291309 -0.169644 0.6000078 66.72099 202.0084 -93.97217
0.03315723 -0.2104155 0.5931718 59.82786 198.8786 -94.934
0.04096973 -0.2653472 0.5924394 53.60649 197.1305 -94.88057
0.06050098 -0.317105 0.5995195 46.36221 196.2526 -93.44545
0.07173145 -0.3393218 0.5902421 41.02633 194.558 -92.46072
0.09736622 -0.3473784 0.5970781 37.21717 193.0313 -92.56759
0.09956348 -0.3341949 0.6322343 33.85839 191.9855 -92.91873
0.1051787 -0.3659331 0.6234453 29.52252 192.6725 -92.94164
0.1291045 -0.3610503 0.6227129 27.62939 192.6649 -93.68209
0.1710967 -0.3473784 0.6156328 22.09504 192.9397 -94.05614
0.1776885 -0.3498199 0.6034257 22.41565 191.3824 -95.36148
0.182083 -0.329312 0.6112382 12.76679 194.1839 -95.36148
0.1903838 -0.3402984 0.5961015 10.66756 194.3748 -96.65156
0.2082061 -0.3527495 0.5931718 8.438549 194.6114 -97.9798
0.2111357 -0.3446929 0.5982988 12.24008 194.5275 -100.9035
0.1945342 -0.3634917 0.5690019 8.820229 198.2526 -102.1859
0.188919 -0.3542144 0.5316484 7.95 199.1305 -104.5905
0.2091826 -0.3669097 0.4877031 5.766794 198.8099 -105.8577
0.2204131 -0.377896 0.4486406 2.728626 200.5427 -107.5065
0.2238311 -0.3735015 0.4083574 -0.5309162 201.4129 -108.4149
0.22554 -0.36398 0.3705156 -5.271374 201.8404 -109.1554
0.2223662 -0.3693511 0.3321855 -9.111069 201.5427 -110.018
0.2152861 -0.3588531 0.2928789 -13.32481 201.1687 -110.7966
0.2135772 -0.3571441 0.2460039 -15.17977 200.6801 -112.476
0.2233428 -0.3300445 0.2157304 -16.33244 199.0007 -114.4913
0.2177275 -0.3080718 0.1693437 -16.68359 197.245 -116.8042
0.2399443 -0.2843902 0.138582 -17.90496 195.6878 -119.7355
0.2458037 -0.242398 0.1026933 -19.60725 193.7106 -122.85
0.2606963 -0.2275054 0.06460738 -21.87443 190.6267 -125.9645
0.2580107 -0.204312 0.03750777 -23.62252 187.4664 -129.8042
0.2807158 -0.2023589 -0.001066446 -23.08817 184.2603 -134.705
0.2765654 -0.2121245 -0.02255082 -21.59199 180.2832 -139.7508
0.2721709 -0.2192046 -0.03207231 -18.63015 174.4816 -144.7355
0.3175811 -0.2174956 -0.03280473 -18.37061 173.1992 -150.3309
0.3620147 -0.2619292 -0.06063676 -14.21031 166.2984 -155.2241
0.3542022 -0.290982 -0.05062699 -15.74466 167.474 -161.9722
0.3446807 -0.3461577 -0.08456254 -12.42405 156.3977 -165.4149
0.3393096 -0.4020659 -0.05770707 -11.35534 151.5809 -169.7126
0.3207549 -0.487271 -0.03597856 -10.9584 151.9549 -173.4607
0.3158721 -0.5458648 -0.05209184 -9.424046 146.4969 -175.9874
0.3461455 -0.5854156 -0.03500199 -10.9584 142.1305 -178.5218
0.3749541 -0.6493804 -0.03280473 -10.43931 141.1305 -180.8882
0.3742217 -0.7860991 -0.05355668 -17.69885 140.6038 -177.5447
0.3739775 -0.8219878 -0.07479692 -18.06527 135.3442 -176.621
0.3693389 -0.8634917 -0.06918168 -18.69885 132.6954 -175.3691
0.3537139 -0.9013335 -0.08651567 -20.89733 130.3748 -173.2775
0.3466338 -0.9381988 -0.1123946 -21.95076 126.2145 -171.3309
0.3410186 -0.9579741 -0.1292403 -24.86679 122.3366 -168.2775
0.3388213 -0.9723784 -0.1455977 -27.68359 118.3595 -165.5142
0.3173369 -0.9801909 -0.1827071 -31.99656 113.6496 -161.7813
0.3000029 -0.9933745 -0.1966231 -35.06527 108.1687 -158.2928
0.293167 -0.9867827 -0.2249434 -39.38588 101.9549 -154.6363
0.2990264 -0.9945952 -0.2154219 -44.0958 95.20684 -151.1325
0.3100127 -0.9897124 -0.2080977 -46.96603 87.39005 -147.2775
0.3136748 -0.9755523 -0.1851485 -48.17977 80.07706 -144.8042
0.3288115 -0.9508941 -0.1211836 -49.0271 73.61905 -142.3997
0.3473662 -0.9218413 -0.0542891 -48.37825 67.64958 -140.7279
0.3861846 -0.8920562 0.04141402 -46.85153 62.1763 -140.1935
0.4101104 -0.8490874 0.1339433 -43.48512 57.68012 -140.1019
0.4425811 -0.8298003 0.2186601 -38.92786 55.71829 -141.7126
0.4811553 -0.8070952 0.3038652 -32.75993 54.9702 -143.7966
0.5241241 -0.7729156 0.3583086 -27.56145 55.26028 -146.8806
0.5453643 -0.7922027 0.4034746 -21.94313 55.54272 -150.2317
0.5785674 -0.7746245 0.4425371 -18.22557 57.89386 -152.9569
0.5907744 -0.7965972 0.4859941 -16.74466 60.09234 -154.9874
0.5959014 -0.8451812 0.4918535 -14.26374 64.73356 -156.7584
0.5802764 -0.8842437 0.4767168 -13.55382 67.96256 -157.7584
0.5602569 -0.945523 0.4447343 -13.9584 69.45875 -157.3004
0.572708 -0.9804351 0.4176347 -13.68359 71.69539 -157.7126
0.5380401 -1.066373 0.3739336 -12.0958 72.39005 -155.9111
0.3720244 -0.2448394 0.5702226 -4.248473 -7.800794 47.35608
0.3249053 -0.2553374 0.4295976 6.537786 16.1305 8.378977
0.3190459 -0.2729156 0.4093339 7.003435 15.82516 7.722488
0.3112334 -0.2851226 0.3836992 7.86603 14.9473 7.333176
0.3029326 -0.2926909 0.3649004 8.049236 14.34424 6.829359
0.2985381 -0.3068511 0.3448808 9.804962 13.0389 6.310275
0.2912139 -0.3385894 0.313875 10.9271 11.76409 5.882794
0.2892607 -0.3300445 0.2984941 10.47672 11.1305 6.004931
0.279251 -0.3576324 0.2701738 10.59886 9.0389 6.226305
0.2765654 -0.3818023 0.2623613 10.47672 7.20684 6.531649
0.265335 -0.4032866 0.2486894 10.0874 5.359511 7.111801
0.2660674 -0.4203765 0.2350175 10.95 2.328977 8.096535
0.2658232 -0.4328277 0.23575 10.9042 0.0465343 9.195771
0.2560576 -0.4406402 0.2337968 11.41565 -2.449649 10.08127
0.25679 -0.4523589 0.2469804 11.59886 -4.663389 11.24921
0.3124541 -0.45773 0.2560136 11.54542 -7.159573 11.82936
0.2553252 -0.4714019 0.307039 10.15611 -13.01453 16.78356
0.2660674 -0.4936187 0.3478105 9.866032 -13.22064 18.84463
0.2738799 -0.4565093 0.3705156 10.59122 -13.56415 20.33318
0.2765654 -0.4504058 0.383455 9.278244 -13.69392 21.96676
0.2892607 -0.4362456 0.3907793 8.476717 -15.09087 23.34844
0.2909697 -0.4323394 0.4300859 6.24771 -14.80079 25.0202
0.2936553 -0.4279449 0.4298418 4.217175 -14.20537 26.35608
0.2958525 -0.415982 0.4483964 3.797328 -14.50308 27.53928
