0.1670156 -0.6206802 1.390497 32.94409 30.53572 38.01689
0.1621328 -0.5598892 1.415888 43.42501 32.15405 39.15429
0.1216055 -0.4458755 1.45495 37.86012 34.42122 27.60467
0.1841055 -0.361647 1.479364 33.40211 34.29145 28.18482
0.2268301 -0.2857193 1.541376 27.13493 33.36779 37.01689
0.2212148 -0.314772 1.556024 22.50134 34.09298 41.56651
0.185082 -0.4160903 1.55578 26.46318 37.52046 36.02452
0.1987539 -0.3882583 1.588007 30.57005 40.36779 28.25353
0.233666 -0.3357681 1.618769 32.71508 42.28382 30.49017
0.2536855 -0.34944 1.643671 35.47081 43.45176 35.2459
0.2505117 -0.3203872 1.678339 35.22654 46.38305 32.92528
0.2656484 -0.2659439 1.740351 28.58531 49.12351 32.18483
0.3069082 -0.3067153 1.733515 23.97463 51.97847 34.78788
0.3210683 -0.3106216 1.761103 23.20363 54.17695 39.5207
0.3293691 -0.3311294 1.798212 23.32577 57.19221 39.70391
0.3501211 -0.3440689 1.839228 25.11967 59.81817 37.95582
0.3750234 -0.3362564 1.869501 29.18073 62.61969 37.75734
0.4101797 -0.3396743 1.927118 37.13493 65.32961 36.83368
0.4336172 -0.3853286 1.95495 45.25707 66.09297 35.09322
0.4936758 -0.2569107 2.084833 45.40974 74.08534 32.43673
0.5598379 -0.2823013 2.157831 55.92883 79.72656 37.76498
0.5891347 -0.2381118 2.245722 62.48608 90.72656 31.4749
0.6201406 -0.19319 2.285517 67.02043 107.4747 26.42146
0.7046133 -0.1590103 2.272821 79.18837 120.6197 37.60467
0.7778554 0.0138413 2.34997 86.62348 132.322 32.73444
0.7776113 0.1403061 2.467646 78.44028 142.925 29.24589
0.8982168 0.2665268 2.445917 77.11967 152.8563 37.2688
0.8318106 0.2247788 2.370478 68.31814 165.2685 30.15429
0.8965078 0.2284409 2.466181 69.60058 174.7571 28.61994
0.9634024 0.3324448 2.417597 71.72272 189.3831 25.13139
1.020775 0.3717515 2.383905 76.44028 204.7647 19.4291
1.04226 0.5333725 2.426874 75.11967 217.1617 15.89475
0.9802481 0.6012436 2.39831 67.87539 223.9556 4.406199
1.100365 0.6149155 2.223017 61.46318 233.5663 1.787878
1.090356 0.6681381 2.160761 59.46318 246.0243 -4.86861
0.9775625 0.6854721 2.121698 57.43264 246.0243 -15.46403
1.159447 0.7093979 1.978388 54.1273 246.0243 -19.97548
1.179955 0.7863022 1.882685 35.47844 246.0243 -21.96021
1.146996 0.7491928 1.861444 33.15783 246.0243 -31.25029
1.171166 0.7762924 1.819452 29.61585 246.0243 -40.11288
1.196313 0.7587143 1.757929 21.46318 246.0243 -46.44876
1.196313 0.7152573 1.668329 15.65402 246.0243 -53.39533
1.210961 0.6825424 1.588739 9.531878 246.0243 -59.18159
1.190209 0.6605698 1.556024 4.066229 246.0243 -65.38006
1.208031 0.6273666 1.439081 -0.3001832 246.0243 -74.48693
1.18142 0.5778061 1.343866 -0.2009466 246.0243 -84.81517
1.151147 0.482103 1.201776 -0.8498014 246.0243 -92.28846
1.201439 0.5067612 1.096796 -5.29255 246.0243 -99.10525
1.032006 0.3983628 0.9976748 -7.178046 246.0243 -104.0213
0.9902578 0.2863022 0.8214053 -6.269649 246.0243 -127.4869
0.936791 0.3155991 0.6729678 -8.475756 246.0243 -131.3266
0.7436758 0.221605 0.4966983 -16.42995 246.0243 -134.632
0.7114492 0.2142807 0.09362209 -12.76583 246.0243 -107.8381
0.9370352 0.02897802 -0.06165135 -24.17805 246.0243 -104.3572
0.4267812 2.163683 -0.06165135 -248.5139 214.2227 -172.7541
-1.935035 1.587572 -0.06165135 -248.5139 246.0243 251.6963
-1.935035 -1.836256 -0.06165135 251.7533 246.0243 251.6963
-1.312721 -1.26985 -0.06165135 251.7533 246.0243 -248.5709
-1.71482 2.163683 1.629999 251.7533 164.2914 -248.5709
-1.298316 2.163683 1.501581 251.7533 -158.9834 8.96345
-1.935035 1.744798 3.938288 251.7533 76.65786 -248.5709
1.323022 2.163683 3.938288 -248.5139 185.1693 -22.70831
-1.935035 2.163683 3.161737 -248.5139 -97.27344 79.4749
-1.350074 1.096361 2.547968 -248.5139 -221.7773 251.6963
-0.4123301 -0.7371353 0.8370303 -16.70476 -44.56351 36.88712
0.1128164 -0.06672511 1.9862 13.87539 -34.98336 12.16192
0.1091543 -0.03059229 2.049433 10.196 -34.06733 20.12375
0.1609121 -0.009596199 2.056757 3.119664 -26.43374 13.35276
0.1543203 -0.02595362 2.110224 -2.010107 -21.57114 23.11612
0.2304922 -0.01692042 2.189081 -8.338351 -3.594046 35.34513
0.2917715 -0.07453761 2.205927 -10.99484 11.29908 39.37567
0.2785879 -0.09773096 2.231073 -11.49866 26.58153 28.81078
0.2842031 -0.03108057 2.376337 -22.41469 40.88687 29.32986
0.2986074 -0.141188 2.373652 -25.60553 40.45176 31.6123
0.3401113 -0.1807388 2.374872 -23.27728 47.29145 28.65047
0.3593984 -0.1538833 2.391474 -19.65896 53.08534 27.452
0.4192129 -0.1414321 2.380976 -18.49102 59.62733 27.4291
0.4660879 -0.13069 2.376337 -16.24675 68.7113 26.11612
0.5053945 -0.08918604 2.389521 -12.13224 74.57389 27.74971
0.5403066 -0.08064112 2.403925 -6.819267 82.28381 30.21536
0.5368886 -0.1126235 2.346308 5.783786 90.59679 28.93292
0.5976797 0.001145989 2.39123 14.58531 109.0548 20.60467
0.5842519 0.04557958 2.41955 22.90592 121.2456 19.77261
0.5786367 0.09416357 2.400263 34.93646 127.3602 17.5436
0.6487051 0.3290268 2.445673 40.61585 132.2762 7.306962
0.6860586 0.2313706 2.232782 36.72272 141.467 9.093222
0.7016836 0.3890854 2.282831 45.66928 151.5892 1.299328
0.7016836 0.4095932 2.292841 49.57005 160.7189 -6.777008
0.5661855 0.3610093 2.316034 62.02043 167.9403 -21.40296
0.7383047 0.433519 2.286737 78.16547 177.2075 -30.20449
0.718041 0.5560776 2.24206 64.73798 186.4518 -29.93731
0.7031484 0.5861069 2.203974 67.53188 190.3372 -35.27319
0.7351308 0.6232162 2.241816 73.75325 196.2151 -45.25792
0.8530508 0.726976 2.234491 77.73798 206.6655 -57.94495
0.8989492 0.7836166 2.249628 72.87539 222.093 -68.47929
0.9216543 0.8673569 2.210566 60.76089 235.0319 -77.19685
0.9177481 0.7892319 2.235956 50.66165 246.0243 -88.03654
0.9636465 0.9281479 2.305536 28.82959 246.0243 -95.28082
1.033959 0.8212143 2.374384 -2.109344 246.0243 -94.37243
1.129662 0.6217514 2.069696 -19.48339 246.0243 -83.48693
1.230492 0.5404526 1.996942 -36.97957 246.0243 -87.27319
1.227563 0.4515854 1.935175 -55.18568 246.0243 -84.09762
1.243188 0.3422104 1.867304 -68.35361 246.0243 -81.26556
1.220971 0.3036362 1.824579 -78.15514 246.0243 -79.29609
1.188256 0.2296616 1.726923 -86.41469 246.0243 -77.94495
1.148705 0.141771 1.606562 -90.72003 246.0243 -77.81517
1.235619 0.08146826 1.417841 -94.71239 246.0243 -79.78464
1.179223 0.04850927 1.371698 -96.90324 246.0243 -81.13579
1.091332 0.01677099 1.261835 -88.804 246.0243 -87.32662
0.9978262 -0.0330337 1.076776 -80.56736 246.0243 -99.41823
0.9802481 -0.1543716 0.7999209 -55.05591 246.0243 -104.2274
0.8283926 -0.09358057 0.7349795 -42.9414 246.0243 -82.31136
0.7151113 -0.2874282 0.3065127 -13.9414 246.0243 -101.0518
0.5356679 -0.1883071 0.006708026 -9.10171 246.0243 -78.85334
0.4297109 -0.3306411 -0.06165135 13.47844 246.0243 -68.28082
0.5156484 -0.201979 -0.06165135 36.37157 246.0243 -107.8152
0.3911367 0.1508042 -0.06165135 26.02043 246.0243 -92.83807
0.315209 0.02897802 -0.06165135 14.87539 246.0243 -92.38006
0.3210683 0.02385107 -0.06165135 -1.254382 246.0243 -95.54037
0.1948477 -0.01277003 -0.06165135 -1.323084 246.0243 -69.05182
0.2285391 -0.02937159 -0.06165135 -8.636061 246.0243 -85.38006
0.2737051 -0.08381495 -0.06165135 -7.010107 246.0243 -87.82281
0.2702871 -0.07429347 -0.04553807 -2.429955 245.1464 -84.15105
0.4179922 -0.09626612 0.02550685 -3.010107 240.6808 -83.99838
0.4355703 -0.0733169 0.2088565 -2.330718 235.3602 -84.92968
0.5329824 -0.09577784 0.2833194 -0.804 232.1998 -82.7999
0.5852285 -0.1192153 0.3443545 0.6616488 235.6655 -83.86098
0.5769277 -0.155104 0.3431338 1.318137 233.9861 -80.48693
0.591332 -0.1853775 0.2718447 3.455542 236.6655 -80.92968
0.5486074 -0.2049087 0.1553897 3.875389 236.4899 -79.5022
0.5053945 -0.1988052 0.05016506 2.00516 235.5815 -77.6396
0.4638906 -0.1853775 -0.06165135 0.9517252 231.78 -75.15105
0.4018789 -0.174147 -0.06165135 -5.223847 225.3296 -71.10525
0.3017812 -0.240065 -0.06165135 -7.330718 213.5434 -69.10525
0.3232656 -0.271315 -0.06165135 -13.64369 202.7418 -60.76937
0.2566152 -0.2981704 -0.06165135 -25.86507 205.6808 -61.09762
0.1552969 -0.4087661 -0.06165135 -19.47576 190.3754 -44.80754
0.07741601 -0.490065 -0.06165135 -14.44522 178.322 -43.14342
0.03737695 -0.2842544 -0.06165135 -48.55209 179.8411 -61.16632
0.006615236 -0.4063247 -0.06165135 -65.68186 152.5205 -48.37243
0.03322656 -0.5489029 -0.06165135 -60.95667 135.5205 -10.84571
-0.03440039 -0.6714615 -0.06165135 -56.7582 128.8105 -17.46403
-0.04733984 -0.7757095 -0.06165135 -47.53682 107.7342 -22.09762
-0.09323828 -0.6958755 -0.06165135 -34.63606 95.23801 -26.86098
-0.06906836 -0.6985611 -0.06165135 -19.20094 73.58916 -18.60907
-0.08322851 -0.5340103 -0.06165135 -22.72766 57.79527 -16.47166
-0.02805273 -0.509108 -0.06165135 -25.65896 43.10825 -11.96021
0.07106836 -0.4724868 -0.06165135 -29.67423 33.26855 -12.13579
0.1530996 -0.4226821 -0.06165135 -34.00247 22.15405 -4.303725
0.2297598 -0.427565 -0.06165135 -37.68186 14.15405 -1.624336
