0.5720449 1.202074 0.657587 -98.7811 -122.5864 -248.5709
0.6352773 1.103685 0.6363467 -100.6819 -125.0139 -248.5709
0.6921621 1.028001 0.6063174 -102.9185 -124.8689 -248.5709
0.7673574 0.9713608 0.5565127 -108.9414 -119.7391 -248.5709
0.7563711 0.888353 0.5189151 -113.0941 -117.22 -248.5709
0.7732168 0.8507553 0.4634952 -119.5521 -121.3421 -248.5709
0.7812734 0.7157455 0.3882998 -127.9338 -121.6093 -248.5709
0.7893301 0.5831772 0.3194522 -133.6895 -123.6246 -248.5709
0.7971426 0.407396 0.2286319 -143.1246 -124.4261 -248.5709
0.7678457 0.33098 0.2689151 -159.6513 -134.9681 -248.5709
0.9070059 0.08464209 0.102167 -162.9414 -125.9376 -248.5709
0.830834 -0.05427393 0.1527041 -180.9567 -138.9376 -248.5709
0.8076406 -0.1656021 0.2122744 -201.9414 -143.4719 -248.5709
0.943627 -0.2014907 0.27746 -248.5139 -142.2505 -248.5709
0.9377676 -0.5530533 0.1434268 -248.5139 -166.6704 -248.5709
1.053734 -0.8245377 0.2249697 -248.5139 -183.3269 -248.5709
1.132592 -0.8660416 0.3421572 -248.5139 -191.7696 -248.5709
1.072289 -1.215895 0.6390323 -248.5139 -197.1589 -248.5709
1.143578 -1.27571 0.7549991 -248.5139 -189.2658 -248.5709
1.483422 -1.583327 1.106317 -248.5139 -189.0368 -248.5709
1.45559 -1.836256 1.62121 -248.5139 -151.7467 -243.8381
1.588402 -1.836256 1.604608 -248.5139 -115.0597 -227.2961
1.506615 -1.836256 1.680292 -248.5139 -38.93756 -146.0671
1.183129 -1.836256 1.981562 -248.5139 8.199847 -109.4793
0.6750722 -1.836256 2.141718 -248.5139 20.77237 -115.0289
0.9319082 -1.836256 2.016962 -248.5139 49.68076 -149.3266
0.6841054 -1.836256 2.154169 -222.1781 56.97084 -161.7999
0.5029531 -1.836256 2.066278 -171.1552 49.01664 -140.6854
0.2583242 -1.836256 1.987177 -129.2849 43.63496 -150.0366
0.1545645 -1.836256 1.844355 -97.75819 34.63496 -146.006
0.09328516 -1.836256 1.699091 -60.57499 27.16168 -132.9678
-0.08957617 -1.836256 1.500116 -36.08644 15.98611 -123.4182
0.1865469 -1.836256 1.114618 -25.55972 44.7113 -110.3801
-0.04880468 -1.836256 1.113153 -24.20858 36.05481 -83.70831
-0.1933359 -1.836256 0.9932803 -17.65896 34.61206 -65.10525
-0.2260508 -1.806471 0.8843936 -9.452855 29.81054 -63.31136
-0.3385996 -1.728346 0.7979678 0.7761527 26.52046 -65.7312
-0.3085703 -1.486159 0.6905459 12.2418 24.42886 -58.70067
-0.3215098 -1.435133 0.6451358 19.64638 9.8029 -44.38006
-0.3705821 -1.388502 0.5938663 24.85249 5.306717 -38.47166
-0.4621348 -1.228102 0.586542 30.68455 -23.3345 -40.11288
-0.3857188 -1.090895 0.5225772 33.88302 -25.75435 -44.94495
-0.3276133 -0.9278091 0.5797061 34.29524 -29.65511 -43.13578
-0.2548594 -0.8015884 0.619501 32.2647 -30.23527 -26.22739
-0.2758555 -0.7632584 0.7252139 31.81432 -36.31924 -14.548
-0.2487559 -0.8638443 0.7379092 52.43264 -40.47954 -11.24266
-0.2406992 -0.7488541 0.8680362 68.46317 -43.37267 -24.30373
-0.200416 -0.6460709 0.994501 81.20364 -44.31924 -32.48693
-0.1423105 -0.550856 1.106317 87.88303 -42.93756 -30.79228
-0.1279063 -0.278395 1.325067 71.14256 -44.1284 -30.6396
0.0007558614 -0.2700943 1.337274 53.99753 -43.16656 -6.578535
-0.04904882 -0.297438 1.380976 33.2876 -41.2429 -17.57854
-0.02927344 -0.3523696 1.374628 25.59295 -37.44901 -14.08998
0.01296289 -0.3560318 1.373896 23.44028 -35.80779 -9.372428
-0.01316015 -0.3662857 1.399774 21.0586 -33.0597 -7.349527
-0.03122656 -0.3819107 1.400507 19.23417 -29.89939 -12.65487
-0.004859373 -0.3506607 1.414179 15.84486 -27.92992 -14.01365
0.02394922 -0.3247818 1.434442 11.74562 -26.80015 -9.425863
0.02614649 -0.3516372 1.438593 8.455543 -23.99863 -6.822809
0.01516016 -0.3843521 1.436884 7.516611 -21.70855 -7.364793
0.02736719 -0.358229 1.446649 7.692183 -18.50244 -8.990748
0.04055079 -0.3384536 1.449091 3.180733 -16.46428 -8.906779
0.05715234 -0.3653091 1.445185 4.60058 -13.70092 -7.151053
0.06496484 -0.3257583 1.463495 4.730351 -12.84595 -6.891511
0.05544336 1.778001 0.209833 -71.9185 -67.00626 -225.6702
0.5737539 -0.7031998 0.7051944 -206.6742 -98.69328 -248.5709
0.7121816 -1.127516 0.5347842 -212.6132 -101.1742 -248.5709
0.514916 -1.381422 0.6783389 -207.6971 -82.15894 -248.5709
0.4765859 -1.496657 0.5052432 -199.3842 -101.4337 -248.5709
0.4739004 -1.790602 0.5057315 -180.7048 -83.61695 -248.5709
0.3984609 -1.574538 0.7315616 -184.3536 -95.38794 -248.5709
0.3606191 -1.762526 0.6668643 -190.3689 -97.91466 -248.5709
0.3867422 -1.836256 0.7274112 -181.804 -95.71619 -248.4946
0.3926015 -1.836256 0.8917178 -184.5979 -103.3498 -229.693
0.4299551 -1.836256 0.9539737 -177.7277 -91.77725 -211.9526
0.4655996 -1.836256 1.091913 -170.43 -78.84595 -197.5404
0.3513418 -1.836256 1.203485 -167.7735 -71.31161 -178.7694
0.3149648 -1.836256 1.333368 -157.7735 -66.76962 -153.1511
0.2922597 -1.836256 1.459833 -149.5979 -56.09786 -150.2656
0.3169179 -1.836256 1.63244 -143.1857 -47.86122 -125.3266
0.2578359 -1.836256 1.708124 -140.9643 -37.80779 -98.41059
0.2602773 -1.836256 1.61828 -123.2009 -16.40321 -78.37243
0.1906973 -1.836256 1.730585 -100.2238 -5.365038 -70.26556
0.09694727 -1.836256 1.823603 -79.20094 -4.479542 -60.01365
0.04421289 -1.836256 1.789911 -64.61316 -7.342137 -63.26556
-0.001685545 -1.836256 1.74621 -48.16278 -7.174199 -66.99075
-0.03879492 -1.652419 1.415155 -10.88034 7.299084 -36.02892
-0.1113047 -1.524001 1.336542 0.2112672 12.26855 -30.08235
-0.1608652 -1.417555 1.225458 13.3334 9.314351 -26.34189
-0.1330332 -1.378493 1.188593 17.04333 10.8716 -17.79991
-0.1896738 -1.339918 1.171503 25.38684 11.62733 -12.40296
-0.2514414 -1.238844 1.058954 37.27234 10.16931 -6.548
-0.2631602 -1.141676 0.9800967 46.84486 4.337252 -8.448764
-0.2626719 -1.055251 0.9605655 57.87539 0.3067174 -8.242657
-0.2594981 -0.9768814 0.9254092 67.24181 -3.441374 -4.860977
-0.2746348 -0.8809341 0.9229678 71.95936 -7.342137 -2.822809
-0.2592539 -0.802565 0.9349307 76.04333 -10.90702 -0.8609771
-0.2560801 -0.7371353 0.9512881 82.75325 -14.04443 -0.09761822
-0.2682871 -0.6450943 0.9769229 87.24181 -17.18183 -0.6167022
-0.2446055 -0.5791763 0.9776553 91.49371 -19.81542 -1.227389
-0.2365488 -0.4724868 1.012812 91.89829 -24.3345 -4.967847
-0.2148203 -0.3601821 1.032099 89.43264 -26.60168 -3.84571
-0.1935801 -0.2686294 1.061396 81.1502 -26.99099 -3.151053
-0.1794199 -0.2622818 1.067011 74.83722 -29.97573 0.4596337
-0.170875 -0.2307876 1.091181 69.90592 -32.46428 -1.563267
-0.1635508 -0.2405532 1.100214 67.65401 -36.75435 -0.3724275
-0.144752 -0.1455825 1.129511 66.44791 -35.90702 -2.990748
-0.1301035 -0.09504541 1.172968 58.44028 -37.13603 -4.257924
-0.09104101 -0.05598292 1.206171 52.1502 -36.63985 -2.067084
-0.1259531 0.02140966 1.335565 39.57768 -35.80015 -0.3418931
-0.09470312 -0.02155909 1.337519 28.85249 -38.22763 -0.3647938
-0.1279063 0.06486669 1.314081 6.531878 -35.75435 0.4672673
-0.03562109 0.07219091 1.313349 -11.88034 -30.05206 1.222992
-0.06589453 0.03947607 1.326044 -25.09408 -29.83832 7.016886
-0.01853125 -0.07478175 1.336542 -25.99484 -28.85359 14.61994
-0.05271094 -0.0420669 1.372187 -31.56736 -26.47191 1.726809
-0.02219336 -0.007398933 1.441523 -38.10171 -26.47191 0.1771909
-0.01389258 -0.008375496 1.473505 -45.92614 -26.83069 2.070321
-0.008521482 -0.07575831 1.492304 -49.75056 -25.83832 0.322229
0.002708986 -0.1287368 1.526239 -47.50629 -24.96046 -5.158687
0.01613672 -0.1304458 1.600702 -44.98721 -24.81542 -8.876245
0.0700918 -0.141188 1.651239 -42.01774 -22.59405 -12.5022
0.09816797 -0.1658462 1.693476 -39.7582 -21.21237 -13.79228
0.1074453 -0.2134536 1.752069 -34.72003 -19.83069 -14.87625
0.1655508 -0.2512954 1.778437 -32.01774 -14.06733 -17.48693
0.1853262 -0.2989028 1.871698 -30.74293 -11.53298 -20.63197
0.2051016 -0.3094009 1.928095 -26.90324 -6.92229 -17.92968
0.1958242 -0.3709243 1.99621 -23.48339 -6.387939 -14.71594
0.2473379 -0.4439224 2.046015 -15.88034 2.581526 -16.87625
0.2898183 -0.4297622 2.13122 -14.29255 14.10061 -15.30373
0.294457 -0.4690689 2.1383 -8.50629 25.49756 -15.50983
0.3401113 -0.4876235 2.162958 -3.368886 38.36015 -11.62434
0.3384023 -0.5408463 2.203241 3.737985 54.12351 -10.02128
0.3415761 -0.503981 2.236933 7.79142 64.19984 -4.799908
0.3247304 -0.4768814 2.238398 9.547145 73.34488 -3.86861
0.3120351 -0.4387954 2.200556 12.0586 78.72656 -3.486931
0.3427969 -0.4004653 2.070429 11.86776 88.46702 -1.784641
0.3352285 -0.3350357 1.974726 10.48608 95.36778 3.184824
0.3506094 -0.2854751 1.887079 7.623481 102.2762 6.390932
0.3667226 -0.2261489 1.841425 3.38684 107.3067 11.72681
0.4138418 -0.1653579 1.786493 -1.170412 112.406 18.39093
0.4463125 -0.1011489 1.753534 -3.987206 117.238 21.93292
0.4604726 -0.02204737 1.77453 -4.132245 120.009 24.29933
0.4729238 0.07072607 1.803095 -4.513924 122.2915 28.01689
0.4736562 0.1530015 1.828241 -3.544458 128.3296 27.86421
0.4304433 0.2435776 1.853876 0.4784428 130.925 30.71154
0.4997793 0.3541733 1.841425 7.799053 133.1617 33.452
0.5715566 0.5358139 1.859247 10.2189 139.7495 27.17719
0.5327383 0.6302963 1.932978 15.25707 140.4441 23.12375
0.5361562 0.8072983 1.9237 19.89829 149.6044 12.26116
