0.35054 0.1147798 0.6671464 -28.2103 7.038901 69.82936
0.3676299 0.1260103 0.6205156 -22.69122 9.000732 65.1347
0.3578643 0.1504243 0.5677812 -23.40114 10.52745 62.40188
0.3461455 0.1352876 0.5157793 -26.68359 13.66485 60.71485
0.3180693 0.1445649 0.463289 -32.37825 15.45875 60.00493
0.28804 0.0986665 0.3634355 -30.17214 16.25264 56.73013
0.2626494 0.1062349 0.2767656 -29.17977 9.985466 53.96677
0.28804 0.101352 0.2391679 -31.0958 8.817526 51.9286
0.2201689 0.090854 0.1878984 -30.81336 4.741191 49.62325
0.2321318 0.07962353 0.1622636 -34.66832 0.2526412 48.1805
0.2233428 0.04446729 0.1293046 -34.61489 -4.075603 46.50111
0.1974639 0.0403169 0.1136796 -34.24084 -10.0069 45.07363
0.1945342 0.01517041 0.1117265 -37.73702 -15.0298 44.80646
0.5426787 0.2007173 -0.1768477 50.11794 72.65722 -128.2393
0.503128 -0.627896 -0.4463789 3.530153 -34.24354 -136.9951
0.4689483 -0.6252105 -0.4615157 2.072137 -41.73209 -127.9798
0.4601592 -0.5946929 -0.4283125 4.469084 -52.23591 -124.5218
0.466751 -0.6112945 -0.3572676 5.148473 -57.95346 -119.6516
0.4982451 -0.6039702 -0.3033125 7.637022 -62.67865 -116.0638
0.5124053 -0.5946929 -0.2474043 9.54542 -68.76263 -111.8958
0.5226592 -0.5400054 -0.1978438 11.74389 -73.25881 -108.8271
0.5436553 -0.5668609 -0.1453536 17.34695 -78.26644 -106.4531
0.5651397 -0.5673491 -0.07552934 20.75153 -80.80843 -102.3691
0.5751494 -0.5216949 -0.01425004 25.45382 -83.96873 -99.66682
0.5731963 -0.4364898 0.03335738 25.29351 -85.0069 -96.71263
0.6151885 -0.4279449 0.07217574 26.55305 -87.19775 -95.06377
0.6259307 -0.4135406 0.1014726 29.15611 -87.44202 -92.94927
0.6439971 -0.3417632 0.1312578 29.9271 -88.51836 -91.27751
0.6273955 -0.3022124 0.1620195 27.93473 -89.64812 -90.10194
0.6295928 -0.2812163 0.2071855 30.39275 -90.13667 -89.68209
0.6894073 -0.2609527 0.2374589 28.04924 -90.0527 -88.32332
0.7140655 -0.2480132 0.27408 23.19427 -89.15194 -86.30042
0.7335967 -0.2118804 0.307039 20.89656 -87.19775 -85.38438
0.7411651 -0.1672026 0.3426836 18.44618 -86.56416 -85.67446
0.7443389 -0.1481597 0.3753984 14.24771 -85.48019 -85.78133
0.7016143 -0.1381499 0.4098222 10.31641 -81.77789 -85.90347
0.7206573 -0.1339995 0.4525468 10.0874 -81.64812 -87.01034
0.7042998 -0.1403472 0.5072343 10.95 -78.01453 -88.55232
0.7018584 -0.1493804 0.5519121 15.24008 -75.0985 -91.21645
0.7006377 -0.1762358 0.5746171 21.39275 -72.12904 -94.09431
0.6862334 -0.1852691 0.6019609 28.64466 -69.57942 -96.94927
0.706253 -0.1899077 0.6234453 35.23244 -65.8695 -99.83476
0.7040557 -0.2257964 0.6312578 45.48435 -63.97636 -102.9569
0.683792 -0.2475249 0.6595781 53.67519 -60.73209 -105.3233
0.6586455 -0.2624175 0.6639726 60.93473 -57.51835 -107.0409
0.652542 -0.273648 0.6644609 66.31641 -54.25117 -108.2012
0.6503448 -0.2731597 0.6637285 69.27061 -50.61759 -109.0103
0.6415557 -0.2746245 0.652498 70.95 -47.15194 -109.4913
0.6261748 -0.2699859 0.6398027 71.72863 -43.79316 -109.7966
0.5939483 -0.290982 0.6095293 70.98054 -40.50308 -110.079
0.5614776 -0.304898 0.5792558 68.38512 -37.81606 -109.3462
0.5446319 -0.3224761 0.5350664 63.69046 -35.15194 -108.308
0.5360869 -0.353482 0.5138261 61.33931 -34.984 -107.0256
0.5226592 -0.3595855 0.4706132 56.85077 -35.73972 -105.247
0.5165557 -0.4047515 0.4488847 55.14847 -33.66339 -103.5065
0.5055694 -0.4167144 0.4220293 52.02633 -35.36568 -101.5371
0.4799346 -0.4538238 0.4122636 52.49962 -36.04507 -99.96454
0.4704131 -0.4548003 0.4169023 51.9729 -37.67102 -98.42255
0.4357451 -0.4618804 0.3922441 53.66756 -38.38858 -97.83476
0.4489287 -0.4816558 0.3888261 53.09504 -41.9382 -96.63629
0.4613799 -0.5297515 0.4120195 54.9729 -43.9611 -94.45309
0.4591826 -0.5312163 0.4381425 56.53015 -44.06033 -92.07904
0.4655303 -0.5329253 0.4444902 60.20191 -46.54125 -91.8424
0.4604033 -0.5524566 0.4754961 65.36985 -47.56415 -91.51415
0.4760283 -0.5439116 0.4881914 68.91946 -48.54889 -91.23171
0.4552764 -0.5461089 0.529207 67.41565 -49.72446 -89.78896
0.4228057 -0.5641753 0.5658281 69.9958 -48.25117 -88.76606
0.3979033 -0.5717437 0.5545976 72.55305 -46.54889 -88.39201
0.3883818 -0.5881011 0.5387285 76.11031 -47.69392 -87.8653
0.3981475 -0.5959136 0.5162675 75.23244 -47.67102 -85.76606
0.4555205 -0.6051909 0.5123613 70.63702 -49.27407 -83.17065
0.4220733 -0.6523101 0.5160234 71.96527 -47.44965 -82.83476
0.4159698 -0.6689116 0.4798906 70.33168 -48.17484 -80.23934
0.4328155 -0.7138335 0.4537675 69.65229 -51.08324 -77.62103
0.456253 -0.7480132 0.4659746 68.91946 -52.9611 -75.20118
0.4711455 -0.7777984 0.4820879 66.70573 -53.61759 -71.59049
0.4486846 -0.8117339 0.5035722 66.38512 -53.44965 -68.28515
0.4352569 -0.8302886 0.5067461 68.11794 -53.60995 -65.08667
0.4447783 -0.8385894 0.5043046 70.48435 -53.78553 -62.20118
0.4340362 -0.8603179 0.482332 74.41565 -53.28171 -60.13248
0.4242705 -0.8446929 0.4933183 75.56832 -56.40385 -56.92637
0.4032744 -0.8134429 0.5238359 74.07977 -56.1443 -54.59812
0.3471221 -0.8156402 0.5284746 74.33932 -54.70919 -52.46835
0.3776397 -0.8175933 0.4994218 73.14084 -53.73972 -51.33858
0.4108428 -0.8744781 0.4662187 76.30878 -54.11377 -51.29278
0.4594268 -0.9059722 0.3963945 76.98817 -53.48782 -47.39201
0.3732451 -1.178677 0.3988359 89.47672 -57.85423 -49.18591
0.4159698 -0.9196441 0.3185136 89.93474 -60.72446 -47.9798
0.3634795 -1.004605 0.3060625 90.09504 -62.92293 -43.57523
0.3622588 -1.020962 0.2936113 87.8126 -65.26644 -41.26987
0.3830107 -1.049527 0.2543046 86.23244 -68.08324 -38.43018
0.3766631 -1.127408 0.2274492 85.59885 -72.8466 -34.72789
0.3866729 -1.164517 0.2142656 80.64466 -75.99927 -28.23934
0.4538116 -1.314664 0.2174394 72.03397 -88.69392 -9.208809
0.4777373 -1.315152 0.2103593 66.57596 -92.59469 -0.9950695
0.5004424 -1.382046 0.2623613 66.52252 -96.24355 6.707221
0.5207061 -1.392056 0.2984941 63.34694 -98.73209 14.35608
0.3839873 -0.1496245 0.3614824 -70.71412 56.31371 -2.643923
0.6720733 -0.2560699 0.4669511 7.804962 33.62669 -38.59049
0.6544951 -0.2367827 0.4486406 15.61412 38.24501 -42.01797
0.6183623 -0.2616851 0.4127519 23.0187 42.75646 -44.23171
0.5941924 -0.2831695 0.3470781 37.77443 44.84806 -47.32332
0.5470733 -0.2897613 0.2355058 35.51488 46.38241 -48.36912
0.5524444 -0.2480132 0.1605546 38.27824 47.72593 -50.14774
0.5124053 -0.2704741 0.05362105 29.62939 45.64196 -48.8195
0.4850616 -0.2697417 -0.04012895 22.49962 43.05417 -47.75843
0.4577178 -0.3068511 -0.1170332 11.54542 39.83279 -44.7737
0.4398955 -0.3268706 -0.1802657 -1.737023 36.20684 -40.85003
0.4079131 -0.3642241 -0.253752 -15.37824 28.60379 -35.85767
0.3900908 -0.3991363 -0.2869551 -24.79046 23.0847 -32.08667
0.3783721 -0.4262359 -0.2749922 -26.27901 15.19157 -28.8195
0.3727568 -0.4313628 -0.2893965 -31.67595 8.664854 -26.04087
0.3795928 -0.4342925 -0.2806075 -35.0042 1.351878 -22.82713
0.385208 -0.4286773 -0.2378829 -40.17977 -5.251176 -18.55995
0.3815459 -0.4301421 -0.1888106 -44.50802 -10.25117 -15.01797
0.3881377 -0.4157378 -0.1597579 -49.79809 -15.48018 -10.89583
0.392044 -0.4089019 -0.1038496 -54.41641 -20.16721 -7.071405
0.3981475 -0.3981597 -0.05770707 -58.55382 -24.51072 -3.285145
0.3971709 -0.3879058 0.006501913 -61.99657 -28.46492 0.09653473
0.4088897 -0.3630034 0.04702926 -66.44695 -31.67866 3.585085
0.423294 -0.3507964 0.1151445 -71.65305 -34.0298 6.989664
0.4381866 -0.3532378 0.1744707 -76.75992 -36.53362 10.77592
0.4467315 -0.3473784 0.2413652 -84.50801 -38.18247 14.86753
0.4516143 -0.3532378 0.280916 -92.72176 -39.31224 19.08127
0.4711455 -0.3693511 0.3407304 -103.9279 -39.60232 24.03547
0.4647979 -0.4235503 0.3963945 -113.195 -40.12904 29.59272
0.4674834 -0.4460113 0.4435136 -119.5156 -39.54889 34.90569
0.4721221 -0.4584624 0.4935625 -125.3859 -42.1214 39.9744
0.4647979 -0.4862945 0.5462968 -124.195 -41.09087 43.56982
0.4804229 -0.5089995 0.5992754 -113.592 -42.9382 46.1118
0.5167998 -0.4548003 0.6434648 -104.3401 -41.47255 47.56982
0.5534209 -0.4367339 0.6878984 -97.91259 -40.69392 50.56982
0.577835 -0.3979156 0.7533281 -88.59962 -39.69392 51.74539
0.5829619 -0.3578765 0.7994707 -82.67595 -36.70156 53.60035
0.4196319 -0.2812163 0.8565996 -67.03473 -30.63286 51.27211
0.6271514 -0.1925933 0.8338945 -56.27901 -28.83133 52.18814
0.6066436 -0.131314 0.8141191 -61.37825 -21.984 55.76829
0.7143096 -0.05221241 0.7955644 -52.1874 -19.64812 55.25684
0.669876 -0.003384277 0.8053301 -57.43168 -17.35041 56.77592
0.5998076 0.02859814 0.8680742 -41.71412 -14.26644 51.36371
0.5939483 0.1145356 0.8946856 -30.63015 -7.976367 45.05074
0.5468291 0.125522 0.8714922 -17.81336 -1.945832 39.86753
0.5429229 0.122104 0.8207109 -1.94313 2.916763 33.40188
0.5077666 0.1777681 0.7611406 7.255343 6.000733 30.9286
0.5114287 0.2900727 0.6842363 9.33168 10.62669 24.46295
0.5023955 0.2893403 0.6051347 15.01107 11.46638 17.34081
0.4967803 0.2478364 0.5209062 14.71336 14.55798 14.12707
0.4752959 0.2270845 0.4525468 21.37748 14.84043 9.020199
0.4411162 0.2065767 0.355623 21.85076 13.48165 6.218672
0.4152373 0.16727 0.2901933 25.55305 11.0389 3.149969
