0.815209 0.9486557 0.9188174 -248.5139 -65.70092 -248.5709
0.8125235 0.8204819 1.077753 -248.5139 -59.27343 -248.5709
0.8579336 0.685228 1.213983 -248.5139 -27.87649 -248.5709
1.055199 0.4906479 1.077753 -248.5139 -25.75435 -248.5709
1.210717 0.2982651 0.9947452 -248.5139 -12.99099 -248.5709
1.094506 0.3695542 1.118036 -248.5139 -11.74672 -248.5709
1.186059 0.0438706 1.047235 -248.5139 10.13878 -248.5709
1.080346 0.1029526 1.033319 -248.5139 8.650229 -248.5709
1.179223 -0.3670181 0.7654971 -248.5139 36.28382 -248.5709
1.177514 -0.5974869 0.6944522 -248.5139 35.58916 -248.5709
1.027611 -0.5269302 0.7440127 -248.5139 40.90977 -248.5709
0.7351308 -0.8274673 0.8455752 -248.5139 33.03191 -248.5709
0.6050039 -1.180006 0.5653018 -248.5139 32.10061 -248.5709
0.386498 -1.424635 0.4393252 -248.5139 33.27618 -248.5709
0.8144766 -1.43196 0.1915225 -248.5139 35.61969 -248.5709
0.3791738 -1.539626 0.4622745 -248.5139 12.39069 -248.5709
0.1682363 -1.720045 0.4703311 -248.5139 6.902137 -248.5709
0.3530508 -1.836256 0.2208194 -248.5139 26.48992 -248.5709
0.1565176 -1.836256 0.2130069 -248.5139 21.72657 -248.5709
0.297875 -1.836256 0.0804385 -248.5139 30.94794 -215.4106
0.3386465 -1.836256 -0.01282322 -248.5139 50.84107 -186.4869
-0.108375 -1.836256 0.1466006 -168.8269 49.15405 -206.3953
0.1133047 -1.836256 0.5394229 -111.9338 48.32962 -197.1434
-0.04099218 -1.836256 0.8402041 -109.3613 50.07008 -170.861
-0.07517188 -1.836256 0.9578799 -129.7582 53.8029 -137.2656
-0.1105723 1.423265 0.8287295 -37.54446 16.51283 -121.4182
0.7322011 1.983324 0.7589053 -131.2773 -34.92229 -248.5709
0.829125 1.866136 0.7349795 -134.2162 -32.52534 -248.5709
0.9272696 1.74846 0.6666202 -138.2086 -23.83832 -248.5709
0.9272696 1.664476 0.6446475 -145.6666 -23.84595 -248.5709
1.05935 1.503343 0.5623721 -154.3384 -27.02153 -248.5709
1.038354 1.465013 0.5557803 -160.5216 -17.39557 -248.5709
1.102074 1.364183 0.4862002 -172.6284 -19.60168 -248.5709
1.192895 1.225267 0.381708 -181.3765 -16.2887 -248.5709
1.231713 1.148607 0.3541201 -187.2544 -18.83832 -248.5709
1.274682 0.9955307 0.320917 -200.4987 -16.88412 -248.5709
1.269311 0.777269 0.2532901 -213.6971 -17.96809 -248.5709
1.260033 0.5743881 0.15246 -229.1857 -15.71618 -248.5709
1.189232 0.3915268 0.1487979 -238.72 -20.99863 -248.5709
1.327904 0.2386948 0.00451076 -246.6666 -20.23527 -248.5709
1.266625 0.00944677 0.0425967 -248.5139 -26.37267 -248.5709
1.254906 -0.1319107 0.0003603697 -248.5139 -29.56351 -248.5709
1.234887 -0.3887466 0.01622951 -248.5139 -35.62458 -248.5709
0.9472891 -0.2046646 0.2159365 -248.5139 -44.46428 -248.5709
1.202416 -0.6333755 -0.06165135 -248.5139 -42.16656 -248.5709
1.123314 -1.017165 -0.01599705 -248.5139 -62.64748 -248.5709
0.7676015 -1.591383 0.0001162291 -248.5139 -84.0368 -248.5709
1.055199 -1.669997 0.129999 -248.5139 -62.47191 -248.5709
0.7090078 -1.730055 0.7039737 -232.3536 -48.92229 -248.5709
0.7939687 -1.836256 0.8026065 -242.9109 -96.52534 -248.5709
1.16433 -1.836256 0.4764346 -241.2315 -54.81542 -248.5709
0.8667227 -1.836256 0.7457217 -205.7658 -46.04443 -248.5709
0.8623281 -1.836256 0.8377627 -164.0559 -47.63221 -248.5709
0.8017813 -1.836256 1.034296 -116.575 -35.95282 -248.5709
0.6946035 -1.836256 1.188105 -98.33835 -37.1971 -248.5709
0.471459 -1.834059 1.213739 -76.57499 -46.38031 -248.5709
0.5969472 -1.715407 1.177118 -64.79636 -47.90702 -248.5709
0.5483633 -1.605299 1.155146 -60.85743 -46.57114 -248.5709
0.5022207 -1.388991 1.235712 -76.36888 -43.34214 -248.5709
0.5449453 -1.425368 1.268671 -85.19331 -26.30397 -248.5709
0.5403066 -1.48152 1.327997 -77.04827 -16.57114 -248.5175
0.4807363 -1.449049 1.445673 -92.78873 -10.55588 -218.3724
0.4033437 -1.410475 1.559198 -111.6666 20.25328 -196.4717
0.2773672 -1.613112 1.787958 -125.5903 25.36779 -192.3037
0.3330312 -1.711012 1.893671 -141.6742 41.13115 -184.9678
0.2793203 -1.821608 1.970819 -162.0025 42.84107 -158.319
0.3681875 -1.836256 1.986933 -177.346 56.23038 -134.2274
0.2583242 -1.836256 1.89123 -175.1781 84.81053 -121.9526
0.1262441 -1.836256 2.182978 -189.2773 93.19221 -108.3037
0.143334 -1.836256 2.099726 -205.3689 97.01664 -63.38006
0.1343008 -1.836256 1.830439 -205.3994 108.5128 -43.46403
0.07033594 -1.836256 1.757685 -171.575 125.4212 -30.12052
-0.4716563 -1.836256 1.305048 -8.475756 101.3525 -8.105252
-0.1845469 -1.836256 1.583856 -27.13224 93.15405 -75.50983
-0.3771739 -1.836256 1.449823 -26.16278 71.48228 -41.83807
-0.4323496 -1.836256 1.311396 -11.41469 53.25328 -27.85334
-0.1286387 -1.836256 0.7916202 0.2341679 102.5586 -56.6396
-0.2865977 -1.560866 0.9505557 7.157832 91.1235 -14.33426
-0.3547129 -1.519606 0.734003 11.84486 93.03191 15.58177
-0.5612559 -1.49153 0.7069034 19.37157 79.57389 29.39857
-0.6608653 -1.472243 0.6700381 27.99753 75.65022 15.3375
-0.7721934 -1.365797 0.744501 35.04333 40.00137 12.07795
-0.5893321 -1.270827 0.4468936 47.1502 23.8258 5.520702
-0.6515879 -1.14192 0.3765811 49.3105 20.69603 -6.14342
-0.629127 -1.027174 0.3314151 58.04333 4.97084 9.688641
-0.6498789 -0.9314713 0.275751 65.49371 -0.281069 4.53597
-0.5549082 -0.7459244 0.2342471 56.0586 4.215115 13.95582
-0.5583262 -0.6553482 0.310419 52.02806 1.054809 31.05505
-0.5568614 -0.6077408 0.3131045 50.15783 3.718931 39.01689
-0.6030039 -0.5503677 0.4219913 48.94409 -4.70855 37.49017
-0.5888438 -0.4585708 0.5130557 46.25707 -12.77725 34.83368
-0.5422129 -0.3982681 0.6258487 43.35631 -20.22763 33.88712
-0.5260996 -0.4766372 0.6824893 47.34867 -26.40321 31.81841
-0.4845957 -0.4302505 0.8148135 53.11966 -29.88412 29.35276
-0.3683848 -0.4729751 0.8673038 62.82959 -34.68565 36.3833
-0.3696055 -0.4551528 0.9757022 69.84486 -39.74672 42.55124
-0.3661875 -0.4387954 1.112909 75.31814 -40.2429 35.55124
-0.2817149 -0.3509048 1.19787 80.39448 -38.46428 35.39093
-0.2717051 -0.2010025 1.359003 65.68455 -40.87649 29.16956
-0.1828379 -0.1167739 1.477167 47.30287 -38.51771 39.78788
-0.127418 -0.08527979 1.539423 24.67692 -37.14366 42.32223
-0.07126563 -0.1416763 1.587274 8.447908 -36.14366 42.87948
-0.03220312 -0.1826919 1.616815 4.211267 -34.25053 44.00162
0.02663477 -0.2046646 1.66955 5.890656 -32.35741 42.07796
0.07814844 -0.2312759 1.739618 15.86012 -30.62458 37.4291
0.08962305 -0.170729 1.841181 21.80669 -31.65511 35.97872
0.1067129 -0.2161392 1.89245 30.91356 -34.11313 27.03215
0.2072988 -0.123854 2.180048 38.86776 -31.0826 26.50543
0.3540273 -0.1375259 2.324823 44.02043 -12.04443 29.41383
0.329125 -0.03205714 2.513056 35.67692 3.634962 18.01689
0.4463125 -0.08161768 2.473749 29.86012 20.87924 27.452
0.4599844 -0.2544693 2.562372 41.43264 42.10061 33.49017
0.4175039 -0.1834243 2.719599 48.47844 55.62733 44.16193
-0.2778086 -0.5784439 1.409784 54.0586 -60.89939 -90.81517
-0.2341074 -0.5747818 1.921747 4.249435 11.13114 -33.25029
-0.205543 -0.5781998 1.87829 0.8372213 16.94794 -32.58617
-0.2062754 -0.4881118 2.011591 -9.055908 11.6884 -22.73884
-0.1972422 -0.4307388 2.087763 -27.55209 6.604427 -13.05182
-0.1877207 -0.4995864 2.095087 -47.12461 4.37542 -8.540367
-0.1596445 -0.6162857 2.052851 -45.8269 -1.296336 5.696275
-0.08542578 -0.5689224 2.067743 -40.74293 -0.8612215 15.29169
-0.07175391 -0.4949478 2.143183 -40.99484 -8.090229 31.11612
-0.02805273 -0.5125259 2.203485 -35.9185 -7.174199 34.39857
0.03395899 -0.4077896 2.224726 -24.09408 7.146412 50.3375
0.1150137 -0.4759048 2.4779 -1.781099 23.15405 61.70391
1.781273 -1.156813 2.186884 41.57005 98.13878 -53.45639
0.2820058 -0.1927017 2.61828 67.3105 78.83344 -15.548
0.6684804 -0.06257472 2.176874 83.20364 111.4441 6.688642
0.237084 -0.4038833 2.318476 99.63875 161.5663 -44.5938
0.5024648 -0.2652114 2.6112 135.0891 152.7571 -57.60143
0.5727773 0.02897802 2.473261 156.8067 146.9785 -39.34953
0.3740469 0.2589585 2.947382 112.5777 196.7418 -107.1282
0.6543203 0.1857163 3.440302 96.30287 217.4212 -131.6854
0.5215078 0.4120347 3.263056 73.86776 204.8258 -134.4793
0.6450429 0.3263413 2.944208 59.97463 209.2609 -105.2198
0.6848379 0.1085679 3.239374 40.40974 203.1617 -119.7236
0.7912832 0.0372788 3.407831 49.00516 212.6884 -96.92204
0.8830801 0.1561753 3.263788 53.53951 223.7876 -52.07471
0.775414 -0.08210596 2.95788 60.63111 226.322 -60.27319
0.9021231 0.09416357 2.915888 50.30287 246.0243 -56.28082
0.8713614 0.06437841 2.832392 39.04333 246.0243 -50.84571
0.9250723 -0.03376612 2.725702 33.86776 246.0243 -54.24266
0.9743887 0.02751318 2.628046 14.76852 246.0243 -50.83807
1.05227 0.03215185 2.504999 5.531878 246.0243 -47.6167
1.12185 0.04826513 2.387323 -4.300183 246.0243 -45.71594
1.11477 0.06559911 2.303583 -7.254382 246.0243 -41.93731
1.16726 0.1447007 2.119257 -16.07117 246.0243 -42.28082
1.257836 0.2277085 1.984247 -19.40705 246.0243 -45.5022
1.353783 0.2745835 1.895868 -25.77346 246.0243 -42.38769
1.406518 0.3881089 1.876093 -27.46812 246.0243 -36.97548
