0.9795156 -1.12361 0.4984073 -83.95667 -212.678 192.2993
1.089379 -1.15071 0.5440616 -77.08644 -214.8612 193.0245
1.072533 -1.16902 0.5303897 -71.75819 -208.8002 188.1772
0.9973379 -1.187575 0.5677432 -67.33072 -230.1284 210.3146
1.086938 -1.119704 0.6143741 -66.42232 -224.3956 214.6199
1.090844 -1.237868 0.6131534 -61.7582 -229.9528 221.1314
1.092553 -1.25862 0.5911807 -54.62843 -225.9299 221.536
1.095238 -1.193678 0.6063174 -50.55209 -229.8078 232.3298
1.128197 -1.242751 0.4844913 -43.44522 -231.3727 237.5436
1.131371 -1.211501 0.4717959 -41.20095 -233.3803 243.3833
1.11599 -1.208571 0.4295596 -39.84217 -237.5101 250.2688
1.097191 -1.211745 0.3511904 -38.12461 -242.533 251.6963
1.078393 -1.209792 0.3045596 -39.10171 -247.2658 251.6963
1.218041 -1.243727 0.2029971 -40.33835 -253.4414 251.6963
1.04934 -0.9109634 0.2999209 -66.64369 -254.2429 251.6963
1.037377 -1.328932 0.3101748 -54.74293 -254.2429 251.6963
1.148461 -1.198561 0.3743838 -58.61316 -254.2429 251.6963
1.249779 -1.077956 0.3846377 -59.17041 -254.2429 251.6963
1.323998 -1.240065 0.364374 -53.63606 -254.2429 251.6963
1.490258 -0.9890884 0.4029483 -62.43758 -254.2429 251.6963
1.488061 -0.8274673 0.5045108 -78.30782 -254.2429 251.6963
1.451684 -0.938063 0.5701846 -72.33835 -254.2429 251.6963
1.56057 -0.9009537 0.6968936 -68.88033 -254.2429 251.6963
1.539574 -0.9236588 0.8245791 -58.53682 -254.2429 251.6963
1.517357 -0.7237076 0.904169 -46.23911 -254.2429 251.6963
1.589135 -0.7068619 0.9273623 -42.45285 -254.2429 251.6963
1.56643 -0.6780533 1.067987 -33.41468 -254.2429 251.6963
1.538842 -0.620192 1.182245 -13.97957 -254.2429 251.6963
1.620141 -0.5911392 1.126825 -4.338351 -254.2429 251.6963
1.487328 -0.6641373 1.221063 25.46318 -254.2429 251.6963
1.549584 -0.6160416 1.383661 44.32577 -254.2429 251.6963
1.375268 -0.4165786 1.55578 41.50134 -254.2429 251.6963
1.516381 -0.2927993 1.48205 41.06623 -254.2429 251.6963
1.432152 -0.3091568 1.457148 45.16547 -254.2429 251.6963
1.399193 -0.3413833 1.463739 48.98989 -254.2429 251.6963
1.432885 -0.2669204 1.499628 57.56241 -254.2429 251.6963
1.382104 -0.1231216 1.563593 56.95173 -254.2429 251.6963
1.411645 0.0204331 1.598017 46.70745 -253.1513 251.6963
1.29641 0.02629247 1.613886 30.75325 -246.7315 251.6963
1.296166 0.08220068 1.62536 16.25707 -236.6093 251.6963
1.299096 0.1136948 1.610712 3.249435 -233.4643 251.6963
1.297875 0.08122412 1.634149 -0.9414044 -227.533 251.6963
1.349633 0.310228 1.699579 -1.628427 -222.304 251.6963
1.317895 0.2247788 1.691767 -11.7582 -228.3879 251.6963
1.261498 0.344896 1.795526 -7.300183 -223.1818 251.6963
1.250023 0.4274155 1.884394 -4.468122 -215.3498 251.6963
1.25393 0.52556 1.947626 -11.38415 -196.4566 251.6963
1.259545 0.5563217 1.993524 -4.69713 -167.2505 251.6963
1.109398 0.5594955 2.151484 16.67692 -162.9528 251.6963
1.139184 0.7919174 2.309931 8.379207 -147.7391 251.6963
1.199975 0.7469955 2.209833 -5.681863 -129.8231 241.0322
0.9585196 0.8563705 2.47912 3.959359 -128.3345 233.7573
0.9712149 0.9181381 2.436396 7.196 -100.1055 211.3528
0.8384024 0.9384018 2.372431 3.142565 -92.22764 205.2077
0.7558828 0.8793198 2.394892 7.638748 -91.51008 196.9176
0.7478261 0.822435 2.289667 15.34104 -77.8765 185.5741
0.6767812 0.8729721 2.182734 12.68455 -72.31924 181.5665
0.5793691 0.8549057 2.022577 9.486076 -62.55588 175.5512
0.5522695 0.8688217 1.956171 5.379206 -55.96046 172.307
0.4900136 0.8295151 1.880243 -3.674229 -47.91466 172.1925
0.4135976 0.8131577 1.786005 -4.826901 -41.34214 169.6199
0.3608633 0.7982651 1.684198 -9.414687 -36.59404 167.9329
0.3135 0.8187729 1.637812 -14.33835 -33.44901 168.4367
0.2529531 0.8409897 1.577265 -14.804 -31.99099 166.536
0.218041 0.9606186 1.526239 -17.06354 -33.58641 162.0551
0.1897207 1.058275 1.511591 -16.98721 -35.79252 155.9482
0.1765371 1.136644 1.515009 -12.55973 -41.36504 144.9787
0.158959 1.383226 1.571649 -5.437588 -43.41847 133.3222
0.1350332 1.418626 1.585321 -4.246748 -45.78489 117.3146
0.1960684 1.386156 1.649042 -4.681863 -39.77725 107.3375
0.2002187 1.416185 1.664179 4.104397 -36.18946 93.87949
0.2160879 1.514085 1.660761 6.089129 -29.49481 81.75735
0.2055898 1.546312 1.687372 10.34104 -28.77725 69.91002
1.666283 -1.073805 1.226679 -13.75056 -254.2429 251.6963
1.706322 -0.6101822 1.703974 30.50134 -254.2429 251.6963
1.754418 -0.4817642 1.677362 47.60058 -254.2429 251.6963
1.73391 -0.4114517 1.7008 67.74562 -254.2429 251.6963
1.74685 -0.05866847 1.845331 81.00516 -254.2429 251.6963
1.686059 -0.2935318 1.728632 90.23417 -254.2429 251.6963
1.656762 -0.1250747 1.730341 98.71509 -245.0902 251.6963
1.622094 0.00578466 1.68371 112.6998 -235.9299 251.6963
1.5635 0.1967026 1.744989 119.5471 -223.6475 251.6963
1.441674 0.3961655 1.732782 130.196 -226.7773 251.6963
1.458764 0.4589097 1.751825 136.3105 -227.0673 251.6963
1.396996 0.5966049 1.904901 131.2265 -217.7315 251.6963
1.341332 0.9186264 1.91662 144.7609 -212.3803 251.6963
1.418725 0.990892 1.869745 138.6845 -197.907 251.6963
1.315453 1.127367 1.947626 132.8525 -185.2582 251.6963
1.268578 1.185228 1.944208 136.3487 -173.9147 251.6963
1.179955 1.405443 1.939569 127.5929 -160.1513 251.6963
1.159691 1.500414 1.926874 114.2036 -148.7849 251.6963
1.062035 1.632738 1.956659 103.051 -138.678 251.6963
0.9565664 1.741869 1.986444 94.21127 -127.4643 240.5512
0.8220449 1.841722 1.960565 87.21127 -105.8841 215.5512
0.6560293 2.016283 2.119257 63.99753 -76.22764 185.9558
0.7209707 2.011888 2.145136 61.80669 -37.28107 143.2764
0.596459 1.969652 2.054316 66.53188 -15.31924 134.9787
0.5422597 2.163683 2.14123 54.71508 28.16932 68.22299
0.2702871 2.147386 2.173944 39.82196 34.18458 69.10085
0.2729726 2.014086 2.073114 48.74562 35.78 77.58177
0.1384512 2.109545 1.973749 33.73798 36.38305 65.05505
0.0466543 1.834398 1.951044 18.27997 29.58153 67.64284
0.1191641 1.966722 1.814569 10.27234 39.19221 40.43673
-0.05271094 1.889085 1.894892 -28.53682 39.18458 19.99398
-0.231666 1.722337 1.87414 -48.76583 20.87924 7.917649
-0.1689219 1.533861 1.762323 -61.44522 -9.700916 37.4749
0.1181875 1.314867 1.542353 -68.8498 -0.5711453 19.58941
0.1496816 1.177415 1.530146 -69.39942 25.26855 -13.30373
0.0556875 1.157152 1.588495 -77.23148 44.19985 -27.15105
-0.05075781 1.08098 1.555048 -81.32308 44.78764 -26.89151
-0.05979102 1.028978 1.498651 -85.43758 40.46702 -21.89915
-0.01779883 0.9298569 1.401483 -87.42995 46.15405 -28.28082
-0.01633398 0.9034897 1.375116 -88.31545 49.85634 -32.74647
0.01271875 0.8280502 1.331415 -87.35361 58.77237 -43.92968
-0.07419531 0.7955795 1.265741 -83.7353 65.74947 -49.88388
-0.1391367 0.8065659 1.204462 -80.75056 65.92503 -52.67777
-0.1735605 0.7396713 1.101435 -75.39942 60.78 -56.97548
-0.1652598 0.7594467 1.064081 -75.20094 55.9174 -59.5938
-0.1432871 0.6786362 0.966669 -67.68186 54.42122 -65.57853
-0.1352305 0.6844955 0.8929385 -63.37652 55.96321 -75.43349
-0.1720957 0.6781479 0.8560733 -60.09407 55.61206 -82.99075
-0.2121348 0.7020737 0.8543643 -56.61316 50.6655 -86.31136
-0.1938242 0.7401596 0.8231143 -55.62079 46.37542 -86.86861
-0.1896738 0.7801987 0.7564639 -55.74293 42.97847 -92.32662
-0.1801523 0.8859116 0.7493838 -60.63606 42.04718 -97.32662
-0.1808848 0.9645248 0.7437686 -68.97957 39.32199 -101.8228
-0.1515879 1.038988 0.7852725 -76.07117 33.7571 -103.2274
-0.122291 1.083421 0.7928409 -83.00247 28.87924 -105.0136
-0.05612891 1.088792 0.8148135 -87.42232 27.30672 -110.5327
-0.01218359 1.121263 0.8367862 -88.01011 28.7342 -119.1282
0.006126955 1.161058 0.8470401 -83.55209 28.55099 -128.4488
0.01393945 1.188646 0.8426455 -78.21621 26.88687 -137.5633
0.0244375 1.272142 0.8216495 -75.83453 25.97084 -147.3877
0.04274805 1.318529 0.7796573 -70.6208 24.50519 -158.4564
0.03249414 1.399095 0.7371768 -67.26202 22.8487 -168.7847
0.02248438 1.441087 0.685419 -62.70477 18.74183 -178.6778
0.03298242 1.493089 0.6434268 -58.54446 12.44412 -188.7007
0.06984766 1.546068 0.5740909 -53.26965 7.581527 -201.7236
0.1010977 1.570238 0.5269717 -46.53682 1.138778 -217.2732
0.1238027 1.591966 0.4932803 -42.49102 -5.937557 -231.2656
0.1455312 1.621263 0.4820498 -40.55972 -14.12076 -245.3724
0.1989981 1.65349 0.4637393 -41.28492 -22.43374 -248.5709
0.2661367 1.656908 0.4988955 -45.30782 -31.46428 -248.5709
0.3476797 1.65056 0.5657901 -52.35362 -39.54824 -248.5709
0.4411855 1.658617 0.6087588 -62.42232 -45.63221 -248.5709
0.516625 1.590013 0.7017764 -73.8498 -47.54824 -248.5709
0.5581289 1.519212 0.7708682 -88.83453 -47.2887 -248.5709
0.6577383 1.504564 0.8004092 -89.9643 -55.60931 -248.5709
0.7358633 1.374681 0.7999209 -106.2238 -54.30397 -248.5709
0.7072988 1.28557 0.8719424 -122.0941 -54.70855 -248.5709
