1.657047 2.224976 0.1793623 128.2692 -225.4232 251.8109
1.695133 2.224976 0.1341963 118.1852 -229.2858 251.8109
1.687809 2.224976 0.2052412 122.4829 -237.9728 251.8109
1.73444 2.224976 0.1686201 113.2157 -243.9346 251.8109
1.739323 2.224976 0.2071943 111.9638 -252.1331 251.8109
1.748356 2.224976 0.2567549 108.5974 -261.4308 251.8109
1.641178 2.224976 1.826091 -108.6545 98.5997 -248.4563
2.289799 0.4196173 -0.09920216 -230.6163 231.0959 -248.4563
2.289799 0.1820685 -0.2605791 -230.6163 231.0959 -248.4563
2.289799 -0.06133972 -0.2605791 -230.6163 231.0959 -248.4563
2.289799 -0.228576 -0.2605791 -230.6163 231.0959 -248.4563
2.289799 -0.5569452 -0.2605791 -230.6163 231.0959 -248.4563
2.289799 -0.705871 -0.2605791 -230.6163 231.0959 -248.4563
2.289799 -0.8262323 -0.2605791 -230.6163 231.0959 -248.4563
2.289799 -0.9629511 -0.2605791 -230.6163 231.0959 -248.4563
2.289799 -1.145324 -0.2605791 -230.6163 231.0959 -248.4563
2.289799 -1.379699 -0.2605791 -230.6163 231.0959 -248.4563
2.289799 -1.56549 -0.2605791 -230.6163 231.0959 -248.4563
2.289799 -1.68341 -0.2605791 -230.6163 231.0959 -248.4563
1.993229 -1.774963 -0.2605791 -230.6163 231.0959 -248.4563
1.41193 -1.774963 -0.2605791 -230.6163 231.0959 -248.4563
0.04986963 -1.774963 -0.2605791 -230.6163 231.0959 -248.4563
0.2891274 -1.774963 -0.2605791 -230.6163 231.0959 -248.4563
-0.473812 -1.774963 -0.2605791 -93.8606 189.386 -248.4563
-0.5106772 -1.774963 -0.2605791 -12.69266 55.92031 -206.7769
-0.5592612 -1.774963 -0.2605791 96.41422 -24.86596 -149.7005
-0.9845542 -1.774963 -0.2605791 109.9791 -70.33923 -98.84559
-1.203304 -1.774963 -0.2605791 89.18521 -88.4003 -53.72345
-1.428402 -1.774963 -0.2605791 64.81116 -110.324 -15.3723
-1.355648 -1.774963 -0.2605791 64.04017 -115.5911 7.497924
-1.154964 -1.774963 -0.2605791 61.60505 -119.8278 26.08571
-0.9713706 -1.774963 -0.2605791 62.30734 -122.7514 48.23838
-0.8842124 -1.774963 -0.2605791 67.68903 -136.2629 74.18494
-0.5697593 -1.774963 -0.2605791 63.65086 -136.8507 101.3987
-0.3556479 -1.774963 -0.1121416 75.07834 -137.7896 130.1468
-0.1815757 -1.774963 -0.09505177 87.56688 -136.8736 158.017
-0.0392417 -1.774963 -0.09749317 101.2921 -144.1484 183.7727
0.07184228 -1.774963 -0.01839161 115.7119 -149.6599 207.0399
0.1839028 -1.774963 0.04752636 133.9257 -155.3698 219.2766
0.3692056 -1.774963 0.1053877 149.4295 -161.7056 246.0552
0.4588052 -1.564758 0.3495283 162.7272 -166.1789 250.0094
0.4732095 -1.342346 0.4735518 178.5135 -156.7056 251.8109
0.4561196 -1.226867 0.5917158 185.3913 -151.8583 251.8109
0.5056802 -1.070373 0.6800947 189.9257 -142.4156 251.8109
0.5322915 -0.9631952 0.7186689 197.5898 -135.3621 251.8109
0.557438 -0.8452753 0.7403975 200.5287 -124.9652 251.8109
0.5205728 -0.7749628 0.7609053 204.2616 -121.324 251.8109
0.513981 -0.6626581 0.7716475 203.3226 -113.7438 251.8109
0.5220376 -0.5588984 0.7555342 198.0173 -105.5988 251.8109
0.5195962 -0.4942011 0.6901045 187.8646 -98.49954 251.8109
0.538395 -0.3806757 0.6014814 176.8035 -94.47664 251.8109
0.5830728 -0.3120722 0.53654 168.9791 -94.72855 251.8109
0.6174966 -0.2693475 0.5211592 156.9791 -95.2858 251.8109
0.6655923 -0.2410272 0.4984541 147.9867 -93.84305 251.8109
0.7117349 -0.2210077 0.4784346 138.2386 -94.78198 251.8109
0.7859536 -0.2119745 0.4520674 131.231 -94.48427 251.8109
0.83527 -0.2168573 0.4244795 131.0096 -97.16367 251.8109
0.8696939 -0.1616815 0.3851728 128.7348 -99.43848 251.8109
0.8342935 -0.200744 0.3531904 127.918 -106.698 251.8109
1.024235 0.04388489 0.4537764 101.544 -109.4461 251.8109
0.9470864 -0.07891785 0.3878584 125.918 -107.3545 251.8109
0.9873696 0.04071106 0.2518721 118.5058 -114.9728 251.8109
1.043034 -0.02960144 0.2040205 123.4295 -127.5759 251.8109
1.147038 0.04290833 0.2579756 129.9257 -135.3316 251.8109
1.2132 0.1234747 0.3192549 140.857 -141.7744 251.8109
1.254215 0.1422736 0.3434248 151.5745 -147.0797 251.8109
1.325993 0.2167365 0.3939619 160.2997 -151.2324 251.8109
1.388493 0.2977911 0.4210615 163.399 -155.1331 251.8109
1.445133 0.4025274 0.4051924 170.3073 -160.7362 251.8109
1.467106 0.4555059 0.4161787 175.2768 -168.9118 251.8109
1.574284 0.5807501 0.4786787 172.9333 -171.4079 251.8109
1.617985 0.5634161 0.5489912 177.2616 -169.2553 251.8109
1.700993 0.7326056 0.5270185 164.1547 -169.2782 251.8109
1.541325 2.102235 0.3431807 46.62032 -190.2553 251.8109
2.253239 1.358582 0.5514326 111.5134 -247.5759 251.8109
2.075504 1.959656 0.7191572 117.918 -188.1637 251.8109
1.921208 1.397156 0.7657881 173.857 -175.0721 251.8109
1.526676 1.750184 0.6691084 155.0554 -183.3163 251.8109
1.60651 1.783387 0.5633955 163.2844 -190.9118 251.8109
1.696842 1.834168 0.5507002 136.8646 -183.5988 251.8109
1.677067 1.90741 0.5848799 127.7119 -188.7133 251.8109
1.728336 1.921815 0.5257978 113.7272 -196.553 251.8109
1.789616 1.918885 0.572917 108.5898 -200.0721 251.8109
1.811833 1.985047 0.6105146 106.0631 -206.4232 251.8109
1.851383 2.017518 0.6407881 106.4218 -211.782 251.8109
1.858219 2.128602 0.7548018 105.3608 -216.24 251.8109
1.862125 2.224976 0.8302412 108.3455 -220.3469 251.8109
1.86945 2.224976 0.9242353 111.5058 -223.3774 251.8109
1.848209 2.224976 1.006022 114.8799 -226.6522 251.8109
1.868473 2.224976 1.062419 118.231 -229.4308 251.8109
1.856266 2.224976 1.201335 119.086 -233.2934 251.8109
1.820133 2.224976 1.333171 128.1089 -232.2629 251.8109
1.8465 2.224976 1.433757 130.8112 -224.6751 251.8109
2.037663 2.224976 1.534831 161.8188 -211.3698 240.2384
1.975163 2.224976 1.435222 170.4524 -207.1331 230.4598
1.937565 2.224976 1.482585 158.4524 -200.7591 222.4216
2.038395 2.224976 1.470378 150.9257 -198.5835 215.8338
2.289799 1.303406 0.6402998 -230.6163 185.9508 -248.4563
2.289799 -1.774963 -0.2605791 -230.6163 231.0959 -248.4563
2.289799 -1.774963 -0.2605791 -230.6163 231.0959 -248.4563
2.289799 -1.774963 -0.2605791 -230.6163 231.0959 -248.4563
2.289799 -1.774963 -0.2605791 -230.6163 231.0959 -248.4563
2.002506 -1.774963 -0.2605791 -230.6163 231.0959 -248.4563
1.347721 -1.774963 -0.2605791 -230.6163 231.0959 -248.4563
0.309147 -1.774963 -0.2605791 -230.6163 231.0959 -248.4563
-0.5617026 -1.774963 -0.2605791 -101.769 231.0959 -248.4563
-1.71014 -1.774963 -0.2605791 -16.01327 105.8745 -227.4715
-1.71014 -1.774963 -0.2605791 39.52108 -16.75145 -165.1433
-1.71014 -1.774963 -0.2605791 117.1318 -88.35451 -122.8151
-1.652279 -1.774963 -0.2605791 130.147 -140.4919 -77.57078
-1.3493 -1.774963 -0.2605791 143.7501 -166.4537 -48.13567
-1.08807 -1.774963 -0.2605791 123.3302 -179.5453 -8.074595
-0.9484214 -1.774963 -0.2605791 100.0249 -212.2324 20.45975
-0.8363608 -1.774963 -0.2605791 99.73482 -221.9957 46.22311
-0.630062 -1.774963 -0.2605791 78.46765 -243.0721 78.77274
-0.367855 -1.774963 -0.2605791 76.97147 -260.9576 107.9254
-0.06097022 -1.774963 -0.1490068 56.19284 -254.8201 141.101
0.2957192 -1.774963 -0.112874 69.33025 -250.0263 172.7575
0.2808267 -1.774963 0.1813154 67.92566 -260.0492 194.0399
0.2691079 -1.774963 0.3771162 78.42184 -262.6064 218.2995
0.451481 -1.774963 0.5658369 83.73482 -258.1866 241.2689
0.557438 -1.774963 0.7887373 101.2081 -253.866 251.8109
0.666813 -1.774963 0.9361982 111.2844 -241.6064 251.8109
0.7031899 -1.684875 0.982585 123.4906 -233.6904 251.8109
0.7378579 -1.337707 1.033366 124.4371 -227.8583 251.8109
0.7661782 -1.169006 1.125407 132.6432 -221.3698 251.8109
0.8318521 -1.018615 1.129069 127.9104 -217.2858 251.8109
0.9509927 -0.9983515 1.210368 133.2234 -207.4995 251.8109
0.8423501 -0.9788202 1.325847 141.2463 -195.0415 251.8109
0.9024087 -0.9146112 1.292155 149.0783 -184.5301 251.8109
0.8880044 -0.8037714 1.385173 157.8417 -176.0339 251.8109
0.9153481 -0.7044062 1.389812 166.6967 -164.7209 251.8109
0.9390298 -0.6660761 1.384685 176.8264 -156.1026 251.8109
0.9524575 -0.610412 1.371257 186.9944 -149.1255 251.8109
0.9722329 -0.5266718 1.355144 201.3531 -142.4232 251.8109
0.996647 -0.4754023 1.360271 212.3913 -135.2247 251.8109
1.010075 -0.4190058 1.35905 222.9333 -128.5148 251.8109
1.041569 -0.3735956 1.357829 236.6127 -119.8049 251.8109
1.024479 -0.343078 1.362224 246.315 -110.8202 251.8109
1.090885 -0.3369745 1.307048 266.0096 -100.9041 251.8109
1.11652 -0.2149042 1.25236 269.6508 -92.1026 251.8109
1.181461 -0.1741327 1.143229 269.6508 -84.31633 251.8109
1.221501 -0.1118768 1.048015 269.6508 -77.94229 251.8109
1.253483 -0.05303894 0.947917 269.6508 -72.39267 251.8109
1.265202 -0.04327332 0.8553877 269.6508 -68.85832 251.8109
1.306706 0.01239075 0.7372236 269.6508 -66.29343 251.8109
1.367497 0.04852356 0.6168623 269.6508 -64.05679 251.8109
1.34235 -0.007872924 0.4801435 269.6508 -65.3087 251.8109
1.451237 0.1320197 0.3912764 269.6508 -63.46901 251.8109
1.475163 0.1090704 0.2147627 269.6508 -67.70565 251.8109
