0.8874053 -0.162564 0.7264726 -15.24084 -7.525985 12.90569
0.8334502 -0.154019 0.7533281 -14.64542 -8.617588 13.56218
0.8910674 -0.1249663 0.7796953 -19.40878 -8.464916 14.0431
0.921585 -0.1672026 0.7814043 -19.88206 -4.57942 14.66905
0.8952178 0.1135591 0.5655839 -20.87443 -13.90766 45.05836
0.9086455 0.1128267 0.6280839 -13.85153 -22.96873 39.88279
0.925003 0.123813 0.654207 -13.03473 -24.44965 39.11943
0.9308623 0.1111177 0.6825273 -11.69122 -26.09087 37.50111
0.9325713 0.1155122 0.7079179 -10.43931 -27.57179 36.54692
0.9311065 0.1084321 0.7362382 -9.149237 -28.19011 35.67669
0.9484405 0.09891064 0.7699296 -7.301908 -28.50308 34.50111
0.9552764 0.1025728 0.7940996 -5.515649 -28.58705 33.80646
0.9567412 0.1067231 0.8197344 -4.882061 -28.33515 32.9744
0.9660186 0.1142915 0.8443926 -4.011832 -27.8466 32.41714
0.9665069 0.1067231 0.881502 -4.172137 -26.82369 31.77592
0.9709014 0.1140474 0.8898027 -4.698855 -25.35805 31.03547
0.9752959 0.1296724 0.909334 -4.966031 -23.80843 30.18814
0.9750518 0.123813 0.9278887 -5.630153 -21.8466 29.37134
0.9752959 0.1313813 0.9305742 -6.057634 -19.57942 28.53928
0.9696807 0.1291841 0.9503496 -6.332443 -17.73209 27.68432
0.9821319 0.1323579 0.9620684 -6.508016 -15.28934 26.69195
0.982376 0.1413911 0.9757402 -6.599618 -13.06034 25.47058
0.9779815 0.1423677 0.9679277 -7.24084 -10.64049 24.34081
0.9833526 0.1457856 0.9493731 -8.553817 -8.151939 23.61562
0.984085 0.1443208 0.9664629 -10.41641 -5.945832 22.77592
0.9838408 0.1426118 0.9620684 -12.08817 -3.258809 21.44768
0.978958 0.1496919 0.9571856 -13.79809 -1.159572 20.60798
0.9801787 0.1396821 0.9498613 -15.58435 1.260275 19.52402
0.9818877 0.1294282 0.9474199 -16.34771 3.687756 18.23394
0.9767608 0.1279634 0.9471758 -17.40115 5.970198 16.98966
0.9748076 0.09476025 0.9227617 -18.59199 12.16104 12.84463
0.9704131 0.08328564 0.9098223 -18.88969 13.51982 11.76829
0.9657744 0.06546338 0.8912676 -18.92023 15.23737 10.60035
0.9591826 0.05813916 0.8888262 -19.0042 16.58088 9.47058
0.9547881 0.04666455 0.8783281 -18.71412 18.1076 8.638519
0.9486846 0.03299268 0.8832109 -18.34008 19.77936 7.85226
0.9489287 0.01834424 0.8717363 -17.72176 20.77936 7.272107
0.9335479 -0.004116699 0.8617266 -16.65305 22.04653 6.333176
0.9367217 -0.01046436 0.8512285 -14.78282 23.62669 5.562183
0.9291533 -0.03585498 0.8436602 -12.08053 24.73356 4.394245
0.9342803 -0.04952685 0.8348711 -9.889694 26.09997 3.462946
0.9303741 -0.06710498 0.8224199 -7.088168 27.16867 3.104168
0.9301299 -0.08370655 0.7933671 -4.553817 28.06944 2.753023
0.9318389 -0.09273975 0.7911699 -2.759924 29.0389 2.691954
0.9267119 -0.1152007 0.7684648 -1.126336 29.61142 3.119434
0.9276885 -0.1215483 0.7494218 -0.2790079 30.44348 3.653786
0.9296416 -0.1354644 0.7411211 0.4996181 31.00837 4.432413
0.9281768 -0.148648 0.7276933 1.614122 31.22974 5.653787
0.9193877 -0.1610991 0.7093828 2.46145 31.63432 6.959129
0.9206084 -0.1833159 0.699373 3.079771 31.28317 8.424779
0.9096221 -0.1838042 0.6744707 3.957633 31.19157 10.1118
0.9108428 -0.1945464 0.6722734 4.476717 30.83279 12.0202
0.8998565 -0.1884429 0.6583574 4.927099 30.13814 13.43241
0.9101104 -0.1884429 0.6459062 5.194274 29.30608 15.50111
0.8961944 -0.1847808 0.6383379 5.469084 28.42821 17.33318
0.8876494 -0.178189 0.6261308 5.965267 27.42058 19.0889
0.885208 -0.1742827 0.6207597 7.27061 26.23737 20.60035
0.8825225 -0.1632964 0.6146562 8.240076 25.38241 21.84463
0.8837432 -0.148648 0.6114824 8.453817 24.13814 23.27974
0.8874053 -0.1337554 0.6070879 8.430916 22.80989 24.72249
0.876419 -0.1271636 0.6007402 8.438549 21.28317 25.85226
0.8776397 -0.1193511 0.5978105 9.087404 19.97783 27.08127
0.8744658 -0.101773 0.5870683 10.24771 18.35951 28.18814
0.8839873 -0.09103077 0.5873125 11.93473 16.8786 28.76829
0.8866729 -0.08736866 0.5841386 13.16374 15.26027 29.47058
0.8876494 -0.06026905 0.5878007 14.30878 13.49692 29.98966
0.8971709 -0.04977099 0.5773027 14.91183 11.78699 30.93623
0.8971709 -0.02560107 0.5763261 15.12557 9.680122 31.61562
0.9105987 -0.01607959 0.5748613 14.85076 7.93203 32.12707
0.9162139 0.001986817 0.5875566 14.40802 6.031268 33.07363
0.9147491 0.0115083 0.5924394 13.41565 4.458748 33.86753
0.9179229 0.02371533 0.5992754 12.73626 2.50455 34.40188
0.9262237 0.03934033 0.6146562 11.75153 0.9091299 35.14997
0.9401397 0.05911572 0.640291 10.41565 -0.9076642 35.85226
0.9469756 0.07352002 0.6266191 8.858397 -1.648122 35.93623
0.9525908 0.08328564 0.6510332 7.400382 -2.892397 36.1576
0.9574737 0.09842236 0.6571367 5.560687 -3.930565 36.16524
0.9547881 0.1025728 0.688875 4.125573 -5.274076 36.55455
0.9572295 0.116977 0.6998613 3.102671 -5.976367 35.85989
0.952835 0.1291841 0.7176836 1.308778 -6.823695 35.89806
0.952835 0.1382173 0.7367265 -0.8286262 -7.289343 35.70722
0.9503936 0.1443208 0.7621171 -2.904962 -7.342779 35.05073
0.9574737 0.1601899 0.7843339 -5.233206 -7.319878 34.60035
0.9496612 0.1540864 0.8045977 -6.94313 -7.106137 34.0889
0.9572295 0.1557954 0.8180254 -8.691221 -6.922931 33.2034
0.9687041 0.1633638 0.832918 -9.94313 -6.785527 32.44768
0.9655303 0.1665376 0.8595293 -10.90496 -6.037435 31.26447
0.9699248 0.1682466 0.8810137 -12.06527 -4.854229 30.11943
0.9660186 0.1716645 0.9071367 -12.63779 -3.861863 28.45531
0.9679717 0.1640962 0.9120195 -13.21031 -2.503084 27.24921
0.9748076 0.155063 0.9281328 -13.56908 -1.09087 26.066
0.9772491 0.1492036 0.938875 -13.69885 0.7335572 24.27974
0.978958 0.1562837 0.9483965 -14.24847 2.344244 22.87516
0.9777373 0.1450532 0.952791 -14.50802 4.092336 21.49348
0.9831084 0.1421235 0.9603594 -14.90496 5.901496 20.31791
0.956253 -0.08956593 0.7604082 -11.62252 -20.53362 19.69195
0.9777373 -0.06002491 0.8116777 -16.04237 -23.68629 23.63852
0.9843291 -0.05489795 0.8124102 -16.60725 -24.10614 24.27974
0.9933623 -0.03854053 0.8321856 -17.0958 -24.63286 24.54692
0.9950713 -0.02486865 0.8385332 -17.62252 -24.83133 24.53165
1.000687 -0.02413623 0.8482988 -17.88969 -24.60232 24.79119
1.000198 -0.01925342 0.865877 -18.56908 -24.51835 24.98966
1.013138 -0.009243652 0.8719805 -18.82863 -23.94583 24.65379
1.017288 -0.01437061 0.8985918 -19.20267 -23.22064 24.03547
1.027054 -0.007778809 0.9100664 -19.48512 -22.99163 23.9744
1.031204 -0.01241748 0.9107988 -20.0042 -21.77026 23.71486
1.037308 -0.00436084 0.9391191 -20.29428 -20.86186 23.19577
1.039017 -0.00851123 0.9481524 -20.20267 -20.0298 22.9973
1.046097 -0.01363818 0.9593828 -19.82099 -18.57179 22.43241
1.04219 -0.01217334 0.9767168 -19.32481 -17.02217 21.77592
1.049515 -0.01437061 0.9869707 -18.80573 -15.19774 20.94386
1.051224 -0.02218311 0.9952715 -17.55382 -13.37331 20.01257
1.050491 -0.02315967 1.000887 -16.94313 -11.25881 19.14997
1.057083 -0.01876514 1.013338 -16.0271 -8.930565 18.58508
1.052933 -0.02413623 1.010408 -15.25611 -6.403847 17.84463
1.049759 -0.03023975 1.013826 -14.69122 -4.09087 17.11943
1.050247 -0.03439014 1.019197 -13.96603 -1.47255 16.27211
1.049026 -0.03731982 1.022859 -12.99656 0.9854658 15.53928
1.042923 -0.03829639 1.024812 -12.0042 4.008367 14.89806
1.037308 -0.04537646 1.011873 -10.99656 6.771725 14.73012
1.035843 -0.04513232 1.013582 -10.27137 9.756458 13.85226
1.03389 -0.04586474 0.9999102 -9.668321 12.96256 13.54692
1.034134 -0.05343311 0.9847734 -9.492748 15.75646 13.48585
1.024368 -0.05733936 0.959627 -8.820992 18.42821 13.08127
1.015335 -0.05978076 0.9393633 -7.828626 20.67249 13.01256
1.008499 -0.05392139 0.9044512 -6.981298 22.69539 12.68432
0.9958037 -0.06026905 0.8661211 -6.065268 23.84806 12.41714
0.9870147 -0.05831592 0.8392656 -5.317176 25.04653 12.02783
0.9770049 -0.06637256 0.8282793 -4.301908 25.68776 11.77592
0.9611358 -0.06295459 0.7848222 -3.767557 26.18394 11.51638
0.9574737 -0.06612842 0.7579668 -3.149237 26.17631 11.34844
0.9464873 -0.06734912 0.7364824 -3.370611 25.84806 11.42478
0.9403838 -0.06466358 0.6903398 -3.966031 25.52745 11.53928
0.9274444 -0.06808155 0.6764238 -5.011832 24.17631 11.9515
0.9152373 -0.07345264 0.6407793 -5.729389 22.74119 12.50875
0.9152373 -0.08199757 0.6166093 -6.210305 20.84043 12.94386
0.9074248 -0.08272999 0.6014726 -6.462214 18.55798 13.1576
0.9079131 -0.08956593 0.5809648 -6.920229 16.16104 14.0889
0.9054717 -0.08736866 0.5648515 -7.072901 13.93203 14.12707
0.9052276 -0.09127491 0.5536211 -7.790458 10.9015 14.82173
0.9037627 -0.09640186 0.5567949 -8.515649 8.061802 15.79882
0.9047393 -0.100064 0.5506914 -9.103436 5.603786 16.34844
0.9020537 -0.09835499 0.5438554 -9.515649 2.901496 16.86753
0.9135283 -0.1049468 0.5558183 -10.08053 0.145771 17.76829
0.9132842 -0.1037261 0.5641191 -10.85916 -2.365679 18.54692
0.9174346 -0.108853 0.5807207 -11.54618 -4.953465 19.37134
0.9333037 -0.110562 0.5887773 -11.9126 -6.961099 20.51638
0.9267119 -0.1132476 0.6070879 -12.0271 -9.190107 20.93623
0.9335479 -0.1144683 0.6188066 -12.72176 -10.76263 21.76829
0.9474639 -0.1120269 0.6405351 -12.88206 -12.52598 22.51638
