-0.3603975 0.2029145 0.3424394 -25.49275 -17.86186 15.62325
-0.330124 0.1948579 0.3768632 -26.25611 -17.15957 12.63089
-0.3206025 0.1814302 0.4239824 -25.17977 -15.41912 9.081267
-0.2859346 0.1958345 0.4588945 -24.61489 -14.1214 5.951496
-0.2637178 0.1960786 0.4794023 -24.33244 -11.31224 2.905695
-0.2292939 0.1899751 0.5140703 -24.11107 -8.800795 0.1041679
-0.206833 0.1821626 0.5216386 -23.43931 -6.28171 -2.079039
-0.1704561 0.1833833 0.5318925 -23.10344 -3.823695 -4.117207
-0.1382295 0.1667817 0.5460527 -22.12634 -1.159572 -6.239344
-0.1191865 0.1587251 0.5355546 -20.64542 1.099969 -7.811863
-0.097458 0.1518892 0.5357988 -19.56908 3.367145 -8.926367
-0.09062206 0.1345552 0.5165117 -19.22557 5.970198 -9.781328
-0.1050264 0.1177095 0.4847734 -19.10344 8.199205 -9.872931
-0.1072236 0.09768993 0.4574296 -18.66832 8.916763 -10.13247
-0.1418916 0.08060009 0.4278886 -17.90496 9.695389 -9.651558
-0.1533662 0.05374463 0.4078691 -17.01947 9.794626 -8.979801
-0.1577607 0.04739697 0.3959062 -16.94313 9.328978 -7.956902
-0.1750947 0.0415376 0.3768632 -17.80573 8.672489 -6.285145
-0.1848603 0.04324658 0.3736894 -18.72939 8.214474 -4.567587
-0.1904756 0.04544385 0.3683183 -18.88206 7.809893 -2.788961
-0.2002412 0.05789502 0.3583086 -17.77519 6.916764 -1.216442
-0.1992646 0.0517915 0.341707 -15.75992 6.267909 0.3637104
-0.1951143 0.05862744 0.3316972 -13.9584 5.840428 1.691954
-0.191208 0.06692822 0.3324296 -11.85916 5.382412 2.943863
-0.1843721 0.06790478 0.313875 -11.05763 4.733557 4.737755
-0.1826631 0.08157665 0.3177812 -10.43168 3.825161 6.516381
-0.1934053 0.0932954 0.3082597 -10.36298 3.275542 8.630885
-0.2109834 0.1074556 0.2887285 -9.889694 2.527451 9.768291
-0.2229463 0.1069673 0.2762773 -7.904962 0.7869923 10.9515
-0.2229463 0.1191743 0.2611406 -5.126336 -1.083237 11.66905
-0.227585 0.1194185 0.2423418 -1.195038 -3.503084 11.76829
-0.2307588 0.1279634 0.2406328 2.820229 -5.953465 12.37134
-0.2273408 0.1421235 0.2472246 6.927099 -8.648123 11.54692
-0.2563936 0.1113618 0.2550371 12.65229 -11.48018 10.58508
-0.2712861 0.122104 0.260164 15.71336 -14.35041 10.77592
-0.2961885 0.1323579 0.3002031 18.94237 -16.43438 10.21867
-0.314499 0.125522 0.3341386 18.9958 -18.19011 9.943863
-0.3247529 0.1174653 0.3717363 17.60649 -20.06797 9.569817
-0.3157197 0.1042817 0.4403398 15.60649 -20.79316 9.806458
-0.3030244 0.09305126 0.508455 12.37748 -20.38858 10.23394
-0.2812959 0.07718213 0.5716875 9.293512 -18.984 10.91333
-0.2668916 0.06912549 0.6180742 6.446183 -16.9611 11.31791
-0.2412568 0.06399853 0.6568925 4.171374 -14.49545 11.94386
-0.2270967 0.05252392 0.7049882 3.064504 -11.62522 12.44768
-0.2197725 0.05887158 0.7215898 1.86603 -8.151939 13.1347
-0.2273408 0.06106884 0.7377031 -1.0271 -4.121405 14.56218
-0.2334443 0.07376416 0.7352617 -4.843893 -1.266443 15.88279
-0.2202607 0.06521924 0.7545488 -8.210305 2.519817 17.71486
-0.2046357 0.06424267 0.7655351 -11.04237 5.985466 19.62325
-0.203415 0.07059033 0.7557695 -12.55382 9.374779 21.0889
-0.2153779 0.08645947 0.6927812 -6.370611 17.14577 23.73012
-0.2227021 0.103061 0.664705 -5.904962 18.79463 24.50875
-0.2165986 0.09158642 0.6417558 -6.294275 20.13814 25.46295
-0.21904 0.09280712 0.6339433 -7.56145 21.36714 26.53165
-0.2156221 0.08792431 0.5963457 -9.309542 22.16867 27.98966
-0.2122041 0.07498486 0.5836504 -10.71412 22.1534 29.1347
-0.2046357 0.04519971 0.5524004 -10.37061 21.70302 29.83699
-0.2026826 0.0415376 0.5450761 -8.759924 20.93966 30.09653
-0.2075654 0.02933057 0.5304277 -6.56145 20.00073 30.44768
-0.2178193 0.02566846 0.4994218 -3.805725 18.33661 30.43241
-0.2268525 0.02273877 0.4833086 -1.126336 16.1305 30.64615
-0.2551728 0.01980908 0.452791 1.011069 13.89386 30.79882
-0.2622529 0.0193208 0.4288652 3.972901 10.30608 30.70722
-0.2803193 0.02688916 0.4056718 6.201909 7.115237 30.49348
-0.2942353 0.03641064 0.3924882 9.408016 3.809893 29.9744
-0.2976533 -0.1745269 0.4513261 31.64466 -5.052702 -9.12484
-0.2790986 -0.2819488 0.6644609 22.53779 -34.984 -1.498886
-0.2834932 -0.2919585 0.7162187 26.42328 -35.15957 -1.285145
-0.2895967 -0.3046538 0.7501543 28.64466 -34.76262 -0.2393436
-0.2978975 -0.3256499 0.7743242 29.95763 -33.61759 1.417145
-0.2893525 -0.3346831 0.780916 29.86603 -32.04507 3.012566
-0.1111299 -0.2817046 0.744539 31.39275 -31.70156 4.920961
-0.2090303 -0.3278472 0.8153399 48.40801 -31.90003 -1.147741
-0.2795869 -0.2472808 0.8019121 44.93473 -28.92293 0.3484421
-0.3389131 -0.2282378 0.7753007 43.64465 -26.64049 -0.01796913
-0.3950654 -0.2306792 0.7291582 39.59885 -27.37331 2.233938
-0.420456 -0.2270171 0.7381914 43.0416 -28.97637 1.920961
-0.4302217 -0.206021 0.7684648 44.64465 -26.64812 0.5698166
-0.449997 -0.2506988 0.7909257 42.50725 -26.80079 2.19577
-0.43779 -0.2223784 0.8263262 39.26297 -24.62522 3.058367
-0.4375459 -0.2453276 0.8497637 31.21718 -21.29698 4.87516
-0.4053193 -0.2616851 0.8504961 22.8355 -20.08324 7.821725
-0.3801728 -0.2670562 0.8692949 18.22481 -17.66339 9.394244
-0.3833467 -0.2558257 0.8805254 12.40802 -13.94583 11.07363
-0.39946 -0.2519195 0.8824785 9.980536 -10.64812 12.02783
-0.3931123 -0.2113921 0.8522051 8.690458 -9.335145 13.58508
-0.3833467 -0.2150542 0.8497637 10.29351 -6.747359 13.62325
-0.3721162 -0.2255522 0.8436602 16.05687 -4.182473 13.1347
-0.3843232 -0.2133452 0.7945879 23.37748 -2.159573 12.05837
-0.396042 -0.200894 0.749666 28.96527 -0.854229 10.9973
-0.383835 -0.1979644 0.7125566 32.88129 0.1534045 10.42478
-0.3896943 -0.1991851 0.6869218 33.40038 1.199206 10.31028
-0.3962861 -0.206021 0.6498125 30.77443 2.397679 10.9515
-0.3992158 -0.2402007 0.6271074 26.0874 3.542717 11.39424
-0.4019013 -0.2641265 0.603914 21.03397 4.298443 12.07363
-0.4075166 -0.287564 0.5831621 16.21718 4.351878 12.9286
-0.4092256 -0.3110015 0.5868242 11.87366 3.748825 13.84463
-0.4072724 -0.3244292 0.6376054 7.408015 3.855695 14.85226
-0.4016572 -0.3446929 0.6817949 2.804962 4.932031 15.83699
-0.3867646 -0.3444488 0.7567461 -2.958397 6.321344 17.46295
-0.3774873 -0.3832671 0.827791 -7.828626 8.0389 19.82173
-0.3855439 -0.3647124 0.8832109 -16.43168 10.44348 23.25684
-0.3962861 -0.3630034 0.9015215 -23.34771 12.46638 25.63089
-0.3877412 -0.3671538 0.8883379 -30.74466 14.09233 29.29501
-0.3862764 -0.3525054 0.8605059 -34.57672 15.09233 31.94386
-0.3982393 -0.3312652 0.8209551 -37.0042 15.68012 33.48585
-0.3987275 -0.2904937 0.7430742 -37.13397 14.74119 34.83699
-0.3811494 -0.2492339 0.6659257 -36.39351 13.32898 35.78356
-0.3679658 -0.2270171 0.626375 -35.06527 11.59615 36.37135
-0.3567353 -0.1891753 0.5631425 -36.20267 9.779358 37.1118
-0.33696 -0.1525542 0.5057695 -38.40878 7.863328 37.0431
-0.3401338 -0.1130034 0.4474199 -42.48512 5.634321 37.38661
-0.3435518 -0.1039702 0.4003007 -45.9126 2.397679 37.47058
-0.3374482 -0.09713428 0.392 -47.47748 -0.7473588 37.24921
-0.328415 -0.09273975 0.3675859 -45.68359 -4.602321 35.9744
-0.3225557 -0.09469288 0.3612382 -42.61489 -7.808427 34.79882
-0.3164521 -0.09713428 0.3473222 -38.72939 -11.77789 33.48585
-0.3120576 -0.1149565 0.3309648 -35.30191 -15.39621 32.41714
-0.3064424 -0.1361968 0.3258379 -31.2103 -20.0527 31.53928
-0.3118135 -0.1506011 0.3321855 -26.92786 -24.984 30.54692
-0.3035127 -0.17648 0.3517168 -20.72939 -29.74736 29.50111
-0.2781221 -0.2106597 0.3907793 -12.37824 -34.60232 27.93623
-0.2617646 -0.2343413 0.4496171 -1.088168 -38.63285 26.30264
-0.2605439 -0.2450835 0.4935625 12.30115 -42.19011 23.59272
-0.2715303 -0.2470366 0.570955 26.43092 -44.68629 20.9973
-0.2908174 -0.2279937 0.6285722 38.82786 -46.69392 18.82936
-0.3184053 -0.2028472 0.6981523 46.82023 -47.15194 17.12707
-0.3445283 -0.1923491 0.7640703 49.79733 -46.80843 16.31027
-0.3652803 -0.1840483 0.8011797 48.41565 -45.62522 16.43241
-0.3826143 -0.1811187 0.8519609 43.03397 -43.68629 17.39425
-0.4126435 -0.1952788 0.8973711 35.38511 -40.984 18.83699
-0.4426728 -0.1967437 0.9222734 26.05687 -37.80843 20.79119
-0.4644013 -0.2167632 0.9305742 16.70572 -34.08324 22.50875
-0.4807588 -0.2179839 0.9222734 9.988169 -30.28934 23.95913
-0.4907685 -0.2131011 0.8883379 5.369847 -27.09851 24.03547
-0.5022431 -0.1986968 0.8390215 2.980534 -25.28934 23.53928
-0.5029756 -0.1708647 0.782625 0.1790075 -23.79316 22.86753
-0.5039521 -0.1339995 0.7247636 -5.691221 -22.13667 22.66142
-0.5110322 -0.1193511 0.6913164 -14.81336 -21.68629 23.69959
-0.5071259 -0.1073882 0.6615312 -26.23321 -21.02217 25.25684
-0.4944306 -0.110562 0.6217363 -38.69122 -20.93056 27.58508
-0.4795381 -0.1315581 0.6092851 -50.92023 -20.984 30.48585
-0.4651338 -0.1581694 0.5724199 -60.72176 -21.71683 33.02783
-0.4346162 -0.2240874 0.5526445 -62.41641 -23.47255 34.31028
-0.4126435 -0.2953765 0.5421464 -54.30191 -26.50308 33.73775
-0.3906709 -0.317105 0.5626543 -42.29428 -29.15957 31.93623
-0.3772432 -0.2987945 0.5619218 -30.1645 -31.66339 30.00493
-0.3640596 -0.3149077 0.5770586 -19.25611 -34.13667 29.33318
-0.3577119 -0.3261382 0.5885332 -12.83626 -36.99927 30.1805
-0.3428193 -0.2973296 0.5939043 -9.279008 -39.04507 31.07363
