0.7677764 -0.3420074 0.6026933 -24.71412 -1.640489 -26.78896
0.753128 -0.3371245 0.5956132 -28.23321 -1.09087 -25.56759
0.6996612 -0.3412749 0.5814531 -38.76756 -1.243542 -20.41492
0.7230987 -0.3568999 0.5421464 -54.8897 -0.9076642 -16.72026
0.7348174 -0.3649566 0.5316484 -36.92023 -4.350412 -20.92637
0.7660674 -0.3803374 0.5597246 -28.63779 -6.609954 -22.85766
0.7736358 -0.3700835 0.5902421 -17.34771 -7.151939 -26.39202
0.7504424 -0.337857 0.6139238 -10.65305 -7.426748 -28.20117
0.7252959 -0.3285796 0.6051347 -7.210306 -7.09087 -28.8195
0.6828155 -0.3227202 0.5961015 -7.385878 -7.976367 -28.76606
0.669876 -0.3459136 0.6087968 -60.54618 -7.609954 -10.57522
0.6940459 -0.3324859 0.6349199 -69.37824 -6.319878 -7.544687
0.7421416 -0.3434722 0.6607988 -79.50038 -2.609954 -4.163008
0.7912139 -0.3940093 0.638582 -78.51565 -4.678657 -1.567587
0.8324737 -0.4076812 0.68033 -71.34007 -5.251176 -1.086672
0.8722686 -0.3966949 0.7074296 -63.67596 -2.342779 -1.720259
0.902542 -0.3971831 0.6676347 -60.58435 -0.7473588 -0.9492664
0.9101104 -0.3803374 0.6283281 -53.16451 -2.098504 -1.911098
0.93721 -0.3744781 0.6598222 -45.75993 -2.220641 -3.193542
0.93721 -0.313687 0.6737382 -34.22557 -2.571786 -7.758427
0.9149932 -0.2394683 0.7084062 -26.19504 -2.243542 -11.94927
0.8739776 -0.204312 0.7369707 -25.56145 0.275542 -14.24698
0.8395537 -0.1684233 0.7406328 -27.40114 2.199206 -16.04087
0.7953643 -0.1711089 0.7643144 -28.37824 5.435847 -17.18591
0.7465362 -0.1686675 0.7838457 -27.43931 8.412947 -18.69736
0.7187041 -0.1628081 0.7665117 -26.45458 10.9473 -20.14774
0.7101592 -0.1610991 0.7811601 -24.81336 13.77936 -21.23171
0.7228545 -0.1650054 0.7655351 -21.73702 16.71066 -22.33095
0.7548369 -0.159146 0.744539 -17.75229 19.61905 -24.43018
0.7724151 -0.1454741 0.6927812 -15.0271 21.55035 -26.01797
0.7863311 -0.1415679 0.6517656 -13.55382 23.31371 -27.33858
0.7968291 -0.1252105 0.6253984 -12.56908 24.35188 -29.08667
0.7963408 -0.1850249 0.5953691 -10.79809 24.79463 -29.63629
0.8056182 -0.1513335 0.5804765 -12.90496 24.49692 -30.87293
0.8031768 -0.1532866 0.5804765 -15.49275 26.66485 -31.8424
0.8073272 -0.164273 0.5174882 -19.83626 26.9702 -31.55232
0.7807158 -0.1933257 0.5138261 -19.76756 26.66485 -31.55232
0.751419 -0.2162749 0.4681718 -23.82099 25.47401 -29.45308
0.7057647 -0.2399565 0.4344804 -19.17977 23.49692 -28.60576
0.6618194 -0.2582671 0.3785722 -15.82863 20.48928 -26.39965
0.6503448 -0.2709624 0.3307207 -10.33244 15.62669 -24.78133
0.650833 -0.2460601 0.2943437 -5.996565 10.19921 -22.80423
0.6571807 -0.2226226 0.2682207 -3.53855 4.397679 -21.10194
0.6703643 -0.1820952 0.2596757 -5.202672 -1.365679 -18.8195
0.6806182 -0.1632964 0.2416093 -7.072901 -7.518351 -16.94927
0.6828155 -0.1371733 0.2535722 -9.698855 -13.68629 -14.75843
0.6847686 -0.1259429 0.2594316 -12.15687 -18.75499 -13.31568
0.6950225 -0.1076323 0.2814043 -13.15687 -24.44202 -12.22408
0.701126 -0.08004444 0.3175371 -13.54618 -29.25881 -11.21644
0.7321319 -0.07027881 0.3529375 -14.15687 -32.04507 -9.781328
0.7248076 -0.03170459 0.3951738 -12.34771 -36.12904 -10.17827
0.7416533 -0.01266162 0.4427812 -11.34008 -38.96873 -11.30041
0.7667998 -0.0002104491 0.4889238 -10.04237 -40.40385 -11.29278
0.7814483 0.008578613 0.5387285 -9.072901 -41.69392 -12.72789
0.7834014 0.0337251 0.6058671 -7.088168 -42.12904 -14.9569
0.7814483 0.03299268 0.6615312 -5.653053 -41.0527 -17.30041
0.7941436 0.04349072 0.6859453 -7.103435 -38.76262 -18.72789
0.8009795 0.0415376 0.7157304 -7.950764 -37.25881 -20.21644
0.8158721 0.04983838 0.7350175 -8.576717 -35.80843 -22.10194
0.8271026 0.05691845 0.7679765 -9.714123 -33.66339 -23.89583
0.8356475 0.05935986 0.7916582 -9.782825 -30.75499 -26.12484
0.8297881 0.06155713 0.8119219 -9.653053 -27.88476 -28.23171
0.8158721 0.05618603 0.8436602 -8.660687 -24.8924 -30.59812
0.8002471 0.04739697 0.8500078 -6.950764 -21.8695 -32.61339
0.7853545 0.04519971 0.8724688 -4.057633 -18.72446 -35.12484
0.7438506 -0.5182769 0.501375 5.400382 -68.80843 49.60799
0.7545928 -0.3744781 0.8226641 -5.660687 -59.82369 70.53928
0.7577666 -0.348355 0.8395098 -4.355344 -57.01453 70.30264
0.760208 -0.3246734 0.8561113 -2.515649 -54.8924 69.98203
0.768753 -0.2951324 0.8692949 -0.8896947 -51.96873 68.72249
0.7616729 -0.2721831 0.8819902 0.5530534 -49.51835 67.61562
0.7665557 -0.2441069 0.8868731 1.24771 -46.23591 65.69958
0.7628936 -0.2348296 0.8846758 1.850763 -43.31224 63.33318
0.7731475 -0.2177397 0.876375 2.659923 -40.31224 60.30264
0.7890166 -0.2079741 0.8673418 3.835496 -37.56415 57.44768
0.791458 -0.2028472 0.8475664 3.713358 -35.26644 54.37897
0.7958526 -0.1884429 0.8390215 2.965267 -32.87713 51.40188
0.798294 -0.1874663 0.8324297 1.782061 -30.83896 48.40188
0.7858428 -0.1862456 0.826082 0.4538169 -28.94583 45.21867
0.7882842 -0.1928374 0.8204668 -1.172138 -27.25118 42.45531
0.7892608 -0.1977202 0.8153399 -2.271374 -25.31988 39.55455
0.7812041 -0.2223784 0.803377 -2.637786 -23.58705 36.50875
0.7768096 -0.233853 0.8028887 -2.332443 -22.27408 33.78356
0.7748565 -0.2487456 0.7989824 -1.500382 -21.26644 31.35608
0.7799834 -0.2699859 0.7828691 -0.622519 -20.46492 29.066
0.7797393 -0.287564 0.7899492 0.5301523 -19.46492 27.1347
0.7873076 -0.2961089 0.7816484 1.072137 -18.93056 25.83699
0.7946319 -0.3090484 0.7821367 1.453817 -18.14431 24.25684
0.7958526 -0.3141753 0.7887285 1.86603 -17.11377 23.35608
0.7953643 -0.3280913 0.7857988 1.514885 -16.38858 23.1347
0.8043975 -0.3366363 0.8114336 1.553053 -14.99163 22.63852
0.8022002 -0.334439 0.8060625 2.782061 -14.31224 22.08127
0.807083 -0.3442046 0.8177813 3.156106 -13.92293 22.21104
0.8034209 -0.3276031 0.8263262 4.110305 -11.10614 21.44005
0.8112334 -0.315396 0.845125 4.759161 -10.90766 21.73775
0.8107451 -0.2975738 0.8539141 4.782061 -8.541252 20.73775
0.8075713 -0.2880523 0.8824785 4.491985 -6.289343 20.44768
0.8056182 -0.2756011 0.9022539 4.301145 -3.533618 19.47058
0.8124541 -0.2680327 0.8988359 4.514885 -1.075603 18.75302
0.8151397 -0.2458159 0.9068926 4.942366 2.145771 17.34081
0.8114776 -0.2299468 0.9083574 5.102671 5.077069 15.89806
0.8114776 -0.2162749 0.9156816 4.835496 8.374779 14.11944
0.8117217 -0.2055327 0.9112871 4.46145 12.39768 12.066
0.8034209 -0.1877105 0.9039629 4.041603 15.44348 9.913328
0.7987823 -0.1784331 0.8922441 3.606489 18.83279 7.44768
0.7858428 -0.1708647 0.8734453 3.606489 22.13814 4.546917
0.7868194 -0.1681792 0.8646563 3.919466 25.17631 1.783558
0.775833 -0.1593901 0.8473223 4.598855 28.13814 -1.697359
0.7667998 -0.1476714 0.8236406 4.392748 30.66485 -5.094305
0.7741241 -0.1357085 0.8116777 5.217175 33.35188 -9.23171
0.7719268 -0.1293608 0.7953203 5.346946 35.71829 -12.52179
0.7665557 -0.1222808 0.7789629 5.507252 38.16104 -16.50652
0.7719268 -0.1161772 0.7582109 4.782061 40.18394 -20.23171
0.7626494 -0.11398 0.7401445 3.476717 41.9473 -23.80423
0.7414092 -0.1137358 0.7240312 2.087405 43.81753 -27.46072
0.7262725 -0.1215483 0.7049882 1.743893 44.88623 -31.04087
0.7199248 -0.1259429 0.6922929 2.003435 45.80989 -34.96453
0.7067412 -0.1357085 0.6678789 2.278244 46.45111 -38.62865
0.6945342 -0.1481597 0.6471269 2.965267 47.39005 -42.57522
0.6779326 -0.1728179 0.6315019 3.644657 47.48165 -46.25462
0.669876 -0.1974761 0.6100175 4.240077 47.51218 -49.8653
0.6735381 -0.2196929 0.5968339 4.911832 47.23738 -53.04087
0.666458 -0.2367827 0.5902421 4.835496 47.29081 -55.9111
0.6649932 -0.2692534 0.5731523 4.446183 46.8786 -58.85767
0.6632842 -0.3000152 0.5611894 4.018702 46.48928 -61.09431
0.6554717 -0.3339507 0.5440996 3.583588 45.52745 -63.0714
0.6623076 -0.3595855 0.5277421 3.385114 44.74119 -64.88057
0.6449737 -0.3957183 0.5270097 3.491985 43.68776 -66.01797
0.6398467 -0.424771 0.5196855 4.140839 42.32135 -67.19354
0.6383819 -0.4662749 0.4964921 4.637022 40.8557 -68.16301
0.6330108 -0.4865386 0.5018632 5.308778 39.20684 -68.65156
0.6278838 -0.5256011 0.4930742 5.896565 37.89386 -68.66682
0.6317901 -0.5588042 0.478914 6.736259 36.26028 -68.55232
0.6303252 -0.5873687 0.4769609 7.400382 34.48928 -67.87293
0.6222686 -0.6181304 0.4645097 7.621755 32.68776 -66.9111
0.6217803 -0.634732 0.4808671 8.156107 30.80989 -65.83476
0.6334991 -0.6598784 0.4693925 8.690458 29.07707 -64.75079
0.6422881 -0.6943023 0.4635332 8.713358 26.81753 -62.30042
0.6554717 -0.7196929 0.4732988 8.262978 25.9702 -58.78896
0.6903838 -0.7323882 0.4669511 8.614122 25.74119 -56.35385
0.6945342 -0.7585113 0.4464433 7.644657 23.58088 -52.65919
0.6930694 -0.7670562 0.4391191 7.026336 21.25264 -48.55232
0.683792 -0.7826812 0.4427812 7.346946 19.39768 -45.01034
0.6894073 -0.7836577 0.4535234 7.827862 17.52745 -40.65919
0.6808623 -0.7792632 0.4530351 7.667557 15.87096 -36.31568
0.6864776 -0.7699859 0.4703691 6.820229 14.58852 -31.79659
0.6798858 -0.7704741 0.4698808 6.690458 13.25264 -27.46072
0.6911162 -0.7670562 0.4776933 6.797328 11.47402 -22.81186
0.7050323 -0.7558257 0.4794023 6.285878 11.00837 -18.62102
0.7199248 -0.7301909 0.4725664 6.079771 10.67249 -14.64392
