-0.6633067 -0.07380518 1.284784 -5.155145 -29.89175 5.597038
-0.6711192 -0.05061182 1.251581 -3.658962 -31.54061 2.314595
-0.6650156 -0.01228175 1.258417 -2.10171 -35.21237 0.6123054
-0.6537852 0.004319817 1.281366 -1.704763 -36.58641 -1.601435
-0.6435313 0.01237646 1.320429 -0.5368243 -37.63221 -4.067084
-0.6415781 0.02458349 1.350702 -0.10171 -38.84595 -5.494565
-0.6227793 0.01921239 1.391962 -0.491023 -39.43374 -6.990748
-0.6022715 0.01652685 1.442011 -1.078809 -39.45664 -8.418229
-0.5912852 0.01164404 1.483515 -2.193313 -38.30397 -9.570901
-0.582252 -0.007154793 1.529901 -2.353618 -37.47191 -10.63197
-0.5634531 -0.00227198 1.564814 -2.964305 -35.68565 -11.57854
-0.5480723 -0.02107081 1.616327 -4.20858 -33.2887 -11.95258
-0.531959 -0.03132472 1.64953 -5.742931 -30.82306 -11.99838
-0.5224375 -0.05183253 1.650507 -6.750565 -27.60168 -11.92205
-0.5226817 -0.07575831 1.68371 -8.559726 -25.11313 -10.44876
-0.5300059 -0.1236099 1.675898 -9.704763 -20.27343 -9.548
-0.5390391 -0.1660903 1.668329 -7.842168 -16.85359 -8.273191
-0.5585703 -0.186354 1.627558 -6.720031 -13.05206 -7.341893
-0.583961 -0.1924575 1.585321 -4.949039 -11.30397 -6.35716
-0.6010508 -0.2080825 1.539423 -2.941405 -10.44901 -5.517466
-0.6220469 -0.1970962 1.492304 -1.529191 -10.86122 -4.486931
-0.6474375 -0.1958755 1.455927 -0.3459847 -11.54061 -3.173954
-0.6628184 -0.1853775 1.434442 1.402107 -12.46428 -2.754107
-0.6750254 -0.1675552 1.408808 2.860122 -13.88412 -2.46403
-0.6855235 -0.1634048 1.381708 5.020428 -16.31924 -2.296092
-0.693336 -0.1433853 1.386835 7.318137 -18.87649 -2.5709
-0.6813731 -0.1258071 1.390009 10.14256 -21.00626 -3.257924
-0.6613535 -0.115065 1.417108 13.70745 -23.29634 -4.73884
-0.6476817 -0.08723291 1.45495 16.83722 -24.82306 -5.929679
-0.6252207 -0.07185206 1.488153 19.63111 -26.60931 -6.868611
-0.6020274 -0.07234034 1.536249 22.37921 -27.59405 -8.257924
-0.5832285 -0.0576919 1.564325 25.2189 -28.15893 -9.746473
-0.5456309 -0.04694972 1.618036 27.04333 -28.05206 -11.01365
-0.5209727 -0.02839503 1.681024 28.01279 -26.92229 -11.94495
-0.5016856 -0.02180323 1.727899 29.41738 -25.3116 -12.47166
-0.4858164 0.06218114 1.876581 25.81432 -20.68565 -14.39533
-0.4301524 0.05119482 1.900507 22.13493 -19.56351 -9.410596
-0.2612071 0.02238622 1.818964 23.73035 2.18458 -23.54037
-0.4113535 0.1285874 1.916132 19.78379 -2.41084 -13.98312
-0.4057383 0.1447007 1.978144 8.371572 -8.62458 -2.853343
-0.233375 0.00163427 2.021845 9.333405 3.436488 -14.02128
-0.255836 0.09098974 2.077021 7.028061 6.688396 -9.662504
-0.250709 0.08537451 2.101679 2.447908 10.33725 -9.586168
-0.2304453 0.1132065 2.146845 0.4097404 18.54336 -11.5022
-0.1928477 0.121019 2.118525 -4.063542 26.97084 -10.6854
-0.1886973 0.1503159 2.136835 -12.37652 39.63496 -14.99838
-0.167457 0.1420151 2.24621 -18.29255 40.19985 -10.10525
-0.1589121 0.08708349 2.265741 -15.17041 45.8716 -13.91441
-0.1513438 0.1156479 2.289423 -15.77347 48.6655 -16.25792
-0.08078711 0.09806982 2.250849 -16.81163 59.76473 -18.4564
-0.09226171 0.1034409 2.317255 -21.32308 68.79527 -19.34189
-0.04392187 0.06437841 2.338984 -22.9185 75.7571 -20.58617
0.01369531 0.09221045 2.353388 -20.78873 81.28381 -20.18159
0.01174219 -0.01569971 2.473261 -19.64369 84.68839 -19.25029
0.09841211 0.09465185 2.552851 -17.24675 90.06244 -12.5022
0.3098379 0.04484716 2.32873 -18.11698 135.2075 -30.05182
0.1631094 0.08122412 2.523554 -14.36125 148.6121 -32.58617
0.1499258 0.06462255 2.675653 -4.933771 128.6579 -18.05945
0.2331777 0.04557958 2.57165 5.455542 130.2075 -23.5022
0.3296133 0.159105 2.506952 6.226534 138.7266 -25.4564
0.4070058 0.2223374 2.504999 9.142565 148.0166 -26.63197
0.4919668 0.3373276 2.43371 8.699817 159.635 -31.22739
0.4831777 0.3885972 2.450068 6.30287 172.8945 -38.83044
0.4817129 0.4484116 2.470087 5.440275 180.1617 -44.22739
0.5395742 0.5011459 2.433222 -0.8192672 194.5663 -49.73884
0.573998 0.4308335 2.487665 -6.689496 211.8182 -59.31136
0.6941152 0.4103257 2.586786 -8.544458 219.3754 -58.09762
0.7451406 0.4371811 2.449579 -26.33835 225.1006 -53.31899
0.8137442 0.4811265 2.39245 -31.08644 235.4441 -58.38006
0.8154531 0.4999253 2.372187 -40.31545 246.0243 -61.22739
0.7820058 0.4371811 2.463251 -46.39942 246.0243 -65.33426
0.8486563 0.3329331 2.502314 -43.47575 246.0243 -68.60143
0.9209219 0.2850815 2.502802 -51.53682 246.0243 -64.57853
1.05227 0.2711655 2.401728 -61.39178 246.0243 -61.78464
1.079125 0.285814 2.363886 -65.86507 246.0243 -58.92968
1.195336 0.3351304 2.286005 -73.39178 246.0243 -59.29609
1.285912 0.3260972 2.225702 -75.40705 246.0243 -60.28846
1.344018 0.2992417 2.129023 -75.14751 246.0243 -60.79227
1.376 0.2711655 2.068476 -75.99484 246.0243 -62.92968
1.384301 0.2516343 1.949579 -71.84217 246.0243 -65.31136
1.393334 0.2716538 1.873896 -68.07117 246.0243 -67.86098
0.7148672 -0.5078873 -0.0511533 -17.98721 96.35252 -21.96021
0.7651601 -0.4895767 0.2176455 -16.46049 -5.746718 18.28406
0.8264395 -0.5701431 0.2252139 -21.00247 -7.968092 23.84895
0.8088614 -0.5623306 0.2625674 -19.36889 -14.1284 27.4978
0.8288809 -0.5354752 0.2799014 -21.01774 -17.89176 31.68864
0.8230215 -0.5266861 0.2996768 -19.40705 -23.60168 35.15429
0.8249746 -0.4878677 0.3084658 -17.88797 -28.1055 37.64284
0.8161856 -0.4544204 0.3118838 -15.51392 -32.49481 40.29933
0.8095938 -0.4251235 0.3116397 -12.55973 -37.69328 42.48254
0.8171621 -0.3726333 0.2979678 -11.52156 -42.98336 45.80315
0.8257071 -0.31819 0.2789248 -10.42232 -47.77725 48.50544
0.8130117 -0.2483657 0.2664737 -8.277283 -53.1284 50.78788
0.8252188 -0.1343521 0.2217959 -8.61316 -58.76199 53.25353
0.827416 -0.06086573 0.2112979 -9.200947 -64.12077 54.2459
0.8357168 0.04362646 0.1951846 -9.735298 -70.00626 54.48254
0.7922597 0.2223374 0.1544131 -10.77347 -75.71619 50.37567
0.7646719 0.2826401 0.1112002 -9.819267 -83.0597 47.4978
0.7932363 0.3929917 0.1441592 -21.44522 -88.18183 46.86422
0.8413321 0.2682358 0.06261623 -13.88797 -95.20473 41.61231
0.7734609 0.2867905 0.05382717 -14.13988 -103.5406 42.36803
0.7434316 0.377855 -0.03137791 -19.69713 -104.2276 37.58941
0.6899648 0.3151108 -0.001836896 8.554779 -123.8231 33.68101
0.7534414 0.4918686 -0.04382908 12.92119 -129.136 26.84131
0.7226797 0.5104233 -0.0487119 11.62348 -137.3269 23.35276
0.6755605 0.4886948 -0.06165135 10.47844 -145.1666 17.84895
0.6716543 0.4952866 -0.06165135 12.2418 -161.5941 16.10849
0.7617422 0.6320053 -0.06165135 -20.72766 -164.3421 12.3375
0.7578359 0.4401108 -0.06165135 -66.59026 -168.0063 9.55887
0.7087636 0.2450425 0.02550685 -69.21621 -181.1742 8.406199
0.8086172 0.11931 0.08312405 -71.6895 -186.7696 4.215359
0.8108145 0.01725927 0.2071475 -75.75819 -193.9528 3.894748
0.8518301 -0.1487564 0.280878 -78.36125 -196.7849 4.406199
0.8432852 -0.264479 0.3575381 -77.49102 -202.5482 2.932916
0.8613516 -0.3760513 0.4036807 -78.59026 -206.2047 4.94055
0.9182364 -0.5396255 0.4595889 -80.04827 -199.533 7.597038
0.8889395 -0.615065 0.5513858 -78.53683 -208.3421 12.66574
0.8921133 -0.6475357 0.5921573 -82.12461 -215.5482 19.51307
0.9314199 -0.7447037 0.6458682 -83.15514 -216.3956 25.39093
0.8818594 -0.7901138 0.7481631 -82.8956 -220.1208 33.66574
0.9489981 -0.9138931 0.7962588 -83.9185 -218.3192 43.79551
0.9470449 -0.9712662 0.8548526 -79.52919 -216.304 52.53597
0.9243399 -0.991774 0.8880557 -73.17041 -216.0368 61.25353
0.9128653 -0.9680923 0.8734073 -69.6666 -210.9528 68.84132
0.8657461 -0.9612564 0.9512881 -63.8269 -210.075 75.43674
0.8630606 -0.9707779 0.9998721 -55.55972 -212.762 81.55124
0.8249746 -0.9827408 0.9722842 -48.9185 -209.6551 88.12376
0.7871328 -0.9827408 0.9505557 -43.08644 -207.2887 94.98635
0.7641836 -0.9781021 0.8802432 -37.36125 -205.4261 102.0093
0.7402578 -0.9632095 0.7899112 -35.96431 -205.365 110.139
0.7065664 -0.9453873 0.7176455 -36.6666 -206.678 118.8489
0.6655508 -0.9229263 0.6522159 -36.54446 -209.1513 126.8413
0.6323476 -0.9165787 0.616083 -34.81927 -213.2353 133.5283
0.6135488 -0.9048599 0.5941104 -31.07117 -217.5253 139.6963
0.591332 -0.9021744 0.5843448 -26.92614 -221.7467 145.0627
0.5918203 -0.8872818 0.570917 -22.01774 -226.4261 150.536
0.6018301 -0.8694595 0.5721377 -17.33835 -230.3421 155.6047
0.6269765 -0.8557877 0.5787295 -11.18568 -235.0063 160.4902
0.6472402 -0.8426041 0.5887393 -3.910871 -237.9299 164.3298
0.6770254 -0.8260025 0.5921573 6.386839 -240.8231 167.8718
0.6860586 -0.7937759 0.6173038 16.90592 -242.8154 170.8413
0.6960683 -0.7722916 0.6104678 27.34104 -244.2734 174.0932
0.6814199 -0.7129654 0.5926455 36.196 -247.22 178.0245
0.6889883 -0.6570572 0.5711612 42.47081 -247.8383 180.8566
0.6723867 -0.5830826 0.5543155 48.43264 -252.4032 183.8413
0.6616445 -0.5049576 0.5499209 51.44791 -254.2429 186.1925
0.6714101 -0.4517349 0.5501651 51.47081 -254.2429 188.7573
0.698998 -0.4270767 0.5589541 51.66165 -254.2429 192.8566
0.730248 -0.3780044 0.6087588 48.46318 -254.2429 196.8718
0.744164 -0.3506607 0.6485538 44.86776 -254.2429 201.6963
