-0.2560801 -0.03230128 1.450312 7.508977 39.8029 2.009252
-0.2421641 -0.07307276 1.434198 5.310504 42.51283 7.284061
-0.2297129 -0.08259424 1.416376 5.104397 48.57389 8.627572
-0.2363047 -0.1011489 1.37414 5.188366 54.30672 10.29933
-0.268043 -0.07404932 1.326532 6.508977 57.78764 11.94818
-0.2968516 -0.0552505 1.265497 7.89829 59.59679 14.83368
-0.3144297 -0.03889307 1.182489 9.57768 61.39069 16.03979
-0.3368906 -0.01985011 1.136103 11.29524 63.68077 15.75734
-0.3813242 0.007981926 1.061884 13.56241 63.85633 15.70391
-0.4108653 0.05510107 0.999628 14.51661 62.68077 15.71918
-0.4352793 0.0817124 0.952753 15.73035 60.15405 15.93292
-0.4355235 0.1639878 0.8841495 16.94409 58.62733 13.05505
-0.4548106 0.1112534 0.8201846 20.79142 55.44412 9.627572
-0.4499278 0.1996323 0.8301944 22.88302 52.19221 8.093222
-0.4799571 0.1827866 0.7950381 23.80669 50.48229 3.497802
-0.4731211 0.1705796 0.7413272 28.57005 45.45176 1.406199
-0.4938731 0.1744858 0.7310733 30.44791 41.36015 -1.395328
-0.4953379 0.1788804 0.7054385 31.75325 37.46702 -3.631969
-0.4911875 0.1613022 0.6973819 32.2189 33.35252 -6.189221
-0.4845957 0.1634995 0.6839541 32.60822 28.92504 -7.532732
-0.4809336 0.1439682 0.6812686 32.77615 24.37542 -9.112885
-0.4609141 0.1256577 0.7017764 32.59295 19.48229 -10.18159
-0.455543 0.1305405 0.7337588 31.50898 15.36015 -11.4335
-0.4321055 0.1107651 0.7784366 29.67692 12.97084 -12.02892
-0.4079356 0.09929052 0.7984561 27.1044 10.94794 -11.99838
-0.3979258 0.08024755 0.8167666 25.13493 8.528091 -12.05945
-0.3940196 0.06389013 0.8370303 22.59295 6.413588 -11.49457
-0.3771739 0.04289403 0.8631534 20.21127 5.092977 -10.96021
-0.3720469 0.03776708 0.8929385 17.58531 3.642595 -9.616703
-0.358375 0.01725927 0.9110049 15.36394 2.88687 -8.631969
-0.3525156 0.01286474 0.9315127 14.00516 2.810534 -7.937313
-0.3598399 0.01139989 0.9132022 12.65402 3.176946 -7.204488
-0.3771739 0.01115575 0.9049014 11.52424 3.031908 -6.296092
-0.3888926 0.0216538 0.8719424 9.028061 2.37542 -4.84571
-0.4062266 0.02458349 0.8267764 5.913557 0.7036638 -3.112885
-0.4196543 0.03947607 0.7899112 1.68455 -1.387939 -1.135786
-0.4365 0.04020849 0.7733096 -1.178046 -4.471909 0.6352062
-0.4211192 0.04460302 0.7571963 -5.384153 -6.907023 2.581771
-0.4369883 0.05876318 0.7386416 -9.002474 -9.685649 4.398565
-0.4448008 0.06144872 0.7383975 -11.28492 -13.34977 5.436733
-0.4487071 0.08268896 0.7437686 -12.40705 -16.60168 6.268794
-0.4362559 0.08195654 0.761835 -12.76583 -19.11313 6.284061
-0.4352793 0.1093003 0.763544 -11.62079 -21.67038 5.848947
-0.4350352 0.1276108 0.7664737 -10.01774 -23.63221 5.177191
-0.4445567 0.1461655 0.7491397 -7.926138 -24.55588 3.604672
-0.4643321 0.1581284 0.7335147 -6.147511 -26.51771 2.329863
-0.4736094 0.1527573 0.7005557 -3.926137 -28.1284 1.306962
-0.5046153 0.1749741 0.6580752 -1.010107 -30.14367 -0.3342595
-0.5153574 0.2028061 0.6041202 -0.1322442 -33.34977 -0.3266259
-0.533668 0.2010972 0.5858096 1.646382 -36.79252 -0.8609771
-0.5573496 0.1798569 0.5797061 6.806687 -44.55588 -0.8915113
-0.5265879 0.2313706 0.5657901 10.61585 -56.22 -1.708305
-0.518043 0.1942612 0.438837 18.34104 -52.32687 2.887115
-0.580543 0.4269272 0.4739932 8.134932 -52.16656 -5.173954
-0.5373301 0.4020249 0.4639834 7.096763 -56.67801 -3.700672
-0.5517344 0.4523179 0.4522647 5.157832 -60.22 -4.14342
-0.5595469 0.4891831 0.4395694 1.966992 -61.78489 -5.448763
-0.5785899 0.6188217 0.480585 -3.277283 -65.43374 -9.815176
-0.5849375 0.6742416 0.5181827 -9.949039 -74.34978 -7.517465
-0.5378184 0.7120834 0.5806827 -13.28492 -80.75436 -7.586168
-0.1838144 0.3737046 2.336542 16.03569 -24.46428 -16.01365
0.7148672 0.01042333 0.9498233 -35.04064 246.0243 -124.3343
0.8469473 0.02897802 0.9800967 -37.8727 246.0243 -126.6091
0.914086 0.01774755 1.054315 -44.83453 246.0243 -123.6701
1.012719 -0.01521143 1.163935 -47.20858 246.0243 -122.5022
1.083031 -0.006666512 1.232538 -49.20095 246.0243 -119.5709
1.197777 0.01066747 1.273554 -48.98721 246.0243 -118.693
1.283227 0.02482763 1.343134 -44.84217 246.0243 -120.0594
1.295678 0.04728857 1.333124 -38.88034 246.0243 -123.5022
1.300072 0.04899755 1.232538 -31.6895 246.0243 -128.0213
1.324731 0.008958488 1.048212 -24.25438 246.0243 -131.7541
1.319604 -0.03620753 0.8826846 -20.98721 246.0243 -132.8763
1.31765 -0.02741847 0.7235049 -13.21621 246.0243 -137.1282
1.237572 -0.003492683 0.619501 -8.819267 246.0243 -142.2885
0.9223867 -0.06086573 0.5372256 2.050962 246.0243 -148.2961
1.08352 -0.06037745 0.3550967 5.028061 246.0243 -150.5251
1.066918 -0.1875747 0.2962588 7.982259 246.0243 -148.1205
1.18557 -0.06867823 -0.06165135 12.63111 246.0243 -148.9373
1.137475 -0.09309229 -0.06165135 -3.529191 246.0243 -150.2808
1.019555 -0.09651026 -0.06165135 -15.44522 246.0243 -150.1129
0.8974844 -0.1233657 -0.06165135 -9.712397 246.0243 -153.0747
0.9519278 -0.06110987 -0.06165135 -22.19331 246.0243 -148.2808
0.9822012 -0.04694972 -0.06165135 -48.97194 246.0243 -148.7007
0.8864981 -0.1817153 -0.06165135 -56.47575 246.0243 -148.0671
0.8689199 -0.2586196 -0.06165135 -61.39178 246.0243 -145.9831
0.863793 -0.2840103 -0.06165135 -63.58263 246.0243 -144.632
0.8830801 -0.3430923 -0.003057599 -62.27728 246.0243 -143.6625
0.9104239 -0.3728775 0.04723537 -59.68186 246.0243 -143.6396
0.9265371 -0.3997329 0.0948428 -54.74293 246.0243 -143.4259
0.9775625 -0.4273208 0.0972842 -51.36125 246.0243 -142.1053
1.001488 -0.4920181 0.0948428 -47.71239 246.0243 -139.4411
0.9953848 -0.549147 0.07824123 -41.16278 246.0243 -136.7847
0.9936758 -0.566481 0.04796779 -34.65896 246.0243 -133.7847
1.011742 -0.5594009 -0.00330174 -28.30782 246.0243 -131.7694
1.012963 -0.5401138 -0.05164158 -23.72766 246.0243 -130.3037
1.017357 -0.523024 -0.06165135 -22.8727 246.0243 -127.1434
1.01516 -0.5120377 -0.06165135 -21.86507 246.0243 -124.403
1.010522 -0.502272 -0.06165135 -23.88033 246.0243 -120.777
0.9897696 -0.5020279 -0.06165135 -28.23911 246.0243 -116.2961
0.9739004 -0.5130142 -0.06165135 -32.55209 246.0243 -111.6549
0.9555899 -0.5176529 -0.06165135 -36.50629 246.0243 -107.548
0.9284903 -0.5342545 -0.06165135 -41.48339 246.0243 -102.0136
0.8691641 -0.5469498 -0.06165135 -47.7353 244.8105 -96.67014
0.7844472 -0.6084732 -0.06165135 -47.94904 243.1769 -92.34953
0.6635976 -0.5435318 -0.06165135 -56.30018 223.3067 -86.70831
0.6941152 -0.5679459 -0.06165135 -71.72766 220.8487 -82.22739
0.6577383 -0.6707291 -0.06165135 -74.35361 219.635 -79.56326
0.5547109 -0.7571548 -0.06165135 -70.42232 205.6044 -72.71593
0.5527578 -0.7984146 -0.06165135 -61.69713 198.4288 -68.57853
0.4511953 -0.769606 -0.06165135 -51.14751 184.154 -63.73884
0.3872304 -0.7862076 -0.06165135 -54.12461 168.7266 -58.60143
0.3655019 -0.7998795 -0.06165135 -53.20095 162.6884 -50.46403
0.2988515 -0.8611588 -0.06165135 -53.42995 142.5434 -34.25792
0.2358633 -0.8411392 -0.06165135 -43.74293 130.5586 -39.44876
0.2104727 -0.8362564 -0.06165135 -45.77346 112.4594 -29.99838
0.2278066 -0.8250259 -0.06165135 -47.02537 95.07771 -21.99075
0.1806875 -0.8096451 -0.06165135 -46.94904 83.19984 -16.47166
0.1657949 -0.8657974 -0.06165135 -44.9185 65.07771 -9.425863
0.2029043 -0.8794693 -0.06165135 -41.39178 48.16168 -4.84571
0.2534414 -0.8228287 -0.06165135 -42.07881 32.55099 0.6046719
0.3088613 -0.8106216 -0.06165135 -42.42995 20.26855 6.291695
0.3738027 -0.8281998 -0.06165135 -40.804 9.405954 9.96345
0.4101797 -0.8023209 -0.06165135 -40.23148 -1.449008 14.19246
0.5154043 -0.8203873 -0.06165135 -39.79636 -6.342137 23.31459
0.5573965 -0.8135513 -0.06165135 -39.9185 -15.38031 29.82605
0.6140371 -0.7510513 0.007684588 -42.42232 -20.36504 35.89475
0.6601797 -0.7202896 0.05382717 -44.13988 -26.73908 42.75734
0.7068105 -0.6699966 0.1136416 -46.17804 -31.18183 48.44437
0.730248 -0.5945572 0.1458682 -47.8498 -36.96046 53.94818
0.752709 -0.5393814 0.1817569 -51.36889 -41.18183 58.74971
0.7727285 -0.4739517 0.2396182 -54.36889 -46.92992 62.62757
0.7939687 -0.4219497 0.2786807 -57.52919 -52.00626 66.06269
0.8242422 -0.3921646 0.3392276 -58.7811 -55.95282 68.32986
0.8435293 -0.3516372 0.3829287 -58.8956 -59.20473 69.50544
0.8623281 -0.330397 0.4456729 -58.09407 -62.54061 69.74208
0.8615957 -0.3228286 0.4988955 -55.04064 -66.31161 69.09322
0.8650137 -0.3279556 0.553583 -50.69713 -68.2429 68.23826
0.8730703 -0.340895 0.5880069 -45.98721 -70.60168 67.55124
0.8906485 -0.3528579 0.6309756 -41.14751 -72.12077 67.00162
0.8847891 -0.3880142 0.6324405 -35.03301 -72.54825 66.27643
0.9026114 -0.3682388 0.6580752 -29.69713 -73.32687 67.03979
0.8943106 -0.3694595 0.6463565 -25.48339 -72.18947 68.03979
0.8635489 -0.3482193 0.6119327 -20.70476 -72.62458 68.39857
0.8376699 -0.3384536 0.5689639 -16.46049 -73.72382 68.48254
0.7929922 -0.3406509 0.5130557 -11.49866 -75.48717 68.60468
-0.4596934 -0.5064224 1.488642 20.95173 -23.21237 -5.548
-0.3249278 -0.1284927 1.79748 -5.826901 19.22275 22.41383
-0.3219981 -0.1406997 1.79748 -1.819267 27.18458 20.16192
-0.3173594 -0.1397232 1.786981 1.287603 29.46702 18.70391
-0.3215098 -0.1338638 1.784296 4.615847 31.45176 17.12376
