-1.565853 -1.774963 -0.2605791 -28.28808 -180.4919 28.06281
-1.231624 -1.774963 -0.2605791 0.3607788 -202.6446 64.32999
-0.8776206 -1.774963 -0.2605791 23.05544 -233.2171 94.07808
-0.5790366 -1.774963 -0.2605791 44.53635 -244.385 125.6277
-0.1583823 -1.774963 -0.2605791 71.80353 -253.6751 146.0704
0.1743814 -1.774963 -0.2605791 79.53635 -267.5148 167.5208
0.2998696 -1.774963 -0.1577959 93.52872 -269.1713 196.704
0.5156899 -1.774963 0.1612959 86.54399 -269.1713 225.0628
0.5979653 -1.774963 0.3343916 136.6127 -269.1713 251.3987
0.9597817 -1.774963 0.8446455 115.8264 -269.1713 228.33
0.9888345 -1.774963 1.200847 114.4142 -251.8889 251.8109
0.9800454 -1.141418 1.38029 135.544 -216.2171 251.8109
1.032536 -0.9912714 1.463786 138.9638 -195.1942 251.8109
1.017399 -0.6697382 1.442546 149.7425 -180.866 251.8109
0.9798013 -0.5359491 1.436198 153.8951 -170.4843 251.8109
0.7844888 -0.4973749 1.528239 176.3761 -159.2476 251.8109
0.8731118 0.344422 1.201335 160.7577 -143.24 251.8109
0.9646646 -0.5508417 1.187175 176.6356 -147.9423 251.8109
0.8418618 -0.01641785 1.409587 184.399 -142.6293 251.8109
0.7835122 -0.1807245 1.396159 168.2157 -127.782 251.8109
0.8443032 -0.07452332 1.308269 188.8493 -125.0263 251.8109
0.8123208 -0.07891785 1.296306 185.5669 -115.095 251.8109
0.8054849 -0.03326355 1.272624 188.0249 -110.0492 251.8109
0.7630044 -0.06988464 1.19694 183.2081 -105.1102 251.8109
0.824772 -0.05792175 1.166423 171.2386 -100.2705 251.8109
0.8294106 -0.1795038 1.128581 175.4829 -96.1942 251.8109
0.9050942 -0.1055292 1.092448 165.3455 -91.77435 251.8109
0.9356118 -0.155578 1.063884 162.5898 -87.98045 251.8109
0.9583169 -0.1663202 1.049235 159.1089 -85.71329 251.8109
0.9754067 -0.172912 1.018962 160.7196 -82.48428 251.8109
1.024723 -0.1619257 0.9923506 160.9791 -80.55298 251.8109
1.072086 -0.1223749 0.9435225 165.689 -79.23237 251.8109
1.117497 0.006775513 0.9318037 156.689 -73.08733 251.8109
1.158024 0.02508606 0.7970381 167.1623 -80.82015 251.8109
1.228092 0.186463 0.7753096 174.8188 -77.70565 251.8109
1.299381 0.1715704 0.6593428 194.1089 -78.95756 251.8109
1.363835 0.4235235 0.5997725 200.6051 -84.49191 251.8109
1.391911 0.4657598 0.477458 218.9562 -94.81252 251.8109
1.393864 0.7172247 0.4303389 242.8112 -98.84305 251.8109
1.598454 0.8207403 0.1276045 269.6508 -88.74382 251.8109
1.460758 1.309266 -0.01741505 269.6508 -124.3774 251.8109
1.648014 1.358094 0.08390331 269.6508 -137.3392 251.8109
1.759342 1.468934 0.1791182 269.6508 -146.3927 251.8109
1.896305 1.697693 0.3329268 269.6508 -142.1942 251.8109
2.284977 2.10199 0.1278486 269.6508 -123.7133 251.8109
2.125553 2.224976 0.2887373 269.6508 -128.2324 251.8109
2.287174 2.224976 0.2262373 269.6508 -132.8125 251.8109
2.289799 2.224976 0.2757978 269.6508 -121.8354 251.8109
2.289799 2.224976 0.09757519 269.6508 -99.35451 251.8109
2.289799 2.224976 0.02360058 269.6508 -107.7591 251.8109
2.289799 2.224976 0.07413769 269.6508 -122.7362 251.8109
2.289799 2.224976 0.2840986 269.6508 -132.5224 251.8109
2.289799 2.224976 0.5040693 269.6508 -115.2171 251.8109
2.289799 2.224976 0.4847822 268.5058 -106.8354 251.8109
2.289799 2.224976 0.5824385 190.4982 -102.2553 251.8109
2.289799 2.224976 0.5560713 105.6814 -105.2934 251.8109
2.289799 2.224976 0.576335 50.16994 -101.1408 237.414
2.164371 2.224976 1.023112 11.55162 -107.7591 192.8949
1.884342 2.224976 1.307048 4.627954 -95.06442 139.101
1.76569 2.224976 1.391032 13.38368 -86.75908 82.81853
1.598698 2.224976 1.534831 13.70429 -73.1942 29.29945
1.448307 2.224976 1.689616 31.80353 -61.01099 -31.13567
1.432194 2.224976 1.867351 -14.22701 -45.96519 -80.3952
1.509342 2.224976 1.967937 -53.41021 -26.86596 -140.7463
1.504459 2.224976 1.861003 -89.38731 -12.99573 -195.4792
1.694645 2.224976 1.831218 -88.41785 3.538626 -248.4563
1.953434 2.224976 1.805827 -91.61632 27.01954 -248.4563
2.101627 2.224976 1.694499 -86.1125 42.53862 -248.4563
2.120182 2.224976 1.619792 -82.64685 58.67603 -248.4563
2.224186 2.224976 1.271403 -94.21938 57.95847 -248.4563
2.162174 2.224976 1.363933 -93.50945 68.25618 -248.4563
2.289799 2.224976 1.374187 -106.4637 83.40886 -248.4563
2.21442 2.104676 1.37321 -102.5705 93.21039 -248.4563
2.122379 1.793397 1.245769 -108.4637 100.7142 -248.4563
2.111881 1.59076 1.202067 -113.0285 107.5234 -248.4563
2.163639 1.416932 1.104899 -118.4636 113.0195 -248.4563
2.211246 1.25116 1.078532 -125.2117 119.5615 -248.4563
2.225651 1.173279 0.9967451 -133.1278 126.3173 -248.4563
2.257145 0.9750372 0.987956 -132.5934 135.7753 -248.4563
2.289799 0.9179083 0.8727217 -141.7156 148.5386 -248.4563
2.289799 0.8136602 0.7054853 -148.2499 160.8363 -248.4563
1.152897 -0.2593378 1.295573 169.6127 -15.51481 251.8109
1.245915 1.298768 -0.2605791 202.4677 -75.46138 251.8109
1.278874 1.290711 -0.1814775 211.4677 -91.06442 251.8109
1.373112 1.487 -0.05940723 219.8875 -92.99573 251.8109
1.463688 1.561219 -0.06331348 225.3608 -100.8736 251.8109
1.511051 1.723328 -0.08137989 218.2386 -102.2095 251.8109
1.52985 1.809998 0.04630566 223.0402 -112.9881 251.8109
1.616764 1.927674 0.1402998 238.4066 -123.6064 251.8109
1.756657 2.214783 0.1947432 234.2997 -128.3545 251.8109
1.808415 2.224976 0.2674971 229.8951 -122.5835 251.8109
1.760563 2.224976 0.432292 222.1089 -121.6675 251.8109
1.819401 2.224976 0.479167 215.9562 -123.866 251.8109
1.907292 2.224976 0.5174971 211.1165 -135.3927 251.8109
1.811588 2.224976 0.6034346 196.0402 -130.0644 251.8109
1.747379 2.224976 0.6656904 179.1852 -116.3927 251.8109
1.725407 2.224976 0.7289228 169.3913 -121.2553 251.8109
1.690006 2.224976 0.7479658 153.9104 -113.4461 251.8109
1.704167 2.224976 0.7560225 139.7577 -112.2782 238.2002
1.646061 2.224976 0.8661299 130.5974 -113.5301 211.788
1.598942 2.224976 0.9000654 107.8951 -111.4232 188.3987
1.524967 2.224976 0.9735518 96.18521 -106.0797 150.0323
1.55109 2.224976 1.008952 72.15467 -101.8354 114.4521
1.475163 2.224976 1.103679 48.58979 -101.5072 79.7651
1.504948 2.224976 1.143962 43.68139 -88.59879 23.10861
1.363346 2.224976 1.217204 19.21574 -82.91939 -16.27307
1.269108 2.224976 1.238933 -6.906397 -79.06442 -59.89139
1.231754 2.224976 1.249919 -27.9293 -75.87359 -106.67
1.213688 2.224976 1.301433 -55.60106 -72.15604 -153.5937
1.279362 2.224976 1.360759 -76.18121 -67.65221 -202.754
1.336491 2.224976 1.458415 -99.9751 -61.22473 -248.3036
1.510563 2.224976 1.419353 -118.8301 -46.24 -248.4563
1.685124 2.224976 1.410808 -127.0209 -40.25527 -248.4563
1.811588 2.224976 1.428874 -131.0896 -31.94229 -248.4563
1.998844 2.224976 1.448649 -141.8759 -20.1942 -248.4563
2.169987 2.224976 1.398356 -134.3949 -8.591146 -248.4563
2.284245 2.224976 1.378825 -142.7003 1.233282 -248.4563
2.289799 2.224976 1.352946 -148.0896 12.03481 -248.4563
2.289799 2.224976 1.327067 -158.2117 23.07298 -248.4563
2.289799 2.224976 1.326335 -168.4865 39.90504 -248.4563
2.289799 2.116639 1.268229 -186.143 49.7142 -248.4563
2.289799 1.8349 1.04362 -203.2041 73.75999 -248.4563
2.289799 1.627869 1.070476 -220.5705 78.66077 -248.4563
2.289799 1.422791 0.9691572 -230.6163 95.04243 -248.4563
2.289799 1.153016 0.9188643 -230.6163 110.5768 -248.4563
2.289799 0.9838263 0.8741865 -230.6163 128.2867 -248.4563
2.289799 0.6686407 0.831706 -230.6163 146.4165 -248.4563
2.289799 0.4264532 0.7369795 -230.6163 173.8669 -248.4563
2.289799 0.1920782 0.5319014 -230.6163 195.3478 -248.4563
2.289799 0.1056525 0.3771162 -230.6163 211.4776 -248.4563
2.289799 -0.02300964 0.2018232 -230.6163 231.0959 -248.4563
2.289799 -0.3196405 -0.1992998 -230.6163 231.0959 -248.4563
2.289799 -0.877746 -0.2605791 -230.6163 231.0959 -248.4563
2.289799 -1.477111 -0.2605791 -230.6163 231.0959 -248.4563
2.289799 -1.529601 -0.2605791 -230.6163 231.0959 -248.4563
2.289799 -1.774963 -0.2605791 -230.6163 231.0959 -248.4563
2.289799 -1.774963 -0.2605791 -230.6163 231.0959 -248.4563
2.122868 -1.774963 -0.2605791 -230.6163 231.0959 -248.4563
1.545475 -1.774963 -0.2605791 -230.6163 231.0959 -248.4563
1.3111 -1.774963 -0.2605791 -230.6163 228.8211 -248.4563
0.1289712 -1.774963 -0.2605791 -230.6163 174.1646 -248.4563
-0.5021323 -1.774963 -0.2605791 -230.6163 146.0424 -248.4563
-0.1432456 -1.774963 -0.2605791 -125.4408 68.51573 -248.4563
-0.5358237 -1.774963 -0.2605791 -85.69266 -19.11786 -248.4563
-0.6657065 -1.774963 -0.2605791 -87.45601 -47.11023 -243.5021
-0.6122397 -1.774963 -0.2605791 0.3607788 -80.43848 -216.0899
-0.8422202 -1.774963 -0.2605791 32.96383 -107.2018 -168.899
-0.7850913 -1.774963 -0.2605791 112.9715 -133.24 -139.4563
-0.8329429 -1.774963 -0.2605791 143.3684 -162.2934 -108.7998
-0.7284507 -1.774963 -0.2605791 175.399 -181.5148 -79.47154
