-0.0583955 -0.4433257 0.5458086 -7.477481 2.20684 19.25684
-0.06303418 -0.4496734 0.5250566 -7.385878 1.588519 19.36371
-0.06034863 -0.4496734 0.5323808 -8.301908 1.703023 19.89806
-0.05424511 -0.4408843 0.5399492 -8.477481 1.695389 19.80646
-0.05497754 -0.4416167 0.5419023 -7.798092 2.382412 19.73012
-0.06669629 -0.4450347 0.5438554 -7.775191 2.092336 19.46295
-0.06694043 -0.4399077 0.5248125 -7.889695 1.993099 19.57745
-0.06401074 -0.4413726 0.5336015 -7.973664 1.496916 19.74539
-0.06669629 -0.4389312 0.5458086 -7.904962 1.802259 19.58508
-0.06547558 -0.4484527 0.5336015 -7.851527 2.046535 19.66142
-0.06279004 -0.443814 0.5328691 -7.981298 2.008367 19.60035
-0.06132519 -0.4418609 0.5321367 -7.996565 1.481649 19.79882
-0.05180371 -0.4440581 0.5375078 -8.111069 1.962565 19.60798
-0.05668652 -0.4491851 0.5387285 -7.706489 2.054168 19.58508
-0.05986035 -0.4413726 0.5304277 -7.866794 1.993099 19.48585
-0.06401074 -0.4423491 0.5343339 -7.912596 1.771725 19.75302
-0.06108105 -0.4430816 0.5401933 -7.675954 1.893863 19.58508
-0.05741894 -0.4489409 0.5406816 -7.851527 2.084702 19.75302
-0.05986035 -0.4479644 0.5377519 -7.882061 2.084702 19.63852
-0.06791699 -0.4430816 0.5372636 -7.843893 1.596153 19.69195
-0.05497754 -0.4325835 0.5345781 -7.744657 1.916763 19.50111
-0.06913769 -0.4450347 0.5416582 -7.683588 1.657221 19.77592
-0.06034863 -0.445523 0.5350664 -8.149237 1.939664 19.76829
-0.05424511 -0.4491851 0.5426347 -7.935496 1.741191 19.66142
-0.05961621 -0.4440581 0.5450761 -7.782825 1.848061 19.79119
-0.06205761 -0.438687 0.5296953 -7.737023 1.932031 19.48585
-0.0649873 -0.4484527 0.530916 -8.164504 2.130504 19.79119
-0.06230175 -0.4445464 0.5362871 -8.378244 1.863328 19.94386
-0.05546582 -0.4464995 0.5306718 -8.141603 2.000733 19.77592
-0.06547558 -0.4396636 0.5458086 -8.0271 2.092336 19.69959
-0.05693066 -0.442105 0.5353105 -7.798092 2.000733 19.48585
-0.05619824 -0.4428374 0.5260332 -7.94313 1.855695 19.65379
-0.06303418 -0.447232 0.5306718 -8.088168 1.649588 19.87516
-0.05937207 -0.438687 0.5355546 -8.118702 1.962565 19.60798
-0.05741894 -0.4464995 0.5362871 -7.706489 1.794626 19.64615
-0.06401074 -0.4469878 0.5365312 -7.607252 1.619053 19.82936
-0.06108105 -0.4445464 0.5328691 -7.607252 1.725924 19.66142
-0.06449902 -0.4435699 0.5401933 -7.805725 1.672488 19.78356
-0.06034863 -0.4408843 0.5404375 -7.584351 1.764091 19.59272
-0.06181347 -0.4399077 0.5370195 -7.614886 1.703023 19.85226
-0.05497754 -0.4445464 0.5370195 -7.477481 1.924397 19.50875
-0.06742871 -0.4489409 0.5328691 -7.714122 1.641954 19.66905
-0.06352246 -0.4479644 0.5401933 -7.698855 1.855695 19.34081
-0.05937207 -0.4460113 0.5350664 -7.798092 1.809893 19.64615
-0.06279004 -0.4408843 0.5355546 -7.675954 1.619053 19.73012
-0.066208 -0.4416167 0.5348222 -7.904962 2.077069 19.73775
-0.06352246 -0.4428374 0.5301836 -8.057633 1.947298 19.83699
-0.06425488 -0.4435699 0.5333574 -8.340076 1.809893 19.9515
-0.06523144 -0.4443023 0.539705 -7.973664 1.893863 19.65379
-0.06156933 -0.4433257 0.5377519 -7.75229 2.023633 19.82936
-0.06181347 -0.4381988 0.5289629 -7.996565 1.90913 19.82173
-0.0625459 -0.4377105 0.5382402 -8.378244 1.947298 20.02783
-0.05741894 -0.4474761 0.5345781 -8.187405 2.130504 19.80646
-0.06279004 -0.4494292 0.5284746 -8.034733 1.832794 19.98203
-0.06230175 -0.4430816 0.5379961 -8.179771 1.932031 19.68432
-0.06230175 -0.445523 0.5384843 -8.172137 1.61142 19.82173
-0.06425488 -0.4457671 0.5277421 -8.233206 2.115237 19.72249
-0.06449902 -0.4504058 0.5367754 -8.103436 1.954931 19.83699
-0.06523144 -0.4447906 0.5394609 -8.24084 1.977832 19.81409
-0.05790722 -0.4416167 0.5428789 -8.225573 1.832794 19.80646
-0.05644238 -0.4508941 0.5426347 -7.94313 1.756458 19.63852
-0.06303418 -0.4467437 0.5377519 -7.576718 1.733557 19.67669
-0.066208 -0.4440581 0.5353105 -7.737023 1.474015 19.43241
-0.06279004 -0.4477202 0.539705 -8.133969 1.954931 19.81409
-0.06083691 -0.4457671 0.5355546 -7.920229 1.977832 19.58508
-0.06181347 -0.442105 0.530916 -8.126336 1.878595 19.56218
-0.06791699 -0.4511382 0.5362871 -8.004199 1.756458 19.74539
-0.06279004 -0.4423491 0.54825 -8.05 1.985466 19.81409
-0.06205761 -0.4401519 0.5372636 -7.653054 1.771725 19.53165
-0.06913769 -0.4443023 0.5406816 -7.500382 1.664855 19.45531
-0.06034863 -0.443814 0.5357988 -7.759924 1.756458 19.53928
-0.06132519 -0.4440581 0.5401933 -7.851527 1.893863 19.63852
-0.05912793 -0.4428374 0.5370195 -7.981298 1.886229 19.71486
-0.06327832 -0.4469878 0.5423906 -7.935496 1.756458 19.88279
-0.06864941 -0.4499175 0.5355546 -8.080534 1.848061 19.85226
-0.0637666 -0.4462554 0.5370195 -8.05 1.756458 19.80646
-0.05888379 -0.4406402 0.5399492 -8.072901 1.993099 19.66142
-0.05815136 -0.4413726 0.5421464 -7.843893 2.016 19.56218
-0.06181347 -0.4391753 0.5362871 -7.775191 1.619053 19.63089
-0.06108105 -0.438687 0.5370195 -7.767557 1.771725 19.60035
-0.05497754 -0.4467437 0.5355546 -7.706489 1.756458 19.84463
-0.06279004 -0.4379546 0.5406816 -7.64542 1.886229 19.44768
-0.06279004 -0.4394195 0.5331132 -7.973664 1.680122 19.88279
-0.05741894 -0.4394195 0.5384843 -8.004199 1.802259 19.81409
-0.05863965 -0.4484527 0.5304277 -8.065268 2.000733 19.88279
-0.06596386 -0.4464995 0.5238359 -7.981298 2.046535 19.84463
-0.05888379 -0.4399077 0.5416582 -8.172137 1.626687 19.86753
-0.06230175 -0.4440581 0.5440996 -7.866794 2.046535 19.30264
-0.06156933 -0.4452788 0.530916 -7.248474 1.886229 19.69195
-0.05815136 -0.4452788 0.5333574 -7.553817 1.603786 19.56982
-0.06425488 -0.4399077 0.5265214 -7.737023 1.764091 19.62325
-0.06108105 -0.4413726 0.5316484 -7.691222 1.870962 19.75302
-0.06205761 -0.4474761 0.5445879 -7.897328 1.878595 19.61562
-0.06449902 -0.4521148 0.5389726 -7.660687 2.000733 19.62325
-0.05815136 -0.442105 0.5372636 -7.950764 2.145771 19.61562
-0.06181347 -0.445523 0.5423906 -7.973664 2.099969 19.71486
-0.06425488 -0.4399077 0.5404375 -7.889695 2.183939 19.63852
-0.0625459 -0.4433257 0.5480058 -7.744657 1.802259 19.51638
-0.06987011 -0.447232 0.5384843 -7.882061 1.947298 19.75302
-0.06010449 -0.4401519 0.5409257 -7.874428 1.863328 19.85989
-0.06205761 -0.442105 0.5321367 -7.75229 1.687756 19.53165
-0.06718457 -0.4479644 0.5345781 -8.019465 1.863328 19.56218
-0.06352246 -0.4479644 0.5321367 -8.088168 1.817527 19.82936
-0.0625459 -0.4464995 0.5318925 -8.111069 1.840427 19.63089
-0.06547558 -0.4430816 0.5321367 -8.118702 1.779359 19.88279
-0.06401074 -0.4464995 0.539705 -8.210305 1.832794 19.74539
-0.05961621 -0.4423491 0.5365312 -8.072901 1.886229 19.9744
-0.06083691 -0.4391753 0.5209062 -8.256107 1.664855 19.74539
-0.06352246 -0.445523 0.5394609 -8.24084 1.863328 19.82936
-0.05912793 -0.440396 0.5375078 -7.904962 1.771725 19.9744
-0.0583955 -0.4430816 0.5367754 -8.149237 1.809893 19.84463
-0.06401074 -0.4464995 0.5333574 -8.080534 1.733557 19.9515
-0.06401074 -0.4482085 0.5436113 -7.958397 1.802259 19.85989
-0.06034863 -0.4469878 0.5357988 -8.088168 1.626687 19.67669
-0.05912793 -0.4460113 0.5392168 -8.103436 1.947298 19.82936
-0.06132519 -0.443814 0.5370195 -7.828626 1.786992 19.63089
-0.05497754 -0.4452788 0.5372636 -7.714122 2.023633 19.49348
-0.05888379 -0.4486968 0.5250566 -8.118702 1.786992 19.96676
-0.05937207 -0.4391753 0.5360429 -7.958397 2.038901 19.69195
-0.06352246 -0.4425933 0.5321367 -7.958397 1.993099 19.48585
-0.06449902 -0.4474761 0.5362871 -7.477481 1.802259 19.46295
-0.06156933 -0.4423491 0.5340898 -7.668321 1.748824 19.39425
-0.066208 -0.4428374 0.5458086 -7.958397 1.641954 19.86753
-0.05668652 -0.438687 0.5394609 -8.042367 2.069435 19.66142
-0.07182324 -0.4391753 0.5416582 -7.790458 1.924397 19.52402
-0.05693066 -0.4477202 0.5282304 -8.080534 1.893863 19.89043
-0.0571748 -0.4428374 0.5377519 -8.477481 1.886229 19.77592
-0.05815136 -0.4504058 0.5411699 -8.202672 2.023633 19.74539
-0.05986035 -0.4445464 0.5423906 -8.0271 2.008367 19.46295
-0.06132519 -0.4464995 0.5387285 -8.225573 1.970199 19.78356
-0.06694043 -0.4450347 0.5296953 -8.294275 1.794626 19.85989
-0.05815136 -0.4381988 0.5406816 -8.256107 2.12287 19.85989
-0.06279004 -0.4506499 0.5389726 -7.874428 2.092336 19.57745
-0.06962597 -0.4474761 0.5357988 -8.080534 1.764091 19.80646
-0.06181347 -0.4411284 0.5387285 -8.179771 2.046535 19.64615
-0.06059277 -0.4408843 0.5382402 -8.042367 1.901496 19.53165
-0.06889355 -0.4381988 0.5282304 -7.843893 1.764091 19.73775
-0.06352246 -0.4464995 0.5387285 -7.653054 1.466382 19.63089
-0.06449902 -0.4452788 0.5294511 -7.85916 1.840427 19.89806
-0.06791699 -0.4372222 0.5331132 -8.15687 2.191573 19.63852
-0.05766308 -0.4364898 0.5336015 -7.996565 1.939664 19.54692
-0.06571972 -0.442105 0.5394609 -8.042367 2.153405 19.63852
-0.06059277 -0.4425933 0.5311601 -7.988932 1.886229 19.62325
-0.06108105 -0.4464995 0.5331132 -7.94313 1.901496 19.51638
-0.06327832 -0.4535796 0.5382402 -7.737023 1.977832 19.58508
-0.06132519 -0.4467437 0.5328691 -7.622519 1.832794 19.56218
-0.05644238 -0.4474761 0.539705 -7.790458 1.626687 19.63089
-0.05570996 -0.4440581 0.5514238 -8.072901 1.90913 19.64615
-0.05570996 -0.4406402 0.5375078 -7.355344 1.764091 19.68432
0.4293975 -0.3402984 0.4425371 -17.46985 81.14577 48.68432
