-0.2505342 -0.1960112 0.5697343 -21.82099 10.49692 26.61562
-0.2500459 -0.190396 0.5714433 -20.78283 10.03127 24.76829
-0.2427217 -0.190396 0.5668046 -19.51565 9.306076 23.51638
-0.251999 -0.1889312 0.5731523 -17.95076 8.39768 22.0202
-0.2053682 -0.1059233 0.6349199 -44.14924 9.344244 27.03547
-0.2185518 -0.1064116 0.6170976 -41.51565 10.00837 25.80646
-0.2161103 -0.09005421 0.6134355 -38.57672 10.06944 24.85989
-0.2124482 -0.09078663 0.6161211 -36.43168 10.016 23.93623
-0.224167 -0.08834522 0.6051347 -34.47748 9.794626 23.05837
-0.2473603 -0.1032378 0.6058671 -32.64542 10.77936 23.73012
-0.2400361 -0.1298491 0.6041582 -27.99656 9.695389 23.41714
-0.2339326 -0.1010405 0.5941484 -29.1874 10.07707 23.73775
-0.2278291 -0.1195952 0.5838945 -26.46221 9.74119 23.90569
-0.2175752 -0.08736866 0.5787675 -28.92786 9.664854 24.79882
-0.2200166 -0.09591358 0.5624101 -27.1874 9.435848 24.52402
-0.2280732 -0.08272999 0.5797441 -28.01946 8.863329 24.88279
-0.2288057 -0.06979053 0.5843828 -27.47748 8.90913 24.58508
-0.2297822 -0.0744292 0.5714433 -28.97366 8.245008 24.66905
-0.2353975 -0.06344287 0.5809648 -29.52328 7.573252 24.33318
-0.2344209 -0.07394092 0.5939043 -29.52328 6.9931 23.90569
-0.2295381 -0.05660694 0.6070879 -30.39351 6.840428 23.60798
-0.2253877 -0.04708545 0.6083086 -31.0958 6.50455 23.11943
-0.227585 -0.03976123 0.6192949 -32.0958 6.168672 22.73012
-0.2217256 -0.04049365 0.6241777 -33.1187 5.962565 22.24921
-0.2270967 -0.03951709 0.6273515 -34.60725 5.550351 22.12707
-0.2227021 -0.03341357 0.6329668 -35.83626 5.771725 21.76066
-0.2227021 -0.03780811 0.6356523 -37.97366 5.458748 21.38661
-0.2244111 -0.03707568 0.6322343 -39.82863 5.367145 21.50111
-0.2234346 -0.04171435 0.6336992 -41.86679 5.12287 21.67669
-0.2144014 -0.03683154 0.6336992 -44.28664 4.993099 21.85226
-0.2153779 -0.04635303 0.6280839 -46.59962 4.954931 21.92859
-0.2153779 -0.04879443 0.6319902 -48.24084 5.176305 22.27211
-0.2183076 -0.04879443 0.6253984 -50.14161 5.046535 22.74539
-0.2146455 -0.05001514 0.6175859 -52.13397 5.397679 22.82173
-0.2148896 -0.05807178 0.5848711 -55.10344 5.191573 23.55455
-0.2278291 -0.06710498 0.5853593 -56.89733 4.939664 24.46295
-0.2263643 -0.07125537 0.5702226 -57.90496 4.61142 24.73012
-0.2290498 -0.06344287 0.5648515 -58.0729 4.008367 24.70722
-0.2248994 -0.06051319 0.5755937 -58.27901 3.695389 24.88279
-0.2239228 -0.06759326 0.5672929 -57.77519 2.855695 24.83699
-0.2139131 -0.05904834 0.5748613 -57.17977 2.336611 25.08127
-0.2087861 -0.06612842 0.5812089 -55.47748 2.000733 24.47058
-0.205124 -0.065396 0.6002519 -53.25611 1.886229 24.24921
-0.2026826 -0.0666167 0.6083086 -50.50802 1.496916 23.74539
-0.2029268 -0.06808155 0.621248 -48.28664 1.489282 23.40188
-0.1848603 -0.07076709 0.6319902 -46.04237 1.61142 22.88279
-0.1882783 -0.0798003 0.636873 -43.74466 1.977832 23.02783
-0.1904756 -0.08712452 0.6498125 -42.05 2.428214 23.45531
-0.1799775 -0.08981007 0.6546953 -40.32481 2.20684 23.53928
-0.1780244 -0.09176319 0.6710527 -37.46985 2.71829 23.89043
-0.1794893 -0.08199757 0.6654375 -35.88206 3.848061 24.21867
-0.177292 -0.08150928 0.6627519 -35.34008 4.496916 24.9973
-0.1819307 -0.08224171 0.6607988 -34.81336 5.298443 25.92096
-0.1802217 -0.08443897 0.6510332 -34.70649 5.924397 27.066
-0.1868135 -0.0732085 0.6564043 -35.0958 6.74119 27.77592
-0.1829072 -0.065396 0.6622636 -35.14161 7.359512 28.9515
-0.1777803 -0.04903857 0.6417558 -36.19504 8.519817 29.93623
-0.1809541 -0.04147021 0.6444414 -38.17214 9.206841 30.82936
-0.18779 -0.04635303 0.6344316 -39.78283 9.39768 32.29501
-0.1924287 -0.03609912 0.6363847 -41.36298 9.680122 33.59272
-0.1914521 -0.03390186 0.622957 -43.08054 10.1534 34.42478
-0.1863252 -0.007534668 0.6285722 -44.26374 11.25264 36.01257
-0.1899873 -0.002651855 0.6268632 -44.87443 11.29081 36.46295
-0.1909639 -0.009731934 0.6051347 -45.46985 11.16104 37.25684
-0.1987764 -0.01510303 0.61783 -45.01947 10.93203 37.25684
-0.1919404 -0.01144092 0.6124589 -45.14161 11.04653 37.85226
-0.1936494 -0.000942871 0.6149004 -45.13397 10.91676 38.52402
-0.189499 -0.004849121 0.619539 -44.0729 11.1534 38.41714
-0.1831514 -0.008755371 0.6197832 -40.74466 9.985466 38.40188
-0.1846162 0.01614697 0.6388261 -39.38588 11.75646 37.95913
-0.1833955 0.01565869 0.607332 -40.63779 12.07707 38.78356
-0.1897432 -0.007778809 0.5846269 -40.60725 10.66485 39.07363
-0.1965791 -0.01827686 0.591707 -37.69122 9.71829 39.17287
-0.1897432 -0.002651855 0.6134355 -34.70649 9.733557 38.9515
-0.1897432 0.00711377 0.6239336 -31.88206 9.947298 38.31027
-0.1870576 0.01590283 0.6302812 -28.70649 9.863329 38.1347
-0.1885225 0.02786572 0.6285722 -24.82099 9.893862 37.14233
-0.1770478 0.04349072 0.6202714 -21.22557 9.550352 36.27211
-0.1899873 0.05032666 0.6080644 -18.1874 9.138138 35.50111
-0.1919404 0.06204541 0.5978105 -16.28664 8.924397 34.80646
-0.1904756 0.07059033 0.5948808 -15.1645 8.512184 34.32554
-0.2041475 0.09183056 0.5907304 -13.88206 8.054169 33.53165
-0.2046357 0.09378368 0.5790117 -14.29428 8.298443 33.05836
-0.2031709 0.106479 0.5607011 -15.96603 7.458748 32.89806
-0.2080537 0.09817822 0.5633867 -17.1874 6.771725 32.37897
-0.2058564 0.1003755 0.5694902 -17.99656 6.061801 31.85989
-0.2046357 0.0932954 0.5836504 -18.86679 5.855694 31.34081
-0.1916963 0.1018403 0.5970781 -20.42405 6.199206 30.98203
-0.1858369 0.09817822 0.5975664 -24.17977 6.695389 30.89806
-0.1899873 0.09549267 0.6095293 -27.74466 7.603786 31.10417
-0.194626 0.08255322 0.621248 -31.34771 9.550352 31.2034
-0.0715791 0.5212739 1.036043 43.25534 -2.464916 1.424778
-0.04911816 0.47977 1.005769 35.27061 -1.869496 6.577451
-0.05448925 0.4931977 0.9896563 30.98817 -2.556519 8.539283
-0.04252636 0.4646333 0.9886797 29.78206 -2.457283 10.10417
-0.06571972 0.4536469 0.9837969 22.9042 -3.067969 13.70722
-0.06987011 0.429477 1.008211 26.04924 -3.739725 15.93623
-0.07206738 0.4472993 1.004061 21.89656 -2.106138 18.0889
-0.05448925 0.4592622 0.9899004 24.45382 -2.548886 19.9744
-0.0493623 0.4800141 0.9759844 22.07977 -2.991634 21.9515
-0.02153027 0.5022309 0.968416 22.8126 -3.167206 23.11943
-0.02397168 0.5244477 0.9654863 20.96527 -3.373313 23.9744
-0.0325166 0.5727876 0.9754961 19.59122 -3.266443 23.9744
-0.04399121 0.5727876 0.9830645 18.17138 -3.098504 23.81409
-0.06718457 0.5639985 0.9803789 19.33931 -2.319878 23.14997
-0.08769238 0.5618012 0.9837969 24.10267 -2.564153 21.68432
-0.09501659 0.5703462 0.9899004 28.77443 -2.487817 19.66905
-0.09672558 0.5703462 0.9750078 35.71336 -2.709191 17.10417
-0.09672558 0.5774262 0.9850176 42.15611 -2.854229 14.56982
-0.09379589 0.5788911 0.9859941 49.15611 -3.144305 11.92096
-0.09062206 0.5813325 0.9801348 54.21717 -3.197741 10.10417
-0.07182324 0.5842622 0.9847734 58.68282 -3.121405 8.073633
-0.05937207 0.5845063 0.9928301 61.79733 -2.846595 6.493481
-0.05668652 0.5747407 0.9842852 62.9958 -2.869496 5.440045
-0.0583955 0.5525239 0.9923418 62.11794 -2.396214 5.149969
-0.06547558 0.5610688 0.9796465 60.85077 -1.678656 5.050734
-0.05278027 0.5488618 0.9723223 58.98053 -1.525985 5.44768
-0.06352246 0.5537446 0.9501055 56.01107 -1.556519 5.775924
-0.05815136 0.5679048 0.9435137 52.04924 -1.403847 6.722488
-0.05766308 0.5583833 0.926668 47.00343 -1.067969 7.478213
-0.066208 0.5642426 0.9305742 41.9042 -0.594687 8.722488
-0.06767285 0.5566743 0.9210527 36.31641 -0.243542 9.859893
-0.07206738 0.5608247 0.9161699 30.75916 0.1228702 11.08127
-0.06864941 0.5559419 0.9051836 26.67519 -0.05270219 11.63089
-0.06767285 0.5547212 0.8981035 22.9729 -0.06033587 12.40188
-0.07475293 0.5461762 0.9071367 20.65992 -0.08323669 12.60035
-0.081833 0.5359223 0.9064043 19.0416 -0.1061375 12.51638
-0.07963574 0.5359223 0.9054277 18.43855 -0.1290381 12.38661
-0.08207714 0.5190766 0.895418 18.62939 -0.6252213 12.52402
-0.08500683 0.4993012 0.8929766 19.26298 -0.6939237 12.1118
-0.08622753 0.4956391 0.9015215 19.72099 -0.8923969 12.12707
-0.09233105 0.4870942 0.8856524 20.01107 -1.106137 12.45531
-0.09770214 0.4885591 0.8871172 19.40038 -1.19774 12.87516
-0.08891308 0.4900239 0.8753984 17.95 -1.19774 13.37134
-0.0830537 0.490268 0.8741777 16.25534 -1.396214 14.09653
-0.08525097 0.4912446 0.8744219 13.98817 -1.800794 15.41714
-0.08866894 0.4922212 0.8773516 11.47672 -1.716824 16.30264
-0.09281933 0.4863618 0.8793047 9.003435 -2.235909 17.05073
-0.0962373 0.4826997 0.8893145 7.385114 -2.961099 18.1347
-0.1150361 0.4868501 0.904207 5.522519 -3.144305 18.84463
-0.1099092 0.4875825 0.9137285 6.179007 -3.678657 19.1805
-0.116501 0.4878266 0.9244707 8.476717 -3.976367 19.20341
-0.111374 0.5056489 0.9308184 11.52252 -4.243542 18.35608
-0.1177217 0.5366548 0.9344805 15.46908 -4.106137 17.1118
-0.1106416 0.5537446 0.9313066 19.57595 -4.518351 15.9973
-0.1169893 0.568393 0.9230059 24.54542 -4.961099 14.44768
-0.1152803 0.5827973 0.935457 30.29351 -5.319878 12.17287
-0.1213838 0.5722993 0.924959 36.86603 -5.869496 10.10417
-0.130417 0.5708344 0.9227617 43.43092 -6.49545 7.737756
-0.1243135 0.5630219 0.919832 50.36221 -6.518351 5.737756
