1.552514 0.2191636 1.144159 -12.63606 246.0243 -130.632
1.600121 0.3246323 1.081903 -8.315451 246.0243 -141.235
1.629174 0.2377182 0.8680362 -0.2543817 246.0243 -150.5404
1.737084 0.1945054 0.7193545 7.852489 246.0243 -159.548
1.741234 0.152269 0.6946963 11.0815 246.0243 -155.8228
1.711693 -0.01277003 0.6434268 22.1502 246.0243 -170.319
1.664818 0.02751318 0.5560245 18.05096 246.0243 -167.1511
1.66726 -0.1138443 0.4810733 16.82195 246.0243 -170.2808
1.66433 -0.205397 0.4644717 13.36394 246.0243 -170.0289
1.640893 -0.299147 0.4534854 9.241801 246.0243 -167.9831
1.659691 -0.405104 0.3975772 9.692183 246.0243 -170.9755
1.711693 -0.4634536 0.3612002 10.89829 246.0243 -170.4182
1.759789 -0.5130142 0.3016299 5.982259 246.0243 -160.09
1.874779 -0.5523209 0.1434268 -4.620794 246.0243 -152.5404
1.779564 -0.6240982 0.2545108 -10.18568 246.0243 -146.1969
1.774682 -0.6836685 0.2025088 -28.55209 246.0243 -122.8381
1.779564 -0.7993912 0.1597842 -35.7582 246.0243 -114.6701
1.777855 -0.8643326 0.1104678 -38.61316 246.0243 -107.2045
1.758324 -0.8250259 0.04308498 -51.59789 246.0243 -97.05945
1.673363 -0.8513931 -0.06165135 -65.49866 246.0243 -78.29609
1.540795 -0.9239029 -0.06165135 -77.78873 246.0243 -69.74648
1.485131 -1.104079 -0.06165135 -76.07881 246.0243 -68.67014
1.471215 -0.9895767 -0.06165135 -81.81163 246.0243 -54.87624
1.350609 -1.044264 -0.06165135 -92.17805 246.0243 -55.20449
1.099877 -1.120436 -0.06165135 -88.24675 246.0243 -39.34189
1.164574 -1.148756 -0.06165135 -69.6666 246.0243 -19.57854
0.8222891 -1.405348 -0.06165135 -56.02537 246.0243 -13.02128
0.7190176 -1.293776 -0.06165135 -41.07117 246.0243 12.42146
0.5822988 -1.277663 -0.06165135 -38.04064 246.0243 -18.01365
0.5105215 -1.273268 -0.06165135 -16.09408 246.0243 -2.227389
0.3493886 -1.328688 -0.06165135 9.371572 246.0243 13.52834
0.2102285 -1.197829 -0.06165135 23.25707 246.0243 38.98635
0.06276758 -0.9895767 -0.06165135 22.2647 226.7266 27.93292
0.0466543 -0.9212173 -0.06165135 0.6692824 191.4594 30.07032
-0.134498 -0.8445572 -0.06165135 -2.544458 154.2838 56.03215
-0.03488867 -0.7144302 -0.06165135 -4.826901 123.8029 56.34513
-0.09201757 -0.5767349 -0.06165135 -13.07118 89.60442 63.72681
0.03298242 -0.5139908 -0.06165135 -13.7811 61.17694 67.17719
0.1438223 -0.4058364 -0.06165135 -18.38415 35.14641 69.3604
0.2583242 -0.373854 -0.06165135 -19.05591 14.47466 72.26116
0.3972402 -0.2552017 -0.06165135 -21.43759 -4.281069 66.39093
0.5268789 -0.2202896 -0.06165135 -22.44522 -21.38031 73.90238
0.6296621 -0.2407974 -0.06165135 -11.99484 -30.67802 66.91765
0.6701894 -0.08845362 -0.06165135 -10.64369 -40.3116 59.06269
0.7297597 0.003343254 -0.06165135 -18.32308 -52.32687 62.91002
0.7861562 0.007737785 -0.06165135 -23.69713 -66.1284 70.71154
0.8833242 0.1405503 -0.06165135 -32.38415 -71.991 67.23063
0.8154531 0.1344468 -0.02356541 -40.22385 -83.96046 73.07796
0.9582754 0.1359116 0.06286037 -45.30782 -84.27344 67.73444
1.801049 0.05436864 1.57995 24.62348 246.0243 -177.1205
1.939965 0.169603 0.9854678 32.86012 246.0243 -205.9831
1.979272 0.3402573 0.7835635 47.11966 246.0243 -209.9678
2.064904 0.45598 0.4168643 51.02043 246.0243 -217.1129
1.995629 0.4381577 0.5694522 55.53188 246.0243 -212.5022
1.892846 0.3478257 0.4930362 50.40211 246.0243 -223.632
2.028588 1.49431 0.1751651 -19.42232 246.0243 -193.403
1.855492 0.06901708 0.3670596 -39.39178 246.0243 -210.693
1.901879 0.3378159 0.2430362 -55.85743 246.0243 -204.0518
1.934105 0.24431 0.102167 -62.20095 246.0243 -219.3648
1.876488 0.07121435 0.1028994 -73.90324 246.0243 -215.8304
1.894799 -0.1040786 -0.03211033 -85.32308 246.0243 -223.7847
1.843529 -0.2530044 -0.03479588 -96.56736 246.0243 -225.2274
2.064904 -0.5135025 -0.06165135 -111.1933 246.0243 -198.0824
1.752465 -0.8330826 -0.06165135 -123.7353 246.0243 -196.6472
1.443871 -0.6900162 -0.06165135 -157.1399 246.0243 -193.4946
1.328881 -0.8518814 -0.06165135 -175.6208 246.0243 -180.4869
1.369897 -0.8804459 -0.06165135 -189.6895 246.0243 -159.6549
1.243188 -1.247633 -0.06165135 -193.2315 246.0243 -147.0442
1.032982 -1.362135 -0.06165135 -202.8269 246.0243 -132.9221
0.2668691 -1.836256 -0.06165135 -195.6971 246.0243 -56.7312
0.4521719 -1.836256 -0.06165135 -177.7048 246.0243 -56.92968
0.01271875 -1.836256 -0.06165135 -182.888 246.0243 -59.50983
-0.0236582 -1.836256 -0.06165135 -158.1093 233.4899 -21.84571
-0.3215098 -1.836256 -0.06165135 -139.5674 193.9098 -3.425862
-0.4426035 -1.836256 -0.06165135 -145.8727 114.3907 49.79551
-0.3158946 -1.836256 -0.06165135 -149.8269 96.57389 56.44437
-0.2873301 -1.836256 -0.06165135 -108.5292 67.78763 43.59704
-0.006324217 -1.836256 -0.06165135 -40.26202 48.38305 45.65811
0.223168 -1.749342 -0.06165135 -38.21621 25.8945 59.79551
0.3904043 -1.595045 -0.06165135 -24.76583 5.306717 87.84895
0.5615469 -1.440504 -0.06165135 -3.307817 -1.449008 99.26116
0.6396719 -1.246168 -0.06165135 15.79905 -7.387939 97.3146
0.6740957 -0.9661392 -0.06165135 23.58531 -20.97573 100.2459
0.8135 -0.7681412 -0.06165135 32.95173 -33.46428 108.3528
0.8904043 -0.4492935 -0.06165135 36.66928 -45.00626 109.5131
0.8947989 -0.1919693 -0.006475568 19.1731 -64.37267 119.2383
1.05227 -0.177565 0.08458889 13.66928 -65.29633 121.2917
1.049828 -0.2444595 0.1966494 21.66165 -66.80779 111.6428
1.099633 -0.123854 0.260126 41.86776 -74.21237 118.4902
1.197533 0.2780015 0.4920596 43.87539 -68.59405 111.4444
1.278588 0.3793198 0.4932803 31.58531 -68.14367 118.8871
1.248314 0.3971421 0.6478213 34.02043 -78.63985 121.3375
1.281762 0.4354722 0.7015323 49.01279 -76.71619 111.4215
1.246606 0.4689194 0.7750186 78.86012 -90.73909 121.2077
1.292992 0.4845444 0.8482608 93.40974 -81.2429 77.86421
1.24099 0.8021713 1.272821 101.3258 -93.57115 82.10085
1.465844 1.026048 1.290888 75.73798 -86.36504 59.69628
1.276879 1.061693 1.331171 53.53188 -93.37267 91.90238
1.383324 0.9354721 1.264765 25.47081 -69.57878 74.41383
1.410424 0.7953354 1.299433 21.2418 -36.30397 34.08559
1.128197 0.9965073 1.579218 -12.74293 -65.04443 77.32223
1.261498 0.6608139 1.339228 -25.72003 -33.97573 35.61994
1.167992 0.5494858 1.354853 -24.63606 -29.59405 30.89475
1.16433 0.4740464 1.219355 -24.23148 -23.61695 25.5665
1.049828 0.3470932 1.127558 -28.90324 -20.07496 23.60467
1.01809 0.2860581 1.008417 -30.18568 -15.37267 20.27643
0.8564688 0.1625229 0.8734073 -32.6666 -18.93756 18.18482
0.818627 0.06218114 0.7208194 -39.10171 -18.42611 16.91002
0.7348867 -0.05354151 0.6197452 -45.24675 -23.80779 19.79551
0.6965566 -0.1287368 0.5364932 -53.35362 -28.95282 21.94055
0.6462636 -0.2910903 0.4085635 -55.72003 -36.99099 25.32986
0.5969472 -0.4409927 0.3445987 -55.74293 -42.1513 29.94055
0.5334707 -0.5735611 0.2735537 -58.39178 -50.92229 35.98635
0.402123 -0.6621841 0.2105654 -70.23911 -66.70092 44.95582
0.4963613 -0.7810806 0.1619815 -63.07881 -73.55588 46.08559
0.5049062 -0.8828873 0.09874905 -52.49102 -82.1513 49.32986
0.5134511 -0.9185318 0.08654202 -48.29255 -87.53298 49.4291
0.5261465 -0.9969009 0.06481349 -41.28492 -99.72382 56.16956
0.5510488 -1.027663 0.05797756 -38.07881 -111.533 61.14666
0.6001211 -1.035963 0.09826077 -41.88034 -122.0063 68.14666
0.6755605 -1.004713 0.1307315 -54.98721 -137.5101 84.39093
0.7131582 -1.151442 0.1417178 -52.65133 -142.304 85.39093
0.7729726 -1.179518 0.2383975 -37.8269 -150.3727 88.94055
0.7663808 -1.040846 0.4090518 -36.25438 -153.3574 90.3833
0.8703848 -1.006667 0.4974307 -40.90324 -157.4414 100.0245
0.8552481 -1.084059 0.5665225 -44.02537 -161.449 109.1314
0.8572012 -1.125075 0.6348819 -44.43759 -163.4108 116.5512
0.9900137 -1.085524 0.6763858 -52.18568 -160.8002 124.8413
0.9397207 -1.165602 0.6844424 -53.49866 -162.8154 135.6047
0.9389883 -1.190993 0.6707705 -56.35362 -166.1818 142.6505
0.9880606 -1.210036 0.7276553 -61.09407 -167.9223 150.2764
0.9507071 -1.338454 0.7459659 -58.41468 -166.2276 159.307
0.9455801 -1.333571 0.7769717 -57.31545 -169.3879 168.1619
0.9363028 -1.44026 0.7313174 -58.65896 -166.5788 174.6505
0.929711 -1.403883 0.7469424 -63.7811 -171.3192 188.91
0.9428946 -1.484938 0.6798038 -73.46049 -170.5864 205.7039
0.9504629 -1.53279 0.6717471 -78.33835 -170.9452 219.6886
0.9336172 -1.556227 0.6915225 -88.6208 -180.3803 233.2841
0.9553457 -1.707838 0.6209659 -84.46812 -178.7391 234.0169
0.9726797 -1.688551 0.6453799 -74.05591 -181.5559 237.6047
0.910668 -0.4497818 0.8880557 -50.8956 -12.97573 21.03979
0.7851797 -1.152663 0.4803409 -20.88033 -96.48717 121.139
0.7717519 -1.179274 0.3685244 -18.51392 -101.449 128.2306
0.7500234 -1.179274 0.2872256 -19.84217 -110.3345 135.4062
0.735375 -1.191725 0.201044 -23.41469 -118.2505 146.8642
0.730248 -1.246901 0.122919 -25.05591 -126.8231 154.536
0.7234121 -1.230299 0.0972842 -25.57499 -135.3421 161.8947
0.7304922 -1.188063 0.07531154 -32.52919 -143.907 170.8337
0.7956777 -1.137282 0.04088771 -42.97194 -157.846 183.7726
0.7829824 -1.219801 0.01110256 -49.38415 -166.9223 189.2306
