1.642887 2.224976 1.905192 -107.54 128.8287 -248.4563
1.792545 2.224976 1.825358 -105.8682 148.7982 -248.4563
1.888004 2.224976 1.685954 -114.6698 165.1188 -248.4563
1.92902 2.224976 1.566081 -118.4865 178.4241 -248.4563
1.937077 2.224976 1.476726 -123.7003 191.4012 -248.4563
1.986393 2.094422 1.387126 -130.5476 205.1188 -248.4563
1.937809 1.987488 1.309489 -139.7232 215.6608 -248.4563
1.932682 1.918397 1.256999 -145.2117 231.0959 -248.4563
1.984928 1.815613 1.254069 -147.6087 231.0959 -248.4563
2.200748 1.570496 0.697917 -168.8072 231.0959 -248.4563
2.003727 1.548035 0.7906904 -175.2117 231.0959 -248.4563
2.089909 1.55365 0.6854658 -195.9675 231.0959 -248.4563
2.164371 1.394715 0.5985518 -210.2041 231.0959 -248.4563
2.272282 1.261902 0.5143232 -226.3491 231.0959 -248.4563
0.842106 0.6893927 0.3143721 208.3913 -82.48428 251.8109
1.159489 2.130555 0.569499 183.5822 -171.2629 251.8109
1.17902 2.118348 0.6332197 183.1547 -167.5224 251.8109
1.192204 2.224976 0.5690107 184.7119 -167.866 251.8109
1.238346 2.224976 0.6937666 177.5058 -164.9346 245.6201
1.247868 2.224976 0.6864424 170.3913 -160.011 232.9178
1.284489 2.224976 0.6903486 158.5898 -156.9041 221.4521
1.291813 2.224976 0.7137861 156.4753 -153.469 210.0018
1.274479 2.224976 0.7391768 136.4677 -152.0186 205.1163
1.280094 2.224976 0.8094893 126.2997 -150.6217 197.5132
1.229557 2.224976 0.9108076 113.6738 -150.9041 190.8109
1.219792 2.224976 1.006267 105.4524 -140.0186 179.9483
1.184391 2.224976 1.058513 84.98674 -133.9576 172.4445
1.312077 2.224976 1.098552 82.65086 -126.2705 154.704
1.18195 2.224976 1.212565 75.31497 -117.9728 144.2537
1.146061 2.224976 1.27946 60.21574 -111.866 134.6124
1.229069 2.224976 1.288249 73.82643 -100.7973 115.8338
1.128483 2.224976 1.371501 48.40658 -96.33923 112.8414
1.227848 2.224976 1.386638 60.91803 -84.85832 96.59716
1.104557 2.224976 1.394694 42.26154 -79.86595 84.16968
1.189274 2.224976 1.416911 26.99437 -69.30107 61.45212
1.328678 2.224976 1.392985 27.13177 -54.46138 34.78036
1.315251 2.224976 1.407146 -3.494183 -47.61404 19.93304
1.243473 2.224976 1.459147 1.856962 -39.31634 -5.586046
1.406071 2.224976 1.40153 -17.05143 -29.01863 -31.53261
1.507877 2.224976 1.421062 -38.40258 -19.87359 -51.70055
1.488834 2.224976 1.432048 -68.76135 -19.36214 -70.19673
1.461979 2.224976 1.53361 -67.60869 4.59206 -117.2273
1.819645 2.224976 1.443522 -90.13541 24.52336 -152.8074
1.759586 2.224976 1.449626 -111.5018 31.7142 -183.128
1.781315 2.224976 1.423259 -135.1888 45.38595 -216.4334
1.807438 2.224976 1.399333 -152.0133 61.37832 -248.4563
1.806706 2.224976 1.386882 -163.914 74.49283 -248.4563
1.785221 2.224976 1.396159 -168.2575 86.17221 -248.4563
1.817936 2.224976 1.403483 -167.6774 109.1646 -248.4563
1.880192 2.224976 1.27653 -175.3797 110.5005 -248.4563
1.979557 2.224976 1.191813 -180.5934 122.905 -248.4563
2.076725 2.224976 1.183269 -196.2117 140.2638 -248.4563
2.215885 2.224976 1.096354 -210.2575 153.9966 -248.4563
2.289799 2.224976 0.9266768 -230.6163 208.4776 -248.4563
2.289799 1.957947 0.7880049 -230.6163 231.0272 -248.4563
2.289799 1.673524 0.6095381 -230.6163 231.0959 -248.4563
2.289799 1.442322 0.4161787 -230.6163 231.0959 -248.4563
2.289799 1.199891 0.3046064 -230.6163 231.0959 -248.4563
2.289799 0.8961798 0.1029463 -230.6163 231.0959 -248.4563
2.289799 0.5831915 -0.1138506 -230.6163 231.0959 -248.4563
2.289799 0.5333868 -0.2556963 -230.6163 231.0959 -248.4563
2.289799 0.3500372 -0.2605791 -230.6163 231.0959 -248.4563
2.289799 0.1193243 -0.2605791 -230.6163 231.0959 -248.4563
2.289799 -0.1196893 -0.2605791 -230.6163 231.0959 -248.4563
2.289799 -0.5208124 -0.2605791 -230.6163 231.0959 -248.4563
2.289799 -0.7669062 -0.2605791 -230.6163 231.0959 -248.4563
2.289799 -0.8425898 -0.2605791 -230.6163 231.0959 -248.4563
2.289799 -1.055725 -0.2605791 -230.6163 231.0959 -248.4563
2.289799 -1.240539 -0.2605791 -230.6163 231.0959 -248.4563
2.289799 -1.406799 -0.2605791 -230.6163 231.0959 -248.4563
2.289799 -1.774963 -0.2605791 -230.6163 231.0959 -248.4563
2.289799 -1.774963 -0.2605791 -230.6163 231.0959 -248.4563
2.289799 -1.774963 -0.2605791 -230.6163 231.0959 -248.4563
1.782047 -1.774963 -0.2605791 -230.6163 231.0959 -248.4563
1.331852 -1.774963 -0.2605791 -230.6163 231.0959 -248.4563
-0.2909507 -1.774963 -0.2605791 -230.6163 231.0959 -248.4563
-0.4550132 -1.774963 -0.2605791 -189.2652 231.0959 -248.4563
-1.189144 -1.774963 -0.2605791 -41.28808 129.3096 -247.0211
-0.9159507 -1.774963 -0.2605791 3.314978 1.553892 -162.5097
-1.210873 -1.774963 -0.2605791 81.08597 -100.3392 -105.5937
-1.515072 -1.774963 -0.2605791 73.92566 -152.6293 -50.04406
-1.71014 -1.774963 -0.2605791 69.60506 -209.4156 -12.42574
-1.541683 -1.774963 -0.2605791 32.89513 -248.782 15.27655
-1.220394 -1.774963 -0.2605791 25.0707 -269.1713 37.15441
-0.7870444 -1.774963 -0.2605791 11.46002 -269.1713 62.49792
-0.3507651 -1.774963 -0.2605791 31.12414 -269.1713 76.23075
0.02545557 -1.774963 -0.2605791 46.09361 -269.1713 93.36052
0.5471841 -1.774963 -0.1883135 82.87987 -269.1713 124.6048
0.8027993 -1.774963 0.4049482 102.5822 -269.1713 135.559
0.6638833 -1.774963 0.9820967 130.1241 -269.1713 171.3758
1.193913 -1.774963 1.21989 142.7883 -269.1713 193.559
0.9014321 -1.774963 1.660075 188.002 -269.1713 212.2079
0.8489419 -1.774963 1.524821 194.4753 -269.1713 231.6964
0.8599282 -1.668029 1.590495 208.5211 -263.1331 249.6124
0.8486978 -1.388732 1.582194 231.0096 -250.7133 251.8109
0.8242837 -1.172668 1.628581 247.4066 -234.5301 251.8109
0.8389321 -1.050109 1.589763 257.2081 -215.1179 251.8109
0.8008462 -0.9341425 1.555095 263.7043 -197.8889 251.8109
0.7896157 -0.8372187 1.499431 265.4753 -180.7744 251.8109
0.8062173 -0.7500605 1.424479 260.1852 -164.0568 251.8109
0.8150064 -0.7373652 1.384196 260.3455 -151.0492 251.8109
0.8189126 -0.6570429 1.319987 260.689 -135.6675 251.8109
0.8652993 -0.5640253 1.230144 260.8112 -125.0034 251.8109
0.8511392 -0.4917597 1.228679 257.7654 -113.6217 251.8109
0.8506509 -0.4627069 1.126384 261.9485 -104.5301 251.8109
0.8465005 -0.3953241 1.061931 256.6432 -99.18657 251.8109
2.02985 2.224976 2.271647 -97.53235 103.5234 -248.4563
2.133366 -0.8301386 -0.2605791 -230.6163 231.0959 -248.4563
2.147038 -1.154601 -0.2605791 -230.6163 231.0959 -248.4563
2.178288 -1.393127 -0.2605791 -230.6163 231.0959 -248.4563
1.900211 -1.774963 -0.2605791 -230.6163 231.0959 -248.4563
1.800602 -1.774963 -0.2605791 -230.6163 231.0959 -248.4563
1.079655 -1.774963 -0.2605791 -230.6163 231.0959 -248.4563
0.9634439 -1.774963 -0.2605791 -230.6163 231.0959 -248.4563
-0.5299644 -1.774963 -0.2605791 -230.6163 231.0959 -248.4563
-0.720394 -1.774963 -0.2605791 -230.6163 231.0959 -248.4563
-1.367123 -1.774963 -0.2605791 -182.227 231.0959 -210.7769
-1.603451 -1.774963 -0.2605791 -126.3033 127.5234 -108.2044
-1.71014 -1.774963 -0.2605791 -28.86823 26.34015 -47.47154
-1.71014 -1.774963 -0.2605791 -27.66975 -73.34687 18.9254
-1.71014 -1.774963 -0.2605791 -35.09724 -121.385 69.43685
-1.71014 -1.774963 -0.2605791 -39.72319 -190.3621 88.58952
-1.182308 -1.774963 -0.2605791 -40.79953 -224.9881 110.9941
-1.178158 -1.774963 -0.2605791 -27.93693 -265.6293 131.4521
-0.5648765 -1.774963 -0.2605791 1.543985 -269.1713 141.7193
-0.4342612 -1.774963 -0.2605791 39.03253 -269.1713 145.7346
-0.2050132 -1.774963 -0.2605791 81.53635 -269.1713 145.0094
0.1480142 -1.774963 -0.1560869 107.9104 -269.1713 171.7804
0.2517739 -1.675598 0.1288252 153.1318 -269.1713 175.3376
0.3897134 -1.449523 0.3915205 177.8722 -269.1713 183.5666
0.5488931 -1.073058 0.6249189 198.0936 -269.1713 192.0018
0.6140786 -0.98883 0.8761396 235.9715 -269.1713 200.3529
0.7110024 -0.8660273 1.055827 255.8188 -269.1713 208.9559
0.6538735 -0.6804804 1.175456 269.6508 -269.1713 212.6506
0.6936685 -0.5418085 1.228923 269.6508 -267.1713 223.9712
0.7339517 -0.2915644 1.307292 269.6508 -252.7362 230.8491
0.6467935 -0.1443475 1.389812 269.6508 -238.5911 232.3758
0.661686 0.0343634 1.410808 269.6508 -221.4766 232.2079
0.5967446 -0.1001581 1.458659 269.6508 -207.3469 229.6124
0.5120278 0.7640997 1.236491 226.8188 -214.324 249.704
0.7100259 0.2465216 1.5153 240.6509 -180.8354 249.4445
0.7954751 0.1366583 1.583903 207.3073 -165.385 251.8109
0.7854653 0.01971497 1.549724 201.7883 -148.782 251.8109
0.838688 0.06097473 1.470378 187.4066 -137.3621 251.8109
0.8499185 0.1112677 1.476481 172.1852 -124.614 251.8109
0.8452798 0.1246954 1.481853 163.6967 -113.2705 251.8109
0.8545571 0.1371466 1.444255 155.5592 -102.4995 251.8109
0.83527 0.1664435 1.388835 152.6738 -93.26289 251.8109
0.8452798 0.2445685 1.288005 150.4524 -83.04916 251.8109
0.821354 0.2821661 1.176921 150.9867 -77.91176 251.8109
