0.513626 -0.7055327 0.1637285 -11.1416 67.23737 -77.21645
0.5048369 -0.7214019 0.1644609 -14.28664 65.87859 -69.83476
0.4865264 -0.7270171 0.1603105 -18.81336 64.93966 -61.09431
0.4589385 -0.7089507 0.1441972 -21.60725 64.1534 -54.04851
0.4364776 -0.6772124 0.11075 -24.53092 62.44349 -46.92637
0.4240264 -0.6318023 0.06778121 -27.42405 59.38241 -40.28515
0.4074248 -0.5829741 0.03311324 -30.78282 55.81753 -34.29278
0.3949736 -0.5319488 -0.0008223057 -33.59198 51.83279 -28.934
0.4003448 -0.4770171 -0.03060746 -36.16451 46.9931 -24.30805
0.4110869 -0.4467437 -0.03988481 -38.9355 41.71829 -20.05614
0.4345244 -0.4174468 -0.04769731 -41.43168 36.09997 -16.26224
0.4713897 -0.3937652 -0.02352738 -42.58435 30.91676 -12.8424
0.5126494 -0.3805816 0.00918746 -42.46985 25.59615 -10.0256
0.5312041 -0.3593413 0.04019332 -41.73703 21.90149 -7.529419
0.563919 -0.3354156 0.1097734 -39.59962 18.22211 -5.056137
0.5890655 -0.3039214 0.1817949 -37.0958 16.0389 -3.163008
0.6061553 -0.2782866 0.2538164 -33.15687 15.19921 -1.621023
0.6337432 -0.2170073 0.2916582 -29.05 15.45111 -0.4072819
0.6374053 -0.1862456 0.3248613 -21.34771 14.91676 -2.23171
0.6635283 -0.1410796 0.3358476 -16.9584 17.93203 -2.956902
0.6501006 -0.110562 0.3407304 -14.1645 16.9931 -3.117207
0.666458 -0.04195849 0.3485429 -4.866794 17.26027 -6.048504
0.669876 -0.000942871 0.3519609 0.9423661 18.39005 -9.827129
0.6742705 0.04471143 0.3409746 7.606489 18.19157 -14.68209
0.6635283 0.0740083 0.3334062 11.0187 17.77172 -18.94163
0.6496123 0.07596142 0.3282793 14.00344 18.06944 -23.15537
0.5785674 -0.9511382 0.5099199 90.91946 -96.16721 -99.90347
0.5146026 -1.188931 0.1324785 118.2248 -154.6023 37.60799
0.5522002 -1.310025 0.1703203 128.7286 -156.1443 40.39425
0.5641631 -1.320523 0.1603105 136.0263 -162.4115 46.39425
0.5768584 -1.323697 0.1642168 135.3469 -164.7474 54.1576
0.548294 -1.365689 0.2003496 133.2324 -169.9 65.31027
0.5519561 -1.380581 0.2433183 136.5683 -173.1748 74.1347
0.5514678 -1.350796 0.2782304 135.0263 -174.4115 83.23394
0.5456084 -1.356412 0.313875 135.5988 -176.2894 92.31791
0.5573272 -1.3298 0.3360918 136.8584 -176.9611 100.5316
0.5651397 -1.299283 0.345125 135.5988 -178.2435 109.0584
0.5697783 -1.293667 0.3700273 135.721 -178.6481 116.4935
0.5949248 -1.265835 0.3727129 138.9653 -179.755 123.4553
0.6076201 -1.236294 0.372957 140.4233 -180.5107 130.1805
0.6234893 -1.206509 0.3688066 142.7668 -181.9077 136.5851
0.6430205 -1.163785 0.3602617 142.5302 -182.2894 142.7072
0.638626 -1.120572 0.3627031 141.805 -184.1825 148.8752
0.6720733 -1.05856 0.374666 136.0034 -184.213 154.6691
0.6671905 -1.06857 0.374666 132.1332 -183.7092 160.6461
0.6505889 -1.071744 0.3771074 135.1485 -185.9229 164.3484
0.6696319 -1.03024 0.3768632 136.4156 -188.8161 168.6232
0.682083 -1.016324 0.3922441 138.0263 -189.0756 171.9057
0.659378 -0.9816558 0.4359453 140.3775 -191.5947 175.1729
0.6913604 -0.9440581 0.4545 144.3927 -193.984 177.8828
0.7077178 -0.9015777 0.4864824 140.1485 -192.2054 180.6232
0.7274932 -0.9001128 0.5340898 141.1714 -193.7092 183.8981
0.7411651 -0.8827788 0.5897539 139.9118 -193.1367 186.1118
0.7458037 -0.8854644 0.6344316 142.1179 -192.1901 188.6232
0.7345733 -0.8947417 0.6752031 150.179 -191.0145 190.44
0.7304229 -0.8849761 0.7008379 159.2095 -189.8619 191.4019
0.7240752 -0.8175933 0.7499101 163.8966 -188.2741 192.6385
0.7262725 -0.7787749 0.7997148 166.7897 -183.9916 193.4171
0.7301787 -0.7804839 0.8336504 171.095 -181.839 194.6385
0.7328643 -0.752896 0.8614824 176.637 -180.5794 194.6614
0.760208 -0.7026031 0.9156816 181.5225 -174.2512 194.211
0.7538604 -0.6891753 0.9520586 182.9424 -169.2664 195.1729
0.7443389 -0.6618316 0.9830645 182.2095 -163.6787 196.3179
0.8810576 -0.6125152 0.9298418 185.805 -152.4878 196.8446
0.6479033 -0.7853667 0.9984453 190.6599 -166.1977 196.1729
0.6903838 -0.6061675 1.097811 185.3469 -148.671 200.8065
0.6869658 -0.5846831 1.095125 189.2859 -141.7855 201.3866
0.6574248 -0.5907866 1.104646 190.6828 -139.129 200.5087
0.628128 -0.5717437 1.155672 193.6065 -132.4649 202.1347
0.5990752 -0.5473296 1.151766 194.4156 -123.9153 202.5469
0.5617217 -0.5256011 1.126863 193.9729 -118.6405 202.9133
0.5185088 -0.4848296 1.121004 192.6294 -114.4115 202.5698
0.4853057 -0.4550445 1.115633 187.179 -109.5031 203.4171
0.4779815 -0.4164702 1.112703 176.7821 -105.1977 204.5393
0.463333 -0.3793609 1.1149 161.2324 -96.67866 205.5546
0.4208526 -0.36398 1.087312 136.5759 -92.32751 209.3103
0.3971709 -0.3556792 1.07657 112.9424 -88.03744 213.6461
0.353958 -0.3962066 1.092928 87.9042 -82.72446 217.6614
0.3459014 -0.428189 1.109529 74.27061 -80.18247 219.6538
0.35054 -0.4340484 1.118807 57.9271 -74.65576 222.3026
0.3371123 -0.4953277 1.121004 57.75152 -73.09087 223.4935
0.327835 -0.5038726 1.130769 56.82786 -69.58706 222.3484
0.3107451 -0.5107085 1.135164 62.43855 -68.11378 220.379
0.2951201 -0.4921538 1.132967 66.77443 -65.41911 218.5011
0.2978057 -0.4806792 1.131502 74.7668 -63.33514 216.1881
0.2624053 -0.4640777 1.138094 77.06451 -59.8695 214.2874
0.2526397 -0.4477202 1.097811 77.46146 -57.51072 213.9057
0.2299346 -0.4435699 1.114168 76.9729 -56.25117 214.0813
0.1999053 -0.4401519 1.113436 75.91183 -53.56415 212.3942
0.1901397 -0.4433257 1.085848 77.13321 -52.60232 210.9133
0.1798857 -0.4760406 1.080477 80.66756 -52.11377 209.0431
0.15596 -0.4638335 1.089754 83.62939 -51.43438 207.379
0.1447295 -0.4521148 1.080721 82.70573 -49.38094 207.524
0.1303252 -0.4286773 1.069734 75.65993 -48.28934 208.3179
0.1256865 -0.4181792 1.061434 71.12557 -48.57942 208.2492
0.1286162 -0.4211089 1.070467 65.00344 -47.69392 207.6538
0.1232451 -0.4452788 1.073152 62.09504 -47.15957 207.2339
0.1269072 -0.4540679 1.080232 59.47672 -45.86186 206.9057
0.1288604 -0.4670074 1.091463 60.78206 -45.36568 205.2263
0.1259307 -0.5085113 1.085603 62.62175 -44.17484 203.7377
0.1171416 -0.5285308 1.083894 67.67519 -43.8466 203.2034
0.1120147 -0.5522124 1.089021 74.33932 -42.9382 201.6309
0.102249 -0.5714995 1.088045 83.60649 -42.30461 200.7607
0.1015166 -0.5771148 1.08658 88.83549 -42.37331 202.0049
0.09761036 -0.5624663 1.09366 91.95 -42.31988 203.9897
0.0810088 -0.5610015 1.099519 93.63702 -41.21301 205.8294
0.1227568 -0.6205718 1.070467 96.83549 -38.82369 208.15
0.090042 -0.5339019 1.124666 97.32405 -46.91529 211.6538
0.06318653 -0.4225738 1.172029 88.91946 -39.48782 217.5087
0.1098174 -0.4103667 1.18448 80.66756 -37.29697 223.4782
0.08637989 -0.348355 1.217439 77.9042 -36.96873 224.8675
0.3957061 -0.4362456 0.3585527 -8.668321 -0.556519 28.50875
0.4455108 -0.2065093 0.6063554 4.469084 -23.39621 54.76066
0.4442901 -0.2006499 0.6129472 5.766794 -21.81606 54.27974
0.4420928 -0.1703765 0.6173418 7.232442 -20.33515 53.43241
0.4435576 -0.1598784 0.6141679 6.850763 -18.49545 53.34844
0.4369658 -0.1479155 0.6200273 6.148473 -16.60995 53.20341
0.4333037 -0.1293608 0.6109941 4.05687 -15.47255 53.53165
0.4308623 -0.1144683 0.6112382 1.774427 -13.94583 53.45531
0.4254912 -0.1054351 0.6129472 0.1484733 -12.61759 53.60799
0.4184112 -0.0954253 0.6041582 -1.706489 -11.19774 53.25684
0.4762725 -0.09103077 0.5873125 -2.782825 -9.38858 53.21867
0.4303741 -0.04464404 0.5692461 -4.721756 -9.067969 52.79119
0.4108428 -0.02608936 0.5812089 -5.729389 -8.739725 51.33318
0.3761748 -0.0119292 0.5914629 -7.668321 -8.182473 49.43241
0.3742217 -0.008999512 0.5965898 -10.60725 -7.037435 48.49348
0.3961943 -0.05611866 0.5721757 -9.172137 -4.083237 44.57745
0.390335 -0.05831592 0.5738847 -8.981297 -3.182473 43.60799
0.3756865 -0.05685108 0.576082 -8.958397 -2.129038 43.05074
0.3683623 -0.05489795 0.5663164 -9.43168 -1.190107 42.09653
0.3625029 -0.05978076 0.5602129 -10.37061 -0.7091908 41.78356
0.353958 -0.05172412 0.541414 -10.28664 0.09233594 40.88279
0.3585967 -0.05538623 0.5272539 -9.920229 0.3366108 40.12707
0.353958 -0.06002491 0.52408 -10.75992 0.9320305 39.47821
0.355667 -0.05514209 0.5089433 -11.97366 1.649588 38.86753
0.3502959 -0.05416553 0.5006425 -13.38588 1.932031 38.41714
0.3317412 -0.06637256 0.49283 -14.33244 2.306077 37.48585
0.3219756 -0.07809131 0.4711015 -14.1187 2.130504 36.91333
0.3139189 -0.08688038 0.4652421 -12.76756 1.367145 35.76066
0.3207549 -0.1064116 0.4532793 -10.9584 0.573252 35.02783
0.3246611 -0.1127593 0.4549882 -9.714123 0.275542 34.2263
0.3212432 -0.1169097 0.4396074 -8.981297 -0.5717863 34.0889
0.3222197 -0.1274077 0.4344804 -8.080534 -0.7931603 33.11943
0.3310088 -0.1281401 0.4291093 -6.958397 -1.358046 32.45531
0.3310088 -0.1235015 0.4413164 -5.851527 -1.594687 31.79882
0.3341826 -0.1327788 0.4291093 -4.187405 -2.640489 31.0202
0.3271025 -0.1420562 0.4203203 -2.798092 -2.487817 30.19577
0.3373564 -0.1520659 0.4090898 -0.8667941 -3.113771 29.28737
0.3004912 -0.1603667 0.4212968 0.4461832 -4.022168 28.68432
0.3424834 -0.1610991 0.4161699 0.3927479 -3.991633 28.1576
