0.21846 -0.2294585 0.3634355 -46.01183 2.947298 5.195771
0.1999053 -0.256314 0.3634355 -44.31718 2.077069 4.730122
0.1847686 -0.2792632 0.3736894 -43.9126 0.5885191 4.791191
0.1925811 -0.3100249 0.3795488 -41.87443 -0.09087014 4.959129
0.2077178 -0.334439 0.3773515 -38.56908 -1.648122 5.753023
0.1952666 -0.3554351 0.3795488 -37.69122 -2.029802 6.165236
0.1828154 -0.365689 0.3976152 -35.33244 -2.57942 7.142336
0.1684111 -0.3771636 0.3858964 -36.50801 -2.816061 9.241572
0.1620635 -0.4460113 0.3934648 -36.9813 -3.823695 12.89043
0.1459502 -0.4381988 0.3988359 -37.35534 -4.190107 16.53928
0.1454619 -0.4457671 0.3861406 -39.62252 -4.77026 18.47058
0.197708 -0.4911773 0.376375 -41.85916 -7.167206 22.62325
0.230667 -0.4504058 0.3888261 -41.98893 -8.045069 25.85989
0.2338408 -0.4858062 0.3922441 -41.90496 -8.693924 28.98966
0.2829131 -0.4894683 0.3827226 -38.1187 -10.57179 31.35608
0.3014678 -0.4584624 0.388582 -37.34771 -12.17484 33.85226
0.3002471 -0.4169585 0.4078691 -37.0271 -12.66339 35.44768
0.2926787 -0.4262359 0.43033 -37.83626 -12.19774 37.89043
0.2855986 -0.3756988 0.4393632 -36.1874 -13.70156 39.60799
0.2577666 -0.3363921 0.4735429 -37.01947 -13.48782 41.11943
0.2326201 -0.3151519 0.499666 -36.92023 -14.0298 43.21867
0.2494658 -0.2968413 0.5248125 -34.65305 -14.26644 42.28738
0.2655791 -0.290982 0.5555742 -36.06527 -14.03744 43.92096
0.2519072 -0.27023 0.5856035 -31.35534 -12.83896 43.31791
0.2494658 -0.2455718 0.6183183 -32.9813 -11.0527 44.67669
0.2675322 -0.2194487 0.6188066 -29.17977 -10.60995 44.1805
0.2846221 -0.1933257 0.6459062 -23.28664 -9.930565 41.98966
0.3932647 -0.2292144 0.6788652 -7.851527 -9.358046 37.07363
0.3490752 -0.2362944 0.6915605 -2.011832 -3.808427 35.24157
0.2687529 -0.2878081 0.6654375 -0.3935118 -3.243542 35.56982
0.3097686 -0.1947905 0.683748 0.01106834 -3.632855 36.10417
0.2995147 -0.1857573 0.7110918 4.392748 0.3824122 34.9973
0.3019561 -0.1789214 0.7091386 5.43855 2.932031 33.93623
0.3080596 -0.1466948 0.7079179 6.782061 5.374779 32.66905
0.3373564 -0.1408355 0.7181718 8.782061 8.367146 30.98966
0.3683623 -0.1518218 0.7230546 12.8126 12.12287 27.66142
0.3734893 -0.1518218 0.7162187 15.0645 15.93966 25.80646
0.3488311 -0.1386382 0.6795976 14.73626 19.27554 24.09653
0.3451689 -0.146939 0.6571367 13.7897 21.48928 22.41714
0.3454131 -0.1757476 0.6341875 13.7897 24.98547 20.75302
0.336624 -0.1774565 0.5936601 12.39275 27.76409 19.33318
0.3114775 -0.1759917 0.5489824 8.911833 29.75646 19.16524
0.3034209 -0.17648 0.5199296 5.102671 30.77173 18.47058
0.2926787 -0.2033355 0.464998 3.743893 31.50455 17.52402
0.2804717 -0.2311675 0.4166582 3.507252 31.39768 17.40188
0.2616729 -0.2560699 0.3749101 3.911832 31.04653 17.0431
0.2404326 -0.2619292 0.3446367 5.125573 29.58088 16.58508
0.2235869 -0.2738921 0.3116777 6.736259 27.58088 16.70722
0.2045439 -0.284146 0.2748125 8.217175 25.74119 16.68432
0.2008818 -0.2765777 0.2638261 7.629389 23.07707 17.37134
-0.2375947 -0.124478 0.9652422 58.69809 173.3213 17.40951
-0.2319795 -0.100064 0.9745195 59.13321 172.2755 14.82173
-0.2205049 -0.07955616 0.9930742 61.66755 172.1381 12.1805
-0.2144014 -0.06026905 1.014803 65.01871 172.474 8.737756
-0.2041475 -0.03292529 1.011873 67.04924 173.2374 5.180504
-0.1992646 -0.02022998 1.025301 68.46909 173.871 1.371344
-0.1855928 0.003695801 1.011629 68.51488 175.1763 -2.750793
-0.1667939 0.02225049 0.9877031 66.9271 176.6801 -6.475985
-0.1431123 0.02347119 0.9525469 64.33168 178.474 -10.13247
-0.1394502 0.02810986 0.9254473 60.21717 180.2526 -13.47598
-0.1313936 0.01687939 0.9007891 54.33168 181.2908 -16.73553
-0.1257783 0.008334473 0.872957 48.65992 183.0694 -20.04087
-0.140915 -0.006313965 0.8597734 42.76679 184.6649 -22.8882
-0.1357881 -0.04024951 0.8412188 37.65229 185.8633 -25.7508
-0.1301728 -0.07613819 0.8299883 35.15611 186.9168 -28.82713
-0.1355439 -0.09005421 0.8231524 34.87366 187.9702 -32.39965
-0.1370088 -0.1090972 0.8080156 36.78206 188.6878 -36.45309
-0.1370088 -0.1049468 0.7909257 35.49198 190.642 -40.10957
-0.1445771 -0.1159331 0.7555254 35.0187 191.5504 -43.82713
-0.1521455 -0.1042144 0.7110918 33.17137 192.9091 -47.49889
-0.1589814 -0.1100737 0.6678789 30.17901 193.6038 -50.49126
-0.1653291 -0.1142241 0.5975664 25.56832 192.7488 -52.74316
-0.1765596 -0.1093413 0.5585039 21.23244 192.6038 -55.7279
-0.1831514 -0.1337554 0.5157793 17.86603 191.8557 -58.19354
-0.1753389 -0.1423003 0.4825761 14.59886 190.0007 -60.30804
-0.1665498 -0.169644 0.4376543 12.34695 188.5122 -62.49889
-0.1604463 -0.2011382 0.3963945 11.74389 186.0084 -65.20881
-0.1455537 -0.2104155 0.3558671 11.0645 183.1458 -67.30042
-0.1628877 -0.2104155 0.3241289 10.64466 179.2679 -69.66682
-0.1724092 -0.2133452 0.3033769 9.308779 175.8633 -71.66682
-0.1714326 -0.2167632 0.2884843 8.827862 170.8404 -74.42255
-0.1714326 -0.2272612 0.2784746 9.278244 165.9244 -76.96454
-0.1670381 -0.2318999 0.2772539 9.530153 160.9931 -79.39965
-0.1392061 -0.2380034 0.2848222 11.11794 155.8862 -82.87293
-0.1118623 -0.2489897 0.2821367 13.07977 151.4359 -85.99507
-0.08525097 -0.2531402 0.2919023 15.64466 146.8481 -90.08667
-0.07328808 -0.2516753 0.3148515 16.20954 142.8557 -92.83476
-0.06205761 -0.2465483 0.3500078 13.0416 140.4587 -96.09431
-0.05326855 -0.2655913 0.3800371 10.51488 138.703 -99.23934
-0.04130566 -0.282437 0.3949296 7.606489 138.1839 -102.1859
-0.03764355 -0.3027007 0.3758867 4.339313 138.3213 -105.4226
-0.02836621 -0.3385894 0.3673418 0.2858777 138.4587 -107.3233
-0.02299511 -0.3827788 0.3473222 -4.996565 138.558 -108.8195
0.000198245 -0.4089019 0.3439043 -10.21794 138.871 -109.8729
-0.003463864 -0.4374663 0.3316972 -16.31717 140.2984 -110.8882
-4.589557e-05 -0.487271 0.3114336 -21.64542 139.8023 -111.7203
-0.006881833 -0.5190093 0.2938554 -26.66069 139.2297 -111.3386
0.004104495 -0.5541656 0.2799394 -32.40878 139.932 -111.3462
-0.01908886 -0.5942046 0.2628496 -38.81336 139.4129 -110.2393
-0.02494824 -0.6269195 0.2579668 -43.29428 138.0007 -109.4454
-0.02372754 -0.6427886 0.2474687 -49.70649 137.3671 -107.3157
-0.02616894 -0.6796538 0.2320879 -55.0729 135.8404 -105.1706
-0.0271455 -0.7079741 0.2313554 -58.29428 133.3213 -102.9569
-0.02201855 -0.7282378 0.227205 -60.79046 131.2755 -101.4454
0.008743167 -0.742398 0.2525957 -62.10344 126.703 -97.94927
0.02241504 -0.7428863 0.2892168 -56.55382 123.5198 -97.20118
0.04658496 -0.7353179 0.3060625 -50.56145 120.1 -97.19354
0.0624541 -0.7380034 0.3165605 -41.44695 115.9168 -97.934
0.05708301 -0.723355 0.3436601 -30.82099 111.3977 -98.82713
0.0612334 -0.6901519 0.3424394 -18.24084 107.7717 -100.5371
0.04902637 -0.6664702 0.341707 -5.843893 103.4969 -102.8271
0.043167 -0.6327788 0.3397539 4.820229 99.97783 -105.6058
0.03974903 -0.5993316 0.3436601 11.7897 96.75645 -107.7966
0.04389942 -0.5778472 0.3397539 15.95 95.26791 -110.3462
0.03681934 -0.5575835 0.3321855 18.53779 94.09997 -113.0714
0.05415332 -0.563687 0.308748 19.94237 92.66486 -115.6439
0.06025684 -0.5717437 0.2648027 22.20954 91.44348 -118.8271
0.05805957 -0.5873687 0.2425859 21.30115 89.60378 -121.1554
0.03559864 -0.6159331 0.228914 17.32405 88.49691 -122.9187
0.02241504 -0.634732 0.1761796 8.522518 87.9702 -123.3004
0.01582325 -0.6706206 0.1349199 -2.34771 86.02363 -122.0027
0.003860354 -0.6969878 0.1288164 -14.05763 84.75645 -120.2088
0.003372073 -0.735562 0.1429765 -27.87443 81.90913 -116.3691
-0.01005566 -0.8131988 0.1495683 -36.17214 82.03127 -113.4913
-0.00175488 -0.7653472 0.06070113 -47.59199 81.9473 -110.6897
0.09223927 -0.7121245 0.1219804 -57.58435 70.1992 -113.3386
0.01753223 -0.9191558 0.2057207 -65.0958 72.13814 -111.6745
0.05293262 -0.9277007 0.2174394 -69.67596 69.50455 -106.3233
0.1183623 -0.9245269 0.2608964 -70.35535 66.39767 -101.7432
0.1308135 -0.9794585 0.3131425 -68.0729 63.9244 -99.23171
0.1059111 -0.9023101 0.4015214 -71.0958 60.03127 -95.71263
0.1969756 -1.062466 0.405916 -47.43168 64.26027 -99.47599
0.2223662 -1.108121 0.3583086 -47.0042 60.71829 -91.51415
0.1989287 -1.115933 0.3788164 -42.95076 58.24501 -86.8653
0.1515654 -1.049771 0.4105546 -35.04237 59.09234 -84.39965
0.2831572 -0.5541656 0.5123613 -13.11107 -0.5183512 9.493481
0.2409209 -0.4372222 0.4022539 -11.96603 -7.358046 14.76066
0.2453154 -0.4418609 0.4173906 -14.04237 -7.892397 14.81409
0.2492217 -0.4384429 0.4300859 -17.88969 -8.930565 15.90569
0.2572783 -0.4552886 0.463289 -18.90496 -9.159573 16.0202
0.2707061 -0.4652984 0.4845293 -19.63779 -9.022168 16.31027
0.2765654 -0.4601714 0.496248 -19.98893 -9.022168 16.50111
0.289749 -0.4408843 0.5179765 -21.81336 -7.548885 17.19577
0.2772979 -0.4355132 0.5079668 -23.65305 -7.861863 17.57745
0.2885283 -0.4220855 0.5253007 -22.67595 -7.777893 17.02783
0.2877959 -0.4035308 0.5480058 -22.62252 -7.197741 16.36371
0.2980498 -0.4037749 0.5516679 -21.51565 -6.525985 15.25684
0.2987822 -0.3962066 0.558748 -20.45458 -5.762626 13.93623
0.2973174 -0.3944976 0.5653398 -19.26374 -4.525985 12.62325
0.2909697 -0.4137847 0.5690019 -15.9126 -3.808427 10.90569
