-0.1357188 -1.635085 -0.06165135 -15.09408 -6.891756 43.87948
0.05715234 -1.498366 -0.06165135 -11.61316 -23.92229 57.32986
0.2070547 -1.362624 -0.06165135 -7.529191 -38.76962 67.39857
0.377709 -1.219313 -0.06165135 1.447908 -45.57114 82.5436
0.4018789 -1.116042 -0.06165135 7.028061 -62.82305 78.10085
0.5344472 -0.9842056 -0.06165135 18.16547 -70.90703 81.72681
0.5901113 -0.7461685 -0.06165135 19.23417 -80.77725 90.27643
0.6985097 -0.7058853 -0.008184552 23.79142 -87.36504 88.32223
0.7651601 -0.455397 0.1434268 17.67692 -95.35741 96.16193
0.7656484 -0.3421157 0.2838076 6.447908 -106.4872 107.4978
0.8261953 -0.3001235 0.3450869 2.875389 -112.5635 106.2383
0.8904043 -0.2803482 0.4009952 10.81432 -114.6322 94.06269
0.9299551 -0.240065 0.541376 28.60822 -122.9299 93.95582
1.012231 -0.1338638 0.6588077 50.86776 -129.22 100.0627
1.023705 0.03239599 0.7405948 51.49371 -113.9147 77.06269
1.054223 0.2106186 0.9141788 52.63875 -126.0521 86.55887
1.041039 0.391771 1.059198 32.81432 -124.0902 75.52071
1.077904 0.4523179 1.185907 12.1273 -131.3803 78.84132
1.045189 0.3854233 1.251825 10.95936 -143.2353 97.13139
1.11477 0.2279526 1.245478 5.692183 -116.7162 50.3604
1.120141 0.3610093 1.353632 6.432641 -113.0215 58.3375
1.183617 0.4069077 1.374872 4.363939 -114.762 67.12376
1.180688 0.3759018 1.448358 -3.788733 -106.5406 56.79551
1.174828 0.3685776 1.514276 -15.75057 -96.89176 45.37567
1.18435 0.3265854 1.52331 -27.88797 -88.21237 48.18483
1.156762 0.1559311 1.431269 -30.68186 -82.1284 45.48254
1.11892 0.105394 1.390497 -32.10934 -74.76199 39.78025
1.074975 0.03288427 1.32873 -36.18568 -71.41084 36.86422
1.04641 -0.06623682 1.246454 -41.94904 -66.18947 36.84132
1.003197 -0.1590103 1.161981 -44.61316 -64.04443 39.71154
0.9389883 -0.247145 1.072626 -46.23148 -62.02153 41.45964
0.8857656 -0.3814224 0.9610538 -53.49102 -64.57878 48.59704
0.8855215 -0.408522 0.8966006 -56.92614 -63.66275 50.52834
0.8349844 -0.4759048 0.803583 -60.26202 -67.59405 52.94818
0.8232656 -0.531813 0.7293643 -65.51392 -69.83833 54.74971
0.7793203 -0.6275162 0.6824893 -67.47575 -76.25053 59.07032
0.737084 -0.7063736 0.6480655 -66.033 -79.1742 58.4291
0.6889883 -0.7832779 0.6109561 -64.46049 -82.57115 58.14666
0.6748281 -0.8579849 0.5487002 -64.69713 -86.98336 61.06269
0.6687246 -0.9346451 0.5189151 -66.55209 -92.53298 67.84132
0.636498 -1.008131 0.5225772 -71.20094 -99.81542 75.71154
0.6562734 -1.108961 0.4940127 -73.29255 -104.4566 81.69627
0.6621328 -1.216383 0.5154971 -73.25438 -109.2582 86.68101
0.6611562 -1.244215 0.5596866 -74.30782 -114.907 95.04742
0.6594472 -1.339918 0.5858096 -74.13988 -118.4948 103.1696
0.6574941 -1.362624 0.6109561 -72.75056 -122.4261 111.7726
0.6653066 -1.407301 0.6529483 -71.71239 -125.4337 120.4062
0.6577383 -1.480299 0.6658877 -68.39178 -128.3574 129.1008
0.6621328 -1.490553 0.7073916 -65.04827 -130.7162 138.4673
0.6560293 -1.5157 0.687128 -62.83453 -132.9986 147.6352
0.6545644 -1.528639 0.687128 -61.22385 -135.8231 157.8642
0.6155019 -1.571608 0.6539248 -58.6666 -140.4108 168.2764
0.6435781 -1.624098 0.6065616 -48.68186 -139.5712 173.0322
0.5940176 -1.615553 0.5528506 -45.35362 -147.8765 182.8566
0.6157461 -1.611647 0.5472354 -43.39942 -150.4795 191.4673
0.6074453 -1.596022 0.5233096 -42.83453 -155.0597 202.452
0.5954824 -1.577711 0.4925479 -41.08644 -160.0139 211.4596
0.5581289 -1.533766 0.4261416 -39.63606 -162.6628 220.9253
0.591332 -1.518385 0.3812197 -42.44522 -169.6933 229.9787
0.6081777 -1.550124 0.3389834 -40.93377 -176.5253 238.3833
0.6321035 -1.589186 0.3360537 -41.84217 -184.5712 248.5589
0.65725 -1.603102 0.3616885 -45.96431 -191.5864 251.6963
0.6987539 -1.625807 0.3778018 -48.32308 -198.3345 251.6963
0.7014394 -1.617751 0.3863467 -49.30018 -203.9528 251.6963
0.8344961 -1.459303 0.3763369 -52.20095 -207.991 251.6963
0.8703848 -1.533766 0.3785342 -58.09407 -219.2276 251.6963
0.9189688 -1.492751 0.4886416 -59.31545 -224.7162 251.6963
0.9929434 -1.42903 0.5672549 -61.05591 -230.3421 251.6963
1.039574 -1.403639 0.6153506 -59.61316 -235.4185 251.6963
1.109154 -1.341139 0.7095889 -60.52919 -239.365 251.6963
1.133324 -1.250075 0.8023623 -61.85743 -242.2276 251.6963
1.240746 -1.163649 0.8543643 -59.43759 -242.075 251.6963
1.260277 -1.197585 0.8970889 -59.02537 -246.5941 251.6963
1.30349 -1.177809 1.006952 -52.59789 -242.9834 251.6963
1.319848 -1.080641 1.065546 -49.41468 -243.7467 251.6963
1.428246 -0.9771255 1.061151 -44.13224 -228.6398 251.6963
1.19143 -0.8921646 1.094599 -41.08644 -219.762 251.6963
1.194604 -0.8179459 1.240351 -35.79636 -243.7925 251.6963
1.370873 -0.7224869 1.13122 -35.22385 -236.3116 251.6963
1.327904 -0.7156509 1.077753 -28.8727 -240.1131 251.6963
1.330346 -0.6702408 1.071405 -25.04064 -237.991 251.6963
1.322289 -0.6223892 1.099237 -19.61316 -238.5024 251.6963
0.8716055 -1.367995 1.382929 -37.42232 -93.65512 203.7421
1.065697 -0.9824966 1.297235 -42.02537 -143.8002 251.6963
1.076684 -1.046217 1.321161 -38.72766 -151.533 251.6963
1.162865 -1.006422 1.4237 -31.23148 -148.0063 251.6963
1.155541 -0.8950943 1.513544 -28.37652 -147.8612 251.6963
1.209496 -0.8194107 1.574335 -26.13988 -145.3269 251.6963
1.256615 -0.7923111 1.621454 -23.51392 -141.9834 251.6963
1.324486 -0.7754654 1.656122 -18.75056 -137.3116 251.6963
1.328148 -0.7495865 1.664911 -7.742931 -133.7543 251.6963
1.4114 -0.6834244 1.673212 1.570046 -133.1666 251.6963
1.448266 -0.6079849 1.735712 6.844855 -125.9299 251.6963
1.491723 -0.4915298 1.773798 13.11966 -122.3956 251.6963
1.534936 -0.3965591 1.824823 16.31814 -118.0368 251.6963
1.569604 -0.3177017 1.911737 16.65402 -115.4414 251.6963
1.622338 -0.3365005 1.975458 27.11203 -111.6093 251.6963
1.649682 -0.5984634 1.892939 77.94409 -111.0139 251.6963
1.683373 -0.3162368 2.016718 104.4174 -84.18947 251.6963
1.781273 -0.1380142 2.024775 122.8754 -61.61695 251.6963
1.794701 -0.016188 2.20788 153.7227 -70.20473 251.6963
1.700951 0.08586279 2.184198 182.0586 -48.90702 251.6963
1.428246 0.5612045 2.403437 162.4555 -44.41084 251.6963
1.966088 0.898851 2.280878 116.7685 -34.60931 251.6963
1.725365 0.5201889 2.084101 133.7074 -11.57878 251.6963
1.537865 0.6163803 2.152704 143.5929 4.99374 251.6963
1.492455 0.702562 2.065546 167.9517 21.7342 251.6963
1.457299 0.9313217 1.986689 176.3029 35.62733 251.6963
1.363549 0.9982162 1.882196 179.4174 54.07771 251.6963
1.263451 1.05388 1.810907 188.0815 64.34488 251.6963
1.135766 1.091478 1.771356 197.7761 74.92503 251.6963
1.15432 1.19182 1.571161 207.6998 90.9403 251.6963
1.115258 1.256029 1.473505 208.8067 99.8487 251.6963
1.067162 1.232591 1.417597 203.28 112.8792 251.6963
1.043969 1.251634 1.247187 213.1578 136.0014 251.6963
0.6609121 1.326097 1.107538 218.7685 133.8411 251.6963
0.4624258 1.683763 0.7178897 199.799 94.06244 236.681
0.7832265 1.554613 0.3641299 197.883 121.0548 210.0016
0.4970937 1.621019 0.3917178 165.7685 126.2151 212.4444
0.372582 1.621507 0.3336123 161.3792 115.8029 199.8413
0.3716054 1.808275 0.0203799 135.0815 111.6197 192.5589
0.2563711 1.861497 -0.06165135 118.3105 112.925 179.4673
0.1992422 1.872728 -0.06165135 105.2342 101.7571 169.0322
0.1487051 1.923997 -0.06165135 95.11203 90.45175 152.5741
0.1010977 1.96599 -0.06165135 77.05096 88.8487 131.3757
-0.04416601 1.995287 -0.06165135 65.37157 93.58916 101.5131
-0.2392344 2.061205 -0.06165135 55.40211 78.11588 88.39857
-0.3202891 2.163683 -0.06165135 33.42501 56.42122 96.18483
-0.2944102 2.080736 -0.06165135 19.06623 37.79527 88.23826
-0.2560801 2.073168 -0.06165135 2.226534 29.26855 70.90238
-0.285377 2.00017 -0.06165135 -12.50629 20.15405 53.28406
-0.285377 1.936205 -0.06165135 -25.19331 6.573893 43.17719
-0.2587656 1.834886 -0.06165135 -36.49102 -8.036795 33.37566
-0.2121348 1.769456 -0.06165135 -48.09407 -15.92992 18.97108
-0.2082285 1.680345 -0.06165135 -60.91087 -20.3345 2.932916
-0.214332 1.562181 -0.06165135 -72.55209 -30.0597 -4.86861
-0.1711191 1.418138 -0.06165135 -79.14751 -40.83068 -10.14342
-0.1069102 1.311449 -0.06165135 -86.60552 -46.90702 -16.12052
-0.03220312 1.176439 -0.06165135 -92.39178 -47.89939 -27.09762
-0.01804297 1.070238 -0.06165135 -99.84217 -48.88412 -35.67777
-0.02194922 0.9921127 -0.06067479 -107.8269 -52.81542 -39.74647
-0.002906248 0.975267 -0.02136815 -114.72 -57.42611 -45.81517
0.01223047 0.9230209 0.02111232 -121.4605 -61.34977 -48.04418
0.04250391 0.8378159 0.04650295 -123.0483 -64.00626 -54.21975
0.04152735 0.7758041 0.1082705 -124.0101 -64.52534 -61.20449
0.02932031 0.7259995 0.1529483 -122.491 -66.85359 -67.5709
0.0376211 0.6967026 0.1844424 -118.6208 -71.0597 -72.39532
0.0635 0.667894 0.2191104 -111.4681 -73.32687 -78.39532
0.05886133 0.661058 0.2396182 -111.5826 -73.35741 -85.03654
0.04152735 0.6422592 0.272333 -108.888 -73.96809 -92.09762
