1.098831 0.04007276 0.982332 -32.79046 12.0618 -13.99507
1.080765 0.028354 0.9869707 -34.41641 10.13814 -11.74316
1.053665 0.01565869 0.9923418 -34.45458 8.596153 -9.834763
1.038528 0.01907666 0.9845293 -35.27901 6.626687 -7.437817
1.03804 0.01761182 0.9791582 -36.95076 4.161038 -5.262245
1.029983 0.01517041 0.9982012 -38.72176 2.046535 -2.689726
1.014358 0.00735791 0.9889238 -39.30191 0.2602749 -0.2011757
1.010208 -0.007778809 0.9886797 -38.75993 -2.205374 2.325542
1.000931 -0.0131499 0.9918535 -37.89733 -4.831328 4.249207
1.000931 -0.01949756 0.9837969 -35.76756 -7.380947 6.539283
1.012649 -0.02120654 1.000887 -34.10344 -9.587053 8.478213
1.020706 -0.02340381 0.990877 -31.9584 -11.41912 10.66142
1.039505 -0.03609912 0.9920977 -29.23321 -13.28171 12.69959
1.053421 -0.03463428 0.9935625 -26.28664 -14.76263 14.61562
1.069778 -0.02901904 0.997957 -23.34008 -16.27408 16.55455
1.096146 -0.03097217 0.9947832 -20.66832 -17.41912 18.53928
1.101761 -0.02022998 1.006502 -17.88969 -18.11377 20.42478
1.10762 -0.01510303 1.022127 -15.40115 -18.93056 21.82173
1.105911 -0.0002104491 1.030672 -13.94313 -19.45728 22.98203
1.104446 0.01858838 1.04825 -12.9126 -19.54125 24.48585
1.099563 0.03323682 1.067049 -12.30954 -19.90767 25.82173
1.095169 0.03836377 1.085603 -11.88969 -19.76263 26.63852
1.085403 0.04568799 1.102937 -11.29428 -19.83896 27.90569
1.069534 0.06155713 1.12076 -9.973664 -19.73973 28.66905
1.055862 0.06351025 1.131014 -8.668321 -19.69392 29.32554
1.046341 0.08230907 1.143465 -7.103435 -19.43438 29.79119
1.035843 0.08645947 1.144197 -4.920229 -20.0069 30.1118
1.019729 0.090854 1.146883 -3.424046 -19.9611 30.60798
1.010452 0.1042817 1.146394 -1.446947 -20.80843 31.34081
0.9921416 0.1194185 1.139559 0.01870203 -20.9382 31.34081
0.9831084 0.1184419 1.132723 2.163741 -21.76263 31.63852
0.9735869 0.1233247 1.115144 3.629389 -22.68629 31.92096
0.963333 0.1269868 1.094148 5.469084 -24.19011 32.35608
0.9425811 0.1262544 1.094637 6.598855 -26.0756 32.56982
0.9237823 0.1296724 1.072176 7.362214 -28.04507 33.24157
0.8998565 0.1311372 1.048738 8.011068 -30.64812 33.9286
0.876419 0.1240571 1.022859 8.446182 -33.61759 34.59272
0.8488311 0.1155122 1.001375 9.056871 -36.99163 35.05836
0.8297881 0.1225923 0.9837969 8.995802 -40.54125 35.69196
0.7956084 0.1152681 0.957918 8.934732 -44.70156 36.57745
0.7751006 0.1003755 0.9486406 8.812595 -49.78553 37.9515
0.744583 0.08523876 0.9486406 9.392748 -54.64049 39.51638
0.7489776 0.06375439 0.9339922 8.751526 -58.69392 40.72249
0.7682647 0.06131299 0.9205645 9.782061 -64.0069 42.0889
0.7963408 0.06351025 0.9178789 9.453817 -69.24355 44.30264
0.8478545 0.01053174 0.9029863 9.866032 -72.65576 46.67669
0.9154815 -0.02242725 0.8832109 13.7897 -75.60995 49.0202
1.011429 -0.05587451 0.8480547 23.14847 -80.54889 50.96676
1.08638 -0.07760303 0.8385332 35.41565 -82.90003 52.65379
1.174271 -0.07052295 0.8334063 47.95 -85.0069 54.76829
1.233353 -0.0509917 0.813875 55.30114 -86.73973 57.50875
1.293167 -0.01437061 0.803377 59.27061 -87.99164 60.42478
1.345901 0.005893066 0.791414 60.64466 -88.74736 63.46294
1.383011 0.02810986 0.8041094 60.55305 -88.69392 66.24157
1.433548 0.05154736 0.8043535 60.37748 -88.62522 68.33318
1.461624 0.07083447 0.8331621 58.45382 -87.56416 70.67669
1.481888 0.09964306 0.8605059 54.25534 -85.56416 72.84463
1.47969 0.1223481 0.8854082 48.69809 -82.88477 74.57745
1.378616 0.1694673 0.9244707 40.91946 -78.24355 76.48585
1.436478 0.1665376 0.9247149 35.02633 -78.0298 76.05836
1.460892 0.1885102 0.9796465 31.55305 -75.15958 74.82172
1.467972 0.1819184 1.034578 23.58359 -69.8695 75.55455
1.444046 0.219272 1.063631 12.30115 -63.24354 76.56982
1.414017 0.2185395 1.082918 4.484351 -59.38094 75.79883
1.367386 0.2129243 1.102937 -2.622519 -55.82369 74.85989
1.30806 0.2160981 1.136141 -9.927862 -50.11377 73.64616
1.264114 0.1982759 1.155916 -14.03473 -45.24354 72.34844
1.212601 0.1894868 1.173006 -15.43168 -40.90766 70.21104
1.174026 0.1767915 1.182527 -14.80573 -37.27407 67.85989
1.150833 0.1577485 1.193758 -12.83626 -33.24354 65.14997
1.133011 0.148227 1.198152 -9.973664 -28.70919 62.37897
1.112259 0.1286958 1.181307 -6.591985 -25.15957 60.21867
1.212356 -0.004849121 1.188143 -12.74466 -22.40385 47.85989
1.175979 0.0481294 1.131258 -6.080534 21.74882 -5.376747
1.164017 0.05008252 1.13785 -3.744657 22.0847 -7.483618
1.154007 0.04910596 1.148592 -2.660687 22.80989 -8.330946
1.150833 0.03665478 1.12784 -2.072901 23.17631 -9.55232
1.163528 0.04471143 1.135408 0.8736644 22.98547 -11.14011
1.176468 0.03787549 1.130037 1.667557 23.19157 -11.85766
1.201858 0.03543408 1.132967 1.667557 23.61142 -12.16301
1.219925 0.03885205 1.130281 3.827862 24.13814 -13.52942
1.236282 0.0349458 1.116853 4.84313 24.09997 -14.43018
1.247269 0.04129346 1.1066 3.888931 24.46638 -14.8424
1.251419 0.0530122 1.109529 1.637022 24.90149 -15.33095
1.251419 0.05252392 1.099275 -1.324809 24.77172 -15.52942
1.232376 0.0608247 1.094637 -5.095801 24.78699 -16.05614
1.215042 0.05252392 1.096834 -9.126336 24.07707 -16.27751
1.200394 0.04666455 1.086092 -13.0729 24.11524 -16.85766
1.189896 0.04788526 1.090242 -16.27901 24.03127 -17.55995
1.166702 0.04300244 1.092928 -18.82863 23.45111 -18.17827
1.153763 0.03152783 1.104891 -21.73702 23.52745 -18.82713
1.146194 0.02444775 1.104158 -24.13397 23.19921 -19.19354
1.143997 0.01883252 1.104158 -26.1416 22.9244 -20.01797
1.131546 -0.01412647 1.11075 -31.69122 21.88623 -20.85003
1.12764 -0.02950732 1.109041 -32.30954 21.39768 -21.17827
1.136429 -0.04342334 1.097322 -33.03473 21.33661 -20.77369
1.143997 -0.04830615 1.094393 -33.21794 20.9931 -20.92637
1.146927 -0.05221241 1.078523 -33.28664 20.31371 -20.8195
1.157181 -0.06148975 1.076082 -33.21794 19.16867 -20.30041
1.160599 -0.06759326 1.078035 -33.44695 18.70302 -19.8882
1.158646 -0.0798003 1.069978 -33.81336 17.93203 -19.22408
1.160599 -0.06075733 1.074373 -34.86679 16.26027 -18.79659
1.168167 -0.07906787 1.08658 -31.92023 18.86333 -19.9111
1.180618 -0.1144683 1.045809 -34.01183 14.87096 -16.26224
1.179642 -0.08834522 1.055086 -34.99657 13.66485 -15.54469
1.173538 -0.09029835 1.081697 -32.33244 13.95493 -15.66683
1.140823 -0.09811085 1.070467 -35.14924 13.50455 -13.39202
1.137161 -0.08419483 1.08365 -39.81336 12.54272 -11.46835
1.128128 -0.09371632 1.090975 -39.0729 12.13814 -10.80423
1.106399 -0.1029937 1.111727 -38.30191 12.09997 -10.43018
1.117386 -0.1007964 1.104646 -36.98893 11.77172 -9.468351
1.090286 -0.1108062 1.116853 -33.92786 10.70302 -9.399649
1.087601 -0.1188628 1.126131 -32.05763 10.00837 -8.659191
1.06929 -0.1188628 1.134676 -29.85153 9.664854 -7.842398
1.075394 -0.117398 1.126131 -29.36298 8.695389 -6.140106
1.103958 -0.1132476 1.130769 -29.2103 8.199205 -4.605755
1.140091 -0.1208159 1.142244 -26.9126 7.80226 -3.292778
1.175247 -0.107144 1.138338 -24.39351 7.90913 -2.475985
1.142288 -0.115689 1.129305 -19.31717 7.451114 -1.796595
1.139847 -0.1098296 1.114412 -21.63015 5.50455 0.6385193
1.122024 -0.1012847 1.132234 -23.35534 4.672489 3.36371
1.098587 -0.09640186 1.127107 -23.34771 4.649588 4.707222
1.075149 -0.08370655 1.13199 -23.62252 4.267909 6.417145
1.051712 -0.08004444 1.116853 -23.90496 2.489283 7.966763
1.050735 -0.07003467 1.116853 -22.92023 1.298443 9.195771
1.065872 -0.06808155 1.136629 -20.1416 0.6877558 10.18814
1.074173 -0.06515186 1.123689 -17.56908 0.4205801 10.80646
1.088577 -0.05172412 1.121248 -15.9126 -0.05270219 11.75302
1.094437 -0.04757373 1.116365 -13.30954 -0.9610992 12.50111
1.099808 -0.04757373 1.125398 -11.36298 -1.671023 13.32554
1.095657 -0.04000537 1.124178 -10.08817 -1.800794 13.89043
1.092483 -0.02608936 1.131014 -8.759924 -2.525985 14.66142
1.080032 -0.02560107 1.126375 -8.378244 -3.075603 15.35608
1.062942 -0.007534668 1.141023 -13.32481 -2.900031 16.94386
1.045608 -0.02535693 1.135652 -13.66069 -3.587053 18.53165
1.015823 -0.01412647 1.137361 -14.0958 -3.258809 18.80646
1.007278 -0.02560107 1.140047 -12.1187 -4.678657 19.14234
1.024612 -0.0443999 1.150789 -9.607252 -5.327512 19.09653
1.036331 -0.05123584 1.148836 -8.24084 -4.564153 19.90569
1.045853 -0.06368701 1.143953 -6.370611 -5.022168 20.44005
1.031937 -0.05514209 1.13907 -6.85916 -5.892397 22.22631
1.042435 -0.05611866 1.136141 -8.095801 -6.266443 23.48585
1.048294 -0.07223194 1.144197 -8.263741 -7.151939 24.80646
1.067581 -0.07247608 1.135408 -9.042366 -7.243542 26.33318
1.079544 -0.08272999 1.13907 -9.469848 -7.28171 27.95913
1.092972 -0.08004444 1.122225 -12.86679 -7.602321 30.34844
1.109329 -0.08688038 1.121004 -14.66832 -8.77026 32.36371
1.111038 -0.09151905 1.127107 -14.9813 -9.312244 33.66905
1.106399 -0.09566944 1.131746 -16.9355 -9.014534 35.43241
1.102005 -0.08712452 1.133211 -19.43168 -8.777893 37.78356
