-0.5339121 0.2635972 1.327265 -7.452855 27.09298 -4.860977
-0.5158457 0.2264878 1.344599 -18.63606 20.00901 6.66574
-0.4565196 0.1625229 1.281122 -27.20858 22.71893 10.00925
-0.4369883 0.1456772 1.21203 -38.41468 30.69603 7.53597
-0.4811778 0.0450913 1.227411 -36.42995 31.52046 7.329863
-0.528541 0.04948583 1.216181 -37.93377 25.07008 14.59704
-0.5053477 -0.06574854 1.157831 -29.43759 26.44412 14.34513
-0.5346446 -0.03034815 1.117548 -23.28492 31.27618 10.14666
-0.6071543 0.01042333 1.06994 -16.57499 27.93267 11.13139
-0.6078867 0.02507177 1.015985 -10.55209 21.58153 14.65811
-0.599586 -0.02937159 0.9652041 -1.231481 20.94794 8.032152
-0.6391367 -0.1287368 0.9759463 23.87539 11.85634 8.635206
-0.5470957 0.1481186 0.9617862 12.83722 2.352519 17.03979
-0.4550547 0.02580419 0.8460635 14.2876 22.16931 -0.677771
-0.6196055 0.1849839 0.9171084 20.1273 21.86397 -5.341893
-0.5907969 0.3346421 0.9173526 17.77615 2.421221 6.925282
-0.5107188 0.2584702 0.7911319 8.279969 -7.097863 19.5436
-0.4189219 0.3180405 0.7120303 -2.216214 6.001374 1.787878
-0.5658946 0.2364975 0.8873233 2.722718 11.10061 -7.853343
-0.7179942 0.3575913 1.066034 3.279969 -3.380306 2.436733
-0.6427989 0.3492905 1.039179 7.012794 -14.76962 12.95582
-0.5602793 0.3707749 0.9876651 5.028061 -8.494809 2.482534
-0.5478281 0.3925034 1.011835 3.98226 -3.884122 -7.013649
-0.5651621 0.4261948 1.090937 0.6387481 -9.861221 -1.570901
-0.5383067 0.3676011 1.087519 -0.7429313 -10.55588 -0.1510534
-0.5275645 0.3768784 1.048212 -2.323084 -9.830687 -2.754107
-0.5344004 0.3409897 1.022333 -6.735298 -8.097862 -3.639603
-0.5939707 0.2977768 1.026239 -4.689497 -7.281069 -7.044183
-0.6073985 0.3463608 1.015253 -12.97194 -13.12076 -1.074717
-0.5546641 0.2906968 0.9608096 -18.43759 -13.80015 1.894748
-0.59275 0.2250229 0.9398135 -15.95667 -11.40321 -4.204488
-0.6183848 0.1732651 0.8941592 -5.162779 -17.98336 -2.715939
-0.594459 0.152269 0.8218936 10.3334 -24.05206 -3.624336
-0.6176524 0.1847397 0.7313174 22.82959 -20.1971 -14.5709
-0.7096934 0.1012436 0.7530459 46.86776 -21.47191 -25.21212
-0.6720957 0.2364975 0.7820987 47.71508 -34.73145 -26.72357
-0.6237559 0.3475815 0.5269717 46.77615 -23.70855 -31.06708
-0.8686289 0.3424546 0.5091495 51.88302 -23.25817 -46.20449
-0.9345469 0.4357163 0.4229678 54.2418 -46.1055 -32.21975
-0.8918222 0.3109604 0.3743838 60.75325 -71.82306 -13.56327
-0.7326426 0.2137925 0.2752627 73.79142 -73.991 -24.80754
-0.7184824 0.1544663 0.1895694 97.88303 -70.58642 -40.18922
-0.7948985 0.2240464 0.1771182 118.9059 -81.90703 -50.97548
-0.8241953 0.3697983 0.06701076 127.4097 -88.15894 -60.79991
-0.9335703 0.447435 -0.001836896 140.8296 -95.19711 -72.72357
-1.01316 0.6561752 -0.05164158 130.6006 -106.9299 -63.09762
-1.025611 0.7106186 -0.06165135 113.57 -134.1742 -44.54036
-0.9196543 0.7457748 -0.06067479 99.02043 -155.6322 -33.21212
-0.7424082 0.6136948 0.05504787 74.57768 -168.0215 -26.86098
-0.6779551 0.6139389 0.1483096 68.89066 -167.3421 -37.16632
-0.7199473 0.7140366 0.2376651 47.91356 -172.8154 -35.08998
-0.5807871 0.8549057 0.2989444 22.35631 -174.3192 -29.28846
-0.4599375 0.8749252 0.2484072 12.04333 -181.4414 -25.46403
-0.5099864 0.7801987 0.3787783 -3.284916 -197.6628 -19.36479
-0.5016856 0.6779037 0.4793643 -13.62079 -207.2429 -23.53273
-0.3954844 0.8712631 0.8536319 -47.42232 -201.8231 -20.5938
-0.02268164 0.5416733 1.173212 -25.20858 -207.9528 -46.16632
-0.2087168 0.6913315 1.241083 -42.13224 -202.8689 -38.99075
-0.3224864 0.7238022 1.085077 -45.29255 -221.7849 -38.21212
0.1679922 0.8846909 3.046259 -7.445222 -77.0826 45.61994
1.194359 -0.3135513 1.096552 -5.437588 246.0243 -101.5709
1.234154 -0.2288345 1.097284 -0.01010692 246.0243 -96.70067
1.232445 -0.1983169 0.9901065 5.264702 246.0243 -92.21212
1.267113 -0.1004165 0.9859561 6.310503 246.0243 -93.47166
1.201195 -0.0733169 0.9661807 4.989893 246.0243 -99.21976
1.206078 -0.07014307 0.8714541 28.39447 246.0243 -106.9144
1.120141 0.006761223 0.8045596 31.30287 246.0243 -135.3037
1.157006 0.176439 0.6133975 39.86776 246.0243 -84.83044
1.237816 0.3212143 0.2855166 49.81432 246.0243 -99.55563
1.189477 0.3412339 0.2991885 48.02043 246.0243 -107.6854
1.080102 0.294603 0.2510928 53.88302 246.0243 -115.1969
1.097924 0.43181 0.0528506 55.36394 246.0243 -119.6549
1.110619 0.5565659 0.006219745 49.60822 246.0243 -127.5098
1.095727 0.6293198 -0.06165135 27.82959 246.0243 -137.8228
1.054955 0.488939 -0.0511533 18.31814 246.0243 -145.2732
1.014672 0.5077377 -0.06165135 16.89829 246.0243 -151.0442
1.052758 0.4110581 -0.06165135 16.44028 246.0243 -159.0213
1.044213 0.4457261 -0.06165135 9.92119 246.0243 -163.6014
1.088158 0.3707749 -0.06165135 4.257069 246.0243 -169.0366
1.109154 0.3116929 -0.06165135 4.570046 246.0243 -174.0518
1.136498 0.2726304 -0.0343076 7.592947 246.0243 -180.1969
1.173363 0.259935 0.009881854 8.234168 246.0243 -185.8457
1.19265 0.2279526 0.06261623 7.463175 246.0243 -191.2808
1.200951 0.1715561 0.1124209 6.776153 246.0243 -196.0824
1.219506 0.11223 0.1173037 4.157832 246.0243 -199.9755
1.221459 0.09343115 0.1358584 -1.674229 246.0243 -202.9144
1.210717 0.02092138 0.1444033 -10.07881 246.0243 -203.7541
1.232201 -0.03913722 0.1539248 -20.28492 246.0243 -202.8763
1.17849 -0.08259424 0.1466006 -31.7811 246.0243 -200.2045
1.114037 -0.2107681 0.1307315 -47.72003 246.0243 -193.3877
1.158959 -0.3062271 0.01769435 -61.59026 246.0243 -188.1816
1.170434 -0.4043716 0.001581073 -72.74293 246.0243 -179.2732
1.114281 -0.4737075 -0.03894627 -80.91087 246.0243 -175.548
1.067162 -0.7085709 -0.06165135 -83.97194 246.0243 -171.7388
0.9917227 -0.6665787 -0.06165135 -101.2467 246.0243 -164.9831
0.9516836 -0.8179459 -0.06165135 -113.9109 246.0243 -160.693
0.8257071 -0.9656509 -0.06165135 -116.2086 246.0243 -152.9297
0.8413321 -1.009352 -0.06165135 -99.99484 246.0243 -134.9602
0.6255117 -1.228102 -0.06165135 -78.61316 246.0243 -117.0289
0.5603261 -1.158278 -0.06165135 -65.11697 246.0243 -120.7923
0.5117422 -1.024977 -0.06165135 -62.16278 229.0014 -101.2885
0.4057851 -1.073073 -0.06165135 -51.22385 206.0472 -87.73884
0.3337636 -1.045241 -0.06165135 -52.38415 197.009 -89.03654
0.2973867 -1.026198 -0.06165135 -51.83453 184.6502 -77.88387
0.1909414 -1.00984 -0.06165135 -49.47575 165.4365 -62.71593
0.1540762 -0.9971451 -0.06165135 -51.23911 150.2151 -52.79991
0.09597071 -0.991774 -0.06165135 -52.7582 132.8487 -41.79227
0.04933985 -0.9812759 -0.06165135 -52.07117 115.9327 -32.76937
0.06496484 -0.9580826 -0.06165135 -48.85743 100.6426 -25.29609
0.06325586 -0.9510025 -0.06165135 -45.7353 84.51283 -17.24266
0.08132227 -0.9365982 -0.06165135 -39.9414 70.55099 -10.71594
0.0869375 -0.9158463 -0.06165135 -35.43759 57.13878 -4.196855
0.1523672 -0.870192 -0.06165135 -32.19331 43.58916 3.490168
0.216332 -0.851149 -0.06165135 -29.75056 32.36015 10.20772
0.2759023 -0.8260025 -0.06165135 -26.72003 20.84107 16.32986
0.3225332 -0.7754654 -0.06165135 -25.7582 10.36015 22.94055
0.3794179 -0.7481216 -0.06165135 -25.38415 0.5967937 29.68864
0.4372793 -0.7178482 -0.06165135 -24.15514 -8.540611 35.49017
0.5090566 -0.6795181 0.05016506 -21.46049 -15.72382 40.60467
0.5664297 -0.6311783 0.1573428 -19.17041 -19.79252 41.53597
0.6360097 -0.5594009 0.2147158 -18.02537 -26.76199 50.02452
0.6946035 -0.47444 0.2974795 -13.03301 -31.41084 55.62757
0.7231679 -0.4341568 0.3502139 -11.49102 -35.82306 59.68864
0.7412344 -0.3716568 0.4046573 -10.18568 -39.41084 62.74971
0.7810293 -0.3289321 0.4456729 -8.139878 -42.47954 65.6123
0.7912832 -0.2698501 0.4720401 -7.109344 -45.12076 67.16956
0.8161856 -0.2093032 0.4869327 -5.521557 -47.40321 68.78024
0.8576895 -0.189772 0.4957217 -2.491023 -43.74672 69.23826
0.8669668 -0.1450943 0.555292 8.501344 -48.51007 73.21536
0.8689199 -0.03352198 0.5919131 8.730351 -50.79252 73.04742
0.8772207 0.03361669 0.6514834 2.829588 -55.00626 73.00925
0.9094473 0.05754247 0.6878604 -2.078809 -58.46428 71.94818
0.9109121 0.1019761 0.7469424 -8.391787 -59.67801 70.80315
0.9292227 0.1049057 0.7745303 -12.62843 -61.40321 69.83368
0.9353262 0.1100327 0.7987002 -12.38415 -62.50244 66.97872
0.9658438 0.1288315 0.834833 -11.19331 -60.31924 64.26116
0.955834 0.1425034 0.8709659 -9.353619 -59.71618 61.3604
0.9521719 0.1759507 0.928583 -9.07881 -58.41084 57.94055
0.9372793 0.1595932 0.9554385 -11.04827 -57.93756 54.86422
0.9502188 0.1742417 0.9495791 -12.62079 -55.98336 51.77261
0.943627 0.1503159 0.8992862 -12.79637 -53.62458 49.4062
0.9287344 0.1595932 0.8345889 -11.86507 -52.18946 47.02452
0.9011465 0.1857163 0.7540225 -12.69713 -50.96809 45.29933
0.8698965 0.2101304 0.695917 -13.27728 -51.01389 42.82605
0.8283926 0.2291733 0.631708 -13.33835 -50.95282 40.68864
0.7265859 0.2472397 0.5172061 -16.07117 -52.18183 37.81078
-0.486793 -0.07038722 1.650019 -8.277283 22.58153 -3.235023
-0.4396739 -0.1282485 1.613886 -4.720031 33.56626 -5.425862
-0.4318614 -0.1328872 1.617548 -4.620794 34.23038 -5.502198
-0.4352793 -0.1514419 1.624628 -3.773466 34.58916 -5.792274
