1.052067 -0.3306268 0.7145185 259.918 -94.68275 251.8109
1.096989 -0.2232049 0.6393232 262.6585 -91.18657 251.8109
1.173405 -0.185119 0.539958 267.1547 -91.1255 251.8109
1.165104 -0.08184753 0.4171553 266.1547 -90.75908 251.8109
1.241764 -0.07720886 0.3256025 269.6508 -90.40794 251.8109
1.272038 0.05975403 0.2225752 269.6508 -92.27054 251.8109
1.371891 0.1842657 0.07975292 269.6508 -92.94229 251.8109
1.479557 0.2731329 -0.002522469 268.5135 -96.24763 251.8109
1.444889 0.3829962 -0.1038408 263.5974 -106.2629 251.8109
1.60651 0.5661016 -0.08455372 244.7196 -108.1408 251.8109
1.554508 0.6307989 -0.2332354 242.1012 -113.0644 251.8109
1.649723 0.8632208 -0.2605791 223.3226 -121.0492 251.8109
1.691715 0.8937384 -0.2605791 236.4829 -133.1255 251.8109
1.534489 1.050477 -0.2605791 234.5669 -166.385 251.8109
1.809635 1.324158 -0.2605791 212.8646 -152.0873 251.8109
1.904606 1.683289 -0.2476397 203.399 -184.9499 251.8109
1.968815 1.907654 -0.237874 191.9409 -195.7514 251.8109
2.049137 2.011903 -0.1846514 192.3455 -221.3698 251.8109
2.157536 2.220887 -0.03450489 172.5898 -229.2705 251.8109
2.270573 2.224976 0.07828808 167.399 -238.3392 251.8109
2.222233 2.224976 0.2953291 143.9257 -231.6064 251.8109
2.289799 2.224976 0.5072432 150.857 -233.3087 251.8109
2.24445 2.224976 0.7093916 144.918 -229.9346 251.8109
2.024235 2.224976 0.701335 138.7654 -226.5377 251.8109
1.928043 2.224976 0.8651533 109.5592 -231.9652 251.8109
1.804997 2.224976 1.114665 75.51345 -242.9041 251.8109
2.130924 2.224976 1.356364 89.87987 -230.0797 251.8109
1.915592 2.224976 1.508464 83.10887 -214.0339 251.8109
1.932194 2.224976 1.559489 84.50581 -200.1866 251.8109
1.871891 2.224976 1.600261 76.9562 -193.6446 251.8109
1.793766 2.224976 1.647136 66.002 -183.4995 248.2231
1.798405 2.224976 1.643962 53.78826 -176.782 221.1926
1.70319 2.224976 1.672526 37.39895 -170.698 193.5361
1.678532 2.224976 1.749187 29.00963 -162.4385 160.1544
1.684147 2.224976 1.810222 18.62032 -155.6751 121.9712
1.712956 2.224976 1.891276 0.3607788 -144.2018 84.77274
1.777897 2.224976 1.983317 -9.165939 -131.698 40.17731
1.769596 2.224976 2.104167 -24.9064 -116.7133 -5.143298
1.715641 2.224976 2.192546 -30.98273 -99.02626 -48.34177
1.658512 2.224976 2.194011 -48.57815 -82.86595 -91.11276
1.719547 2.224976 2.245769 -58.23464 -65.91939 -134.6395
1.740788 2.224976 2.296794 -80.24991 -47.09496 -172.6013
1.757633 2.224976 2.246501 -95.6545 -24.29344 -212.9219
1.76569 2.224976 2.160075 -106.853 -8.392673 -248.4563
1.790104 2.224976 2.129069 -109.7003 8.050076 -248.4563
1.826969 2.224976 2.090251 -112.1812 24.95084 -248.4563
1.895817 2.224976 2.019938 -112.5934 42.54626 -248.4563
1.946598 2.224976 1.958415 -112.1125 60.30962 -248.4563
2.001774 2.224976 1.829021 -106.4942 73.23328 -248.4563
2.075993 2.224976 1.800212 -110.7843 86.4623 -248.4563
2.218082 2.224976 1.751872 -113.853 104.7142 -248.4563
2.27277 2.064393 1.700603 -123.0514 121.386 -248.4563
2.289799 1.842713 1.587565 -130.1507 132.8592 -248.4563
2.289799 1.768494 1.53654 -146.0972 146.531 -248.4563
2.289799 1.576844 1.507243 -156.1354 162.531 -248.4563
2.288395 1.47577 1.426677 -162.9369 173.5081 -248.4563
2.289799 1.320984 1.303874 -174.6698 193.989 -248.4563
2.289799 1.289734 1.09611 -182.5858 210.5615 -248.4563
2.289799 1.110291 0.9686689 -178.7308 227.5615 -248.4563
2.289799 0.5585333 0.6703291 -103.3492 231.0959 -248.4563
2.289799 0.2638556 0.222331 -83.8606 231.0959 -248.4563
2.138004 0.8519903 -0.1265459 -179.8606 231.0959 -248.4563
2.289799 1.828553 0.1898603 -230.6163 203.1188 -248.4563
2.289799 1.154969 0.7191572 -230.6163 231.0959 -248.4563
2.289799 0.8319708 0.8761396 -230.6163 231.0959 -248.4563
2.289799 0.3351446 0.3182783 -230.6163 231.0959 -248.4563
2.289799 0.4611212 -0.09993458 -230.6163 231.0959 -248.4563
2.289799 0.3676153 -0.1878252 -230.6163 231.0959 -248.4563
2.289799 0.3571173 -0.2605791 -230.6163 231.0959 -248.4563
2.289799 0.2023322 -0.2605791 -230.6163 231.0959 -248.4563
2.289799 0.08270325 -0.2605791 -230.6163 231.0959 -248.4563
2.289799 -0.407287 -0.2605791 -230.6163 231.0959 -248.4563
2.258854 -0.4287714 -0.2605791 -230.6163 231.0959 -248.4563
2.289799 -0.6987909 -0.2605791 -230.6163 231.0959 -248.4563
2.165348 -0.8452753 -0.2605791 -230.6163 231.0959 -248.4563
0.8584634 -0.7991327 1.121013 269.6508 -198.7744 251.8109
1.054997 0.8268438 0.3986006 121.8341 -95.01863 251.8109
1.068668 0.9674688 0.4235029 111.5822 -105.5759 251.8109
1.130192 0.9237677 0.3790693 109.6661 -102.8049 251.8109
1.126042 0.9852911 0.3336592 108.1394 -118.5606 251.8109
1.355045 1.106873 0.2789717 121.689 -108.011 251.8109
1.229313 1.223817 0.1307783 109.5974 -125.6828 251.8109
1.146549 0.9198614 0.147624 111.6051 -135.4232 251.8109
1.190739 1.079774 0.1051435 112.2768 -147.2705 251.8109
1.233463 1.166443 0.1381025 112.9333 -154.6293 251.8109
1.289616 1.272645 0.1468916 110.2005 -161.2171 251.8109
1.329655 1.364686 0.1429853 106.5669 -168.3545 251.8109
1.390202 1.512635 0.1251631 102.9104 -177.9652 251.8109
1.450504 1.608094 0.1449385 88.71193 -189.324 251.8109
1.506657 1.646668 0.210124 75.82643 -200.2934 251.8109
1.525211 1.706971 0.3136396 63.91803 -209.3163 251.8109
1.60944 1.704041 0.3754072 53.29971 -219.3774 251.8109
1.788883 1.830262 0.4103193 45.03253 -231.4079 251.8109
1.763981 1.812195 0.5485029 35.31498 -254.5453 251.8109
1.779118 2.048035 0.8031416 23.58979 -250.1789 251.8109
1.854557 2.077332 1.001628 13.39895 -246.5072 251.8109
1.848942 2.159364 1.150554 16.63559 -249.2553 251.8109
1.873844 2.186707 1.268718 28.80353 -263.0873 251.8109
1.945866 2.209412 1.400798 51.1394 -254.2476 251.8109
2.007145 2.224976 1.584392 60.67376 -251.1102 251.8109
1.937565 2.224976 1.74113 81.49818 -255.5072 251.8109
2.001286 2.224976 1.881999 106.5745 -249.3163 251.8109
2.208317 2.224976 1.959636 129.3913 -247.3087 251.8109
2.278141 2.224976 2.036052 163.8035 -213.9041 250.4369
2.289799 2.224976 2.005778 170.9409 -209.0263 243.6277
2.264713 2.224976 2.043132 186.1394 -198.5301 233.6277
2.212467 2.224976 2.085856 190.7043 -187.0873 231.1544
2.146061 2.224976 2.064616 192.0936 -174.9041 215.8262
1.950504 2.224976 1.990642 175.1623 -166.9805 191.2308
1.89777 2.224976 2.169108 135.5898 -151.6064 176.704
1.952946 2.224976 2.106364 100.6432 -132.2018 157.872
1.830875 2.224976 2.16154 54.33788 -116.5911 138.4827
1.80817 2.224976 2.214519 17.46765 -103.1942 110.1926
1.695377 2.224976 2.328044 -20.81479 -89.69038 81.10098
1.759586 2.224976 2.335856 -48.66976 -66.38504 49.99411
1.70734 2.224976 2.283366 -70.45601 -49.96519 18.45975
1.699772 2.224976 2.229167 -80.28807 -35.36214 -16.01353
1.694645 2.224976 2.314616 -99.78426 -21.04916 -50.26543
1.662418 2.224976 2.319743 -91.769 3.378321 -86.41048
1.577458 2.224976 2.184978 -82.49419 19.83633 -123.8303
1.502018 2.224976 2.077312 -67.96747 33.33252 -160.1662
1.498844 2.224976 1.952556 -44.31098 48.53099 -194.6166
1.432682 2.224976 1.802409 -29.30334 59.65313 -227.0364
1.367985 2.224976 1.675212 -20.24228 66.08061 -248.4563
1.361393 2.224976 1.615642 -29.23464 70.6913 -248.4563
1.33942 2.224976 1.595134 -36.9293 78.74474 -248.4563
1.384831 2.224976 1.544353 -46.36441 84.85924 -248.4563
1.395817 2.224976 1.578776 -36.79189 91.21802 -248.4563
1.48151 2.224976 1.488688 -45.92167 100.6302 -248.4563
1.554264 2.121522 1.516276 -57.84533 110.9814 -248.4563
1.597477 2.224976 1.467204 -90.83769 122.3554 -248.4563
1.613346 2.224976 1.420085 -130.0285 134.134 -248.4563
1.587223 2.224976 1.45695 -181.1278 146.6226 -248.4563
1.580631 2.121278 1.405192 -178.1354 167.9585 -248.4563
1.659245 1.972108 1.327312 -183.9675 183.5615 -248.4563
1.783024 1.794617 1.203044 -180.3033 197.0424 -248.4563
1.897038 1.41327 1.292888 -162.1201 231.0959 -248.4563
1.901432 1.406922 0.9054365 -177.9217 231.0959 -248.4563
2.289799 1.106873 0.3463545 -181.0056 231.0959 -248.4563
1.846256 1.270936 0.5028486 -200.9904 231.0959 -248.4563
2.014957 1.021912 0.1998701 -222.6698 231.0959 -248.4563
1.976627 0.9564825 0.08927441 -230.6163 231.0959 -248.4563
2.002995 0.7174688 -0.0525713 -230.6163 231.0959 -248.4563
1.956364 0.6095587 -0.2605791 -230.6163 231.0959 -248.4563
1.95612 0.4579473 -0.2605791 -230.6163 231.0959 -248.4563
1.94904 0.2811896 -0.2605791 -230.6163 231.0959 -248.4563
2.009586 0.07293762 -0.2605791 -230.6163 231.0959 -248.4563
2.021061 -0.06915222 -0.2605791 -230.6163 231.0959 -248.4563
1.752018 -0.6709589 -0.2605791 -230.6163 231.0959 -248.4563
1.441959 -0.5720819 -0.2605791 -230.6163 231.0959 -248.4563
