2.289799 2.224976 0.7049971 -230.6163 164.3631 -248.4563
2.289799 1.901551 0.4659834 -230.6163 188.3401 -248.4563
2.289799 1.608826 0.3102217 -230.6163 195.1417 -248.4563
2.289799 1.36493 0.2198896 -230.6163 213.6455 -248.4563
2.289799 1.1391 0.118083 -230.6163 231.0959 -248.4563
2.289799 0.9367071 -0.07674122 -230.6163 231.0959 -248.4563
2.289799 0.6947638 -0.1375322 -230.6163 231.0959 -248.4563
2.289799 0.4855352 -0.2605791 -230.6163 231.0959 -248.4563
2.289799 0.3034064 -0.2605791 -230.6163 231.0959 -248.4563
2.289799 0.01434387 -0.2605791 -230.6163 231.0959 -248.4563
2.289799 -0.1948846 -0.2605791 -230.6163 231.0959 -248.4563
2.289799 -0.6878046 -0.2605791 -230.6163 231.0959 -248.4563
2.289799 -0.8645624 -0.2605791 -230.6163 231.0959 -248.4563
2.289799 -1.355041 -0.2605791 -230.6163 231.0959 -248.4563
2.289799 -1.774963 -0.2605791 -230.6163 231.0959 -248.4563
1.902897 -1.774963 -0.2605791 -230.6163 231.0959 -248.4563
1.958317 -1.774963 -0.2605791 -230.6163 231.0959 -248.4563
1.823063 -1.774963 -0.2605791 -230.6163 231.0959 -248.4563
1.353825 -1.774963 -0.2605791 -230.6163 231.0959 -248.4563
1.444889 -1.774963 -0.2605791 -230.6163 231.0959 -248.4563
1.425602 -1.774963 -0.2605791 -230.6163 231.0959 -248.4563
0.9487954 -1.774963 -0.2605791 -230.6163 231.0959 -248.4563
0.1236001 -1.774963 -0.2605791 -230.6163 231.0959 -248.4563
-1.027767 -1.774963 -0.2605791 -230.6163 231.0959 -186.9677
-1.71014 -1.774963 -0.2605791 -127.311 125.386 -114.4334
-1.71014 -1.774963 -0.2605791 -88.62395 -0.491909 -40.1433
-1.71014 -1.774963 -0.2605791 -45.21174 -99.59879 12.37579
-1.71014 -1.774963 -0.2605791 -34.96746 -153.5911 59.30708
-1.71014 -1.774963 -0.2605791 -34.75373 -223.4385 93.16968
-1.601742 -1.774963 -0.2605791 -31.31861 -266.7972 127.1239
-1.144955 -1.774963 -0.2605791 -23.31861 -269.1713 151.2537
-0.6505698 -1.774963 -0.2605791 -8.91403 -269.1713 161.3453
-0.1517905 -1.774963 -0.2605791 36.31498 -269.1713 157.5208
-0.08758155 -1.757141 -0.2605791 99.2081 -269.1713 135.7269
0.192936 -1.533752 -0.02229786 144.2615 -269.1713 161.6124
0.4649087 -1.34381 0.2450361 186.8417 -269.1713 164.5895
0.638981 -1.213683 0.5575361 230.0936 -269.1713 180.8109
0.7791177 -0.9971308 0.8453779 269.6508 -269.1713 180.0323
0.7300454 -0.8679804 1.10612 269.6508 -269.1713 180.7956
0.8684731 -0.4790644 1.247966 269.6508 -269.1713 196.9407
0.8032876 -0.3667597 1.235026 269.6508 -269.1713 202.3071
0.5891763 -0.4920038 1.379802 269.6508 -269.1713 202.788
1.245182 -0.2915644 0.8170576 269.6508 -269.1713 191.185
0.7046548 -0.3809198 1.094157 269.6508 -269.1713 214.246
0.8714028 0.1244513 1.765788 269.6508 -269.1713 211.1086
0.8296548 0.1364142 1.68864 269.6508 -264.1255 215.0934
0.6250649 0.07659973 1.600505 269.6508 -246.843 211.3834
0.6944009 0.1723029 1.563151 269.6508 -238.8889 215.185
0.6575356 0.3729864 1.661296 269.6508 -221.6599 219.6506
0.6350747 0.3121954 1.596599 269.6508 -204.324 221.1315
0.6087075 0.3561407 1.537272 269.6508 -193.1255 225.8262
0.6402017 0.342713 1.499431 269.6508 -181.6675 230.3529
0.6367837 0.32367 1.490153 269.6508 -169.6599 233.5437
0.6265298 0.3209845 1.471354 269.6508 -159.3163 238.4521
0.6660806 0.2848517 1.432536 269.6508 -144.9957 241.3376
0.6785317 0.2435919 1.409099 269.6508 -135.2018 245.6201
0.7337075 0.2413947 1.333171 269.6508 -121.7744 251.8109
1.579899 2.224976 0.8736982 -96.28044 64.31725 -209.8227
2.289799 -0.4646601 -0.2605791 -230.6163 219.615 -248.4563
2.289799 -0.5889277 -0.2605791 -230.6163 215.6455 -248.4563
2.289799 -0.6592402 -0.2605791 -230.6163 231.0959 -248.4563
2.289799 -0.9551386 -0.2605791 -230.6163 231.0959 -248.4563
2.289799 -1.115783 -0.2605791 -230.6163 231.0959 -248.4563
2.289799 -1.51715 -0.2605791 -230.6163 231.0959 -248.4563
2.289799 -1.774963 -0.2605791 -230.6163 231.0959 -248.4563
2.289799 -1.774963 -0.2605791 -230.6163 231.0959 -248.4563
2.289799 -1.774963 -0.2605791 -230.6163 231.0959 -248.4563
2.289799 -1.774963 -0.2605791 -230.6163 231.0959 -248.4563
1.787663 -1.774963 -0.2605791 -230.6163 231.0959 -248.4563
0.7315103 -1.774963 -0.2605791 -230.6163 231.0959 -248.4563
0.2163735 -1.774963 -0.2605791 -230.6163 226.5157 -248.4563
-0.5751304 -1.774963 -0.2605791 -171.9675 122.0959 -248.4563
-1.003109 -1.774963 -0.2605791 -109.1965 12.7371 -247.5173
-0.9620933 -1.774963 -0.2605791 -4.852962 -57.18657 -200.1051
-1.069759 -1.774963 -0.2605791 32.17757 -113.1179 -153.5555
-1.297054 -1.774963 -0.2605791 26.68139 -154.4232 -112.0441
-1.353207 -1.774963 -0.2605791 7.360779 -180.7514 -69.66238
-1.182064 -1.774963 -0.2605791 -11.72319 -226.8201 -32.67002
-0.8493003 -1.774963 -0.2605791 -19.49418 -223.1484 1.788
-0.7418784 -1.774963 -0.2605791 -13.998 -248.3621 25.17731
-0.635189 -1.774963 -0.2605791 8.154672 -264.8736 54.41396
-0.2929038 -1.774963 0.05582714 20.23101 -269.1713 87.32999
0.1902505 -1.774963 0.5675459 42.84933 -265.0415 133.0246
0.3721353 -1.774963 0.9532881 53.92566 -261.0339 152.704
0.3450356 -1.774963 1.107829 57.55925 -249.0034 184.7575
0.4807778 -1.774963 1.310954 88.65849 -248.0492 209.8949
0.64777 -1.774963 1.377849 92.00963 -238.6751 230.0399
0.6397134 -1.774963 1.700358 124.9333 -238.6827 245.3529
0.7424966 -1.774963 1.83903 138.7806 -209.4614 251.8109
0.6641274 -1.774963 1.804851 167.9257 -189.6675 251.8109
0.7654458 -1.583068 1.91447 184.4829 -166.7438 251.8109
0.8391763 -1.38507 1.849772 199.773 -149.0186 251.8109
0.8035317 -1.242492 1.773112 208.689 -133.9194 251.8109
0.7634927 -1.162414 1.760661 216.3226 -118.7591 251.8109
0.7534829 -1.009338 1.663737 220.2539 -103.614 251.8109
0.7927896 -0.9041132 1.520427 218.7425 -90.36977 251.8109
0.8067056 -0.8557734 1.412028 214.5135 -79.13313 251.8109
0.8001138 -0.8652948 1.343913 209.7043 -69.62168 251.8109
0.7923013 -0.8106073 1.214274 209.6585 -60.58351 251.8109
0.8225747 -0.6665644 1.051188 207.5058 -53.03389 251.8109
0.8816567 -0.646789 0.9569502 203.7196 -54.25527 251.8109
0.8677407 -0.599914 0.8968916 196.0707 -51.62168 251.8109
0.8801919 -0.5874628 0.8924971 204.5822 -50.92702 251.8109
0.8572427 -0.5193476 0.7718916 206.3226 -49.36214 251.8109
1.010319 -0.452453 0.6720381 207.8264 -50.91939 251.8109
1.078434 -0.4605097 0.6402998 215.9409 -51.04916 251.8109
1.20734 -0.3455194 0.5106611 209.8875 -48.75145 251.8109
1.315983 -0.2752069 0.4901533 223.231 -49.98046 251.8109
1.371647 -0.2554315 0.3724775 221.9867 -51.67511 251.8109
1.415592 -0.1670526 0.369792 227.857 -54.60641 251.8109
1.54694 -0.1213983 0.2335615 229.5745 -53.63695 251.8109
1.695377 -0.004454956 0.1581221 234.0783 -56.11023 251.8109
1.725895 0.1671759 0.1088057 242.2234 -58.00336 251.8109
1.655338 0.2440802 0.1234541 237.5211 -69.32397 251.8109
1.835514 0.2455451 -0.1204424 248.9562 -63.05679 251.8109
1.858952 0.2977911 -0.1643877 252.8646 -82.1255 251.8109
1.948795 0.3329474 -0.2217607 269.1623 -84.65222 251.8109
2.071598 0.5028692 -0.2483721 269.6508 -92.31633 251.8109
2.155094 0.6400763 -0.2605791 269.6508 -95.93466 251.8109
2.220524 0.7211309 -0.2605791 269.6508 -105.1637 251.8109
2.289799 0.9413458 -0.2605791 269.6508 -114.5148 251.8109
1.925114 2.193787 -0.2605791 245.9028 -104.9805 251.8109
1.647038 2.224976 -0.2605791 202.002 -199.7667 251.8109
2.289799 2.224976 -0.2605791 230.1699 -169.0568 251.8109
2.289799 2.224976 -0.1451006 239.6127 -164.1255 251.8109
2.284 2.224976 -0.2605791 229.2844 -168.0492 251.8109
2.289799 2.224976 -0.2605791 229.3684 -179.5911 251.8109
2.289799 2.224976 -0.1624346 212.9486 -185.2095 251.8109
2.289799 2.224976 -0.1512041 192.1241 -188.4232 251.8109
2.289799 2.224976 -0.06306934 168.1012 -203.2171 251.8109
2.289799 2.224976 0.326335 97.28444 -219.553 251.8109
2.289799 2.224976 0.4220381 73.16994 -218.2476 251.8109
2.289799 2.224976 0.5897627 47.31498 -212.9881 251.8109
2.289799 2.224976 1.095134 18.92566 -200.7362 247.2308
2.289799 2.224976 1.282146 1.711924 -190.1942 197.9254
2.289799 2.224976 1.523112 -16.0209 -173.1408 149.1544
2.184147 2.224976 1.737956 -33.73082 -157.7056 98.20785
2.016422 2.224976 1.952312 -46.39495 -142.8736 47.58953
1.920719 2.224976 2.086589 -70.77663 -126.2324 -0.8837557
1.889713 2.224976 2.187663 -84.67738 -104.7209 -52.02116
1.856022 2.224976 2.266032 -107.7232 -86.49954 -101.4792
1.876286 2.224976 2.363444 -124.1354 -63.65985 -151.9143
1.872135 2.224976 2.440104 -120.0209 -41.23237 -201.1586
1.925114 2.224976 2.426433 -116.7003 -18.72092 -247.67
2.025455 2.224976 2.349284 -99.86823 2.65313 -248.4563
2.111881 2.224976 2.265544 -94.94456 17.57679 -248.4563
2.203678 2.224976 2.276774 -89.84532 36.33252 -248.4563
-1.19183 -1.774963 -0.2605791 -121.2881 228.6455 -177.9296
1.094792 -0.2984003 0.9537764 269.6508 -207.0415 251.8109
1.103825 -0.1914667 0.94279 269.6508 -199.553 251.8109
