0.227249 -0.1759917 0.7555254 -51.79809 -17.48782 42.1118
0.1962432 -0.2421538 0.7608964 -27.9355 -16.74736 37.45531
0.3117217 -0.08053272 0.64908 -22.29428 -8.846596 38.1347
0.2367705 0.05911572 0.4662187 -7.24084 -31.01453 34.43241
0.1796416 -0.01412647 0.6112382 -0.660687 -28.14431 27.66905
0.201126 -0.006069824 0.6949785 3.568321 -23.80079 26.24157
0.1549834 0.07352002 0.6498125 3.919466 -23.21301 26.14997
0.0834502 0.1006196 0.6493242 2.629389 -24.96873 24.68432
0.03950489 0.1025728 0.7113359 2.774427 -21.77026 20.80646
0.03022754 0.1142915 0.7420976 5.117939 -18.27408 14.98203
-0.003952146 0.0854829 0.7301347 4.850763 -16.41148 10.80646
-0.02763379 0.06058056 0.7447832 10.00344 -15.80843 4.027832
-0.02177441 0.05325634 0.7860429 7.255343 -13.31224 -0.6668243
-0.03813183 0.02542432 0.8063066 -6.492748 -8.930565 -2.704992
-0.04106152 -0.03023975 0.8038652 -7.882061 -5.655756 -8.621023
-0.07768261 -0.122769 0.8014238 -16.59199 -1.671023 -7.941633
-0.09941113 -0.3429839 0.803377 -13.62252 0.4511144 -6.720259
-0.1103975 -0.4926421 0.8080156 -11.0958 3.046535 -1.048504
-0.03984082 -0.4672515 0.7899492 -12.54618 6.489282 3.928595
-0.05644238 -0.5807769 0.7359941 -3.660687 7.382412 6.195771
0.008499026 -0.5756499 0.6654375 -4.515649 8.252642 12.14234
0.07734668 -0.6144683 0.6297929 -1.85916 8.237373 17.01257
0.1012725 -0.626187 0.6200273 -0.920229 9.405313 21.96676
0.5661162 -0.5517241 0.4798906 45.24007 -87.0298 -38.15537
0.5717315 -0.5275542 0.5060136 45.43092 -86.22828 -36.47598
0.5858916 -0.5151031 0.543123 46.57595 -85.69392 -34.8653
0.5871123 -0.475064 0.5524004 46.40038 -84.33514 -33.59049
0.591751 -0.4718902 0.5846269 49.1103 -83.8008 -33.43782
0.5944366 -0.4362456 0.6149004 48.95 -82.71683 -32.45309
0.5929717 -0.4047515 0.6346757 49.0187 -81.55652 -32.09431
0.5971221 -0.3896148 0.6583574 49.00343 -79.12904 -32.35384
0.5995635 -0.3974273 0.6686113 49.88893 -76.87713 -32.9111
0.5959014 -0.3930327 0.6710527 52.18664 -74.67103 -33.80423
0.5976104 -0.3818023 0.6693437 54.72863 -72.23591 -34.54469
0.6122588 -0.3681304 0.6627519 56.69809 -70.22828 -35.36912
0.6244658 -0.3598296 0.6495683 57.39275 -68.74736 -36.04087
0.623001 -0.3420074 0.6388261 57.0416 -66.92294 -36.98743
0.6203155 -0.3381011 0.640291 55.88129 -65.74736 -38.20881
0.6100616 -0.3566558 0.6339433 55.62175 -64.51072 -39.10957
0.6024932 -0.365689 0.6407793 56.84313 -63.30461 -40.46835
0.5990752 -0.3749663 0.6395586 57.88893 -62.55652 -41.20881
0.5995635 -0.3835113 0.6380937 58.44618 -61.35804 -42.34621
0.6132354 -0.3944976 0.6363847 58.78969 -60.25881 -43.40729
0.6215362 -0.407437 0.6332109 59.30114 -59.34278 -44.26988
0.6457061 -0.4027984 0.6319902 57.05687 -57.77026 -44.60576
0.6327666 -0.4130523 0.6170976 54.87366 -56.09087 -45.22408
0.6251983 -0.4550445 0.6044023 54.72099 -54.45728 -46.35385
0.6947783 -0.4779937 0.5755937 54.179 -53.10614 -47.43018
0.6540069 -0.4765288 0.5863359 46.69046 -52.19774 -46.48362
0.6173858 -0.5453765 0.5824296 58.12557 -51.19011 -50.29278
0.6088408 -0.5693023 0.5572832 63.54542 -50.11377 -51.91873
0.5946807 -0.5944488 0.5113847 69.46146 -49.27407 -53.934
0.581253 -0.6332671 0.4679277 73.24008 -49.41148 -55.43782
0.5490264 -0.6684234 0.4225175 79.14848 -49.73972 -57.33858
0.5114287 -0.7209136 0.3739336 83.82787 -51.32751 -58.36148
0.4730987 -0.7814605 0.3150957 89.16374 -53.51072 -58.934
0.4569854 -0.8446929 0.2518632 90.79733 -55.86186 -58.0027
0.4208526 -0.9494292 0.197664 92.44618 -59.76262 -56.07904
0.3996123 -1.003384 0.1498125 94.85077 -65.1443 -51.36912
0.3351592 -1.045132 0.1168535 93.59885 -70.06034 -44.29278
0.3473662 -0.987271 0.1041582 72.8584 -77.07561 -34.92637
0.336624 -1.135708 0.07949996 89.46909 -81.61759 -37.0256
0.3751982 -1.225552 0.03091598 87.08741 -86.8924 -27.13247
0.4267119 -1.216763 0.02212691 94.82023 -93.60233 -21.7508
0.4486846 -1.24191 0.01895308 99.83549 -100.2741 -17.0027
0.4694366 -1.269498 0.01187301 107.2782 -107.8237 -13.27751
0.4445342 -1.305874 0.04800582 109.3011 -110.7703 -5.109573
0.4264678 -1.33688 0.0797441 101.6676 -115.3199 7.87516
0.4218291 -1.333218 0.1112382 92.08741 -119.4497 20.93623
0.4179229 -1.329556 0.1476152 85.07977 -122.6939 32.35608
0.4342803 -1.331021 0.169832 74.91183 -126.0909 43.9744
0.4542998 -1.326382 0.2096269 64.96527 -128.381 56.53165
0.4669951 -1.306119 0.2413652 57.57595 -130.1519 67.32554
0.4726104 -1.242398 0.2750566 51.56832 -133.0832 76.62325
0.5143584 -1.21188 0.2638261 42.64465 -131.2512 85.32554
0.513626 -1.244595 0.2643144 49.95763 -139.4496 90.50874
0.4923858 -1.199185 0.3124101 55.61412 -140.6176 95.75302
0.4894561 -1.15524 0.3246171 57.37748 -141.2359 101.3332
0.4865264 -1.120328 0.29825 58.38511 -143.1748 106.608
0.487503 -1.098111 0.27408 61.69046 -147.2054 110.4324
0.5131377 -1.082242 0.2716386 65.15611 -150.984 113.6309
0.53096 -1.058316 0.2828691 68.62939 -154.5565 117.6538
0.5429229 -1.016324 0.2872636 68.12557 -156.9306 122.3866
0.5377959 -1.002652 0.29825 69.09504 -159.839 125.8141
0.5397491 -0.9867827 0.3114336 69.6981 -162.2817 128.7759
0.5409698 -0.9816558 0.3285234 73.04924 -164.6329 130.9515
0.5641631 -0.9574859 0.3326738 76.6981 -166.984 133.4248
0.5741729 -0.9452788 0.3668535 81.44618 -169.6558 134.5851
0.5636748 -0.8791167 0.4178789 84.11031 -171.671 135.3713
0.6093291 -0.7433745 0.4496171 74.24008 -167.3351 136.5011
0.5512237 -0.9555327 0.4064043 88.30115 -170.4115 135.5927
0.5534209 -0.9120757 0.4149492 93.9042 -171.8161 138.753
0.5434112 -0.9128081 0.4369218 106.263 -171.2894 137.0813
0.5226592 -0.9084136 0.4298418 105.2248 -171.8313 139.2568
0.4882354 -0.9206206 0.4188554 110.4462 -173.0374 139.9286
0.517044 -0.9132964 0.4100664 106.576 -172.442 142.2568
0.4938506 -1.003873 0.4012773 114.7592 -176.5565 143.5698
0.5043487 -1.021206 0.4208086 120.5073 -178.3428 146.2645
0.4872588 -1.026333 0.4593828 130.7897 -179.5641 147.7988
0.4955596 -0.9982574 0.4645097 133.637 -178.8313 149.8065
0.4582061 -1.037808 0.4540117 139.0798 -179.5336 151.3332
0.4345244 -1.03854 0.4454668 140.3698 -181.0603 156.211
0.4782256 -1.069058 0.4442461 146.4691 -181.0909 158.0507
0.4530791 -1.104947 0.4225175 151.95 -184.526 160.6538
0.3908232 -1.097867 0.4483964 153.5072 -187.0374 166.8599
0.4975127 -0.9672515 0.4835527 137.7057 -187.9764 182.211
0.4672393 -0.9926421 0.4825761 130.5072 -190.8008 189.15
0.5150908 -0.9433257 0.5348222 118.2324 -191.0527 197.1958
0.65596 -0.9167144 0.5748613 113.0263 -190.9764 199.8675
0.6518096 -1.00021 0.5736406 115.866 -194.6329 204.5622
0.6725616 -1.009244 0.6100175 109.2324 -198.0451 214.6309
0.6945342 -0.9037749 0.6932695 114.3241 -194.6023 216.0584
0.6730498 -0.9369781 0.688875 114.6141 -196.1596 219.7225
0.669876 -0.8798491 0.7687089 111.8355 -198.2206 223.4553
0.650833 -0.8468902 0.8495195 114.2782 -199.0451 228.4706
0.7995147 -0.7553374 0.5350664 -41.96603 -42.75499 0.02019882
0.7731475 -0.619107 0.6586015 -6.950764 -30.06034 16.48585
0.7414092 -0.5512359 0.5956132 0.1561069 -28.22064 19.43241
0.6786651 -0.447232 0.5294511 5.553053 -26.80843 19.98966
0.6752471 -0.329312 0.4366777 12.63702 -28.83896 18.66905
0.6847686 -0.2550933 0.3812578 9.927099 -29.22828 19.84463
0.6200713 -0.2377593 0.3380449 11.71336 -29.44965 18.33318
0.5959014 -0.1440093 0.2516191 12.72863 -31.96873 17.76829
0.5692901 -0.08126514 0.2232988 6.43855 -37.12904 17.49348
0.6129912 -0.04903857 0.2157304 0.4156489 -35.88476 16.22631
0.6173858 -0.0719878 0.1297929 -1.851527 -38.30461 14.73776
0.6027373 -0.02193897 0.1026933 -6.683588 -44.82369 14.28737
0.6347198 -0.01754443 0.08780074 -9.614885 -50.19011 11.21104
0.6439971 -0.03683154 0.1105058 -13.17214 -54.69392 9.478213
0.6562041 -0.06173389 0.1210039 -17.17977 -58.76262 8.478213
0.6728057 -0.1147124 0.1703203 -18.88206 -64.26644 7.646152
0.702835 -0.1047026 0.2130449 -25.9355 -66.07561 8.371344
0.7013701 -0.160855 0.2738359 -28.48512 -68.57178 8.088901
0.7055205 -0.1908843 0.3248613 -29.49275 -70.01453 7.913328
0.7211455 -0.2109038 0.3910234 -31.30191 -70.37331 8.630885
0.7104033 -0.2126128 0.4361894 -30.88206 -71.31988 9.004931
0.7423858 -0.2126128 0.4833086 -29.1874 -70.96111 8.531649
0.7450713 -0.1986968 0.5267656 -27.9355 -70.19011 7.867527
0.734085 -0.1947905 0.5487382 -27.05763 -70.38858 7.783557
0.6469268 -0.2126128 0.5699785 -24.40878 -67.54125 6.157603
0.7282256 -0.1569487 0.5162675 -42.14924 -67.12141 11.66142
0.7211455 -0.188687 0.5445879 -39.81336 -68.78553 10.36371
0.7548369 -0.2575347 0.6485918 -26.1187 -70.51072 7.646152
0.7365264 -0.1501128 0.7333086 -23.73702 -65.51835 5.974397
0.7096709 -0.1286284 0.7215898 -24.17977 -62.39621 5.111801
0.7060088 -0.1256987 0.7377031 -24.26374 -60.63285 4.325542
0.6969756 -0.1274077 0.744539 -21.94313 -57.50308 2.814091
0.7177276 -0.1215483 0.7525957 -22.45458 -54.55652 1.982031
0.7250518 -0.1357085 0.734041 -22.20267 -52.22827 0.905695
0.7746123 -0.1371733 0.718416 -21.10344 -49.12904 -0.5141525
