0.1089102 -0.1311782 1.773798 -20.10934 -21.1513 1.66574
0.1174551 -0.2310318 1.876581 -36.98721 -15.75435 4.032153
0.04592188 -0.2703384 1.935175 -17.97194 -13.93756 -1.410595
0.06862695 -0.2224868 1.965448 -22.31545 -9.433741 -3.876244
0.09572657 -0.2600845 2.024775 -30.09408 -1.632214 -1.395328
0.1067129 -0.3518814 2.076532 -27.62843 6.047175 -2.555634
0.09963282 -0.3118423 2.090693 -24.8498 13.47466 -3.311358
0.1140371 -0.3052505 2.109491 -24.23911 19.35252 -3.372427
0.1482168 -0.3281997 2.121943 -19.50629 27.43649 -6.326626
0.1841055 -0.3411392 2.146601 -15.43759 34.97847 -7.273191
0.1670156 -0.3675064 2.191767 -19.31545 42.48229 -5.265557
0.1928945 -0.3745864 2.194208 -18.59789 50.08534 -2.135786
0.1821523 -0.4107193 2.207148 -14.09408 59.52046 -2.769374
0.176293 -0.4153579 2.20788 -8.01774 66.21511 -1.960214
0.2043691 -0.3743423 2.177851 -8.086443 72.24564 1.948183
0.2239004 -0.347731 2.160273 -8.666595 79.8716 2.757344
0.2558828 -0.3657974 2.116571 -4.353619 84.80289 2.421466
0.3015371 -0.3228286 2.113153 -2.353618 97.48992 0.8107787
0.3322988 -0.2791275 2.099237 -0.4223207 101.7189 2.711542
0.3352285 -0.2490982 2.128778 3.585313 110.0701 1.375664
0.3928457 -0.2295669 2.090937 5.806687 118.8869 1.474901
0.3889394 -0.1616958 2.110224 7.547145 124.2914 -0.2197556
0.4607168 -0.1192153 2.067987 6.264702 133.6197 4.337496
0.4497304 -0.002516121 2.135614 5.631114 133.9556 6.169558
0.5246816 0.02507177 2.11828 3.875389 143.1846 7.64284
0.5866933 0.141771 2.171503 0.1120305 152.7571 10.91765
0.6140371 0.1942612 2.198114 5.38684 162.1769 6.635206
0.6718984 0.3148667 2.204706 9.692183 176.0548 -2.46403
0.6540761 0.3583237 2.225702 13.35631 190.1159 -11.6396
0.7148672 0.4281479 2.213984 24.53951 199.8105 -21.31136
0.7011953 0.5260483 2.197626 15.65402 211.1235 -27.49457
0.7346426 0.575853 2.189325 14.2418 210.6273 -22.12815
0.7556386 0.6537338 2.181513 7.982259 215.6808 -23.78464
0.8630606 0.7042709 2.115839 7.035695 226.3907 -28.00602
0.9145742 0.8212143 2.082636 9.127297 232.7113 -36.05945
0.9790274 0.919603 2.073603 2.921191 244.1006 -55.41059
1.048363 0.9220444 2.074579 2.68455 246.0243 -69.16632
1.103783 0.9225327 2.088251 7.058595 246.0243 -82.72357
1.161645 0.9764877 2.053095 4.49371 246.0243 -94.80754
1.178002 0.9374252 2.042353 10.1273 246.0243 -107.5862
1.276635 0.8893295 1.953485 12.99753 246.0243 -125.1816
1.322533 0.8951889 1.939081 6.486076 246.0243 -139.5556
1.442895 0.8395248 1.859003 1.058595 246.0243 -147.4793
1.448022 0.7733627 1.88122 3.508977 246.0243 -161.0289
1.491967 0.6388412 1.866083 12.49371 246.0243 -177.1892
1.597436 0.4852768 1.822626 14.72272 246.0243 -189.3037
1.652611 0.3158432 1.750605 11.48608 246.0243 -196.6167
1.686303 0.1774155 1.687616 11.65402 246.0243 -199.8457
1.76223 0.05851903 1.57995 9.806687 246.0243 -202.4411
1.786156 -0.0264419 1.522821 6.959359 246.0243 -200.4564
1.819359 -0.06281886 1.439325 3.363939 246.0243 -198.7083
1.850365 -0.06892237 1.358759 -5.376519 246.0243 -196.1816
1.870385 -0.08991846 1.254755 -14.76583 246.0243 -192.7007
1.799584 -0.1282485 1.184687 -24.7582 246.0243 -189.7999
1.844506 -0.1573013 1.062128 -34.23911 246.0243 -186.3572
1.866234 -0.1761001 0.8983096 -41.18568 246.0243 -182.0213
1.806908 -0.1367935 0.8709659 -53.26202 246.0243 -170.3953
1.786889 -0.07380518 0.7691592 -68.09408 246.0243 -160.7541
1.87185 -0.04475245 0.6238955 -70.15514 246.0243 -159.8228
1.805688 0.004808098 0.5467471 -65.57499 246.0243 -161.8992
1.68142 -0.02375636 0.3741397 -72.39942 246.0243 -172.1358
1.56057 -0.07478175 0.3111514 -65.98721 246.0243 -175.861
1.555443 -0.1216568 0.2762393 -57.09407 246.0243 -193.0518
1.606225 0.0004135668 0.2449893 -64.58263 246.0243 -190.1129
1.60476 0.008470207 -0.06165135 -69.76583 246.0243 -192.7159
1.519311 0.002854973 -0.06165135 -72.7811 246.0243 -178.4869
1.429223 -0.1089614 -0.06165135 -73.6208 246.0243 -171.2732
-0.03879492 -0.01032862 1.79162 15.0586 -36.00626 24.73444
-0.05344336 -0.236647 1.831659 0.4784428 14.45939 8.734443
-0.1164316 -0.2732681 1.907343 -3.949039 17.88687 -3.73884
-0.03537695 -0.3081802 1.850702 -4.651329 11.55863 1.146657
-0.06980078 -0.3223403 1.868036 -2.300183 16.72657 -0.639603
-0.05417578 -0.3430923 1.850458 -2.887969 20.42122 0.6962749
-0.05149024 -0.3687271 1.84289 -2.658962 23.43649 1.681008
-0.04538671 -0.3906997 1.852655 -3.307817 26.87924 2.902382
-0.07150977 -0.3086685 1.860956 -9.300183 30.20748 4.696275
-0.03098242 -0.3953384 1.897577 -10.91087 33.22275 6.841313
-0.03366797 -0.3980239 1.902216 -10.49102 36.81054 7.810779
-0.02707617 -0.4048599 1.884882 -11.67423 40.36779 10.11612
-0.08225195 -0.2451919 1.944208 -25.88797 43.00137 11.62757
0.07058008 -0.5489029 1.855829 -14.92614 49.06244 12.53597
0.02492578 -0.4461196 1.929315 -7.071176 48.59679 13.49017
0.03713281 -0.3863052 1.943231 -12.17805 55.74183 15.26879
0.0256582 -0.1905044 1.8883 -20.33072 58.8029 14.12376
0.07082422 -0.5645279 2.021845 -27.90324 60.40596 23.01689
0.07033594 -0.4822525 2.035028 -10.7811 66.61969 21.30696
0.1228262 -0.3867935 2.025507 -15.42232 72.22275 24.19246
0.1655508 -0.3711685 2.045038 -12.48339 77.52809 26.25353
0.2063223 -0.1004165 2.074579 -26.804 81.63496 28.44437
0.3081289 -0.2495864 2.086298 -27.62843 91.1235 30.87948
0.3645254 -0.2593521 2.102167 -28.36125 106.7953 33.82605
0.362084 -0.2139419 2.118769 -21.68186 115.551 36.51307
0.3838125 -0.1765884 2.218866 -14.77347 120.6273 38.48254
0.416039 -0.1890396 2.286493 -13.7124 136.5357 38.01689
0.4372793 -0.07942042 2.326532 -19.26965 147.0777 41.59704
0.4214101 -0.07551417 2.297235 -21.13224 152.2227 40.51307
0.5486074 0.003099114 2.360468 -17.33072 160.093 39.09322
0.5669179 0.1171128 2.302607 -26.68186 172.635 37.02452
0.5852285 0.1107651 2.284784 -19.13224 174.7724 33.16956
0.5962148 0.1478745 2.285517 -12.05591 181.4823 29.67337
0.6533437 0.1930405 2.265985 -8.735298 191.0624 26.17719
0.6804433 0.2289292 2.252314 -4.262015 201.9403 21.71918
0.730248 0.3219468 2.139765 0.7914199 211.4976 16.5207
0.6755605 0.3636948 2.233027 -6.513924 216.0014 11.02452
0.7568594 0.3409897 2.156855 8.661649 227.0472 2.513069
0.8235098 0.4105698 2.08581 8.547145 234.5739 -2.715939
0.9060293 0.423021 2.053339 8.592947 244.3067 -8.105252
0.9602285 0.4388901 2.041376 12.49371 246.0243 -16.53273
0.9975821 0.4738022 2.024042 7.371572 246.0243 -21.89151
1.021752 0.4645249 2.02331 6.997527 246.0243 -25.548
1.070824 0.5699936 1.93786 1.30287 246.0243 -31.33426
1.110131 0.4567124 1.95495 2.60058 246.0243 -36.34953
1.13308 0.4747788 1.94372 3.333405 246.0243 -41.02892
1.180199 0.5009018 1.928827 -3.116977 246.0243 -44.28082
1.214623 0.4796616 1.927362 -4.200947 246.0243 -50.12052
1.264916 0.4908921 1.887567 -10.48339 246.0243 -52.36479
1.324975 0.4415757 1.827021 -15.19331 246.0243 -53.86098
1.394799 0.4344956 1.798944 -18.08644 246.0243 -58.41823
1.421898 0.4515854 1.77038 -21.07881 246.0243 -61.44113
1.441186 0.403978 1.694208 -20.33835 246.0243 -66.5022
1.716576 0.3217026 1.498896 -20.99484 246.0243 -73.02128
1.547143 0.4110581 1.515985 -18.03301 246.0243 -73.6854
1.564721 0.4100815 1.469843 -19.01774 246.0243 -73.67777
1.610619 0.4208237 1.367548 -18.86507 246.0243 -78.76174
1.609643 0.4071518 1.346063 -18.8269 246.0243 -80.7541
1.703393 0.4520737 1.19079 -15.16278 246.0243 -83.62434
1.759789 0.4742905 1.088983 -15.7353 246.0243 -89.01365
1.766381 0.4625718 1.015741 -21.35362 246.0243 -90.62434
1.471459 0.4501206 1.110468 -17.43759 246.0243 -106.7923
1.708764 0.3763901 0.8670596 -16.59026 246.0243 -120.9449
1.723412 0.3717515 0.8358096 -13.78873 246.0243 -142.4335
1.830834 0.5201889 0.6595401 -16.36889 246.0243 -127.7312
1.69143 0.4591538 0.5113467 -17.23911 246.0243 -130.0366
1.433617 0.259935 0.6502627 3.68455 246.0243 -130.1892
1.697777 0.4633042 0.379999 -6.605527 246.0243 -127.9907
1.895531 0.3300034 0.1688174 -14.7811 246.0243 -137.6854
1.879906 0.2250229 0.192499 -9.407054 246.0243 -143.5862
1.661645 0.3976304 0.1158389 -15.64369 246.0243 -139.6091
1.469018 0.2223374 0.001092792 -17.64369 246.0243 -144.861
1.480492 0.1910874 -0.06165135 -20.7582 246.0243 -145.5938
1.510277 0.1478745 -0.06165135 -22.78873 246.0243 -147.3801
1.453637 0.05729833 -0.06165135 -25.98721 246.0243 -148.9221
1.469018 -0.009596199 -0.06165135 -30.34598 246.0243 -148.6549
1.420678 -0.08869776 -0.06165135 -31.74293 246.0243 -148.4793
1.38015 -0.1245864 -0.06165135 -38.08644 246.0243 -147.1434
1.267846 -0.189772 -0.06165135 -41.90324 246.0243 -145.6396
1.203881 -0.2993911 -0.06165135 -44.6666 246.0243 -139.3877
1.176293 -0.3325943 -0.06165135 -48.72003 246.0243 -133.7617
1.08474 -0.4043716 -0.06165135 -52.55972 246.0243 -126.7999
1.051049 -0.4434341 -0.06165135 -56.8956 246.0243 -114.5556
