0.9147491 0.02737744 0.8251055 -28.30191 -37.01453 57.27974
0.9240264 0.03934033 0.8473223 -28.62252 -36.0527 55.91333
0.9201201 0.0361665 0.8561113 -29.69885 -35.09087 55.17287
0.9208526 0.04715283 0.8595293 -30.62252 -33.83896 53.89806
0.9286651 0.04959424 0.8795488 -31.9584 -32.9153 52.69958
0.9313506 0.06424267 0.8978594 -32.73702 -31.71683 51.33318
0.9259795 0.06033642 0.8951738 -33.40115 -30.51072 49.92096
0.9345244 0.07254345 0.9046953 -33.49275 -29.40385 48.36371
0.9281768 0.07278759 0.9132402 -33.2103 -28.70156 46.85226
0.9272002 0.07962353 0.9230059 -33.37061 -27.36568 45.21104
0.9293975 0.0830415 0.9327715 -33.88969 -25.58705 43.34081
0.9301299 0.08963329 0.9398516 -35.08054 -24.03744 41.69196
0.9303741 0.1108735 0.9369219 -38.92023 -21.45728 40.27211
0.9450225 0.118686 0.9081133 -48.03473 -20.24354 39.50875
0.9547881 0.1008638 0.9129961 -56.46985 -18.60232 39.21867
0.9335479 0.08743603 0.9303301 -56.87443 -18.26644 36.50875
0.9330596 0.08841259 0.9750078 -50.94313 -15.54889 32.08127
0.9318389 0.04983838 0.9796465 -48.11107 -13.0298 29.10417
0.9281768 0.04593213 0.98575 -41.12634 -11.65576 24.32554
0.9379424 0.03299268 0.9972246 -33.05763 -9.861862 20.24157
0.9501494 0.02737744 0.9952715 -24.73702 -7.808427 15.70722
0.9579619 0.01785596 0.9859941 -18.61489 -5.571786 12.0889
0.9709014 0.012729 0.9896563 -14.78282 -3.548885 8.913328
0.9745635 -0.000942871 0.9723223 -12.51565 -1.426748 6.272107
0.9794463 -0.01022022 0.9725664 -11.39351 0.7259238 4.012566
0.9755401 -0.01705615 0.9591387 -10.76756 3.168672 2.073633
0.9809112 -0.03561084 0.9603594 -10.72176 5.283175 0.6537857
0.9833526 -0.04781787 0.9476641 -10.74466 7.344244 -0.5675869
0.9848174 -0.06808155 0.935457 -10.38588 9.703022 -1.567587
0.9923858 -0.08419483 0.935457 -9.775191 11.47402 -2.246977
0.9950713 -0.1054351 0.9095781 -8.591985 13.9244 -2.850031
0.9909209 -0.1176421 0.8993242 -7.416412 15.64195 -2.850031
0.9928741 -0.1293608 0.8832109 -5.958397 17.65722 -2.651558
0.9918975 -0.1440093 0.8683184 -5.24084 19.47401 -2.224077
0.9828643 -0.1603667 0.8614824 -4.309542 20.76409 -1.269878
0.9757842 -0.1737944 0.8492754 -3.45458 21.84806 -0.02560234
0.9770049 -0.1750151 0.8295 -2.515649 23.16867 1.279741
0.9682158 -0.1759917 0.8163164 -2.103435 24.16867 2.592718
0.9669951 -0.1803862 0.8080156 -2.172138 25.04653 4.081266
0.9638213 -0.1823394 0.8021563 -2.065267 25.77936 5.432412
0.9542998 -0.1879546 0.7887285 -1.523283 26.44348 6.546916
0.9538116 -0.1847808 0.7862871 -0.9278626 27.16104 7.592717
0.947708 -0.1847808 0.7677324 0.6904578 27.69539 8.233939
0.9425811 -0.1759917 0.7594316 1.575954 28.29844 9.149969
0.9723662 -0.08395069 0.7689531 7.156106 30.55035 -5.086672
0.9279326 -0.174771 0.664705 10.28588 14.53508 3.76829
0.9315948 -0.1808745 0.6712968 11.89656 12.52745 5.562183
0.9281768 -0.1723296 0.6717851 12.77443 10.71066 7.333176
0.9308623 -0.1593901 0.6810625 12.43855 8.985466 9.340809
0.9335479 -0.1488921 0.6857011 11.72099 7.390046 11.16524
0.9364776 -0.1366851 0.6947343 11.22481 5.916764 12.9286
0.9457549 -0.1274077 0.7130449 11.37748 4.672489 14.41714
0.9538116 -0.1093413 0.7320879 10.89656 3.649588 15.91333
0.9472198 -0.09103077 0.7452714 10.27061 3.107603 17.43241
0.9533233 -0.08321827 0.763582 9.262978 2.809893 18.46295
0.9567412 -0.05172412 0.7799394 7.858397 2.580885 19.66905
0.9577178 -0.05440967 0.7911699 6.812595 3.061801 20.65379
0.954544 -0.04415576 0.8014238 5.583588 3.741191 21.44005
0.9567412 -0.02804248 0.8150957 4.308778 4.573252 22.32554
0.9660186 -0.02486865 0.8207109 3.301145 5.351878 22.62325
0.9674834 -0.01925342 0.8185137 2.385114 6.550352 23.16524
0.9743194 -0.01730029 0.8224199 1.751526 7.466382 23.22631
0.9777373 -0.01241748 0.8187578 1.026336 8.328978 23.49348
0.9733428 -0.008999512 0.8185137 0.5225191 9.435848 23.25684
0.9828643 -0.003384277 0.8116777 0.117939 10.34424 23.28737
0.9870147 -0.004849121 0.7984941 -0.6912217 10.88623 23.21867
0.9943389 0.002230957 0.7911699 -2.294275 11.45111 23.30264
0.9936065 0.006381348 0.7767656 -4.462214 11.83279 23.30264
0.9967803 0.008578613 0.7545488 -7.64542 11.91676 23.77592
0.9901885 0.009799316 0.7547929 -11.22557 11.59615 24.51638
1.01387 0.001010254 0.7401445 -14.97366 11.23737 25.2034
1.020462 -0.002895996 0.7355058 -17.14924 10.72592 25.95913
1.021194 -0.005337402 0.7452714 -18.62252 9.840427 26.71486
1.035354 -0.007778809 0.7430742 -19.08817 9.084702 27.01257
1.036087 -0.0002104491 0.7460039 -18.94313 7.901496 27.50875
1.040481 0.00320752 0.7621171 -19.19504 7.458748 27.50111
1.037308 0.01492627 0.7789629 -19.9813 7.115237 27.24157
1.043167 0.02102978 0.7933671 -19.9813 6.748825 26.79119
1.046341 0.02298291 0.7972734 -20.33244 6.733557 26.27211
1.041702 0.0193208 0.8236406 -20.70649 7.435848 25.46295
1.044632 0.01956494 0.8265703 -20.27901 8.412947 24.31791
1.049759 0.01175244 0.8453691 -19.53855 9.077068 23.26447
1.049026 0.00735791 0.8553789 -18.46985 9.916763 21.91333
1.039017 0.004916504 0.8661211 -17.41641 11.11524 20.53165
1.040237 0.006381348 0.8768633 -16.52328 12.48165 19.14234
0.8759307 -0.006802246 0.9027422 -16.0729 13.95493 18.60798
0.9311065 -0.02267139 0.879793 -16.60725 15.48165 16.1576
1.022659 -0.002651855 0.8324297 -14.37061 16.64195 16.09653
1.034866 -0.06905811 0.8387774 -11.13397 16.77172 14.37898
1.064896 -0.06759326 0.8258379 -9.96603 18.74882 13.72249
1.07344 -0.0744292 0.8211992 -7.813359 19.73356 12.95913
1.053421 -0.09737843 0.8273027 -4.233206 20.55798 11.92096
1.025345 -0.09493702 0.8397539 -1.851527 22.04653 11.00493
0.987503 -0.08688038 0.8431719 -0.4316797 22.47401 10.56218
0.9709014 -0.1027495 0.831209 -1.118702 23.71829 10.9515
0.9611358 -0.07125537 0.8448809 -5.775191 24.34424 12.31791
0.9716338 -0.1208159 0.8273027 -9.43168 25.51218 13.62325
0.987503 -0.1076323 0.7962968 -16.05763 24.89386 16.57745
0.9958037 -0.1178862 0.7838457 -20.94313 24.36714 19.08127
0.9877471 -0.1276519 0.8070391 -25.34008 23.80989 21.94386
0.9877471 -0.1374175 0.8148516 -27.55382 23.1534 24.46295
0.9682158 -0.138394 0.8273027 -27.86679 22.48165 26.88279
0.9362334 -0.1598784 0.8382891 -26.52328 21.91676 28.98203
0.9696807 -0.1339995 0.8583086 -26.49275 22.35188 31.53928
0.9403838 -0.1252105 0.8861406 -28.70649 24.05417 33.78356
0.8297881 -0.09469288 0.8817461 -31.53855 25.58088 37.19577
0.8710479 -0.07833545 0.8666094 -34.98893 26.16867 38.29501
0.9308623 -0.0732085 0.8292559 -38.55382 27.32134 41.10417
0.9689483 -0.07369678 0.7940996 -44.66069 27.77172 44.18814
0.9613799 -0.07101123 0.7972734 -49.45458 27.9702 45.65379
0.9994658 -0.06197803 0.7853105 -53.68359 28.20684 47.80646
0.9689483 -0.05563037 0.7958086 -55.21031 28.29081 48.2263
0.9813994 -0.05392139 0.7972734 -55.76756 29.24501 47.92096
0.9604033 -0.03927295 0.7923906 -53.9584 29.61905 47.31791
0.9489287 -0.03829639 0.7831132 -54.24084 29.75646 46.80646
0.9325713 -0.02291553 0.7709062 -55.37825 29.16104 46.81409
0.9264678 -0.02169482 0.7679765 -58.0271 28.23737 46.96676
0.9230498 -0.03341357 0.7621171 -59.9584 26.87096 47.16524
0.9450225 -0.05074756 0.758455 -60.0042 25.25264 47.57745
0.9496612 -0.04806201 0.7582109 -59.37825 23.32898 48.03547
0.965042 -0.06612842 0.7704179 -57.83626 21.80226 48.44005
0.9694366 -0.065396 0.7738359 -55.73703 20.17631 48.66905
0.9843291 -0.05172412 0.7591875 -54.1874 18.72592 49.14233
0.9001006 -0.04220263 0.7731035 -55.90496 17.11524 50.67669
0.9459991 -0.06295459 0.7660234 -54.27901 15.13814 50.80646
0.9774932 -0.0443999 0.7599199 -54.60725 13.07707 50.9973
1.020218 -0.02486865 0.7565019 -54.86679 12.11524 51.37135
1.056595 -0.01437061 0.744539 -58.83626 10.89386 52.0889
1.068313 -0.0006987304 0.7379472 -62.24847 8.886229 52.46294
1.059524 0.005160645 0.7628496 -62.21031 7.191573 51.43241
1.054153 0.03006299 0.8114336 -62.42405 6.20684 50.21104
1.04219 0.03811963 0.8382891 -62.28664 6.588519 48.9744
1.035599 0.06766064 0.8482988 -65.66069 6.199206 47.9286
1.041458 0.07132275 0.8712481 -68.10343 6.260274 46.82936
1.128372 0.1555513 0.921541 7.041603 1.817527 20.1347
1.017532 -0.05563037 0.8326738 -16.53092 0.1076031 20.32554
1.019485 -0.05440967 0.8236406 -16.46221 -0.7473588 20.37898
1.018753 -0.05318897 0.8282793 -16.82099 -1.358046 20.69195
1.017288 -0.0509917 0.8500078 -16.32481 -1.350412 20.05837
1.017288 -0.02999561 0.862459 -14.15687 -1.503084 19.14234
1.018021 -0.04049365 0.8707598 -13.41641 -1.350412 19.14234
1.013382 -0.04659717 0.8741777 -14.70649 -0.6710229 18.73775
1.016556 -0.05123584 0.8851641 -14.58435 -0.6786565 18.69195
1.007522 -0.05196826 0.8973711 -12.82099 -0.3046107 18.05073
1.008987 -0.03121631 0.9149492 -9.683588 1.50455 16.40951
1.006058 -0.04391162 0.897127 -8.355344 1.588519 16.1347
1.002396 -0.05685108 0.8973711 -8.172137 3.023633 15.82173
1.014358 -0.05050342 0.8834551 -7.301908 3.825161 15.53165
1.00972 -0.04659717 0.8822344 -5.141603 3.649588 15.0431
1.008499 -0.04342334 0.8829668 -4.225573 4.535084 14.60035
