1.244897 -0.2898696 0.03014553 -50.06354 -83.63222 45.20773
1.27224 -0.3257583 0.03234279 -52.40705 -90.57878 48.3375
1.284447 -0.3904556 0.04210842 -55.57499 -97.50245 47.96345
1.292748 -0.4417251 0.05846584 -60.26202 -105.533 50.46727
1.316674 -0.5501236 0.06945217 -63.84217 -112.0063 53.54361
1.330346 -0.6399673 0.1043643 -68.18568 -119.3116 56.43673
1.326928 -0.7066177 0.1390322 -69.51392 -124.7773 58.26116
1.344994 -0.7691177 0.1766299 -72.81927 -133.2658 63.00925
1.345482 -0.9209732 0.2300967 -74.06354 -137.365 67.63521
1.335229 -1.007399 0.2855166 -75.91087 -142.3498 74.53597
1.331078 -1.11067 0.3272647 -75.13988 -146.0139 80.03216
1.321801 -1.154616 0.4073428 -75.46812 -150.2582 87.32986
1.309838 -1.242262 0.4507998 -74.95667 -151.365 97.00925
1.268822 -1.278151 0.4901065 -76.88797 -154.5788 105.0474
1.26101 -1.392165 0.5108584 -77.75819 -158.1208 121.91
1.232934 -1.484206 0.5142764 -75.18568 -158.9452 121.3604
1.203393 -1.559157 0.5093936 -66.27728 -158.7315 130.6963
1.155297 -1.550856 0.5025577 -62.40705 -161.2276 140.8947
1.097924 -1.608717 0.4744815 -60.52156 -164.2811 153.2077
1.062035 -1.623122 0.4608096 -60.804 -166.9757 164.4673
1.020531 -1.678786 0.3655947 -62.28492 -171.7315 178.4749
1.003441 -1.797682 0.2525576 -53.57499 -175.0292 185.0322
0.9895254 -1.737135 0.2007998 -50.804 -182.2505 197.681
0.974877 -1.77571 0.1444033 -52.01774 -190.2276 211.0245
0.9717031 -1.794508 0.1026553 -50.13224 -197.9681 223.0474
0.9812246 -1.779128 0.06383693 -47.88034 -205.9299 235.6428
1.001732 -1.726881 0.04015529 -48.01011 -215.8154 249.4673
1.023949 -1.689528 0.0203799 -46.6895 -223.533 251.6963
1.06057 -1.631178 0.02233303 -44.91087 -233.304 251.6963
1.100365 -1.555495 0.03258693 -42.37652 -242.1055 251.6963
1.156273 -1.470778 0.07213771 -39.8498 -251.7086 251.6963
1.220971 -1.384352 0.1319522 -36.81163 -254.2429 251.6963
1.251732 -1.314528 0.1778506 -33.30018 -254.2429 251.6963
1.326684 -1.217604 0.2569522 -32.39942 -254.2429 251.6963
0.9175039 0.4720932 -0.06165135 -9.872703 -10.2658 24.90238
0.952416 -0.7759537 -0.06165135 -66.88797 -132.6169 38.26116
0.9397207 -0.8587173 -0.06165135 -67.38416 -144.3956 34.4978
0.9707266 -0.9422134 -0.06165135 -61.13988 -152.4643 39.49017
1.023949 -0.9871353 -0.06165135 -58.28492 -163.6628 45.61231
1.035912 -1.045485 -0.06165135 -54.62079 -173.0292 48.4291
1.095238 -1.041579 -0.06165135 -53.43759 -181.991 53.89475
1.122094 -1.065749 -0.0499326 -54.7582 -190.9986 62.65811
1.134301 -1.125563 0.01696193 -55.92614 -198.7773 68.91002
1.158715 -1.171461 0.07433498 -57.42995 -207.0368 77.26116
1.186059 -1.232985 0.1778506 -59.39942 -212.4872 84.96346
1.220482 -1.30818 0.2674502 -59.42232 -217.9376 98.13902
1.230736 -1.403883 0.3279971 -55.08644 -223.2963 102.1238
1.241723 -1.378493 0.3865908 -52.55209 -224.3192 111.2993
1.224145 -1.42903 0.4774112 -51.6895 -227.8231 122.5207
1.231957 -1.482497 0.5301455 -48.01011 -228.0902 129.6199
1.224389 -1.496657 0.5342959 -46.14751 -226.7849 140.9558
1.204369 -1.523268 0.5860538 -42.23911 -231.0597 152.3833
1.236107 -1.550368 0.5894717 -33.70476 -228.8383 163.5589
1.213647 -1.548903 0.607294 -26.23911 -228.7467 174.1848
1.180932 -1.513991 0.5855655 -18.8498 -227.0368 182.6963
1.152611 -1.477858 0.5277041 -13.49866 -228.1208 193.6276
1.11599 -1.482253 0.4608096 -10.81163 -229.5101 203.8947
1.068139 -1.441237 0.3734072 -11.48339 -232.304 212.5589
1.034203 -1.421706 0.272333 -17.7811 -238.5788 227.8108
0.9997793 -1.513258 0.1812686 -21.48339 -244.8689 240.6352
0.9973379 -1.559889 0.1155947 -24.39178 -252.3879 247.9176
1.012231 -1.66609 0.02721584 -17.60553 -254.2429 251.6963
1.051049 -1.523756 0.08410061 -19.72766 -254.2429 251.6963
1.088402 -1.544508 0.0606631 -26.04827 -254.2429 251.6963
1.13601 -1.49861 0.1070498 -33.00247 -254.2429 251.6963
1.188744 -1.49568 0.1392764 -40.41468 -254.2429 251.6963
1.249047 -1.454176 0.2049502 -48.56736 -254.2429 251.6963
1.311059 -1.457594 0.2720889 -52.13988 -254.2429 251.6963
1.393334 -1.387282 0.3458194 -54.00247 -254.2429 251.6963
1.438988 -1.354079 0.3953799 -53.37652 -254.2429 251.6963
1.53225 -1.326735 0.482294 -49.804 -254.2429 251.6963
1.625268 -1.274977 0.5479678 -47.29255 -254.2429 251.6963
1.661156 -1.184157 0.5801944 -41.68186 -254.2429 251.6963
1.722436 -1.109206 0.6644229 -38.33835 -254.2429 251.6963
1.815209 -1.113844 0.7073916 -35.45285 -254.2429 251.6963
1.755395 -1.053542 0.9156436 -32.52156 -254.2429 251.6963
1.866967 -0.9324478 0.9966983 -33.67423 -254.2429 251.6963
2.064904 -0.9597916 0.9915713 -30.56736 -254.2429 251.6963
1.960229 -0.696608 1.156366 -37.96431 -254.2429 251.6963
2.038598 -0.9302505 1.180048 -15.38415 -254.2429 251.6963
2.064476 -0.8028091 1.2633 -11.47576 -254.2429 251.6963
2.060082 -0.8074478 1.350458 -3.842168 -254.2429 251.6963
1.929467 -0.7669205 1.452997 19.44791 -254.2429 251.6963
2.01516 -0.3823989 1.456415 17.82195 -254.2429 251.6963
2.064904 -0.4951919 1.672968 53.18837 -254.2429 251.6963
2.064904 0.1149155 1.82873 57.92883 -254.2429 251.6963
2.064904 -0.2300552 1.695673 63.66928 -254.2429 251.6963
2.064904 -0.2393325 1.689325 85.66165 -254.2429 251.6963
2.064904 -0.07234034 1.8612 124.1044 -254.2429 251.6963
2.057396 0.0973374 1.913935 145.4403 -251.5253 251.6963
1.729272 0.4088608 1.992548 209.2876 -212.3269 251.6963
1.73684 0.5607162 2.023554 222.5777 -201.304 251.6963
1.608422 0.8246323 2.105829 214.6845 -185.9299 251.6963
1.375268 0.773851 1.887812 226.8754 -175.1742 251.6963
1.383324 0.789476 1.762079 236.2647 -160.7925 251.6963
1.338891 0.9249741 1.74914 232.9823 -141.0292 251.6963
1.227318 1.007249 1.652216 224.4861 -124.5177 251.6963
1.089135 1.081468 1.546991 209.799 -112.1666 251.6963
0.9695059 1.127855 1.455683 190.9899 -102.8841 251.6963
0.8437735 1.156908 1.449823 174.4403 -93.94519 251.6963
0.8200918 1.055345 1.336786 177.5853 -84.36504 251.6963
0.6487051 1.682787 1.319696 116.112 -80.94519 251.6963
0.6413808 1.375658 1.261347 95.76852 -73.72382 251.6963
0.5971914 1.37639 1.196894 95.1273 -70.96809 251.6963
0.5715566 1.62639 1.05456 72.967 -73.34978 251.6963
0.5578847 1.711107 1.01623 57.92883 -79.2887 251.6963
0.4978261 1.788499 1.007929 60.79142 -84.88412 232.5665
0.4929433 1.959398 1.014276 40.35631 -83.991 216.6276
0.2964101 1.983324 1.112909 27.98989 -87.64748 201.2001
0.158959 2.109056 1.188349 27.11967 -87.35741 179.7726
0.1352773 2.163683 1.302118 22.89829 -87.86122 158.1696
0.08644922 2.163683 1.364374 12.89829 -89.15894 137.3986
0.0713125 2.163683 1.399286 1.989893 -92.91466 121.8795
0.07033594 2.060716 1.428095 -7.284916 -94.72382 103.5512
0.08303125 1.910326 1.483026 -14.09408 -89.52534 84.16193
0.05324609 1.793382 1.550653 -20.17805 -83.94519 67.35277
-0.009253904 1.650804 1.591669 -26.52919 -81.68565 53.77261
-0.03635351 1.52849 1.619989 -34.26965 -82.88412 45.12376
-0.01804297 1.386888 1.624872 -42.24675 -81.43375 36.55124
-0.01047461 1.293382 1.607782 -54.55209 -73.45664 26.76498
-0.03952734 1.103929 1.566767 -65.8727 -66.58641 19.67337
-0.04196875 0.8780991 1.501093 -65.05591 -58.0826 8.932916
-0.09128515 0.7899643 1.541132 -65.23148 -54.52534 4.268794
-0.04099218 0.692308 1.467646 -71.30019 -49.30397 2.245893
0.09597071 1.402757 1.384882 -154.4758 -43.99863 27.78024
0.06594141 0.3387925 1.457148 -126.0788 -23.16656 11.26116
-0.262916 0.5856186 1.559198 -128.9643 -37.2658 18.79551
1.166039 -0.957106 0.03307521 -44.95667 -254.2429 251.6963
1.482689 -0.8142838 0.08117092 -73.49102 -254.2429 251.6963
1.543969 -0.7527603 0.1133975 -76.68186 -254.2429 251.6963
1.627221 -0.6883072 0.1702822 -77.79636 -254.2429 251.6963
1.66018 -0.613356 0.2742862 -75.05591 -254.2429 251.6963
1.740746 -0.5589127 0.3726748 -68.90324 -254.2429 251.6963
1.813256 -0.4895767 0.4810733 -56.57499 -254.2429 251.6963
1.952416 -0.3255142 0.5679873 -52.29255 -254.2429 251.6963
1.9739 -0.2967056 0.7364444 -40.42995 -254.2429 251.6963
1.993432 -0.2442153 0.9014834 -30.31545 -254.2429 251.6963
2.053734 -0.266188 0.9874209 -18.9414 -254.2429 251.6963
2.064904 -0.2449478 1.176142 8.79142 -254.2429 251.6963
2.064904 -0.1138443 1.370966 24.48608 -254.2429 251.6963
2.064904 -0.1951431 1.213007 58.38684 -254.2429 251.6963
2.010521 0.5956284 1.960321 40.27234 -254.2429 251.6963
2.064904 0.2496811 1.69494 51.3334 -254.2429 251.6963
2.064904 0.1820542 1.955194 69.73798 -254.2429 251.6963
2.064904 0.5282455 2.064569 86.40211 -254.2429 251.6963
2.064904 0.497728 2.296747 109.4861 -254.2429 251.6963
1.993432 0.631517 2.321405 128.2647 -254.2429 251.6963
1.80935 0.930101 2.60412 123.28 -254.2429 251.6963
1.672143 0.827562 2.459101 123.8754 -239.7925 251.6963
1.63601 0.692308 2.51745 148.9899 -216.8536 246.0779
