0.8521157 0.9950567 0.5338545 143.7119 -140.5988 251.8109
0.92902 0.9650274 0.489665 125.544 -146.2782 251.8109
1.003483 0.8944708 0.5160322 118.8188 -155.698 251.8109
1.090153 0.8605352 0.5106611 111.2692 -163.1179 251.8109
1.176823 0.8117071 0.5402021 104.1852 -170.0263 251.8109
1.246403 0.8087774 0.5541182 99.55162 -177.0415 251.8109
1.400944 0.8522345 0.4903975 90.72719 -183.8583 251.8109
1.435368 0.9032598 0.6720381 88.62032 -192.8736 251.8109
1.51154 0.9349981 0.8060713 85.81879 -197.4537 251.8109
1.658268 1.018494 0.7840986 73.69666 -202.2705 251.8109
1.772526 0.9718634 0.8678389 85.92566 -209.7209 251.8109
1.748112 1.108826 1.062419 83.81879 -219.0873 251.8109
1.897526 1.25702 1.167155 90.94093 -221.8965 251.8109
1.988102 1.359803 1.2382 102.3989 -220.4079 251.8109
2.102116 1.519959 1.289714 111.1776 -222.7209 251.8109
2.05402 1.547303 1.354655 131.3913 -233.0873 251.8109
2.271061 1.829529 1.513103 153.147 -220.9805 251.8109
2.091129 2.039979 1.665446 160.7883 -193.8201 251.8109
2.131901 2.224976 1.684245 188.5287 -184.7133 251.8109
2.100651 2.224976 1.679606 207.2463 -178.1408 251.8109
2.138248 2.224976 1.651042 226.2539 -166.9041 251.8109
2.211246 2.224976 1.690349 240.5669 -162.4766 251.8109
2.289799 2.224976 1.729167 267.3913 -148.5835 251.8109
2.289799 2.224976 1.757487 269.6508 -130.7514 251.8109
2.289799 2.224976 1.827067 269.6508 -111.1484 251.8109
2.289799 2.224976 1.805583 269.6508 -93.45374 251.8109
2.080387 2.224976 1.806315 154.4982 -38.81252 183.8491
1.871647 2.224976 1.879802 132.3989 -21.27817 150.8414
1.98737 2.224976 1.905681 82.54398 -7.148397 116.4445
1.965641 2.224976 1.994304 35.51345 6.363052 76.10861
1.975895 2.224976 2.175456 23.79589 29.79053 17.88724
1.94904 2.224976 2.200603 1.21574 50.49282 -35.35704
1.907292 2.224976 2.250407 -17.0209 71.02718 -91.41811
1.884098 2.224976 2.283122 -31.50945 91.00427 -146.7616
1.836979 2.224976 2.302897 -51.75373 113.5844 -202.9525
1.912418 2.224976 2.247233 -86.87587 133.4394 -248.4563
1.96442 2.224976 2.187663 -102.5858 153.6913 -248.4563
2.047916 2.224976 2.089274 -106.998 175.5081 -248.4563
2.289799 2.224976 1.963542 -113.7995 193.76 -248.4563
2.289799 2.224976 1.695476 -91.38731 218.4318 -248.4563
2.289799 2.224976 1.268474 -92.15067 223.7524 -248.4563
2.289799 2.224976 1.072429 -91.16594 231.0959 -248.4563
2.289799 2.224976 0.8878584 -104.2117 231.0959 -248.4563
2.289799 2.224976 0.7362471 -112.2957 231.0959 -248.4563
2.289799 2.224976 0.6151533 -123.9217 231.0959 -248.4563
2.289799 2.128114 0.5565596 -136.0133 231.0959 -248.4563
2.289799 1.892518 0.4283857 -147.9217 231.0959 -248.4563
2.289799 1.768738 0.3302412 -163.2652 231.0959 -248.4563
2.289799 1.621033 0.2643232 -180.0362 231.0959 -248.4563
-0.2667808 -1.774963 -0.2605791 107.9562 -232.614 -5.532611
0.6795083 -0.4963984 1.201579 190.3837 -78.32397 251.8109
0.6885415 -0.3254999 1.137126 179.9104 -73.01099 251.8109
0.6548501 -0.318664 1.240642 170.2692 -69.71329 251.8109
0.6924478 -0.27716 1.20988 157.5211 -64.56061 251.8109
0.7151528 -0.2815546 1.232585 154.4295 -58.92702 251.8109
0.7637368 -0.2849726 1.177897 148.689 -50.56061 251.8109
0.7439614 -0.3262323 1.139812 147.6203 -49.0797 251.8109
0.7840005 -0.2368768 1.176433 142.4753 -40.78198 251.8109
0.7774087 -0.3472284 1.121257 150.9715 -44.49191 251.8109
0.8589517 -0.09258972 1.059489 139.7272 -33.85832 251.8109
0.7429849 -0.1614374 1.012614 148.8722 -36.51481 251.8109
0.868229 -0.2410272 0.9286299 138.1012 -41.30107 251.8109
0.8870278 -0.2363885 0.9393721 148.2386 -40.56061 251.8109
0.99152 -0.17633 0.928874 154.7043 -39.84306 251.8109
1.036198 -0.1082147 0.9144697 158.3684 -37.22473 251.8109
1.098209 -0.007140502 0.8414717 161.5669 -36.24 251.8109
1.152653 0.0800177 0.819499 160.2081 -35.17893 251.8109
1.14484 0.1522833 0.8290205 161.5974 -41.43848 251.8109
1.284245 0.2777716 0.8063154 153.2768 -39.84306 251.8109
1.396305 0.3346564 0.8102217 150.7119 -38.30107 251.8109
1.462467 0.3585821 0.8102217 152.4295 -35.56824 251.8109
1.483219 0.4518438 0.7501631 149.8341 -37.2629 251.8109
1.569645 0.5353399 0.7147627 155.7577 -33.46137 251.8109
1.524479 0.7948614 0.5841475 159.9562 -45.94992 251.8109
1.68195 0.8563848 0.5289717 153.9638 -42.95756 251.8109
1.685124 0.8422247 0.59196 160.2081 -45.14076 251.8109
1.851383 0.6776739 0.5228682 228.0783 -46.80489 251.8109
2.076969 1.52118 0.2333174 269.6508 -29.78962 251.8109
1.70612 2.224976 -0.1311846 269.6508 -80.13313 251.8109
2.135563 2.224976 0.2789717 241.0402 -50.3545 251.8109
1.960514 2.106873 0.2179365 178.4829 -54.09496 251.8109
1.922428 1.912293 0.2755537 211.1623 -59.1942 251.8109
1.898747 1.945984 0.272624 202.5974 -61.49954 251.8109
1.908756 2.114686 0.2530928 222.5516 -66.27817 251.8109
1.884831 2.224976 0.2096357 226.4829 -71.85069 251.8109
1.928532 2.224976 0.175456 226.5974 -77.68275 251.8109
1.913639 2.224976 0.225749 230.0478 -84.17892 251.8109
1.884098 2.224976 0.2985029 222.4066 -91.1713 251.8109
1.906071 2.224976 0.336833 222.4753 -90.73619 251.8109
1.956852 2.224976 0.3170576 223.399 -97.65222 251.8109
1.842106 2.224976 0.3522139 220.1241 -92.94992 251.8109
1.954411 2.224976 0.3185225 223.4906 -85.26289 251.8109
1.846989 2.224976 0.2526045 228.9333 -86.11023 251.8109
1.709538 2.224976 0.2672529 226.3226 -87.54535 251.8109
1.538395 2.224976 0.2816572 232.399 -93.69801 242.7727
1.420963 2.224976 0.362956 201.8493 -98.34688 212.9636
1.431706 2.224976 0.5155439 204.8035 -92.72092 177.8414
1.258854 2.224976 0.5944014 202.7883 -77.73618 120.4063
1.193668 2.224976 0.4813643 191.918 -73.36214 79.84144
1.096501 2.224976 0.4491377 153.6356 -73.62932 42.60479
0.9253579 2.224976 0.4921064 138.0554 -75.74382 2.131511
0.9334146 2.224976 0.5345869 96.94856 -73.31634 -39.27307
0.8975259 2.224976 0.5858564 47.9333 -74.60641 -75.56315
0.9248696 2.224976 0.5878096 25.39895 -70.30107 -119.0593
0.8980142 2.224976 0.5948896 -8.097237 -72.87359 -160.3494
0.9448892 2.224976 0.6307783 -34.51708 -74.05679 -201.6624
0.9832192 2.224976 0.694499 -62.96746 -72.93466 -241.6853
1.002506 2.224976 0.7076826 -76.37968 -71.88123 -248.4563
1.189762 2.224976 0.7242842 -93.66212 -68.46901 -248.4563
1.550358 2.224976 0.6871748 -95.85297 -66.05679 -248.4563
1.822575 2.224976 0.5836592 -97.44838 -59.87359 -248.4563
1.946354 2.224976 0.4767256 -102.0438 -60.3316 -248.4563
1.916813 2.224976 0.4962568 -91.18121 -62.11023 -248.4563
1.867985 2.198182 0.527751 -99.07434 -60.24763 -248.4563
1.921208 1.95575 0.487956 -100.7843 -60.43847 -248.4563
1.967838 1.833924 0.4779463 -105.0591 -62.32397 -248.4563
2.023991 1.63324 0.5309248 -111.0056 -60.39267 -248.4563
2.108219 1.424988 0.5646162 -119.3491 -56.87359 -248.4563
2.17194 1.228699 0.5807295 -125.8682 -53.75908 -248.4563
2.246403 1.049988 0.5941572 -132.4942 -50.36214 -248.4563
2.289799 0.9474493 0.586833 -141.0972 -45.23237 -248.4563
2.289799 0.7631231 0.590251 -144.7156 -38.3545 -248.4563
2.289799 0.6063848 0.5411787 -149.4255 -31.74382 -248.4563
2.289799 0.4078985 0.4713545 -154.0362 -24.29344 -248.4563
2.289799 0.3170782 0.3971357 -164.998 -16.1942 -248.4563
2.289799 0.06732239 0.2840986 -175.601 -11.76672 -248.4563
2.289799 -0.077453 0.2904463 -199.6774 0.5615253 -248.4563
2.289799 -0.2676386 0.1412764 -208.8835 9.416489 -248.4563
2.289799 -1.001037 0.05362988 -230.4865 26.25618 -248.4563
2.289799 -1.087951 -0.2605791 -230.6163 16.88214 -248.4563
2.289799 -1.596496 -0.2605791 -230.6163 18.88214 -248.4563
2.194889 -1.327453 -0.1155596 -230.6163 8.637861 -248.4563
2.046696 -1.774963 -0.0760088 -230.6163 10.43939 -248.4563
1.94904 -1.774963 -0.07771778 -230.6163 12.56916 -248.4563
1.871403 -1.774963 -0.08235645 -230.6163 21.50046 -248.4563
1.696598 -1.774963 -0.04231739 -230.6163 26.58443 -248.4563
1.758366 -1.774963 -0.2605791 -230.6163 41.97374 -248.4563
1.554508 -1.774963 -0.2605791 -230.6163 47.10351 -248.4563
1.758122 -1.774963 -0.2605791 -230.6163 61.43939 -248.4563
1.67609 -1.774963 -0.2605791 -230.6163 75.40121 -248.4563
0.8027993 -0.05914246 0.5690107 199.0783 -146.0568 251.8109
1.087956 1.409608 0.2696943 194.399 -183.6446 251.8109
1.116764 1.451111 0.288249 192.315 -193.5072 251.8109
1.102116 1.497986 0.2997236 187.1623 -200.2247 251.8109
1.127995 1.603699 0.3028975 167.231 -205.8812 251.8109
1.08942 1.553162 0.3361006 168.0783 -218.3087 251.8109
1.163883 1.649598 0.3822432 153.0707 -227.6827 251.8109
1.164127 1.593445 0.4972334 158.2768 -242.7744 251.8109
1.204899 1.623963 0.5541182 141.4906 -247.4995 251.8109
1.249577 1.687195 0.6017256 136.2005 -252.9576 251.8109
