1.857445 -0.680983 -0.06165135 -248.5139 -21.89939 -248.5709
1.379906 -1.081862 -0.06165135 -248.5139 -53.91466 -248.5709
1.235619 -1.175368 -0.06165135 -248.5139 -67.85359 -248.5709
1.196801 -1.503493 -0.06165135 -248.5139 -76.54061 -248.5709
1.298607 -1.836256 -0.06165135 -248.5139 -85.46428 -248.5709
1.362328 -1.836256 -0.06165135 -248.5139 -115.7315 -248.5709
1.016137 -1.836256 -0.06165135 -248.5139 -104.0597 -248.5709
1.094262 -1.836256 -0.06165135 -248.5139 -117.136 -248.5709
1.071068 -1.836256 -0.06165135 -248.5139 -105.3498 -195.0366
0.2690664 -1.836256 -0.06165135 -108.1704 -40.41084 -248.5709
0.3557363 -1.836256 0.9569034 -92.79636 -71.31924 -248.5709
0.6216054 -1.836256 0.6778506 -157.1399 -121.8383 -248.5709
0.7155996 -1.836256 0.4534854 -155.4452 -84.92229 -248.5709
0.5542226 -1.836256 0.7198428 -153.804 -67.39558 -248.5709
0.5588613 -1.836256 0.8233584 -153.3002 -26.1742 -238.174
0.4995351 -1.836256 0.8753604 -157.9796 -13.51008 -181.4564
0.384789 -1.836256 0.7676944 -122.1093 28.74183 -171.1129
-0.02780859 -1.836256 1.31286 -137.7124 9.543359 -150.7999
0.04372461 -1.836256 1.238397 -126.8498 12.9403 -141.4488
-0.1078867 -1.836256 1.285761 -95.14751 0.08534336 -131.693
-0.129127 -1.836256 1.288935 -79.16278 -1.151298 -118.6549
-0.2223887 -1.836256 1.397577 -78.34599 -23.87649 -96.548
-0.1530527 -1.836256 1.41662 -63.76583 -17.91466 -87.30373
-0.2826914 -1.836256 1.336054 -56.15514 -21.22763 -66.18922
-0.2570567 -1.836256 1.45495 -46.77346 -21.18946 -48.6854
1.729027 0.7853256 0.2315615 -248.5139 -93.74672 -248.5709
0.712914 -1.836256 1.272577 -184.5674 -37.38794 -206.0747
0.5466543 -1.836256 1.223505 -179.5674 3.642595 -180.8686
0.4621816 -1.836256 1.401239 -163.9338 41.29908 -142.3648
0.3716054 -1.836256 1.721796 -167.575 50.48993 -79.43349
0.1299062 -1.836256 1.835565 -172.2697 74.63496 -47.62433
-0.1733164 -1.836256 1.795771 -156.1933 68.20748 -46.47166
-0.2863535 -1.836256 2.122675 -101.9872 31.29908 -40.71594
-0.4489512 -1.836256 2.2279 -79.22385 3.092977 -43.41059
-0.4037852 -1.836256 2.370234 -72.45285 -29.47954 -32.04418
-0.4169688 -1.836256 2.129511 -77.65896 -24.37267 -34.02128
-0.3437266 -1.836256 1.901483 -47.23911 -18.89939 -52.74647
-0.1215586 -1.836256 1.84411 -30.50629 -13.21237 -40.44876
-0.118873 -1.836256 1.817743 -21.10934 -8.296336 -6.380061
-0.1486582 -1.836256 1.696161 -4.964305 -3.975725 22.23826
-0.2250742 -1.836256 1.603876 3.692183 -1.30397 23.98635
-0.2990489 -1.675612 1.596308 19.68455 -2.151298 13.86421
-0.2807383 -1.498854 1.570429 34.35631 -2.929924 13.57414
-0.1884531 -1.324538 1.499872 41.43264 -2.227634 21.65811
-0.1628184 -1.224684 1.543085 53.2647 -1.456641 38.43673
-0.2555918 -0.9717545 1.528681 66.37157 1.810534 39.29933
-0.3312754 -0.894606 1.469843 82.196 -6.502443 22.16192
-0.2275156 -0.8050064 1.470087 86.51661 -5.380305 10.62757
-0.1044688 -0.6785416 1.515985 92.72272 -6.441374 20.03979
-0.06687109 -0.6084732 1.495722 100.5395 -16.59405 31.31459
-0.02609961 -0.3306411 1.575312 156.3258 -3.639848 6.902382
0.0154043 -0.2263931 1.629755 160.9899 -2.41084 0.8565802
0.09987696 0.05461278 1.770624 145.5853 -2.861222 2.696275
0.1428457 0.03239599 1.781122 133.7761 1.085343 10.39856
0.1584707 0.02214208 1.847773 128.2036 5.520458 1.871847
0.1631094 0.02067724 1.90246 123.28 9.665496 -9.685405
0.2373281 0.00969091 1.942987 127.2647 12.99374 -8.151053
0.2148672 -0.06233057 1.980097 134.8678 17.68076 -15.08235
0.2861562 -0.03693995 2.018427 150.0815 27.7113 -36.23502
0.436791 -0.06037745 1.955927 169.8296 42.13115 -48.38769
-0.04196875 -0.2173599 2.148554 220.5013 11.01664 -44.5709
0.2854238 -0.2212661 2.071894 251.7533 40.19985 -133.1205
0.6916738 0.2152573 2.155634 251.7533 40.90214 -136.8992
0.5747304 0.4711167 2.312128 251.7533 34.23038 -78.86861
0.780541 1.367357 2.611933 187.2952 75.9174 -46.91441
0.3481679 0.2462632 2.38122 72.77615 123.6197 -55.09762
0.3501211 0.4095932 2.78454 37.21127 120.406 -89.78464
0.5451894 0.127855 2.347773 52.79905 126.5205 -67.46403
0.5615469 0.2635972 2.422724 39.92883 133.0701 -74.34953
0.5781484 0.2050034 2.380732 30.37157 145.8258 -70.15105
0.5805898 0.1718003 2.355829 17.51661 159.6579 -71.64723
0.5915761 0.145189 2.320429 12.1502 166.6197 -72.7312
0.6240469 0.1500718 2.319208 5.730351 176.8411 -75.34189
0.6604238 0.1681382 2.286493 -2.620794 189.551 -76.4564
0.6648183 0.1627671 2.250849 -6.834535 196.3678 -77.77701
0.6909414 0.1947495 2.215204 -12.95667 207.4059 -80.12051
0.7126699 0.1913315 2.177118 -16.72766 216.635 -81.70831
0.7539297 0.1981675 2.14123 -19.6895 225.322 -82.64723
0.7912832 0.2174546 2.059931 -24.48339 235.3143 -83.5938
0.8281485 0.2267319 2.047968 -23.9414 241.3678 -87.5251
0.8491446 0.2587143 1.997187 -28.27728 246.0243 -89.95258
0.905541 0.2299057 1.961054 -26.48339 246.0243 -93.62434
0.936791 0.2604233 1.982538 -22.48339 246.0243 -99.05945
1.031762 0.3143784 1.919062 -20.92614 246.0243 -103.2656
1.026635 0.315355 1.859735 -18.86507 246.0243 -108.403
1.025658 0.3663804 1.806269 -15.62079 246.0243 -115.5633
0.9822012 0.3392807 1.849481 -8.010107 246.0243 -122.6701
1.045434 0.4186265 1.708856 -6.414687 246.0243 -132.8763
1.085229 0.3832261 1.699579 -5.910871 246.0243 -145.0976
1.176293 0.3505112 1.610712 1.157832 246.0243 -161.1587
1.223412 0.3993393 1.54455 2.867756 246.0243 -171.2961
1.226098 0.3541733 1.521356 4.760886 246.0243 -184.8457
1.285424 0.4391343 1.463983 11.69218 246.0243 -184.6091
1.210473 0.3361069 1.411493 7.676916 246.0243 -201.1587
1.367943 0.483812 1.42956 -1.269649 246.0243 -202.2274
1.452172 0.3673569 1.264521 2.295237 246.0243 -218.9984
1.389428 0.2447983 1.199579 1.30287 246.0243 -241.8457
1.673363 0.4962632 1.096552 2.516611 246.0243 -213.5327
1.583031 0.2870347 1.051386 3.501343 246.0243 -226.5404
1.550072 0.2704331 1.049677 1.692183 246.0243 -228.7847
1.612084 0.2704331 1.036981 -0.2696489 246.0243 -232.8304
1.588158 0.1202866 0.963251 2.211267 246.0243 -243.09
1.60476 0.07951513 0.8612002 8.944092 246.0243 -248.5709
1.543725 0.02263036 0.8372745 6.325771 246.0243 -248.5709
1.602563 -0.1214126 0.7403506 2.913557 246.0243 -248.5709
1.694604 -0.0733169 0.5704288 -4.170413 246.0243 -248.5709
1.622582 -0.3421157 0.4105166 -7.01774 246.0243 -248.5709
1.699486 -0.261061 0.3196963 -14.36125 246.0243 -248.5709
1.698266 -0.2386001 0.2799014 -26.49866 246.0243 -248.5709
1.653588 -0.3631118 0.1578311 -34.10171 246.0243 -246.2121
1.616479 -0.4580825 0.05455959 -42.48339 246.0243 -243.1892
1.522484 -0.4607681 0.08092678 -52.39942 246.0243 -231.2732
1.503686 -0.6240982 0.02550685 -61.30018 246.0243 -228.4182
1.42727 -0.6626724 -0.06165135 -72.30019 246.0243 -218.8763
1.264184 -0.7429947 -0.06165135 -83.54446 246.0243 -220.9678
0.1352773 -0.06159815 1.571405 90.14256 38.13878 -1.418229
0.06838281 -0.1941665 1.510614 31.1731 65.97847 -21.34953
0.04201563 -0.2476333 1.508905 23.37921 67.36015 -20.4335
0.0178457 -0.29402 1.515741 14.58531 68.26091 -20.5022
0.01369531 -0.3191665 1.531122 5.676916 69.94794 -17.86861
-0.006324217 -0.3355239 1.543573 -5.124611 71.32961 -13.20449
-0.04465429 -0.3672622 1.575556 -16.69713 72.98611 -9.212122
-0.04929296 -0.424147 1.59704 -24.95667 74.53572 -7.693038
-0.03903906 -0.4595474 1.605341 -31.55209 75.73419 -5.937313
-0.01511328 -0.4739517 1.629511 -37.30782 76.98611 -2.471664
0.0005117208 -0.4627212 1.64953 -43.61316 78.63496 2.66574
0.01223047 -0.4663833 1.702021 -48.51392 80.76473 8.94055
0.01833399 -0.4922622 1.758661 -50.41468 85.26855 14.3604
-0.001929685 -0.4895767 1.775751 -51.03301 88.74183 16.60467
-0.009009764 -0.4861587 1.787714 -48.81927 91.97083 15.05505
0.02614649 -0.4402603 1.781122 -48.42232 96.71893 14.3604
0.05422266 -0.3809341 1.779901 -49.95667 100.238 17.59704
0.09108789 -0.3716568 1.80871 -44.63606 104.2456 20.5207
0.09499414 -0.3230728 1.777948 -43.31545 110.0395 25.96345
0.07228906 -0.3028091 1.775019 -44.96431 113.3983 28.36803
0.05959375 -0.2932876 1.752069 -39.49102 115.7189 26.80314
0.0569082 -0.2490982 1.714472 -35.45285 117.5434 24.5436
0.09328516 -0.2063735 1.696405 -33.81927 119.8029 22.73444
0.1181875 -0.1902603 1.692499 -30.47575 122.1159 23.25353
0.1423574 -0.1731704 1.676386 -25.63606 123.864 26.30696
0.138207 -0.1131118 1.672724 -16.84217 124.4136 24.13139
0.1560293 -0.06721339 1.665399 -8.99484 125.0472 18.59704
0.1997305 -0.06623682 1.657587 3.68455 123.9708 11.03979
0.278832 -0.05744776 1.660517 26.79906 125.2533 3.337496
0.3562246 -0.07893214 1.723749 49.78379 129.8182 -8.181588
0.4062734 0.07682958 1.760858 63.86776 125.8182 -25.99075
0.5525136 0.2499253 1.800409 77.71509 120.6884 -30.75411
0.8076406 0.2604233 1.618769 99.0357 143.1922 -29.89915
0.2002187 0.04728857 1.842646 137.6387 107.1159 -64.62434
0.5456777 -0.07649073 2.034296 202.1502 75.16931 -169.3495
