0.01948535 -0.2814605 0.4925859 -7.828626 1.451114 19.92096
0.02314746 -0.284146 0.4960039 -7.820992 1.703023 19.60798
0.02168262 -0.2836577 0.5030839 -7.94313 1.863328 19.81409
0.02827442 -0.2821929 0.4955156 -7.798092 1.481649 19.87516
0.01948535 -0.2834136 0.4940507 -7.94313 2.130504 19.72249
0.01802051 -0.2807281 0.4925859 -7.691222 1.680122 19.49348
0.02363575 -0.2839019 0.4881914 -7.653054 1.825161 19.73775
0.01484668 -0.2826812 0.4923418 -7.843893 1.817527 19.39425
0.0299834 -0.2848784 0.48575 -7.607252 1.641954 19.81409
0.01655567 -0.290982 0.4879472 -8.057633 1.61142 19.96676
0.01582325 -0.2851226 0.4964921 -8.0271 1.741191 19.75302
0.02705371 -0.2836577 0.4923418 -8.072901 2.016 19.77592
0.02510059 -0.2792632 0.4916093 -7.843893 1.970199 19.76066
0.01948535 -0.2836577 0.4955156 -7.630153 1.672488 19.40951
0.02680957 -0.2863433 0.4850175 -7.683588 1.710656 19.60798
0.02168262 -0.2865874 0.4923418 -7.576718 1.687756 19.73775
0.0221709 -0.2851226 0.4935625 -7.668321 1.435847 19.56218
0.0197295 -0.2878081 0.4933183 -7.782825 1.687756 19.45531
0.02803028 -0.2795074 0.499666 -8.095801 1.825161 19.83699
0.01899707 -0.2895171 0.4923418 -8.225573 1.954931 19.67669
0.02412403 -0.2780425 0.4925859 -8.217939 2.176305 19.87516
0.02119434 -0.2795074 0.4952714 -8.164504 2.031267 20.03547
0.02656543 -0.2880523 0.5003984 -8.248473 1.840427 19.78356
0.01679981 -0.2865874 0.49283 -8.004199 1.970199 19.67669
0.02583301 -0.2868316 0.4991777 -7.714122 1.710656 19.85989
0.01338184 -0.2914702 0.4918535 -8.065268 1.954931 19.70722
0.01631153 -0.2853667 0.501375 -7.775191 1.748824 19.76066
0.02314746 -0.2829253 0.4877031 -7.828626 1.932031 19.80646
0.011917 -0.2873199 0.4969804 -7.706489 1.733557 19.37134
0.02363575 -0.2843902 0.4901445 -7.675954 1.672488 19.85989
0.0233916 -0.2865874 0.4933183 -7.691222 1.725924 19.56218
0.02046192 -0.2868316 0.5025957 -8.095801 1.733557 19.72249
0.02851856 -0.2807281 0.4808671 -8.172137 1.962565 19.89043
0.02485645 -0.2890288 0.499666 -8.126336 2.115237 19.68432
0.02412403 -0.2843902 0.4969804 -7.515649 1.703023 19.79119
0.01533496 -0.285855 0.4881914 -8.15687 2.069435 19.67669
0.0209502 -0.2821929 0.4842851 -8.256107 2.046535 19.61562
0.02119434 -0.2902495 0.4925859 -8.126336 2.031267 19.76829
0.01533496 -0.2843902 0.49283 -8.309542 1.962565 19.82936
0.03169239 -0.2834136 0.4942949 -8.080534 1.893863 19.67669
0.01679981 -0.2900054 0.499666 -8.065268 1.893863 19.76066
0.01338184 -0.2853667 0.4994218 -7.988932 1.848061 19.82936
0.01899707 -0.2792632 0.4925859 -7.912596 1.786992 19.76829
0.00996387 -0.2848784 0.4901445 -7.744657 1.565618 19.74539
0.01997364 -0.2868316 0.4896562 -7.706489 1.725924 19.74539
0.0197295 -0.2773101 0.4982011 -8.0271 1.764091 19.66905
0.02461231 -0.2856109 0.4864824 -8.019465 1.741191 19.63089
0.02290332 -0.2902495 0.4918535 -8.057633 2.061801 19.79119
0.02949512 -0.2851226 0.49283 -7.767557 2.016 19.56982
0.027542 -0.2780425 0.4908769 -7.996565 2.031267 19.64615
0.01850879 -0.2924468 0.4942949 -8.004199 1.764091 19.59272
0.02412403 -0.2782866 0.4974687 -7.882061 1.916763 19.76829
0.01777637 -0.2831695 0.4923418 -7.996565 1.886229 20.1118
0.01631153 -0.2897613 0.4938066 -7.920229 1.786992 19.49348
0.02387989 -0.2782866 0.4950273 -8.0271 1.924397 19.76066
0.02241504 -0.284146 0.4933183 -8.340076 2.176305 19.89806
0.02436817 -0.2851226 0.4894121 -8.149237 1.893863 19.63089
0.01948535 -0.290982 0.4886796 -8.248473 2.000733 19.63089
0.02143848 -0.2865874 0.5006425 -8.065268 2.237374 19.64615
0.02900684 -0.285855 0.5008867 -8.004199 1.954931 19.76829
0.027542 -0.282437 0.4957597 -8.057633 2.161038 19.75302
0.01362598 -0.285855 0.4935625 -8.011832 1.817527 19.61562
0.01997364 -0.2812163 0.4935625 -7.56145 1.596153 19.47058
0.0312041 -0.2797515 0.4891679 -7.920229 2.084702 19.90569
0.02143848 -0.2931792 0.4901445 -7.805725 1.802259 19.52402
0.02168262 -0.2919585 0.4952714 -8.088168 2.008367 19.69959
0.02290332 -0.2873199 0.5045488 -8.133969 1.832794 19.75302
0.03242481 -0.2785308 0.4811113 -8.072901 1.932031 20.05837
0.01997364 -0.2904937 0.4923418 -8.286641 2.008367 19.66142
0.02949512 -0.2775542 0.49283 -7.85916 1.893863 19.55455
0.01948535 -0.2804839 0.5006425 -8.133969 2.031267 19.69959
0.02534473 -0.2853667 0.4947832 -8.0271 2.046535 19.77592
0.02900684 -0.2834136 0.5025957 -7.958397 1.825161 19.60798
0.02168262 -0.2863433 0.4969804 -7.660687 1.63432 19.92096
0.0209502 -0.2839019 0.4923418 -7.897328 1.893863 19.52402
0.01997364 -0.2814605 0.4896562 -7.607252 1.779359 19.69959
0.02436817 -0.2765777 0.4796464 -7.882061 1.412946 19.81409
0.01875293 -0.2873199 0.4889238 -8.378244 2.176305 19.65379
0.01948535 -0.2839019 0.4830644 -7.851527 1.993099 19.98966
0.02851856 -0.2829253 0.4930742 -8.133969 1.878595 19.73775
0.01728809 -0.2863433 0.5047929 -7.996565 1.932031 19.90569
0.01899707 -0.2917144 0.4903886 -8.195038 2.130504 19.66905
0.02192676 -0.2790191 0.4881914 -8.080534 2.168672 19.66905
0.0197295 -0.2882964 0.4884355 -7.996565 1.764091 19.82936
0.0221709 -0.2817046 0.4903886 -7.500382 1.825161 19.59272
0.02363575 -0.2870757 0.4837968 -7.767557 1.794626 19.75302
0.01240528 -0.2834136 0.4952714 -7.897328 1.878595 19.77592
0.02290332 -0.2836577 0.4889238 -8.217939 2.12287 19.65379
0.02363575 -0.2873199 0.4955156 -8.462214 1.809893 19.83699
0.01704395 -0.2846343 0.4889238 -8.072901 1.947298 19.60035
0.02656543 -0.2860991 0.4991777 -8.095801 2.229741 19.66142
0.01362598 -0.2878081 0.4984453 -7.935496 1.596153 19.62325
0.02534473 -0.2851226 0.4842851 -8.111069 1.932031 19.71486
0.02436817 -0.2890288 0.4899004 -8.15687 2.20684 19.69195
0.02534473 -0.2904937 0.4991777 -7.874428 1.970199 19.60798
0.02168262 -0.2795074 0.4864824 -7.668321 1.603786 19.87516
0.02363575 -0.282437 0.4825761 -8.118702 1.664855 19.75302
0.02363575 -0.2865874 0.497957 -7.775191 1.802259 19.79882
0.01704395 -0.2814605 0.4967363 -8.004199 2.298443 19.74539
0.01875293 -0.2785308 0.5008867 -8.439313 2.031267 19.9515
0.01704395 -0.2792632 0.4913652 -8.225573 1.985466 19.64615
0.02387989 -0.2882964 0.5003984 -8.217939 1.893863 19.69959
0.02168262 -0.2836577 0.4974687 -7.996565 1.764091 19.91333
0.02632129 -0.2902495 0.4859941 -8.072901 2.077069 19.69959
0.01948535 -0.2870757 0.4950273 -8.149237 1.985466 19.73012
0.02387989 -0.2814605 0.4847734 -7.981298 1.985466 19.86753
0.0197295 -0.2780425 0.4916093 -7.843893 1.939664 19.46295
0.02265918 -0.2821929 0.4842851 -8.057633 1.405313 20.0202
0.02461231 -0.2812163 0.4879472 -8.340076 2.077069 19.87516
0.02656543 -0.2819488 0.5006425 -8.088168 2.199206 19.74539
0.03486621 -0.285855 0.5033281 -8.011832 2.153405 19.73012
0.0209502 -0.2839019 0.49283 -8.416412 2.000733 20.01257
0.02119434 -0.2868316 0.4894121 -8.133969 1.61142 19.82936
0.02314746 -0.282437 0.4925859 -7.882061 1.947298 19.60035
0.01899707 -0.2836577 0.4877031 -7.683588 2.023633 19.60798
0.01460254 -0.2834136 0.4896562 -7.874428 1.680122 19.70722
0.02778614 -0.2851226 0.4940507 -7.958397 1.939664 19.51638
0.01826465 -0.2848784 0.4977129 -7.691222 1.748824 19.58508
0.03022754 -0.2809722 0.4982011 -7.523283 1.550351 19.67669
0.01679981 -0.2795074 0.4913652 -8.065268 1.703023 19.76829
0.01533496 -0.2865874 0.4891679 -8.034733 1.893863 19.93623
0.02168262 -0.2902495 0.4994218 -7.94313 2.054168 19.63852
0.0197295 -0.2804839 0.4884355 -7.851527 1.90913 19.75302
0.0233916 -0.2863433 0.4881914 -7.782825 1.63432 19.69195
0.02607715 -0.2873199 0.4972246 -7.675954 1.916763 19.37134
0.02510059 -0.2843902 0.5001543 -7.462214 1.748824 19.62325
0.02192676 -0.2848784 0.4901445 -7.515649 1.596153 19.51638
0.02314746 -0.2817046 0.4940507 -7.798092 1.603786 19.53928
0.02192676 -0.2919585 0.4862382 -7.683588 1.50455 19.63089
0.02656543 -0.2843902 0.4923418 -7.729389 1.809893 19.62325
0.01850879 -0.2865874 0.4859941 -7.721756 1.863328 19.56218
0.01777637 -0.2890288 0.4899004 -8.217939 1.71829 19.86753
0.0221709 -0.2819488 0.496248 -8.195038 2.046535 19.75302
0.02558887 -0.2863433 0.4837968 -8.05 2.008367 19.84463
0.02558887 -0.2826812 0.4967363 -7.874428 1.802259 19.77592
0.01899707 -0.2868316 0.501375 -7.958397 1.786992 19.79119
0.02192676 -0.2885406 0.4862382 -8.034733 1.695389 19.90569
0.02778614 -0.2836577 0.5008867 -7.981298 1.809893 19.66905
0.01484668 -0.2860991 0.496248 -7.889695 1.809893 19.90569
0.01948535 -0.2870757 0.4852617 -7.958397 1.748824 19.73775
0.02461231 -0.2792632 0.4982011 -7.851527 1.817527 19.73012
0.02607715 -0.2790191 0.4911211 -8.0271 1.748824 19.72249
0.02070606 -0.2873199 0.4940507 -7.798092 1.748824 19.57745
0.01899707 -0.2851226 0.4935625 -7.737023 1.367145 19.64615
0.0209502 -0.2797515 0.4906328 -7.653054 1.596153 19.64615
0.01948535 -0.2878081 0.4972246 -7.775191 1.794626 19.77592
0.02363575 -0.2880523 0.4994218 -7.767557 1.848061 19.71486
0.02119434 -0.285855 0.4964921 -7.569084 1.748824 19.70722
0.02363575 -0.285855 0.4930742 -7.874428 1.786992 19.73012
0.02510059 -0.2870757 0.484041 -7.591985 1.580885 19.57745
