0.1581572 -0.287564 0.3805254 -27.85153 38.40532 27.34844
0.1767119 -0.2814605 0.3409746 -28.9126 36.83279 28.27211
0.1884307 -0.2782866 0.3331621 -27.78282 34.88623 28.41714
0.1867217 -0.2738921 0.3148515 -26.33244 33.60379 28.23394
0.1769561 -0.2814605 0.2879961 -22.41641 31.37478 27.79119
0.1933135 -0.2790191 0.2684648 -17.89733 28.65722 26.88279
0.1676787 -0.273648 0.2455156 -12.79046 26.18394 25.66905
0.1584014 -0.2751128 0.2491777 -6.34771 23.016 23.9744
0.1713408 -0.273648 0.2533281 -0.8744278 20.03127 22.59272
0.147415 -0.2990386 0.2662675 1.858397 19.75646 21.82173
0.1703643 -0.3002593 0.1974199 3.598855 14.00073 21.88279
0.1894072 -0.3044097 0.2071855 6.644657 10.00837 21.26447
0.1808623 -0.303189 0.2345293 6.698091 8.779358 21.12707
0.1898955 -0.2926909 0.2467363 6.469084 5.924397 21.42478
0.2096709 -0.2792632 0.2718828 3.759161 4.20684 22.42478
0.2216338 -0.2890288 0.280916 -5.729389 4.466382 25.18814
0.2736357 -0.2731597 0.2633379 -18.1187 2.817527 28.43241
0.2802275 -0.2802398 0.2997148 -29.24084 2.61142 30.91333
0.1967315 -0.3070952 0.3363359 -38.90496 2.481649 33.42478
0.213333 -0.3564116 0.3448808 -42.96603 -0.3427787 36.066
0.2370147 -0.3776519 0.3815019 -43.05 -1.724458 37.92096
0.2526397 -0.3764312 0.4071367 -42.14161 -1.999267 39.46294
0.2794951 -0.376187 0.4298418 -37.85916 -2.709191 40.27974
0.2958525 -0.36398 0.4669511 -32.05763 -2.900031 40.38661
0.2912139 -0.3388335 0.4877031 -25.72939 -2.831328 39.76066
0.305374 -0.3168609 0.5094316 -23.58435 -3.037435 40.87516
0.3637236 -0.317105 0.539705 -20.10344 -2.403847 40.98966
0.3888701 -0.3227202 0.5594804 -13.64542 1.283175 39.82936
0.3588408 -0.2756011 0.5536211 -10.48512 3.649588 40.0431
0.3112334 -0.2531402 0.5404375 -9.103436 4.298443 40.00493
0.2816924 -0.2135894 0.532625 -10.24847 4.496916 39.53165
0.2318877 -0.2091948 0.5509355 -7.019466 6.138137 38.29501
0.2252959 -0.218228 0.5406816 2.369847 6.695389 35.2263
0.293167 -0.1860015 0.5362871 1.682825 9.412947 33.54692
0.2887725 -0.2257964 0.5138261 4.331679 13.90149 32.28738
0.2814482 -0.1693999 0.447664 5.453817 12.41295 30.67669
0.277542 -0.1960112 0.4281328 2.064504 15.25264 29.57745
0.248001 -0.1911284 0.3836992 7.125573 11.17631 27.16524
0.2379912 -0.2030913 0.3888261 10.29351 11.55035 24.85226
0.2311553 -0.2275054 0.3688066 14.44618 10.39768 23.0889
0.234085 -0.2492339 0.3524492 19.05687 8.512184 21.1118
0.2355498 -0.2673003 0.3495195 23.93473 7.023633 19.31791
0.2431182 -0.2692534 0.3495195 29.30878 5.298443 17.91333
0.2658232 -0.2690093 0.355623 33.22481 4.092336 16.29501
0.2885283 -0.2658355 0.3685625 34.91183 4.145771 15.2034
0.3061064 -0.2621734 0.3722246 34.43855 4.306077 14.79882
0.3048857 -0.2629058 0.3810136 32.51488 5.084702 14.27211
0.2985381 -0.2694976 0.3815019 31.27061 5.90913 13.50111
0.2899932 -0.2741363 0.3727129 30.89657 7.016 12.52402
0.2824248 -0.2839019 0.3736894 31.24771 7.367145 11.76066
0.2680205 -0.3061187 0.3656328 31.13321 8.214474 10.88279
0.258499 -0.3200347 0.3504961 31.27061 8.809893 10.69959
0.2450713 -0.3337066 0.3478105 30.91183 8.412947 10.1576
0.2448272 -0.3561675 0.3251054 28.49198 8.794626 10.65379
0.242874 -0.3739898 0.3114336 26.14084 8.657221 11.1576
0.2416533 -0.4118316 0.308748 25.43092 8.031267 11.89806
0.2382354 -0.4345366 0.2953203 23.66756 7.649588 13.55455
0.2262725 -0.447232 0.2892168 22.96527 6.290809 15.59272
0.2155303 -0.4377105 0.3045976 22.9958 4.550351 16.92096
0.2108916 -0.4452788 0.2980058 25.05687 4.374779 18.0431
0.1911162 -0.4313628 0.289705 24.85076 3.267909 18.89806
0.38179 -0.2697417 0.06826949 34.9958 137.8481 -161.4378
0.291458 -0.6579253 0.1173418 -33.79046 74.71828 -51.68209
0.289749 -0.643521 0.08560348 -34.0729 69.89386 -49.38438
0.2841338 -0.6225249 0.06704879 -32.98893 65.71828 -48.37675
0.2804717 -0.61398 0.04214644 -31.43931 61.04654 -46.90347
0.3024443 -0.6203277 0.03335738 -28.88206 56.76409 -45.7737
0.3114775 -0.6049468 0.06900191 -30.34008 47.33661 -42.28515
0.3908232 -0.6044585 0.02456832 -25.79046 55.74119 -42.65919
0.4066924 -0.5895659 -0.0152266 -19.0729 41.98547 -43.10957
0.4542998 -0.5319488 0.03384566 -17.88969 36.37478 -43.44545
0.4645537 -0.5099761 0.08145308 -12.68359 35.28318 -44.39965
0.4933623 -0.4523589 0.09170699 -11.1187 33.14577 -45.75079
0.5060576 -0.4045074 0.1180742 -10.19504 30.12287 -47.14774
0.5180205 -0.3783843 0.164705 -7.256107 28.68012 -49.8424
0.5263213 -0.3415191 0.1971757 -3.0271 28.48928 -53.51415
0.527542 -0.3090484 0.2084062 0.4080153 28.19921 -57.04087
0.5324248 -0.2853667 0.1947343 2.003435 28.18394 -60.71263
0.5331573 -0.2812163 0.1752031 2.522519 27.49692 -64.62103
0.5319366 -0.2853667 0.1537187 1.84313 26.52745 -67.71263
0.5353545 -0.304898 0.1485918 0.04160309 25.16867 -70.33858
0.5314483 -0.3266265 0.1219804 -2.935496 23.65722 -71.83476
0.5260772 -0.3791167 0.1161211 -6.057634 22.02363 -73.11721
0.511917 -0.4179351 0.09903121 -9.782825 19.90913 -73.39201
0.4928741 -0.4530913 0.09854293 -15.0042 17.9473 -72.8195
0.4816436 -0.4970366 0.1024492 -21.30191 15.8786 -71.20118
0.4726104 -0.5502593 0.1012285 -28.22557 14.0847 -68.41492
0.4557647 -0.5968902 0.1061113 -34.33244 11.48165 -65.25462
0.4621123 -0.6357085 0.1087968 -40.47748 9.191572 -61.49889
0.4813994 -0.6664702 0.1112382 -45.34008 6.557985 -57.66682
0.5277862 -0.6977202 0.1222246 -49.12634 4.687756 -53.8424
0.5807647 -0.7223784 0.1371171 -51.24847 2.71829 -50.20118
0.6222686 -0.726773 0.1710527 -52.37061 1.260275 -46.52942
0.6535186 -0.7062652 0.2042558 -52.0042 0.6953893 -43.70499
0.6667022 -0.6874663 0.234041 -50.27137 0.924397 -41.91873
0.6645049 -0.6239898 0.2623613 -49.72176 0.8480611 -40.22408
0.669876 -0.5456206 0.3004472 -47.53092 1.680122 -40.54469
0.6813506 -0.48898 0.3404863 -44.9355 4.023633 -41.62103
0.6852569 -0.4308745 0.3219316 -41.59199 6.954932 -44.40729
0.6938018 -0.4062163 0.3033769 -38.85153 8.542717 -47.23171
0.6808623 -0.3749663 0.2916582 -35.81336 9.672489 -50.87293
0.6718291 -0.3774077 0.2494218 -31.34771 12.81753 -55.23934
0.6513213 -0.3832671 0.1966875 -25.59962 13.22211 -59.52179
0.6444854 -0.4037749 0.1737382 -20.05 12.71829 -63.44545
0.6222686 -0.438687 0.1166093 -18.34008 12.16104 -65.98743
0.6044463 -0.4775054 0.07095504 -16.37061 10.1305 -68.24698
0.5756377 -0.4989898 0.0550859 -17.37061 7.252641 -68.7279
0.565628 -0.5339019 0.05362105 -18.75229 4.947298 -69.23934
0.5644073 -0.567105 0.05655074 -17.88206 2.710657 -69.68973
0.5619658 -0.6047027 0.05655074 -19.1874 0.573252 -69.13248
0.548294 -0.6449859 0.05850387 -20.85153 -2.335145 -67.9798
0.5397491 -0.7008941 0.06729293 -19.06527 -4.533618 -66.81187
0.5177764 -0.7301909 0.07266402 -17.24847 -6.892397 -65.54469
0.5009307 -0.7587554 0.06460738 -17.13397 -9.571787 -62.88057
0.4950713 -0.7829253 0.05972457 -17.1187 -12.62522 -60.03324
0.4870147 -0.7985503 0.06094527 -18.03473 -15.59469 -56.63629
0.4884795 -0.8266265 0.05410933 -19.13397 -18.8924 -52.49889
0.4936065 -0.8229644 0.05533004 -20.43168 -22.59469 -48.55232
0.4960479 -0.8351714 0.06973433 -22.17977 -26.40385 -44.05614
0.5041045 -0.8268706 0.08780074 -23.63015 -29.83896 -39.99507
0.5216826 -0.8219878 0.1141679 -24.90496 -33.31224 -35.8653
0.5373076 -0.8129546 0.1603105 -25.49275 -36.52598 -32.30042
0.5456084 -0.7912261 0.2128007 -25.74466 -39.31224 -28.76606
0.5792998 -0.7231109 0.3817461 -21.44695 -43.45728 -19.79659
0.5944366 -0.6881988 0.4457109 -19.75992 -43.51072 -17.31568
0.6066436 -0.6557281 0.4896562 -17.69885 -42.29697 -15.76606
0.6186065 -0.6147124 0.5233476 -15.36298 -40.60232 -14.83476
0.6308135 -0.5627105 0.5795 -13.12634 -38.80079 -14.07141
0.628128 -0.5163238 0.6009843 -14.75229 -35.82369 -13.23171
0.6586455 -0.4975249 0.6354082 -9.927862 -33.22064 -13.85766
0.6527862 -0.4821441 0.6371171 -10.69122 -29.93056 -13.27751
0.6396026 -0.4579741 0.6485918 -9.340076 -26.58705 -14.14774
0.6315459 -0.4521148 0.6275957 -7.607252 -24.28934 -14.66683
0.6344756 -0.4418609 0.6180742 -5.706489 -21.90003 -15.77369
0.6330108 -0.4328277 0.5958574 -4.660687 -19.83896 -16.78896
0.6303252 -0.4416167 0.5729082 -3.973664 -18.19774 -17.31568
0.6256866 -0.4469878 0.5353105 -3.721756 -16.72446 -17.89583
0.6227569 -0.4648101 0.5260332 -3.431679 -16.57179 -17.8882
0.6261748 -0.4877593 0.4911211 -5.202672 -16.26644 -17.22408
0.6176299 -0.5155913 0.4813554 -5.820992 -15.69392 -16.46072
0.619583 -0.5329253 0.4872148 -4.843893 -15.11377 -15.88056
0.6147002 -0.5417144 0.4745195 -3.385878 -14.68629 -15.24698
0.6010283 -0.5485503 0.4630449 -1.553817 -14.48782 -14.58285
0.5885772 -0.5580718 0.4469316 0.1103053 -14.25117 -14.22408
0.2484893 -0.4259917 0.4400957 -8.05 -1.922931 20.76066
0.2926787 -0.4067046 0.5812089 15.49199 3.267909 33.1347
0.2960967 -0.3857085 0.5921953 13.9042 3.542717 32.83699
0.2985381 -0.3698394 0.609041 13.23244 4.016 32.31028
0.3058623 -0.3588531 0.6188066 12.63702 4.725924 31.73775
0.3083037 -0.348355 0.6312578 12.72099 5.649588 30.58508
