-0.0002207011 2.163683 0.6583194 24.31814 -15.22763 -134.0671
0.007347658 2.163683 0.635126 22.66165 -28.44138 -163.5098
0.05202539 2.163683 0.5279483 12.92882 -27.58641 -184.1358
0.1062246 2.163683 0.4591006 -1.689496 -35.51008 -197.5175
0.1386953 2.163683 0.5079288 -20.65133 -41.01389 -206.7617
0.2126699 2.163683 0.5201358 -37.32308 -48.38031 -222.1892
0.3425527 2.163683 0.5799502 -59.84217 -54.41084 -236.1587
0.5088125 2.163683 0.657587 -82.77347 -56.23527 -248.5709
0.6487051 2.163683 0.7471866 -105.1704 -55.05206 -248.5709
0.7373281 2.163683 0.8106631 -128.0406 -51.64748 -248.5709
0.8352285 2.163683 0.8824405 -148.5903 -48.90702 -248.5709
0.9353262 2.163683 0.945917 -164.6895 -44.80779 -248.5709
1.042016 2.163683 0.9722842 -182.1704 -29.2887 -248.5709
1.116479 2.087816 0.9647159 -198.804 -26.48717 -248.5709
1.249535 1.933031 0.9207705 -211.1628 -17.07496 -248.5709
1.326684 1.802904 0.8944034 -224.4605 -11.99099 -248.5709
1.412133 1.661302 0.8497256 -236.9338 -2.403206 -248.5709
1.438256 1.543871 0.7987002 -248.2849 5.604427 -248.5709
1.490014 1.341966 0.6988467 -248.5139 15.17695 -248.5709
1.50393 1.167406 0.5631045 -248.5139 22.61206 -248.5709
1.530297 1.041429 0.3936709 -248.5139 29.52046 -248.5709
1.564965 1.00139 0.3975772 -248.5139 38.55863 -248.5709
1.448754 0.6849838 0.2813662 -248.5139 50.61969 -248.5709
1.377953 0.310228 -0.01941502 -248.5139 49.62733 -248.5709
1.273461 0.1454331 -0.06165135 -248.5139 43.95557 -248.5709
1.172387 -0.2788833 -0.06165135 -248.5139 46.42886 -248.5709
0.9399649 -0.4026626 -0.06165135 -248.5139 27.7113 -248.5709
0.08205469 1.58098 1.541132 23.66928 -72.67039 -107.4182
0.5464101 2.163683 2.704706 -248.5139 242.0395 -248.5709
0.1550527 2.163683 3.131952 -248.5139 183.5739 -248.5709
0.1211172 2.163683 2.511835 -248.5139 117.9785 -219.8152
0.3965078 1.907884 2.655878 -201.1246 37.43649 -170.0366
2.064904 1.019457 0.8231143 -66.34599 199.78 -248.5709
1.392357 1.58513 1.509149 -30.59789 205.4288 -248.5709
1.198754 1.511156 1.563349 -21.6895 182.3296 -248.5709
1.156762 1.409593 1.748407 -2.872703 176.1006 -248.5709
1.050561 1.2343 1.552118 -4.185679 144.1159 -248.5709
1.049096 1.060472 1.516962 13.76089 134.4288 -248.5709
1.162621 0.8688217 0.9659366 7.844855 119.7266 -248.5709
1.230248 0.8009506 1.093866 -23.8498 147.78 -248.5709
1.097924 0.8209702 0.8658389 -71.17041 145.7571 -248.5709
1.41018 0.5912338 0.227167 -108.1704 175.9479 -248.5709
1.408715 0.3856675 0.3072451 -96.43758 205.6502 -248.5709
1.066674 0.3412339 0.4090518 -100.5445 207.3296 -248.5709
0.8530508 0.2142807 0.2728213 -110.0635 197.1006 -248.5709
0.7578359 -0.03352198 0.2117862 -131.6971 173.3831 -248.5709
0.6811758 -0.3406509 0.1898135 -206.5063 173.5052 -248.5709
0.1570059 -0.2656997 0.09972561 -248.5139 116.2075 -248.5709
0.3354726 -0.7207779 -0.03772557 -248.5139 53.16168 -248.5709
0.424584 -1.649733 -0.06165135 -248.5139 76.00137 -248.5709
0.5312734 -1.528883 -0.06165135 -248.5139 115.2838 -248.5709
0.5378652 -1.836256 -0.06165135 -248.5139 115.2685 -248.5709
-0.1017832 -1.836256 -0.06165135 -248.5139 113.9021 -244.5022
-0.4101328 -1.836256 -0.06165135 -248.5139 96.39832 -203.9373
0.03005274 -1.836256 -0.06165135 -248.5139 123.5434 -121.922
-0.7304453 -1.836256 -0.06165135 -57.13224 130.2685 -177.7923
-0.9587168 -1.836256 -0.06165135 -69.22385 100.1617 -194.548
-0.9723886 -1.836256 -0.06165135 -71.36125 58.02428 -200.3724
-0.7182383 -1.836256 0.04015529 -98.68186 27.33725 -135.2656
-0.4755625 -1.836256 -0.06165135 -67.23911 37.19221 -157.2198
-0.653541 -1.836256 0.1199893 -50.71239 34.07771 -134.235
-0.6945567 -1.836256 0.1234072 -32.12461 22.14641 -120.7083
-0.6674571 -1.836256 0.2076358 -22.65896 20.03191 -109.3648
-0.7360606 -1.836256 0.1761416 2.661649 13.39832 -97.6854
-0.674293 -1.66194 0.2838076 25.44028 7.978473 -87.96784
-0.6047129 -1.528395 0.2423037 36.86012 3.146412 -79.49456
-0.5690684 -1.281813 0.2520694 47.57768 0.3448853 -67.14342
-0.705543 -1.202711 0.2906436 66.45554 -6.342137 -62.60143
-0.7568125 -1.024489 0.2672061 88.0815 -15.73145 -58.18922
-0.6601328 -0.8474869 0.2239932 99.68455 -27.44138 -65.50983
-0.6923594 -0.6348404 0.3179873 101.2494 -33.3345 -60.548
-0.6774668 -0.4978775 0.3255557 101.28 -45.23527 -55.5709
-0.6003184 -0.363356 0.3809756 98.81432 -52.76962 -48.17395
-0.6567149 -0.3794693 0.6102237 98.79142 -65.1513 -43.85334
-0.5905528 -0.332106 0.7686709 115.2265 -75.59405 -31.55564
-0.4311289 -0.1465591 0.7335147 123.1807 -59.91466 -49.21975
-0.4928965 -0.08454737 0.8663272 123.9975 -59.69328 -55.12815
-0.4719004 0.07048193 1.062372 118.9823 -73.43375 -49.88388
-0.2404551 0.204271 1.025019 88.66165 -73.47191 -66.60143
0.04055079 1.558519 1.756952 -12.02537 -51.51007 -24.44876
-0.2511973 -0.04499659 1.52453 -43.71239 -68.56351 -33.41059
-0.1376719 -0.05354151 1.537226 -43.93377 -61.42611 -39.03655
-0.09665625 -0.1170181 1.600214 -46.23148 -48.57878 -42.02892
-0.103248 -0.2127212 1.604608 -43.08644 -35.23527 -35.5251
-0.07150977 -0.1355728 1.795282 -53.95667 -21.12076 -42.12052
-0.08542578 -0.1983169 1.878534 -66.37652 -20.43374 -34.5022
-0.02439062 -0.2976821 1.918329 -66.78873 -7.32687 -24.88388
0.02053125 -0.4134048 1.947626 -57.05591 16.42886 -28.03655
-0.04904882 -0.3655532 2.01745 -53.55209 35.15405 -34.81517
-0.1193613 -0.3968032 2.034052 -46.53682 36.65023 -28.4335
-0.1994394 -0.5454849 1.96203 -32.85743 35.38305 -30.41059
-0.1498789 -0.4549087 2.007685 -20.72003 36.57389 -26.5938
-0.228248 -0.2993911 2.062128 -29.38415 32.23038 -19.48693
-0.1855234 -0.417311 2.150263 -31.36889 16.55099 -11.6396
-0.1994394 -0.517897 2.108515 -22.17041 8.138779 -14.70831
-0.1865 -0.4436782 2.130976 -14.69713 -6.555878 -13.83044
-0.1193613 -0.3777603 2.129999 -12.49866 -13.98336 -8.792275
-0.07639258 -0.3748306 2.112909 -7.895603 -15.46428 -5.616702
-0.01535742 -0.3260025 2.08996 4.020428 -14.92229 1.131389
0.02346094 -0.2327407 2.115839 6.776153 -5.586412 3.841313
0.05080469 -0.1382583 2.134638 7.982259 2.97084 11.93292
0.5205312 0.1859604 2.184687 -16.00247 24.34489 40.69628
0.3532949 -0.1265396 2.05456 -4.345985 63.20749 16.94055
0.3415761 -0.04768214 2.173212 5.440275 94.95557 -5.265557
0.1601797 0.03312841 2.277216 16.34867 86.10824 5.543603
0.231957 0.06364599 2.160028 34.54715 99.18458 -7.502199
0.501 0.3619858 2.090204 52.2647 105.7266 -2.883878
0.2268301 -0.1070083 2.116327 83.32578 137.3754 -16.18159
0.480248 0.6808334 2.366327 63.47081 140.0319 -13.77701
0.4087148 0.103685 2.153681 66.71509 141.4441 -7.731205
0.3218008 0.007493645 2.21789 94.60822 145.4212 -40.07471
0.5530019 0.3082749 2.492792 90.27997 151.8258 -35.76174
0.5473867 0.1346909 2.379267 83.2189 142.467 -16.73884
0.4929433 0.138353 2.446405 79.37157 157.8869 -47.18159
0.5344472 0.5109116 2.775507 31.99753 154.0777 -68.47929
0.666039 0.1700913 2.648554 26.60058 160.3831 -44.96785
-0.0939707 -0.9287857 1.490839 105.4708 -67.18183 -99.11288
-0.3141856 -0.9375748 1.100458 2.875389 35.96321 7.74971
-0.3144297 -0.9134048 1.100214 6.028061 33.13878 7.848947
-0.3075938 -0.8716568 1.10412 11.73035 30.36015 10.16956
-0.2812266 -0.8491959 1.098261 19.87539 27.28382 16.27643
-0.2980723 -0.8125748 1.116815 23.66165 23.94794 18.57414
-0.2892832 -0.8074478 1.140497 30.08913 20.29908 18.3375
-0.2487559 -0.7600845 1.178095 37.40211 17.87924 17.4978
-0.2096934 -0.7180923 1.232538 45.73035 14.78763 18.96345
-0.1803965 -0.6846451 1.291132 56.00516 13.55863 21.5207
-0.1354746 -0.6250748 1.354608 65.18073 12.52046 21.28406
-0.1161875 -0.582106 1.398554 72.42501 12.21511 19.65811
-0.08322851 -0.523024 1.480829 77.02043 12.57389 20.05505
-0.02463476 -0.5115494 1.538202 82.64639 14.35252 26.18482
-0.03244726 -0.4322036 1.634882 82.31814 17.45176 27.52834
-0.02024023 -0.3279556 1.648065 74.34867 18.7571 29.49017
0.07497461 -0.3728775 1.749628 69.99753 20.29908 32.12376
0.1543203 -0.3006118 1.816034 69.44028 26.62733 39.08559
0.113793 -0.2425064 1.881952 68.3334 29.7113 37.32986
0.1938711 -0.1944107 1.87414 70.21127 34.34489 40.07032
0.186791 -0.1123794 1.937616 71.59295 37.26855 41.74971
0.1987539 -0.0564712 1.981806 71.86776 42.06244 41.54361
0.3965078 -0.1140884 1.937128 80.79906 59.48229 13.24589
0.2556386 0.02775732 2.077509 87.05859 63.16168 4.26116
0.4590078 0.8121811 2.283319 21.71508 71.54336 76.28407
0.3547597 0.2484604 2.14953 26.95173 96.32198 43.73444
0.4341054 0.183519 2.200068 26.71508 108.1464 46.72681
0.4197011 0.192064 2.254999 32.27997 116.7876 44.58941
0.4934316 0.1361557 2.275995 40.20364 117.5434 59.06269
0.9074942 0.2714097 2.059198 41.77615 162.6044 65.60468
0.3908926 0.01896825 2.380732 42.41737 163.238 42.57414
0.6423574 0.1080796 2.288202 51.49371 176.3754 54.2688
0.5932851 -0.07722315 2.282831 71.37157 201.8105 29.58177
0.5534902 0.1527573 2.404169 83.29523 202.1922 36.91765
