-0.3761973 -0.09455713 1.451776 -7.559726 -10.30397 22.25353
-0.3505625 -0.08430323 1.489374 -7.437588 -9.662748 22.32986
-0.3261485 -0.08064112 1.512323 -6.689496 -8.685649 22.452
-0.2978281 -0.06110987 1.556024 -5.139878 -5.830688 20.19246
-0.2760996 -0.03132472 1.587763 -3.857435 -3.357405 18.35276
-0.2677989 0.01139989 1.608271 -2.20858 -1.258168 17.23826
-0.2480234 -0.006666512 1.644159 -1.552092 -0.5482445 14.84131
-0.2243418 0.006028801 1.669062 2.234168 2.703664 11.32986
-0.2272715 0.0282456 1.697382 2.341038 4.306717 9.245893
-0.2013926 0.01139989 1.701776 5.173099 6.673129 6.619939
-0.2001719 -0.01911768 1.727411 11.60821 8.39832 0.6428398
-0.1779551 0.01701513 1.757196 14.57768 11.14641 -1.624336
-0.2175059 0.02458349 1.765009 12.40974 16.45176 12.96345
-0.1977305 -0.1199478 1.770136 23.32577 26.81817 -13.5709
-0.151832 -0.07282862 1.809442 24.63875 24.61206 -16.08998
-0.1213145 -0.05964503 1.840448 28.05096 23.11588 -14.88388
-0.1420664 -0.1450943 1.817255 35.21127 27.79527 -18.4335
-0.07785742 -0.238356 1.924677 40.49371 27.24565 -17.35716
-0.02194922 -0.188063 1.827509 46.3334 42.52809 -16.37243
-0.06101172 -0.2376235 1.975458 46.62348 46.10825 -13.12052
-0.04221289 -0.2202896 2.002314 46.21127 44.98611 -14.34189
-0.01535742 -0.2139419 1.976923 42.69218 49.46702 -11.55563
0.04225977 -0.1524185 1.96496 32.60058 56.8945 -7.303725
0.0647207 -0.1634048 1.970331 20.69982 63.15405 -0.4029617
0.09255274 -0.1206802 1.961542 6.883023 69.23038 8.490168
0.1430898 -0.1145767 1.922968 -11.26202 78.63496 15.17719
0.1391836 -0.08552393 2.015009 -27.60553 84.68839 23.97108
0.1843496 -0.0498794 2.027704 -42.46812 88.61969 32.09322
0.2365957 0.01872411 2.035761 -55.20095 95.81053 38.68101
0.2807851 0.0529038 2.093622 -67.34599 104.6197 43.76498
0.3564687 0.09050146 2.112909 -76.033 119.1311 48.65047
0.3794179 0.1996323 2.16247 -85.41469 127.8334 52.92529
0.4577871 0.2269761 2.202265 -90.30019 136.5586 55.60467
0.6645742 0.5292221 2.389032 -101.0483 167.5663 51.49017
1.141381 0.1000229 2.224726 -70.67422 200.9708 35.79551
0.96975 0.4913804 2.310663 -73.97194 227.864 25.66574
0.8293692 0.5431381 2.50329 -70.60552 246.0243 10.66574
0.8918692 0.5216537 2.448114 -43.10171 246.0243 -3.517466
0.9658438 0.8685776 2.544794 -31.84217 246.0243 -4.693038
0.7014394 0.5809799 2.277948 -60.49102 231.0243 -9.326626
0.8423086 0.6256577 2.197626 -52.92614 246.0243 -20.21976
0.8459707 0.6752182 2.150019 -56.49102 246.0243 -28.90678
0.941918 0.6932846 2.083612 -57.54446 246.0243 -37.31136
1.006859 0.6891342 2.036249 -57.18568 246.0243 -45.15105
1.074975 0.6481186 1.96789 -57.78873 246.0243 -51.09762
1.120385 0.5482651 1.908319 -58.08644 246.0243 -57.14342
1.139184 0.496019 1.853388 -59.35362 246.0243 -61.55563
1.167504 0.4396225 1.778437 -62.12461 246.0243 -64.94495
1.210473 0.360521 1.694696 -63.39942 246.0243 -67.28846
1.27224 0.3072983 1.585321 -62.97194 246.0243 -68.98312
1.287377 0.285814 1.523554 -62.31545 246.0243 -69.69304
1.359887 0.2394272 1.460321 -62.20858 246.0243 -70.53273
1.333275 0.1967026 1.410273 -60.09407 246.0243 -72.12051
1.359154 0.1793686 1.319696 -56.8956 246.0243 -73.86861
1.380883 0.14348 1.258905 -53.6895 246.0243 -74.79227
1.389428 0.1202866 1.222528 -47.30782 246.0243 -76.36479
1.400414 0.1239487 1.189325 -42.81927 246.0243 -77.48693
1.457299 0.09709326 1.139521 -38.39178 246.0243 -79.88387
1.484643 0.07780614 1.131708 -31.63606 246.0243 -81.73884
1.498559 0.07609716 1.092646 -28.88797 246.0243 -84.08998
1.546166 0.01359716 1.048944 -23.85744 246.0243 -83.89151
1.507348 -0.01521143 1.035272 -15.38415 246.0243 -88.39532
1.661156 -0.06794581 0.984003 -9.040642 246.0243 -82.64723
1.624779 -0.06257472 0.9612979 -6.040641 246.0243 -80.29609
1.631615 -0.07917628 0.9158877 -2.742931 246.0243 -79.98312
1.652123 -0.1304458 0.709833 2.98226 246.0243 -78.6854
1.615258 -0.1988052 0.5567569 16.79142 246.0243 -79.34189
1.649438 -0.1026138 0.3685244 19.70745 246.0243 -83.47929
1.289086 -0.2317642 0.1771182 32.34104 246.0243 -78.71593
1.428979 -0.1404556 -0.06165135 28.81432 246.0243 -77.20449
1.24807 -0.07429347 -0.06165135 26.47844 246.0243 -80.25029
1.043969 -0.1704849 -0.06165135 32.54715 246.0243 -81.74648
1.108666 0.0751206 -0.06165135 12.13493 246.0243 -74.76174
0.9782949 -0.156813 -0.06165135 14.50898 246.0243 -77.88387
0.960961 -0.2671646 -0.06165135 21.51661 246.0243 -81.21976
0.7644277 -0.2993911 -0.06165135 33.76089 246.0243 -83.00601
0.7324453 -0.2718032 -0.06165135 38.40974 246.0243 -83.6625
0.5598379 -0.3360122 -0.06165135 40.98989 246.0243 -86.7999
0.7231679 -0.6853775 -0.06165135 27.32577 246.0243 -59.42586
0.6325918 0.09318701 -0.06165135 89.45554 246.0243 -97.01365
0.7082754 -0.3528579 -0.06165135 40.62348 232.3602 -76.98312
0.882836 -0.3506607 -0.06165135 37.91356 246.0243 -101.4946
0.3647695 -0.5100845 -0.06165135 38.34104 246.0243 -73.55563
0.3418203 -0.5457291 -0.06165135 19.51661 242.322 -83.83807
0.237084 -0.5432877 -0.06165135 8.844855 220.238 -63.25029
0.1997305 -1.046217 -0.06165135 14.02043 195.0701 -52.18922
0.9568106 -0.08405909 0.7249698 -39.39942 -69.79252 40.74971
0.6552969 -0.7310318 0.7471866 -14.93377 -82.29634 45.68864
0.6084219 -0.8184341 0.6981143 -12.68186 -82.18183 53.14666
0.5615469 -0.8780045 0.6390323 -10.49866 -83.0826 61.3375
0.5190664 -0.9185318 0.5523623 -8.750565 -86.19711 74.67338
0.4848867 -0.9654068 0.4786319 -6.544458 -89.1513 81.42147
0.4463125 -0.9705338 0.3880557 -4.979573 -94.43375 89.35277
0.4138418 -0.9688248 0.3231143 -5.116977 -100.7467 98.03979
0.3869863 -0.955397 0.2657412 -6.460488 -106.2811 105.3146
0.3828359 -0.9441666 0.2413272 -8.536824 -112.7773 113.7192
0.3926015 -0.9231705 0.2264346 -10.58263 -121.4337 121.1848
0.4048086 -0.9063248 0.232294 -11.99484 -129.4872 128.4673
0.4275136 -0.8843521 0.2574404 -12.76583 -137.3192 134.4444
0.4626699 -0.8523697 0.3118838 -13.36125 -144.7238 140.536
0.5031972 -0.8255142 0.3609561 -13.6895 -151.0521 146.597
0.5564199 -0.7923111 0.4525088 -13.25438 -156.8154 151.9863
0.6057363 -0.7490982 0.5340518 -11.68186 -161.4108 156.8413
0.6748281 -0.6905045 0.622919 -8.842168 -165.2658 162.994
0.7153554 -0.6739029 0.6922549 -6.116977 -168.6093 167.3375
0.7485586 -0.6431412 0.7447452 -4.033008 -170.6246 170.6276
0.7480703 -0.6233658 0.8160342 -1.544458 -173.2047 173.4138
0.7712636 -0.6136002 0.8812198 2.699817 -173.1131 175.5054
0.7768789 -0.6194595 0.923212 4.852489 -172.0673 178.8108
0.7854238 -0.6397232 0.9334659 5.913557 -170.136 183.3528
0.7878652 -0.6443619 0.9271182 6.432641 -168.8078 188.765
0.7895742 -0.6211685 0.8914737 6.00516 -167.136 194.0092
0.7881094 -0.5979752 0.8614444 1.722718 -165.9147 201.1619
0.7612539 -0.5659927 0.8204288 -0.1169771 -167.4414 207.4291
0.7322011 -0.5235123 0.7989444 -2.796367 -169.0444 213.9024
0.7253652 -0.4837173 0.789667 -3.155145 -170.7162 218.536
0.702416 -0.4126724 0.7603702 -2.31545 -173.1666 221.3986
0.7016836 -0.3411392 0.7298526 -1.727664 -176.4261 224.0016
0.7065664 -0.2635025 0.7095889 -0.2772825 -181.3879 225.8337
0.712914 -0.2066177 0.7266788 1.310504 -185.8612 227.3222
0.7087636 -0.1260513 0.7276553 1.234168 -189.3727 227.7726
0.7151113 -0.05964503 0.7491397 1.081496 -193.0139 227.2306
0.7290273 0.001145989 0.7501163 0.9059237 -196.2734 225.7497
0.7395254 0.03166357 0.7667178 1.295237 -199.6475 225.0322
0.7363515 0.05363622 0.761835 4.554779 -202.3574 221.9482
0.7588125 0.09098974 0.7838077 6.852489 -204.3879 220.0322
0.728539 0.1093003 0.7908877 9.096764 -207.4795 218.4978
0.7314687 0.126146 0.7725772 11.73798 -209.3498 215.9863
0.7322011 0.157396 0.7650088 13.60058 -211.4185 214.2841
0.7282949 0.1901108 0.7557315 15.57005 -214.3727 212.2001
0.7507558 0.2455307 0.7530459 15.11966 -216.3803 210.2841
0.7505117 0.2194077 0.7676944 22.52424 -218.6475 206.5436
0.7534414 0.2726304 0.751337 27.49371 -220.7391 203.2688
0.7585683 0.3356186 0.7488955 28.27234 -223.4948 200.6199
0.761498 0.4418198 0.7239932 29.99753 -225.1131 195.3909
0.7624746 0.4813706 0.7259463 30.52424 -232.6704 190.5894
0.8132559 0.4979722 0.7266788 31.55478 -231.2505 187.4673
0.8261953 0.5321518 0.7654971 29.81432 -236.1666 185.8413
0.8410879 0.6945053 0.8726748 19.92119 -239.0902 182.6734
0.9030996 0.6127182 0.8846377 7.49371 -243.3727 177.9558
0.9162832 0.6290756 0.9864444 6.173099 -251.6398 174.5054
0.9465567 0.6893784 1.145624 5.234168 -245.8689 166.2688
0.9460684 0.6407944 1.209345 -0.3307176 -245.1513 158.7192
0.9990469 0.6105209 1.261103 -7.658962 -220.7086 148.4062
0.8437735 0.7101303 1.487421 -15.41469 -230.9299 146.2153
0.9607168 0.6464096 1.565058 -21.51392 -223.5024 137.1467
0.9184805 0.5792709 1.707392 -19.17041 -214.9299 127.6963
0.9594961 0.5660873 1.727655 -11.91087 -207.6933 121.2459
0.8772207 0.4510972 1.735468 -6.452855 -190.5941 111.5589
0.7993398 0.4747788 1.963007 2.066229 -187.3345 107.7879
