1.219925 -0.233853 0.8939531 0.2019081 -22.28171 1.852259
1.225784 -0.2411772 0.904207 4.560687 -22.99163 0.6385193
1.211624 -0.249478 0.9200762 9.041603 -23.54125 -0.2851448
1.204544 -0.2555816 0.9234941 12.36985 -23.88476 -0.6210232
1.178909 -0.2509429 0.9332598 15.29351 -24.13667 -1.140106
1.170608 -0.2531402 0.9542559 17.25534 -23.70156 -1.147741
1.164017 -0.2463042 0.9618242 18.87366 -23.31988 -1.147741
1.150833 -0.240689 0.9747637 19.17901 -22.51072 -0.8729305
1.141312 -0.2377593 0.9852617 18.65229 -21.74736 -0.07903862
1.130813 -0.2316558 0.9903887 16.21718 -20.28934 0.7148552
1.113724 -0.2187163 1.006014 13.21718 -18.85423 1.592718
1.107864 -0.225064 0.9974688 10.07214 -17.44201 2.615618
1.095657 -0.2174956 1.015291 7.278244 -15.8466 3.409512
1.101761 -0.2257964 1.013826 5.476717 -14.37331 4.302641
1.10054 -0.2257964 1.009432 3.560687 -12.74736 5.249207
1.110062 -0.2231108 1.024324 1.67519 -11.60232 6.287374
1.109329 -0.2243315 1.012117 -0.08816814 -10.56415 7.378977
1.10762 -0.2257964 1.009676 -1.477481 -9.518351 8.165236
1.118118 -0.2253081 1.007967 -2.248474 -8.495451 8.890428
1.122513 -0.2282378 1.005037 -1.759924 -7.854229 9.600351
1.136185 -0.2248198 1.005037 -1.775191 -7.274076 10.08127
1.136917 -0.2231108 1.004061 -1.309542 -6.961099 10.82936
1.167679 -0.2157866 1.011385 0.2858777 -5.548885 12.1118
1.17305 -0.2091948 0.9974688 0.2858777 -5.182473 12.72249
1.173782 -0.202603 1.008211 -0.1950383 -4.816061 13.0889
1.18306 -0.2052886 1.019686 -1.622519 -4.220641 13.50875
1.178909 -0.1999175 1.021883 -3.973664 -3.648122 14.47821
1.188431 -0.1996733 1.026766 -6.599618 -3.17484 15.45531
1.194778 -0.1982085 1.020662 -9.569084 -2.327512 16.37898
1.16304 -0.1894194 1.024324 -14.29428 -1.68629 17.79882
1.16719 -0.2104155 1.000398 -17.17214 -2.510718 19.07363
1.175247 -0.2209136 1.015535 -15.08817 -1.564153 19.31027
1.164993 -0.2155425 1.027254 -14.27137 -0.373313 19.58508
1.152298 -0.2172515 1.029207 -11.63015 0.2984428 20.0431
1.144974 -0.2138335 1.023836 -10.30191 1.023633 20.20341
1.146194 -0.2055327 1.025545 -8.362977 1.840427 20.22631
1.151077 -0.1999175 1.030184 -6.851527 2.695389 20.46295
1.154251 -0.1762358 1.031404 -6.706489 4.20684 20.18814
1.14888 -0.1579253 1.031404 -6.935496 5.680122 19.60035
1.137894 -0.1361968 1.026766 -9.065268 6.496916 18.92096
1.137894 -0.1193511 1.032869 -12.47748 8.161037 18.52402
1.125198 -0.1220366 1.026766 -15.30954 9.817526 17.74539
1.123733 -0.1191069 1.033602 -16.40115 10.9244 16.82173
1.114212 -0.1195952 1.023103 -16.40878 12.58852 15.37134
1.114212 -0.1291167 1.020906 -15.56145 13.55799 13.49348
1.083938 -0.05831592 1.100496 -39.28664 3.405313 57.62325
1.139358 -0.05660694 0.9820879 15.46908 52.22974 0.6308861
1.119583 -0.1130034 0.9671953 23.32405 52.89386 -3.376747
1.125198 -0.09054249 0.9654863 24.86603 53.43585 -6.23171
1.144485 -0.07833545 0.9584063 27.29351 53.83279 -7.621023
1.128128 -0.09396046 0.9711016 24.74389 53.77173 -8.872931
1.135452 -0.08419483 0.9754961 23.52252 53.65722 -10.15537
1.133743 -0.100064 0.9725664 22.09504 53.93967 -11.18591
1.128372 -0.09811085 0.9872149 20.64466 54.29081 -12.35385
1.116165 -0.09493702 0.9820879 19.46908 54.26791 -13.934
1.121292 -0.09493702 0.9801348 17.59886 54.70303 -15.26988
1.126907 -0.09640186 0.9791582 15.43092 54.81753 -15.92637
1.12471 -0.09371632 0.9825762 12.79733 55.26791 -16.91873
1.136429 -0.107144 0.9872149 10.61412 55.93967 -17.62102
1.142776 -0.1090972 0.9713457 7.95 56.04654 -18.15537
1.157669 -0.1203276 0.9623125 6.835496 56.09234 -18.9569
1.177688 -0.1293608 0.9642656 5.385114 56.22211 -19.61339
1.189407 -0.1335112 0.9679277 3.972901 56.9702 -19.7508
1.193313 -0.1510894 0.9598711 4.308778 56.81753 -19.85766
1.206009 -0.1515776 0.9532793 5.514885 56.61142 -20.75843
1.212112 -0.1545073 0.9569414 7.858397 56.42058 -21.39202
1.219925 -0.1774565 0.9581621 12.49962 56.47402 -22.07141
1.226028 -0.1828276 0.9469316 22.30878 56.24501 -24.0027
1.23262 -0.17648 0.9547441 31.36222 55.49692 -25.34621
1.243606 -0.160855 0.9205645 35.69809 55.32898 -26.33095
1.261917 -0.1335112 0.909334 38.18664 54.49692 -26.70499
1.281937 -0.112271 0.9134844 37.59122 53.9015 -27.23934
1.279251 -0.101773 0.9195879 35.39275 53.9473 -27.62866
1.27388 -0.09908741 0.9205645 33.46145 54.61142 -28.33858
1.2668 -0.09908741 0.9208086 30.48435 54.56562 -28.8653
1.247024 -0.1034819 0.9090899 28.62176 53.0618 -29.26224
1.252396 -0.1037261 0.9081133 26.53015 51.53508 -29.8424
1.284866 -0.1025054 0.9252031 25.65993 51.75646 -30.63629
1.314896 -0.1098296 0.9278887 26.91947 51.35188 -32.05614
1.334915 -0.1232573 0.9278887 33.46908 50.19921 -34.69736
1.329544 -0.1281401 0.9205645 42.69809 49.39768 -38.43782
1.334915 -0.1488921 0.9166582 53.52252 48.55035 -42.06377
1.327591 -0.1576812 0.9090899 63.20954 47.00073 -46.47599
1.334183 -0.169644 0.9103106 71.58359 45.97783 -49.74316
1.331497 -0.1752593 0.9090899 77.98054 44.74119 -52.68973
1.335647 -0.1852691 0.897127 83.27824 43.16104 -55.19354
1.324417 -0.2016265 0.9073809 87.22481 42.16104 -57.46072
1.306106 -0.2150542 0.9061602 90.84313 41.07707 -58.85003
1.288284 -0.2360503 0.9098223 94.17138 39.88623 -60.16301
1.272415 -0.2485015 0.9166582 95.98817 39.19921 -60.76606
1.253616 -0.259732 0.9310625 96.66756 38.51982 -60.53706
1.238724 -0.2677886 0.9361895 95.43092 38.48165 -59.47599
1.21138 -0.2819488 0.9444902 93.20954 38.57325 -57.26225
1.19429 -0.2843902 0.9591387 91.20954 38.69539 -54.87293
1.178665 -0.2992827 0.9657305 87.36221 39.45111 -51.36148
1.175491 -0.3063628 0.9691484 82.9958 40.18394 -47.71263
1.17012 -0.3063628 0.973543 78.68282 40.62669 -42.97217
1.165726 -0.3022124 0.9818438 73.42329 40.42058 -37.9111
1.180618 -0.3168609 0.9886797 69.34695 39.98547 -32.36148
1.179886 -0.3217437 1.006258 68.17901 40.29844 -27.38438
1.189896 -0.3332183 1.017244 74.33932 40.61142 -24.21644
1.189651 -0.3234527 1.032869 82.72863 41.19921 -21.99507
1.187942 -0.320523 1.053621 92.52252 41.00073 -20.40728
1.189651 -0.3090484 1.050691 103.2553 41.35951 -19.25461
1.183304 -0.290982 1.063143 112.9118 41.44348 -18.29278
1.16597 -0.2707183 1.063631 121.8737 41.97783 -17.58285
1.152298 -0.2445952 1.074373 128.4385 42.23738 -16.96453
1.13179 -0.2116362 1.076082 133.1485 42.32135 -15.67446
1.11055 -0.1911284 1.074129 135.0416 43.07707 -14.39965
1.082474 -0.1603667 1.081209 134.492 43.8557 -13.0256
1.056106 -0.1308257 1.081453 131.8584 44.66486 -11.30041
1.023636 -0.1120269 1.089266 129.0721 45.35188 -9.514153
1.007278 -0.09689014 1.096102 125.805 46.60379 -7.949266
0.9882354 -0.08663624 1.09366 122.8126 47.50455 -6.101938
0.970169 -0.0798003 1.097322 119.5225 49.45111 -4.911098
0.9535674 -0.065396 1.070223 116.0187 50.77936 -2.689726
0.9269561 -0.04855029 1.063143 109.9882 51.86333 0.1576023
0.9186553 -0.03219287 1.028475 102.6294 51.74883 3.401878
0.9188994 -0.02218311 1.023103 95.93474 51.26791 6.409512
0.9235381 -0.0197417 1.024568 88.33168 51.54272 10.25684
0.9281768 0.0007661134 1.022859 81.39275 52.39768 13.44005
0.9267119 0.01199658 1.005281 75.82023 52.09234 16.60798
0.9254912 0.02273877 0.9918535 69.91946 50.98547 19.37898
0.9450225 0.03738721 0.9786699 63.79733 50.24501 22.1347
0.9745635 0.04104932 0.9818438 57.18664 49.58089 24.47058
1.015823 0.04788526 0.9647539 51.18664 48.28318 26.9286
1.040481 0.05081494 0.9628008 46.60649 46.82516 28.48585
1.07222 0.05276806 0.9545 44.0187 45.19157 28.61562
1.095657 0.05227978 0.9496172 43.04924 43.39005 28.01257
1.10762 0.05203564 0.9498613 43.0416 41.53508 26.49348
1.119339 0.05227978 0.938875 43.62175 39.46638 24.43241
1.127884 0.04495557 0.9374102 44.23244 37.13814 21.84463
1.126907 0.04080518 0.9381426 44.44618 35.33661 19.33318
1.125442 0.05374463 0.9374102 43.94236 33.13814 16.1118
1.13594 0.04349072 0.940584 42.93473 31.74882 12.92096
1.128128 0.0427583 0.9364336 41.59122 30.05417 9.859893
1.130569 0.0361665 0.9398516 39.87366 28.80989 6.554549
1.131058 0.03445752 0.9300859 36.95 27.016 3.737755
1.155472 -0.05196826 0.966707 13.49962 38.77173 12.05073
1.171585 -0.07735889 0.8963945 -17.01183 29.42821 12.18814
1.191116 -0.08541553 0.9156816 -9.798092 28.11524 11.72249
1.194778 -0.08712452 0.9129961 -4.401145 26.69539 11.17287
1.196487 -0.1044585 0.8751543 1.430916 23.52745 11.40188
1.19429 -0.09347218 0.8651445 6.84313 20.07707 11.21867
1.19136 -0.08443897 0.8868731 11.43092 17.31371 11.2034
1.203323 -0.07613819 0.8956621 16.19427 16.12287 10.62325
1.196243 -0.08541553 0.8993242 20.20954 15.09997 10.52402
1.195267 -0.05465381 0.890291 24.65229 14.22211 10.71486
1.173782 -0.08004444 0.9413164 29.40801 14.16104 9.272107
1.164017 -0.08541553 0.8934649 33.64465 13.38241 10.47821
