1.05928 -0.02901904 0.970125 -8.088168 -9.823694 35.40951
1.052933 -0.02462451 0.9593828 -4.973664 -7.79316 34.59272
1.051956 -0.01266162 0.9469316 -3.370611 -5.816061 33.85989
1.006546 0.004184082 0.9274004 -0.3706107 -5.533618 32.93623
1.003616 -0.2140776 0.8866289 -51.22557 57.29844 73.79119
0.9848174 -0.1884429 0.7953203 -54.36298 60.36715 90.24921
1.035354 -0.1950347 0.7977617 -52.75993 59.78699 93.59271
1.09053 -0.1820952 0.7662675 -48.57672 58.61142 95.61562
1.12886 -0.179898 0.7447832 -44.08817 56.00837 97.91333
1.178177 -0.174771 0.7352617 -39.92786 54.1076 100.066
1.20845 -0.1623198 0.7281816 -34.9584 51.57325 102.1423
1.254349 -0.1701323 0.6920488 -25.2103 48.88623 103.1423
1.237503 -0.1249663 0.6571367 -8.721756 44.24501 100.6767
1.198685 -0.1076323 0.6378496 9.820229 38.64196 97.2263
1.133499 -0.06856983 0.6564043 24.8126 33.75646 93.79882
1.068313 -0.02779834 0.6717851 36.77443 30.9702 90.56218
1.020462 -0.002163574 0.6864336 47.62939 27.88623 87.0202
0.9889678 0.01883252 0.6949785 54.53778 25.51218 83.24921
0.9472198 0.05984814 0.6974199 58.87366 23.35188 79.1805
0.9345244 0.05374463 0.6590898 56.30114 20.26791 75.78355
0.9230498 0.08719189 0.7176836 61.37748 14.50455 69.50875
0.9237823 0.1963227 0.7328203 54.55305 24.18394 64.02783
0.9386748 0.07278759 0.5931718 39.95763 17.0389 63.91333
0.9203643 0.07864697 0.6190507 39.19427 9.061802 58.78355
0.8456573 0.06180127 0.6468828 19.59886 8.573252 56.67669
0.9286651 0.07205517 0.5548418 14.67519 6.863328 52.74539
0.9503936 0.05398877 0.5416582 5.209542 -0.6633893 50.24921
0.9704131 0.0764497 0.6144121 -12.34008 -4.075603 48.11943
0.9591826 0.07742627 0.6319902 -21.1416 -5.625221 44.81409
0.9408721 0.0608247 0.6332109 -30.34008 -8.480183 42.46294
0.932083 0.059604 0.5992754 -44.10344 -10.46492 40.66905
0.935501 0.01126416 0.5890214 -47.72939 -15.06034 38.50875
0.9547881 -0.01461475 0.5939043 -45.26374 -18.06797 35.61562
0.9621123 -0.03048389 0.5773027 -40.37061 -19.73973 32.51638
0.9699248 -0.04415576 0.5277421 -29.9813 -23.51072 29.31028
0.9826201 -0.03585498 0.5038164 -20.45458 -27.44202 26.34844
0.9892119 -0.03243701 0.4972246 -10.03473 -30.88476 23.24921
1.009231 -0.02779834 0.4862382 -0.3935118 -34.44965 20.25684
0.9960479 -0.0107085 0.4630449 5.888931 -38.8466 17.73775
0.9992217 0.01663525 0.4620683 9.003435 -43.41911 15.44005
1.007767 0.03934033 0.496248 8.400381 -46.81606 12.81409
1.012161 0.04739697 0.511873 6.156106 -49.66339 10.54692
1.009476 0.04666455 0.544832 1.644657 -52.13667 8.043099
1.008499 0.04495557 0.5770586 -3.569084 -54.48018 5.317908
1.018021 0.04129346 0.5919511 -8.782825 -55.984 2.775923
1.015823 0.0271333 0.6283281 -12.61489 -57.38094 -0.2088089
1.023392 0.01321728 0.6427324 -16.08053 -58.68629 -2.895832
1.02681 -0.005825684 0.6634843 -18.89733 -59.77026 -5.903465
1.032669 -0.0209624 0.6705644 -21.69122 -61.20537 -8.491251
1.035599 -0.03805225 0.6878984 -24.99656 -61.73972 -10.70499
1.043655 -0.05563037 0.7125566 -28.82099 -62.48018 -12.87293
1.050247 -0.07076709 0.7203691 -32.98893 -63.08324 -14.25461
1.060501 -0.09078663 0.734041 -37.13397 -63.48018 -15.0485
1.09053 -0.1093413 0.7455156 -41.11871 -63.74736 -15.80423
1.12056 -0.1293608 0.7567461 -44.52328 -63.62522 -15.81186
1.148147 -0.1391265 0.7723711 -48.22557 -63.58705 -15.51415
1.160599 -0.1650054 0.794832 -50.64542 -63.06797 -15.26988
1.183792 -0.1789214 0.8111895 -51.9126 -62.22064 -14.45308
1.19429 -0.1864898 0.8336504 -51.66069 -61.15194 -14.01797
1.203567 -0.1989409 0.8600176 -49.78283 -60.1214 -13.46072
1.188431 -0.2045562 0.8668535 -47.33244 -58.91529 -12.87293
1.186478 -0.2096831 0.8890703 -43.8897 -57.02217 -12.55232
1.165726 -0.2030913 0.9032305 -40.13397 -55.28171 -12.13247
1.139358 -0.2030913 0.9205645 -36.27137 -52.90003 -12.12484
1.127151 -0.2116362 0.9325274 -32.69122 -51.06797 -11.88056
1.112015 -0.2084624 0.9469316 -28.56908 -48.8466 -11.20881
1.100784 -0.2123687 0.9637774 -24.29428 -46.78553 -10.85766
1.092728 -0.216519 0.9762285 -19.98893 -44.69392 -10.40728
1.094681 -0.2135894 0.9862383 -15.94313 -42.58705 -10.14011
1.089554 -0.2126128 0.9977129 -12.9584 -40.55652 -9.163008
1.089798 -0.2118804 1.002107 -11.24084 -38.56415 -8.277512
1.060257 -0.1393706 1.036287 -19.69885 -39.99163 -4.781328
1.082718 -0.2162749 1.092928 -17.62252 -34.19774 -4.682091
1.1147 -0.2135894 1.12198 -18.08817 -30.8466 -3.598122
1.089065 -0.2155425 1.110506 -19.62252 -27.9153 -0.8042297
1.082229 -0.20773 1.108064 -20.11107 -24.9382 0.1194344
1.08638 -0.2297026 1.123445 -15.74466 -21.47255 0.7377548
1.075638 -0.2304351 1.115389 -12.44695 -18.12904 1.455313
1.081741 -0.2301909 1.10782 -9.828627 -15.73973 2.333176
1.084671 -0.2331206 1.094881 -7.393512 -13.10614 3.638519
1.088089 -0.2333647 1.084871 -5.981298 -10.17484 4.57745
1.082474 -0.2209136 1.078279 -6.851527 -7.350412 6.783557
1.08345 -0.2223784 1.057283 -9.393512 -4.663389 8.66142
1.079544 -0.2170073 1.053865 -12.98893 -2.312244 10.95913
1.069046 -0.2131011 1.035066 -17.40878 0.2679083 13.72249
1.054397 -0.2162749 1.013582 -21.66069 2.542717 15.92096
1.059524 -0.2221343 0.9982012 -24.98893 4.512183 18.34081
1.06514 -0.2331206 0.9986895 -27.79809 6.641954 20.41714
1.067825 -0.2565581 0.9728106 -29.56145 8.382412 22.66142
1.065628 -0.2619292 0.9452227 -31.50038 9.435848 24.73775
1.070511 -0.2687652 0.9432695 -33.05 10.86333 27.01257
1.070999 -0.275357 0.9308184 -34.38588 12.64959 29.63089
1.069534 -0.2914702 0.9149492 -34.20267 14.89386 31.42478
1.065872 -0.3002593 0.8924883 -34.23321 16.09997 33.34081
1.058548 -0.3051421 0.8788164 -32.33244 17.85569 34.50875
1.02681 -0.2336089 0.8431719 -37.33244 4.367145 36.87516
0.93721 -0.1154448 0.7030351 12.51488 -7.213007 37.39425
0.9572295 -0.1186187 0.7018144 9.789696 -8.831328 38.24157
0.9669951 -0.1117827 0.6949785 8.698092 -11.1214 39.18814
0.9669951 -0.08126514 0.6883867 1.469084 -13.43438 41.74539
0.9748076 -0.07882373 0.6998613 -6.355344 -17.15957 43.69958
0.9928741 -0.07882373 0.7555254 -13.01183 -18.99163 44.89806
1.030716 -0.09176319 0.7843339 -14.21794 -18.0527 45.24921
1.026077 -0.1007964 0.7831132 -12.78282 -17.51835 45.29501
1.032913 -0.1254546 0.779207 -10.30954 -17.97637 44.44768
1.012894 -0.06930225 0.7755449 -10.17214 -19.90003 43.68432
1.026565 -0.1247222 0.7884843 -4.340076 -17.60232 42.55455
1.018753 -0.09054249 0.7699296 -2.72939 -17.43438 40.81409
1.004593 -0.05978076 0.7455156 -3.721756 -17.90766 40.32554
0.9965362 -0.04366748 0.7579668 -8.393512 -19.56415 40.25684
1.009964 -0.03439014 0.7818925 -16.05 -20.14431 40.25684
1.018997 -0.04537646 0.8363359 -19.50801 -18.8924 39.44768
1.013626 -0.07369678 0.8461016 -22.08053 -17.51835 38.58508
1.013138 -0.07516162 0.8429277 -23.73702 -17.34278 37.47821
1.001419 -0.08126514 0.8512285 -24.51565 -17.0985 36.55455
1.00386 -0.08834522 0.8741777 -25.1416 -16.20537 35.43241
1.001419 -0.09249561 0.8827227 -25.30954 -14.95347 34.62325
1.004837 -0.09249561 0.8880938 -25.58435 -13.97637 33.49348
1.005081 -0.09762257 0.8900469 -25.13397 -12.76263 32.32554
1.007278 -0.09225147 0.9056719 -23.62252 -11.41912 30.85226
0.998001 -0.09103077 0.9186113 -21.21794 -9.777893 29.24921
0.9901885 -0.09103077 0.928377 -18.01183 -8.220641 27.34081
0.9879912 -0.08443897 0.9247149 -14.22557 -6.129038 24.94386
0.980667 -0.07809131 0.9237383 -9.614885 -4.113771 22.19577
0.982376 -0.07491748 0.9178789 -5.088168 -2.106138 19.20341
0.9887237 -0.07369678 0.9134844 -2.034733 0.02363348 16.25684
1.006302 -0.06051319 0.9022539 -0.9125957 2.20684 14.08127
1.041946 -0.07076709 0.9088457 -1.851527 4.229741 12.43241
1.086136 -0.08834522 0.8851641 -2.912596 5.443481 11.33318
1.124954 -0.1093413 0.8751543 -2.790458 6.641954 10.48585
1.166458 -0.1271636 0.8673418 -0.2332063 7.390046 9.753023
1.182815 -0.1447417 0.8448809 3.789694 7.580885 8.966763
1.191849 -0.1391265 0.8299883 7.881298 7.657221 8.607985
1.188919 -0.1288726 0.8160723 9.324047 6.687756 9.004931
1.180374 -0.127896 0.8099688 9.140841 5.962565 9.928596
1.153519 -0.1117827 0.8160723 -2.401145 1.657221 16.38661
1.140579 -0.1132476 0.8143633 -5.095801 0.5198169 18.65379
1.124222 -0.1125151 0.8334063 -6.515649 -0.9076642 20.77592
1.106155 -0.1103179 0.8343828 -7.149237 -2.052702 22.64615
1.093948 -0.1054351 0.8426836 -8.088168 -3.182473 24.37898
1.076126 -0.09786671 0.8675859 -8.607252 -3.922931 26.32554
1.064651 -0.09200733 0.8714922 -9.355344 -4.602321 27.83699
1.057327 -0.08199757 0.8788164 -9.630153 -4.785527 29.19577
1.043411 -0.08321827 0.8890703 -10.06527 -5.022168 30.66905
1.044144 -0.07174366 0.9015215 -10.9126 -5.106137 31.43241
1.024856 -0.07149951 0.9029863 -11.59962 -4.846596 32.34081
1.007034 -0.05367725 0.9029863 -12.30191 -4.106137 32.59272
0.9999541 -0.05074756 0.9064043 -12.59962 -3.777893 32.65379
0.9955596 -0.05318897 0.9117754 -11.87443 -3.220641 31.86753
0.9828643 -0.04342334 0.9173906 -11.53092 -2.006901 30.83699
