0.8006021 -0.4092402 0.8314619 207.8035 -58.84306 251.8109
0.7569009 -0.372619 0.8448896 188.9791 -55.3087 251.8109
0.7283364 -0.3848261 0.8446455 182.2539 -53.04153 251.8109
0.7503091 -0.4024042 0.8295088 173.1394 -51.04153 251.8109
0.8338052 -0.4773554 0.8287764 170.3073 -49.05679 251.8109
0.9099771 -0.5283808 0.8387861 169.7119 -47.01099 251.8109
0.9751626 -0.5071405 0.8290205 167.0554 -42.82015 251.8109
1.050358 -0.5127558 0.8048506 166.0173 -41.78198 251.8109
1.126286 -0.5120234 0.7945967 169.8112 -39.27817 251.8109
1.217594 -0.4673456 0.7894697 172.0631 -37.44611 251.8109
1.286686 -0.4302362 0.7589521 176.9104 -35.56061 251.8109
1.333317 -0.3662714 0.7572432 181.5516 -34.49191 251.8109
1.364811 -0.3713983 0.7714033 190.2539 -31.29343 251.8109
1.384586 -0.3145136 0.7355146 201.5058 -26.34687 251.8109
1.487125 -0.1704706 0.6378584 212.0936 -24.2858 251.8109
1.489567 -0.05328308 0.5790205 224.5669 -22.73618 251.8109
1.546696 0.06146301 0.4911299 230.8188 -22.58351 251.8109
1.459293 0.2804571 0.3514814 235.6738 -26.65985 251.8109
1.601139 0.3920294 0.295085 241.6661 -26.1942 251.8109
1.635563 0.6679083 0.09025097 258.6814 -27.73618 251.8109
1.535465 0.6625372 -0.008625984 268.8722 -38.65221 251.8109
1.596256 0.656922 -0.05916309 260.1776 -44.36977 251.8109
1.6236 0.7289434 -0.1241045 260.0936 -51.59114 251.8109
1.646061 0.7953497 -0.1077471 247.2921 -55.43847 251.8109
1.735661 0.8436895 -0.1446123 241.1776 -58.53008 251.8109
1.770084 0.8859259 -0.1558428 223.2234 -67.92702 251.8109
1.871647 0.9750372 -0.1241045 210.3455 -74.91939 251.8109
1.998356 1.018983 -0.05330372 190.2081 -80.27817 251.8109
2.05817 0.9926153 -0.05061817 177.9028 -85.81252 251.8109
2.155338 1.117371 0.04044628 164.9638 -93.81252 251.8109
2.289799 1.144471 0.2369795 164.7883 -97.01863 251.8109
2.289799 1.031922 0.4054365 173.5058 -106.9652 251.8109
2.289799 1.30951 0.3675947 169.8417 -92.35451 251.8109
2.289799 1.430359 0.3768721 152.8188 -93.75145 251.8109
2.289799 1.568299 0.4574385 172.6814 -91.36977 251.8109
2.289799 1.721619 0.4950361 186.9257 -87.62932 251.8109
2.289799 1.974061 0.289958 194.8417 -78.30107 251.8109
2.289799 2.224976 0.333415 204.9638 -79.47664 251.8109
2.289799 2.224976 0.2289228 216.9028 -66.98809 251.8109
2.289799 2.224976 0.04264355 212.7577 -61.44611 251.8109
2.289799 2.224976 -0.1409502 211.0631 -62.72092 251.8109
2.289799 2.224976 -0.2503252 207.6509 -70.01099 251.8109
2.289799 2.224976 -0.2605791 186.4218 -74.82779 251.8109
2.289799 2.224976 -0.2605791 168.8722 -77.89648 251.8109
2.289799 2.224976 -0.2605791 137.7501 -83.63695 251.8109
1.95612 2.224976 -0.2605791 117.9333 -89.31633 251.8109
1.895817 2.224976 -0.2425127 21.72719 -125.9652 122.1315
1.866276 2.224976 -0.05843067 -9.89113 -136.6446 65.03991
2.029362 2.224976 0.4054365 -9.372046 -138.4385 -29.71582
1.917301 2.224976 0.574626 -38.34151 -125.8507 -99.75398
1.9007 2.224976 0.8566084 -60.80716 -122.9041 -185.7998
1.992985 2.224976 0.9899092 -89.73846 -113.5988 -248.4563
2.267155 2.224976 1.102946 -117.6621 -106.9423 -248.4563
2.289799 2.224976 1.179851 -140.4178 -92.20183 -248.4563
2.289799 2.224976 1.266276 -146.9369 -76.1026 -248.4563
2.289799 2.224976 1.167399 -145.0514 -59.38504 -248.4563
2.289799 2.224976 1.054606 -161.8606 -46.3316 -248.4563
2.289799 2.224976 0.9376631 -179.1888 -35.52245 -248.4563
2.289799 2.224976 0.9193525 -200.1583 -25.2171 -248.4563
2.289799 2.224976 0.8053389 -216.5247 -10.97283 -248.4563
2.289799 2.224976 0.7108564 -230.6163 3.324884 -248.4563
2.289799 2.224976 0.7115889 -230.6163 16.65313 -248.4563
2.289799 1.813416 0.7086592 -230.6163 28.63023 -248.4563
2.289799 1.496766 0.6749678 -230.6163 52.14931 -248.4563
2.289799 1.203309 0.6068525 -230.6163 74.34015 -248.4563
2.289799 1.030213 0.5270185 -230.6163 92.73711 -248.4563
2.289799 0.8065802 0.3678389 -230.6163 118.6302 -248.4563
2.289799 0.5629278 0.2518721 -230.6163 143.6913 -248.4563
2.289799 0.3656622 0.1002607 -230.6163 164.1188 -248.4563
2.289799 0.02362122 -0.06624317 -230.6163 201.8287 -248.4563
2.289799 -0.07037292 -0.00301075 -230.6163 214.1035 -248.4563
2.289799 -0.2766718 -0.2056475 -230.6163 231.0959 -248.4563
2.289799 -1.774963 -0.2605791 -230.6163 231.0959 -248.4563
1.146061 -1.774963 1.08488 269.6508 -257.2705 249.4598
1.201969 -1.774963 1.195231 269.6508 -239.011 251.8109
1.263004 -1.465637 1.220866 269.6508 -218.1866 251.8109
1.257145 -1.142883 1.230144 269.6508 -198.5606 251.8109
1.291081 -1.053771 1.204997 269.6508 -177.324 251.8109
1.235661 -0.882873 1.154216 269.6508 -154.782 251.8109
1.205143 -0.7070917 1.034343 269.6508 -140.7591 251.8109
1.22736 -0.5579218 0.9086103 269.6508 -124.8049 251.8109
1.268864 -0.5073847 0.8736982 269.6508 -118.6293 251.8109
1.259831 -0.3704218 0.8878584 269.6508 -106.0034 251.8109
1.293522 -0.3313593 0.8358564 269.6508 -93.83542 251.8109
1.328922 -0.2185663 0.7858076 269.6508 -84.47664 251.8109
1.378971 -0.2063592 0.7589521 269.6508 -74.93466 251.8109
1.387028 -0.1375116 0.7394209 269.6508 -66.78198 251.8109
1.403385 -0.08941589 0.7023115 269.6508 -57.84306 251.8109
1.447575 -0.01446472 0.6593428 269.6508 -48.86596 251.8109
1.463688 0.06243958 0.6085615 269.6508 -38.89649 251.8109
1.487614 0.1417853 0.4928389 269.6508 -30.82779 251.8109
1.501774 0.1227423 0.4276533 269.6508 -28.31634 251.8109
1.640446 0.262879 0.2628584 269.6508 -33.68275 251.8109
1.486149 0.4408575 0.3971357 269.6508 -17.2629 251.8109
1.523258 0.5521856 0.2176924 269.6508 -14.84305 251.8109
1.480045 0.5895391 0.1329756 269.6508 -19.91939 251.8109
1.525456 0.747254 0.1249189 263.605 -22.01863 251.8109
1.607243 0.6679083 0.1212568 262.7119 -20.37741 251.8109
1.550114 0.8319708 0.04972363 241.0936 -24.49954 251.8109
1.582584 0.8541876 0.06730175 236.3226 -28.81252 251.8109
1.617252 0.789002 0.03263378 226.2539 -29.37741 251.8109
1.622624 0.8395391 -0.07210255 226.544 -35.1713 251.8109
1.64484 0.9340216 -0.1326494 228.0325 -42.41557 251.8109
1.670963 0.9721075 -0.1155596 230.2386 -49.49191 251.8109
1.76984 1.039246 -0.1265459 244.3684 -54.15603 251.8109
1.790104 1.05243 -0.1175127 265.6203 -74.11023 251.8109
1.607975 1.484559 -0.1868486 249.9867 -64.3087 251.8109
1.773747 1.603211 -0.2295732 258.2997 -81.56824 251.8109
1.897038 1.684998 -0.2400713 269.6508 -88.0797 251.8109
1.934391 1.731873 -0.2605791 269.6508 -89.44611 251.8109
1.941715 1.950867 -0.2605791 269.6508 -96.58351 251.8109
1.978092 1.938904 -0.2605791 269.6508 -106.3163 251.8109
2.075748 2.224976 -0.2605791 269.6508 -125.8583 251.8109
2.18195 2.224976 -0.2605791 269.6508 -121.782 251.8109
2.289799 2.224976 -0.2605791 269.6508 -122.2476 251.8109
2.289799 2.224976 -0.2002764 263.9562 -112.9576 251.8109
2.289799 2.224976 -0.2180986 246.773 -110.6293 251.8109
2.289799 2.224976 -0.1778154 222.4142 -115.1713 251.8109
2.223698 2.224976 -0.06966114 195.7577 -123.6828 251.8109
2.289799 2.224976 0.06241894 154.8951 -112.866 251.8109
2.119694 2.224976 0.2330732 126.7425 -102.7285 251.8109
2.212223 2.224976 0.3583174 106.2081 -78.72855 247.6353
2.084293 2.224976 0.5565596 85.96384 -64.05679 209.2308
2.079899 2.224976 0.5350752 49.87223 -54.43084 174.2613
2.052799 2.224976 0.6005049 29.72719 -45.56824 131.1315
2.017643 2.224976 0.5914717 7.757725 -35.53008 84.45975
1.984196 2.224976 0.6693525 0.5058174 -28.92702 25.82617
1.884098 2.224976 0.7045088 -10.50945 -16.30107 -36.12803
1.7215 2.224976 0.6652021 -18.0667 -7.62168 -91.77689
1.629215 2.224976 0.5785322 -35.62395 -2.59878 -147.5784
1.54401 2.224976 0.5177412 -54.76899 -2.24 -202.3189
1.535709 2.224976 0.4664717 -77.00563 1.27145 -248.4563
1.722233 2.224976 0.414958 -101.8301 2.027176 -248.4563
1.929264 2.224976 0.3981123 -118.1201 3.416489 -248.4563
2.167301 2.224976 0.34196 -126.8988 6.523357 -248.4563
2.289799 2.224976 0.2992353 -138.4484 6.943205 -248.4563
2.289799 2.224976 0.2963057 -144.2423 7.508091 -248.4563
2.289799 2.224976 0.295085 -156.8911 9.714197 -248.4563
2.289799 2.224976 0.3182783 -164.7766 12.95084 -248.4563
2.289799 2.224976 0.2836103 -183.8301 12.67603 -248.4563
2.289799 2.224976 0.4090986 -197.4942 16.92794 -248.4563
2.289799 2.036317 0.4935713 -210.8148 25.05771 -248.4563
2.289799 1.882264 0.5248213 -220.5553 35.26382 -248.4563
2.289799 1.678406 0.4850264 -230.6163 45.03481 -248.4563
2.289799 1.487 0.4962568 -230.6163 56.43939 -248.4563
2.289799 1.303162 0.4381514 -230.6163 70.58443 -248.4563
2.289799 1.155701 0.3712568 -230.6163 85.55389 -248.4563
2.289799 1.042176 0.2662764 -230.6163 102.4394 -248.4563
2.289799 0.8161016 0.2306318 -230.6163 127.2791 -248.4563
2.289799 0.6390997 0.03654003 -230.6163 142.6302 -248.4563
