1.13601 -0.04279932 3.006708 27.0815 224.6884 -110.861
1.296898 -0.03083643 2.992304 27.0357 243.2762 -120.174
1.398949 -0.03791651 3.027704 31.50134 246.0243 -117.6167
1.413842 -0.1492446 3.006464 37.3105 246.0243 -122.8457
1.477563 -0.1636489 2.892206 37.50898 246.0243 -136.5938
1.534691 -0.2415298 2.960077 44.50898 246.0243 -145.1205
1.603051 -0.2527603 2.994501 52.66165 246.0243 -141.2045
1.58767 -0.2740005 2.982294 48.69218 246.0243 -143.3419
1.738305 -0.3045181 2.850458 43.73798 246.0243 -136.7541
1.797387 -0.2532485 2.584345 35.60058 246.0243 -125.1663
1.786156 -0.3748306 2.441034 42.27234 246.0243 -127.8228
1.812279 -0.3762954 2.261347 36.34867 246.0243 -129.403
1.807397 -0.3697036 2.076777 39.03569 246.0243 -133.1969
1.834984 -0.3264907 1.925409 37.39447 246.0243 -124.8915
1.751244 -0.4199966 1.762079 35.60058 246.0243 -129.1892
1.83474 -0.3482193 1.560175 32.20363 246.0243 -133.8228
1.818871 -0.3560318 1.365106 30.51661 246.0243 -129.9678
1.710229 -0.4019302 1.256708 23.2876 246.0243 -136.3572
1.643822 -0.2461685 1.472528 5.028061 246.0243 -142.0518
1.850121 -0.191481 1.089228 -22.79637 246.0243 -138.3495
1.594506 -0.5266861 0.9517764 -26.79637 246.0243 -120.8686
1.824242 -0.6314224 0.4061221 -27.38415 246.0243 -141.3648
1.66848 -0.6621841 0.6602725 -30.96431 246.0243 -160.7465
1.783227 -0.4937271 0.5020694 -33.26202 246.0243 -130.9526
1.883568 -0.6067642 0.3560733 -32.81163 246.0243 -88.4564
1.91018 -0.6597427 0.230585 -38.51392 246.0243 -92.81517
1.82473 -0.6094498 0.2628115 -48.62079 246.0243 -76.54037
1.719506 -0.6284927 0.02868068 -57.53682 246.0243 -60.11288
1.701928 -0.4966568 -0.02063572 -59.01011 246.0243 -54.5022
1.726098 -0.549147 -0.04724705 -59.29255 246.0243 -51.80754
1.699242 -0.6033463 -0.06165135 -41.93377 246.0243 -54.25029
1.628441 -0.5142349 -0.06165135 -20.18568 246.0243 -58.60143
1.564232 -0.5623306 -0.06165135 4.455542 246.0243 -65.38006
1.651391 -0.5430435 -0.06165135 31.85249 246.0243 -97.54037
1.453393 -0.6929459 -0.06165135 69.99753 246.0243 -117.9755
1.552758 -0.1795181 -0.06165135 85.70745 246.0243 -135.7388
1.396264 -0.2139419 -0.06165135 95.0815 246.0243 -141.8075
1.726586 0.01335302 -0.06165135 68.45554 246.0243 -118.1587
1.412133 -0.1038345 -0.06165135 62.31814 246.0243 -89.92968
1.026147 -0.3872818 -0.06165135 70.70745 246.0243 -94.09762
0.9846426 -0.5012955 -0.06165135 79.63112 246.0243 -97.81517
0.8860098 -0.5747818 -0.06165135 88.13493 246.0243 -129.1053
0.6379629 -0.4993423 -0.06165135 92.15783 246.0243 -93.85334
0.6428457 -0.4168228 -0.06165135 53.29524 246.0243 -136.7465
0.5754629 -0.4878677 -0.06165135 25.92883 246.0243 -109.548
0.4699941 -0.9478287 -0.06165135 46.81432 233.6579 -111.9831
0.4082265 -0.6546158 -0.06165135 34.40211 217.5357 -109.7236
0.4197011 -0.7183365 -0.06165135 19.22654 193.5357 -96.21212
0.4306875 -0.7642349 -0.06165135 20.51661 178.4365 -93.50983
0.5041738 -0.738356 -0.06165135 16.32577 164.7037 -89.07471
0.5246816 -0.7168716 -0.06165135 13.18837 150.9937 -82.7541
0.5844961 -0.6978287 -0.06165135 13.23417 139.7876 -79.60907
0.5920644 -0.6580338 -0.06165135 10.1044 128.2762 -74.81517
0.5991445 -0.6419205 -0.06165135 8.371572 118.2838 -71.18159
0.6655508 -0.6101822 -0.06165135 3.196 109.1922 -66.98312
1.311303 0.166185 1.134394 -41.14751 246.0243 3.306962
0.7851797 0.04020849 -0.06165135 -55.32308 246.0243 -18.44876
0.6714101 -0.07722315 -0.06165135 -49.04827 246.0243 -7.845709
0.6494375 -0.07771143 -0.06165135 -48.33835 246.0243 -11.97548
0.5605703 -0.1031021 -0.06165135 -52.06354 246.0243 -7.303725
0.6379629 -0.2976821 -0.06165135 -37.48339 246.0243 -25.75411
0.5110097 0.1947495 -0.06165135 -31.01011 246.0243 7.474901
0.542748 -0.06623682 -0.06165135 -20.15514 246.0243 -9.128153
0.4365469 0.05314794 -0.06165135 -9.567359 235.5586 -20.28082
0.4875722 0.1041733 -0.06165135 3.211267 217.467 -22.79227
0.4677969 0.08390966 -0.06165135 17.74562 207.8563 -32.25029
0.4477773 0.1154038 -0.06165135 28.86012 190.9174 -37.7541
0.4370351 0.122728 -0.06165135 33.93646 179.1617 -43.777
0.3821035 0.06340185 -0.06165135 35.67692 166.1769 -47.4793
0.3591543 0.000901848 -0.06165135 32.51661 153.3067 -48.05182
0.3401113 -0.07063136 -0.06165135 24.89066 140.6884 -46.57853
0.3139883 -0.151686 -0.06165135 15.56241 127.7189 -43.01365
0.3017812 -0.2198013 -0.06165135 5.371572 113.9174 -36.43349
0.2939687 -0.3067153 -0.06165135 -4.475756 99.32961 -28.90678
0.3098379 -0.3750747 -0.06165135 -12.33072 87.10061 -22.31899
0.3193594 -0.422438 -0.06165135 -18.08644 74.57389 -15.79991
0.3598867 -0.455397 -0.06165135 -24.17805 64.01664 -9.830443
0.3801504 -0.4680923 -0.06165135 -27.6666 52.63496 -2.998382
0.4240957 -0.4600357 -0.06165135 -29.81927 43.34489 1.871847
0.4690176 -0.4458755 -0.06165135 -29.36889 34.84107 5.421466
0.4988027 -0.4290298 -0.06165135 -27.43759 27.23801 7.383298
0.5058828 -0.3931411 -0.06165135 -25.58262 20.15405 8.467267
0.5105215 -0.3777603 -0.06165135 -24.8269 14.63496 8.978718
0.4961172 -0.3921646 -0.06165135 -26.93377 4.566259 11.02452
0.5168691 -0.4160903 -0.06165135 -28.58262 -2.059695 12.20772
0.4990469 -0.4373306 -0.06165135 -31.6895 -9.578779 14.73444
0.4985586 -0.4771255 -0.06165135 -35.62843 -18.1284 17.4291
0.4692617 -0.5103287 -0.06165135 -39.19331 -28.04443 20.36803
0.4829336 -0.547438 -0.06165135 -43.90324 -37.75435 23.41383
0.4988027 -0.5791763 -0.06165135 -48.54446 -47.1513 26.91765
0.5036855 -0.6089615 -0.06165135 -53.25438 -57.84595 30.87948
0.5217519 -0.6192154 -0.06165135 -58.42995 -68.13603 35.01689
0.5459219 -0.6243423 -0.06165135 -62.43758 -77.22 38.50544
0.572289 -0.6160416 -0.06165135 -67.34599 -84.93756 42.15429
0.5986562 -0.6280045 -0.06165135 -72.29255 -93.76962 46.13902
0.6330801 -0.615065 -0.06165135 -75.84217 -100.4108 48.65047
0.6570058 -0.6199478 -0.06165135 -79.24675 -106.5177 51.87948
0.666039 -0.6162857 -0.06165135 -81.98721 -109.5482 53.69628
0.6611562 -0.6182388 -0.06165135 -86.7353 -115.8994 56.18483
0.6621328 -0.6761002 -0.06165135 -89.49102 -120.7696 58.48254
0.6543203 -0.7200455 -0.06165135 -92.68186 -124.9834 61.81841
0.6460195 -0.7525162 -0.06165135 -97.04064 -130.5024 67.19246
0.6360097 -0.7979263 -0.06165135 -102.1551 -135.4795 73.58941
0.5932851 -0.823317 -0.06165135 -106.491 -142.5559 79.10849
0.5788808 -0.833815 -0.06165135 -112.8193 -147.1208 86.82605
0.5500722 -0.8643326 -0.06165135 -116.7429 -153.8383 91.81841
0.5449453 -0.8811783 -0.06165135 -120.1322 -161.1284 97.00162
0.5080801 -0.8909439 -0.06165135 -124.0635 -169.22 102.7268
0.4824453 -0.8889908 -0.06165135 -128.7429 -179.5101 109.2764
0.4555898 -0.830397 -0.06165135 -136.5216 -190.2047 114.7039
0.4553457 -0.8990005 -0.06165135 -142.7964 -201.1208 121.8413
0.4660879 -0.8238052 -0.06165135 -152.4605 -213.2353 128.7879
0.5056386 -1.00569 -0.06165135 -146.8956 -223.5406 131.994
0.4985586 -0.9070572 -0.06165135 -143.0483 -234.846 134.3757
0.5342031 -0.9121841 -0.06165135 -144.6819 -245.7238 139.3375
0.5866933 -0.8784927 -0.06165135 -146.201 -254.2429 141.7726
0.5923086 -0.9016861 -0.06165135 -144.8727 -254.2429 144.8184
0.6941152 -0.8726334 -0.06165135 -143.3689 -254.2429 147.6963
0.7434316 -0.8794693 -0.03113377 -137.9643 -254.2429 149.2383
0.8027578 -0.8987564 0.07116115 -130.43 -254.2429 149.2993
0.8252188 -0.9180435 0.1436709 -126.3231 -254.2429 151.5054
0.8579336 -0.9527115 0.2664737 -120.9032 -254.2429 154.5512
0.8689199 -0.9915298 0.3424014 -117.1399 -254.2429 154.0856
0.9299551 -1.037428 0.3616885 -110.7658 -254.2429 152.8718
1.140404 -0.8433365 0.3294619 -105.8727 -254.2429 197.3833
0.8008047 -1.113356 0.7242373 -102.5979 -254.2429 189.3604
0.9311758 -1.112135 0.7391299 -98.13224 -254.2429 175.0398
1.041283 -1.083815 0.8223819 -92.06354 -254.2429 179.4902
1.150414 -1.146315 0.7884463 -86.07881 -254.2429 191.0932
1.081566 -1.211256 1.02038 -82.6895 -254.2429 192.6505
1.225121 -1.267409 1.221796 -60.42995 -254.2429 214.0932
1.267846 -1.238112 1.390253 -57.42232 -254.2429 223.4749
1.377709 -1.201002 1.489618 -69.26965 -254.2429 232.9329
1.548363 -1.338454 1.521845 -66.75056 -254.2429 251.6963
1.420922 -1.487868 1.755487 -62.58263 -254.2429 251.6963
1.469994 -1.448073 1.772577 -47.86507 -246.6933 251.6963
1.484887 -1.43611 1.881464 -43.59789 -223.846 251.6963
1.316918 -1.480055 2.091913 -29.62079 -218.5941 251.6963
1.396508 -1.350172 2.116083 8.661649 -228.3421 251.6963
1.376488 -1.237135 2.179316 38.44791 -237.5253 251.6963
1.336449 -1.163893 2.147577 56.82196 -230.9147 251.6963
0.804711 -1.570876 0.1815127 -144.7735 -253.0673 179.0398
1.207787 -1.836256 1.333368 -31.48339 -254.2429 251.6963
1.281762 -1.836256 1.365106 -20.64369 -254.2429 251.6963
1.351342 -1.836256 1.365595 -14.72766 -254.2429 251.6963
1.194604 -1.836256 1.371454 -9.010107 -254.2429 251.6963
1.303979 -1.639235 1.295526 -15.7582 -254.2429 251.6963
1.508324 -1.817702 1.310907 6.501343 -254.2429 251.6963
1.485863 -1.642897 1.241815 7.661649 -254.2429 251.6963
1.475854 -1.704909 1.216425 12.90592 -254.2429 251.6963
