0.7399444 -0.2560699 0.6825273 21.10267 66.25264 35.11943
0.7392119 -0.254605 0.6488359 24.24771 65.81753 34.74539
0.7296905 -0.2240874 0.6481035 26.20191 63.96257 34.53928
0.7443389 -0.235562 0.657625 32.09504 68.37478 32.79882
0.7467803 -0.2126128 0.6129472 36.78206 68.76409 31.12707
0.7475127 -0.1838042 0.5594804 40.63702 67.42822 29.68432
0.7543487 -0.1444976 0.5345781 43.35458 66.44348 27.50875
0.7267608 -0.1112944 0.4601152 48.72863 65.0618 24.11943
0.6955108 -0.08785694 0.359041 52.18664 62.49691 20.98203
0.6901397 -0.09151905 0.3273027 45.84313 59.20684 20.56218
0.7399444 -0.04659717 0.3085039 32.05687 56.72593 20.92096
0.7082061 -0.07076709 0.234041 28.09504 54.93203 19.91333
0.6547393 -0.1339995 0.17325 24.32405 47.68776 19.26447
0.6327666 -0.1496245 0.171541 20.36985 40.36715 19.24921
0.6325225 -0.1969878 0.1986406 25.24771 37.39768 17.59272
0.650833 -0.1130034 0.1900957 22.77443 28.89386 18.67669
0.6789092 -0.06930225 0.2643144 25.36985 21.61142 16.88279
0.7035674 -0.1474272 0.3973711 23.9958 22.76409 13.79119
0.7038116 -0.2675445 0.3788164 30.59886 26.0618 9.340809
0.6591338 -0.3271148 0.2381914 39.40801 20.55035 6.783557
0.650833 -0.3659331 0.2074296 41.72099 12.70302 8.462947
0.6549834 -0.3949859 0.2389238 38.96527 7.046534 12.54692
0.6642608 -0.3705718 0.3021562 33.57595 3.237374 16.31791
0.6815948 -0.3747222 0.343416 29.72863 0.3747785 19.21867
0.6986846 -0.3788726 0.390291 26.30115 -3.083237 21.1576
0.7021026 -0.3661773 0.4132402 23.78206 -6.296977 22.9973
0.7082061 -0.3456695 0.4630449 21.33931 -8.686291 24.14997
0.7187041 -0.3263824 0.4969804 18.91183 -11.04507 25.37134
0.7272491 -0.3105132 0.5250566 15.49199 -12.8924 26.62325
0.7467803 -0.2895171 0.5607011 12.59886 -14.23591 27.58508
0.7460479 -0.2799956 0.6004961 8.110306 -14.25881 28.18814
0.7379912 -0.2692534 0.6119707 4.140839 -15.0298 28.89806
0.7484893 -0.258023 0.6488359 0.637023 -15.14431 28.89043
0.7401885 -0.235562 0.6759355 -2.164504 -14.83896 28.47821
0.7448272 -0.2375151 0.7059648 -4.973664 -13.60232 28.33318
0.7560576 -0.2314116 0.7535722 -8.920229 -12.69392 28.10417
0.713333 -0.2243315 0.810457 -17.08817 -12.59469 29.45531
0.7465362 -0.2243315 0.9217852 -28.35534 -9.380947 29.48585
0.8078155 -0.3354156 0.9784258 -18.79809 -2.075603 26.37134
0.8561553 -0.3756988 0.9642656 -9.904963 5.191573 24.66142
0.869583 -0.3764312 0.9349688 6.934733 10.09234 21.21104
0.9047393 -0.3737456 0.905916 14.84313 13.39768 20.50111
0.9325713 -0.3478667 0.9078691 18.11031 18.28317 21.05837
0.9635772 -0.3180816 0.8956621 16.9958 24.60379 22.12707
0.9608916 -0.315396 0.8678301 14.94237 30.04653 23.56982
0.9533233 -0.3241851 0.8519609 14.0874 34.27554 24.31791
0.9533233 -0.3305327 0.8551348 15.65992 37.63432 24.60035
0.9508819 -0.3324859 0.8705156 18.85076 42.35951 24.53165
0.9506377 -0.336148 0.8700274 23.8813 47.13814 23.82936
0.9489287 -0.3351714 0.8605059 28.16374 50.90913 23.40951
0.938919 -0.3298003 0.857332 30.49198 53.75646 23.21104
0.9171905 -0.3210113 0.8500078 31.65993 57.18394 22.88279
0.8893584 -0.1901519 0.6690996 -18.75992 11.43585 4.417145
1.00386 -0.3366363 0.652498 -32.32481 13.02363 5.302641
0.9606475 -0.3229644 0.6363847 -23.30954 12.0618 6.066
0.9274444 -0.3090484 0.6219804 -12.90496 10.73356 6.478213
0.9066924 -0.2963531 0.6261308 -3.820992 9.924397 7.035465
0.8810576 -0.2846343 0.6124589 0.9958014 9.275541 8.737756
0.8661651 -0.2797515 0.6007402 3.362214 7.695389 11.28737
0.8576201 -0.2895171 0.6034257 3.873664 6.20684 14.066
0.8664092 -0.2846343 0.6249101 3.827862 5.107603 17.0202
0.8690948 -0.2900054 0.6463945 3.491985 4.214473 19.90569
0.8854522 -0.2939116 0.6695879 2.736259 2.878595 22.73775
0.9159698 -0.2963531 0.6910722 2.011069 1.962565 25.21867
0.9210967 -0.2941558 0.7254961 1.835496 1.099969 27.83699
0.9364776 -0.2848784 0.7377031 1.163741 0.3900459 30.2034
0.9418487 -0.2829253 0.7506425 -0.3095422 -0.1443052 32.53165
0.940628 -0.2768218 0.758455 -3.294275 -0.5412519 34.89806
0.9284209 -0.2724273 0.7516191 -7.798092 -1.075603 37.33318
0.9022979 -0.2675445 0.751375 -12.92786 -1.067969 40.21104
0.8874053 -0.1943023 0.7152421 -19.81336 -3.38858 40.87516
0.8769073 -0.2038237 0.7088945 -27.05 -4.976367 42.87516
0.8739776 -0.1962554 0.6920488 -32.82862 -6.587053 43.74539
0.8583526 -0.211148 0.685457 -32.40115 -8.747358 42.50875
0.8842315 -0.211148 0.6637285 -34.08817 -11.68629 42.9744
0.9013213 -0.2226226 0.671541 -30.76756 -13.63285 42.02783
0.8888701 -0.2128569 0.6703203 -31.69122 -16.01453 42.40951
0.9125518 -0.173062 0.6920488 -35.83626 -16.77026 42.92096
0.9193877 -0.1454741 0.7008379 -42.20267 -17.35805 43.73012
0.9311065 -0.1335112 0.7154863 -46.41641 -17.96873 43.93623
0.9379424 -0.1047026 0.7318437 -49.04237 -18.67102 44.0202
0.9496612 -0.08932178 0.7489336 -51.15687 -19.29698 43.64615
0.9677276 -0.08541553 0.7789629 -50.61489 -17.86186 42.62325
0.9711455 -0.1044585 0.7892168 -43.85916 -15.9153 40.77592
0.9691924 -0.1137358 0.7623613 -28.84389 -15.79316 37.48585
0.9738311 -0.1210601 0.7308671 -13.32481 -16.0756 35.18814
0.9826201 -0.1476714 0.7120683 6.064504 -15.85423 32.68432
0.9977569 -0.1532866 0.6571367 24.9729 -18.02217 30.76066
1.021438 -0.1056792 0.6105058 36.98817 -21.92293 29.33318
0.9772491 -0.09103077 0.6478593 39.71336 -26.79316 30.01257
0.9782256 -0.09371632 0.6886308 39.12557 -24.8695 29.79119
1.00264 -0.09713428 0.6991289 39.0416 -25.35805 29.60798
1.024856 -0.1022612 0.6952226 40.11794 -27.31988 29.82172
1.031692 -0.09908741 0.7291582 35.14084 -28.15957 29.83699
1.047806 -0.0863921 0.7435625 27.20191 -27.28934 30.59272
1.057815 -0.0888335 0.7377031 24.87366 -27.65576 29.9973
1.042923 -0.1083647 0.7420976 26.65229 -27.83133 28.89806
1.014358 -0.07833545 0.7516191 27.8126 -27.51835 27.26447
0.9655303 -0.08150928 0.7320879 26.85076 -26.66339 26.53165
0.9459991 -0.07613819 0.7106035 24.8584 -26.99163 26.0202
0.9267119 -0.08053272 0.6969316 24.01107 -28.08324 25.51638
0.9262237 -0.08150928 0.6905839 24.74389 -27.73209 24.25684
0.9171905 -0.09737843 0.6676347 24.91947 -27.39621 23.28737
0.9245147 -0.1349761 0.6727617 30.51489 -29.17484 20.74539
0.9342803 -0.1137358 0.6874101 33.48435 -29.43438 18.56218
0.933792 -0.1332671 0.7074296 35.88129 -29.38858 16.53928
0.9569854 -0.126187 0.718416 36.28588 -29.58705 14.88279
0.9616241 -0.1379058 0.7286699 36.26297 -29.26644 13.0431
0.9638213 -0.1415679 0.7411211 38.77443 -29.03744 10.69959
0.9557647 -0.1479155 0.7318437 36.73626 -28.18247 9.569817
0.9601592 -0.1391265 0.7328203 32.85839 -28.15957 7.783557
0.9513701 -0.1554839 0.7350175 30.17137 -27.30461 6.478213
0.9328155 -0.1657378 0.7501543 25.39275 -26.14431 5.012566
0.9157256 -0.1742827 0.7379472 18.82786 -25.38095 4.707222
0.909378 -0.1842925 0.7379472 13.43092 -24.50308 3.974398
0.9110869 -0.1960112 0.7418535 6.560687 -22.86186 3.592718
0.9127959 -0.2143218 0.7352617 1.774427 -21.60995 3.180504
0.9162139 -0.2194487 0.7347734 -3.164504 -20.13667 2.905695
0.9228057 -0.2301909 0.7298906 -7.217939 -18.62522 2.676687
0.9374541 -0.233853 0.7399004 -10.38588 -17.13667 2.462946
0.93721 -0.2358062 0.7315996 -12.75229 -15.37331 2.478214
0.9313506 -0.2497222 0.7474687 -12.98893 -14.04507 1.646152
0.9291533 -0.2394683 0.7367265 -13.21031 -12.78553 1.378977
0.919876 -0.2453276 0.7562578 -14.48512 -11.14431 1.088902
0.9171905 -0.2489897 0.7762773 -15.27137 -9.785526 1.233938
0.9179229 -0.2504546 0.7711504 -14.66069 -8.190107 1.020199
0.9115752 -0.2653472 0.7743242 -12.84389 -6.487817 0.508749
0.9201201 -0.2655913 0.7633379 -9.96603 -4.87713 0.1118011
0.8859405 -0.2633941 0.7511308 1.491985 -1.167206 -1.475985
0.8786162 -0.2570464 0.7555254 4.117939 -0.1977404 -1.727894
0.8671416 -0.2541167 0.7521074 5.621755 0.2908092 -1.559954
0.8678741 -0.2577788 0.7547929 6.568321 1.222107 -1.208809
0.8676299 -0.2521636 0.7582109 6.423282 1.924397 -0.8881989
0.8634795 -0.2497222 0.7577226 4.278244 2.970199 -0.1172066
0.8593291 -0.2377593 0.7677324 1.904198 3.50455 0.905695
0.8581084 -0.2358062 0.7748125 -1.721756 4.634321 2.043098
0.8441924 -0.2362944 0.7804277 -5.095801 5.634321 2.74539
0.8571319 -0.225064 0.7679765 -9.576717 6.161038 3.44768
0.8498076 -0.2192046 0.767 -14.17977 7.016 4.401878
0.8471221 -0.2243315 0.7704179 -17.55382 7.93203 4.982031
0.7975616 -0.1772124 0.6700761 22.20954 0.2144732 -13.80423
0.7702178 -0.3368804 0.6896074 32.62175 -4.709191 -21.94927
0.7980498 -0.3376128 0.6805742 30.51489 -5.57942 -20.32331
0.8112334 -0.3588531 0.6847246 28.41565 -5.922931 -19.07141
0.8249053 -0.3593413 0.6776445 28.0645 -6.197741 -18.24698
0.8637237 -0.3625152 0.6595781 29.8584 -6.716825 -17.32331
0.8813018 -0.3747222 0.6427324 33.22481 -7.510717 -16.85766
0.892044 -0.3695952 0.6324785 36.36985 -8.121405 -16.46835
0.8996123 -0.369107 0.6014726 40.02633 -9.037436 -16.26224
0.9081573 -0.3683745 0.5880449 43.37748 -10.44965 -15.79659
