1.597233 0.6823126 1.027019 -207.9522 148.5234 -248.4563
1.746891 0.5704962 0.8346357 -227.0743 171.5157 -248.4563
1.68317 0.462586 0.3951826 -230.6163 189.2104 -248.4563
1.404118 0.05511536 0.3121748 -230.6163 182.8287 -248.4563
1.410465 -0.4231562 0.2538252 -230.6163 196.2256 -248.4563
1.541569 -0.03375183 -0.005208015 -230.6163 199.5615 -248.4563
1.572575 -0.6956171 -0.2491045 -230.6163 217.7295 -248.4563
1.603581 -0.7813105 -0.2605791 -230.6163 210.989 -248.4563
1.624333 -0.9502558 -0.2605791 -230.6163 214.3631 -248.4563
1.714176 -0.9959101 -0.2605791 -230.6163 231.0959 -248.4563
1.581364 -1.473449 -0.2605791 -230.6163 231.0959 -248.4563
1.457096 -1.668029 -0.2605791 -230.6163 207.905 -248.4563
1.146061 0.8742071 0.8690596 157.7883 -95.1942 251.8109
1.427555 1.390565 0.1258955 187.5669 -112.7438 251.8109
1.440495 1.575379 0.06486034 184.5135 -121.2095 251.8109
1.268376 1.650574 0.1612959 194.9333 -134.8965 251.8109
1.561833 1.856141 0.03287792 188.2768 -139.2553 251.8109
1.58527 2.016541 0.03434277 181.9944 -147.2476 251.8109
1.701481 2.212342 0.1009932 183.8341 -163.0186 251.8109
1.707096 2.224976 0.276042 192.9104 -160.5224 251.8109
1.763737 2.224976 0.3341475 188.1241 -160.4156 251.8109
1.63068 2.224976 0.3924971 195.6356 -155.4232 251.8109
1.651188 2.224976 0.37321 191.4906 -160.3163 251.8109
1.590885 2.224976 0.4405928 200.8493 -161.3316 251.8109
1.631901 2.224976 0.5228682 189.3226 -163.9346 251.8109
1.561344 2.224976 0.5939131 199.7272 -169.2782 244.3605
1.375309 2.224976 0.7262373 175.6661 -170.9652 228.246
1.441715 2.224976 0.7006025 178.2616 -162.4385 193.4216
1.325993 2.224976 0.9413252 180.6661 -161.4843 165.8796
1.341129 2.224976 1.00822 229.4142 -156.9118 136.4369
1.437321 2.224976 1.086833 234.0096 -149.7591 120.6124
1.475651 2.224976 1.072429 230.7348 -135.7362 115.1239
1.462467 2.224976 0.9520674 173.8951 -127.5148 117.1315
1.470036 2.224976 0.458415 99.27681 -102.2171 131.3834
1.321842 2.224976 0.6888838 110.4066 -178.2705 103.0017
1.376286 2.224976 1.347819 89.48291 -153.0339 56.58189
1.269352 2.224976 1.74406 78.82643 -109.8354 15.57426
1.1236 2.224976 1.561931 74.72719 -102.9194 -13.88376
1.061588 2.224976 1.554606 55.85696 -108.9423 -43.48681
1.107731 2.224976 1.707194 24.94856 -95.70564 -77.02879
1.094792 2.224976 1.802897 -2.875862 -84.18657 -113.128
1.065983 2.224976 1.8903 -19.14304 -70.99573 -150.8227
1.148014 2.224976 1.959392 -43.0896 -56.71328 -187.0364
1.186344 2.224976 2.013591 -47.60106 -41.43084 -226.4563
1.237858 2.224976 2.011882 -69.60106 -25.69038 -248.4563
1.265202 2.224976 1.962077 -82.93694 -7.400306 -248.4563
1.33234 2.224976 1.860515 -94.73082 6.019541 -248.4563
1.391178 2.224976 1.767741 -102.2575 19.91267 -248.4563
1.515446 2.224976 1.628337 -102.3339 34.46229 -248.4563
1.565983 2.224976 1.453532 -117.1659 42.95084 -248.4563
1.64069 2.173524 1.290935 -121.3033 53.59206 -248.4563
1.679997 2.051453 1.213298 -137.1583 61.22565 -248.4563
1.780338 1.87494 1.138103 -146.1888 69.98901 -248.4563
1.761051 1.568055 1.125896 -159.8148 86.15695 -248.4563
1.685124 1.345643 1.108317 -171.6163 93.95847 -248.4563
1.827702 1.125184 1.049479 -175.143 108.1111 -248.4563
1.951969 0.967713 0.8768721 -184.998 116.5539 -248.4563
2.212711 0.9022833 0.8966475 -207.4178 142.386 -248.4563
2.075748 0.6317755 0.6866865 -230.1736 155.1875 -248.4563
1.708317 0.6073614 0.7814131 -230.6163 178.6073 -248.4563
2.026188 0.04290833 0.2052412 -230.6163 178.7524 -248.4563
1.662907 -0.1130975 0.197917 -230.6163 188.386 -248.4563
1.802555 -0.2073358 0.006022453 -230.6163 196.4928 -248.4563
2.116032 -0.4346308 -0.1582842 -230.6163 218.3173 -248.4563
2.096256 -0.6668085 -0.2605791 -230.6163 229.9814 -248.4563
2.246159 -1.034484 -0.2605791 -230.6163 231.0959 -248.4563
2.109684 -1.395324 -0.2605791 -230.6163 231.0959 -248.4563
1.89069 -1.774963 -0.2605791 -230.6163 231.0959 -248.4563
2.056217 -1.774963 -0.2605791 -230.6163 227.9279 -248.4563
0.4534341 -1.774963 -0.2605791 -230.6163 211.5081 -248.4563
0.7175942 -1.774963 -0.2605791 -230.6163 226.4241 -248.4563
0.305729 -1.774963 -0.2605791 -230.6163 231.0959 -248.4563
0.9922524 -1.774963 -0.2605791 -230.6163 201.3249 -248.4563
0.3157388 -1.774963 -0.2605791 -225.3491 136.9203 -207.9296
-0.2191733 -1.774963 -0.2605791 -47.72319 84.5768 -156.2273
-0.6898765 -1.774963 -0.2605791 23.29971 -1.323971 -95.70818
-0.8541831 -1.774963 -0.2605791 45.44475 -64.65221 -35.00589
-1.007503 -1.774963 -0.2605791 88.58978 -106.0339 17.39869
-1.025814 -1.774963 -0.2605791 101.1852 -125.1255 63.14678
-0.942562 -1.774963 -0.2605791 78.92566 -148.7514 109.9025
-0.7992515 -1.774963 -0.2605791 83.64322 -172.5377 136.6124
-0.8087729 -1.774963 -0.2605791 101.9028 -190.5301 154.3453
-0.5607261 -1.774963 -0.2605791 85.27681 -209.9041 184.8796
-0.2262534 -1.774963 -0.2303057 104.6356 -216.9118 205.933
0.02301416 -1.774963 0.385417 100.8417 -229.7896 238.4445
0.3389321 -1.774963 0.7123213 129.8417 -197.4766 249.7956
0.5303384 -1.774963 0.7467451 157.6585 -196.7285 251.8109
0.6360513 -1.694885 0.897624 165.46 -190.0263 251.8109
0.7774087 -1.435363 0.9681807 180.4829 -183.843 251.8109
0.7854653 -1.17218 1.116862 188.1547 -181.4919 251.8109
0.7908364 -1.002258 1.309245 201.4447 -162.7972 251.8109
0.9072915 -0.8350214 1.274577 209.5745 -142.7209 251.8109
0.7976724 -0.7192987 1.271159 217.0631 -133.4079 251.8109
0.8284341 -0.5420527 1.263103 212.9257 -121.4461 251.8109
0.7861978 -0.3901972 1.269206 211.1928 -111.9499 251.8109
0.8081704 -0.3545526 1.246013 207.6661 -99.13313 251.8109
0.8550454 -0.2034296 1.198405 201.0173 -88.63695 251.8109
0.9124185 -0.1194452 1.107829 195.7577 -77.1026 251.8109
0.918522 0.04632629 0.9674482 189.0096 -65.49954 251.8109
0.8701821 0.1749884 0.9313154 184.6509 -64.46901 251.8109
0.8757974 0.3053595 0.7584639 179.3531 -64.62168 251.8109
0.8819009 0.4113165 0.802165 171.231 -60.96519 251.8109
0.902897 0.387879 0.7467451 167.3073 -62.3774 251.8109
0.8884927 0.4367071 0.8187666 162.399 -61.11023 251.8109
1.374088 2.224976 0.7963057 117.8875 -25.94229 144.3071
2.165348 1.211854 0.4188643 -167.601 73.98901 -248.4563
2.247379 1.033387 0.3392744 -179.7995 78.90504 -248.4563
2.289799 0.8700567 0.2394209 -191.4026 93.60733 -248.4563
2.289799 0.6766973 0.06095409 -207.2117 102.7066 -248.4563
2.289799 0.5160528 -0.01375294 -219.7461 101.5615 -248.4563
2.289799 0.2916876 -0.1958818 -230.6163 112.0577 -248.4563
2.289799 0.02948059 -0.2605791 -230.6163 121.0043 -248.4563
2.202702 -0.3357538 -0.2605791 -230.6163 134.4928 -248.4563
2.19318 -0.4473261 -0.2605791 -230.6163 137.0882 -248.4563
2.252506 -0.742248 -0.2605791 -230.6163 141.7524 -248.4563
2.289799 -0.8257441 -0.2605791 -230.6163 149.676 -248.4563
2.289799 -0.9841913 -0.2605791 -230.6163 174.4623 -248.4563
2.289799 -1.408264 -0.2605791 -230.6163 181.8974 -248.4563
2.289799 -1.655822 -0.2605791 -230.6163 168.6913 -248.4563
2.289799 -1.774963 -0.2605791 -230.6163 186.7982 -248.4563
2.289799 -1.774963 -0.2605791 -230.6163 193.5615 -248.4563
2.183659 -1.774963 -0.2605791 -230.6163 212.4547 -248.4563
1.854069 -1.774963 -0.2605791 -230.6163 206.4318 -248.4563
0.3342935 -1.774963 -0.2605791 -230.6163 202.5005 -248.4563
0.791813 -1.774963 -0.2605791 -189.5629 146.4547 -248.4563
0.6941567 -1.774963 -0.2605791 -158.456 70.11115 -248.4563
0.170231 -1.774963 -0.2605791 -3.066702 17.44702 -206.0288
-0.4525718 -1.774963 -0.2605791 58.70429 -43.98809 -143.6547
-0.8480796 -1.774963 -0.2605791 129.231 -99.36214 -96.32651
-1.174251 -1.774963 -0.2605791 129.3684 -126.5606 -37.96772
-1.18597 -1.774963 -0.2605791 115.4829 -165.8812 7.681129
-1.00433 -1.774963 -0.2605791 122.8493 -185.5606 35.80327
-0.7267417 -1.774963 -0.2605791 123.6967 -195.8965 62.05518
-0.3151206 -1.774963 -0.2605791 151.0173 -202.4079 90.74983
-0.02141943 -1.774963 -0.09993458 145.1089 -217.0415 112.3376
0.08356103 -1.774963 0.461833 145.315 -235.1713 138.643
0.3208657 -1.774963 0.8209639 155.8722 -212.1331 161.6888
0.5007974 -1.774963 0.979167 169.8417 -196.6751 183.9254
0.5669595 -1.774963 1.177897 175.9486 -189.4919 206.3376
0.6204263 -1.774963 1.315104 176.1776 -182.4003 226.704
0.6819497 -1.732482 1.457438 182.7119 -164.5453 243.0934
0.7095376 -1.56256 1.498454 194.6661 -149.7133 251.8109
0.7197915 -1.273498 1.512614 202.7959 -136.9652 251.8109
0.7522622 -1.059875 1.509196 206.1241 -124.8125 251.8109
0.7615396 -0.8840937 1.569499 204.773 -114.5911 251.8109
0.7808267 -0.7756952 1.580974 205.8951 -100.5988 251.8109
0.7898599 -0.6880487 1.578776 201.2463 -81.49191 251.8109
0.7686196 -0.5862421 1.53239 199.9409 -70.24763 251.8109
0.7464028 -0.4856562 1.510905 195.2539 -57.1026 251.8109
0.7715493 -0.421203 1.461101 188.7348 -42.84306 251.8109
