2.289799 -1.61798 -0.2605791 -230.6163 231.0959 -248.4563
2.289799 -1.774963 -0.2605791 -230.6163 231.0959 -248.4563
2.289799 -1.774963 -0.2605791 -230.6163 231.0959 -248.4563
2.289799 -1.774963 -0.2605791 -230.6163 231.0959 -248.4563
1.50568 -1.774963 -0.2605791 -230.6163 231.0959 -248.4563
0.8867837 -1.774963 -0.2605791 -230.6163 165.5768 -248.4563
0.1048013 -1.774963 -0.2605791 -230.6163 92.92793 -248.4563
0.1221353 -1.774963 -0.2605791 -230.6163 11.42412 -248.4563
-0.5763511 -1.774963 -0.2605791 -67.60869 -52.95756 -248.4563
-1.135189 -1.774963 -0.2605791 -49.38731 -89.82016 -195.7234
-1.450375 -1.774963 -0.2605791 -55.1354 -159.1866 -147.3494
-1.612484 -1.774963 -0.2605791 -30.18884 -186.8278 -105.9296
-1.262386 -1.774963 -0.2605791 -25.63159 -221.8354 -56.40284
-0.6857261 -1.774963 -0.2605791 -8.181206 -251.3163 -22.02116
-0.3021811 -1.774963 -0.2605791 21.20047 -269.1713 5.696397
-0.1056479 -1.774963 -0.2605791 49.32261 -269.1713 47.61243
-0.04949561 -1.774963 -0.2605791 33.9104 -269.1713 90.93304
0.3811685 -1.774963 0.2831221 47.85696 -269.1713 109.5972
0.4942056 -1.774963 0.802165 63.62032 -269.1713 128.2002
0.4744302 -1.774963 1.163737 72.52109 -269.1713 148.5666
0.6211587 -1.774963 1.372966 91.72719 -267.9652 181.5437
0.7564126 -1.774963 1.447673 102.5822 -253.843 196.8414
0.7808267 -1.774963 1.649089 110.086 -235.3392 219.9559
0.6987954 -1.773742 1.787517 128.5669 -225.843 228.1468
0.8113442 -1.46759 1.893474 136.8493 -206.4232 238.9483
0.8203774 -1.321105 1.932292 149.7883 -179.1713 251.4827
0.8242837 -1.047668 1.902995 163.2157 -158.0873 251.8109
0.7739907 -0.8606562 1.790446 173.315 -136.5988 251.8109
0.7141763 -0.7415155 1.525065 176.9562 -126.4308 251.8109
0.7166177 -0.8411249 1.483073 217.0173 -122.7285 251.8109
0.7305337 -0.5662226 1.478923 247.3073 -95.64458 251.8109
0.6973306 -0.2366327 1.301677 257.7043 -82.03389 251.8109
0.6201821 0.2274786 1.064372 229.6203 -80.11786 251.8109
0.5047036 0.2272345 1.123698 214.315 -85.49954 251.8109
0.6106606 0.2120978 0.9750166 204.3761 -59.63695 251.8109
0.4685708 0.1478888 0.7245283 213.0707 -81.01863 251.8109
0.4099771 0.3466192 0.7384443 218.3073 -82.27054 251.8109
0.4146157 0.5031134 0.8168135 212.086 -75.35451 251.8109
0.3870278 0.4657598 0.7425947 212.9944 -74.90412 250.2002
0.3477212 0.5226446 0.7115889 197.315 -76.11023 247.9789
0.3157388 0.4999395 0.7557783 197.8875 -77.18657 242.4598
0.3152505 0.5363165 0.793376 191.9638 -75.62168 238.2079
0.3142739 0.5338751 0.7994795 189.5516 -74.34687 234.1773
0.2984048 0.5780645 0.8036299 184.5364 -73.77435 231.8643
0.3828774 0.4711309 0.7643232 182.2081 -71.62932 229.4063
0.3987466 0.4137579 0.7281904 180.0936 -72.70565 228.9865
0.3360024 0.34784 0.7052412 175.689 -74.52245 232.2537
0.3328286 0.3366095 0.7093916 176.147 -75.07206 233.5056
0.3338052 0.3048712 0.6874189 168.8799 -79.04153 239.1544
0.2749673 0.2814337 0.7062178 168.8341 -79.51481 243.1163
0.3606606 0.2257697 0.6837568 169.1623 -78.57588 245.0628
0.3089028 0.1539923 0.6947432 173.1852 -82.83542 251.8109
0.3550454 0.1522833 0.6769209 173.6738 -83.86595 251.8109
0.4033853 0.1454474 0.6893721 179.5898 -84.88123 251.8109
0.4500161 0.1747443 0.6893721 183.8341 -85.18657 251.8109
0.4656411 0.248963 0.6769209 184.2081 -86.29344 251.8109
0.4732095 0.2853399 0.6554365 185.1852 -89.01863 251.8109
0.5442544 0.3124396 0.6310225 183.7425 -89.61404 251.8109
0.5894204 0.3258673 0.6000166 183.0783 -92.46138 251.8109
0.6343423 0.3419806 0.5524092 181.9409 -94.03389 251.8109
0.680729 0.3134161 0.5177412 179.086 -96.46138 251.8109
0.7569009 0.3024298 0.4515791 174.9104 -100.7056 251.8109
0.8218423 0.2853399 0.4003096 172.0554 -105.7209 251.8109
0.8985024 0.2536017 0.3658857 169.4218 -111.8583 251.8109
0.9568521 0.2953497 0.3563643 164.5287 -116.0263 251.8109
1.033512 0.3368536 0.289958 158.7577 -123.4385 251.8109
1.113102 0.4061895 0.2828779 154.6432 -129.5606 251.8109
1.313542 0.4132696 0.2736006 157.6356 -135.4461 251.8109
1.424137 0.4310919 0.2306318 156.3073 -139.6751 251.8109
1.507633 0.5861212 0.2128096 155.1776 -148.5759 251.8109
1.62775 0.6723028 0.2069502 155.1089 -151.8125 251.8109
1.721745 0.7838751 0.2032881 157.544 -158.8583 251.8109
1.685612 1.015076 0.347331 169.2997 -167.4308 251.8109
1.814762 1.303162 0.1171064 180.544 -172.7514 251.8109
1.788395 1.478211 0.2462568 169.2768 -197.0721 251.8109
1.984684 0.2565314 0.3673506 209.5592 -173.0873 251.8109
2.016666 0.3903204 0.1810713 269.6508 -177.2629 251.8109
2.09528 2.224976 1.197673 269.6508 -36.82015 235.7651
2.289799 2.224976 -0.2605791 -115.4102 47.56153 -248.4563
2.289799 2.028992 -0.2605791 -131.0209 38.88977 -248.4563
2.289799 1.616883 -0.2605791 -142.0743 34.98901 -248.4563
2.289799 1.376649 -0.2605791 -150.7232 28.48519 -248.4563
2.289799 1.134949 -0.2605791 -167.0896 23.82107 -248.4563
2.289799 0.8512579 -0.2605791 -180.9446 24.6684 -248.4563
2.289799 0.7167364 -0.2605791 -190.4102 23.81343 -248.4563
2.289799 0.5204473 -0.2605791 -197.7995 25.74473 -248.4563
2.289799 0.3121954 -0.2605791 -207.9904 33.13404 -248.4563
2.289799 0.08685364 -0.2605791 -212.9522 42.08061 -248.4563
2.289799 -0.252746 -0.2605791 -217.456 44.66076 -248.4563
2.289799 -0.5535273 -0.2605791 -230.5934 44.42412 -248.4563
2.289799 -0.9378046 -0.2605791 -230.6163 54.34778 -248.4563
2.289799 -1.443176 -0.2605791 -230.6163 52.57679 -248.4563
2.289799 -1.774963 -0.2605791 -230.6163 48.77526 -248.4563
2.289799 -1.754211 -0.2605791 -230.6163 34.15694 -248.4563
2.289799 -1.774963 -0.2605791 -230.6163 35.21801 -248.4563
2.289799 -1.774963 -0.2605791 -230.6163 40.57679 -248.4563
2.289799 -1.774963 -0.2605791 -230.6163 40.15694 -248.4563
2.289799 -1.774963 -0.2605791 -230.6163 42.60733 -248.4563
2.289799 -1.774963 -0.2605791 -230.6163 39.15694 -248.4563
2.289799 -1.774963 -0.2605791 -230.6163 39.23328 -248.4563
2.007145 -1.774963 -0.2605791 -230.6163 35.03481 -248.4563
1.674381 -1.774963 -0.2605791 -230.6163 19.29435 -248.4563
1.069157 -1.774963 -0.2605791 -230.6163 -0.6064129 -248.4563
1.079899 -1.774963 -0.2605791 -230.6163 -21.37741 -248.4563
0.8167153 -1.774963 -0.2605791 -230.6163 -60.65985 -248.4563
0.3521157 -1.774963 -0.2605791 -230.6163 -117.9118 -248.4563
-0.3187827 -1.774963 -0.2605791 -108.54 -148.9118 -222.8837
-0.3558921 -1.774963 -0.2605791 -130.6545 -179.7209 -150.7692
-0.3951987 -1.774963 -0.2605791 -47.72319 -212.5377 -112.8456
-0.3656577 -1.774963 -0.2605791 -18.51708 -219.6522 -72.05933
-0.303646 -1.774963 -0.2605791 34.30734 -235.4919 -31.70055
-0.1928061 -1.774963 -0.2605791 42.52872 -247.6522 4.818534
-0.07268897 -1.774963 0.01041698 85.70428 -258.3698 40.6506
0.07452783 -1.774963 0.3114424 105.1699 -252.0415 78.58952
0.2713052 -1.774963 0.4369307 144.2081 -244.7285 103.5437
0.371647 -1.774963 0.5738935 154.6585 -247.2782 128.0552
0.4024087 -1.774963 0.803874 163.0783 -248.5072 149.7804
0.5193521 -1.774963 0.8949385 185.3226 -237.3087 165.1086
0.5469399 -1.774963 0.9830732 197.0173 -228.385 184.5666
0.5720864 -1.774963 0.913249 223.5058 -223.1942 198.7575
0.5762368 -1.565978 0.9235029 233.1089 -221.8889 209.9407
0.6443521 -1.503478 0.9303389 253.7501 -217.324 221.5743
0.7776528 -1.271545 0.9418135 263.5974 -214.1637 234.2155
0.6465493 -1.20343 1.164958 269.6508 -214.9576 244.3605
0.7532388 -1.015685 1.196208 269.6508 -198.5148 239.5514
0.9048501 -0.7439569 1.212565 269.6508 -185.0034 251.8109
0.8320962 -0.7515253 1.249919 269.6508 -175.5148 251.8109
0.8757974 -0.6096796 1.271403 269.6508 -163.2934 251.8109
0.8545571 -0.5178827 1.25822 269.6508 -155.2018 251.8109
0.810856 -0.3799433 1.243083 269.6508 -143.5224 251.8109
0.8118325 -0.3279413 1.221354 269.6508 -134.1255 251.8109
0.8101235 -0.2183221 1.19694 269.6508 -126.866 251.8109
0.8062173 -0.1463007 1.170817 269.6508 -116.1789 251.8109
0.8516274 -0.1128534 1.125407 269.6508 -107.0415 251.8109
0.7944985 -0.1453241 1.090007 269.6508 -99.15604 251.8109
0.771061 -0.09381042 1.088054 269.6508 -94.60641 251.8109
0.7891274 -0.11383 0.9823408 269.6508 -82.65221 251.8109
0.7820474 0.01458801 1.011149 269.6508 -82.50717 251.8109
0.7481118 0.06121887 1.020427 269.6508 -69.49954 251.8109
0.7217446 -0.04913269 0.932292 269.6508 -67.84306 251.8109
0.7493325 -0.06988464 0.9088545 269.6508 -61.53771 251.8109
0.7818032 -0.02252136 0.8890791 269.6508 -58.2858 251.8109
0.8076821 -0.0527948 0.8939619 269.6508 -54.14076 251.8109
0.8152505 0.1539923 0.9398603 253.9257 -43.32397 251.8109
0.7923013 0.1454474 0.8487959 259.0478 -46.46901 251.8109
0.8562661 0.2936407 0.8700361 249.6051 -35.29343 251.8109
0.8447915 0.3297735 0.8810225 243.2539 -34.44611 251.8109
0.8460122 0.3676153 0.8800459 231.628 -29.24763 251.8109
0.8345376 0.4147345 0.8644209 223.544 -26.98809 251.8109
0.8413735 0.476502 0.862956 205.7577 -23.63695 251.8109
