0.2287832 1.41472 1.666132 17.83722 26.93267 110.6047
0.1596914 1.417162 1.551386 14.32577 26.74947 100.5054
0.1460195 1.408372 1.42248 7.676916 27.8258 85.71154
0.09255274 1.411058 1.358759 2.425008 33.55099 70.85658
0.01516016 1.439134 1.302362 -3.849802 30.45939 62.08559
0.01613672 1.406419 1.219843 -14.9185 32.42886 50.5207
-0.07273047 1.371996 1.159784 -23.22385 31.11588 42.94818
-0.1576914 1.35808 1.093378 -27.9643 27.79527 31.78788
-0.1911387 1.297533 1.004511 -37.804 17.33725 22.88711
-0.1896738 1.186937 0.977167 -37.32308 10.77237 11.52834
-0.2406992 1.212328 0.9315127 -39.48339 -0.9833591 5.894748
-0.1860117 1.142992 0.8897647 -42.00247 3.657862 -6.784641
-0.214332 1.073656 0.951044 -42.14751 2.978473 -16.89915
-0.1952891 0.9310776 1.025751 -35.52156 -5.189466 -45.09762
-0.2426523 0.8805405 1.060663 -33.04827 -8.823053 -52.45639
-0.2260508 0.7836166 1.05163 -29.26201 -9.174198 -61.5022
-0.2387461 0.6832748 1.026728 -25.72766 -9.632214 -67.5251
-0.2470469 0.6337143 1.015741 -22.00247 -11.60931 -73.16632
-0.245582 0.5687729 0.9940127 -16.17805 -12.13603 -79.90678
-0.2638926 0.5363022 0.9732608 -15.03301 -13.74672 -85.50983
-0.2741465 0.4210679 0.9417666 -12.72766 -11.96046 -89.57853
-0.3591074 0.3722397 0.9429873 -16.60553 -15.72382 -88.17395
-0.3517832 0.2555405 0.9222354 -18.40705 -14.57115 -81.03654
-0.4262461 0.04435888 0.8658389 -24.8498 -18.30397 -76.22739
-0.4274668 -0.01179346 0.8033389 -19.52919 -22.38794 -76.25792
-0.412086 -0.04182276 0.7474307 -12.92614 -32.29634 -69.6625
-0.4550547 0.1014878 0.7886905 -10.07118 -31.88412 -69.44876
-0.4679942 0.08097998 0.8233584 -6.926138 -35.39557 -69.6167
-0.4484629 0.04264989 0.8428897 -1.597893 -37.91466 -67.36479
-0.4223399 0.1598374 0.888544 -5.918504 -41.25053 -63.64723
-0.3937754 0.2135483 0.9490909 -2.979573 -42.11313 -62.76937
-0.3429942 0.3207261 0.9766788 -5.414687 -41.73908 -61.18922
-0.3422617 0.3646714 1.006952 -4.033008 -40.25053 -61.32663
-0.3249278 0.435228 0.9898623 -2.109344 -38.99863 -62.29609
-0.3046641 0.5094467 0.9698428 0.6998168 -36.90702 -64.33426
-0.3188242 0.6195541 0.9759463 0.9440916 -34.59405 -66.05945
-0.3053965 0.6879135 0.8985538 1.112031 -31.2429 -68.54037
-0.3144297 0.7584702 0.8353213 -0.3459847 -29.78489 -70.3877
-0.3198008 0.8114487 0.7418155 -0.582626 -27.38031 -72.90678
-0.3285899 0.9147202 0.572626 4.638748 -33.00626 -82.22739
-0.3481211 1.007982 0.4415225 1.402107 -37.03679 -91.31136
-0.4264903 1.170824 0.4605655 -12.72766 -33.88412 -101.9373
-0.4511485 1.202318 0.3907412 -22.16278 -37.84595 -105.7312
-0.4809336 1.289476 0.275751 -34.35362 -47.25053 -110.4793
-0.4723887 1.319261 0.1632022 -52.10934 -54.15893 -116.5862
-0.4404063 1.383958 0.06505764 -71.47575 -54.47954 -113.5556
-0.4094004 1.576097 0.1202334 -119.2162 -55.41084 -118.5709
-0.5080332 1.325365 0.1270694 -99.72003 -84.51008 -114.5251
-0.4223399 1.447435 -0.06165135 -116.6437 -83.68565 -130.4564
-0.3622813 1.330003 0.04577053 -111.5979 -84.72382 -147.0671
-0.3810801 1.420335 0.1153506 -112.491 -100.1284 -154.3877
-0.2648692 1.449388 0.1798037 -110.5979 -109.533 -166.1053
-0.1269297 1.466722 0.24621 -114.2086 -115.3345 -179.0213
-0.01267187 1.505785 0.3299502 -121.6208 -117.0215 -190.7465
0.07473047 1.486742 0.4210147 -126.2162 -122.8231 -201.7007
0.1736074 1.509203 0.5235538 -134.3307 -128.2047 -210.8686
0.2646719 1.44597 0.6133975 -138.0865 -129.4795 -224.2656
0.3813711 1.408372 0.7237491 -141.0177 -130.7773 -236.7007
0.5068594 1.353929 0.798212 -139.9872 -130.8612 -248.5709
0.5998769 1.325365 0.9175967 -144.6055 -125.6017 -248.5709
0.6657949 1.28679 0.9542178 -145.5063 -120.3269 -248.5709
0.7246328 1.22722 1.022333 -147.5674 -116.4185 -248.5709
0.7378164 1.079027 1.049188 -146.6132 -110.3192 -248.5709
0.7502676 0.9447495 1.027216 -141.7124 -110.8154 -248.5709
0.7661367 0.871019 1.077021 -143.7658 -103.4872 -248.5709
0.8115469 0.7213608 1.050653 -145.2773 -97.92229 -248.5709
0.2619863 1.756517 1.85119 20.95173 -85.60931 133.8031
-0.01804297 0.9259506 1.448603 -26.99484 22.6884 -58.73884
-0.05149024 0.9020248 1.41662 -26.24675 27.22275 -61.05182
-0.07981055 0.8636948 1.352655 -22.33072 29.14641 -64.65487
-0.1178965 0.8768784 1.262079 -17.8956 45.47466 -73.88387
-0.2184824 0.6605698 1.263056 -1.116977 38.27618 -82.32662
-0.1999277 0.7479721 1.094599 -4.880336 27.23038 -81.4564
-0.216041 0.8922592 0.9529971 -3.262015 20.8029 -82.00601
-0.2621836 0.8490463 0.9097842 1.860122 13.64259 -87.87624
-0.1901621 0.8944565 0.7603702 5.631114 16.6884 -100.6701
-0.3273692 0.9371811 0.6964053 2.531878 16.39069 -100.3648
-0.3385996 1.007982 0.5674991 3.753252 7.489923 -103.3953
-0.3080821 1.012621 0.4698428 3.959359 9.48229 -103.6091
-0.3754649 1.11931 0.414667 5.188366 14.63496 -106.6549
-0.443336 1.169847 0.395624 6.982259 1.810534 -108.1129
-0.4177012 1.280931 0.2698916 16.2418 -17.02153 -113.9449
-0.3527598 1.401048 0.1602725 13.83722 -20.02916 -122.1205
-0.3315196 1.482835 0.1312197 14.25707 -20.93756 -138.3419
-0.3810801 1.604417 0.2347354 12.1502 -29.07496 -148.9678
-0.3713145 1.678148 0.2398623 7.486076 -43.1742 -150.8763
-0.313209 1.746019 0.261835 -5.353619 -51.60931 -157.8075
-0.2641367 1.716722 0.324335 -13.99484 -55.96809 -169.6243
-0.2233652 1.684007 0.4415225 -18.46812 -61.38794 -181.4106
-0.1584238 1.662279 0.5403995 -26.91087 -68.67802 -187.6014
-0.05979102 1.599779 0.5838565 -35.00247 -72.2429 -194.8533
0.002464846 1.60808 0.6436709 -48.78873 -70.54825 -204.174
0.0544668 1.561937 0.7230166 -61.48339 -70.8765 -210.3266
0.1125723 1.550951 0.7903995 -76.46049 -73.63985 -214.1663
0.190209 1.503831 0.8424014 -92.98721 -72.14367 -218.7465
0.2634511 1.466966 0.8980655 -111.178 -69.21237 -224.4488
0.3525625 1.399095 0.9464053 -128.3994 -69.02153 -225.7999
0.3974844 1.319994 0.9583682 -146.9032 -63.2429 -230.6014
0.4343496 1.249437 0.994501 -161.1552 -55.34214 -239.4411
0.448998 1.226244 1.062128 -176.6742 -52.53298 -240.5709
0.4995351 1.206957 1.070429 -193.346 -49.79252 -243.0671
0.589623 1.102953 1.092157 -203.6819 -41.37267 -248.5709
0.5871816 0.9906479 1.174433 -206.9796 -31.45664 -248.5709
0.6008535 0.9445053 1.205927 -208.6742 -27.36504 -248.5709
0.6552969 0.8339096 1.170038 -204.0483 -23.56351 -248.5709
0.7104726 0.7574936 1.145624 -196.3918 -15.50244 -248.5709
0.7456289 0.6757065 1.107538 -186.6971 -8.13603 -248.5709
0.7251211 0.6195541 1.095819 -176.4681 -0.6016796 -248.5709
0.6921621 0.5228745 1.073358 -165.7124 3.535725 -248.5709
0.7121816 0.4259507 0.9769229 -151.0865 4.978473 -248.5709
0.6819082 0.374437 0.8848819 -143.5063 8.673129 -248.5709
0.6443105 0.2347886 0.8026065 -127.72 6.581527 -248.5709
0.6489492 0.1107651 0.6392764 -124.0025 20.61206 -248.5709
0.3425527 -0.2962173 0.7286319 -126.6055 14.35252 -248.5709
0.4121328 -0.5003189 0.3297061 -122.0941 -7.403206 -248.5709
0.3528066 -0.6824478 0.4307803 -114.8422 -3.281069 -248.5709
0.2846914 -0.410231 0.5889834 -135.2239 -6.594046 -248.5709
0.360375 -0.6436295 0.5382022 -150.4987 -21.73908 -248.5709
0.3154531 -0.6922134 0.4727725 -184.6513 -32.25817 -248.5709
0.2854238 -1.014723 0.0360049 -208.2391 -45.73908 -248.5709
0.3572011 -1.306715 0.1065615 -191.6208 -35.93756 -248.5709
0.2107168 -1.534743 0.1434268 -162.1399 -46.37267 -248.5709
0.2290273 -1.625075 0.1673526 -122.5139 -46.83068 -248.5709
0.2016836 -1.261061 0.4862002 -112.9414 -55.55588 -248.5709
0.2063223 -1.30818 0.5521182 -109.3994 -62.87649 -248.5709
0.1989981 -1.312086 0.6666202 -100.346 -66.76962 -248.5709
0.2199941 -1.305983 0.7252139 -93.62843 -70.41084 -248.5709
0.2109609 -1.35359 0.8211612 -81.49866 -72.98336 -248.5709
0.2119375 -1.277663 0.9488467 -77.02538 -74.46428 -248.5709
0.2490469 -1.257643 1.07873 -80.10934 -73.8765 -237.5251
0.3540273 -1.35359 1.127313 -83.13988 -62.09023 -225.3419
0.08620508 -1.451735 1.345575 -83.804 -52.43374 -226.1205
0.3073965 -1.31819 1.360956 -84.36125 -18.81542 -184.4259
0.2580801 -1.538405 1.536249 -80.59789 -12.96046 -160.8075
0.1975332 -1.723708 1.447138 -66.24675 -12.32687 -150.5175
0.1579824 -1.770583 1.556024 -67.34599 -8.052061 -182.8915
0.1118398 -1.673903 1.633905 -67.6208 -18.92229 -165.2274
0.2580801 -1.836256 1.63537 -59.91087 -14.50244 -142.8763
0.2729726 -1.836256 1.711298 -63.32308 4.757099 -136.1816
0.2273184 -1.836256 1.815058 -63.34599 20.39832 -119.6472
0.108666 -1.836256 1.776483 -62.92614 22.35252 -91.95258
-0.02976172 -1.836256 1.684442 -60.93377 15.68076 -54.01365
0.07863672 -1.836256 1.787958 -42.49102 33.47466 -47.4793
-0.04904882 -1.836256 1.888788 -36.17041 30.00137 -77.02128
0.03273828 -1.836256 1.77746 -17.42232 22.65023 -67.08235
0.0334707 -1.701247 1.677851 -3.452855 27.33725 -65.26556
0.01247461 -1.509596 1.601679 -1.69713 30.99374 -53.16632
-0.03733008 -1.459059 1.508173 2.218901 31.29145 -41.15105
-0.03293555 -1.415358 1.424189 8.669283 39.83344 -40.22739
-0.1354746 -1.2657 1.378778 11.65402 35.47466 -24.77701
