1.102848 -0.1250604 0.9186201 269.6508 -194.6675 251.8109
1.117497 -0.06011902 0.9154463 269.6508 -190.9041 251.8109
1.163639 -0.01959167 0.9003096 269.6508 -185.5453 251.8109
1.210026 0.04681458 0.9007978 269.6508 -180.1942 251.8109
1.212956 0.08587708 0.9086103 269.6508 -174.553 251.8109
1.244206 0.2169806 0.8505049 269.6508 -170.6751 251.8109
1.283024 0.2279669 0.8624678 269.6508 -164.156 251.8109
1.339176 0.2726446 0.8143721 269.6508 -157.0568 251.8109
1.341374 0.3551642 0.7787275 269.6508 -152.9499 251.8109
1.393131 0.401795 0.6925459 269.6508 -146.2705 251.8109
1.44025 0.4259649 0.6344404 269.6508 -143.6522 251.8109
1.428776 0.6090704 0.6283369 269.6508 -141.156 251.8109
1.457829 0.6801153 0.5297041 269.6508 -146.4995 251.8109
1.554264 0.6090704 0.4237471 269.6508 -133.1331 251.8109
1.619206 0.7328497 0.3563643 269.6508 -133.2095 251.8109
1.636784 0.7797247 0.197917 269.6508 -130.7973 251.8109
1.904118 1.533631 -0.2337236 269.6508 -117.3163 251.8109
1.666569 1.758484 -0.2605791 269.6508 -169.095 251.8109
1.980778 2.052918 -0.2605791 269.6508 -168.8583 251.8109
1.859684 1.601258 -0.05989552 269.6508 -161.9118 251.8109
1.853581 1.720154 -0.2097979 269.6508 -171.4919 251.8109
1.936833 2.106385 -0.2605791 269.6508 -181.9957 251.8109
1.873112 2.224976 -0.2605791 245.4447 -200.5835 251.8109
1.92194 2.224976 -0.2564287 231.9028 -216.8201 251.8109
2.010563 2.224976 -0.1397295 196.9944 -227.3163 251.8109
2.205875 2.224976 -0.01131153 178.2997 -241.1255 251.8109
2.289799 2.224976 0.06559277 159.9028 -249.6217 251.8109
2.289799 2.224976 0.1359053 144.3073 -252.4156 251.8109
2.289799 2.224976 0.3285322 143.773 -259.9118 251.8109
2.289799 2.224976 0.493083 130.1394 -268.843 251.8109
2.289799 2.224976 0.706706 115.8035 -269.1713 251.8109
2.289799 2.224976 1.013347 89.1165 -266.24 251.8109
2.289799 2.224976 1.260173 61.50582 -246.4003 230.5056
2.289799 2.224976 1.405192 42.49055 -228.2476 201.8262
2.289799 2.224976 1.547526 22.57452 -214.1255 174.4521
2.289799 2.224976 1.668132 -3.29571 -197.7209 148.3147
2.289799 2.224976 2.00114 -14.24991 -178.7744 113.6735
2.2757 2.224976 2.204753 -18.66212 -150.1942 77.6048
2.121647 2.224976 2.264567 -21.70792 -111.2018 42.68876
2.135563 2.224976 2.197185 -27.86823 -88.91939 5.246015
2.031803 2.224976 2.206706 -27.8606 -69.35451 -34.65475
1.934635 2.224976 2.21696 -43.20411 -43.3087 -71.1662
1.821354 2.224976 2.174479 -55.15067 -20.98809 -105.8151
1.709293 2.224976 2.101481 -67.76135 -1.369772 -141.7082
1.680973 2.224976 2.03654 -76.17357 18.70657 -177.0822
1.629948 2.224976 1.968913 -84.9064 39.11115 -211.6471
1.586735 2.224976 1.864177 -94.14304 49.35542 -244.8685
1.667057 2.224976 1.769938 -103.5323 61.51573 -248.4563
1.695622 2.224976 1.733562 -121.0285 76.20274 -248.4563
1.829411 2.224976 1.611735 -132.8835 90.53862 -248.4563
1.88361 2.224976 1.534587 -140.8911 101.1875 -248.4563
1.97443 2.224976 1.512126 -136.7537 116.0501 -248.4563
2.076725 2.224976 1.338542 -147.4789 127.4089 -248.4563
2.15485 2.224976 1.211345 -140.6545 137.447 -248.4563
2.193424 2.224976 1.139323 -153.6927 148.7447 -248.4563
2.160465 1.993836 1.090739 -167.1965 158.5539 -248.4563
2.210514 1.6745 1.014812 -177.769 169.2333 -248.4563
2.191471 1.487977 1.001384 -187.4026 179.4623 -248.4563
2.25983 1.273621 0.9967451 -197.8377 194.5997 -248.4563
2.258366 1.057557 0.9239912 -205.9293 207.447 -248.4563
2.194645 0.8248907 0.8934736 -221.914 225.9203 -248.4563
2.083317 0.5722052 0.8795576 -228.4636 231.0959 -248.4563
2.031559 0.4640509 0.7618818 -230.6163 231.0959 -248.4563
1.895329 0.3737189 0.6993818 -230.6163 231.0959 -248.4563
1.907292 0.2013556 0.3312178 -230.6163 231.0959 -248.4563
1.673161 0.3317267 0.4706221 -230.6163 231.0959 -248.4563
1.63361 0.1652228 0.3597822 -230.6163 231.0959 -248.4563
1.509586 -0.06158386 0.09879589 -230.6163 231.0959 -248.4563
1.200504 -0.3311151 -0.04036427 -230.6163 231.0959 -248.4563
1.580387 -0.3457636 -0.2605791 -230.6163 231.0959 -248.4563
1.499333 -0.5679316 -0.2605791 -230.6163 231.0959 -248.4563
1.574528 -0.8301386 -0.2605791 -230.6163 231.0959 -248.4563
1.569401 -0.9883417 -0.2605791 -230.6163 231.0959 -248.4563
1.684879 -1.168762 -0.2605791 -230.6163 231.0959 -248.4563
1.475895 -1.554992 -0.2605791 -230.6163 231.0959 -248.4563
1.379704 -1.774963 -0.2605791 -230.6163 231.0959 -248.4563
1.293034 -1.774963 -0.2605791 -230.6163 231.0959 -248.4563
0.9710122 -1.774963 -0.2605791 -230.6163 231.0959 -248.4563
0.4409829 -1.774963 -0.2605791 -230.6163 231.0959 -248.4563
0.5579263 -1.774963 -0.2605791 -230.6163 231.0959 -248.4563
-0.09783545 -1.774963 -0.2605791 -161.0209 231.0959 -248.4563
-0.916439 -1.774963 -0.2605791 -88.34915 231.0959 -248.4563
-1.288509 -1.774963 -0.2605791 35.62032 145.4699 -248.4563
-1.625912 -1.774963 -0.2605791 85.16994 36.24855 -159.8914
-1.3764 -1.774963 -0.2605791 129.6738 -47.59878 -102.2807
-1.509701 -1.774963 -0.2605791 173.5974 -118.1484 -55.41047
-1.520199 -1.774963 -0.2605791 144.4371 -164.3545 -5.387572
-1.476253 -1.774963 -0.2605791 129.7883 -187.2171 27.40632
-1.349544 -1.774963 -0.2605791 110.315 -234.866 53.79563
-1.071712 -1.774963 -0.2605791 103.6508 -246.6293 84.32235
1.54694 2.224976 0.128581 180.6661 -110.7973 251.8109
1.045231 2.224976 1.36613 8.605053 -144.7209 90.42159
1.146793 2.224976 1.350749 -5.204107 -129.5911 53.62769
1.054752 2.224976 1.536784 -27.60869 -123.0492 19.65059
0.9995767 2.224976 1.635173 -48.18121 -119.9347 -12.65475
1.006413 2.224976 1.729411 -60.94457 -106.9881 -47.64711
1.010075 2.224976 1.863688 -71.27281 -97.04916 -83.92956
1.096745 2.224976 1.891032 -76.7919 -87.06442 -121.2578
1.131413 2.224976 1.918376 -88.66212 -70.09496 -158.3876
1.26984 2.224976 1.944987 -89.69266 -53.92702 -197.3265
1.358708 2.224976 1.969157 -90.998 -39.58351 -232.0441
1.344059 2.224976 1.966228 -96.78426 -30.05679 -248.4563
1.473454 2.224976 2.035319 -91.21175 -9.843054 -248.4563
1.585758 2.224976 1.894694 -79.77663 7.27145 -248.4563
1.605778 2.224976 1.783854 -78.13541 19.48519 -248.4563
1.641667 2.224976 1.704265 -78.56288 31.14931 -248.4563
1.655583 2.224976 1.686687 -88.70029 44.92794 -248.4563
1.661198 2.025086 1.649821 -95.8835 63.13404 -248.4563
1.647282 1.829285 1.532146 -106.2957 76.28671 -248.4563
1.629459 1.566346 1.448161 -114.0362 89.23328 -248.4563
1.648502 1.391297 1.390544 -132.4789 102.4241 -248.4563
1.496159 1.15619 1.386394 -144.5018 118.2867 -248.4563
1.347965 1.033631 1.269694 -161.7308 137.8287 -248.4563
1.361393 0.7243048 1.100749 -175.5094 160.2256 -248.4563
1.256901 0.5060431 0.9137373 -189.1354 177.3936 -248.4563
1.034245 0.3151251 0.6942549 -209.9446 191.9814 -248.4563
0.7442056 -0.01226746 0.5636396 -230.4026 209.1799 -248.4563
0.5144692 -0.2639765 0.4139814 -230.6163 223.3783 -248.4563
0.5283853 -0.5298456 0.2296553 -230.6163 221.9814 -248.4563
0.474186 -0.4172968 0.07511425 -230.6163 231.0959 -248.4563
0.4607583 -0.6787714 0.0543623 -230.6163 231.0959 -248.4563
0.526188 -0.7820429 -0.1001787 -230.6163 231.0959 -248.4563
0.3460122 -0.9519648 -0.1172686 -230.6163 231.0959 -248.4563
0.293522 -1.322082 -0.2605791 -230.6163 231.0959 -248.4563
0.3662759 -1.636047 -0.2605791 -230.6163 231.0959 -248.4563
0.2283364 -1.774963 -0.2605791 -230.6163 231.0959 -248.4563
0.2061196 -1.774963 -0.2605791 -230.6163 231.0959 -248.4563
0.001773924 -1.774963 -0.2605791 -230.6163 231.0959 -248.4563
-0.05389014 -1.774963 -0.2605791 -230.6163 231.0959 -248.4563
-0.3773765 -1.774963 -0.2605791 -230.6163 231.0959 -248.4563
-0.5321616 -1.774963 -0.2605791 -230.6163 231.0959 -184.899
-0.8639487 -1.774963 -0.2605791 -230.6163 231.0959 -156.899
-1.270931 -1.774963 -0.2605791 -181.8148 174.3173 -95.53261
-1.614925 -1.774963 -0.2605791 -123.7232 101.2944 -37.79215
-1.699398 -1.774963 -0.2605791 -65.9751 19.36305 11.81853
-1.649837 -1.774963 -0.2605791 -52.54762 -47.93465 63.86433
-1.558041 -1.774963 -0.2605791 -28.24228 -111.0492 103.2384
-1.389583 -1.774963 -0.2605791 -30.77663 -149.6675 141.0704
-1.227474 -1.774963 -0.2605791 -17.42548 -179.1331 165.1544
-0.9884604 -1.774963 -0.2605791 4.21574 -218.7362 183.7117
-0.6713218 -1.774963 -0.2605791 36.42948 -241.1789 190.2918
-0.506771 -1.774963 -0.2605791 57.43711 -264.6064 200.0934
0.2547036 -1.403869 0.1070967 188.0173 -269.1713 225.5132
0.4319497 -1.109924 0.2975264 222.9409 -269.1713 231.4063
0.4922524 -1.039123 0.4466963 258.1776 -269.1713 232.0323
0.6724282 -0.7837519 0.5997725 269.6508 -269.1713 245.1163
0.5867349 -0.773498 0.6883955 269.6508 -269.1713 249.0323
0.7156411 -0.5654902 0.71696 269.6508 -263.5377 251.8109
0.7822915 -0.4265741 0.7206221 269.6508 -252.9957 251.8109
0.8367349 -0.2781366 0.6901045 269.6508 -246.6751 251.8109
