0.690628 0.3850434 2.009432 -5.294275 18.27554 0.07363319
0.6874541 0.3857759 1.990877 -3.958397 17.07707 -0.2011757
0.6867217 0.3816255 1.978426 -3.683588 15.37478 0.4171448
0.6920928 0.3767426 1.964754 -3.950764 13.78699 1.088902
0.6923369 0.3750337 1.964754 -4.729389 12.0618 1.867527
0.6930694 0.3725923 1.964754 -4.767557 10.60379 2.501114
0.6984405 0.3672212 1.962557 -4.767557 9.344244 3.302641
0.6918487 0.3596528 1.962801 -3.85916 7.687756 4.272106
0.6942901 0.3535493 1.963045 -3.225573 6.077069 5.249207
0.6940459 0.3432954 1.969881 -2.683588 4.825161 6.241572
0.6969756 0.3396333 1.956453 -1.973664 3.161038 7.340809
0.6991729 0.3301118 1.951814 -2.004199 1.153404 8.798824
0.7052764 0.3230317 1.945711 -1.149237 -0.7855268 10.01256
0.7096709 0.326938 1.960359 -1.195038 -2.129038 11.34081
0.7047881 0.3345063 1.95743 -2.56145 -3.724458 12.95913
0.7160186 0.3574555 1.961092 -6.599618 -5.487817 14.63852
0.7152862 0.3835786 2.000398 -14.95076 -5.655756 16.35608
0.7084502 0.3869966 2.00992 -21.1187 -4.922931 17.61562
0.6901397 0.351352 2.002107 -26.40114 -4.79316 19.70722
0.6823272 0.335727 1.99991 -25.0271 -5.991633 20.21104
0.6793975 0.3093598 1.9899 -21.21031 -7.823695 20.40188
0.6713408 0.302768 1.991609 -16.9126 -9.167206 20.82936
0.6767119 0.3105805 1.982332 -13.15687 -10.83133 21.0889
0.6869658 0.3093598 1.984285 -10.53855 -12.70156 21.23394
0.6979522 0.3135102 1.982332 -8.866794 -13.90003 21.76829
0.7006377 0.3127778 1.972811 -8.393512 -15.56415 23.24157
0.7209014 0.3298676 1.970613 -9.683588 -17.86186 24.33318
0.7348174 0.3684419 1.9899 -13.77519 -19.0069 25.1576
0.7563018 0.4006684 2.033602 -19.82863 -18.37331 25.78356
0.7509307 0.4048188 2.056795 -26.70649 -16.58705 26.36371
0.7543487 0.3718598 2.05948 -28.9126 -16.50308 27.11943
0.7475127 0.3569673 2.067049 -27.49275 -15.90766 26.94386
0.7438506 0.3452485 2.071443 -24.79046 -16.80079 27.23394
0.7550811 0.3528169 2.081209 -20.69885 -16.63285 26.87516
0.7597198 0.3508637 2.088289 -15.95076 -16.45728 26.67669
0.7628936 0.3591645 2.097566 -12.27137 -16.06034 26.31027
0.7563018 0.372104 2.100008 -9.85916 -15.57179 26.21867
0.7802276 0.3650239 2.098055 -8.164504 -14.96873 26.53165
0.7838897 0.3711274 2.084627 -7.569084 -14.14431 26.87516
0.7909698 0.365268 2.0795 -7.301908 -13.64812 27.24921
0.7951201 0.3694184 2.075105 -6.523283 -12.99927 27.79119
0.7834014 0.3638032 2.077059 -4.637786 -12.41148 28.01257
0.7812041 0.3603852 2.059725 -2.53855 -12.17484 27.85226
0.7770537 0.3476899 2.046541 -0.07290077 -12.64049 28.27211
0.7765655 0.3476899 2.024812 2.041603 -13.49545 28.81409
0.3830107 0.4504731 2.196687 -20.66069 21.30608 15.65379
0.2958525 0.2165864 2.124422 4.392748 11.47402 42.066
0.2416533 0.2234224 2.112947 6.919466 6.664855 48.0889
0.2646025 0.3262055 2.035555 1.018702 3.351878 50.84463
0.1969756 0.2742036 2.068514 12.16374 0.9472979 48.90569
0.2677764 0.2969087 2.060213 15.49962 4.176305 47.48585
0.3075713 0.302768 2.010408 13.77443 1.993099 50.43241
0.3200225 0.2827485 2.011385 13.9042 -0.3580458 51.31791
0.3603057 0.304477 2.029939 12.80496 -1.587053 52.65379
0.3878936 0.3135102 2.038973 16.52252 -1.716824 52.9286
0.4010772 0.3335298 2.030672 18.62939 -2.625221 53.26447
0.407669 0.3503755 2.047518 21.0645 -3.235909 53.20341
0.4157256 0.3635591 2.049227 23.54542 -3.777893 52.9286
0.4088897 0.3909028 2.066072 24.8355 -4.701557 52.89806
0.4052276 0.4053071 2.083162 24.62939 -4.564153 52.38661
0.3954619 0.4140962 2.087312 25.30115 -5.487817 52.45531
0.4018096 0.4194673 2.116853 26.0187 -7.274076 52.47821
0.3854522 0.4250825 2.163973 27.01107 -6.052702 52.39425
0.4176787 0.4509614 2.177644 25.49962 -5.503084 52.53928
0.4574737 0.4695161 2.214266 22.88893 -3.869496 52.71486
0.5072783 0.4844087 2.216463 18.17901 0.3976793 53.14997
0.5099639 0.5168794 2.218416 13.52252 1.619053 53.82172
0.5334014 0.5134614 2.225252 13.56832 3.016 53.0202
0.5385283 0.5337251 2.226473 9.484352 3.267909 53.52402
0.5463408 0.5354341 2.253816 8.67519 4.390046 53.30264
0.5443877 0.5364106 2.284334 8.346947 5.878596 52.96676
0.5424346 0.5525239 2.323641 8.888931 7.970198 52.10417
0.5456084 0.5515473 2.330965 9.934732 9.542717 51.49348
0.5299834 0.5740083 2.348787 8.888931 12.16104 51.1118
0.5294951 0.5774262 2.373445 9.621756 14.9702 49.98966
0.5231475 0.5722993 2.399324 10.45382 18.43585 49.40188
0.5141143 0.5786469 2.399324 13.14847 21.84043 48.11943
0.5001983 0.5798676 2.404695 17.94237 25.31371 45.69196
0.4882354 0.5898774 2.381502 23.11794 28.36714 43.66142
0.4752959 0.5984223 2.363191 27.43855 31.00837 41.82936
0.4606475 0.6086762 2.337068 29.94237 33.23738 40.02783
0.4501494 0.6062348 2.326082 33.0874 35.00837 37.9744
0.4340362 0.6135591 2.309236 36.75153 36.42822 35.9973
0.423294 0.6042817 2.287264 40.86603 37.9931 34.08127
0.4289092 0.5071137 2.275057 48.07214 39.57325 33.84463
0.4223174 0.589145 2.25284 48.87366 40.28318 31.38661
0.416458 0.5835298 2.246492 52.72099 40.35188 29.55455
0.4115752 0.5830415 2.217439 46.48435 40.81753 30.26447
0.4096221 0.6106294 2.217439 42.01107 42.12287 29.44768
0.4142608 0.5950044 2.201814 40.78206 42.95493 28.47058
0.409378 0.601352 2.175447 39.94236 44.29844 27.69195
0.4103545 0.6108735 2.144197 40.24007 45.55799 26.02783
0.3983916 0.618686 2.10782 40.26297 45.00837 24.95913
0.3988799 0.623813 2.086336 37.95 44.61906 23.93623
0.4105987 0.6494477 2.055086 33.82023 42.95493 23.22631
0.4191436 0.6594575 2.055574 27.33931 42.56562 22.64615
0.4088897 0.6604341 2.045809 22.76679 41.66486 21.74539
0.4091338 0.651645 2.048982 20.32405 39.97783 20.59272
0.3996123 0.6457856 2.035555 18.49199 39.61142 19.89043
0.385208 0.6409028 2.040682 18.16374 38.50455 18.85989
0.3598174 0.6433442 2.040193 18.27824 37.71066 17.34081
0.3488311 0.66727 2.056307 18.75916 37.59615 15.52402
0.3312529 0.6562837 2.02701 19.54542 35.05417 14.31027
0.3241729 0.6489594 2.026766 20.56832 35.12287 12.39424
0.3136748 0.6518891 2.02823 21.30878 34.87096 10.24157
0.3080596 0.6457856 2.01285 22.65992 33.56562 8.669053
0.305374 0.6365083 1.994051 21.91947 32.55799 7.36371
0.2968291 0.6384614 2.001131 18.72863 31.77936 6.44768
0.2895049 0.6294282 1.980867 17.03397 31.18394 5.233939
0.2804717 0.6135591 1.964754 17.82786 29.68012 3.814091
0.2729033 0.6011079 1.946199 18.59122 28.09233 2.218672
0.2675322 0.585727 1.933992 19.22481 26.18394 1.180504
0.2650908 0.5691255 1.910066 19.45382 23.54272 0.5163822
0.2580107 0.5625337 1.894197 19.37748 21.05417 -0.06377029
0.2519072 0.5635102 1.89908 18.17138 18.22974 0.1347027
0.2448272 0.5625337 1.885652 14.9271 15.31371 0.7530231
0.2331084 0.5798676 1.880281 7.377481 11.41295 2.081266
0.228958 0.584018 1.905428 -1.737023 6.252641 3.890427
0.2274932 0.5537446 1.969881 -3.256107 3.260275 4.119434
0.2357939 0.5495942 2.008699 -3.668321 2.443481 4.462946
0.2484893 0.5608247 2.086092 0.4843512 -0.9229313 4.317909
0.2558135 0.5879243 2.115877 -0.7064886 0.1076031 3.699587
0.2755889 0.5918305 2.144197 -5.15687 1.191572 4.218672
0.2877959 0.5930512 2.130769 -7.660687 2.412947 4.302641
0.2865752 0.5823091 2.131014 -9.477481 3.412947 3.783558
0.2875518 0.5849946 2.128572 -11.17214 2.993099 4.043098
0.2855986 0.5669282 2.130037 -11.9126 3.687756 4.027832
0.2838897 0.5583833 2.120027 -10.40114 3.817527 3.699587
0.2770537 0.5588716 2.104646 -7.996565 4.008367 3.264473
0.2807158 0.5449555 2.095369 -4.637786 3.161038 2.74539
0.2807158 0.5461762 2.085359 -2.500382 3.474015 2.38661
0.2873076 0.5481294 2.056062 -0.7522902 3.550351 2.233938
0.2816924 0.5466645 2.030428 0.1713738 2.756458 2.226305
0.2882842 0.5639985 2.022127 0.9958014 2.855695 1.753023
0.2838897 0.559604 1.99283 2.629389 1.61142 1.38661
0.2921904 0.5688813 1.969393 3.629389 0.5198169 0.8827934
0.2855986 0.5759614 1.936189 2.163741 -0.7931603 1.74539
0.2885283 0.5776704 1.921053 1.171374 -4.006901 1.714855
0.2802275 0.5845063 1.89615 -0.9278626 -5.098504 1.287374
0.5902862 0.575229 2.525545 -25.83626 -54.47255 57.10417
0.4589385 0.6877778 1.772127 9.553053 37.29844 5.203404
0.4723662 0.6775239 1.759187 4.728626 34.66486 6.172871
0.4721221 0.6597016 1.764559 0.9118323 31.33661 6.951496
0.466751 0.6489594 1.756746 -2.622519 27.9931 8.012565
0.4621123 0.6379731 1.763582 -6.424046 25.64959 8.737756
0.4499053 0.6235688 1.778963 -9.034733 23.57325 9.386611
0.4445342 0.6145356 1.787996 -11.44695 21.09233 9.966763
0.4342803 0.5986665 1.796053 -14.31718 19.1076 10.89806
0.4259795 0.5832856 1.798982 -17.20267 17.02363 11.35608
0.4176787 0.5708344 1.809725 -20.96603 14.46638 12.66905
