0.6530303 -0.6637847 0.4745195 0.4003816 -22.04507 -23.14774
0.6378936 -0.6249663 0.4447343 2.530153 -21.18247 -22.1172
0.6022491 -0.6049468 0.4100664 6.262977 -20.77026 -21.76606
0.5285186 -0.504605 0.2189043 9.316412 -26.22828 -20.67446
0.5089873 -0.4826324 0.1693437 7.285878 -29.26644 -20.07904
0.498001 -0.4745757 0.1278398 5.858397 -33.9382 -19.68973
0.5001983 -0.4775054 0.1112382 7.484351 -38.984 -20.49888
0.5270537 -0.414273 0.08926558 -0.1263361 -43.70156 -18.1172
0.5392608 -0.4352691 0.0965898 -2.683588 -48.984 -18.10194
0.5436553 -0.4220855 0.1405351 -1.256107 -53.85423 -18.9569
0.5670928 -0.4682281 0.1859453 12.0187 -57.87713 -23.44545
0.5976104 -0.3590972 0.2047441 4.110305 -59.86186 -21.49125
0.6066436 -0.4008452 0.2408769 6.530153 -62.75499 -23.21644
0.6151885 -0.3993804 0.2892168 13.35458 -64.66339 -25.72026
0.6376494 -0.3703277 0.3248613 20.0645 -64.94583 -28.53705
0.643753 -0.3649566 0.3470781 26.82023 -66.54889 -31.15537
0.6613311 -0.3791167 0.3841875 39.9958 -66.76263 -35.37675
0.6610869 -0.2958648 0.374666 49.17137 -64.39622 -39.57522
0.6474151 -0.3415191 0.3775957 54.02633 -66.38858 -41.48362
0.6764678 -0.2890288 0.3744218 65.7897 -63.73972 -46.20881
0.6322783 -0.331021 0.3282793 69.61413 -62.70919 -48.8653
0.5941924 -0.3195464 0.2772539 74.69046 -64.04507 -51.81187
0.5690459 -0.3493316 0.2472246 79.05687 -64.54125 -54.20881
0.6251983 -0.3354156 0.1983964 79.98817 -63.47255 -54.76606
0.5243682 -0.3478667 0.08487105 72.67519 -65.41148 -54.28515
0.5009307 -0.3695952 0.03140426 71.32405 -73.755 -55.89584
0.4770049 -0.3815581 0.06363082 56.87366 -78.35805 -51.25462
0.6645049 -0.6327788 0.3751543 86.30115 -169.5565 43.74539
0.6298369 -0.6396148 0.3563554 94.86604 -171.5184 42.98203
0.6688994 -0.6667144 0.3282793 94.63702 -171.129 43.81409
0.6422881 -0.6300933 0.3297441 83.91946 -174.9382 48.21104
0.6757354 -0.7196929 0.3251054 82.18665 -174.213 49.39425
0.6637725 -0.744107 0.3128984 78.94237 -177.0298 52.53165
0.6754912 -0.7643706 0.3221757 81.17901 -179.755 54.0431
0.6708526 -0.8214995 0.339998 83.30878 -181.2588 55.16524
0.6867217 -0.8725249 0.3524492 92.67519 -184.0298 56.77592
0.6657256 -0.9106109 0.3634355 101.0492 -185.213 58.95913
0.6532744 -0.9289214 0.3854082 109.8202 -187.381 60.95913
0.6366729 -0.9457671 0.4083574 115.8889 -188.2588 64.50875
0.6327666 -0.9364898 0.4325273 117.2935 -187.61 69.00493
0.607376 -0.9538238 0.4588945 118.1714 -185.5871 72.90569
0.5561065 -0.9809234 0.4317949 120.2324 -184.8008 77.68432
0.6544951 -0.9237945 0.3888261 124.9653 -187.61 82.26447
0.6984405 -0.9753081 0.4449785 123.3622 -185.4573 84.34844
0.6640166 -1.015591 0.4437578 116.4615 -183.3504 92.94386
0.6486358 -1.038296 0.4313066 111.1103 -182.3122 100.8446
0.6310576 -1.021451 0.4039629 100.1637 -181.8466 109.5316
0.6327666 -1.024869 0.4027421 96.38512 -183.6787 116.6461
0.6227569 -1.040738 0.4159257 92.59885 -185.3199 122.3637
0.626419 -1.03732 0.4452226 90.50726 -186.2054 128.0736
0.6391143 -1.033658 0.4754961 89.56069 -186.3657 132.8294
0.6359405 -1.011929 0.5104082 88.24771 -187.7321 138.3026
0.6637725 -0.9821441 0.563875 93.01871 -188.2054 141.2645
0.6586455 -1.014615 0.5931718 97.8584 -188.7245 144.6156
0.638626 -1.002652 0.6398027 107.6141 -189.3351 146.5164
0.628128 -0.9960601 0.6864336 119.4386 -190.5413 148.7301
0.6178741 -0.9926421 0.7401445 132.1027 -188.7321 149.5469
0.6083526 -0.9701812 0.7857988 144.1408 -185.7474 152.2874
0.7047881 -0.8388335 0.7411211 154.9805 -185.1519 154.9973
0.6454619 -0.9491851 0.8461016 164.4004 -180.8848 148.8752
0.6383819 -0.9818999 0.8736895 181.3088 -175.1748 146.1347
0.6186065 -0.9389312 0.8177813 213.0721 -170.6405 138.6691
0.5829619 -0.7399566 0.9435137 195.6141 -177.8619 152.9362
0.6825713 -0.9213531 1.007967 188.1332 -150.4344 159.1271
0.6447295 -0.8759429 0.9364336 186.8126 -142.129 162.6538
0.572708 -0.8527495 0.8280352 186.408 -143.7626 165.1194
0.6085967 -0.8864409 0.8651445 185.1561 -142.1443 168.2721
0.6464385 -0.8341949 0.9012774 172.2019 -133.3733 175.8446
0.6239776 -0.8473784 0.8949297 162.7744 -126.4802 180.3103
0.5678252 -0.7961089 0.8993242 152.6217 -121.7474 185.0126
0.5666045 -0.8046538 0.8714922 146.95 -115.297 188.1347
0.5546416 -0.7914702 0.8402422 141.0416 -109.9458 191.5851
0.5189971 -0.7895171 0.8058184 138.5836 -108.2359 194.5546
0.4665069 -0.785855 0.7831132 140.5759 -104.9458 196.1347
0.4630889 -0.7577788 0.7560136 144.3088 -102.7779 198.753
0.4001006 -0.673062 0.7418535 143.9271 -101.2512 200.3026
0.3424834 -0.6303374 0.7037675 150.1714 -101.358 197.5087
0.3473662 -0.6112945 0.6417558 155.7821 -104.9916 193.982
0.3332061 -0.6310699 0.6363847 159.7973 -107.8084 192.6843
0.3302764 -0.5973784 0.6566484 159.5454 -109.8237 193.3713
0.3585967 -0.6237456 0.7052324 166.3546 -108.9458 190.7988
0.3644561 -0.6049468 0.7274492 170.0416 -108.8924 189.5469
0.3456572 -0.5663726 0.7230546 169.7821 -108.61 190.8828
0.3146514 -0.5641753 0.7442949 169.6217 -108.0603 190.9439
0.2943877 -0.5456206 0.767 170.9271 -107.5031 190.211
0.2829131 -0.5509917 0.7687089 169.1408 -108.3886 190.5011
0.282669 -0.5295074 0.8133867 165.5531 -109.1061 190.9286
0.2973174 -0.5182769 0.8605059 159.2248 -108.9229 192.0355
0.2890166 -0.4926421 0.8961504 150.9347 -106.9611 193.2492
0.3097686 -0.4838531 0.9378984 145.2095 -106.2741 194.3026
0.3405303 -0.4645659 0.9645098 136.7057 -103.0909 194.8828
0.3791045 -0.3207671 1.009187 113.9729 -100.7321 200.6691
0.3000029 -0.4589507 1.058504 109.6447 -97.0298 197.524
0.3166045 -0.415982 1.092684 107.6828 -96.02217 195.1423
0.2753447 -0.4418609 1.136141 98.64466 -94.8924 197.5011
0.2577666 -0.4618804 1.177644 100.7286 -91.09087 194.1805
0.2528838 -0.4631011 1.218904 104.7592 -88.90767 191.4706
0.2399443 -0.4955718 1.24698 106.2324 -86.21301 191.2339
0.2248076 -0.4850738 1.297273 112.263 -82.44202 188.8904
0.2165068 -0.4887359 1.323641 118.5989 -78.38095 186.0965
0.1845244 -0.4596831 1.323396 117.0798 -73.22064 186.2263
0.1718291 -0.4645659 1.280916 113.4691 -72.19011 188.1271
0.2121123 -0.3859527 1.313387 114.95 -68.94583 186.4706
0.2155303 -0.456021 1.328768 115.7668 -65.23591 185.4324
0.2118682 -0.3803374 1.342928 109.5607 -59.28934 186.2874
0.1750029 -0.3595855 1.334627 104.4386 -55.70156 186.6614
0.1361846 -0.3158843 1.327547 99.19427 -51.33514 186.753
0.1129912 -0.3007476 1.337557 94.11794 -47.71682 186.5775
0.1078643 -0.2804839 1.359041 88.82787 -45.50308 186.7072
0.07466114 -0.2514312 1.358797 82.9729 -39.90003 185.3713
0.07856739 -0.221646 1.371492 80.24008 -32.54125 182.1347
0.07392871 -0.2343413 1.362459 72.65993 -29.35041 181.6461
0.04731739 -0.2318999 1.360994 67.33168 -25.49545 179.15
0.01997364 -0.2331206 1.356844 65.11794 -23.69392 175.9744
0.01142871 -0.2384917 1.372957 65.9271 -19.85423 172.4858
-0.005416989 -0.2358062 1.376619 66.39275 -15.97637 168.1881
0.01655567 -0.2431304 1.371248 69.34695 -12.64812 162.6996
0.02729785 -0.216519 1.361238 62.53015 -9.464916 162.2797
0.001418948 -0.2636382 1.361971 69.7897 -6.342779 157.0431
0.4677276 -0.2568023 0.6661699 -68.1416 -48.40385 17.1805
0.5248565 -0.256314 0.7940996 -36.98893 -45.22827 13.1118
0.5253448 -0.2316558 0.8067949 -27.62252 -43.22827 11.70722
0.706253 -0.1962554 0.7770097 -22.69122 -34.49545 11.18814
0.5180205 -0.1293608 0.4798906 8.637022 -38.85423 4.974398
0.4865264 0.02859814 0.466707 22.03397 -57.31988 -1.033237
0.4677276 -0.02682178 0.657625 39.75916 -54.29697 -5.888199
0.4838408 0.04886182 0.6310136 47.65992 -44.8695 -11.05614
0.4516143 0.01834424 0.5104082 62.37748 -48.67865 -15.01034
0.4503936 0.1045259 0.4889238 60.48435 -54.90003 -17.77369
0.404251 0.08401806 0.5450761 68.11031 -51.99163 -22.56759
0.385208 0.09842236 0.5421464 67.94237 -48.29697 -24.54469
0.3781279 0.1489595 0.5030839 68.00344 -49.56415 -28.65919
0.2997588 0.07620556 0.5045488 70.18665 -48.36568 -32.08667
0.3043975 0.08084423 0.5331132 68.47672 -47.18247 -32.8424
0.2814482 0.1269868 0.5536211 61.98053 -43.76262 -33.89583
0.2799834 0.06253369 0.5401933 57.00344 -38.79316 -36.67446
0.2646025 0.04666455 0.5050371 43.00343 -36.38094 -36.30042
0.2719268 -0.02291553 0.5077226 30.96527 -33.69392 -35.1172
0.2802275 -0.02950732 0.52408 13.73626 -30.58705 -33.40728
0.2707061 -0.117398 0.5401933 -1.866794 -26.34278 -31.50652
0.2565459 -0.3183257 0.558748 -19.10344 -23.88476 -23.85766
0.2904815 -0.351773 0.6026933 -39.06527 -21.66339 -15.36912
0.3100127 -0.4186675 0.6290605 -48.99657 -13.06034 -10.8195
0.3520049 -0.4516265 0.5680254 -57.03473 -12.83896 -3.117207
0.3783721 -0.469937 0.5751054 -57.59199 -13.77789 0.6995869
0.3839873 -0.5092437 0.5812089 -52.50802 -12.97637 3.348442
0.3686064 -0.4928863 0.591707 -44.821 -12.64812 5.295008
0.3500518 -0.4982574 0.609041 -35.0042 -13.77026 6.753023
0.336624 -0.4740874 0.6466386 -27.49275 -13.16721 7.920961
0.3393096 -0.4606597 0.68033 -18.92786 -12.38858 8.989664
