2.289799 1.347352 0.6923018 -230.6163 27.14168 -248.4563
2.289799 1.113953 0.6012373 -230.6163 62.49282 -248.4563
2.289799 1.051942 0.574626 -230.6163 80.53099 -248.4563
2.289799 0.821961 0.4759932 -230.6163 103.6989 -248.4563
2.289799 0.6217657 0.3900557 -230.6163 131.844 -248.4563
2.289799 0.4882208 0.354167 -230.6163 152.2256 -248.4563
2.289799 0.2196661 0.1542158 -230.6163 181.8592 -248.4563
2.289799 0.01043762 0.03922558 -230.6163 217.9127 -248.4563
2.289799 -0.5435175 -0.2605791 -230.6163 231.0959 -248.4563
2.289799 -0.8272089 -0.2605791 -230.6163 231.0959 -248.4563
2.289799 -0.9351191 -0.2605791 -230.6163 231.0959 -248.4563
2.289799 -1.393615 -0.2605791 -230.6163 231.0959 -248.4563
2.289799 -1.697326 -0.2605791 -230.6163 231.0959 -248.4563
2.289799 -1.774963 -0.2605791 -230.6163 231.0959 -248.4563
2.289799 -1.774963 -0.2605791 -230.6163 231.0959 -248.4563
2.289799 -1.774963 -0.2605791 -230.6163 231.0959 -248.4563
2.289799 -1.774963 -0.2605791 -230.6163 231.0959 -248.4563
2.289799 -1.774963 -0.2605791 -230.6163 231.0959 -248.4563
1.345036 -1.774963 -0.2605791 -230.6163 231.0959 -248.4563
0.8059731 -1.774963 -0.2605791 -230.6163 231.0959 -248.4563
-0.4501304 -1.774963 -0.2605791 -230.6163 231.0959 -248.4563
-0.08294288 -1.774963 -0.2605791 -230.6163 128.5921 -248.4563
-0.4977378 -1.774963 -0.2605791 -96.34915 35.12641 -195.6089
-0.847103 -1.774963 -0.2605791 -46.37204 -55.06443 -130.6929
-1.317806 -1.774963 -0.2605791 46.08597 -140.5224 -72.25017
-1.379085 -1.774963 -0.2605791 52.26918 -178.6827 -25.73872
-1.424984 -1.774963 -0.2605791 90.64322 -224.0873 6.734565
-0.8947104 -1.774963 -0.2605791 110.7654 -262.3698 28.91777
-0.557064 -1.774963 -0.2605791 123.628 -269.1713 46.63533
-0.1935386 -1.774963 -0.2605791 143.689 -269.1713 65.25365
0.1192056 -1.774963 -0.2605791 167.0554 -269.1713 90.30708
0.2197915 -1.774963 -0.04207325 198.7196 -269.1713 118.4063
0.5444985 -1.774963 0.362956 217.5516 -269.1713 137.8796
0.7525064 -1.774963 1.154948 237.544 -269.1713 164.9789
0.9739419 -1.774963 1.325114 269.6508 -269.1713 186.2689
0.96027 -1.774963 1.476726 269.6508 -269.1713 206.9483
1.019352 -1.774963 1.655681 269.6508 -269.1713 224.2842
1.119206 -1.774963 1.810466 269.6508 -239.1713 239.4063
1.057926 -1.708557 1.962565 269.6508 -212.6827 247.643
1.102604 -1.477111 1.960124 269.6508 -187.9194 251.8109
1.094059 -1.34674 1.967692 269.6508 -161.3392 251.8109
1.074772 -1.070861 1.865642 269.6508 -137.9881 251.8109
1.075749 -0.9500116 1.776774 269.6508 -119.4308 251.8109
1.098454 -0.7278437 1.744304 269.6508 -98.91176 251.8109
1.107243 -0.6777948 1.638835 269.6508 -79.50717 251.8109
1.097477 -0.5698847 1.552897 269.6508 -61.52244 251.8109
1.129704 -0.4946894 1.439128 269.6508 -48.88885 251.8109
1.254215 -0.391662 1.305095 269.6508 -32.69038 251.8109
1.218083 -0.3457636 1.277019 269.6508 -21.13313 251.8109
1.226139 -0.2507929 1.183757 269.6508 -12.40794 251.8109
1.206852 -0.1785272 1.168376 269.6508 1.523357 251.8109
1.223942 -0.1704706 1.064616 269.6508 11.77527 251.8109
1.20612 -0.08917175 0.9803877 269.6508 20.84397 251.8109
1.145085 -0.1079706 0.9144697 269.6508 34.86687 251.8109
1.168766 -0.03472839 0.7987471 269.6508 38.79817 251.8109
1.162663 0.01995911 0.6764326 269.6508 46.05008 251.8109
1.171696 0.01971497 0.5453291 269.6508 54.57679 251.8109
1.172917 0.06585754 0.4696455 269.6508 58.6455 251.8109
1.147282 0.1491095 0.3087568 269.6508 62.39359 251.8109
1.121647 0.3202521 0.09733105 269.6508 65.43939 251.8109
1.013249 0.4806524 -0.05403614 269.6508 55.8745 251.8109
1.073307 0.6056524 -0.1607256 263.0402 48.38595 251.8109
1.109196 0.5839239 -0.1299639 250.2081 50.08061 251.8109
1.155583 0.7050177 -0.2605791 240.918 44.8974 251.8109
1.011784 0.7296759 -0.2605791 234.0402 33.08825 251.8109
1.086247 0.8019415 -0.2605791 215.3226 22.7829 251.8109
1.102116 0.7863165 -0.2605791 210.1928 17.18748 251.8109
1.134831 0.8773809 -0.2605791 194.1394 9.866869 251.8109
1.131413 0.9093634 -0.2605791 184.5898 -3.117863 251.8109
1.144596 0.9623419 -0.2605791 170.1852 -12.95756 251.8109
1.206608 1.012391 -0.2605791 163.7883 -23.24763 251.8109
1.261051 1.048035 -0.2605791 160.6432 -32.43847 251.8109
1.352848 1.067567 -0.2605791 157.1318 -41.20183 251.8109
1.270817 1.089539 -0.1900225 152.4371 -50.11786 251.8109
1.630924 1.067811 -0.1624346 149.773 -58.01099 251.8109
1.588932 1.273865 -0.01448536 153.6432 -56.04153 251.8109
1.603092 1.283387 0.00846386 153.8875 -57.46138 251.8109
1.672184 1.301453 0.02067089 167.315 -61.91939 251.8109
1.704167 1.345887 0.03019238 173.9791 -65.81252 251.8109
1.754704 1.396424 0.03898144 181.8875 -64.35451 251.8109
1.78278 1.528016 -0.01009083 185.7959 -65.1255 251.8109
1.780583 1.603943 -0.03621387 187.0249 -67.2858 251.8109
1.75275 1.708191 -0.07698536 184.3608 -68.22473 251.8109
1.879948 1.763856 -0.08992481 189.2921 -66.94992 251.8109
2.289799 -0.5781855 -0.2605791 -230.6163 211.0882 -248.4563
0.03326807 -1.774963 -0.2564287 140.5287 -262.1713 54.88724
0.1055337 -1.774963 0.3793135 173.4829 -269.1713 83.6964
0.4214517 -1.774963 0.9628096 184.9257 -248.7896 114.3834
0.5479165 -1.774963 1.195964 210.1928 -235.095 140.5819
0.5972329 -1.774963 1.416911 213.8646 -232.6599 169.7804
0.7642251 -1.774963 1.560222 230.8799 -210.5682 194.4445
0.9114419 -1.774963 1.746013 242.0783 -186.5835 218.6277
1.005192 -1.774963 1.833415 255.3531 -166.7514 239.4827
0.9959146 -1.774963 1.920329 269.6508 -147.782 249.788
1.051335 -1.774963 1.941569 269.6508 -122.6751 251.8109
1.090885 -1.774963 1.919353 269.6508 -96.9881 251.8109
1.127995 -1.598205 1.824626 269.6508 -72.49954 251.8109
1.088688 -1.383117 1.682536 269.6508 -49.11786 251.8109
1.098209 -1.241027 1.449382 269.6508 -29.07969 251.8109
1.080387 -1.158996 1.278239 269.6508 -12.84305 251.8109
1.041081 -1.005432 1.088786 269.6508 0.3248844 251.8109
1.070377 -1.017394 0.8722334 269.6508 12.57679 251.8109
1.107975 -0.9754023 0.6512861 269.6508 21.56153 251.8109
1.100163 -0.8745722 0.4628096 269.6508 31.88214 251.8109
1.005436 -0.7451777 0.2069502 269.6508 22.37832 251.8109
1.036198 -0.6292109 0.06949902 263.7501 21.28672 251.8109
1.050602 -0.5874628 0.01041698 257.2005 21.34015 251.8109
1.06696 -0.5037226 -0.0681963 253.7043 19.24855 251.8109
1.12653 -0.3941034 -0.2144365 250.46 14.03481 251.8109
1.156803 -0.2866815 -0.2605791 251.6585 5.622595 251.8109
1.208561 -0.2092889 -0.2605791 253.7348 -0.171299 251.8109
1.264713 -0.1016229 -0.2605791 253.7119 -7.469008 251.8109
1.337467 -0.02423035 -0.2605791 260.4524 -13.53771 251.8109
1.375553 0.06146301 -0.2605791 268.0402 -20.30107 251.8109
1.430973 0.1583868 -0.2605791 269.6508 -26.78962 251.8109
1.457829 0.2377326 -0.2605791 269.6508 -35.59114 251.8109
1.474674 0.2948614 -0.2605791 269.6508 -38.87359 251.8109
1.399723 0.4923712 -0.2605791 269.6508 -44.58351 251.8109
1.501286 0.6244513 -0.2605791 269.6508 -56.40031 251.8109
1.554997 0.9647833 -0.2605791 269.6508 -72.85069 251.8109
1.577213 1.012391 -0.2605791 269.6508 -77.72855 251.8109
1.607487 1.09491 -0.2605791 269.6508 -83.56824 251.8109
1.568913 1.154725 -0.2605791 269.6508 -95.36977 251.8109
1.589909 1.293641 -0.2605791 269.6508 -101.4614 251.8109
1.720768 1.357606 -0.2605791 269.6508 -110.3698 251.8109
1.758366 1.46869 -0.2605791 269.6508 -118.2858 251.8109
1.78693 1.493836 -0.2605791 269.6508 -124.9347 251.8109
1.820133 1.495545 -0.2605791 269.6508 -125.8736 251.8109
1.868717 1.539979 -0.2605791 255.689 -131.011 251.8109
1.909245 1.560975 -0.2605791 238.5364 -134.9041 251.8109
1.983952 1.61615 -0.1431475 223.4371 -138.1408 251.8109
2.028873 1.644471 0.003581047 212.7196 -139.9957 251.8109
2.072819 1.588318 0.1127119 213.399 -151.2629 251.8109
2.289799 1.84784 0.07291698 198.2768 -148.1942 251.8109
2.182926 2.224976 0.3566084 182.4906 -134.4919 251.8109
2.289799 2.224976 0.4969893 209.4371 -136.3698 251.8109
2.289799 2.224976 0.619792 256.5974 -114.2782 251.8109
2.172184 2.224976 0.5673018 265.9867 -93.93466 251.8109
2.107731 2.224976 0.432292 263.2463 -88.85832 251.8109
2.01276 2.224976 0.3783369 244.7348 -79.86595 251.8109
1.814762 2.224976 0.2062178 208.3455 -71.35451 251.8109
1.744694 2.224976 0.07975292 161.9944 -72.52245 251.8109
1.646549 2.224976 0.0934248 134.1089 -78.77435 251.8109
1.569157 2.224976 0.1263838 102.3073 -75.20183 250.8949
1.428776 2.224976 0.2230635 80.68903 -69.62168 197.4445
1.330876 2.224976 0.2023115 74.01727 -70.53008 153.7193
1.154118 2.224976 0.2821455 58.94093 -73.1255 107.6964
1.067692 2.224976 0.4137373 43.85696 -75.52245 60.03228
1.062809 2.224976 0.5384932 22.55162 -77.20947 10.95594
1.094303 2.224976 0.6446943 -0.9063969 -74.69038 -38.88375
