0.6565176 -0.7298111 0.3380069 -65.98721 -126.7925 36.74208
0.6811758 -0.752272 0.3372744 -65.33835 -132.5559 42.23826
0.6914297 -0.7952408 0.3463076 -66.13224 -138.1208 46.85658
0.6999746 -0.8374771 0.3724307 -65.08644 -143.762 52.00162
0.7077871 -0.866774 0.3912295 -64.8498 -149.136 57.25353
0.7368398 -0.8850845 0.4183291 -64.39178 -153.4108 62.76498
0.7502676 -0.9094986 0.4339541 -61.72766 -157.0826 67.80315
0.7536855 -0.915358 0.4566592 -60.06354 -159.9299 73.30696
0.7505117 -0.9180435 0.4695987 -58.34599 -162.1055 79.10849
0.7746816 -0.8975357 0.4468936 -54.57499 -162.8231 81.34513
0.7155996 -0.9473404 0.4202823 -50.53682 -170.4185 89.77261
0.7138906 -0.94319 0.3721865 -47.8956 -173.1742 91.86421
0.6958242 -0.9182877 0.3509463 -44.78873 -177.7086 97.81841
0.6284414 -0.9134048 0.3336123 -43.85743 -181.6322 100.3451
0.6330801 -0.870192 0.2449893 -42.11698 -185.5101 108.2535
0.5954824 -0.8740982 0.1790713 -50.93377 -194.991 115.6734
0.5490957 -0.9422134 0.1580752 -54.63606 -200.8994 121.078
0.5525136 -0.9788345 0.09826077 -57.74293 -206.7086 125.2993
0.5144277 -1.030348 0.04528224 -60.57499 -212.9528 132.826
0.5217519 -1.105299 -0.03870213 -62.36889 -220.1666 138.8031
0.5041738 -1.130202 -0.02600682 -63.75819 -230.7009 144.9329
0.5193105 -1.176588 -0.0330869 -63.804 -239.7086 151.3833
0.549584 -1.196852 -0.0433408 -62.01774 -249.2505 156.4291
0.5840078 -1.232252 -0.006963849 -60.47575 -254.2429 163.1619
0.6206289 -1.276198 0.01818264 -60.13224 -254.2429 169.4902
0.6657949 -1.309157 0.06286037 -62.23148 -254.2429 178.2612
0.7151113 -1.326491 0.09166897 -66.17041 -254.2429 188.3146
0.7661367 -1.360915 0.1260928 -71.20858 -254.2429 200.2841
0.8025137 -1.372633 0.1636904 -76.17041 -254.2429 212.0779
0.8301016 -1.380202 0.1895694 -77.19331 -254.2429 222.1161
0.8559805 -1.312086 0.1890811 -80.50629 -254.2429 231.6428
0.9074942 -1.323805 0.1866397 -80.39178 -254.2429 236.8795
0.90725 -1.280104 0.1426944 -86.34599 -254.2429 247.3222
0.9197012 -1.270338 0.1050967 -87.60552 -254.2429 251.6963
0.9431387 -1.216872 0.08068264 -89.41469 -254.2429 251.6963
0.9775625 -1.134596 0.0516299 -94.38416 -254.2429 251.6963
1.041527 -1.060133 0.03014553 -96.88797 -254.2429 251.6963
1.089623 -0.9842056 0.03844631 -102.1322 -254.2429 251.6963
1.154564 -0.896315 0.0870303 -105.3155 -254.2429 251.6963
1.22268 -0.8401627 0.1190127 -103.3383 -254.2429 251.6963
1.286645 -0.7334732 0.2383975 -99.26965 -254.2429 251.6963
1.396996 -0.6372818 0.3384951 -92.90324 -254.2429 251.6963
1.475121 -0.5076431 0.4932803 -83.00247 -254.2429 251.6963
1.374047 -0.5164322 0.6829776 -79.16278 -254.2429 251.6963
1.666772 -0.4143814 0.749628 -63.59026 -254.2429 251.6963
-0.08274023 1.556078 1.098505 -79.43758 -47.06733 2.505435
0.7165761 0.851976 1.220575 -237.117 24.28382 -248.5709
0.7429433 0.7638412 1.171747 -248.4376 24.72657 -248.5709
0.8095938 0.6215073 1.177118 -243.2086 36.57389 -248.5709
0.7827383 0.485521 1.02331 -248.5139 40.99374 -248.5709
0.7715078 0.1283432 0.9947452 -237.8803 48.25328 -248.5709
0.9104239 0.1249253 0.8507022 -221.4223 57.10061 -248.5709
0.7380605 0.05119482 0.8753604 -218.2773 56.13878 -248.5709
0.5551992 -0.1697525 0.8445987 -190.9796 51.59679 -248.5709
0.6186758 -0.3186782 0.6707705 -177.9032 64.1235 -248.5709
0.4133535 -0.5315689 0.6688174 -210.2773 69.03954 -248.5709
0.3381582 -0.7039322 0.579462 -213.3842 48.33725 -248.5709
0.3879629 -1.008864 0.6795596 -174.117 52.03954 -248.5709
0.2258535 -0.8765396 0.6155948 -191.9796 13.97084 -248.5709
0.2417227 -1.212965 0.5374698 -181.7353 30.90214 -248.5709
0.2126699 -1.166335 0.3846377 -172.3994 25.83344 -248.5709
0.1838613 -1.308668 0.3196963 -169.7582 17.26092 -248.5709
0.04714258 -1.497633 0.1961612 -172.1933 12.60443 -248.5709
0.01100977 -1.608961 0.1141299 -149.8498 16.07771 -240.4335
-0.1088633 -1.621657 0.195917 -115.5903 -1.151298 -234.7541
-0.1996836 -1.737135 0.1265811 -101.0406 -3.899389 -230.1969
-0.1369395 -1.556715 0.216669 -98.25438 -13.04443 -219.8304
-0.0951914 -1.171217 0.3299502 -124.8727 -21.38794 -187.3114
-0.1196055 -1.148268 0.5179385 -135.659 -23.2658 -184.1205
-0.1366953 -1.201491 0.5804385 -127.1933 -34.65511 -162.4869
-0.1672129 -1.104079 0.6866397 -130.1552 -30.03679 -167.2579
-0.08103125 -1.093336 0.8721866 -111.0406 -34.44138 -157.9297
-0.09421484 -1.101881 0.9637393 -93.7811 -37.97572 -150.0137
-0.08689062 -1.065504 1.100946 -85.32308 -30.79252 -157.8763
-0.1122813 -0.910231 1.256952 -79.95667 -31.49481 -144.0518
-0.1137461 -0.8474869 1.252313 -85.25438 -28.20473 -138.0442
-0.3198008 -1.062086 1.356806 -73.02538 -28.21237 -127.9831
-0.1706309 -1.110915 1.270868 -42.12461 -19.29634 -138.5556
-0.2839121 -0.9861588 1.275019 -38.13224 -9.097862 -134.0595
-0.2419199 -0.7761978 1.200067 -44.20095 -10.44901 -128.9221
-0.2292246 -0.9829849 1.123896 -30.42232 -13.22763 -125.7465
-0.2260508 -1.170485 1.045282 -23.6895 -16.75435 -116.1205
-0.2851328 -1.253249 1.026728 -15.17805 -13.86122 -119.7388
-0.3117442 -1.14485 1.005976 -14.60553 -14.86886 -107.7846
-0.3976817 -1.235915 1.05871 -17.6895 -21.01389 -97.70067
-0.3093028 -1.383131 0.9818057 -5.765832 -20.83832 -87.4564
-0.3014903 -1.292799 1.071161 -2.254382 -17.47191 -87.32662
-0.2770762 -1.239821 1.131708 -5.811634 -20.44138 -65.73884
-0.2690196 -1.279616 1.18078 -10.8269 -17.79252 -54.92204
-0.2612071 -1.280348 1.220331 -4.552092 -14.60168 -44.54036
-0.2492441 -1.1761 1.241327 4.722718 -10.69328 -38.69304
-0.2353281 -1.073561 1.287958 12.42501 -7.578779 -32.51746
-0.3273692 -0.9712662 1.324823 26.43264 -8.937557 -32.53273
-0.2162852 -0.7578873 1.400995 28.90592 -1.235267 -31.6854
-0.247291 -0.6814713 1.426386 33.04333 0.29145 -26.44876
-0.2924571 -0.6304459 1.43786 33.31814 1.207481 -16.31136
-0.2861094 -0.6668228 1.396356 31.53951 7.314351 -21.99838
-0.2153086 -0.7097916 1.306024 43.86776 5.986107 -10.71594
-0.3368906 -0.7891373 1.318964 64.89829 5.421221 -12.20449
-0.3193125 -0.5662369 1.22497 59.85249 11.55099 -17.5709
-0.3180918 -0.5147232 1.240351 40.16547 6.459389 -8.257924
-0.3373789 -0.6919693 1.119745 38.03569 5.085343 -4.227389
-0.3261485 -0.628981 1.148065 36.41737 7.18458 -3.792274
-0.3007578 -0.5535416 1.171015 34.84486 5.711297 4.650473
-0.2834239 -0.4873794 1.190546 33.73798 6.20748 5.520702
-0.2560801 -0.4412368 1.229608 34.48608 6.062443 6.497802
-0.2297129 -0.3365005 1.265497 32.41737 5.696031 5.978718
-0.2018809 -0.2537368 1.321161 26.50898 5.024275 6.329863
-0.1364512 -0.2063735 1.370478 23.18837 4.97084 7.383298
-0.2155527 -0.2344497 1.468866 19.04333 6.818168 10.13902
-0.1935801 -0.1873306 1.483271 10.20363 5.596794 11.79551
-0.1125254 -0.1726821 1.511347 6.654015 8.390687 9.352763
-0.06540625 -0.1487564 1.541864 4.654015 9.925038 9.597038
0.03737695 -0.2066177 1.538202 8.302871 12.53573 2.230626
-0.06125586 -0.1460708 1.652216 27.1731 16.02427 3.772611
0.2187734 0.03190771 1.664667 19.46318 17.95557 -14.54037
0.204125 -0.02180323 1.809687 12.74562 12.74183 10.61994
0.03517969 -0.1499771 1.872187 49.2189 9.947939 9.192458
0.1201406 0.03215185 1.977167 43.93646 41.65786 -11.44876
0.1089102 -0.06867823 2.015985 17.42501 47.28382 -14.18159
0.0844961 -0.1375259 2.282099 32.76089 55.19985 -12.13579
0.1667715 -0.1770767 2.079462 55.36394 57.43649 -22.6396
0.122582 0.03581396 2.240107 41.74562 59.6884 -30.91441
0.2824941 -0.1575454 2.164911 45.13493 62.20749 -39.46403
0.3869863 -0.1370376 2.216913 54.16547 69.9403 -43.79227
0.4753652 -0.2183364 2.226679 65.69218 81.46702 -51.07471
0.5881582 -0.2967056 2.292597 80.60058 93.77236 -56.48693
0.6311269 -0.2473892 2.354853 89.00516 113.6121 -58.54036
0.7153554 -0.2517837 2.425165 89.24181 139.3983 -56.53273
0.7170644 -0.1558364 2.486933 85.30287 159.7189 -34.6854
0.6953359 -0.2429946 2.620722 74.18837 168.6808 -10.80754
0.6067129 -0.3816665 2.783075 58.56241 205.7876 -39.96021
0.7685781 -0.2256607 2.989862 36.43264 182.7953 -51.25029
0.7610097 -0.3369888 2.893915 25.97463 191.7647 -16.68541
0.8701406 -0.4234146 2.872431 17.79906 201.9098 -27.20449
-0.3246836 -1.250807 1.225946 -17.01774 28.23801 4.123756
-0.3720469 -0.5530533 1.100946 30.18073 2.963206 23.31459
-0.3649668 -0.4922622 1.140009 32.95936 0.2685494 22.53597
-0.3556895 -0.4529556 1.164423 34.13493 -2.197099 22.90238
-0.3403086 -0.4153579 1.201532 34.2647 -3.899389 22.71918
-0.3151621 -0.3821548 1.234491 33.2189 -5.678016 22.3375
-0.2922129 -0.3665298 1.265009 33.3563 -7.693283 22.71154
-0.2499766 -0.3631118 1.271845 35.89066 -7.60168 22.94818
-0.2209238 -0.3496841 1.30456 41.79142 -7.678016 21.4749
-0.2189707 -0.3108657 1.368524 46.29524 -8.563512 17.21536
-0.1862559 -0.2996353 1.400507 52.71508 -7.105496 18.97872
-0.1449961 -0.3091568 1.411249 62.2418 -7.250535 18.11612
-0.1108164 -0.2461685 1.467401 75.55478 -6.387939 24.74971
-0.1269297 -0.1883071 1.535517 76.69218 -3.41084 15.08559
-0.1286387 -0.1104263 1.648554 79.57768 2.612061 8.123755
