1.21442 2.224976 1.113933 87.10887 -104.5148 -60.03643
1.204167 2.224976 1.235759 70.71956 -103.3316 -76.59368
1.385075 2.224976 1.252849 41.37605 -76.81252 -135.7998
1.327213 2.224976 1.427409 27.10887 -76.75908 -174.296
1.3736 2.224976 1.412517 1.513451 -65.97282 -211.1128
1.380192 2.224976 1.451579 -33.87586 -59.56061 -244.6013
1.51276 2.224976 1.444011 -60.07434 -46.49954 -248.4563
0.4502603 -1.774963 -0.2605791 -230.6163 211.7447 -248.4563
0.1250649 -1.774963 -0.2547197 206.5211 -269.1713 136.8414
0.2322427 -1.774963 0.08121777 235.3684 -269.1713 163.3147
0.4705239 -1.774963 0.4425459 266.376 -269.1713 188.933
0.651188 -1.774963 0.7545576 269.6508 -264.7285 212.2995
0.7849771 -1.774963 0.9379072 269.6508 -253.3163 234.3987
0.8533364 -1.774963 1.014323 269.6508 -242.1942 244.2384
0.883854 -1.617736 1.065837 269.6508 -225.1179 251.8109
0.9578286 -1.2984 1.075847 269.6508 -211.4766 251.8109
0.993229 -1.108215 1.109538 269.6508 -199.6064 251.8109
0.9844399 -0.9417109 1.139323 269.6508 -190.9194 251.8109
1.027897 -0.7554316 1.099528 269.6508 -169.8507 251.8109
1.021549 -0.5894159 1.143474 269.6508 -151.2324 251.8109
1.040592 -0.4517206 1.052165 269.6508 -135.6675 251.8109
1.059635 -0.3228143 0.9852705 269.6508 -125.2858 251.8109
1.034733 -0.233703 0.9769697 269.6508 -112.3469 251.8109
1.042545 -0.1797479 0.8702803 269.6508 -100.5988 251.8109
1.062321 -0.1231073 0.8216963 269.6508 -91.82779 251.8109
1.085026 -0.03912292 0.7943525 269.6508 -81.60641 251.8109
1.118717 -0.02325378 0.7191572 269.6508 -70.59114 251.8109
1.136295 0.009949342 0.6886396 269.6508 -61.71328 251.8109
1.165348 0.031922 0.6171064 269.6508 -51.33924 251.8109
1.164372 0.06610168 0.534831 269.6508 -42.3316 251.8109
1.190495 0.2025763 0.2999678 269.6508 -21.72855 251.8109
1.176579 0.2282111 0.2474775 269.6508 -17.06443 251.8109
1.188297 0.2555548 0.1669111 269.6508 -11.49954 251.8109
1.164616 0.2643439 0.09244823 269.6508 -9.339237 251.8109
1.201969 0.2631232 0.007975578 267.1547 -6.949924 251.8109
1.193424 0.363465 -0.05232716 242.6432 -3.507176 251.8109
1.18317 0.3624884 -0.1651201 229.6203 -5.934657 251.8109
1.199528 0.5870977 -0.2605791 223.5669 -9.240001 251.8109
1.180729 0.7186895 -0.2605791 200.5822 -19.65221 251.8109
1.225407 0.6051641 -0.2605791 193.7119 -23.49954 251.8109
1.239811 0.7323614 -0.2605791 176.9867 -31.72092 251.8109
1.267643 0.7589727 -0.2605791 167.2616 -42.24763 251.8109
1.370182 0.809754 -0.2605791 154.6814 -53.0797 251.8109
1.366764 0.9098516 -0.2605791 140.231 -62.85069 251.8109
1.401432 0.9672247 -0.2605791 130.8493 -79.18657 251.8109
1.444889 1.000672 -0.2605791 124.8722 -95.75145 251.8109
1.534489 0.9472052 -0.2605791 128.1928 -101.1255 251.8109
1.650456 1.094178 -0.2605791 126.2081 -116.1637 251.8109
1.726383 1.02533 -0.166585 162.8875 -136.3469 251.8109
1.820622 1.025086 0.003825188 160.3837 -132.0263 251.8109
1.923161 0.8908087 0.04606152 201.9104 -143.3011 251.8109
2.069645 0.9105841 0.03287792 205.3761 -149.2553 251.8109
2.161686 0.9974981 0.1661787 227.1852 -152.2934 251.8109
2.223698 1.037537 0.2208662 241.4218 -153.7438 251.8109
2.264713 1.215516 0.2174482 256.689 -150.0339 251.8109
2.289799 1.341004 0.1893721 269.6508 -153.3698 251.8109
2.289799 1.454041 0.1222334 269.6508 -157.5682 251.8109
2.289799 1.830506 0.1515303 269.6508 -155.3469 251.8109
2.289799 2.224976 -0.08211231 269.6508 -159.3774 251.8109
2.289799 2.224976 0.1590986 269.6508 -150.7591 251.8109
2.289799 2.224976 0.3304853 269.6508 -129.156 251.8109
2.127995 2.224976 0.2330732 267.9715 -117.2095 251.8109
1.928776 2.224976 0.1405439 248.4447 -117.2934 251.8109
1.869938 2.224976 0.1735029 229.0478 -126.5148 251.8109
1.774479 2.224976 0.2093916 199.3608 -126.2553 251.8109
1.667057 2.224976 0.3917646 182.6356 -127.553 251.8109
1.622379 2.224976 0.5721846 163.6051 -97.11786 251.8109
1.605778 2.224976 0.6022139 149.857 -87.32397 209.2995
1.418034 2.224976 0.6495771 116.9257 -87.02626 169.3987
1.346012 2.224976 0.7130537 83.46001 -86.01863 122.8949
1.334293 2.224976 0.8053389 52.52872 -82.09496 69.29945
1.295231 2.224976 0.9440107 29.23101 -71.92702 10.73456
1.224918 2.224976 0.9518232 0.07833481 -63.36977 -46.76162
1.180729 2.224976 0.9139814 -23.78426 -56.50718 -105.4181
1.16901 2.224976 0.9581709 -47.50182 -53.59878 -158.6395
1.377018 2.224976 0.8151045 -82.769 -49.29343 -215.9754
1.577702 2.224976 0.8143721 -74.10487 -40.68275 -248.4563
1.735172 2.224976 0.6744795 -95.24228 -36.82779 -248.4563
1.84943 2.224976 0.6166182 -108.8377 -33.78199 -248.4563
1.980045 2.224976 0.534831 -129.4713 -30.66748 -248.4563
2.017643 2.224976 0.5270185 -143.9217 -29.53008 -248.4563
2.08112 2.224976 0.5546064 -162.0896 -25.2629 -248.4563
2.145084 2.224976 0.5826826 -179.1125 -20.78962 -248.4563
2.219547 2.168885 0.6312666 -191.2041 -14.50718 -248.4563
2.289799 1.955018 0.6656904 -204.0591 -6.575878 -248.4563
2.289799 1.762147 0.7023115 -218.7156 3.14168 -248.4563
2.289799 1.643738 0.7032881 -230.6163 12.22565 -248.4563
2.289799 1.519471 0.7369795 -230.6163 23.61496 -248.4563
2.289799 1.382264 0.7335615 -230.6163 35.04244 -248.4563
2.289799 1.279969 0.7093916 -230.6163 47.66076 -248.4563
2.289799 1.127869 0.7198896 -230.6163 62.20275 -248.4563
2.289799 1.06952 0.6735029 -230.6163 73.86687 -248.4563
2.289799 0.91742 0.6590986 -230.6163 94.5997 -248.4563
2.289799 0.8698126 0.5514326 -230.6163 106.6989 -248.4563
2.289799 0.6806036 0.5489912 -230.6163 125.8592 -248.4563
2.289799 0.5656134 0.4381514 -230.6163 146.2791 -248.4563
2.289799 0.4445196 0.3456221 -230.6163 165.2333 -248.4563
2.289799 0.361756 0.2369795 -230.6163 180.8745 -248.4563
2.289799 0.3580939 0.2289228 -230.6163 200.0806 -248.4563
2.289799 0.1210333 -0.09236622 -230.6163 211.2944 -248.4563
0.8621255 -1.127258 1.229167 153.5898 -68.00336 251.8109
0.989811 0.2030646 0.482585 212.2997 14.11115 251.8109
1.012272 0.3129278 0.394206 205.3073 15.90504 251.8109
1.009831 0.3244025 0.3028975 210.0936 14.66076 251.8109
0.9934731 0.4367071 0.2147627 202.3913 14.30198 251.8109
0.9942056 0.4730841 0.1251631 206.002 15.26382 251.8109
0.9710122 0.6510626 -0.1499834 210.9409 7.33252 251.8109
0.8684731 1.059998 -0.1958818 192.6203 -9.369771 251.8109
0.9033853 0.9960333 -0.2605791 181.6203 -17.07969 251.8109
0.9224282 1.090272 -0.2605791 174.0783 -30.41557 251.8109
0.9707681 0.9872442 -0.2439775 160.4677 -40.61404 251.8109
1.034977 0.969422 -0.1919756 155.3302 -47.11786 251.8109
1.108708 1.049744 -0.2163897 144.9028 -55.14076 251.8109
1.127262 1.096863 -0.1717119 130.5516 -65.30107 251.8109
1.170719 1.112244 -0.08919239 123.0478 -73.70565 251.8109
1.197331 1.204041 -0.03133106 114.2692 -82.00336 251.8109
1.304264 1.277527 -0.01399708 112.2921 -90.36977 251.8109
1.354313 1.301453 0.09195995 114.9486 -101.2095 251.8109
1.329655 1.276307 0.2357588 129.7425 -106.3698 251.8109
1.564518 1.372742 0.2665205 133.8799 -110.1408 251.8109
1.545231 1.377137 0.4576826 169.7196 -119.4766 251.8109
1.654362 1.451844 0.4274092 185.1318 -109.0339 251.8109
1.692936 1.404725 0.4064131 225.6814 -108.6064 251.8109
1.816471 1.322449 0.291667 257.9485 -114.4995 251.8109
1.751774 1.423279 0.5008955 269.6508 -114.0339 251.8109
1.852604 1.269227 0.3656416 269.6508 -103.095 251.8109
1.952458 1.297303 0.2399092 269.6508 -102.9423 251.8109
2.042789 1.268983 0.05070019 269.6508 -93.87358 251.8109
2.117985 1.490906 -0.1043291 269.6508 -89.18657 251.8109
2.159245 1.529481 -0.1106768 269.6508 -88.92702 251.8109
1.868717 1.706238 -0.1121416 269.6508 -86.93466 251.8109
1.900944 1.877625 -0.1641436 269.6508 -75.3087 251.8109
2.028873 2.06659 -0.2605791 263.1012 -72.56061 251.8109
2.289799 2.224976 -0.2605791 249.9867 -96.58351 251.8109
1.853581 2.224976 -0.2605791 243.1318 -111.4537 251.8109
1.939518 2.224976 -0.001301765 251.231 -88.90413 251.8109
1.674381 2.224976 0.05387402 222.9791 -65.74382 251.8109
1.500065 2.224976 -0.05354786 199.8722 -71.89648 251.8109
1.416325 2.224976 0.001627922 172.4218 -87.4232 251.8109
1.375797 2.224976 0.3361006 130.4677 -94.57588 199.8491
1.398258 2.224976 0.44279 120.2768 -84.09496 134.3911
1.159489 2.224976 0.7731123 64.10887 -64.56824 90.04754
1.014713 2.224976 0.7347822 20.07833 -69.24763 33.79563
0.9356118 2.224976 0.9696455 -7.433115 -66.1713 -28.22727
0.9505044 2.224976 1.055583 -40.74609 -56.41557 -103.9677
0.9292642 2.224976 1.114421 -46.49418 -47.43084 -176.6013
1.100651 2.224976 0.831706 -91.73082 -40.98046 -237.6471
1.384342 2.224976 0.7196455 -89.53998 -39.25527 -248.4563
1.72443 2.224976 0.4459639 -102.3568 -37.84306 -248.4563
1.891178 2.224976 0.3216963 -112.2728 -39.73618 -248.4563
