0.3332754 -0.2820571 2.057734 -2.804 113.3678 -42.6396
0.1477285 -0.2759536 1.869257 3.592947 128.3754 -39.58617
-0.01316015 -0.1934341 1.525507 -1.407053 128.5128 -32.74647
-0.1200938 -0.1922134 1.485224 5.974626 122.696 -35.82281
-0.2060313 -0.1055435 1.252313 26.60822 117.1006 -47.04418
-0.2475352 -0.0408462 1.009149 16.41737 101.7037 -27.29609
-0.2509531 -0.2097915 1.026728 14.95936 103.5815 -42.05945
-0.361793 -0.2293228 0.7737979 18.34104 105.2609 -70.87624
-0.4806895 -0.007154793 0.6219424 2.035695 101.6197 -26.38006
-0.5932383 -0.1687759 0.6129092 10.50134 110.0472 -38.44113
-0.6132578 -0.01569971 0.6273135 12.3105 86.38305 -34.26556
-0.457252 -0.04792628 0.4798526 10.65402 80.10061 -32.47166
-0.4858164 -0.07527003 0.5452823 10.59295 74.19984 -29.02892
-0.4557871 0.01335302 0.5338077 6.203633 64.77236 -27.31899
-0.4030528 0.1171128 0.5487002 0.6234809 54.6426 -24.22739
-0.3437266 0.1202866 0.602167 -4.796367 49.44412 -22.28082
-0.2250742 0.1317612 0.6580752 -12.40705 40.62733 -20.35716
-0.1408457 0.1561753 0.8048038 -12.70476 43.83344 -20.5022
-0.2267832 0.2142807 0.794794 -24.69713 41.32962 -17.96785
-0.1801523 0.1718003 0.7935733 -15.52156 29.79527 -22.78464
-0.1215586 0.2738511 1.066278 -0.6513282 14.22275 -37.97548
-0.03781836 0.1891343 1.12829 8.478443 13.85634 -44.56327
-0.04294531 0.1727768 1.218134 14.82959 14.93267 -49.95258
0.002220705 0.08439795 1.255731 22.44791 19.88687 -55.15868
-0.000953123 0.05778661 1.230341 25.1502 23.6655 -59.12815
-0.07346289 -0.00593409 1.190058 24.44791 26.8487 -60.13578
0.4726797 -1.202956 -0.06165135 40.20364 146.4059 -29.00602
0.4526601 -1.085524 -0.06165135 36.53188 135.5205 -18.24266
0.4248281 -1.024977 -0.06165135 30.44791 118.8182 -7.120519
0.4258047 -0.9873795 -0.06165135 31.07386 101.9632 2.184824
0.3706289 -0.875563 -0.06165135 28.94409 87.55862 11.06269
0.5061269 -0.7508072 -0.06165135 16.93646 77.19984 18.76498
0.4336172 -0.7183365 -0.06165135 18.69982 58.63496 23.16192
0.4555898 -0.6624283 -0.06165135 19.2418 41.55863 27.49017
0.4609609 -0.6267838 -0.06165135 20.2418 24.54336 31.61994
0.4616933 -0.5042252 -0.06165135 12.86012 -4.510077 36.89475
0.6133047 -0.4859146 -0.06165135 4.417374 2.650229 37.60467
0.5442129 -0.540358 -0.06165135 -6.552092 -17.88412 42.44437
0.5654531 -0.5371841 -0.06165135 -6.29255 -30.78489 44.06269
0.5686269 -0.4973892 -0.06165135 -9.521558 -44.75435 47.23826
0.5525136 -0.5066666 -0.06165135 -12.76583 -58.29633 49.48254
0.5515371 -0.5340103 -0.06165135 -13.88797 -71.29634 51.39857
0.5449453 -0.566481 -0.06165135 -14.33072 -85.18183 53.84895
0.5466543 -0.6004166 -0.06165135 -14.97957 -99.34214 57.13902
0.573998 -0.6253189 -0.06165135 -16.92614 -112.9376 61.12376
0.5915761 -0.6365494 -0.06165135 -20.26201 -126.5024 66.2459
0.6128164 -0.6590103 -0.06165135 -23.60553 -138.5788 70.94818
0.6211172 -0.6685318 -0.06165135 -27.37652 -149.6933 75.69627
0.6240469 -0.6922134 -0.06165135 -30.88797 -161.8536 81.28407
0.6203847 -0.7254166 -0.06165135 -34.81163 -172.5635 86.91002
0.6196523 -0.7627701 -0.06165135 -37.05591 -184.0368 92.36803
0.6355215 -0.7779068 -0.06165135 -38.16278 -195.678 97.60468
0.6513906 -0.7884048 -0.06165135 -38.61316 -207.4643 103.2001
0.6626211 -0.776442 -0.06165135 -38.47575 -219.1055 108.5131
0.681664 -0.7630142 -0.06165135 -38.52156 -230.3116 113.5207
0.7112051 -0.7437271 -0.06165135 -38.09407 -240.7696 117.8108
0.7419668 -0.7307877 -0.06165135 -37.23148 -250.991 122.2993
0.7751699 -0.7171158 -0.06165135 -35.46049 -254.2429 126.2841
0.7932363 -0.7010025 -0.06165135 -33.88034 -254.2429 130.3146
0.8318106 -0.6936783 -0.06165135 -31.804 -254.2429 133.7344
0.8601309 -0.6829361 -0.06165135 -28.98721 -254.2429 137.1543
0.9126211 -0.6714615 -0.06165135 -25.6895 -254.2429 140.1085
0.9529043 -0.6494888 -0.06165135 -20.7124 -254.2429 142.2917
0.9841543 -0.620192 -0.06165135 -15.47576 -254.2429 143.91
0.9929434 -0.5933365 -0.06165135 -13.75056 -254.2429 145.9558
0.9560781 -0.5899185 -0.06165135 -12.17041 -254.2429 149.1085
0.9616934 -0.5945572 -0.06165135 -10.30018 -254.2429 151.0474
0.959252 -0.6275162 -0.06165135 -6.437588 -254.2429 153.2535
0.9614492 -0.6787857 -0.06165135 0.7685191 -254.2429 154.681
0.9724356 -0.705397 -0.06165135 9.257069 -254.2429 156.1848
0.9800039 -0.72444 -0.06165135 17.64638 -254.2429 158.6505
0.9868399 -0.7229752 -0.06165135 26.60822 -254.2429 160.6047
1.001488 -0.7239517 -0.06165135 34.70745 -254.2429 164.0779
1.027367 -0.6990494 -0.06165135 43.51661 -254.2429 167.1008
1.035668 -0.6800064 -0.06165135 50.36394 -254.2429 170.8871
1.056176 -0.6485123 -0.06165135 55.40211 -254.2429 174.4215
1.084984 -0.627272 -0.06165135 58.50898 -254.2429 178.6199
1.107934 -0.6389908 -0.06165135 62.20364 -254.2429 182.826
1.134057 -0.660231 -0.06165135 69.93646 -254.2429 185.452
1.162377 -0.6626724 -0.06165135 75.57005 -254.2429 189.681
1.177025 -0.6695084 -0.06165135 84.01279 -254.2429 192.5665
1.26516 -0.6521744 -0.06165135 93.18837 -254.2429 196.1925
1.266869 -0.6524185 -0.03870213 103.7762 -254.2429 198.6657
1.319359 -0.5801529 -0.0108701 113.0891 -254.2429 201.5054
1.325951 -0.5271744 0.02208889 120.6311 -254.2429 205.7115
1.085717 -0.4868911 0.0960635 124.6311 -254.2429 211.3909
1.23977 -0.2942642 0.1995791 125.9059 -254.2429 209.8337
1.398461 -0.3325943 0.2669619 135.4403 -254.2429 209.8489
1.480492 -0.3506607 0.263544 140.7761 -254.2429 210.8489
1.495141 -0.3428482 0.2689151 146.6693 -254.2429 213.9558
1.524438 -0.2805923 0.3121279 149.5319 -254.2429 216.9482
1.536645 -0.2276138 0.3609561 143.5929 -254.2429 221.368
1.523461 -0.1961196 0.4217471 136.5013 -254.2429 227.0169
1.54226 -0.1978286 0.4717959 128.1197 -254.2429 230.8795
1.457299 -0.208815 0.5472354 119.6082 -254.2429 234.2077
1.443383 -0.1973403 0.6649112 110.4555 -254.2429 240.8871
1.478295 -0.1988052 0.657587 96.73798 -254.2429 247.1314
1.476098 -0.2212661 0.7308291 85.48608 -254.2429 251.6963
1.514672 -0.1900161 0.7889346 71.1731 -254.2429 251.6963
1.525658 -0.1841568 0.8577823 58.23417 -254.2429 251.6963
1.545189 -0.1734146 0.9268741 48.63875 -254.2429 251.6963
1.408227 -0.1219009 1.084345 41.41737 -254.2429 251.6963
1.41726 -0.07429347 1.084589 35.23417 -254.2429 251.6963
1.563012 -0.03693995 1.111933 31.15783 -254.2429 251.6963
1.550316 0.1066147 1.270868 23.16547 -254.2429 251.6963
1.559838 0.1039292 1.406855 23.38684 -254.2429 251.6963
1.580834 0.05363622 1.515497 54.60822 -254.2429 251.6963
1.445336 0.2516343 1.677362 78.00516 -254.2429 251.6963
1.610863 0.4857651 1.629511 89.44791 -254.2429 251.6963
1.450951 0.6093002 1.891718 84.80669 -254.2429 251.6963
1.322289 1.063158 2.242548 41.63875 -254.2429 251.6963
1.374779 1.082201 2.116816 -14.25438 -254.2429 251.6963
-0.03220312 0.4322983 1.7008 16.73035 -158.8231 77.58177
-0.2804942 0.6095444 2.258417 -26.77346 -77.78489 62.44437
-0.2555918 0.551683 2.193232 -26.27728 -86.16656 73.91002
-0.1476816 0.4811265 2.09289 -24.44522 -70.48717 62.97872
-0.2150645 0.4952866 2.096064 -23.86507 -49.44901 46.98635
-0.3581309 0.5753647 2.147821 -24.804 -47.52534 47.94818
-0.3825449 0.5560776 2.110956 -25.39942 -54.55588 53.58177
-0.3320078 0.5404526 2.054804 -24.6895 -51.05969 50.15429
-0.3073496 0.5184799 2.016718 -26.62843 -39.51771 41.44437
-0.3862071 0.5494858 2.042597 -29.26965 -34.53298 38.72681
-0.4340586 0.5875717 2.059198 -36.20858 -35.1513 40.83368
-0.4460215 0.6007553 2.04162 -47.23911 -33.65511 42.36803
-0.4543223 0.5868393 2.071405 -57.17041 -29.1742 41.68864
-0.4460215 0.5414291 2.079462 -61.23148 -29.48717 43.07032
-0.3705821 0.5009018 2.071161 -63.31545 -30.38031 46.06269
-0.3373789 0.4759995 2.048944 -64.94904 -23.53298 41.71154
-0.3346934 0.3885972 2.042109 -55.60553 -15.53298 34.15429
-0.3744883 0.3729722 2.080927 -44.26202 -14.0597 31.21536
-0.375709 0.3751694 2.068232 -33.98721 -13.52534 28.4062
-0.3498301 0.3334214 2.064325 -21.63606 -8.769619 23.78024
-0.3464121 0.3497788 2.052607 -11.91087 -2.32687 18.00162
-0.3844981 0.3771225 2.047724 -5.804 2.848702 15.52834
-0.391334 0.3771225 2.032587 -1.559725 5.925038 14.71918
-0.3984141 0.3829819 2.012568 3.478443 11.39832 13.06269
-0.4059824 0.3912827 1.967646 7.936458 15.23038 11.61994
-0.4196543 0.4047104 1.926142 12.75325 21.23038 6.948184
-0.4445567 0.4205796 1.90661 15.43264 26.19221 4.146657
-0.4565196 0.3986069 1.85119 15.71508 26.67313 5.131389
-0.4675059 0.417894 1.817011 13.13493 32.9174 4.314596
-0.4723887 0.4008042 1.785517 12.14256 37.6426 1.978718
-0.5290293 0.4078843 1.759149 7.70745 40.47466 4.436733
-0.5390391 0.4047104 1.745966 5.79142 42.7113 5.016886
-0.5619883 0.3519761 1.689569 1.60058 44.94031 6.879481
-0.5798106 0.3270737 1.694452 0.9288244 49.03954 8.291695
-0.5966563 0.3573472 1.663202 0.8830229 51.00137 9.482534
-0.6357188 0.301439 1.62121 1.043328 50.12351 10.55124
-0.6491465 0.301439 1.589472 4.829588 51.38305 8.436733
-0.6850352 0.2926499 1.574579 10.01279 52.25328 5.53597
