0.2389678 -0.4462554 0.3273027 -11.06527 -18.71683 56.96677
0.2453154 -0.4557769 0.3468339 -10.63779 -20.25881 58.71485
0.2475127 -0.45773 0.3592851 -10.01947 -21.44202 60.47821
0.2531279 -0.4545562 0.374666 -8.813359 -22.83133 61.50875
0.260208 -0.4374663 0.3934648 -7.591985 -23.43438 62.52402
0.2660674 -0.4120757 0.407625 -6.202672 -24.49545 63.18814
0.2748564 -0.3798491 0.4295976 -4.591985 -25.0756 63.40188
0.2848662 -0.3424956 0.4491289 -3.462214 -25.65576 63.27211
0.2941436 -0.318814 0.4554765 -3.622519 -25.70156 63.17287
0.3039092 -0.2868316 0.4808671 -4.248473 -25.47255 62.54691
0.3146514 -0.2660796 0.5052812 -4.744657 -25.0756 61.66142
0.3214873 -0.2480132 0.525789 -4.897328 -24.34278 60.71485
0.3273467 -0.2253081 0.5480058 -4.904962 -23.14431 58.98966
0.3273467 -0.2140776 0.5792558 -4.485115 -22.32751 57.62325
0.3319854 -0.1947905 0.5870683 -4.866794 -20.80843 55.74539
0.3341826 -0.1774565 0.5997636 -5.851527 -18.73209 53.66905
0.3322295 -0.1650054 0.6000078 -7.553817 -16.35041 51.25684
0.3310088 -0.1757476 0.5948808 -8.378244 -14.06797 49.1118
0.322708 -0.188687 0.5714433 -8.973664 -11.77789 46.88279
0.3085479 -0.1989409 0.5345781 -10.01947 -10.06797 44.75302
0.3056182 -0.2311675 0.4679277 -11.83626 -9.274076 43.87516
0.2912139 -0.2694976 0.4295976 -13.31718 -8.77026 42.54692
0.2772979 -0.3046538 0.3783281 -15.04237 -9.029801 42.0202
0.2680205 -0.3346831 0.3378007 -17.98893 -9.846596 42.57745
0.2504424 -0.3832671 0.2882402 -21.88206 -11.48782 43.40188
0.2331084 -0.4389312 0.2518632 -25.68359 -13.46492 45.21104
0.2262725 -0.4933745 0.2242754 -28.75229 -16.47255 47.24157
0.2067412 -0.5348784 0.2059648 -31.22557 -20.51072 50.29501
0.2123564 -0.5536773 0.2140214 -34.17214 -24.17484 53.63088
0.2113799 -0.5710113 0.2313554 -36.50038 -27.47255 56.91333
0.2130889 -0.5795562 0.2516191 -37.75229 -31.50308 60.21104
0.2223662 -0.5697906 0.2989824 -39.01947 -34.35041 63.26447
0.2292022 -0.5597808 0.3478105 -39.26374 -36.9382 66.20341
0.2484893 -0.5243804 0.4029863 -39.30954 -38.57942 68.53928
0.2624053 -0.4899566 0.4698808 -38.57672 -39.09087 69.76829
0.2719268 -0.4484527 0.5316484 -37.71412 -39.50308 70.58508
0.2968291 -0.4726226 0.5704668 -30.95076 -38.67865 70.91333
0.3222197 -0.3280913 0.6139238 -31.12634 -38.77026 70.56982
0.2919463 -0.3437163 0.6720293 -32.39351 -37.54889 69.89043
0.2797393 -0.3163726 0.7440507 -30.81336 -34.73972 69.77592
0.2838897 -0.2731597 0.7784746 -32.88969 -31.19774 70.20341
0.2819365 -0.2399565 0.8043535 -33.85153 -28.48018 69.44768
0.2990264 -0.2807281 0.79825 -34.2103 -24.0069 66.55455
0.1608428 -0.2411772 0.8561113 -39.35535 -24.95347 68.77592
0.2765654 -0.09957569 0.8595293 -40.05 -17.92293 67.08127
0.3048857 -0.1723296 0.8238848 -36.05 -14.67866 61.26447
0.3112334 -0.2033355 0.8453691 -35.45458 -13.48018 60.00493
0.3017119 -0.1940581 0.8893145 -32.59198 -9.380947 58.73013
0.2831572 -0.1996733 0.9176348 -28.92023 -4.358046 57.00493
0.2824248 -0.173062 0.921541 -25.40878 -0.2817099 55.01257
0.2746123 -0.1679351 0.9051836 -22.34771 4.191573 52.36371
0.2646025 -0.160855 0.8934649 -17.84389 8.527451 49.51638
0.2577666 -0.1513335 0.8431719 -13.15687 11.91676 47.31027
-0.04008496 0.3032563 1.862703 84.07214 1.535084 141.3026
0.1569365 0.3262055 0.7032793 113.9195 247.9397 11.54692
0.1522979 0.446811 0.7196367 120.8584 247.9397 0.4629459
0.1732939 0.5332368 0.7613847 119.6752 247.9397 -10.38438
0.1859893 0.5295747 0.760164 119.6218 247.9397 -22.15537
0.1928252 0.4773286 0.7252519 119.8737 247.9397 -31.47598
0.1840361 0.4341157 0.6759355 123.3164 247.9397 -41.09431
0.2023467 0.4248384 0.6495683 121.3546 247.9397 -48.26988
0.2240752 0.4111665 0.6217363 115.5225 247.9397 -54.30804
0.2140654 0.3420747 0.5868242 115.0874 247.9397 -62.0256
0.2245635 0.273227 0.5506914 114.5302 247.9397 -68.89584
0.2606963 0.2676118 0.511873 107.0645 247.9397 -73.46835
0.2406768 0.1487153 0.4715898 103.4386 247.9397 -80.52942
0.1979522 0.05618603 0.3866289 93.14084 247.9397 -77.78896
0.1774443 0.03592236 0.3585527 78.80496 247.9397 -72.55232
0.2111357 0.03958447 0.3531816 63.94236 247.9397 -69.28515
0.2147979 0.04178174 0.3102129 53.67519 247.9397 -68.96454
0.2072295 -0.01803271 0.2508867 43.72863 247.9397 -67.30042
0.1881865 -0.02047412 0.1954668 35.27824 247.9397 -63.97217
0.1940459 -0.01388232 0.1424882 29.8126 247.9397 -61.73553
0.1857451 -0.03927295 0.1124589 28.89657 247.9397 -60.8653
0.1798857 -0.03561084 0.0731523 28.39275 247.9397 -60.10194
0.1366729 0.004184082 0.04947066 29.54542 247.9397 -60.78133
0.1828154 0.05203564 0.01162887 28.95 247.9397 -62.30042
0.1952666 0.03787549 -0.04134965 31.36222 247.9397 -64.14011
0.2199248 0.06570752 -0.06283402 37.9042 247.9397 -67.64393
0.2538604 0.09622509 -0.07821488 41.49198 247.9397 -72.75843
0.2641143 0.1094087 -0.09652543 46.49962 247.9397 -78.76606
0.2726592 0.08011181 -0.1004317 49.84313 247.9397 -83.67446
0.2868193 0.08475048 -0.1026289 52.31641 247.9397 -87.90347
0.2873076 0.06839306 -0.09847856 57.68282 243.4435 -93.65156
0.2670439 0.02762158 -0.1060469 67.7439 238.4359 -100.3233
0.2731475 0.02933057 -0.1465743 74.07214 235.7412 -106.3004
0.234085 0.03030713 -0.189543 78.44618 230.6114 -110.9798
0.1947783 0.01907666 -0.1973555 74.39275 224.7641 -113.934
0.1859893 0.02176221 -0.2132246 70.02634 221.4053 -118.0485
0.2179717 -0.07394092 -0.1834395 49.60649 210.1992 -122.2164
0.2355498 -0.1152007 -0.1961348 46.07214 208.474 -123.3844
0.2531279 -0.1208159 -0.2215254 41.0416 205.9626 -124.2164
0.2587432 -0.2062651 -0.2244551 38.07214 204.2526 -125.1248
0.2606963 -0.2253081 -0.2527754 37.82786 200.9931 -126.3309
0.2699736 -0.2533843 -0.2603438 37.54542 197.6572 -127.3844
0.2521514 -0.3061187 -0.2754805 40.28588 193.0007 -127.1019
0.2453154 -0.3092925 -0.2979414 45.63702 187.5885 -128.7661
0.2292022 -0.3083159 -0.3172286 47.43092 183.8786 -130.2623
0.2304229 -0.3476226 -0.3470137 44.85839 179.6649 -130.0103
0.2384795 -0.3395659 -0.3785079 45.14847 172.8099 -129.8348
0.2006377 -0.3888824 -0.4004805 49.23244 161.7641 -130.3539
0.2145537 -0.3390777 -0.394377 44.40038 156.2984 -128.9111
0.1894072 -0.3666656 -0.4085371 41.35458 148.9778 -128.2317
0.1466826 -0.3947417 -0.4175704 36.73626 139.0084 -125.6821
0.1759795 -0.3625152 -0.3846114 35.29351 131.5504 -125.7813
0.1635283 -0.4225738 -0.3494551 35.59885 122.9549 -125.0256
0.2111357 -0.3376128 -0.3540938 26.52252 115.7717 -121.934
0.2135772 -0.3442046 -0.3487227 18.02634 106.0007 -120.4684
0.2121123 -0.3815581 -0.330168 11.53015 96.52745 -118.3997
0.2182158 -0.4062163 -0.2586348 3.86603 87.96256 -114.7508
0.2292022 -0.4501616 -0.2007735 -0.1187024 79.68012 -112.1706
0.2614287 -0.4237945 -0.1333907 -2.637786 71.51218 -111.789
0.2873076 -0.4921538 -0.02425981 -3.202672 66.03889 -111.2775
0.3026885 -0.5800445 0.05069137 -4.416412 61.016 -105.5218
0.3310088 -0.5944488 0.1322343 -2.271374 57.49692 -101.7126
0.3842315 -0.5756499 0.2052324 4.102671 54.55799 -100.8042
0.4313506 -0.5817534 0.2596757 6.789694 53.9473 -98.87293
0.4464873 -0.5798003 0.2921464 11.9729 52.71066 -97.32332
0.4696807 -0.554898 0.3373125 14.01107 52.20684 -95.26225
0.4877471 -0.5290191 0.3924882 16.40802 52.1305 -94.09431
0.5033721 -0.4985015 0.4425371 17.33931 54.38241 -92.83476
0.510208 -0.4672515 0.4681718 18.25534 56.46638 -92.43782
0.5226592 -0.4464995 0.4869707 19.57595 58.87096 -92.94927
0.550003 -0.4162261 0.5040605 19.9729 62.32898 -93.45309
0.5522002 -0.3786284 0.5160234 19.82786 65.92439 -94.67446
0.5382842 -0.3395659 0.5199296 17.96527 70.12287 -95.76606
0.53096 -0.3190581 0.511873 14.8126 74.69539 -97.11721
0.5189971 -0.3236968 0.5089433 14.9042 80.26027 -99.38438
0.4999541 -0.348355 0.4374101 17.49962 85.27554 -101.934
0.4779815 -0.3529937 0.3753984 17.16374 88.1763 -103.4302
0.4535674 -0.3481109 0.3107011 14.95763 90.32897 -104.2393
0.4281768 -0.3581206 0.2416093 10.07214 92.39767 -104.2317
0.4118194 -0.3542144 0.21158 3.110305 92.43584 -103.8806
0.4137725 -0.376187 0.1600664 -1.05 93.03889 -103.7584
0.4230498 -0.3940093 0.103914 -3.0271 92.39005 -104.1706
0.4167022 -0.4045074 0.06485152 -3.851527 90.245 -103.9264
0.3610381 -0.4377105 0.08340621 1.84313 84.69539 -106.2851
0.188919 -0.2172515 0.2291582 -18.53855 -8.518351 22.43241
0.109085 -0.3307769 0.4112871 1.018702 7.626687 20.27211
0.1112822 -0.3366363 0.3839433 -0.2713742 6.489282 21.76066
0.09761036 -0.3407866 0.3690507 -1.446947 5.428214 22.96676
0.09345997 -0.3405425 0.3597734 -2.088168 4.161038 24.14234
0.0888213 -0.3381011 0.3551347 -2.508016 2.840427 25.34081
0.08613575 -0.3307769 0.3602617 -2.485115 1.596153 26.46295
0.09736622 -0.3285796 0.3570879 -2.309542 0.145771 27.34081
0.090042 -0.3173491 0.3563554 -2.332443 -0.8923969 27.98966
0.090042 -0.3061187 0.3583086 -2.332443 -2.006901 28.81409
0.09370411 -0.2970855 0.3624589 -2.515649 -2.816061 29.1347
0.09321583 -0.2860991 0.3705156 -2.782825 -3.564153 29.53928
0.09394825 -0.282437 0.3675859 -3.53855 -4.79316 29.9286
