1.613346 1.197938 1.178874 251.1928 -106.3392 251.8109
1.723698 1.315369 1.198649 268.4829 -111.24 251.8109
1.827213 1.358582 1.28361 269.6508 -105.8202 251.8109
1.853581 1.380311 1.328044 269.6508 -101.1713 251.8109
1.98444 1.387635 1.430583 269.6508 -92.69038 251.8109
2.289799 0.5311895 -0.2605791 -204.8682 74.65312 -248.4563
-0.6837729 -1.774963 -0.2605791 -47.89113 -232.1942 -34.75399
-0.5057944 -1.774963 -0.1265459 -36.39495 -235.0797 12.23075
-0.4244956 -1.774963 0.3827314 -6.364412 -233.7591 46.10098
-0.208187 -1.774963 0.7164717 35.48292 -228.2858 71.23075
0.0005532205 -1.774963 0.9374189 63.16994 -218.9805 100.559
0.1011392 -1.774963 1.112224 60.87223 -209.2858 132.9178
0.1926919 -1.774963 1.24406 71.1165 -196.0644 156.7956
0.2652017 -1.774963 1.263835 75.99437 -179.2782 180.101
0.2930337 -1.774963 1.240153 87.46002 -169.1942 201.1239
0.3164712 -1.774963 1.146892 98.73482 -161.1179 218.6506
0.3633462 -1.774963 1.139323 115.3913 -156.7209 238.5208
0.3887368 -1.483947 1.140544 128.3837 -147.9194 248.5972
0.3997231 -1.184142 1.082438 145.6814 -141.9423 251.8109
0.3655435 -0.9768671 1.125163 161.8341 -136.6217 251.8109
0.4990884 -0.7671503 0.8627119 174.9944 -130.9423 251.8109
0.2993814 -0.688537 0.9086103 185.1623 -131.5072 251.8109
0.277897 -0.3938593 0.8395185 192.5669 -127.8889 251.8109
0.3025552 -0.3167108 0.7391768 204.7806 -134.4766 251.8109
0.3076821 -0.2004999 0.6866865 213.9486 -136.469 251.8109
0.3523599 -0.07965027 0.6940107 220.0402 -137.4156 251.8109
0.3191567 -0.07769714 0.7306318 234.1394 -138.8889 251.8109
0.3147622 0.01141418 0.7255049 236.5745 -141.1713 251.8109
0.2962075 0.07147278 0.8046064 240.0554 -141.0186 251.8109
0.3098794 0.07830872 0.8324385 243.6814 -139.5835 251.8109
0.3184243 0.09930481 0.8700361 246.918 -137.7209 251.8109
0.3362466 0.06585754 0.9000654 247.8951 -134.8965 251.8109
0.3479653 0.05902161 0.9073896 249.0402 -131.3927 251.8109
0.3672524 -0.005919799 0.9090986 250.2616 -127.7362 251.8109
0.3687173 -0.05084167 0.9152021 253.1089 -127.6064 251.8109
0.3582192 -0.07842957 0.920085 255.689 -124.6217 251.8109
0.4702798 -0.08624207 0.9257002 250.9409 -123.6369 251.8109
0.4021646 -0.271789 0.8968916 256.9104 -110.8812 251.8109
0.3428384 0.1432501 0.8226728 240.4371 -116.7056 251.8109
0.4229165 -0.3652948 0.6368818 268.5135 -115.0186 251.8109
0.4922524 0.1293341 0.7076826 239.0325 -116.0034 251.8109
0.4746743 -0.004210815 0.713542 258.1394 -124.0644 251.8109
0.4866372 -0.1228632 0.8170576 238.0325 -122.8583 251.8109
0.5938149 -0.04449402 0.8607588 234.0096 -118.9041 251.8109
0.6572915 -0.06597839 0.8063154 228.231 -116.8354 251.8109
0.7232095 0.000427857 0.7450361 219.8112 -117.6369 251.8109
0.80402 0.08709778 0.6730146 214.7501 -120.9347 251.8109
0.8738442 0.1063849 0.6603193 207.773 -126.095 251.8109
0.9861489 0.2196661 0.7128096 196.9409 -125.0721 251.8109
1.041569 0.2973028 0.7555342 196.0554 -124.4232 251.8109
1.156071 0.3771368 0.7279463 185.315 -127.1408 251.8109
1.1861 0.422547 0.7347822 188.5745 -131.2705 251.8109
1.266667 0.5978399 0.7184248 178.4218 -136.4766 251.8109
1.267155 0.5802618 0.6966963 173.6127 -136.1408 251.8109
1.549625 0.7326056 0.4527998 155.399 -139.24 251.8109
1.426823 0.4999395 0.6588545 162.6432 -149.2247 251.8109
1.508854 0.7272345 0.710124 153.6661 -150.7209 251.8109
1.567936 0.747254 0.6713057 148.9486 -153.9423 251.8109
1.5882 0.7926641 0.6481123 147.1089 -160.9957 251.8109
1.572819 0.844422 0.6937666 156.0554 -169.5606 251.8109
1.673405 0.8820196 0.66154 170.2921 -178.5835 251.8109
1.727604 1.010926 0.7616377 177.2539 -178.1408 251.8109
1.826481 1.154481 0.7584639 190.9486 -181.8201 251.8109
1.845524 1.283143 0.7799482 200.9409 -190.1255 251.8109
1.951725 1.301209 0.7828779 218.0325 -190.5988 251.8109
1.961979 1.422303 0.8321943 236.8341 -198.9194 251.8109
1.913395 1.627137 0.9227705 255.5974 -203.9194 251.8109
1.999577 1.716981 0.9337568 269.6508 -201.9652 251.8109
1.954411 1.931824 1.008708 269.6508 -201.7896 251.8109
1.949772 1.98407 1.086833 269.6508 -197.9423 251.8109
1.919743 2.223572 1.165202 269.6508 -198.4003 251.8109
1.950504 2.224976 1.223796 269.6508 -187.3316 251.8109
1.885319 2.224976 1.394938 269.6508 -180.0797 251.8109
1.793766 2.224976 1.499187 269.6508 -169.2018 251.8109
1.748112 2.224976 1.415202 269.6508 -154.7438 251.8109
1.641422 2.224976 1.442302 269.6508 -155.9194 251.8109
1.60651 2.224976 1.452312 244.8417 -150.1102 251.8109
1.657536 2.224976 1.510173 180.0249 -148.469 251.8109
1.85944 2.224976 1.559489 119.8493 -141.5911 251.8109
1.885319 2.224976 1.775798 90.33788 -148.7209 251.8109
2.121403 2.224976 2.146403 42.49818 -113.3011 244.1926
2.038883 2.224976 2.345378 3.177572 -72.53771 205.8796
2.061832 2.224976 2.513103 -5.555252 -51.42321 159.0552
2.131168 2.224976 2.608562 -7.936932 -16.65985 102.8567
2.233463 2.224976 2.701579 9.330244 8.897404 43.13914
1.986881 2.224976 3.009685 39.66612 31.07298 -8.540245
2.22443 2.224976 2.730876 15.48292 85.28671 -68.79215
2.201725 2.224976 2.710612 29.83406 109.9661 -135.2425
2.167545 2.224976 2.59611 23.32261 147.157 -188.4028
2.215397 2.224976 2.422526 14.0478 182.989 -245.7311
2.15485 2.224976 2.164226 -1.585787 205.9661 -248.4563
2.148991 2.224976 1.83903 -7.746092 228.6455 -248.4563
2.211246 2.224976 1.539226 -13.89113 231.0959 -248.4563
2.289799 2.224976 1.167155 -28.66975 231.0959 -248.4563
2.289799 2.224976 0.9518232 -49.24228 231.0959 -248.4563
2.289799 2.224976 0.8026533 -61.81479 231.0959 -248.4563
-0.8380698 -1.774963 -0.2605791 28.46765 -226.614 -171.2196
0.5220376 -1.774963 0.6725264 203.7501 -269.1713 53.11625
0.3120767 -1.774963 1.151774 221.5364 -268.3698 103.2536
0.5283853 -1.774963 1.308269 214.086 -254.4766 137.8033
0.461979 -1.774963 1.419353 211.9409 -231.2858 168.33
0.5039712 -1.774963 1.359538 217.4677 -212.843 195.2689
0.536686 -1.774963 1.359538 220.231 -201.2705 213.5743
0.5686685 -1.774963 1.350993 231.8112 -183.0721 229.2231
0.6006509 -1.774963 1.323894 234.773 -169.324 249.1086
0.637272 -1.567932 1.240153 251.0325 -157.1789 251.8109
0.7283364 -1.369689 1.168376 253.1699 -147.4766 251.8109
0.6944009 -1.294738 1.127604 259.9867 -132.5682 251.8109
0.7669106 -0.9829706 1.011394 269.6508 -126.2018 251.8109
0.757145 -0.8530878 0.9520674 262.773 -108.8889 251.8109
0.7720376 -0.8403925 0.8619795 269.0707 -112.8278 251.8109
0.6861001 -0.6458124 0.8866377 269.6508 -106.2705 251.8109
0.6587564 -0.4780878 0.8568525 269.6508 -101.3698 251.8109
0.6441079 -0.4463495 0.8461103 269.6508 -95.29344 251.8109
0.6660806 -0.3550409 0.7928877 263.8188 -90.41557 251.8109
0.6536294 -0.3103632 0.722331 257.5898 -86.87358 251.8109
0.6121255 -0.2305292 0.7189131 249.3226 -86.69038 251.8109
0.6275064 -0.2112421 0.6883955 239.2386 -83.34688 251.8109
0.6111489 -0.155578 0.6786299 228.9944 -85.25526 251.8109
0.6453286 -0.1397089 0.7355146 220.9715 -79.56824 251.8109
0.623356 -0.1455682 0.7150068 217.2921 -77.96519 251.8109
0.6555825 -0.1792596 0.6410322 209.9791 -78.09496 251.8109
0.6797524 -0.1655878 0.6078291 208.5364 -79.56061 251.8109
0.7512856 -0.1201776 0.5900068 201.315 -80.03389 251.8109
0.7566567 -0.03961121 0.6532393 200.6661 -81.59878 251.8109
0.8257485 0.04730286 0.6400557 196.8799 -82.78962 251.8109
0.8848306 0.125672 0.6656904 191.2921 -84.30107 251.8109
0.8867837 0.1493536 0.7071943 191.9867 -86.77435 251.8109
0.8806802 0.2538458 0.7399092 195.3837 -93.57588 251.8109
0.9236489 0.08221497 0.7806807 200.4982 -83.9881 251.8109
0.9580728 0.3839728 0.7943525 209.8493 -90.27054 251.8109
1.032047 0.2890021 0.7284346 229.4524 -94.1713 251.8109
1.060368 0.4166876 0.6940107 233.3531 -92.51482 251.8109
1.092106 0.3676153 0.6827803 233.3226 -94.96519 251.8109
1.189274 0.4984747 0.6022139 229.7501 -98.5377 251.8109
1.337711 0.3212286 0.5831709 244.2081 -103.8583 251.8109
1.435368 1.10492 0.4347334 269.6508 -117.7438 251.8109
1.549381 1.461365 0.3905439 269.6508 -113.9957 251.8109
1.63654 1.234803 0.3592939 269.6508 -119.8125 251.8109
1.662418 1.346375 0.4706221 269.6508 -122.3392 251.8109
1.521061 1.157654 0.6178389 269.6508 -126.7362 251.8109
1.627018 1.362733 0.6715498 269.6508 -121.2858 251.8109
1.729801 1.34369 0.5731611 269.6508 -124.3087 251.8109
1.792301 1.660828 0.6063643 269.6508 -125.4461 251.8109
1.885807 1.778992 0.62321 269.6508 -136.0797 251.8109
1.98029 1.801941 0.7565107 269.6508 -137.156 251.8109
2.100407 1.897645 0.8527021 269.6508 -125.3774 251.8109
2.067692 1.780701 0.9208174 269.6508 -113.8583 251.8109
2.023502 2.04535 1.076823 262.4753 -117.6369 251.8109
2.018375 2.150819 1.149577 254.1776 -118.7133 251.8109
