-0.3422617 -0.06892237 1.616083 23.24944 -20.18183 21.13139
-0.3564219 -0.04548487 1.606073 20.39447 -15.90702 22.26116
-0.3732676 -0.01228175 1.586542 16.60058 -12.81542 24.39857
-0.3744883 -0.003736824 1.567255 10.90592 -9.212366 26.23063
-0.3937754 0.02067724 1.543329 5.417374 -6.777252 28.86421
-0.4220957 0.03630224 1.527948 0.325771 -4.731451 30.4978
-0.4228281 0.05339208 1.493524 -3.674229 -3.02916 31.79551
-0.4477305 0.08390966 1.466913 -7.8269 -2.395573 31.97872
-0.4445567 0.1114975 1.458856 -10.42232 -2.784886 31.65811
-0.4396739 0.1312729 1.449091 -12.00247 -2.212367 29.58177
-0.4435801 0.1454331 1.453241 -13.72766 -2.532977 28.20773
-0.4325938 0.1654526 1.468378 -13.68186 -1.998626 25.6123
-0.4289317 0.176439 1.474237 -13.45286 -1.685649 22.57414
-0.4162364 0.1842515 1.504267 -12.98721 -1.464275 19.32223
-0.4094004 0.1952378 1.519159 -12.61316 -0.9680918 16.16956
-0.3908457 0.1930405 1.552606 -12.49866 -0.2276337 13.3604
-0.3788828 0.1881577 1.574823 -12.00247 0.5586257 10.13139
-0.3661875 0.1798569 1.594599 -12.00247 2.146412 7.368031
-0.3542246 0.1564194 1.636347 -11.64369 3.306717 4.192458
-0.3471446 0.1459214 1.645868 -11.79637 5.718931 1.467267
-0.2968516 0.09147802 1.677851 -10.83453 9.176947 -2.899145
-0.3378672 0.1044175 1.728876 -9.849802 9.405954 -5.471664
-0.3110117 0.05388036 1.744989 -7.849802 11.8716 -9.219756
-0.2731699 0.00578466 1.734003 -6.307817 12.30672 -11.6396
-0.2563242 -0.03938136 1.788446 -4.063542 14.78763 -13.6854
-0.2499766 -0.07038722 1.801874 -0.9261374 16.88687 -14.76937
-0.219459 -0.1016372 1.836786 2.188366 18.53572 -14.96785
-0.176002 -0.1343521 1.859735 4.768519 22.63496 -14.5709
-0.156959 -0.109938 1.927851 6.012794 25.48229 -15.09762
-0.1506113 -0.1365493 1.934687 7.264702 29.13115 -12.15105
-0.08396093 -0.1402114 2.045771 4.966992 49.04718 -7.799908
-0.04196875 -0.1302017 2.045771 5.249435 53.7113 -7.372427
0.00808008 -0.104811 2.052118 4.188366 60.76474 -5.380061
0.0334707 -0.07234034 2.08996 2.692183 66.49755 -2.891511
0.0569082 -0.02424464 2.1029 4.486076 72.48228 0.3374963
0.07741601 0.04362646 2.055048 -6.170413 84.41358 2.284061
0.08034571 0.02409521 2.139521 -8.880336 87.58152 2.375664
0.1968008 -0.06721339 2.025995 -1.483389 95.17694 6.917649
0.1931387 0.159105 2.117304 -9.582626 106.5052 4.314596
0.216332 0.1822983 2.125605 -22.20094 110.2991 6.795512
0.2182852 0.1398179 2.119257 -25.13224 114.2227 4.612306
0.2500234 0.1803452 2.116083 -24.13988 121.2533 0.5970382
0.3176504 0.247728 2.133905 -29.17041 126.5128 1.810779
0.3762441 0.282396 2.140985 -34.50629 134.1159 2.070321
0.4094472 0.2948472 2.2008 -37.71239 144.6273 -0.08998466
0.4626699 0.2968003 2.19372 -39.97957 160.7037 -8.082352
0.452416 0.3583237 2.245966 -44.8269 169.8411 -8.838077
0.4199453 0.3480698 2.287714 -47.41468 174.0014 -7.128152
0.4826894 0.2975327 2.281122 -41.30018 176.4594 -9.95258
0.5676504 0.3470932 2.273066 -42.85743 187.1998 -12.12815
0.6196523 0.3180405 2.274042 -41.39178 198.5128 -14.15105
0.6552969 0.3348862 2.266474 -37.81927 210.4365 -17.18922
0.6865469 0.3549057 2.24206 -36.13988 221.696 -20.54037
0.7236562 0.3842026 2.163202 -34.93377 232.0014 -23.48693
0.7654043 0.4113022 2.091669 -35.26202 242.1082 -25.73884
0.7851797 0.4215561 2.045282 -36.79636 246.0243 -27.57854
0.811791 0.4342515 1.943476 -36.30782 246.0243 -30.15869
0.8042227 0.4779526 1.87121 -38.91087 246.0243 -32.40296
0.843041 0.5009018 1.823603 -42.46812 246.0243 -34.48693
0.8459707 0.5209213 1.775263 -42.9185 246.0243 -36.54036
0.8991934 0.5375229 1.731317 -44.07117 246.0243 -40.37243
0.9353262 0.5511948 1.68078 -43.65133 246.0243 -46.01365
1.02932 0.551683 1.673944 -46.97957 246.0243 -49.26556
0.9883047 0.5646225 1.603144 -44.6666 246.0243 -55.48693
1.034203 0.6310287 1.597284 -50.69713 246.0243 -59.777
1.09182 0.5961166 1.588739 -49.8956 246.0243 -66.3877
1.148705 0.6134506 1.590692 -54.61316 246.0243 -69.90678
1.220727 0.5431381 1.619013 -53.14751 246.0243 -75.5938
1.271508 0.496019 1.612909 -46.8498 246.0243 -83.91441
1.335229 0.4510972 1.592401 -43.29255 246.0243 -90.77701
1.417016 0.3634507 1.558222 -38.09407 246.0243 -98.02892
1.449486 0.3041245 1.514521 -32.49102 246.0243 -104.0976
1.511498 0.2340561 1.409296 -24.804 246.0243 -111.0747
1.567162 0.1688706 1.280634 -16.70476 246.0243 -118.0671
1.599145 0.1359116 1.193476 -13.05591 246.0243 -123.3724
1.571557 0.07951513 1.088983 -11.33072 246.0243 -126.0365
1.556664 -0.08210596 0.9974307 -6.200947 246.0243 -131.403
1.578881 -0.1441177 0.8492373 9.249435 246.0243 -145.2121
1.361596 -0.3186782 0.8511905 18.82195 246.0243 -151.1205
1.147973 -0.4732193 0.600458 23.96699 246.0243 -128.8686
1.154809 -0.4763931 0.1429385 24.77615 246.0243 -126.2503
1.209008 -0.5833267 0.1246279 31.45554 246.0243 -122.7694
1.328881 -0.5562271 -0.0511533 30.04333 246.0243 -119.7159
1.175316 -0.500563 -0.06165135 18.56241 246.0243 -114.3801
1.064232 -0.6443619 -0.06165135 8.539512 246.0243 -108.861
0.5249258 -0.6646255 -0.06091893 -4.987206 -194.4337 103.9329
0.593041 -0.7837662 0.1954287 -12.13988 -234.6628 146.3986
0.5954824 -0.8189224 0.2007998 -16.69713 -239.6475 152.8108
0.605248 -0.8567642 0.1973819 -22.33835 -245.2047 160.0322
0.612084 -0.9019302 0.2313174 -26.95667 -250.4795 167.3986
0.6201406 -0.9383072 0.2452334 -31.26965 -254.2429 175.3146
0.6743398 -0.9307388 0.3223819 -34.56736 -254.2429 181.7115
0.6975332 -0.9492935 0.3675479 -36.68186 -254.2429 188.0703
0.7737051 -0.9344009 0.4312686 -39.72766 -254.2429 194.4215
0.8374258 -0.9475845 0.4908389 -39.26965 -254.2429 198.9787
0.8904043 -0.9021744 0.5787295 -36.9414 -254.2429 203.0627
0.9177481 -0.8855728 0.6446475 -36.46049 -254.2429 204.0627
0.8945547 -0.8438248 0.8109073 -30.09408 -254.2429 206.826
0.9734121 -0.7823013 0.9298038 -23.58262 -254.2429 209.8108
1.029809 -0.7332291 0.9976748 -19.06354 -254.2429 212.2993
1.073998 -0.7222427 1.132196 -11.78873 -254.2429 211.8795
1.079125 -0.6465591 1.252558 -6.048275 -254.2429 213.597
1.096459 -0.6236099 1.302362 4.577679 -254.2429 212.6428
1.117699 -0.5615982 1.382196 13.93646 -254.2429 211.4978
1.106225 -0.5288834 1.491571 23.48608 -253.4719 212.0474
1.092553 -0.4812759 1.557001 33.25707 -250.1589 213.3833
1.088891 -0.4568618 1.583368 40.53188 -238.3879 213.2993
1.070824 -0.4070571 1.608759 50.08913 -232.1742 214.1085
1.049584 -0.3552993 1.596552 57.88302 -222.1284 213.3833
1.047631 -0.2967056 1.560419 62.97463 -215.9147 215.3146
1.048363 -0.2229751 1.550409 68.50898 -208.5712 216.2383
0.9980703 -0.1599868 1.577997 72.97462 -202.3879 216.7115
0.9721914 -0.04939112 1.552606 78.87539 -195.5712 216.2077
0.928002 0.01237646 1.53747 76.63112 -186.8994 218.0779
0.8740469 0.06584325 1.504999 79.09676 -180.7696 218.2917
0.835961 0.1312729 1.487665 79.08913 -173.3879 218.0016
0.7903066 0.1988999 1.452997 78.73798 -166.8002 217.1237
0.7549062 0.2714097 1.440546 80.93646 -161.8078 214.8337
0.7573476 0.3712632 1.337274 82.44791 -153.5941 210.2612
0.5840078 0.3995835 1.354608 82.78379 -160.7009 211.4062
0.6633535 0.4137436 1.266718 93.49371 -151.4872 206.6886
0.6196523 0.6971909 1.345575 70.1731 -153.5406 203.1925
0.6042715 0.6224838 1.336298 63.63875 -148.9452 200.307
0.5456777 0.6647202 1.329706 57.96699 -146.6017 196.3757
0.5471426 0.692308 1.318964 52.74562 -143.4948 191.4062
0.5139394 0.7357651 1.350458 48.00516 -141.991 186.3833
0.4946523 0.7765366 1.373163 42.67692 -140.2276 181.6123
0.4814687 0.7814194 1.401483 37.78379 -137.6628 176.0245
0.4939199 0.8019272 1.402216 31.50898 -133.8765 171.5741
0.4712148 0.8195053 1.429315 25.40974 -132.7086 166.91
0.4763418 0.8136459 1.468866 22.53951 -130.0444 162.2153
0.4626699 0.8402573 1.510126 19.91356 -127.9681 157.1314
0.4475332 0.8319565 1.536249 22.39447 -127.9834 152.9024
0.4404531 0.911058 1.578241 21.98226 -126.7773 146.9558
0.4287344 0.9591537 1.639765 18.98226 -116.1971 133.681
0.3843008 0.9559799 1.681757 19.196 -110.2734 123.9253
0.3879629 0.9764877 1.695917 17.74562 -106.3269 115.3909
0.3635488 1.028001 1.724726 14.77615 -99.25817 107.1085
0.343041 1.026048 1.738886 10.91356 -93.65512 98.81078
0.3315664 1.029955 1.775507 7.402107 -86.32687 90.82605
0.3169179 1.032152 1.815302 5.508977 -78.70092 82.23826
0.3161855 1.00554 1.831903 4.432641 -73.04443 75.4749
0.2986074 0.9759995 1.829218 1.890656 -64.40321 67.3833
0.2651601 0.9672104 1.904413 13.1502 -56.48717 61.71154
0.2488027 0.9528061 1.903437 0.806687 -52.44901 53.73444
0.2436758 0.9066635 1.879023 2.371572 -46.87649 47.97108
0.2295156 0.8907944 1.876093 1.837221 -40.34977 41.23063
0.2082754 0.8556381 1.874872 1.104397 -34.34214 35.55887
0.1899648 0.8317123 1.869257 1.68455 -27.76199 29.4291
0.1843496 0.8131577 1.850946 2.737985 -21.80779 23.68101
