0.7387929 0.5177475 2.092402 -6.651328 -178.991 102.6886
0.8093496 0.3939682 1.989862 -3.628428 -166.7543 96.85658
0.7190176 0.4366929 2.053583 -5.407053 -159.7162 93.3146
0.7168203 0.3807847 2.012323 -5.521557 -144.6704 90.71154
0.6474844 0.3927475 1.956171 -5.239115 -132.3269 88.04742
0.6089101 0.3968979 1.877802 -6.597894 -121.8078 85.67338
0.5691152 0.3519761 1.771356 -9.643695 -110.594 85.45963
0.4590078 0.343187 1.738153 -16.54446 -99.51772 85.83368
0.3547597 0.3304917 1.675165 -17.91087 -92.96809 85.57414
0.3086172 0.322435 1.582392 -18.74293 -87.96809 84.37566
0.2759023 0.3429429 1.470087 -18.20094 -82.43375 82.52071
0.1318594 0.3490464 1.432245 -22.47576 -86.07497 82.50544
0.1413809 0.3285386 1.293085 -16.44522 -84.11314 78.66574
0.07766016 0.4110581 1.251337 -20.51392 -87.65512 79.00162
0.05422266 0.4239975 1.210077 -25.94904 -87.8765 77.71918
0.05495508 0.4615952 1.201288 -30.02537 -91.12077 76.26116
0.03029688 0.5052963 1.198603 -34.27728 -91.52534 73.4062
0.0298086 0.5348373 1.20788 -38.76583 -95.38794 70.73444
0.0334707 0.5397202 1.231806 -40.7353 -97.63222 66.42147
0.0466543 0.5624252 1.28161 -42.40705 -99.61695 61.44437
0.06569726 0.5651108 1.366083 -42.62843 -100.9757 56.83368
0.1047598 0.560228 1.432245 -42.83453 -99.34978 50.94818
0.09670313 0.5455795 1.51623 -40.35362 -98.84595 45.5207
0.1020742 0.5453354 1.552606 -37.93377 -96.20473 39.79551
0.0779043 0.5468002 1.655146 -36.98721 -92.63985 33.97108
0.03933008 0.5140854 1.699091 -35.75056 -89.56351 28.55887
1.076439 0.3759018 2.358515 16.81432 246.0243 -76.49456
0.4082265 -1.323805 -0.06165135 -69.8956 28.36015 17.68864
0.455834 -1.343336 -0.06165135 -72.06354 13.97084 28.44437
0.5075918 -1.373122 -0.06165135 -74.62843 1.115878 39.82605
0.5549551 -1.389967 -0.06165135 -75.11697 -10.63985 51.57414
0.6162344 -1.358961 -0.06165135 -76.81163 -20.53298 62.07796
0.5942617 -1.383864 -0.06165135 -73.52155 -32.98336 70.95582
0.6455312 -1.378004 -0.06165135 -66.07117 -43.41084 79.49017
0.6526113 -1.341872 -0.06165135 -60.72003 -53.1055 86.4291
0.6596914 -1.350661 -0.06165135 -54.52919 -63.06733 93.03979
0.6723867 -1.339918 -0.06165135 -47.37652 -72.42611 98.55124
0.6855703 -1.351149 -0.06165135 -40.60553 -81.86122 105.3986
0.7075429 -1.348708 -0.06165135 -35.70476 -91.39558 112.7879
0.71975 -1.315993 -0.06165135 -33.56736 -100.4795 121.3146
0.7566152 -1.298415 -0.06165135 -31.33835 -109.3498 129.3451
0.7817617 -1.250563 -0.06165135 -30.9185 -119.4872 137.368
0.8537832 -1.099684 -0.06165135 -28.30782 -143.5712 158.6734
0.8420645 -1.091872 -0.06165135 -26.45285 -152.3498 164.9634
0.8540274 -1.046461 -0.06165135 -26.26201 -159.2734 170.2077
0.8606192 -1.006178 -0.06165135 -26.49102 -168.075 175.6047
0.8889395 -1.005446 -0.06165135 -28.65133 -175.0063 181.0703
0.8943106 -0.9556412 -0.06165135 -30.7353 -183.5024 187.3375
0.8945547 -0.9439224 -0.06165135 -33.6895 -192.1589 193.2764
0.9145742 -0.9134048 -0.05359471 -36.62079 -200.2734 199.3757
0.9172598 -0.9060806 -0.03723729 -40.13988 -207.9834 204.6505
0.9380117 -0.9195084 -0.0003720522 -42.37652 -215.9605 209.4062
0.9536367 -0.9182877 0.01159084 -44.30018 -223.1284 215.6581
0.9636465 -0.9131607 0.01671779 -45.38415 -230.846 220.5818
1.000023 -0.9048599 0.03283107 -45.46049 -236.6398 223.8031
0.9619375 -0.9092545 0.04577053 -44.85743 -246.136 229.6505
1.015404 -0.8655533 0.0660342 -44.99484 -249.7086 233.0932
0.9973379 -0.8714127 0.06676662 -44.78873 -254.2429 236.826
0.9958731 -0.8662857 0.03331935 -42.6895 -254.2429 243.0245
0.9778067 -0.8401627 -0.02478611 -40.86507 -254.2429 244.5207
0.9707266 -0.8345474 -0.06165135 -39.04064 -254.2429 248.5741
0.9624258 -0.8208755 -0.06165135 -36.95667 -254.2429 250.8489
0.9648672 -0.8208755 -0.06165135 -36.34599 -254.2429 251.6963
0.9797598 -0.7984146 -0.06165135 -36.31545 -254.2429 251.6963
1.026635 -0.7542252 -0.06165135 -39.03301 -254.2429 251.6963
1.024682 -0.7620377 -0.06165135 -39.01774 -254.2429 251.6963
1.073998 -0.7635025 -0.06165135 -39.14751 -254.2429 251.6963
1.102807 -0.7403091 -0.06165135 -38.26965 -254.2429 251.6963
1.164086 -0.7198013 -0.06165135 -36.55972 -254.2429 251.6963
1.225365 -0.7083267 -0.06165135 -33.7582 -254.2429 251.6963
1.278344 -0.6895279 -0.06165135 -28.21621 -254.2429 251.6963
1.303979 -0.6265396 -0.06165135 -24.22385 -254.2429 251.6963
1.332543 -0.6101822 -0.06165135 -19.30018 -254.2429 251.6963
1.395775 -0.5564713 -0.06165135 -16.01774 -254.2429 251.6963
1.433129 -0.502272 -0.06165135 -10.59789 -254.2429 251.6963
1.468285 -0.4754165 -0.06165135 -8.857435 -254.2429 251.6963
1.504906 -0.4153579 -0.06165135 -7.834535 -254.2429 251.6963
1.58352 -0.4246353 -0.06165135 -4.765832 -254.2429 251.6963
1.629418 -0.3823989 -0.06165135 -2.681863 -254.2429 251.6963
1.679467 -0.3750747 -0.01013768 -1.452855 -254.2429 251.6963
1.592797 -0.3562759 0.1007022 -1.475756 -254.2429 251.6963
1.723412 -0.3369888 0.1563662 2.699817 -254.2429 251.6963
1.91018 -0.2908462 0.1500186 4.27997 -254.2429 244.3528
1.7864 -0.23152 0.3865908 3.486076 -254.2429 244.8566
1.863549 -0.2215103 0.470087 8.318137 -254.2429 242.8795
1.963402 -0.1875747 0.4947452 14.29524 -254.2429 234.9329
1.793969 -0.03205714 0.7430362 3.623481 -254.2429 239.1696
1.905053 -0.1026138 0.7747745 6.073863 -254.2429 233.0551
1.823754 -0.02570948 0.9166202 2.470809 -254.2429 228.2841
1.870141 -0.0811294 1.049433 2.012794 -254.2429 224.9482
1.783227 -0.07380518 1.297724 11.49371 -254.2429 223.681
1.871361 -0.1172622 1.329218 18.79142 -254.2429 224.0551
1.860863 -0.08991846 1.359491 25.0586 -254.2429 228.0322
1.742699 -0.08747705 1.50744 28.86776 -254.2429 228.4444
1.637475 -0.03205714 1.596552 30.14256 -254.2429 220.5818
1.680932 0.02336278 1.688593 22.52424 -254.2429 220.5894
1.535912 -0.05232081 1.962519 20.40211 -254.2429 214.6657
1.685082 0.09050146 1.864374 27.51661 -254.2429 213.3909
1.419457 0.2543198 1.972773 19.92119 -254.2429 214.4596
1.37893 0.1554429 2.024042 19.27234 -254.2429 215.0169
1.257592 0.3160874 2.099726 16.57768 -254.2429 212.2306
1.103539 0.4288804 2.2633 6.081496 -254.2429 211.7344
1.055443 0.4430405 2.272821 -5.437588 -254.2429 211.0474
1.032738 0.2968003 2.222773 3.371572 -254.2429 208.4902
0.9773184 0.332689 2.330683 28.79906 -248.2734 203.3375
0.8689199 0.4032456 2.502558 27.82959 -235.1589 185.994
0.8913809 0.407396 2.551142 40.44791 -221.1208 168.3833
0.874291 0.5841537 2.674677 51.44028 -203.8383 163.5131
0.8266836 0.4366929 2.6029 66.95173 -200.0902 162.9482
0.6540761 0.9493881 2.932489 54.64638 -197.9757 164.6657
0.5698476 0.8695541 2.814325 42.67692 -194.7391 144.7726
0.4536367 0.8683334 2.795527 40.95173 -190.4032 120.9024
0.4944082 1.035326 2.786737 26.53188 -180.8231 129.2764
0.4480215 0.8964096 2.775751 34.67692 -157.5941 121.9711
-0.3683848 0.0804917 1.302118 -30.09408 -17.32687 11.67337
-0.3556895 0.07121435 1.508173 -50.22385 -18.34977 26.26116
-0.346168 0.105394 1.530634 -47.85743 -17.3345 26.02452
-0.3293223 0.1332261 1.562128 -46.30018 -15.72382 25.86421
-0.316627 0.1686265 1.589228 -45.05591 -14.09023 24.5665
-0.299293 0.1813218 1.609491 -42.07881 -10.87649 22.5436
-0.2995371 0.2108628 1.650507 -39.48339 -7.807786 20.3604
-0.3053965 0.2245347 1.654413 -36.63606 -4.532977 17.3604
-0.3034434 0.2284409 1.658319 -33.58263 -1.296336 14.94055
-0.3119883 0.2457749 1.658808 -29.81927 2.001374 11.16956
-0.3285899 0.2430893 1.661737 -25.02537 4.749465 7.04742
-0.3393321 0.2479722 1.64831 -20.02537 7.772367 2.619939
-0.3576426 0.251146 1.628778 -14.53682 9.39832 -2.051817
-0.3630137 0.254564 1.621454 -10.09408 11.96321 -6.418229
-0.3781504 0.2335679 1.606317 -6.155145 13.6655 -10.35716
-0.3932871 0.2211167 1.590204 -2.178046 15.42122 -13.73121
-0.4074473 0.2079331 1.580927 0.6005801 17.61969 -16.77701
-0.4330821 0.1937729 1.552851 3.142565 18.81817 -19.28082
-0.4360117 0.1842515 1.551386 5.104397 20.23038 -22.07472
-0.441627 0.1605698 1.534052 5.875389 21.47466 -23.54037
-0.4318614 0.1405503 1.521601 4.829588 21.90214 -23.87625
-0.4362559 0.1403061 1.517694 3.050962 25.36015 -24.84571
-0.4738535 0.1222397 1.509149 -1.422321 23.08534 -22.60907
-0.4299082 0.1176011 1.497919 -2.597893 26.17694 -23.64724
-0.4169688 0.08195654 1.528681 -5.483389 25.9174 -22.35716
-0.4076914 0.04728857 1.559931 -6.941404 29.52046 -21.94495
-0.4367442 0.08146826 1.549433 -13.84217 33.30672 -19.96785
-0.4216074 -0.02424464 1.53869 -15.04827 35.6655 -18.3877
-0.4113535 0.01042333 1.527704 -15.98721 39.63496 -16.88388
-0.4152598 -0.03352198 1.497919 -16.58262 43.47466 -15.39533
-0.4474864 -0.004225105 1.452021 -19.61316 45.79527 -13.6167
-0.4960703 -0.01447901 1.46081 -20.41469 46.27618 -10.84571
-0.4848399 -0.006422371 1.414911 -20.42995 48.65786 -11.11289
-0.4924082 -0.00984034 1.387567 -25.40705 51.51283 -8.318993
-0.5073008 -0.007643074 1.358759 -29.13988 52.40596 -5.433496
-0.4999766 0.02897802 1.343866 -33.7353 54.27618 -4.242656
