0.01174219 0.7775131 1.480341 -106.4147 9.604427 -39.91441
0.03444727 0.6725327 1.344599 -111.4452 11.11588 -41.12815
-0.1000742 0.6114975 1.369501 -115.2391 11.6884 -43.04418
-0.1052012 0.5348373 1.336542 -116.3689 11.52809 -45.38769
-0.1479258 0.4691636 1.344843 -116.1933 10.39069 -45.80754
-0.1442637 0.3834702 1.351435 -109.8803 12.99374 -52.00601
-0.1799082 0.3087632 1.399042 -101.9414 13.32198 -56.10525
-0.1750254 0.2255112 1.39831 -93.84217 17.68076 -59.63197
-0.2280039 0.1215073 1.401728 -84.13224 18.32962 -59.91441
-0.2321543 0.01750341 1.356073 -69.26965 18.95557 -61.89151
-0.2878184 -0.09577784 1.333612 -53.62079 17.78763 -67.02892
-0.328834 -0.1402114 1.265497 -38.804 14.99374 -70.25029
-0.3656992 -0.2022232 1.2633 -27.26965 15.81053 -68.09762
-0.2773203 -0.2859634 1.165155 -16.7353 17.36779 -65.25029
-0.3031992 -0.3150161 1.144647 -2.307817 17.74947 -65.08998
-0.3676524 -0.3264907 1.104364 5.363939 15.79527 -65.84571
-0.4020762 -0.3413833 1.078974 8.1731 12.12351 -58.26556
-0.4001231 -0.2954849 1.050897 6.623481 13.58153 -52.28082
-0.4645762 -0.2930435 0.9959659 -0.7047633 13.00137 -39.21212
-0.5085215 -0.2832778 0.9456729 -11.04827 10.8258 -32.60907
-0.5109629 -0.3108657 0.8765811 -18.72003 6.497557 -24.31899
-0.5346446 -0.3123306 0.8492373 -26.7124 3.207481 -15.79227
-0.5378184 -0.2971939 0.8624209 -32.8727 -0.4490077 -8.128153
-0.5156016 -0.2635025 0.855585 -36.04064 -1.647481 -1.067084
-0.5297617 -0.2263931 0.8511905 -38.50629 -3.281069 3.581771
1.161645 -1.065504 1.44372 10.50898 -196.4032 251.6963
1.348412 -0.5830826 1.249872 7.944091 -162.2734 251.6963
1.328881 -0.3299087 1.383417 -4.536825 -161.1971 251.6963
1.29934 -0.3462661 1.398554 -7.193313 -164.8536 251.6963
1.341332 -0.3362564 1.295771 4.692183 -158.6017 251.6963
1.328881 -0.1651138 1.317499 10.05096 -157.6017 251.6963
1.360619 -0.1070083 1.389765 15.50898 -157.846 251.6963
1.403588 -0.04572901 1.369745 25.83722 -155.8994 251.6963
1.405297 0.02848974 1.369989 37.41737 -151.4185 251.6963
1.347191 0.0997788 1.403437 50.35631 -148.9223 251.6963
1.33474 0.247728 1.384638 57.65401 -143.8536 251.6963
1.450951 0.3331772 1.269403 58.86012 -140.136 251.6963
1.405541 0.327562 1.379511 70.08913 -137.9147 251.6963
1.312768 0.4115464 1.280634 103.822 -133.1971 251.6963
1.317406 0.6588608 0.944208 157.8754 -119.7925 251.6963
1.432152 0.8610092 0.9241885 233.1197 -131.4108 251.6963
1.628441 2.163683 1.401728 251.7533 -153.9605 251.6963
1.112084 1.544847 1.054804 55.72272 -124.8689 251.6963
0.9477774 1.547289 1.235468 45.62348 -123.0139 251.6963
0.8698965 1.659105 1.273065 50.59295 -114.6398 251.6963
0.8357168 1.926927 1.206659 54.91356 -119.5635 251.6963
0.9333731 2.098802 1.251825 19.20363 -115.7467 251.6963
0.8901602 2.04558 1.240106 -6.429955 -109.0292 251.6963
0.7685781 1.943285 1.195429 -17.85744 -110.7544 246.3833
0.7436758 1.902269 1.217401 -33.01011 -111.0292 231.223
0.6701894 1.73015 1.275751 -46.32308 -108.6857 218.7115
0.6147695 1.620531 1.303339 -52.30018 -108.9299 205.0932
0.5752187 1.513841 1.322626 -62.53683 -109.3803 195.3757
0.5437246 1.394945 1.379511 -70.20858 -109.594 185.2383
0.5127187 1.285814 1.416132 -71.59026 -109.6322 172.9558
0.5031972 1.22307 1.502069 -68.22385 -109.0826 160.7726
0.5005117 1.104417 1.608026 -62.55209 -107.0063 149.4444
0.4692617 1.017015 1.670526 -55.23911 -102.8002 139.0627
0.4345937 0.9510971 1.745233 -49.81163 -98.64748 129.7573
0.4140859 0.8925034 1.792353 -41.88797 -94.88412 121.5894
0.4153066 0.8180405 1.845575 -31.31545 -88.67039 113.8718
0.5295644 0.8319565 1.803583 -20.75056 -78.98336 109.9558
0.3767324 0.7006088 1.901972 -7.819267 -71.56351 99.4749
0.2900625 0.7367416 1.98498 8.79142 -62.82305 91.63521
0.1892324 0.8375717 1.929315 14.69218 -50.70092 86.57414
0.1841055 0.8138901 1.84997 20.09676 -45.47191 83.13139
0.1670156 0.8700424 1.816767 26.82195 -36.82305 78.81078
0.1452871 0.9413315 1.744013 26.27997 -29.00626 77.21536
0.09816797 1.030931 1.683954 21.82959 -22.86885 75.60468
0.07863672 1.117601 1.630487 16.54715 -19.49481 73.21536
0.06374414 1.238939 1.620478 9.669282 -12.56351 70.03216
0.01052149 1.293871 1.610224 5.745618 -7.532977 64.43673
-0.01169531 1.358568 1.586786 -2.01774 -2.586412 59.11612
-0.03733008 1.429124 1.585565 -9.269649 2.489923 53.20009
-0.0524668 1.47722 1.566278 -11.10934 7.642595 43.71154
-0.07004492 1.54558 1.571894 -16.14751 13.14641 36.52834
-0.09079687 1.561449 1.581171 -25.26201 22.16931 25.98635
-0.144752 1.490648 1.574335 -27.12461 25.07008 18.90238
-0.136207 1.531664 1.531855 -31.30782 28.04718 11.93292
-0.1203379 1.496751 1.50036 -34.77346 33.28382 3.635206
-0.1266855 1.49724 1.5133 -37.72766 40.94794 -8.089985
-0.1601328 1.4843 1.498896 -42.20858 47.60443 -16.15869
-0.1940684 1.44597 1.452997 -42.03301 50.52809 -23.33426
-0.1342539 1.309496 1.334345 -36.83453 58.56626 -37.21975
-0.2223887 1.249681 1.323114 -28.78873 64.41358 -48.28846
-0.2394785 1.180833 1.205438 -21.51392 67.36778 -62.13578
-0.2797617 1.095628 1.146845 -13.68186 69.63496 -76.34189
-0.3293223 0.9840561 1.030878 -14.13988 74.78763 -80.36479
-0.3700938 0.8170639 0.9156436 -15.57499 75.95557 -85.79227
-0.4653086 0.4071518 0.5938663 -29.47576 62.07008 -81.86861
-0.4789805 0.3033921 0.5233096 -31.29255 57.59679 -67.6625
-0.4675059 0.2313706 0.4237002 -33.12461 56.14641 -67.05945
-0.518043 0.1112534 0.3223819 -29.23148 50.8487 -67.54037
-0.535377 0.07536474 0.2784365 -9.552092 47.16168 -74.44876
-0.5668711 0.2916733 0.2816104 -4.903237 37.8029 -65.6854
-0.5680918 0.2714097 0.280878 1.730351 30.21511 -68.10525
-0.6188731 0.2408921 0.3492373 17.48608 12.7113 -69.92204
-0.5539317 0.2916733 0.2613467 43.52425 6.612061 -76.83807
-0.6178965 1.110033 0.0008486509 -7.559726 19.00137 -55.39533
-0.3595957 0.8072983 0.03038967 0.455542 6.787633 -64.08998
-0.4482188 0.8583237 0.138544 5.524244 3.230381 -71.60907
-0.5361094 0.9203354 0.2274112 17.66165 -11.25817 -72.84571
-0.4679942 0.976976 0.2044619 25.05096 -17.81542 -82.96021
-0.4352793 1.17888 0.2408389 24.15783 -12.72382 -93.37243
-0.4701914 1.262132 0.2884463 27.11967 -23.1971 -97.44876
-0.4587168 1.375902 0.2684268 33.11203 -38.48717 -97.33426
-0.3383555 1.51433 0.2327822 36.90593 -44.64748 -109.6549
-0.268043 1.663744 0.260126 41.68455 -44.09786 -126.7159
-0.2726817 1.855638 0.3150576 44.01279 -47.83832 -141.2121
-0.250709 1.957689 0.3250674 45.35631 -60.00626 -150.7007
-0.2314219 2.163683 0.3629092 34.45554 -60.36504 -164.7388
-0.21775 2.163683 0.3875674 33.74562 -66.96809 -185.8686
-0.09250586 2.163683 0.4998721 21.21127 -81.2429 -187.7694
0.02883203 2.163683 0.447626 9.974626 -91.73145 -197.8457
0.191918 2.163683 0.3494815 -1.338351 -87.67039 -225.09
0.2348867 2.163683 0.3963565 -16.83453 -86.83069 -244.2656
0.2473379 2.163683 0.4061221 -32.77346 -92.46428 -248.5709
0.05056055 1.467455 0.994501 -53.55972 13.74183 55.79551
-0.3281016 0.4581772 0.8133487 -26.52919 -63.0826 -42.02128
-0.3227305 0.4308335 0.8553409 -26.08644 -65.42611 -42.49456
-0.3088145 0.4208237 0.8936709 -25.28492 -67.09786 -43.31136
-0.2936778 0.4051987 0.9276065 -25.25438 -68.65512 -43.99838
-0.2651133 0.3971421 0.9739932 -24.86507 -68.82306 -45.23502
-0.2380137 0.3876206 0.9937686 -24.18568 -68.89176 -45.85334
-0.21775 0.374437 1.012812 -22.69713 -67.90702 -46.82281
-0.2233652 0.3695542 1.029169 -21.52919 -67.12077 -47.76174
-0.2348398 0.3737046 1.0487 -21.30018 -65.79252 -48.31136
-0.2480234 0.3822495 1.043573 -21.62843 -64.85359 -48.45639
-0.2599864 0.4059311 1.015253 -23.46049 -63.70855 -48.13578
-0.2778086 0.423021 0.9913272 -26.23911 -62.98336 -47.6854
-0.3017344 0.4308335 0.9610538 -28.95667 -62.74672 -47.11288
-0.3176035 0.4340073 0.9132022 -31.63606 -62.57114 -45.93731
-0.3449473 0.4235093 0.8685245 -32.03301 -62.75435 -45.72357
-0.3615489 0.4689194 0.8221377 -34.51392 -63.1284 -44.73884
-0.3571543 0.5106674 0.7466983 -29.49102 -63.98336 -47.7312
-0.3691172 0.551683 0.6563663 -29.95667 -66.1055 -46.82281
-0.4054942 0.6151596 0.5655459 -23.65133 -71.0368 -49.69304
-0.4003672 0.7103745 0.5435733 -18.33835 -75.54061 -52.60907
-0.4216074 0.8087631 0.492792 -12.26202 -80.92229 -56.12815
-0.4079356 0.9518295 0.4659366 -7.147511 -88.11314 -60.25029
-0.3805918 1.017503 0.4757022 0.3563054 -94.47191 -65.60907
-0.3136973 1.172289 0.4661807 6.455542 -99.1513 -72.01365
-0.3073496 1.300462 0.3948916 29.32577 -108.5712 -88.5938
-0.1645273 1.606126 0.3702334 37.85249 -112.8078 -103.7236
-0.1608652 1.886888 0.3775576 40.89829 -119.0597 -120.403
-0.1047129 2.067064 0.3609561 39.38684 -125.9681 -133.9678
-0.1276621 2.152025 0.4051455 38.34867 -142.4337 -156.2656
0.02834375 2.163683 0.2340029 31.88302 -141.5253 -181.9449
0.04348047 2.163683 0.2112979 19.18837 -134.1818 -199.8763
-0.05759375 2.163683 0.2860049 2.997527 -159.6246 -208.3724
