0.40596 -0.2428862 0.591707 -22.77519 41.80226 -24.38438
0.4071807 -0.2443511 0.6075761 -23.53855 42.72593 -25.90347
0.4206084 -0.2358062 0.6227129 -24.0271 44.05417 -27.94927
0.4269561 -0.2275054 0.6378496 -23.80573 45.50455 -30.0485
0.4367217 -0.2126128 0.6459062 -24.03473 47.22211 -32.16301
0.4467315 -0.2113921 0.6573808 -22.85916 49.34425 -34.63629
0.4452666 -0.1933257 0.6568925 -21.27137 51.25264 -37.46835
0.4709014 -0.1982085 0.6603105 -18.63779 53.17631 -40.33858
0.4975127 -0.1947905 0.6639726 -15.62252 55.60379 -43.63629
0.5167998 -0.1999175 0.6544511 -10.80573 57.72593 -47.28515
0.5282744 -0.1964995 0.6459062 -6.83626 60.50455 -50.59049
0.5380401 -0.1989409 0.6361406 -4.477481 63.70302 -53.8424
0.541458 -0.2011382 0.6065996 -2.553817 66.48164 -56.62866
0.5402373 -0.2079741 0.5816972 -1.172138 68.9702 -59.21645
0.5490264 -0.2192046 0.5306718 1.476717 71.59615 -62.0714
0.5438994 -0.2294585 0.4886796 6.072137 74.1305 -65.26988
0.5382842 -0.2380034 0.4479082 12.01107 75.82516 -68.8195
0.5231475 -0.2306792 0.3880937 15.33168 77.44348 -71.06377
0.5241241 -0.2262847 0.3116777 17.95 79.61142 -73.94164
0.5226592 -0.225064 0.2242754 19.46908 78.9015 -76.32332
0.5150908 -0.2123687 0.135164 18.15611 78.83279 -77.9798
0.4928741 -0.2301909 0.07827926 18.70572 76.61142 -79.42255
0.2921904 -0.07027881 0.1983964 12.04924 65.58089 -76.69736
0.4630889 -0.1838042 -0.06771684 14.62939 87.00073 -80.62866
0.4904326 -0.1645171 -0.2002852 10.15611 67.41294 -80.48362
0.5463408 -0.133023 -0.1692793 7.278244 67.19157 -84.67446
0.5316924 -0.1210601 -0.2212813 6.186641 60.06944 -86.41492
0.5106963 -0.08981007 -0.2654707 4.446183 52.25264 -88.8195
0.5177764 -0.08370655 -0.2378829 -1.698855 48.47402 -90.14011
0.5224151 -0.05709522 -0.2632735 -5.668321 44.59615 -91.04087
0.5124053 -0.05929248 -0.2723067 -10.12634 41.016 -91.96454
0.527542 0.01565869 -0.2835371 -16.25611 38.09234 -93.26988
0.5297393 0.07254345 -0.3025801 -19.17977 36.0618 -96.13248
0.5541533 0.1147798 -0.3099043 -26.56908 33.37478 -98.16301
0.5517119 0.1096528 -0.3052657 -31.53855 33.32135 -103.789
0.5751494 0.1521333 -0.4078047 -30.67595 27.9473 -109.0027
0.5885772 0.1594575 -0.4454024 -31.30191 21.22211 -115.9493
0.5993194 0.1521333 -0.4366133 -28.82099 18.43585 -123.018
0.5841826 0.1286958 -0.4737227 -23.50038 15.80226 -130.4913
0.5758819 0.125522 -0.5127852 -20.46985 10.58088 -137.0943
0.5734405 0.0932954 -0.5174239 -17.86679 5.290809 -144.2012
0.5775908 0.03396924 -0.5655196 -15.04237 1.603786 -150.1477
0.560501 -0.02047412 -0.5752852 -11.75992 -6.052702 -155.2928
0.5753936 -0.09981983 -0.5752852 -3.126336 -10.08324 -162.0256
0.5619658 -0.1325347 -0.5752852 3.728626 -20.20537 -165.5218
0.5807647 -0.2065093 -0.5752852 8.339314 -29.29698 -168.018
0.603958 -0.2577788 -0.5752852 10.72863 -35.19774 -170.8806
0.6088408 -0.2975738 -0.5752852 9.850763 -41.62522 -171.9874
0.6244658 -0.3588531 -0.5474532 9.438549 -48.37331 -173.1019
0.6383819 -0.4027984 -0.5296309 9.782061 -54.50308 -173.4302
0.6742705 -0.4645659 -0.472502 9.980536 -59.85423 -172.6668
0.6798858 -0.5107085 -0.4263594 11.17901 -65.1443 -171.4149
0.6850127 -0.5453765 -0.3850996 13.27824 -70.0985 -169.7584
0.6764678 -0.568814 -0.3191817 17.75916 -75.19011 -168.7508
0.6891631 -0.5988433 -0.2810957 23.39275 -79.02217 -168.1477
0.6986846 -0.6039702 -0.2388594 26.78206 -82.73209 -166.7661
0.7084502 -0.6252105 -0.1934493 30.33168 -85.66339 -165.3844
0.7313994 -0.6337554 -0.1531661 33.30114 -88.39622 -163.2317
0.7584991 -0.6349761 -0.1187422 36.13321 -90.73209 -161.2088
0.7738799 -0.6242339 -0.09042192 37.98817 -92.8695 -159.163
0.7746123 -0.6076324 -0.07186723 38.77443 -93.85423 -157.3768
0.7606963 -0.6117827 -0.06698442 40.9729 -95.0298 -156.3309
0.7572783 -0.610562 -0.06698442 42.85076 -97.70156 -154.789
0.7716826 -0.6271636 -0.07577348 43.31641 -100.0909 -153.2699
0.7819366 -0.6415679 -0.06698442 44.75916 -101.8771 -151.789
0.8036651 -0.6571929 -0.08285356 43.98053 -104.5947 -149.1783
0.813919 -0.6662261 -0.08358598 44.83549 -107.3733 -147.1325
0.8231963 -0.6779449 -0.07430863 45.45382 -109.526 -144.6516
0.8344268 -0.6698882 -0.07015824 45.14084 -114.4573 -142.2775
0.8219756 -0.6818511 -0.03793168 47.62939 -117.3351 -140.2928
0.8271026 -0.6777007 -0.01327348 48.87366 -120.4344 -138.3309
0.8459014 -0.6696441 0.02432418 48.44618 -123.8848 -135.9951
0.8583526 -0.6645171 0.06900191 45.65992 -126.4038 -133.7432
0.8742217 -0.6777007 0.1105058 42.65992 -127.8008 -131.6516
0.409378 -0.8925445 0.5045488 -97.28664 -1.854229 -41.55232
0.4958037 -0.8793609 0.1131914 -50.28664 26.75646 -69.47599
0.4760283 -0.9345366 0.05240035 -51.76756 21.42821 -67.30042
0.4582061 -0.9650542 -0.001554728 -59.36298 16.61905 -63.04851
0.4564971 -1.002896 -0.02914262 -64.08817 10.81753 -58.7966
0.4586944 -1.043179 -0.03597856 -68.67596 4.588519 -53.62866
0.4491729 -1.064175 -0.02474809 -72.97366 -1.525985 -48.36912
0.4608916 -1.071255 -8.988379e-05 -76.2103 -7.701557 -42.80423
0.4904326 -1.060269 0.03384566 -80.11107 -12.78553 -37.46072
0.5297393 -1.040494 0.08584762 -82.37061 -17.82369 -32.39965
0.5602569 -1.019009 0.1463945 -83.79046 -21.66339 -28.16301
0.6027373 -0.9660308 0.2333086 -83.40115 -24.37331 -24.54469
0.6325225 -0.9040191 0.3238847 -82.05 -25.58705 -22.43782
0.6540069 -0.8527495 0.4037187 -78.64542 -25.78553 -21.29278
0.6686553 -0.7809722 0.4444902 -76.37824 -25.0298 -20.20117
0.6894073 -0.7350738 0.5008867 -72.59962 -23.35805 -20.78133
0.7191924 -0.6833159 0.5614336 -69.0958 -21.14431 -22.01797
0.7362823 -0.6425445 0.5838945 -65.31718 -18.23591 -23.46835
0.7350616 -0.6103179 0.6122148 -61.06527 -15.17484 -25.59049
0.737503 -0.6029937 0.624666 -57.52328 -12.0298 -27.90347
0.7199248 -0.5895659 0.6300371 -54.42405 -8.701557 -30.29278
0.7138213 -0.5915191 0.6295488 -51.37825 -5.663389 -32.39201
0.6942901 -0.6037261 0.6253984 -48.62252 -3.075603 -34.33095
0.6803741 -0.6325347 0.5929277 -45.53092 -0.7397252 -36.30804
0.6730498 -0.6603667 0.5853593 -42.16451 1.176305 -37.39965
0.6667022 -0.6957671 0.5484941 -39.21794 2.412947 -37.9798
0.6605987 -0.7206695 0.525789 -36.89733 3.107603 -38.1172
0.6618194 -0.7492339 0.4916093 -34.35534 3.756458 -37.94926
0.6586455 -0.7609527 0.4745195 -31.92023 3.603786 -37.7737
0.6630401 -0.7682769 0.4764726 -30.38588 3.519817 -36.85767
0.6684112 -0.7887847 0.4474199 -29.79809 3.474015 -35.8882
0.669876 -0.798062 0.4366777 -30.14924 3.061801 -34.7737
0.6752471 -0.8007476 0.4322832 -31.12634 3.023633 -33.37675
0.6737823 -0.8141753 0.4127519 -31.92786 2.916763 -31.92637
0.6779326 -0.8227202 0.4112871 -32.53092 2.970199 -30.54469
0.6725616 -0.8337066 0.4020097 -32.9355 2.893863 -29.16301
0.6540069 -0.8476226 0.3934648 -32.98893 2.840427 -27.34621
0.6396026 -0.8598296 0.3888261 -32.57672 2.779359 -26.14011
0.6286162 -0.8744781 0.3810136 -31.61489 2.42058 -24.9569
0.6178741 -0.8786284 0.3692949 -31.28664 1.542717 -22.85766
0.5963897 -0.8947417 0.3497636 -32.17214 1.405313 -20.72789
0.5827178 -0.9174468 0.3273027 -34.05763 0.2221069 -18.07141
0.5678252 -0.9384429 0.294832 -36.50801 -0.9992672 -15.04087
0.5380401 -0.9574859 0.275789 -38.31718 -2.808427 -11.53705
0.5246123 -0.9762847 0.2486894 -40.0271 -5.472549 -7.659191
0.5099639 -0.9828765 0.2362382 -41.59962 -8.151939 -3.781328
0.5058135 -0.9953277 0.2245195 -43.14161 -11.28171 0.4095116
0.5021514 -0.9809234 0.2159746 -44.85916 -14.38095 4.409512
0.4992217 -0.9677398 0.2228105 -46.69886 -17.97637 8.699588
0.5189971 -0.9565093 0.2276933 -48.15687 -21.18247 12.76066
0.5290069 -0.9255034 0.2525957 -49.96603 -24.06034 16.24157
0.5475616 -0.8937652 0.2735918 -51.77519 -27.26644 19.91333
0.5563506 -0.8617827 0.3060625 -53.43932 -29.26644 23.0202
0.5646514 -0.8263824 0.3487871 -54.34008 -30.79316 25.44005
0.5783233 -0.8068511 0.3819902 -54.43168 -31.69392 27.14234
0.5961455 -0.7653472 0.4173906 -54.21031 -32.64812 29.1118
0.6188506 -0.7223784 0.452791 -54.22557 -32.35804 30.27211
0.6225127 -0.6874663 0.4925859 -53.68359 -32.51072 30.89043
0.6183623 -0.6628081 0.517 -52.9813 -31.99163 31.64615
0.626419 -0.6354644 0.539705 -52.50038 -30.80079 31.88279
0.6256866 -0.6022613 0.5607011 -51.49275 -29.43438 31.89806
0.6205596 -0.5812652 0.5838945 -51.69886 -28.29698 32.62325
0.6105498 -0.5607574 0.5939043 -50.98893 -26.56415 32.18814
0.6083526 -0.5419585 0.602205 -51.11871 -25.45728 32.1118
0.596878 -0.5346343 0.6004961 -51.24084 -23.88476 32.1576
0.5888213 -0.5060699 0.6214921 -49.83626 -22.41148 30.86753
0.5827178 -0.4853179 0.6065996 -49.65305 -22.21301 29.93623
0.5817412 -0.4811675 0.6185625 -50.44695 -21.19774 29.48585
0.5780791 -0.4804351 0.6327226 -50.65305 -19.59469 28.91333
0.5641631 -0.4726226 0.6319902 -50.92786 -18.14431 28.64615
0.5619658 -0.4755523 0.6205156 -50.95076 -17.16721 28.42478
0.5636748 -0.4823882 0.6227129 -49.99657 -15.66339 27.87516
0.5631866 -0.4816558 0.6336992 -48.98893 -14.62522 27.75302
0.5597686 -0.4762847 0.6349199 -48.0042 -13.29698 27.53928
0.5514678 -0.473355 0.6251543 -46.90496 -11.74736 27.38661
0.5485381 -0.4696929 0.6253984 -45.27137 -10.0069 26.9973
