-0.1309053 -0.3832671 0.5694902 -4.843893 1.038901 17.76829
-0.1277314 -0.3927886 0.5768144 -5.05 1.290809 17.98203
-0.1274873 -0.3844878 0.5702226 -5.75229 1.649588 18.23394
-0.1313936 -0.384732 0.5765703 -6.195038 2.245008 18.31027
-0.1277314 -0.3901031 0.5746171 -7.004199 2.649588 18.59272
-0.1274873 -0.3871734 0.5675371 -7.958397 2.886229 18.70722
-0.1357881 -0.3944976 0.5633867 -9.05 3.168672 19.31791
-0.1343232 -0.3883941 0.5680254 -10.28664 3.290809 19.48585
-0.1350557 -0.3949859 0.5526445 -11.0042 3.245008 19.85226
-0.1352998 -0.3844878 0.5526445 -11.75229 3.275542 19.72249
-0.1377412 -0.3876616 0.5514238 -11.77519 2.710657 20.1347
-0.1355439 -0.381314 0.543123 -12.26374 2.664855 19.91333
-0.1362764 -0.3832671 0.5433671 -12.31718 2.825161 19.78356
-0.1360322 -0.3854644 0.5480058 -12.59198 2.573252 19.47821
-0.1367646 -0.3888824 0.5453203 -12.43168 2.351878 19.74539
-0.1370088 -0.3891265 0.543123 -12.34008 2.351878 19.98203
-0.1436006 -0.3927886 0.5433671 -12.40114 2.130504 19.55455
-0.1360322 -0.39523 0.5497148 -11.95076 1.993099 19.62325
-0.1362764 -0.4008452 0.5382402 -11.80573 1.878595 19.59272
-0.1394502 -0.4023101 0.5436113 -11.50802 1.901496 19.78356
-0.1340791 -0.4030425 0.5406816 -11.08817 1.756458 19.88279
-0.1333467 -0.4032866 0.5480058 -9.843893 1.580885 19.60035
-0.1318818 -0.4064605 0.5533769 -8.775191 1.351878 19.34844
-0.1335908 -0.4098784 0.5519121 -7.691222 1.63432 19.20341
-0.132126 -0.4101226 0.5514238 -6.424046 1.626687 18.9515
-0.1328584 -0.4120757 0.5497148 -4.958397 1.557985 18.9286
-0.132126 -0.4106109 0.5550859 -4.0271 1.703023 18.78356
-0.1313936 -0.4213531 0.5492265 -3.164504 1.756458 18.94386
-0.1374971 -0.4213531 0.5589921 -2.614886 1.756458 19.0202
-0.130417 -0.4164702 0.5628984 -2.43168 1.932031 19.10417
-0.1326143 -0.4162261 0.5536211 -2.515649 1.901496 19.27974
-0.1282197 -0.412564 0.54825 -2.462214 2.008367 19.54692
-0.1235811 -0.4089019 0.5633867 -2.355344 1.947298 20.0202
-0.1240693 -0.4049956 0.5690019 -2.584351 2.077069 20.39425
-0.1316377 -0.4145171 0.5677812 -2.668321 2.374779 20.31027
-0.1299287 -0.4008452 0.5643632 -2.683588 2.489283 20.50111
-0.1370088 -0.4047515 0.5714433 -2.622519 2.588519 20.50875
-0.1360322 -0.3920562 0.5577714 -3.729389 3.412947 21.02783
-0.04789746 0.3865083 0.7608964 -75.45457 19.58088 34.61562
-0.001022458 0.4507173 0.876375 -10.56145 5.825161 25.49348
-0.007614255 0.4477876 0.8775957 -8.882061 6.145771 24.85989
-0.004684567 0.4424165 0.8653887 -7.103435 6.641954 24.53928
-0.005905271 0.4634126 0.8675859 -5.591985 6.893862 23.9744
-0.006149411 0.465854 0.8673418 -4.332443 7.245008 23.76829
-0.00956738 0.4751313 0.8517168 -3.401145 7.435848 23.84463
-0.003708005 0.4785493 0.8436602 -3.011832 7.466382 23.66142
0.000198245 0.4805024 0.841707 -2.393512 7.596153 23.37898
-0.009323239 0.4778169 0.8395098 -1.973664 7.275542 23.64615
-0.003463864 0.4851411 0.8280352 -2.172138 7.176305 23.75302
-0.00566113 0.4910005 0.8319414 -2.149237 6.771725 23.53165
-0.009079099 0.4812348 0.841707 -2.362977 6.916764 23.68432
-0.006393552 0.4800141 0.8319414 -2.683588 6.855694 23.51638
0.003372073 0.4949067 0.8270586 -3.431679 6.649588 23.56982
-0.01103222 0.5007661 0.8146074 -4.24084 6.695389 23.62325
-0.007125974 0.4946626 0.8107012 -5.225573 6.31371 23.39425
-0.01420605 0.4917329 0.8094805 -5.973664 5.93203 23.44005
-0.006637692 0.5005219 0.8065508 -7.0271 5.382412 23.19577
0.003616214 0.5105317 0.8031328 -8.393512 5.252641 23.24921
-0.0007783175 0.5129731 0.8160723 -9.271374 5.077069 22.68432
0.005081058 0.5198091 0.8087481 -10.12634 4.932031 22.40951
0.001663089 0.5305512 0.8109453 -10.08053 4.481649 21.69195
-0.004684567 0.5303071 0.8231524 -10.42405 3.977832 20.89806
-0.0156709 0.5278657 0.8287676 -10.44695 3.725924 19.81409
-0.007858396 0.5244477 0.8265703 -10.37824 3.50455 19.0889
-0.01591504 0.5251801 0.8360918 -10.24847 3.214473 18.38661
-0.01786816 0.5202973 0.8390215 -9.83626 3.023633 17.50875
-0.01176465 0.5159028 0.8370684 -10.1187 3.145771 16.83699
-0.008834958 0.5068696 0.8509844 -10.27137 3.290809 16.31027
-0.004928708 0.5014985 0.848543 -9.973664 3.344244 15.67669
-0.0007783175 0.4917329 0.8497637 -9.744657 3.489283 15.14234
-0.005905271 0.4875825 0.8458574 -9.225573 3.374779 14.67669
-0.001022458 0.4800141 0.8622149 -8.775191 3.153405 14.42478
-0.00175488 0.4817231 0.8570879 -9.401145 3.306077 14.40951
-0.005416989 0.4765962 0.8617266 -10.28664 3.710657 14.54692
0.0009306669 0.4822114 0.8678301 -11.67595 3.878595 14.47058
-0.004928708 0.4878266 0.8622149 -12.31718 4.565619 14.31791
-0.002975583 0.4907563 0.8534258 -13.59962 4.428214 14.45531
-0.001999021 0.4946626 0.8609941 -14.48512 4.31371 14.60035
-0.001022458 0.5034516 0.8448809 -15.72939 4.359511 14.75302
-0.001999021 0.5163911 0.8544024 -17.31717 4.229741 14.83699
0.0009306669 0.530063 0.8431719 -18.95076 4.145771 15.09653
-0.01322949 0.5293305 0.8524492 -20.24084 4.306077 15.0889
-0.01982129 0.5347016 0.8482988 -20.50801 4.20684 14.60798
-0.02665722 0.5251801 0.8436602 -19.82099 3.741191 14.066
-0.02397168 0.5237153 0.8407305 -18.69122 3.382412 13.44768
-0.01908886 0.5237153 0.8424395 -18.37061 3.359511 12.86753
-0.02201855 0.5063813 0.8512285 -17.38588 3.038901 12.54692
-0.01615918 0.4927094 0.8534258 -16.53855 3.145771 11.90569
-0.009079099 0.4660981 0.8646563 -14.26374 3.50455 11.46295
-0.01249707 0.4531587 0.8636797 -10.79809 3.374779 11.03547
-0.01640332 0.4446137 0.8602617 -7.011832 3.596153 10.12707
-0.01737988 0.4353364 0.8639238 -3.202672 3.802259 9.669053
-0.02079785 0.431186 0.8548906 -0.3706107 3.596153 9.417145
-0.01640332 0.4380219 0.8678301 1.095038 3.634321 9.615619
-0.009811521 0.4331391 0.857332 1.033969 4.145771 10.37134
-0.003708005 0.4375337 0.8587969 0.2553434 4.138137 11.27211
-0.007858396 0.4245942 0.846834 -0.8591604 4.50455 12.69959
-0.002487302 0.4248384 0.8595293 -2.118702 4.725924 14.03547
0.004348636 0.4177583 0.8558672 -2.195038 4.825161 15.01257
0.006790042 0.4219087 0.8500078 -3.279008 4.802259 16.24921
-0.001022458 0.4236176 0.8524492 -2.500382 5.038901 16.92096
0.005813479 0.4199555 0.8531816 -3.057634 5.016 17.93623
-0.0002900362 0.4292329 0.8558672 -3.0271 5.542717 18.50875
0.005325198 0.427768 0.8551348 -3.56145 5.435847 19.50875
-0.001266599 0.4355805 0.8556231 -3.500382 5.466382 20.0889
0.001174808 0.4365571 0.8519609 -3.584351 5.710657 20.51638
-0.005905271 0.4385102 0.8580645 -2.64542 5.107603 20.96676
-0.003952146 0.4463227 0.8561113 -2.340076 5.267909 21.28737
-0.0007783175 0.4541352 0.8524492 -2.393512 5.535084 21.46295
0.0009306669 0.4580415 0.8470781 -2.500382 5.664855 21.82173
-0.008102536 0.4494966 0.8412188 -2.553817 5.733557 22.066
-0.001999021 0.4563325 0.8439043 -3.462214 5.664855 22.65379
-0.00566113 0.4599946 0.8375566 -4.24084 5.748825 22.62325
-0.006637692 0.4651216 0.8424395 -5.43168 5.90913 23.19577
0.003127933 0.4709809 0.834627 -6.614886 6.260274 23.28737
0.003127933 0.4800141 0.8421953 -7.75229 6.260274 23.71486
0.00215137 0.4807466 0.8409746 -8.798092 6.573252 24.09653
-0.004196286 0.4792817 0.8429277 -9.599619 6.779358 24.01257
-0.001266599 0.4787934 0.8375566 -10.0042 6.870962 24.16524
-0.008590817 0.4826997 0.846834 -10.46985 7.183939 24.1805
-0.003219724 0.4731782 0.8431719 -10.79809 7.12287 24.1118
-0.006637692 0.4756196 0.8443926 -11.33244 7.489282 24.30264
-0.009811521 0.4722016 0.8526934 -10.92023 7.245008 23.76829
-0.01274121 0.4585298 0.8421953 -8.988932 7.748825 23.32554
-0.0156709 0.4448579 0.8304766 -6.011832 7.451114 22.51638
-0.1540986 0.3845551 0.7379472 -13.65305 0.5808854 24.21104
-0.1431123 0.38602 0.7372148 -15.17214 -0.3427787 24.92096
-0.1394502 0.3828462 0.7403886 -17.1645 -0.9000305 25.68432
-0.1431123 0.3847993 0.7596757 -17.99656 -1.419115 26.10417
-0.1326143 0.3823579 0.7594316 -18.76756 -1.816061 26.64615
-0.1335908 0.3757661 0.7613847 -17.55382 -2.861863 26.41714
-0.1343232 0.3750337 0.765291 -15.99656 -3.296977 26.52402
-0.1299287 0.3830903 0.760164 -13.98893 -4.129038 26.02783
-0.1257783 0.3828462 0.7660234 -12.27137 -4.907664 25.49348
-0.116501 0.3955415 0.7745683 -11.13397 -5.151939 24.56218
-0.1208955 0.4028657 0.7782304 -10.17977 -5.884763 23.84463
-0.1323701 0.3992036 0.7906816 -9.828627 -5.800794 22.73775
-0.1374971 0.4067719 0.7923906 -10.03473 -6.113771 22.19577
-0.1428682 0.3931001 0.8002031 -10.54618 -6.548885 21.72249
-0.1340791 0.3974946 0.8087481 -11.30954 -6.800794 21.62325
-0.1267549 0.4072602 0.8211992 -12.62252 -6.716825 21.35608
-0.1208955 0.4126313 0.8197344 -14.25611 -6.182473 21.07363
-0.1250459 0.4123872 0.8148516 -15.98893 -5.816061 20.66905
-0.1306611 0.4162934 0.8070391 -17.29428 -5.823695 20.96676
-0.1348115 0.4219087 0.8024004 -17.77519 -6.235909 20.31027
-0.1377412 0.4177583 0.8102129 -18.21031 -6.823695 20.22631
-0.1389619 0.413852 0.8248613 -17.95076 -6.823695 19.41714
-0.1453096 0.4057954 0.826082 -17.25611 -6.541252 18.95913
-0.1411592 0.3962739 0.8397539 -15.79046 -6.28171 18.36371
-0.1414033 0.3769868 0.8507402 -14.59962 -6.312244 18.14234
