1.051468 -1.21896 -0.2071211 21.19427 204.161 -106.2012
0.9782256 -1.208462 -0.1963789 22.53779 195.9549 -96.27751
0.9289092 -1.159634 -0.2010176 16.0416 185.8175 -83.43018
0.8969268 -1.070523 -0.1668379 8.072138 174.9168 -72.05614
0.9044951 -0.9997222 -0.08163285 4.072137 167.0694 -61.9569
0.9362334 -0.8678863 0.01138473 0.4232821 164.6267 -50.40729
0.7772979 -1.043179 -0.009611368 -3.706489 150.8862 -50.29278
0.8473662 -0.9460113 0.1954668 -1.653054 142.932 -33.79659
0.9074248 -0.8073394 0.3727129 2.453817 156.2908 -30.81186
0.8578643 -0.5888335 0.2904375 7.194274 155.329 -27.97217
0.8300323 -0.5246245 0.2145097 5.316412 148.1 -25.40728
0.8651885 -0.4521148 0.2506425 -0.882061 145.8023 -21.16301
0.8861846 -0.3864409 0.2501543 1.873664 145.245 -22.47598
0.8739776 -0.315396 0.2308671 1.637022 142.4206 -23.97217
0.8749541 -0.2790191 0.2140214 -2.83626 140.8481 -24.57522
0.8402862 -0.2956206 0.2196367 -1.691222 137.9015 -26.8882
0.8239287 -0.2839019 0.2372148 -1.004199 137.0618 -30.30805
0.8793487 -0.3185699 0.2672441 1.690458 132.1763 -31.42255
0.9433135 -0.2946441 0.2608964 9.804962 132.1458 -36.13248
0.9140166 -0.3278472 0.2450273 16.95763 128.8786 -40.27751
0.9457549 -0.3393218 0.2596757 17.25534 126.1839 -43.54469
0.9765166 -0.3442046 0.2828691 18.04924 123.7794 -46.04851
0.9757842 -0.3468902 0.2992265 11.15611 123.9626 -47.33858
1.00972 -0.3515288 0.2696855 -0.05763388 124.9931 -47.65919
1.003616 -0.3871734 0.2474687 -12.73702 122.2908 -45.57523
0.9940948 -0.4076812 0.1979082 -25.40878 122.9397 -45.09431
0.9557647 -0.4286773 0.138582 -38.49275 119.6801 -41.80423
0.9245147 -0.4626128 0.1097734 -46.70649 115.5351 -40.36148
0.8825225 -0.4670074 0.06973433 -52.57672 112.2221 -39.29278
0.8273467 -0.5038726 0.01675582 -54.8897 107.6038 -38.96453
0.7975616 -0.5216949 -0.01962113 -52.69122 101.1916 -39.37675
0.4645537 0.5893891 0.9252031 35.179 -13.43438 111.6233
0.4440459 0.6670259 0.8753984 49.57595 9.054169 65.08127
0.438919 0.677768 0.8805254 51.59122 11.56562 59.52402
0.425003 0.6736176 0.9049395 53.8126 14.34424 54.21104
0.4247588 0.6653169 0.8981035 56.179 17.51218 48.87516
0.4105987 0.6614106 0.9151934 58.19427 21.1534 43.48585
0.3986357 0.6511567 0.9112871 59.85839 25.30608 38.41714
0.3847197 0.5764497 0.8575762 63.15611 39.13814 22.86753
0.37471 0.540561 0.8131426 63.14083 43.31371 18.85226
0.3710479 0.5183442 0.7879961 62.58358 46.77936 15.44005
0.3600615 0.4795259 0.7325761 62.27061 49.87096 12.12707
0.352249 0.4382661 0.6857011 61.65992 51.86333 9.386611
0.3312529 0.3926118 0.6393144 61.56069 54.1534 6.982031
0.3229522 0.3586762 0.5912187 62.21717 55.51982 4.485847
0.3249053 0.3276704 0.5360429 62.29351 55.9473 3.157602
0.3124541 0.2895844 0.4974687 62.46145 56.22974 1.585085
0.3007354 0.2600434 0.4437578 60.71336 56.03127 0.4553127
0.2919463 0.2243989 0.3966386 59.35458 55.77173 0.07363319
0.279251 0.1963227 0.36075 57.30114 54.03127 0.06599998
0.2284697 0.1777681 0.3273027 54.44618 51.67249 0.2492065
0.246292 0.1611665 0.3197343 49.47672 49.42822 1.272106
0.2431182 0.1299165 0.2984941 45.21717 48.47402 2.19577
0.2379912 0.1103853 0.2755449 42.49198 45.9015 2.882793
0.2335967 0.08230907 0.2545488 39.9271 43.86333 4.226305
0.2218779 0.06814892 0.2460039 38.0874 41.44348 5.730123
0.2201689 0.05130322 0.2247636 35.78206 39.03127 6.722488
0.2118682 0.0403169 0.2135332 33.33931 36.29081 8.195771
0.2060088 0.02908643 0.2015703 31.76679 33.65722 9.455313
0.197708 0.02493603 0.2040117 29.42328 30.80989 10.69959
0.1979522 0.01126416 0.1952226 27.8813 27.84806 12.22631
0.1925811 0.005404785 0.1839921 26.28588 24.52745 13.40951
0.1964873 0.006137207 0.1859453 24.76679 21.39005 14.90569
0.195999 0.001986817 0.1813066 23.41565 18.14577 15.56982
0.2030791 0.002963379 0.1922929 22.84313 14.43585 16.49348
0.2094268 -0.0004545897 0.2008379 21.20191 11.39768 17.34844
0.2091826 0.0115083 0.202791 19.9729 7.825161 18.26447
0.2084502 0.005404785 0.2213457 18.74389 4.397679 18.9286
0.2250518 0.01394971 0.2501543 17.45382 1.222107 19.40951
0.2296904 0.0193208 0.2579668 16.20191 -1.266443 19.92096
0.2482451 0.01639111 0.282625 15.54542 -4.106137 19.80646
0.2553252 0.01907666 0.310457 16.18664 -7.274076 20.14997
0.2804717 0.02493603 0.3575761 17.46908 -10.08324 19.64615
0.3102568 0.02688916 0.3993242 20.27061 -11.8924 18.81409
0.3273467 0.06302197 0.4464433 24.43092 -13.73209 16.72249
0.3463897 0.07815869 0.4986894 29.52252 -14.82369 14.11944
0.3666533 0.1103853 0.5350664 36.33931 -16.47255 10.84463
0.3764189 0.1518892 0.5929277 44.84313 -16.86186 6.646152
0.4015655 0.2048677 0.6554277 53.52252 -17.49545 1.699587
0.416458 0.2600434 0.7218339 64.40802 -14.22064 -5.414915
0.4315948 0.3205903 0.7477129 73.94237 -13.36568 -12.67446
0.4359893 0.351352 0.7721269 84.46146 -12.96873 -20.32331
0.4435576 0.4026216 0.8158281 93.8126 -10.15957 -28.934
0.4682158 0.4573091 0.8368242 101.3851 -6.892397 -37.54469
0.4723662 0.5151704 0.850252 106.4233 -5.49545 -45.70499
0.465042 0.5386079 0.8756426 117.0263 -2.693924 -55.85003
0.3783721 0.5849946 0.9220293 127.5912 1.145771 -65.75843
0.4303741 0.5149262 0.9125078 126.9271 6.382412 -74.08667
0.5363311 0.5981782 0.8880938 142.2248 6.985466 -84.50652
0.5824737 0.584018 0.9112871 150.8966 9.489283 -93.8653
0.6012725 0.6040376 0.9169024 160.0187 14.30608 -103.5065
0.591751 0.5876801 0.940584 162.5759 17.44348 -112.3004
0.640335 0.6055024 0.9239824 165.2935 20.83279 -120.2012
0.6586455 0.5681489 0.9469316 166.179 23.84043 -127.2546
0.7746123 0.3559907 0.9689043 169.8966 29.53508 -130.7584
0.6466826 0.3706391 1.082674 169.0111 25.83279 -130.6897
0.6623076 0.3215669 1.170076 171.2095 41.32898 -135.4836
0.7050323 0.4075044 1.096102 150.4996 50.95493 -134.8577
0.6706084 0.4150727 1.053377 135.6523 51.77173 -136.5829
0.6869658 0.3992036 1.091707 119.7744 56.84043 -139.3691
0.7126006 0.3699067 1.108797 106.8126 66.02363 -142.7584
0.7206573 0.3484223 1.078768 94.25535 73.09997 -146.0943
0.7267608 0.2859223 1.051668 83.62176 78.77936 -148.705
0.7130889 0.2165864 1.028719 75.7668 84.68012 -150.7813
0.7204131 0.1264985 1.001863 71.29351 91.33661 -152.7584
0.7055205 0.05227978 0.9674395 69.04924 96.69539 -153.9493
0.6881866 -0.006313965 0.9147051 67.52252 101.2984 -154.2546
0.671585 -0.05953662 0.8631914 65.50726 104.7717 -153.9264
0.6613311 -0.08590382 0.8331621 62.91183 107.245 -153.1935
0.6378936 -0.1337554 0.7836015 60.03397 109.8328 -152.1477
0.612503 -0.1335112 0.7262285 51.96527 112.0465 -150.2012
0.6127471 -0.1593901 0.6739824 39.65992 113.2221 -148.1248
0.6181182 -0.09127491 0.5973222 21.51488 115.6496 -144.1325
0.6234893 -0.1015288 0.6044023 5.644657 114.0771 -141.4149
0.5758819 -0.4848296 0.6473711 32.75153 121.5885 -151.7126
0.5653838 -0.3781402 0.5370195 30.45382 109.9702 -144.6592
0.5251006 -0.4770171 0.5033281 30.07977 114.5045 -137.1935
0.5617217 -0.428189 0.5299394 36.39275 111.8786 -135.5905
0.5614776 -0.4604156 0.4784257 35.78969 110.9473 -130.5218
0.5758819 -0.4059722 0.4227617 33.35458 109.0618 -127.3997
0.572708 -0.4169585 0.4034746 30.27825 105.329 -123.7584
0.5966338 -0.4169585 0.4020097 28.66756 103.5962 -121.5676
0.8310088 -0.3429839 0.7035234 -15.9813 -8.197741 44.83699
0.8273467 -0.1830718 0.7494218 -18.0271 6.580885 32.50111
0.8236846 -0.1857573 0.7569902 -19.39351 8.954931 30.53928
0.8180694 -0.1984526 0.7503984 -20.74466 10.81753 28.49348
0.8090362 -0.2069976 0.7430742 -21.13397 12.53508 26.84463
0.810501 -0.2270171 0.7359941 -21.53855 14.32134 24.77592
0.8024444 -0.2421538 0.728914 -21.62252 15.71829 23.1805
0.7921905 -0.2616851 0.720125 -22.06527 17.1534 21.98966
0.7951201 -0.2846343 0.7074296 -22.39351 18.40531 20.91333
0.7719268 -0.3083159 0.6918046 -21.92786 19.16867 20.38661
0.782669 -0.3324859 0.6644609 -21.74466 19.93966 20.19577
0.7682647 -0.3588531 0.6612871 -21.12634 20.38241 19.88279
0.7589873 -0.3744781 0.6390703 -20.12634 20.63432 20.09653
0.7575225 -0.3776519 0.619539 -18.40878 20.35951 20.16524
0.7484893 -0.3879058 0.6168535 -16.69885 20.06944 20.44005
0.7467803 -0.3932769 0.5919511 -15.1416 19.49692 20.94386
0.7448272 -0.391812 0.5751054 -13.57672 18.93966 21.31791
0.7243194 -0.3837554 0.5633867 -11.1187 18.0618 21.60035
0.6925811 -0.4084136 0.5711992 0.1637402 14.89386 20.21104
0.7128448 -0.3901031 0.5780351 2.095038 14.32898 19.36371
0.7404326 -0.3666656 0.5853593 4.026336 14.41295 19.42478
0.7516631 -0.3507964 0.5829179 3.957633 14.66485 20.1347
0.7489776 -0.3420074 0.5787675 3.346946 15.0847 19.90569
0.7592315 -0.3239409 0.5543535 2.65229 14.9473 19.66905
0.763626 -0.3149077 0.5480058 2.301145 14.65722 19.88279
0.7536162 -0.3075835 0.5235918 2.163741 13.95493 19.41714
0.7506866 -0.306607 0.5179765 1.095038 13.0389 18.94386
0.7545928 -0.2865874 0.5213945 -0.2561069 12.1076 18.60798
