0.8366241 -0.05416553 0.666414 -10.08817 -1.777893 18.25684
0.8324737 -0.05147998 0.6700761 -9.882061 -1.213008 17.77592
0.8332061 -0.06246631 0.6612871 -9.614885 -1.037435 17.31791
0.8283233 -0.06295459 0.6822832 -9.446947 -1.365679 17.12707
0.8268584 -0.05733936 0.6769121 -9.187405 -0.8313283 16.89043
0.829544 -0.06734912 0.6708086 -9.05 -0.4572824 16.72249
0.8339385 -0.06881397 0.6747148 -8.668321 -0.3580458 16.79882
0.829544 -0.06856983 0.682039 -8.195038 -0.1366718 16.50111
0.8297881 -0.06856983 0.6813066 -7.759924 0.2908092 16.36371
0.8285674 -0.07003467 0.6764238 -7.401145 0.4892824 16.28737
0.826126 -0.06808155 0.6815507 -7.118702 0.7488244 16.66905
0.8209991 -0.06588428 0.6893632 -6.935496 1.069435 17.03547
0.8253936 -0.0641753 0.6915605 -6.805725 1.52745 16.82936
0.8256377 -0.06979053 0.6778886 -6.576718 1.809893 17.03547
0.8092803 -0.07394092 0.6793535 -6.950764 2.275542 17.1347
0.8200225 -0.06881397 0.6800859 -6.904962 2.412947 17.53165
0.8146514 -0.06783741 0.6825273 -6.675954 2.916763 17.67669
0.8173369 -0.07003467 0.6817949 -6.294275 2.428214 18.14997
0.8212432 -0.06344287 0.6739824 -6.149237 2.817527 18.39425
0.8197783 -0.06905811 0.6659257 -6.43168 3.092336 18.53928
0.8200225 -0.06954639 0.6705644 -6.500382 2.985466 18.82936
0.9850616 -0.1991851 0.803377 45.37748 47.0389 -8.369114
0.7492217 -0.1344878 0.7586992 8.087404 58.9702 18.31027
0.7475127 -0.126187 0.7589433 5.408015 58.48928 21.61562
0.7423858 -0.1181304 0.7482011 2.820229 57.90913 24.84463
0.7406768 -0.1159331 0.7420976 0.6522899 57.47402 27.46295
0.735794 -0.1054351 0.7286699 -0.94313 56.75646 30.47821
0.7313994 -0.1042144 0.7164629 -1.85916 55.96257 33.0889
0.7353057 -0.1066558 0.6981523 -2.515649 54.9473 35.066
0.7392119 -0.1012847 0.6859453 -2.790458 53.73356 36.85226
0.7472686 -0.1047026 0.6666582 -2.737023 52.27554 38.84463
0.7631377 -0.100064 0.6527421 -2.340076 50.80989 39.82936
0.7831573 -0.108853 0.6336992 -2.011832 49.08471 40.79119
0.8024444 -0.1120269 0.6109941 -2.034733 47.29081 41.92096
0.8173369 -0.1064116 0.619539 -2.546183 45.42058 42.63089
0.8429717 -0.1117827 0.5956132 -2.790458 43.43585 43.32554
0.8593291 -0.1161772 0.5880449 -3.523283 41.36715 43.68432
0.8786162 -0.1283843 0.5763261 -4.263741 39.34425 44.02783
0.8942412 -0.1337554 0.5729082 -4.370611 37.31371 44.27974
0.9118194 -0.1352202 0.5643632 -4.317176 35.19157 43.94386
0.9179229 -0.1437651 0.5670488 -4.133969 33.23738 43.65379
0.9298858 -0.1506011 0.5628984 -3.920229 31.0847 43.23394
0.9313506 -0.1552397 0.5619218 -4.729389 29.20684 42.9286
0.9281768 -0.160855 0.5494707 -5.94313 27.00837 42.64615
0.9240264 -0.1669585 0.5521562 -7.141603 24.84043 42.68432
0.9210967 -0.1706206 0.5438554 -9.05 22.70302 42.65379
0.9167022 -0.1757476 0.5394609 -11.1187 20.53508 43.066
0.9086455 -0.1757476 0.5421464 -13.12634 18.1305 43.42478
0.9066924 -0.1791655 0.5475175 -14.88969 15.95493 43.23394
0.8979033 -0.1852691 0.5575273 -17.04237 13.67249 43.80646
0.9015655 -0.1877105 0.5575273 -18.63015 11.35951 44.24157
0.8976592 -0.1860015 0.5650957 -19.96603 9.191572 44.74539
0.893753 -0.1889312 0.5655839 -21.0042 6.886229 45.31027
0.8961944 -0.1879546 0.572664 -22.01183 5.000733 45.85226
0.8986358 -0.1867339 0.5795 -22.78283 3.20684 46.63089
0.8981475 -0.1847808 0.5926836 -23.40878 0.9701984 47.47058
0.8988799 -0.1820952 0.6014726 -23.80573 -1.006901 48.14997
0.9105987 -0.1779448 0.6146562 -23.53855 -2.396214 48.43241
0.916458 -0.1742827 0.6280839 -23.43931 -4.151939 49.01257
0.9323272 -0.1757476 0.6336992 -23.04237 -5.266443 49.41714
0.9264678 -0.1823394 0.6522539 -21.92786 -6.220641 49.47821
0.9428252 -0.178189 0.6534746 -20.58435 -7.167206 49.45531
0.9626006 -0.1862456 0.666414 -18.89733 -8.052702 49.44005
0.9613799 -0.1757476 0.6734941 -16.88969 -9.190107 49.35608
0.9589385 -0.169644 0.682039 -15.99656 -9.686291 49.1576
0.9672393 -0.1603667 0.6835039 -15.75992 -10.34278 49.0889
0.9560088 -0.1672026 0.6927812 -16.63779 -10.76263 49.21104
0.9535674 -0.1518218 0.6937578 -17.31717 -11.35041 49.24921
0.9513701 -0.1391265 0.7025468 -17.65305 -12.23591 49.2263
0.9413604 -0.1327788 0.6981523 -17.75992 -12.984 49.20341
0.9289092 -0.1213042 0.7110918 -17.69885 -13.31988 48.69196
0.923294 -0.1195952 0.7179277 -17.08817 -13.11377 48.17287
0.9115752 -0.1015288 0.7206132 -16.1416 -13.9382 47.1576
0.9047393 -0.08517139 0.7308671 -14.80573 -14.22064 45.64615
0.9110869 -0.09298389 0.7530839 -14.83626 -13.35041 44.79882
0.9171905 -0.09713428 0.7555254 -13.79046 -13.12904 43.40951
0.9242705 -0.09933155 0.7616289 -12.92023 -12.87713 42.16524
0.9298858 -0.09640186 0.7801836 -12.82863 -12.82369 40.98203
0.9523467 -0.1061675 0.7919023 -13.1416 -11.33515 39.98203
0.9589385 -0.1110503 0.7945879 -13.9126 -10.37331 39.10417
0.9626006 -0.1086089 0.8038652 -14.17214 -9.671022 38.0889
0.9706573 -0.1127593 0.8109453 -15.08053 -8.411481 37.47821
0.9770049 -0.1166655 0.8094805 -15.37061 -7.274076 36.74539
0.9638213 -0.1191069 0.789705 -15.24847 -6.358046 35.73775
0.9767608 -0.1193511 0.7884843 -15.29428 -5.38858 34.88279
0.9706573 -0.1188628 0.7767656 -15.20267 -4.36568 34.01257
0.9721221 -0.1166655 0.7753007 -14.88969 -3.724458 33.37897
0.9613799 -0.1225249 0.7665117 -14.41641 -2.938199 32.2263
0.9677276 -0.1281401 0.7689531 -14.1187 -2.274076 31.47058
0.9579619 -0.1220366 0.7606523 -13.58435 -1.632855 30.50875
0.9611358 -0.1266753 0.7606523 -13.0958 -1.151939 29.79119
0.9538116 -0.1298491 0.7606523 -12.1645 -0.5641527 28.70722
0.966751 -0.1325347 0.7416093 -11.56908 -0.1214046 27.77592
0.9682158 -0.1415679 0.7586992 -8.958397 0.1381373 26.37134
0.9188994 -0.127896 0.7599199 -8.889695 0.4969161 25.92096
0.9555205 -0.05172412 0.8099688 -21.40878 -2.640489 27.83699
0.9272002 -0.1249663 0.8414629 -16.41641 2.306077 24.42478
0.9386748 -0.1134917 0.8309649 -21.67595 4.703023 24.40188
0.9311065 -0.1125151 0.8011797 -19.64542 4.741191 22.03547
0.9491729 -0.1425444 0.8255938 -20.69885 6.496916 21.45531
0.9582061 -0.1405913 0.8150957 -19.81336 7.809893 19.92859
0.9721221 -0.1466948 0.7980058 -19.63015 8.916763 18.93623
0.9813994 -0.1520659 0.7933671 -20.24847 10.0389 18.68432
0.9897002 -0.1542632 0.7853105 -18.9584 10.88623 17.52402
0.9894561 -0.1630522 0.7850664 -18.45458 11.68012 16.73775
0.9923858 -0.1720855 0.7733476 -16.75992 12.35951 16.02783
0.9809112 -0.1752593 0.7630937 -15.01183 12.80989 15.31027
0.9438018 -0.1940581 0.7687089 -11.76756 12.37478 14.55455
0.9328155 -0.2353179 0.7750566 -2.164504 11.29081 12.19577
0.9484405 -0.2350737 0.79825 7.759161 11.03127 10.45531
0.918167 -0.1442534 0.7254961 -9.462214 2.351878 27.47058
0.9428252 -0.1584136 0.7279375 -8.179771 3.954931 22.52402
0.9479522 -0.160855 0.7230546 -8.172137 4.031267 21.92859
0.9418487 -0.1647612 0.7232988 -7.966031 4.260275 21.23394
0.9379424 -0.162564 0.7171953 -7.798092 3.932031 20.92096
0.9347686 -0.1576812 0.7215898 -8.340076 4.191573 20.43241
0.9308623 -0.1628081 0.718416 -8.752291 4.260275 19.89043
0.9264678 -0.1586577 0.7145097 -9.630153 4.649588 19.78356
0.9325713 -0.1569487 0.7108476 -10.06527 4.794626 19.37134
0.9213408 -0.1589019 0.7125566 -10.48512 4.954931 19.0431
0.9191436 -0.1471831 0.7279375 -10.10344 4.90913 18.78356
0.9154815 -0.157437 0.7123125 -9.897328 4.901496 18.43241
0.9142608 -0.1630522 0.716707 -9.424046 4.870962 18.34844
0.9108428 -0.1603667 0.7137773 -8.752291 4.817527 18.36371
0.9081573 -0.1640288 0.7257402 -8.477481 5.092336 18.1805
0.909378 -0.1576812 0.7228105 -8.072901 4.893863 18.31027
0.9098662 -0.1549956 0.7179277 -7.920229 5.138137 18.31027
0.9127959 -0.1547515 0.7125566 -7.882061 5.405313 18.38661
0.9079131 -0.1618315 0.7157304 -7.912596 5.199206 18.59272
0.9069366 -0.1571929 0.7135332 -7.416412 5.222107 18.79119
0.9140166 -0.1632964 0.7118242 -7.126336 5.061801 19.0889
0.9137725 -0.1728179 0.7154863 -7.340076 4.703023 19.34081
0.9098662 -0.1637847 0.7179277 -7.790458 5.038901 19.65379
0.9125518 -0.1662261 0.7086504 -8.011832 5.290809 19.82173
0.9140166 -0.1632964 0.7108476 -8.05 4.764091 20.27974
0.9088897 -0.1652495 0.7154863 -8.576717 5.214473 20.60035
0.9120635 -0.1606108 0.7013261 -8.362977 5.023633 20.54692
0.9149932 -0.1654937 0.7030351 -8.370611 5.267909 20.66905
0.9079131 -0.1679351 0.6986406 -8.515649 4.825161 20.80646
0.9052276 -0.1623198 0.7030351 -8.15687 4.939664 20.96676
0.90596 -0.1672026 0.7074296 -7.546184 4.680122 20.92859
0.9118194 -0.1645171 0.6942461 -6.790458 4.748825 21.09653
0.9147491 -0.1662261 0.7066972 -6.599618 4.703023 21.07363
0.9154815 -0.1720855 0.7120683 -6.744657 4.550351 21.34844
0.9157256 -0.1718413 0.71158 -6.744657 4.481649 21.51638
0.9193877 -0.1650054 0.7066972 -7.004199 4.50455 21.64615
0.9210967 -0.1684233 0.7025468 -7.446947 4.168672 21.83699
0.9223174 -0.1674468 0.6935136 -8.233206 4.199206 22.10417
0.9262237 -0.173062 0.7096269 -8.882061 4.351878 22.31791
0.916458 -0.1728179 0.6925371 -9.103436 4.168672 22.61562
