0.2282256 -0.2509429 0.4349687 -10.08053 18.59615 46.98203
0.1974639 -0.2155425 0.4562089 -8.080534 19.41295 43.98203
0.2169951 -0.2792632 0.4774492 -11.05 18.22211 42.74539
0.18721 -0.2292144 0.4967363 -6.843893 19.8786 37.9744
0.1793975 -0.3251616 0.4828203 -14.05763 17.97783 40.11943
0.1952666 -0.2929351 0.4942949 -12.65305 18.26791 39.10417
0.202835 -0.3197906 0.5116289 -12.9813 18.9702 38.51638
0.2077178 -0.3703277 0.5221269 -9.637787 19.65722 36.40188
0.2121123 -0.381314 0.5196855 -9.080534 20.45875 35.70722
0.2016143 -0.4130523 0.5226152 -6.988932 21.45875 35.31028
0.1913604 -0.4352691 0.515291 -5.591985 22.49692 35.2263
0.1649932 -0.471646 0.4940507 -2.920229 23.09997 35.11943
0.1608428 -0.4848296 0.4598711 -1.546183 22.61142 36.01257
0.1591338 -0.4840972 0.4225175 -2.446947 22.00837 37.89043
0.2096709 -0.4584624 0.4105546 -9.752291 19.47401 40.38661
0.2191924 -0.5929839 0.4081132 2.698091 21.74882 38.14233
0.213333 -0.4804351 0.3612382 -6.500382 19.19157 43.53928
0.2179717 -0.4862945 0.3507402 -6.301908 15.50455 44.31791
0.2213897 -0.4967925 0.3878496 -6.966031 14.90913 45.66142
0.216751 -0.4938628 0.3910234 -4.217939 13.65722 46.24157
0.2145537 -0.4823882 0.4022539 -3.56145 10.62669 48.09653
0.234085 -0.462857 0.4327714 -0.94313 9.939665 48.73775
0.2357939 -0.445523 0.4794023 -1.614886 9.512184 50.20341
0.2514189 -0.4374663 0.5082109 -1.45458 9.39768 51.44768
0.2699736 -0.4215972 0.5458086 -2.195038 10.26791 52.41714
0.2743682 -0.4103667 0.5826738 -2.553817 12.1305 53.16524
0.2853545 -0.409146 0.6329668 -3.767557 15.17631 53.9515
0.2746123 -0.393521 0.6586015 -5.263741 18.27554 54.89043
0.2975615 -0.407437 0.6620195 -8.950764 21.42821 56.44768
0.305374 -0.4145171 0.6598222 -11.1187 23.34424 57.98203
0.2946318 -0.4115874 0.6808183 -13.60725 26.59615 59.48585
0.2736357 -0.4120757 0.6727617 -16.03473 31.19921 60.48585
0.2707061 -0.4167144 0.6400468 -15.48512 32.56562 61.49348
0.2550811 -0.4052398 0.6341875 -14.03473 34.20684 62.12707
0.2785186 -0.4259917 0.6170976 2.072137 41.46638 54.47821
0.3119658 -0.4965484 0.6036699 -6.45458 35.72593 63.44768
0.2917022 -0.3217437 0.5663164 -9.317176 40.0618 64.65379
0.2687529 -0.2885406 0.5387285 -14.51565 41.98547 66.14997
0.2575225 -0.3024566 0.4725664 -16.49275 42.22974 65.46294
0.2589873 -0.2626616 0.4642656 -20.69885 41.50455 66.03547
0.2563018 -0.2760894 0.4757402 -22.71412 41.08471 65.60799
0.2887725 -0.2499663 0.5155351 -2.798092 45.74119 58.45531
0.293167 -0.3459136 0.5296953 -12.08053 40.11524 64.38661
0.3288115 -0.193814 0.4935625 -13.82863 48.29844 60.79119
0.3268584 -0.2692534 0.4588945 -24.0042 45.65722 64.79119
0.3473662 -0.2607085 0.4537675 -26.21794 45.11524 63.53165
0.3576201 -0.2238433 0.445955 -38.66832 47.66486 65.33318
0.3593291 -0.2572906 0.4442461 -40.27137 48.29081 65.11944
0.3405303 -0.2560699 0.4537675 -44.01183 48.67249 65.19577
0.3273467 -0.2734038 0.4613359 -40.05764 49.37478 63.12707
0.2941436 -0.2582671 0.4486406 -38.35534 50.51982 61.60035
0.2575225 -0.2963531 0.4657304 -29.40878 48.00837 59.23394
0.2870635 -0.1137358 0.4718339 -14.42405 54.74883 53.84463
0.2475127 -0.2707183 0.4066484 -18.36298 51.04654 55.21104
0.2126006 -0.3173491 0.4151933 -5.355344 43.02364 51.76829
0.19429 -0.2558257 0.4586504 -0.8057251 48.74883 47.53165
0.2504424 -0.1232573 0.400789 4.972901 52.84043 43.63089
0.18721 -0.2670562 0.3641679 8.026337 43.57325 42.71486
0.2782744 -0.1691558 0.3544023 14.07214 46.49692 36.31028
0.263626 -0.1381499 0.3048418 6.209542 45.00073 33.78356
0.2553252 -0.1474272 0.2731035 9.698092 40.24501 27.9973
0.3002471 -0.06979053 0.2257402 -1.324809 39.45111 26.0202
0.3031768 -0.1347319 0.1749589 -12.58435 35.31371 26.91333
0.4965362 -0.9186675 -0.1358321 -24.45458 141.558 -207.5676
0.7704619 -0.8051421 0.249666 7.369847 111.4511 -226.6363
0.7565459 -0.8971831 0.1849687 2.995801 109.329 -225.8042
0.7592315 -1.039273 0.1241777 3.331679 109.2221 -224.1325
0.7575225 -1.121548 0.03238082 2.301145 107.3748 -220.2928
0.7238311 -1.215054 -0.03695512 1.125573 102.2068 -215.2623
0.7077178 -1.251431 -0.07040238 0.8431296 96.57325 -210.3233
0.6989287 -1.294644 -0.1177657 0.8278623 91.18394 -204.3691
0.6947783 -1.318326 -0.1399825 0.0339694 84.96256 -198.3539
0.6852569 -1.323453 -0.1658614 -2.439313 77.39767 -191.1706
0.6757354 -1.313687 -0.1446211 -5.530916 69.69539 -184.5676
0.6767119 -1.300748 -0.1226485 -6.622519 63.00837 -179.4836
0.6757354 -1.279019 -0.08578324 -6.721756 56.28318 -173.9874
0.6762237 -1.245328 -0.03841996 -8.080534 50.51218 -169.0561
0.6852569 -1.212857 0.01309371 -10.1645 44.9244 -163.9722
0.7086944 -1.165738 0.0797441 -13.53092 40.80989 -159.4989
0.7252959 -1.135464 0.1149004 -15.41641 37.51982 -155.392
0.7418975 -1.100796 0.1529863 -18.68359 34.38241 -151.5676
0.7506866 -1.089566 0.2076738 -23.56145 32.16867 -147.0714
0.7511748 -1.074917 0.228914 -26.85916 29.77172 -143.1325
0.7440948 -1.074673 0.2555254 -31.1416 28.59615 -139.1325
0.7609405 -1.077359 0.247957 -32.68359 27.25264 -135.1019
0.7697295 -1.076138 0.265291 -32.53092 25.45111 -131.537
0.779251 -1.070035 0.2499101 -30.33244 24.0389 -128.3309
0.7882842 -1.045621 0.2408769 -26.83626 22.32898 -126.0256
0.7851104 -1.031216 0.2098711 -22.39351 20.69539 -123.9874
0.7755889 -1.001431 0.1864336 -16.43931 18.1305 -122.0256
0.7594756 -0.9486968 0.1439531 -10.70649 15.57325 -120.392
0.7423858 -0.9252593 0.1078203 -1.912596 11.9244 -119.9874
0.7450713 -0.8542144 0.05777144 4.385114 7.306077 -120.0103
0.7580108 -0.8385894 0.01773238 8.446182 1.649588 -119.8882
0.8009795 -0.7494781 0.01284957 8.575954 -4.159573 -120.7737
0.7751006 -0.7282378 0.006990194 8.22481 -9.144305 -121.4378
0.7438506 -0.6928374 -0.01693559 8.957634 -14.65576 -121.4454
0.7694854 -0.6706206 0.02237105 3.110305 -18.20537 -122.0103
0.7506866 -0.6598784 0.03579879 2.201909 -23.8695 -123.7508
0.7558135 -0.6676909 0.01016402 -3.187405 -29.80843 -123.5447
0.7755889 -0.6925933 0.04019332 -9.904963 -34.19011 -123.6287
0.7953643 -0.742398 0.08609176 -16.03473 -37.31988 -122.5981
0.7904815 -0.7970855 0.1139238 -22.67595 -41.02217 -121.2851
0.8041533 -0.8559234 0.1429765 -28.72939 -43.43438 -119.5829
0.7973174 -0.9147613 0.1461504 -32.84389 -46.54125 -117.1325
0.8031768 -0.9840972 0.1703203 -35.84389 -49.04507 -114.5447
0.8349151 -1.043423 0.18033 -37.37061 -52.01453 -111.0561
0.8415069 -1.145962 0.1791093 -41.37061 -54.68629 -104.8958
0.8512725 -1.162564 0.1898515 -48.26374 -56.57942 -97.17828
0.8571319 -1.217984 0.1966875 -55.01183 -58.72446 -88.9798
0.8476104 -1.278287 0.2064531 -57.85916 -61.31224 -80.74316
0.8576201 -1.267544 0.21158 -59.41641 -63.46492 -73.31568
0.8656768 -1.255093 0.2179277 -59.68359 -66.12141 -66.60576
0.8720244 -1.227261 0.232332 -60.37061 -69.19775 -60.14774
0.8744658 -1.209927 0.2572343 -59.43168 -71.9382 -54.8195
0.8727569 -1.156705 0.2831132 -59.9813 -74.54125 -48.7966
0.8749541 -1.110318 0.3014238 -61.26374 -76.42675 -44.01797
0.886917 -1.063199 0.3346269 -59.76756 -78.11378 -40.20117
0.8874053 -1.008267 0.3773515 -62.44695 -79.0985 -35.73553
0.8771514 -0.9650542 0.4086015 -64.94313 -79.81606 -32.46835
0.890335 -0.9286773 0.4481523 -66.23321 -79.64049 -29.72789
0.8354033 -0.8920562 0.4947832 -66.59199 -79.45728 -26.39965
0.9005889 -0.8114898 0.4903886 -67.28664 -82.69392 -24.53705
0.900833 -0.8854644 0.5814531 -66.72176 -75.64812 -23.78896
0.8957061 -0.8957183 0.6161211 -66.33244 -74.0985 -21.52179
0.8563994 -0.8849761 0.619539 -63.40115 -73.99164 -20.98744
0.8532256 -0.8998687 0.6253984 -61.30191 -71.66339 -19.20881
0.8581084 -0.9076812 0.6324785 -57.67596 -69.72446 -17.59812
0.857376 -0.9162261 0.6356523 -53.89733 -68.43439 -15.91873
0.8527373 -0.9179351 0.6168535 -49.55382 -67.08324 -14.15537
0.8502959 -0.929898 0.6017168 -45.01183 -66.41148 -12.33858
0.8583526 -0.9286773 0.6004961 -39.81336 -65.48782 -10.78133
0.8571319 -0.9240386 0.5968339 -35.05763 -65.38094 -8.323313
0.8517608 -0.9211089 0.5902421 -29.87443 -65.16721 -6.819496
0.8500518 -0.9123199 0.5848711 -27.43931 -64.48019 -5.384382
0.8463897 -0.9079253 0.5860918 -27.24847 -63.77789 -2.918734
0.8307647 -0.9303863 0.5704668 -25.30191 -63.21301 -1.147741
0.8061065 -0.9562652 0.570955 -22.21794 -62.57942 1.157602
0.7987823 -0.9626128 0.5589921 -18.64542 -62.34278 3.371344
0.791458 -0.9535796 0.5494707 -16.0271 -62.32751 6.241572
0.7934112 -0.9508941 0.5328691 -13.63015 -62.53362 9.012565
0.7812041 -0.942105 0.5353105 -11.72176 -62.59468 11.44768
0.7834014 -0.9469878 0.5421464 -10.1645 -62.51835 13.61562
0.7755889 -0.9369781 0.5480058 -8.309542 -62.93056 16.39425
0.3073272 -0.4562652 0.4278886 -4.309542 3.634321 28.066
0.2863311 -0.3891265 0.5255449 3.049237 7.390046 30.9744
0.2917022 -0.3664214 0.5279863 3.759161 7.779358 29.96676
0.2987822 -0.3485991 0.5379961 4.362214 7.93203 29.1118
0.2963408 -0.3346831 0.5389726 5.262977 7.924397 28.47821
0.3004912 -0.3232085 0.5462968 5.766794 8.435848 27.46295
