1.473412 -0.1680435 0.8292178 1.79142 246.0243 -238.3114
1.784691 -0.4790786 0.1314639 -3.99484 246.0243 -215.5785
1.128686 -0.8018326 -0.06165135 2.875389 246.0243 -248.5709
1.179467 -0.6370377 -0.06165135 9.180733 246.0243 -247.4411
1.213158 -0.5418228 -0.06165135 -5.811634 246.0243 -240.1663
1.304467 -0.6709732 -0.06165135 -17.17041 246.0243 -212.319
1.041039 -0.7901138 -0.06165135 -27.70476 246.0243 -218.3495
1.022973 -0.865065 -0.06165135 -33.12461 246.0243 -206.2732
1.001977 -0.8697037 -0.06165135 -45.8269 246.0243 -203.8533
0.8755117 -1.002272 -0.06165135 -50.7811 246.0243 -203.0976
0.8747793 -1.094801 -0.06165135 -39.07881 246.0243 -193.5404
0.8535391 -1.179274 -0.06165135 -15.38415 246.0243 -187.4717
0.8879629 -1.011793 -0.06165135 -2.10171 246.0243 -185.4564
0.8733145 -0.9805435 -0.06165135 2.623481 246.0243 -181.6014
0.8525625 -0.9417252 -0.02332127 4.89829 246.0243 -177.319
0.8493887 -0.9341568 0.01940334 8.692183 246.0243 -173.8304
0.8767324 -0.8872818 0.03673732 9.203633 242.8792 -169.7694
0.858666 -0.8731216 0.05870998 7.852489 238.9021 -166.1816
0.829125 -0.8313736 0.07018459 4.196 233.8029 -160.6014
0.7514883 -0.8108658 0.102167 -1.597893 229.8869 -153.3801
0.7209707 -0.7815689 0.07897365 -8.391787 227.5205 -147.4259
0.7407461 -0.7957291 0.01061428 -16.50629 224.1617 -140.2045
0.636498 -0.8155045 0.0125674 -24.85744 218.6579 -133.2808
0.6079336 -0.813063 -0.02258885 -31.7582 213.2227 -125.2656
0.5905996 -0.8557877 -0.0511533 -35.33835 206.9479 -118.7465
0.4895254 -0.9265884 -0.04724705 -35.49102 199.3678 -111.7083
0.4519277 -0.9009537 -0.06165135 -37.38415 194.0624 -105.3572
0.466332 -0.9737076 -0.06165135 -37.19331 184.1311 -98.86098
0.4780508 -1.011305 -0.06165135 -33.88797 173.6197 -93.15105
0.4450918 -1.013014 -0.06165135 -30.83453 163.0853 -86.22739
0.4863515 -0.9424576 -0.06165135 -31.06354 151.4518 -80.63197
0.5102773 -0.9458755 -0.06165135 -29.804 140.0014 -75.548
0.5398183 -0.9197525 -0.06165135 -27.46812 127.696 -70.21976
0.5649648 -0.868483 -0.06165135 -25.55972 115.3678 -64.99838
0.5940176 -0.7791275 -0.06165135 -26.62843 103.9021 -60.84571
0.6123281 -0.7461685 -0.06165135 -25.9185 91.38305 -59.19685
0.6804433 -0.7368912 -0.06165135 -23.34598 82.34488 -56.86098
0.6828847 -0.7271255 -0.05628026 -20.78873 71.42122 -55.6625
0.7314687 -0.7049088 0.01989162 -19.30782 65.92503 -52.31136
0.7729726 -0.6111588 0.1102237 -24.13988 60.23038 -49.67777
0.7827383 -0.6153091 0.1653994 -26.17805 53.70367 -48.46403
0.7998281 -0.6155533 0.2005557 -28.84217 48.72657 -45.5251
0.8088614 -0.6380142 0.2293643 -29.76583 43.26092 -43.16632
0.7795644 -0.6634048 0.2203311 -30.18568 37.59679 -40.91441
0.7854238 -0.6739029 0.2598819 -30.6666 30.16932 -38.5022
0.7876211 -0.6875748 0.30871 -32.04064 27.47466 -35.7312
0.7802969 -0.7161392 0.3133487 -32.81927 22.06244 -32.34953
0.7661367 -0.7422623 0.319208 -31.31545 16.6884 -29.34189
0.7536855 -0.7630142 0.3409365 -30.60553 11.51282 -25.84571
0.7539297 -0.7832779 0.3492373 -29.83453 4.848702 -23.33426
0.7405019 -0.8316177 0.353876 -28.47576 1.092977 -19.3877
0.7590566 -0.8411392 0.3553408 -26.36889 -4.929924 -14.86861
1.764672 0.0607163 1.385858 -70.08644 246.0243 -177.2656
1.363061 -0.7564224 -0.06165135 -57.98721 246.0243 -196.235
1.284203 -0.8418716 -0.06165135 -64.8727 246.0243 -194.174
1.244897 -0.8435806 -0.06165135 -72.8269 246.0243 -180.4335
1.241723 -0.955397 -0.06165135 -86.75056 246.0243 -169.1969
1.218285 -1.028151 -0.06165135 -94.13224 246.0243 -172.5251
1.139428 -1.065749 -0.06165135 -107.0025 246.0243 -157.9908
0.9665762 -1.101637 -0.06165135 -128.1552 246.0243 -135.2885
0.9800039 -1.239577 -0.06165135 -144.8956 246.0243 -132.7083
0.9050528 -1.321608 -0.06165135 -142.1093 246.0243 -121.777
0.8943106 -1.280104 -0.06165135 -148.033 246.0243 -97.51746
0.7199941 -1.702956 -0.06165135 -158.9261 246.0243 -94.548
0.5542226 -1.627516 -0.06165135 -149.5597 246.0243 -80.5938
0.5905996 -1.665114 -0.06165135 -125.5063 223.3831 -52.81517
0.3799062 -1.587233 -0.06165135 -123.8422 214.3602 -66.28846
0.3877187 -1.597975 -0.06165135 -102.4376 184.7342 -38.54036
0.2390371 -1.51277 -0.06165135 -90.20094 163.2838 -28.99075
0.1660391 -1.636794 -0.06165135 -78.56736 136.4747 -29.87625
0.1223379 -1.579176 -0.06165135 -64.30782 114.154 -25.33426
0.1267324 -1.437086 -0.06165135 -61.27728 88.32198 -13.18922
0.1897207 -1.397536 -0.06165135 -58.32308 68.53572 -7.555633
0.2785879 -1.325514 -0.06165135 -56.20095 51.46702 1.833679
0.3547597 -1.308913 -0.06165135 -51.804 38.36779 1.161924
0.4424062 -1.230543 -0.06165135 -48.23911 25.81054 -1.708305
0.5459219 -1.085768 -0.06165135 -45.99484 12.25328 10.68864
0.6367422 -0.9749283 -0.06165135 -41.49866 -0.5482445 23.6123
0.7187734 -0.9651627 -0.06165135 -28.40705 -10.89939 35.90238
0.7656484 -0.7720474 0.02086818 -21.46812 -18.41847 41.19246
0.8410879 -0.6902603 0.1007022 -16.21621 -23.91466 40.90238
0.8825918 -0.5833267 0.2020205 -7.804 -25.09023 35.74971
0.9265371 -0.3843521 0.3460635 -9.116978 -31.96046 40.25353
1.00393 -0.1861099 0.4862002 -22.39178 -38.62458 56.73444
0.9831778 -0.2249282 0.5140323 -31.26965 -43.14366 49.95582
1.145287 -0.1443618 0.510126 -33.6666 -44.3345 45.83368
1.046898 -0.1905044 0.6329288 -31.01011 -48.92229 44.60467
1.074242 -0.1511978 0.6876163 -26.39942 -48.45664 48.04742
1.064232 -0.1573013 0.7733096 -22.30018 -49.71618 46.00162
1.112572 -0.0889419 0.8609561 -28.62843 -45.77725 32.88712
1.0906 -0.1392349 0.914667 -31.78873 -46.36504 37.32223
1.092553 -0.1526626 0.9356631 -33.12461 -48.54061 41.5207
1.09768 -0.2012466 0.938837 -39.88797 -46.47954 36.36803
1.120629 -0.2639907 0.9637393 -43.34599 -47.2658 41.41383
1.122094 -0.3709243 0.930292 -40.33835 -43.1055 42.64284
1.094018 -0.3960708 0.9070987 -37.43759 -40.51771 44.32986
1.031029 -0.3950943 0.8238467 -34.7811 -39.66275 45.49017
1.001488 -0.3770278 0.7523135 -35.15514 -41.25817 46.55887
0.9892813 -0.3743423 0.6768741 -34.86507 -40.67801 48.13902
0.9289785 -0.3799575 0.5811709 -32.44522 -43.34214 49.81078
0.8835684 -0.38069 0.5037784 -31.79636 -45.76199 51.29169
0.8279043 -0.3699478 0.4036807 -32.07117 -49.14366 52.60467
0.7890859 -0.3767837 0.2803897 -31.92614 -53.73908 57.62757
0.7519765 -0.3640884 0.166376 -34.8956 -59.18946 57.94055
0.6882558 -0.3350357 0.04210842 -36.03301 -68.21237 57.16956
0.6821523 -0.2515396 -0.05017674 -41.33835 -77.53298 58.10086
0.6665273 -0.2322525 -0.06165135 -46.81163 -89.23527 57.06269
0.6885 -0.2188247 -0.06165135 -51.37652 -100.0063 55.82605
0.6872793 -0.1919693 -0.06165135 -54.38415 -111.2276 54.41383
0.6819082 -0.2451919 -0.06165135 -53.77346 -125.5635 51.65047
0.7251211 -0.2237075 -0.06165135 -49.24675 -139.2963 45.4749
0.7820058 -0.174147 -0.06165135 -58.67423 -145.9986 44.69628
0.8281485 -0.1948989 -0.06165135 -72.83453 -156.4566 48.17719
0.8547598 -0.378981 0.02477443 -74.8498 -164.5559 45.01689
0.9104239 -0.4617446 0.08776272 -77.49866 -172.0292 46.48254
0.928002 -0.5288834 0.1602725 -78.64369 -179.6169 46.44437
0.9848867 -0.705397 0.2669619 -79.46812 -195.8841 52.223
0.9809805 -0.759108 0.2830752 -80.46812 -201.1895 56.09322
0.9944082 -0.8011002 0.2899112 -79.02538 -205.5482 60.19246
0.9929434 -0.8206314 0.2933291 -76.23911 -210.4719 63.20009
0.9885489 -0.8462662 0.2886905 -72.72003 -214.2734 65.03215
0.9599844 -0.8748306 0.2759951 -70.19331 -219.9681 67.65811
0.9404531 -0.9324478 0.2652529 -68.04064 -224.4566 70.77261
0.905541 -1.010085 0.2169131 -66.01774 -231.2963 76.65047
0.8833242 -1.123366 0.169794 -66.24675 -236.6933 82.57414
0.8608633 -1.152418 0.1614932 -71.52919 -241.7849 86.69627
0.8598867 -1.271315 0.1314639 -78.6895 -251.8383 98.18483
0.829125 -1.403151 0.08458889 -77.09408 -254.2429 103.3604
0.8393789 -1.403639 0.1585635 -84.15514 -254.2429 115.223
0.8484121 -1.535719 0.1776065 -92.20094 -254.2429 124.9329
0.8386465 -1.628737 0.241083 -97.24675 -254.2429 132.9176
0.8901602 -1.701247 0.2186221 -103.8422 -254.2429 148.6428
0.9829336 -1.826979 0.1673526 -104.2773 -254.2429 172.0551
0.9519278 -1.836256 0.3585147 -107.5063 -254.2429 184.4367
0.9216543 -1.836256 0.4188174 -109.3307 -254.2429 200.4596
1.000512 -1.836256 0.444208 -105.6055 -254.2429 207.1314
1.025902 -1.836256 0.5484561 -101.4681 -254.2429 217.6047
1.08767 -1.836256 0.6011905 -95.36125 -254.2429 227.139
1.10891 -1.836256 0.673212 -93.55972 -254.2429 239.4444
1.202416 -1.80818 0.7171573 -94.51392 -254.2429 249.3833
1.250756 -1.756911 0.7640323 -94.31545 -254.2429 251.6963
0.9822012 -0.6143326 0.9600772 -44.06354 -54.31924 54.81078
0.7341543 -0.837233 0.04015529 -55.45285 -152.5406 177.8108
0.7558828 -0.7642349 0.04747951 -63.98721 -158.2505 182.1696
0.7275625 -0.7649673 0.03161037 -74.71239 -169.2353 189.8642
0.7737051 -0.8162369 0.06286037 -87.51392 -175.7086 195.765
0.7824941 -0.844313 0.1395205 -97.36125 -180.7773 202.5054
0.7846914 -0.8731216 0.1636904 -105.4681 -188.5482 211.6657
0.7795644 -0.9173111 0.2366885 -111.2009 -193.3727 213.4367
0.8281485 -0.8738541 0.2845401 -115.72 -197.1437 221.2153
