2.289799 -0.266662 -0.2605791 -230.6163 231.0959 -248.4563
2.289799 -0.4956659 -0.2605791 -230.6163 231.0959 -248.4563
2.289799 -0.8096308 -0.2605791 -230.6163 231.0959 -248.4563
2.289799 -0.7881464 -0.2605791 -230.6163 231.0959 -248.4563
2.289799 -1.354553 -0.2605791 -230.6163 231.0959 -248.4563
2.289799 -1.703185 -0.2605791 -230.6163 231.0959 -248.4563
2.289799 -1.774963 -0.2605791 -230.6163 231.0959 -248.4563
2.289799 -1.774963 -0.2605791 -230.6163 231.0959 -248.4563
2.289799 -1.774963 -0.2605791 -230.6163 231.0959 -248.4563
1.892643 -1.774963 -0.2605791 -230.6163 231.0959 -248.4563
0.9570962 -1.774963 -0.2605791 -230.6163 231.0959 -248.4563
0.6846353 -1.774963 -0.2605791 -33.91403 231.0959 -248.4563
-1.003353 -1.774963 -0.2605791 1.559252 156.7218 -248.4563
-1.157894 -1.774963 -0.2605791 82.96384 -14.14076 -248.4563
-1.022396 -1.774963 -0.2605791 85.78062 -136.2553 -157.3494
-1.162777 -1.774963 -0.2605791 89.58215 -180.5606 -86.24254
-1.294613 -1.774963 -0.2605791 133.0402 -222.1866 -46.28834
-1.252132 -1.774963 -0.2605791 73.32261 -243.3621 5.833801
-1.216244 -1.774963 -0.2605791 60.91803 -269.1713 36.55899
-0.6896323 -1.774963 -0.2605791 46.55162 -269.1713 47.62769
-0.2435874 -1.774963 -0.2605791 18.98673 -269.1713 78.87197
0.1965981 -1.774963 -0.2605791 40.17757 -269.1713 92.97121
0.215397 -1.774963 -0.2605791 37.23864 -269.1713 111.3681
0.4170571 -1.774963 -0.001057625 47.30734 -269.1713 144.8491
0.8999673 -1.646545 0.2269697 17.23101 -269.1713 168.7269
0.5803872 -1.774963 0.6757002 69.01727 -269.1713 185.6353
1.040836 -1.774963 0.9371748 50.67376 -269.1713 211.559
0.8936196 -1.714904 1.109782 98.00963 -269.1713 213.6582
0.9331704 -1.433898 0.9979658 103.9715 -269.1713 231.9178
0.9610024 -1.246642 1.023112 126.0783 -269.1713 239.0781
0.9173013 -1.172912 0.9501143 146.3455 -269.1713 248.6659
0.9187661 -0.9739374 0.9403486 156.6585 -269.1713 251.8109
0.9033853 -0.8694452 0.93571 174.0554 -269.1713 251.8109
0.8496743 -0.7681269 0.91154 182.7959 -268.6446 251.8109
0.777897 -0.6929316 0.8844404 196.3608 -264.6751 251.8109
0.7825356 -0.6609491 0.8817549 206.8264 -257.4003 251.8109
0.7764321 -0.6548456 0.8661299 215.9791 -249.9805 251.8109
0.6961099 -0.5784296 0.9037275 224.6585 -245.5682 251.8109
0.7366372 -0.5213007 0.8766279 226.315 -237.5148 251.8109
0.8081704 -0.5039667 0.8868818 234.1318 -232.6675 251.8109
0.8452798 -0.5466913 0.914958 239.628 -229.4461 251.8109
0.8296548 -0.5332636 0.9459639 249.4829 -220.2476 251.8109
0.8396646 -0.4910273 0.9686689 253.4524 -212.698 251.8109
0.8972817 -0.4863886 0.9347334 263.4524 -202.8354 251.8109
0.9109536 -0.4441523 0.9386396 269.6508 -200.8965 251.8109
0.9253579 -0.4114374 0.947917 269.6508 -192.5224 251.8109
0.942936 -0.3823847 0.9227705 269.6508 -186.9652 251.8109
0.9959146 -0.3115839 0.8534346 269.6508 -180.8965 251.8109
1.080143 -0.2412714 0.8273115 269.6508 -173.9346 251.8109
1.138737 -0.2112421 0.7557783 269.6508 -173.0721 251.8109
1.182194 -0.1509393 0.7289228 269.6508 -168.6751 251.8109
1.216862 -0.1411737 0.7069502 269.6508 -166.7896 251.8109
1.275944 -0.1043085 0.6549482 269.6508 -163.6064 251.8109
1.296452 -0.009581908 0.600749 269.6508 -165.0873 251.8109
1.36945 -0.03643738 0.5775557 269.6508 -161.011 251.8109
1.437321 0.03900208 0.534831 269.6508 -162.9805 251.8109
1.509342 0.01458801 0.4083662 269.6508 -159.385 251.8109
1.490055 0.1080939 0.300456 269.6508 -169.7285 251.8109
1.652409 0.1503302 0.3116865 269.6508 -166.1866 251.8109
1.672428 0.1798712 0.2748213 269.6508 -180.9041 251.8109
1.793766 0.2794806 0.3483076 269.6508 -173.1789 251.8109
1.916813 0.4430548 0.09806347 269.6508 -178.9499 251.8109
1.962711 0.1791388 0.1532393 269.6508 -193.7896 251.8109
2.051579 0.1508185 0.2445478 269.1852 -191.9499 251.8109
2.217594 0.1950079 0.260417 269.6508 -189.2705 251.8109
2.289799 2.224976 0.2289228 105.9791 -226.0568 251.8109
2.254704 2.224976 2.096843 -81.22701 115.0501 -248.4563
2.289799 2.224976 1.952312 -76.00563 132.1722 -248.4563
2.289799 2.224976 1.689616 -75.03616 143.4318 -248.4563
2.289799 2.224976 1.488688 -78.61632 150.4928 -248.4563
2.289799 2.224976 1.362468 -80.55525 155.0882 -248.4563
2.289799 2.224976 1.287028 -82.1125 161.2256 -248.4563
2.289799 2.224976 1.232341 -90.92166 171.0424 -248.4563
2.289799 2.224976 1.194499 -101.5629 175.447 -248.4563
2.289799 2.224976 1.148112 -110.6316 181.1493 -248.4563
2.289799 2.144959 1.153239 -122.8377 191.1035 -248.4563
2.289799 1.929627 1.169841 -132.5323 202.6989 -248.4563
2.289799 1.733094 1.155437 -144.6316 214.3631 -248.4563
2.289799 1.555115 1.106364 -158.2957 230.5615 -248.4563
2.289799 1.419129 1.059733 -175.4026 231.0959 -248.4563
2.289799 1.236268 0.9464521 -193.0591 231.0959 -248.4563
2.289799 1.014588 0.8219404 -207.5782 231.0959 -248.4563
2.289799 0.9249884 0.680583 -226.1278 231.0959 -248.4563
2.289799 0.9203497 0.649333 -230.6163 231.0959 -248.4563
2.289799 0.8065802 0.4803877 -230.6163 231.0959 -248.4563
2.289799 0.6798712 0.3446455 -230.6163 231.0959 -248.4563
2.289799 0.5311895 0.05802441 -230.6163 231.0959 -248.4563
2.289799 0.2692267 -0.2605791 -230.6163 231.0959 -248.4563
2.289799 0.1127325 -0.2605791 -230.6163 231.0959 -248.4563
2.289799 0.01239075 -0.2605791 -230.6163 231.0959 -248.4563
2.289799 -0.3262323 -0.2605791 -230.6163 231.0959 -248.4563
2.289799 -0.5527948 -0.2605791 -230.6163 231.0959 -248.4563
2.289799 -0.8184198 -0.2605791 -230.6163 231.0959 -248.4563
2.289799 -1.158264 -0.2605791 -230.6163 231.0959 -248.4563
2.289799 -1.344055 -0.2605791 -230.6163 231.0959 -248.4563
2.289799 -1.752014 -0.2605791 -230.6163 231.0959 -248.4563
2.289799 -1.774963 -0.2605791 -230.6163 231.0959 -248.4563
2.289799 -1.774963 -0.2605791 -230.6163 231.0959 -248.4563
0.8613931 -1.774963 -0.2605791 -230.6163 231.0959 -248.4563
0.08307275 -1.774963 -0.2605791 -230.6163 231.0959 -248.4563
-0.1827964 -1.774963 -0.2605791 -230.6163 231.0959 -248.4563
-0.9833335 -1.774963 -0.2605791 -230.6163 193.218 -243.3418
-0.9271811 -1.774963 -0.2605791 -131.6774 66.47755 -172.6166
-1.223568 -1.774963 -0.2605791 -22.80716 -33.06443 -106.1204
-1.576107 -1.774963 -0.2605791 -45.21937 -96.63695 -42.15857
-1.71014 -1.774963 -0.2605791 -38.18884 -127.5072 -1.410473
-1.71014 -1.774963 -0.2605791 -11.73083 -168.1942 6.436855
-1.598568 -1.774963 -0.2605791 -28.78426 -206.5224 30.36815
-1.113216 -1.774963 -0.2605791 -3.616322 -231.7056 45.8109
-0.8966636 -1.774963 -0.2605791 25.62795 -251.8507 60.13914
-0.6405601 -1.774963 -0.2605791 62.75772 -268.8354 77.32999
-0.4469565 -1.774963 -0.2605791 105.2005 -269.1713 83.64296
-0.1368979 -1.774963 -0.2605791 144.7425 -269.1713 111.2842
0.1131021 -1.774963 -0.2605791 182.6967 -269.1713 134.7956
0.3089028 -1.774963 -0.2605791 218.2768 -269.1713 154.0399
0.4058267 -1.774963 -0.06380177 259.4753 -269.1713 169.6124
0.4556314 -1.774963 0.1398115 269.6508 -269.1713 185.8567
0.5325356 -1.774963 0.3063154 269.6508 -269.1713 200.3758
0.5962564 -1.743957 0.4381514 269.6508 -269.1713 214.101
0.5686685 -1.755432 0.4413252 269.6508 -269.1713 212.5437
0.7678872 -1.337463 0.6708174 269.6508 -264.8507 244.7575
0.7634927 -1.16632 0.7433271 269.6508 -241.1637 251.8109
0.7942544 -1.253967 0.7521162 269.6508 -223.156 251.8109
0.8408853 -1.024475 0.7672529 269.6508 -207.7591 251.8109
0.8328286 -1.038391 0.7513838 269.6508 -190.8583 251.8109
0.8916665 -0.8816523 0.7176924 269.6508 -174.7285 251.8109
0.9048501 -0.7400507 0.6461592 269.6508 -162.5224 251.8109
0.9548989 -0.6431269 0.4911299 269.6508 -150.2476 251.8109
1.015446 -0.6023554 0.4020185 269.6508 -145.4614 251.8109
1.090397 -0.4727167 0.3124189 269.6508 -141.3927 251.8109
1.15485 -0.372619 0.2723799 269.6508 -138.9194 251.8109
1.207585 -0.3008417 0.2445478 267.3226 -135.4843 251.8109
1.234928 -0.251037 0.2272139 251.7043 -133.3087 251.8109
1.30402 -0.1333612 0.2296553 236.2081 -132.2247 251.8109
1.34235 -0.07476746 0.1971846 225.6203 -131.614 251.8109
1.403874 0.04901184 0.1874189 211.6967 -133.5377 251.8109
1.445133 0.0643927 0.1722822 207.5822 -136.3163 251.8109
1.541325 0.1676642 0.09562206 184.3455 -141.0492 251.8109
1.624088 0.2890021 0.2474775 171.8341 -150.1102 251.8109
1.62775 0.2765509 0.151042 171.0707 -140.1102 251.8109
1.456364 1.065858 0.09098339 128.9791 -154.5148 251.8109
1.091618 1.026551 0.215251 122.0096 -197.6751 251.8109
1.731999 1.14325 -0.05940723 163.1852 -182.4308 251.8109
1.792301 1.274842 -0.06697559 169.8875 -189.1789 251.8109
1.777165 1.492615 0.007243156 163.7119 -193.866 251.8109
1.754459 1.724305 -0.007649422 161.6127 -200.4156 251.8109
1.680973 1.942322 0.07535839 147.2615 -205.7209 251.8109
1.70734 1.981629 0.1141768 150.918 -218.927 251.8109
1.668278 2.224976 0.06510448 135.7806 -221.4308 251.8109
1.609928 2.224976 0.09635448 129.5745 -232.4461 251.8109
