-0.544166 -0.1951431 1.689814 13.40974 -8.845955 -10.40296
-0.5373301 -0.1695083 1.689814 16.11203 -5.647481 -11.97548
-0.5490489 -0.1785415 1.685907 18.57768 -5.22 -12.3877
-0.5497813 -0.184645 1.688349 22.78379 -4.754352 -12.85334
-0.5397715 -0.2039321 1.67663 27.00516 -3.174199 -13.92968
-0.5417246 -0.2232193 1.650507 32.76089 -1.288702 -15.77701
-0.5363535 -0.2342056 1.653681 38.2189 -0.4337406 -17.13579
-0.5461192 -0.2317642 1.615839 43.18073 -0.3192368 -18.17395
-0.5453867 -0.2381118 1.60705 47.53188 -0.5635116 -19.31899
-0.5392832 -0.2378677 1.576776 50.44791 -0.5482445 -19.96785
-0.5431895 -0.234938 1.576044 51.94409 -1.487176 -19.5251
-0.5221934 -0.2229751 1.588007 51.93646 -2.540611 -18.22739
-0.4965586 -0.2058853 1.588007 50.81432 -2.975725 -16.83808
-0.4733653 -0.188063 1.611933 48.94409 -2.32687 -15.92205
-0.4450449 -0.1529068 1.649042 45.86012 -2.02916 -14.81518
-0.4118418 -0.1170181 1.680292 42.77615 -1.92229 -13.79228
-0.3749766 -0.08820948 1.72204 40.65401 -1.281069 -14.67777
-0.3537364 -0.06867823 1.736933 39.22654 -1.441374 -12.57854
-0.3229746 -0.05378565 1.785761 42.1044 -3.342138 -13.63197
-0.1865 0.1027085 1.827997 38.69218 -1.235267 -11.47166
-0.2206797 0.01432958 1.858515 30.2647 5.947939 -16.31136
-0.1955332 0.07560888 1.936884 25.84486 7.176947 -16.55563
-0.1408457 0.09343115 1.96789 22.35631 8.925038 -14.79991
-0.127418 0.1473862 2.075068 18.2418 13.30672 -17.08235
-0.1462168 0.2079331 2.100458 6.058595 18.11588 -3.14342
-0.1244883 0.0751206 2.206415 6.70745 16.48229 -6.647236
0.3003164 0.05436864 2.063349 -1.674229 45.39832 -24.68541
-0.04611914 0.2240464 2.260126 -6.452855 40.87924 -21.6625
-0.05075781 0.1840073 2.302362 -2.865069 53.05481 -27.96021
0.1135488 0.09636084 2.336786 -1.109343 63.15405 -33.42586
0.08864649 0.2421128 2.370478 -7.643695 65.79527 -33.00601
0.1308828 0.1542222 2.35412 -8.933771 73.8945 -35.48693
0.1848379 0.1959702 2.379511 -9.269649 85.41358 -36.71594
0.09157618 0.214769 2.47204 -12.42995 94.31435 -40.5022
0.1369863 0.1566636 2.506952 -1.124611 99.8945 -45.44876
0.207543 0.1801011 2.502314 6.417374 104.696 -49.4793
0.2456289 0.2125718 2.502802 8.020428 115.2609 -52.83807
0.259789 0.2269761 2.493525 10.79142 122.7342 -57.6396
0.3139883 0.2643296 2.511835 13.47081 131.6197 -61.6854
0.3689199 0.3009507 2.510859 13.88302 140.925 -65.44876
0.4238515 0.3575913 2.527948 11.02806 151.1922 -68.86098
0.4751211 0.4188706 2.577509 5.989893 163.5739 -73.92204
0.5432363 0.438646 2.588984 -1.796366 175.8105 -77.65487
0.6233144 0.4799057 2.623896 -5.819267 186.9937 -80.08235
0.7663808 0.537767 2.685419 -20.45285 203.5434 -85.02128
0.910668 0.4484116 2.448114 -31.61316 239.0701 -95.01365
0.9353262 0.6197983 2.635126 -43.60553 246.0243 -106.7007
0.9753653 0.7479721 2.712763 -66.32308 246.0243 -107.4946
1.089623 0.5692612 2.84997 -71.22385 246.0243 -102.7999
1.135766 0.6527573 2.830683 -82.65896 246.0243 -96.47929
1.213647 0.4916245 2.704218 -81.97957 246.0243 -103.3037
1.38015 0.5424057 2.501093 -86.60552 246.0243 -104.3114
1.391625 0.5472885 2.42248 -97.04827 246.0243 -107.0518
1.465111 0.5348373 2.283319 -103.6971 246.0243 -109.6243
1.56643 0.5714584 2.129755 -111.0559 246.0243 -108.4488
1.576928 0.5563217 1.977167 -117.1246 246.0243 -112.4564
1.607445 0.5529037 1.858759 -119.3307 246.0243 -118.7388
1.596215 0.5033432 1.701044 -119.3613 246.0243 -120.7465
1.681176 0.5321518 1.413202 -125.7506 246.0243 -126.5022
1.679223 0.4752671 1.317499 -128.43 246.0243 -132.1053
1.724389 0.405687 1.140741 -120.7735 246.0243 -138.9373
1.721703 0.450853 0.919794 -125.72 246.0243 -147.8763
1.675316 0.3300034 0.7554873 -126.5368 246.0243 -151.4259
1.59182 0.2137925 0.6234073 -116.5826 246.0243 -159.5938
1.557152 0.1473862 0.6434268 -110.659 246.0243 -163.1129
1.355492 0.0228745 0.1497744 -114.6819 246.0243 -165.7541
1.259301 -0.1782974 -0.06165135 -111.2773 246.0243 -155.4717
1.410912 -0.332106 -0.06165135 -117.7735 246.0243 -147.3648
1.221947 -0.3919204 -0.06165135 -126.4376 246.0243 -140.861
1.102074 -0.4729751 -0.06165135 -131.2544 246.0243 -140.6472
0.9809805 -0.5457291 -0.06165135 -146.9414 246.0243 -130.4946
1.007104 -0.6162857 -0.06165135 -157.9719 246.0243 -122.0136
0.9421621 -0.7378677 -0.06165135 -165.7582 246.0243 -110.3724
0.8843008 -0.8838638 -0.06165135 -166.0865 246.0243 -96.33426
0.8552481 -0.9314713 -0.06165135 -160.6666 246.0243 -84.53273
0.8366934 -0.9351334 -0.06165135 -154.2697 246.0243 -73.19685
0.8559805 -0.9488052 -0.06165135 -145.2086 246.0243 -64.15868
0.8681875 -0.9534439 -0.06165135 -133.1628 246.0243 -54.86098
0.9463125 -0.835524 -0.06165135 -131.9261 246.0243 -43.44876
0.9411856 -0.7429947 -0.06165135 -124.6132 246.0243 -34.76937
0.9153067 -0.6204361 -0.06165135 -119.7124 246.0243 -26.19686
0.881127 -0.5401138 -0.06165135 -112.2391 246.0243 -19.49457
0.8122793 -0.4800552 -0.06165135 -98.85744 246.0243 -17.34953
0.6819082 -0.4312271 -0.06165135 -76.83453 246.0243 -16.89915
0.5088125 -0.07649073 -0.06165135 -49.40705 246.0243 -25.67014
0.4326406 -0.2656997 -0.06165135 -11.04064 246.0243 -37.72357
0.7136465 -1.004958 -0.06165135 137.738 -254.2429 251.6963
0.7199941 -1.07527 -0.06165135 154.7303 -254.2429 251.6963
0.8303457 -0.8999771 -0.06165135 160.1578 -254.2429 251.6963
0.8691641 -0.885817 -0.06165135 170.0815 -254.2429 251.6963
0.8991934 -0.8069595 -0.06165135 175.5853 -254.2429 251.6963
0.9668203 -0.6424088 -0.06165135 174.6387 -254.2429 251.6963
0.9057852 -0.569899 -0.06165135 173.2342 -254.2429 251.6963
0.9441153 -0.4917739 -0.06165135 180.4708 -254.2429 251.6963
0.8852774 -0.4475845 -0.06165135 173.5319 -254.2429 251.6963
0.9848867 -0.1675552 0.06408107 172.7761 -254.2429 251.6963
1.051049 0.06022802 0.06481349 162.1273 -254.2429 251.6963
1.141625 0.00944677 0.2147158 150.7685 -254.2429 251.6963
1.274682 -0.02009425 0.3301944 153.738 -254.2429 251.6963
1.260033 0.06608739 0.2537783 141.5471 -254.2429 251.6963
1.43142 0.02018896 0.4205264 140.4479 -254.2429 251.6963
1.493676 0.1478745 0.5064639 127.7456 -254.2429 251.6963
1.408471 0.1549546 0.5233096 121.0662 -254.2429 251.6963
1.523949 0.2062241 0.49621 107.7456 -254.2429 251.6963
1.498559 0.2462632 0.5787295 98.09676 -254.2429 251.6963
1.430443 0.3439194 0.6312198 80.67692 -254.2429 251.6963
1.405785 0.4003159 0.7108096 67.28761 -254.2429 251.6963
1.365014 0.5433823 0.7889346 52.23417 -254.2429 251.6963
1.524926 0.6017319 0.7278995 37.58532 -254.2429 251.6963
1.221459 0.7352768 1.180292 28.46318 -254.2429 251.6963
1.346703 0.8893295 1.18078 12.91356 -254.2429 251.6963
1.276147 0.9894272 1.294062 -6.132245 -254.2429 251.6963
1.23684 1.066332 1.302118 -26.01011 -254.2429 251.6963
1.215356 1.132982 1.336786 -41.30782 -254.2429 251.6963
1.170434 1.158373 1.424677 -53.19331 -254.2429 251.6963
1.274193 1.044115 1.437372 -50.23911 -254.2429 251.6963
1.253441 0.9874741 1.532587 -36.42995 -254.2429 251.6963
1.248314 1.298998 1.671991 -34.23148 -254.2429 232.6352
1.041039 1.307298 1.952997 -72.69713 -254.2429 218.6734
1.02932 1.084642 1.893183 -60.98721 -254.2429 200.5589
1.163354 1.010912 1.765253 -27.14751 -233.4795 178.0245
0.9275137 1.252367 2.269892 -41.22385 -213.762 148.8108
0.8650137 1.271654 1.973505 -20.804 -216.7391 134.5207
0.5302969 1.258714 2.257441 -52.35362 -217.449 113.3451
0.8935781 1.745287 2.613153 -110.1017 -180.7162 88.94818
0.3293691 1.016283 2.487177 -171.5826 -169.8307 70.21536
0.3384023 0.8707748 2.528681 -128.6666 -164.6093 51.4062
0.2463613 0.7552963 2.496454 -100.4452 -156.1208 41.62757
0.2202383 0.7401596 2.46496 -83.18568 -148.2429 34.55124
0.1570059 0.7635971 2.452997 -81.49866 -137.1818 25.07032
0.1008535 0.7677475 2.412714 -83.64369 -124.4261 18.37566
0.04348047 0.7111069 2.411737 -82.46049 -114.2429 12.39856
0.0256582 0.6630112 2.379755 -80.6666 -106.907 7.53597
0.01833399 0.6200424 2.369257 -77.30019 -95.76199 4.650473
-0.01364844 0.5729233 2.365351 -73.45285 -85.77725 2.222992
-0.03293555 0.5509506 2.269648 -75.26965 -77.74672 -0.8304428
-0.05905859 0.5077377 2.195917 -83.83453 -61.69328 -5.456397
-0.09665625 0.4276597 2.1737 -91.58263 -58.05206 -6.815176
-0.1198496 0.3614975 2.143183 -92.81927 -52.87649 -6.754107
-0.139625 0.2955796 2.102655 -96.033 -47.02916 -5.815176
-0.1996836 0.2001206 2.076777 -96.95667 -39.98336 -8.219756
-0.2677989 0.1683823 2.059198 -96.13224 -37.76962 -7.906779
-0.2577891 0.03679052 2.021112 -81.44522 -35.2658 -10.33426
-0.2931895 0.006517082 2.035761 -67.01774 -36.98336 -8.464031
-0.2990489 0.04094091 2.064325 -56.59026 -32.48717 -10.37243
-0.3351817 0.009935051 2.123652 -46.27728 -30.1055 -8.586168
-0.3102793 -0.003492683 2.128534 -37.20095 -24.45664 -7.708305
-0.2834239 -0.00617823 2.11706 -31.76583 -18.91466 -4.120519
-0.2980723 0.02458349 2.106562 -26.79637 -13.22 -1.754107
-0.3298106 0.04094091 2.113886 -19.72003 -9.281069 -0.4487633
