-0.4570078 0.1254136 1.075556 -3.552092 -4.670382 2.742076
-0.4526133 0.1256577 1.098993 -4.414687 -5.296336 2.452
-0.4411387 0.1322495 1.121454 -4.246748 -6.074962 2.352763
-0.4313731 0.1473862 1.140497 -5.20858 -6.097863 2.016886
-0.4233164 0.1447007 1.159296 -5.429955 -6.32687 1.894748
-0.4013438 0.1493393 1.168573 -5.628428 -5.716184 1.192458
-0.3959727 0.1410386 1.181513 -6.086443 -5.441374 1.230626
-0.3974375 0.1444565 1.192987 -5.223847 -5.00626 0.4672673
-0.3893809 0.141771 1.207392 -4.781099 -4.342138 -0.09761822
-0.3932871 0.1532456 1.216425 -4.330718 -3.479542 -1.021282
-0.3910899 0.1368882 1.208612 -3.597893 -2.609313 -1.601435
-0.3859629 0.14348 1.224726 -2.796367 -2.418473 -2.120519
-0.3903574 0.1290757 1.22204 -2.933771 -1.555878 -2.883878
-0.3908457 0.1207749 1.22912 -2.284916 -1.181832 -2.853343
-0.3815684 0.1151597 1.229853 -2.071176 -0.4566414 -3.212122
-0.3786387 0.1141831 1.226923 -1.483389 -0.1207635 -3.14342
-0.379127 0.1102768 1.226679 -1.330717 0.8181677 -3.372427
-0.3779063 0.1095444 1.224481 -1.582626 1.39832 -2.73884
-0.3793711 0.1093003 1.231806 -0.4604884 2.18458 -3.586168
-0.3820567 0.1141831 1.233515 -0.804 2.69603 -3.44113
-0.3906016 0.1110093 1.232294 -1.078809 3.405954 -3.341893
-0.377418 0.1215073 1.220819 -1.521557 3.909771 -3.494565
-0.3866953 0.1237046 1.228876 -1.178046 4.467023 -3.65487
-0.3840098 0.1215073 1.214716 -0.8956031 5.039542 -4.03655
-0.3735117 0.1195542 1.218866 -0.5597252 5.413588 -3.967847
-0.3815684 0.1200425 1.22204 0.1654656 6.291451 -4.502198
-0.3835215 0.1151597 1.208856 1.081496 6.650229 -4.922046
-0.3898692 0.1132065 1.209589 1.608214 7.092977 -5.089984
-0.3918223 0.11931 1.203974 3.348672 7.070076 -5.914412
-0.3918223 0.1234604 1.193476 3.547145 7.787633 -6.05945
-0.3957285 0.1217515 1.180292 3.699817 7.848702 -6.502199
-0.3942637 0.1315171 1.167353 3.196 8.238015 -6.135786
-0.3981699 0.1241929 1.170038 3.211267 8.146412 -6.456397
-0.3864512 0.1246811 1.167353 2.776153 8.337252 -6.082351
-0.3962168 0.1219956 1.163202 4.447908 7.405954 -6.525099
-0.387916 0.1271225 1.164423 4.89829 7.558626 -6.853343
-0.3927989 0.1188218 1.15539 5.806687 7.337252 -7.128152
-0.3827891 0.1346909 1.169306 6.348671 7.329618 -7.349527
-0.3854746 0.1327378 1.16955 6.371572 7.20748 -7.380061
-0.3781504 0.1334702 1.167841 6.631114 7.657863 -7.853343
-0.3615489 0.1488511 1.173456 6.768519 7.673129 -8.082352
-0.3559336 0.1478745 1.181024 6.699817 8.451756 -8.494565
-0.3490977 0.141771 1.18371 6.783786 8.581527 -8.723573
-0.3486094 0.1422593 1.187128 6.287603 9.20748 -8.777008
-0.3447031 0.1495835 1.191767 5.951725 10.04718 -8.700672
-0.3486094 0.1359116 1.195429 5.821954 10.8258 -8.990748
-0.3490977 0.1407944 1.198114 7.020427 11.13114 -9.357161
-0.3439707 0.1427475 1.19079 7.486076 12.06244 -9.647237
-0.3473887 0.1456772 1.19372 8.310504 13.04718 -10.00602
-0.3549571 0.1559311 1.169794 9.012794 13.32962 -10.34189
-0.3698496 0.1554429 1.17248 9.40974 13.91741 -10.71594
-0.3744883 0.1654526 1.157343 8.722717 14.19221 -10.77701
-0.3827891 0.1637436 1.134882 8.493711 14.45175 -10.83044
-0.3906016 0.1827866 1.141718 8.783787 14.13878 -11.02892
-0.3884043 0.183519 1.122919 8.325771 14.01664 -11.3877
-0.3901133 0.1913315 1.132685 8.783787 13.6884 -11.92968
-0.3932871 0.1984116 1.120722 9.134932 13.30672 -12.69304
-0.3927989 0.2091538 1.117792 9.417375 12.52809 -13.60907
-0.394752 0.2133042 1.120722 9.844855 12.19985 -15.21212
1.742211 -0.5054459 0.6705264 36.92119 -254.2429 220.7879
-0.09812109 0.2377182 2.004511 -20.79637 87.79527 -74.14342
-0.09079687 0.2274643 2.054071 -20.32308 88.48992 -75.74648
-0.05588477 0.1844956 2.06579 -19.97194 91.90214 -77.34953
-0.02072851 0.1442124 2.108515 -19.60553 95.60442 -77.73884
0.01442774 0.1102768 2.161982 -18.49866 98.98611 -77.60143
0.04348047 0.09782568 2.232294 -17.84217 102.8716 -77.28846
0.08596094 0.0817124 2.274042 -18.06354 108.9632 -76.60907
0.1328359 0.06413427 2.33581 -18.23148 116.7113 -76.15105
0.2097402 0.07219091 2.365839 -20.38415 128.6884 -74.79227
0.2751699 0.07170263 2.462275 -23.03301 144.3602 -75.05945
0.3572011 0.1024643 2.466913 -33.23911 159.3678 -74.15105
0.4018789 0.00944677 2.504755 -39.01011 171.2151 -71.46403
0.4406972 0.02604833 2.501337 -33.13224 180.4747 -71.05945
0.4309316 0.00944677 2.540644 -27.23148 182.5052 -71.03654
0.464623 -0.02351222 2.495722 -17.53682 185.8945 -72.01365
0.53225 0.02263036 2.489862 -17.92614 195.4059 -70.96784
0.5598379 -0.01203761 2.510859 -16.04827 207.9708 -71.72357
0.6257558 -0.01496729 2.470087 -14.90324 221.1159 -70.20449
0.6811758 -0.01887354 2.449823 -18.13224 230.8105 -67.07471
0.6406484 0.1124741 2.388544 -20.10934 240.2304 -67.7999
0.7507558 0.08024755 2.397333 -28.05591 246.0243 -65.34189
0.7202383 0.03923193 2.363642 -25.20094 246.0243 -64.6625
0.7248769 0.05583349 2.230097 -24.88797 246.0243 -65.5709
0.7802969 0.04704443 2.116571 -20.28492 246.0243 -65.01365
0.8005606 0.1041733 2.012568 -20.20858 246.0243 -63.55563
0.8332754 0.1254136 1.897821 -16.39942 246.0243 -64.65487
0.8362051 0.1905991 1.800409 -16.23148 246.0243 -65.80754
0.8369375 0.1940171 1.737909 -15.804 246.0243 -67.15868
0.9026114 0.1798569 1.664179 -10.15514 246.0243 -70.71593
0.9077383 0.2054917 1.591425 -4.071176 246.0243 -74.25029
0.9958731 0.2262436 1.493036 0.1730993 246.0243 -78.67014
1.002709 0.2506577 1.440546 5.188366 246.0243 -84.89915
0.9819571 0.2687241 1.379267 14.03569 246.0243 -91.62434
0.9790274 0.2897202 1.348261 20.92119 246.0243 -96.46403
0.9822012 0.2819077 1.357782 34.22654 246.0243 -101.6243
0.9919668 0.3236557 1.111444 33.3105 246.0243 -111.6701
1.23391 0.2716538 0.853876 43.82959 246.0243 -120.7007
1.104272 0.3058335 0.899042 43.0586 246.0243 -127.9678
1.023461 0.1923081 1.044306 48.54715 246.0243 -136.0213
1.101098 0.1676499 0.8631534 64.05859 246.0243 -146.0595
1.017602 0.1947495 0.7974795 74.38684 246.0243 -149.5175
0.9345938 0.2587143 0.7403506 70.2189 246.0243 -152.7694
0.9480215 0.0529038 0.381708 62.62348 246.0243 -160.632
1.041283 0.09953466 0.03795803 59.73798 246.0243 -173.4564
0.8864981 -0.0823501 0.06652248 45.71508 246.0243 -169.8152
0.8244864 -0.05964503 0.00841701 34.1731 246.0243 -168.3266
0.7595449 -0.1228775 0.04235256 34.1502 246.0243 -168.0442
0.6811758 -0.1709732 -0.02429783 27.98989 246.0243 -165.7999
0.636498 -0.2063735 -0.06165135 25.50898 246.0243 -163.8533
0.5559316 -0.2058853 -0.06165135 17.61585 246.0243 -160.5862
0.4807363 -0.2520278 -0.01013768 8.776153 246.0243 -155.2198
0.5666738 -0.3499282 -0.06165135 9.341039 246.0243 -152.7847
0.4531484 -0.3411392 -0.06165135 12.3334 246.0243 -154.4793
0.4482656 -0.3374771 -0.06165135 13.37921 246.0243 -150.4564
0.544457 -0.4451431 -0.06165135 17.20363 246.0243 -156.5709
0.3811269 -0.4451431 -0.06165135 23.1273 246.0243 -155.0595
0.374291 -0.4580825 -0.06165135 29.80669 246.0243 -158.0213
0.323998 -0.5694107 -0.02722752 43.43264 223.4747 -161.1282
0.3686758 -0.6372818 0.001825213 43.63875 216.0548 -158.7694
0.3625722 -0.6900162 0.06920803 40.81432 209.6426 -152.6778
0.3662344 -0.7302994 0.138544 35.40211 203.9479 -146.5098
0.3459707 -0.7246841 0.169794 19.0357 197.3754 -136.8381
0.3322988 -0.8103775 0.1675967 4.478443 193.9403 -126.4411
0.3012929 -0.7827896 0.2501162 -14.72003 188.0548 -111.174
0.2802969 -0.8965591 0.213251 -24.9643 187.1846 -99.81517
0.3261953 -0.8428482 0.2755069 -41.7353 175.4059 -83.35716
0.252709 -0.9207291 0.3253115 -50.93377 178.6808 -70.26556
0.3091054 -1.098463 0.1715029 -46.38415 183.3296 -72.29609
0.4084707 -1.117018 0.09313381 -34.57499 178.4747 -59.89914
0.2971426 -0.9751724 0.2203311 -23.07881 176.0014 -47.76937
0.3484121 -0.9004654 0.1429385 -23.14751 168.3678 -38.53273
0.3296133 -0.8653091 0.1404971 -23.00247 162.635 -32.19685
0.3667226 -0.7871841 0.1009463 -20.52919 157.2304 -24.64724
0.3784414 -0.6673111 0.1102237 -19.7124 149.7953 -19.6625
0.4082265 -0.5694107 0.1341494 -19.81163 143.9556 -14.83044
0.4375234 -0.5047134 0.1505069 -21.804 138.2991 -10.02892
0.481957 -0.4060806 0.2047061 -26.08644 134.5586 -5.27319
0.5110097 -0.3228286 0.2525576 -29.62843 130.9785 -1.448763
0.5417715 -0.2139419 0.2972354 -33.99484 128.1311 1.94055
0.5500722 -0.1536392 0.3316592 -37.19331 124.9556 2.871847
0.591332 -0.06941065 0.3485049 -39.85743 122.7876 2.887115
0.5993886 0.01310888 0.364374 -43.00247 120.3296 2.543603
0.6335683 0.0751206 0.3734072 -47.24675 118.9479 1.093221
0.6274648 0.05192724 0.3550967 -47.52156 115.6731 1.604672
0.5793691 -0.04109034 0.3829287 -29.36125 108.5968 -11.5022
0.7055898 0.4620835 0.3936709 -16.17805 104.1235 -10.548
0.6164785 0.3907944 0.3753604 -62.86507 108.4136 -6.14342
-0.5097422 -0.06379542 1.495722 13.94409 -18.2887 23.91002
-0.5790781 -0.04548487 1.379999 8.470809 0.848702 24.87948
-0.6010508 -0.03986964 1.337763 8.585313 0.871603 24.86421
