0.02168262 -0.2900054 0.4862382 -7.698855 1.794626 19.71486
0.01777637 -0.2853667 0.4908769 -7.820992 1.848061 19.66905
0.02632129 -0.2890288 0.5052812 -7.653054 1.970199 19.35608
0.02070606 -0.2922027 0.4964921 -7.759924 1.725924 19.83699
0.01631153 -0.284146 0.4889238 -7.607252 1.832794 19.68432
0.01899707 -0.2834136 0.4942949 -7.660687 1.840427 19.57745
0.01875293 -0.284146 0.4938066 -7.500382 1.63432 19.80646
0.02436817 -0.2865874 0.4974687 -8.095801 1.703023 19.85226
0.0221709 -0.2831695 0.4935625 -8.103436 2.016 19.92859
0.02485645 -0.284146 0.497957 -8.095801 1.916763 19.96676
0.02046192 -0.2836577 0.4837968 -8.034733 1.947298 19.74539
0.02583301 -0.2809722 0.4957597 -8.225573 2.054168 19.69195
0.02656543 -0.2829253 0.4881914 -7.981298 1.664855 19.96676
0.02973926 -0.2929351 0.4972246 -8.202672 2.061801 19.63852
0.01899707 -0.2843902 0.4935625 -7.698855 1.519817 19.77592
0.03144825 -0.2868316 0.4964921 -7.614886 1.756458 19.65379
0.01997364 -0.2900054 0.4969804 -7.64542 1.710656 19.61562
0.02070606 -0.2785308 0.49283 -7.653054 1.764091 19.76829
0.02168262 -0.2821929 0.5018632 -7.805725 1.90913 19.58508
0.01802051 -0.2914702 0.4881914 -7.798092 1.733557 19.53928
0.02485645 -0.2829253 0.4889238 -7.721756 1.977832 19.53928
0.01631153 -0.2782866 0.4972246 -7.714122 1.886229 19.63089
0.01924121 -0.2868316 0.4923418 -7.759924 1.779359 19.54692
0.0287627 -0.2843902 0.4837968 -7.805725 1.756458 19.60798
0.02363575 -0.2843902 0.4977129 -7.798092 2.115237 19.54692
0.02436817 -0.2882964 0.4947832 -7.904962 1.756458 19.75302
0.02680957 -0.2843902 0.4920976 -7.920229 2.115237 19.60798
0.02363575 -0.2802398 0.4986894 -8.126336 2.161038 19.45531
0.01875293 -0.2821929 0.4952714 -7.927863 2.046535 19.69959
0.01753223 -0.2880523 0.4923418 -7.83626 1.878595 19.60798
0.02973926 -0.2836577 0.4911211 -7.767557 1.619053 19.68432
0.02290332 -0.2870757 0.4999101 -7.828626 1.840427 19.71486
0.01997364 -0.2829253 0.4967363 -7.767557 1.550351 19.70722
0.01948535 -0.2878081 0.496248 -8.065268 1.886229 19.64615
0.02021778 -0.2929351 0.4906328 -8.05 1.809893 19.73012
0.01777637 -0.2802398 0.4986894 -8.317176 1.855695 20.0202
0.02241504 -0.284146 0.4913652 -8.187405 1.878595 19.89806
0.02314746 -0.285855 0.4960039 -8.248473 1.985466 19.67669
0.0143584 -0.282437 0.5043046 -8.019465 1.817527 19.83699
0.02534473 -0.2839019 0.4930742 -8.15687 1.695389 19.56982
0.01899707 -0.2843902 0.4920976 -7.820992 1.710656 19.88279
0.02680957 -0.2826812 0.4877031 -8.149237 1.932031 19.77592
0.01850879 -0.2831695 0.4942949 -7.64542 2.016 19.56982
0.02436817 -0.2839019 0.4930742 -7.866794 1.756458 19.53928
0.02510059 -0.2848784 0.4891679 -7.744657 2.069435 19.53165
0.01899707 -0.2865874 0.4964921 -7.958397 1.703023 19.53165
0.0209502 -0.2922027 0.4894121 -7.805725 1.443481 19.76829
0.02436817 -0.2853667 0.4872148 -7.996565 1.756458 19.60798
0.02680957 -0.2821929 0.499666 -7.813359 1.809893 19.63852
0.02265918 -0.2814605 0.4942949 -7.767557 1.970199 19.58508
0.02168262 -0.2814605 0.4845293 -7.912596 2.084702 19.59272
0.02387989 -0.2853667 0.4938066 -7.729389 1.832794 19.56218
0.01777637 -0.2853667 0.4894121 -7.729389 2.031267 19.51638
0.02314746 -0.2848784 0.4947832 -7.775191 1.90913 19.50111
0.02290332 -0.2900054 0.4828203 -7.904962 1.626687 19.86753
0.02314746 -0.2829253 0.4984453 -8.05 1.970199 19.65379
0.01777637 -0.2885406 0.4889238 -7.920229 1.748824 19.76066
0.0221709 -0.287564 0.4982011 -8.011832 1.962565 19.82173
0.02314746 -0.2870757 0.4960039 -8.004199 1.90913 19.76066
0.02119434 -0.2880523 0.4891679 -7.64542 1.657221 19.85989
0.0221709 -0.2826812 0.4867265 -7.767557 1.893863 19.61562
0.01850879 -0.2895171 0.4911211 -7.515649 1.596153 19.85226
0.03047168 -0.2860991 0.482332 -7.683588 1.588519 19.83699
0.02485645 -0.2826812 0.494539 -7.569084 1.344244 19.82173
0.02314746 -0.2829253 0.4920976 -7.53855 1.603786 19.74539
0.01728809 -0.2851226 0.499666 -7.599618 1.802259 19.76066
0.02290332 -0.2831695 0.484041 -7.744657 1.901496 19.56218
0.02290332 -0.2792632 0.497957 -7.660687 1.886229 19.76829
0.02314746 -0.2870757 0.4889238 -7.737023 1.535084 19.71486
0.01582325 -0.2897613 0.4899004 -7.714122 1.710656 19.71486
0.02046192 -0.2885406 0.484041 -7.767557 1.672488 19.84463
0.01631153 -0.2817046 0.4884355 -8.149237 2.054168 19.60035
0.02607715 -0.2853667 0.4957597 -7.737023 1.588519 19.73775
0.01802051 -0.284146 0.4960039 -8.118702 2.000733 19.76829
0.01631153 -0.2834136 0.4852617 -8.057633 2.20684 19.78356
0.0233916 -0.2829253 0.4940507 -8.439313 1.840427 19.65379
0.0221709 -0.2785308 0.4916093 -8.103436 2.20684 19.78356
0.02119434 -0.2856109 0.4960039 -7.508016 1.565618 19.73012
0.02070606 -0.2885406 0.4835527 -7.569084 1.588519 19.96676
0.01655567 -0.289273 0.5033281 -8.080534 1.695389 19.78356
0.02241504 -0.2873199 0.4894121 -7.94313 2.000733 19.72249
0.01875293 -0.2870757 0.496248 -8.111069 2.046535 19.51638
0.01850879 -0.2826812 0.4957597 -7.744657 2.000733 19.60798
0.01948535 -0.285855 0.4974687 -7.988932 1.71829 19.98966
0.02314746 -0.284146 0.4920976 -7.882061 1.954931 19.29501
0.0233916 -0.2809722 0.4842851 -7.83626 1.733557 19.82936
0.02387989 -0.2851226 0.4889238 -7.920229 2.145771 19.50111
0.01948535 -0.2880523 0.4952714 -8.011832 1.939664 19.59272
0.02314746 -0.2853667 0.4811113 -7.882061 1.802259 19.79882
0.01728809 -0.2924468 0.4911211 -8.133969 1.52745 19.92096
0.02070606 -0.2863433 0.4933183 -7.83626 1.63432 19.57745
0.01924121 -0.2853667 0.4991777 -7.798092 1.977832 19.88279
0.01924121 -0.2812163 0.4872148 -8.126336 2.084702 19.66142
0.02412403 -0.2817046 0.4960039 -8.424046 2.222107 19.77592
0.0312041 -0.2780425 0.4967363 -8.538549 2.016 19.66905
0.01777637 -0.2836577 0.5062578 -8.279008 2.183939 19.74539
0.02851856 -0.2882964 0.4818437 -7.378244 1.50455 19.55455
0.0155791 -0.2817046 0.4906328 -7.813359 1.63432 19.9515
0.02583301 -0.282437 0.4989336 -7.996565 1.947298 19.65379
0.0221709 -0.285855 0.4984453 -8.248473 1.985466 19.76829
0.0233916 -0.282437 0.4940507 -8.256107 2.115237 19.63089
0.02143848 -0.2868316 0.4994218 -8.576717 2.183939 19.86753
0.0221709 -0.282437 0.4925859 -8.210305 2.199206 19.78356
0.02265918 -0.2860991 0.4982011 -8.217939 2.054168 19.67669
0.02510059 -0.2860991 0.4982011 -8.011832 1.825161 19.63089
0.02046192 -0.2902495 0.4952714 -8.103436 1.901496 19.85989
0.02314746 -0.2878081 0.49283 -8.133969 2.000733 19.70722
0.0209502 -0.2885406 0.4889238 -8.133969 1.756458 19.61562
0.02363575 -0.2836577 0.5082109 -8.355344 2.252641 19.85989
0.01850879 -0.2885406 0.4938066 -8.172137 2.046535 19.73012
0.02510059 -0.2836577 0.4837968 -7.782825 2.000733 19.59272
0.02314746 -0.2843902 0.5003984 -7.775191 1.771725 19.76066
0.0155791 -0.2819488 0.4950273 -7.668321 1.466382 19.83699
0.01850879 -0.2882964 0.4986894 -7.782825 1.489282 19.83699
0.01606739 -0.2865874 0.4930742 -7.691222 1.535084 19.73775
0.02387989 -0.2826812 0.4918535 -7.767557 1.42058 19.79882
0.02143848 -0.2782866 0.4923418 -7.874428 2.038901 19.72249
0.01875293 -0.2836577 0.4991777 -7.988932 2.031267 19.85226
0.02168262 -0.2819488 0.4916093 -7.813359 1.672488 19.57745
0.02461231 -0.2834136 0.4952714 -8.103436 1.550351 19.70722
0.02265918 -0.2853667 0.4850175 -7.75229 1.42058 19.77592
0.01997364 -0.2848784 0.496248 -7.85916 1.50455 19.75302
0.01753223 -0.2887847 0.4960039 -7.683588 1.916763 19.73012
0.02070606 -0.2860991 0.4867265 -7.958397 1.664855 19.79119
0.02461231 -0.2868316 0.4872148 -8.210305 1.764091 19.56982
0.02241504 -0.2860991 0.4947832 -8.057633 1.970199 19.66905
0.02387989 -0.289273 0.4852617 -7.958397 1.809893 19.73012
0.01997364 -0.2856109 0.4918535 -7.950764 1.870962 19.82173
0.02314746 -0.2880523 0.4977129 -7.675954 1.535084 19.85989
0.02534473 -0.2880523 0.4935625 -7.798092 1.565618 19.73012
0.02192676 -0.2836577 0.4938066 -7.729389 1.748824 19.57745
0.0155791 -0.2829253 0.4859941 -7.630153 1.672488 19.82173
0.0209502 -0.2807281 0.4925859 -7.927863 1.664855 19.82173
0.01948535 -0.2846343 0.4903886 -7.851527 1.932031 19.63089
0.02436817 -0.2873199 0.4952714 -8.05 2.077069 19.70722
0.02143848 -0.2829253 0.4967363 -8.034733 2.222107 19.60035
0.02412403 -0.285855 0.4994218 -7.591985 1.657221 19.76066
0.0197295 -0.2878081 0.5016191 -7.477481 1.496916 19.85226
0.0221709 -0.2873199 0.4960039 -7.546184 1.794626 19.72249
0.02387989 -0.2919585 0.4952714 -7.553817 1.748824 19.73775
0.01802051 -0.2802398 0.4964921 -7.683588 1.741191 19.53165
0.02436817 -0.2856109 0.4972246 -7.775191 1.947298 19.49348
0.02143848 -0.2870757 0.4872148 -7.83626 1.924397 19.77592
0.0197295 -0.2807281 0.4920976 -7.798092 1.641954 19.56982
0.01728809 -0.2853667 0.4835527 -7.653054 1.649588 19.78356
0.0233916 -0.2878081 0.4991777 -7.446947 1.61142 19.63089
0.02387989 -0.2870757 0.4923418 -7.576718 1.939664 19.50875
0.01533496 -0.2868316 0.496248 -7.607252 1.993099 19.73775
0.02168262 -0.2795074 0.496248 -7.805725 1.725924 19.56218
0.01582325 -0.2790191 0.5047929 -7.874428 2.031267 19.40951
