0.4179229 0.106479 0.4073808 27.77443 36.53508 -1.147741
0.3993682 0.07278759 0.3666093 31.29351 34.52745 -4.361481
0.3844756 0.04886182 0.320955 33.40038 32.73356 -6.911098
0.3771514 0.007602051 0.2770097 34.18664 30.0847 -8.850031
0.367874 -0.02706592 0.2538164 34.78969 26.72592 -10.36148
0.3561553 -0.05978076 0.2189043 35.33931 23.07707 -11.57522
0.3500518 -0.1015288 0.1966875 36.0416 19.20684 -11.94927
0.3358916 -0.1327788 0.2025468 36.20191 15.56562 -12.15537
0.3451689 -0.1662261 0.2003496 36.9271 12.09234 -12.49888
0.34346 -0.1881987 0.2093828 37.82786 8.344244 -12.35385
0.3605498 -0.2084624 0.2066972 37.62939 5.351878 -12.10957
0.3744658 -0.2328765 0.2281816 36.61412 2.557985 -11.31568
0.3981475 -0.2353179 0.2279375 31.68283 0.573252 -9.246977
0.4210967 -0.2497222 0.2440507 24.8584 -1.671023 -6.430183
0.438919 -0.2492339 0.2577226 18.05687 -3.052702 -4.506519
0.449417 -0.2646148 0.2975175 10.8584 -3.358046 -2.292778
0.452835 -0.2673003 0.3126543 4.316412 -4.083237 0.01256561
0.4608916 -0.2643706 0.3395097 -2.416412 -4.503084 2.111801
0.4569854 -0.273648 0.3465898 -7.782825 -4.754992 4.127069
0.4503936 -0.2743804 0.3710039 -11.59198 -4.762626 5.836992
0.4525908 -0.268521 0.4010332 -14.85916 -4.464916 6.714855
0.4481963 -0.2653472 0.4161699 -16.65305 -3.945832 7.501115
0.43721 -0.27023 0.4227617 -18.0958 -3.984 8.149969
0.4425811 -0.2760894 0.4361894 -19.21794 -3.350412 8.302641
0.4342803 -0.2873199 0.4364336 -19.46221 -2.739725 8.85226
0.4237823 -0.2907378 0.43033 -19.01183 -2.228275 8.783557
0.4086455 -0.3085601 0.4278886 -14.92023 -1.571786 8.478213
0.4069366 -0.289273 0.3978593 -12.88969 -1.869496 7.088901
0.6439971 -0.8874175 0.2193925 73.8584 -179.1748 61.23394
0.5846709 -0.8214995 0.5560625 103.095 -167.5565 76.21104
0.5563506 -0.846646 0.5316484 101.9576 -165.8695 79.23394
0.5385283 -0.8703277 0.499666 102.2401 -165.213 82.81409
0.5116729 -0.893521 0.4908769 101.6065 -164.6252 86.08127
0.5121612 -0.915982 0.4859941 102.3088 -164.8466 89.56218
0.503128 -0.924771 0.4786699 105.4615 -165.0451 93.07363
0.5080108 -0.9237945 0.4916093 108.637 -165.2054 96.46294
0.49971 -0.923062 0.5211504 111.3469 -164.4878 99.61562
0.4923858 -0.9076812 0.532625 113.5836 -163.671 102.2721
0.4762725 -0.9006011 0.5563066 116.0492 -162.6405 104.4782
0.4750518 -0.8883941 0.5677812 120.4462 -161.7397 106.5011
0.4694366 -0.8598296 0.5875566 125.8431 -162.0145 108.4553
0.4782256 -0.8276031 0.6166093 130.7744 -160.8695 108.9744
0.4821319 -0.8044097 0.6627519 135.5836 -159.0451 110.0584
0.4647979 -0.7939116 0.6795976 139.5607 -155.671 110.4248
0.4613799 -0.7797515 0.6964433 144.4996 -153.1061 111.1958
0.447708 -0.752896 0.7106035 148.0874 -150.9611 111.3637
0.4491729 -0.7350738 0.7264726 152.5378 -148.381 112.4324
0.4481963 -0.7028472 0.7423418 154.7973 -145.5107 112.4324
0.4362334 -0.6857574 0.746248 156.9424 -142.7474 113.4782
0.4347686 -0.6628081 0.7630937 158.9958 -139.3504 113.2263
0.4030303 -0.6408355 0.7823808 160.0187 -135.7474 112.295
0.3759307 -0.6335113 0.7838457 161.1714 -131.3351 111.7759
0.2646025 -0.6432769 0.7755449 160.034 -128.4038 112.7988
0.3979033 -0.5680816 0.7384355 164.3317 -123.9306 110.8828
0.3380889 -0.6264312 0.7032793 161.2859 -123.2741 109.7683
0.3290557 -0.6205718 0.7142656 156.866 -123.1443 109.9515
0.3168486 -0.6349761 0.7301347 157.2553 -119.4497 109.9133
0.3009795 -0.6293609 0.7291582 151.9271 -117.4268 112.0507
0.2924346 -0.6247222 0.7240312 148.3088 -116.8313 113.2645
0.2772979 -0.6335113 0.7367265 142.7668 -116.2664 114.7149
0.2609404 -0.6379058 0.763582 139.324 -114.9229 114.2568
0.2472686 -0.6376616 0.7765214 135.1179 -113.6634 115.8599
0.2350615 -0.6337554 0.8014238 130.3622 -112.5565 116.3942
0.2355498 -0.643521 0.8280352 126.3164 -110.4268 117.4477
0.2299346 -0.6527984 0.8363359 124.8126 -108.7474 117.8217
0.2179717 -0.6552398 0.8446367 125.0798 -109.5031 117.7836
0.2062529 -0.6532866 0.8805254 124.8508 -108.1748 117.066
0.1906279 -0.6576812 0.9071367 124.7973 -107.2664 116.6843
0.1745147 -0.6786773 0.9335039 125.095 -107.2817 114.6003
0.185501 -0.690396 0.9374102 124.4157 -104.3504 114.4477
0.1684111 -0.7555816 0.9796465 129.5302 -107.0756 113.1118
0.1742705 -0.7277495 1.013338 131.6523 -103.8771 113.6309
0.164749 -0.7428863 1.037019 134.1103 -101.4573 113.2568
0.1684111 -0.7489898 1.067781 136.866 -99.70156 112.3408
0.1417998 -0.7404449 1.085115 139.5912 -97.8466 114.0813
0.1422881 -0.6991851 1.112215 145.5531 -94.20538 108.4858
0.1574248 -0.7345855 1.09073 143.0263 -90.78553 109.7072
0.1625518 -0.7331206 1.097322 136.7057 -91.21301 114.7988
0.1764678 -0.7118804 1.142977 139.8126 -88.52599 113.9057
0.1476592 -0.7177398 1.185945 139.3622 -85.25117 113.5698
0.1359404 -0.7340972 1.199129 138.7439 -81.70919 113.9286
0.138626 -0.7196929 1.22574 136.8355 -77.70156 115.0049
0.1662139 -0.7235991 1.218172 134.9882 -73.73209 116.7454
0.1112822 -0.7023589 1.245516 128.0187 -69.67866 118.4171
0.1234893 -0.7323882 1.241853 127.7973 -67.30461 119.7988
0.1115264 -0.7211577 1.262361 124.8508 -63.64812 121.211
0.1125029 -0.7245757 1.282869 123.0569 -59.31224 120.3103
0.1181182 -0.735562 1.27701 118.576 -54.69392 122.2874
0.1103057 -0.7399566 1.258943 114.0645 -53.19011 126.295
0.08979786 -0.751187 1.294832 111.7057 -50.40385 127.3713
0.08247364 -0.7592437 1.314363 110.3317 -46.68629 128.921
0.06367481 -0.7673003 1.311922 105.2935 -42.39621 131.6233
0.04829395 -0.7680327 1.309725 99.77443 -38.80079 134.4477
0.0377959 -0.7780425 1.311922 97.96527 -35.57942 136.5011
0.03950489 -0.7802398 1.316316 95.96527 -32.99163 138.0278
0.03047168 -0.7831695 1.325105 94.60649 -29.79316 139.9439
0.0197295 -0.7836577 1.330721 94.17138 -26.45728 141.5087
0.01460254 -0.7797515 1.329256 91.80496 -23.28934 143.3561
0.003616214 -0.7773101 1.314607 90.98817 -20.77026 145.3637
-0.008590817 -0.7797515 1.308748 90.9271 -18.34278 146.7683
-0.01518261 -0.7636382 1.295564 92.22481 -16.03744 148.2797
-0.01640332 -0.7690093 1.297518 95.0416 -14.49545 148.7301
-0.0181123 -0.7470366 1.299959 98.43092 -12.70919 149.3484
-0.02299511 -0.7260406 1.307527 99.9271 -10.45728 150.5698
-0.02812207 -0.6940581 1.307527 100.5073 -7.831328 150.9973
-0.02861035 -0.6745269 1.311189 103.2782 -5.922931 152.1729
-0.02934277 -0.6564605 1.311434 104.9958 -3.823695 151.9897
-0.03739941 -0.6188628 1.319734 106.0263 -1.732092 152.6538
-0.03349316 -0.537564 1.315096 96.67519 2.31371 155.4706
-0.03788769 -0.5805327 1.336092 99.19427 3.977832 155.3713
-0.03959668 -0.540982 1.335115 100.1179 6.489282 155.463
-0.03349316 -0.5133941 1.351228 101.9271 8.061802 156.6538
-0.02763379 -0.3942534 1.358797 100.6676 13.1305 154.7683
0.4459991 -0.2626616 0.5094316 -28.27137 -36.96873 61.01257
0.404251 -0.1554839 0.5201738 -25.50038 -8.564153 27.56218
0.3942412 -0.1820952 0.5150468 -25.59962 -8.823694 26.72249
0.385208 -0.206021 0.5123613 -25.80573 -8.38858 25.69959
0.3849639 -0.2211577 0.5028398 -25.52328 -8.129038 24.71486
0.3822783 -0.240689 0.499666 -25.53092 -7.609954 23.83699
0.3808135 -0.2611968 0.4889238 -24.60725 -8.144305 23.54692
0.3781279 -0.2651031 0.4933183 -24.22557 -8.258809 23.1118
0.3969268 -0.2712066 0.4884355 -24.34771 -8.213007 22.87516
0.4013213 -0.2834136 0.5130937 -24.46221 -8.045069 22.79882
0.3983916 -0.2795074 0.5235918 -24.60725 -7.556519 22.66905
0.4049834 -0.2756011 0.5311601 -24.49275 -6.945832 22.36371
0.3981475 -0.284146 0.5511796 -23.99656 -6.144305 21.9973
0.399124 -0.2897613 0.54825 -23.01947 -5.205374 21.24921
0.3966826 -0.2946441 0.5602129 -21.22557 -4.052702 20.66905
0.3905791 -0.2880523 0.5660722 -19.75992 -3.045069 20.00493
0.3893584 -0.2934234 0.5697343 -18.27137 -1.327511 19.28737
0.3876494 -0.2970855 0.5602129 -17.22557 0.2297404 18.57745
0.3727568 -0.303189 0.5519121 -16.29428 1.237374 18.27211
0.3676299 -0.3090484 0.5382402 -15.22557 2.107603 17.72249
0.3644561 -0.3224761 0.5314043 -13.80573 2.90913 17.27211
0.3454131 -0.3302886 0.5021074 -12.56908 3.046535 17.08127
0.3283232 -0.3493316 0.4774492 -11.33244 3.12287 16.92096
0.3295439 -0.3608062 0.4549882 -10.22557 2.932031 17.37134
0.3151397 -0.3815581 0.4430254 -9.408779 2.680122 17.47821
0.3163604 -0.3839995 0.4210527 -9.653053 2.275542 18.31027
0.3175811 -0.4018218 0.4061601 -9.843893 1.535084 18.9973
0.3117217 -0.4176909 0.3854082 -10.24084 0.3595114 20.24157
0.3163604 -0.4267241 0.3749101 -10.62252 -0.7168244 21.70722
0.3219756 -0.4296538 0.3780839 -10.62252 -2.205374 23.52402
0.3163604 -0.4296538 0.3756425 -10.50038 -3.68629 24.95913
0.3266143 -0.4399077 0.3802812 -10.03473 -4.816061 26.37134
0.3307647 -0.4211089 0.4054277 -9.698855 -5.640489 27.65379
0.3429717 -0.4076812 0.4071367 -8.950764 -6.525985 28.74539
0.3446807 -0.3976714 0.43033 -7.759924 -7.213007 29.95913
0.3476104 -0.3759429 0.4486406 -6.851527 -7.327511 30.38661
0.3595732 -0.3547027 0.4662187 -5.660687 -6.976367 30.69196
