0.9730987 -0.3356597 0.7091386 -22.20267 -9.838962 34.14997
0.9813994 -0.3073394 0.7291582 -24.63779 -10.03744 34.91333
0.9831084 -0.2926909 0.744539 -26.99656 -10.25117 35.81409
1.000198 -0.2699859 0.7753007 -29.34008 -9.846596 36.37897
1.010452 -0.2648589 0.780916 -30.63779 -9.617588 36.43241
1.015823 -0.2524077 0.7970293 -31.22557 -9.518351 36.51638
1.019729 -0.2409331 0.7992265 -31.25611 -9.060336 35.77592
1.022415 -0.2279937 0.8085039 -31.11107 -8.800795 34.95913
1.021438 -0.2270171 0.8243731 -30.71412 -8.487817 33.66142
1.02388 -0.233853 0.8199785 -29.54618 -7.930565 32.68432
1.013626 -0.242398 0.8199785 -26.56145 -7.533618 30.69196
0.9960479 -0.2585113 0.8236406 -22.43931 -7.205374 28.90569
0.9940948 -0.2641265 0.8336504 -18.92023 -6.800794 27.32554
0.9933623 -0.2782866 0.8207109 -15.72176 -6.457283 25.77592
0.9901885 -0.2882964 0.8194902 -13.12634 -6.777893 24.69959
0.9884795 -0.3019683 0.8221758 -10.9126 -6.762626 23.47821
0.9716338 -0.3175933 0.8275469 -11.08817 -6.915298 23.38661
0.9665069 -0.3473784 0.8387774 -12.13397 -6.648122 23.16524
0.9503936 -0.3737456 0.8548906 -12.62252 -6.564153 23.63089
0.9560088 -0.3815581 0.8558672 -12.43168 -6.251175 23.49348
0.9640655 -0.4272124 0.8858965 -13.48512 -6.274076 24.37898
0.9940948 -0.4040191 0.8959063 -15.27901 -4.38858 27.37134
0.9579619 -0.445523 0.9090899 -16.43168 -3.609954 29.34844
0.9616241 -0.4425933 0.9274004 -16.63015 -2.251176 31.14997
0.9682158 -0.4240386 0.9303301 -16.31717 -0.68629 33.40188
0.9853057 -0.3881499 0.9288652 -16.88969 0.924397 35.76066
0.9809112 -0.365689 0.9305742 -17.21794 3.069435 37.08127
0.9909209 -0.3468902 0.9169024 -17.05 4.245008 37.88279
1.009476 -0.320523 0.8959063 -17.63779 5.870962 38.39425
1.019485 -0.3173491 0.8912676 -18.54618 6.695389 38.9286
1.010452 -0.2992827 0.8758867 -19.88206 7.290809 39.0202
1.012161 -0.3097808 0.8836992 -21.1416 7.832794 39.20341
0.9345244 0.04886182 0.5836504 6.033969 39.54272 34.56982
0.8046416 0.03958447 0.58658 3.385114 13.91676 3.096535
0.7863311 0.03030713 0.5804765 3.644657 12.09997 2.020199
0.777542 0.01541455 0.5853593 3.881298 10.51982 0.8140907
0.7655791 0.004916504 0.5763261 4.064504 8.626686 0.0812664
0.7675323 -0.006313965 0.5812089 3.965267 6.817526 -0.5217857
0.7675323 -0.01827686 0.5733964 4.278244 5.008367 -0.7278938
0.7780303 -0.03292529 0.5780351 4.751526 2.90913 -1.040871
0.7765655 -0.04342334 0.5946367 5.087405 1.038901 -1.109573
0.7741241 -0.04684131 0.6034257 4.942366 -0.5259848 -0.8805656
0.7829131 -0.05221241 0.6141679 4.827862 -1.907664 -0.7813282
0.7799834 -0.0509917 0.602205 4.430916 -3.373313 -0.6286564
0.7831573 -0.07223194 0.6280839 3.46145 -4.312244 -0.1477413
0.7807158 -0.06856983 0.6249101 2.026336 -5.480183 -0.05613708
0.7787627 -0.06832569 0.6356523 -0.2790079 -6.716825 0.6766872
0.7743682 -0.07223194 0.636873 -3.767557 -7.487817 1.783558
0.7834014 -0.07369678 0.6471269 -6.950764 -8.075603 2.653786
0.7772979 -0.06686084 0.6476152 -10.01183 -8.449649 3.646152
0.7741241 -0.06783741 0.6556718 -11.05 -8.800795 3.997297
0.7743682 -0.06832569 0.6395586 -11.1416 -9.426748 4.36371
0.7702178 -0.06466358 0.6407793 -10.41641 -9.90003 4.348442
0.7594756 -0.0575835 0.6305254 -9.118702 -10.15194 4.699587
0.704544 -0.05172412 0.5853593 -1.446947 -7.487817 2.188137
0.7287139 -0.04391162 0.5582597 -1.378244 -13.39621 2.325542
0.7667998 -0.02267139 0.5741289 0.6141219 -14.37331 2.340809
0.784378 -0.03097217 0.6029375 0.9881682 -15.06034 2.890427
0.7819366 -0.01290576 0.6117265 -0.2179389 -16.20537 3.302641
0.8048858 0.005160645 0.6288164 -1.973664 -15.50308 3.882793
0.8214873 -0.0004545897 0.6293046 -4.202672 -16.0298 4.737755
0.8188018 0.001986817 0.6124589 -4.927863 -16.36568 5.646152
0.8144073 0.00711377 0.6068437 -5.569084 -16.70919 6.012565
0.8166045 0.01492627 0.6141679 -6.385878 -16.85423 6.348443
0.8073272 0.02151807 0.6046464 -5.920229 -17.46492 6.554549
0.8058623 0.02371533 0.6112382 -6.767557 -18.19774 7.272107
0.813919 0.03201611 0.6119707 -7.523283 -18.30461 7.737756
0.8234405 0.02029736 0.6290605 -6.782825 -18.9382 8.233939
0.8134307 0.01858838 0.6273515 -4.576717 -18.88476 8.111801
0.8334502 0.02151807 0.6373613 -1.988932 -19.15194 7.989664
0.8332061 0.01614697 0.6422441 -0.5996184 -18.99163 8.409512
0.8283233 0.012729 0.6395586 0.6064882 -19.02217 8.455313
0.8197783 0.01346143 0.6478593 1.224809 -19.1214 9.073633
0.8148955 3.369152e-05 0.6456621 1.659923 -18.90003 9.478213
0.8131866 -0.01461475 0.636873 2.148473 -19.19774 10.18814
0.7978057 -0.02657764 0.6256425 3.369847 -19.28171 10.30264
0.8022002 -0.03194873 0.6183183 4.789694 -19.28171 10.45531
0.808792 -0.02926318 0.6192949 4.751526 -19.70156 10.76066
0.8090362 -0.02706592 0.6161211 2.942366 -20.0298 11.47821
0.8183135 -0.02413623 0.6283281 0.8660302 -20.65576 12.45531
0.8192901 -0.00851123 0.6463945 -1.378244 -20.06034 12.76066
0.8173369 -0.01144092 0.6571367 -3.378244 -19.41912 13.14997
0.8153838 -0.01241748 0.6551836 -5.225573 -18.87713 13.28737
0.8046416 -0.01241748 0.6607988 -6.805725 -18.51072 13.40188
0.8019561 -0.006069824 0.6586015 -9.492748 -18.0069 13.69195
0.7990264 0.0002778322 0.652498 -12.57672 -17.39621 14.066
0.7926787 -0.01046436 0.64908 -14.32481 -17.44201 14.40951
0.7821807 -0.007778809 0.6478593 -12.79809 -16.73209 13.47821
0.7829131 -0.02242725 0.6356523 -10.71412 -17.37331 12.84463
0.7934112 -0.02779834 0.6446855 -9.294275 -16.68629 12.77592
0.794876 -0.02291553 0.6422441 -7.927863 -17.15957 12.47821
0.8022002 -0.03292529 0.6412675 -7.874428 -17.18247 13.0202
0.8024444 -0.02975146 0.6539629 -7.477481 -16.52598 12.77592
0.8146514 -0.02340381 0.6388261 -8.729389 -16.12904 13.18814
0.8271026 -0.02340381 0.6412675 -7.721756 -15.66339 12.95913
0.8200225 -0.018521 0.622957 -7.416412 -15.42675 12.70722
0.8185576 -0.03097217 0.619539 -5.477481 -15.57179 12.0202
0.8236846 -0.02682178 0.6163652 -3.195038 -15.25117 11.0431
0.8112334 -0.02779834 0.6217363 -0.9889317 -15.32751 10.14234
0.813919 -0.02731006 0.6200273 0.7896943 -15.25117 9.172871
0.793167 -0.02560107 0.6312578 0.3927479 -15.61759 8.898061
0.7846221 -0.02511279 0.6354082 -0.6759543 -15.39621 8.424779
0.7633819 -0.02022998 0.64908 -1.85916 -14.984 8.249207
0.735794 -0.00851123 0.6610429 -2.798092 -14.92293 7.615619
0.702835 0.01126416 0.6793535 -3.744657 -14.28934 7.004931
0.6762237 0.01858838 0.6918046 -5.385878 -14.36568 6.432412
0.6569366 0.02810986 0.6913164 -7.057634 -13.96873 5.783557
0.6374053 0.02322705 0.7062089 -8.83626 -14.10614 5.050734
0.6244658 0.03445752 0.7032793 -10.76756 -13.70919 4.417145
0.610794 0.02249463 0.7203691 -11.67595 -13.41912 3.470581
0.6061553 0.012729 0.7096269 -13.75992 -13.28171 2.943863
0.6078643 0.002719238 0.7076738 -13.52328 -12.76263 1.806458
0.6210479 -0.01144092 0.7059648 -13.9126 -12.57942 1.310274
0.6425323 -0.02706592 0.6783769 -11.30191 -12.36568 0.1957703
0.6793975 -0.05147998 0.6561601 -7.988932 -12.38095 -0.2317104
0.7370147 -0.08834522 0.6293046 4.682825 -13.49545 -1.895832
0.7621612 -0.1051909 0.6234453 7.476717 -14.06797 -2.040871
0.7748565 -0.1066558 0.6063554 8.095037 -14.19011 -0.9492664
0.5663604 0.05716259 0.5470293 -10.58435 -0.4878168 18.96676
0.5766143 0.0517915 0.5460527 -10.31718 -0.3962138 18.17287
0.5775908 0.05472119 0.5484941 -10.21031 -0.03743505 17.70722
0.5827178 0.0517915 0.54825 -10.47748 0.4358473 17.00493
0.5685576 0.0349458 0.5487382 -11.04237 0.8251602 16.85226
0.5805205 0.0337251 0.5514238 -11.24847 1.649588 16.34844
0.5734405 0.0337251 0.5460527 -11.0958 1.794626 15.92096
0.572708 0.02444775 0.5548418 -11.46985 2.168672 15.74539
0.5646514 0.02810986 0.5438554 -11.83626 2.512183 15.33318
0.5619658 0.01736768 0.5589921 -11.97366 3.092336 15.08127
0.557083 0.01517041 0.5484941 -12.08053 3.298443 15.07363
0.5553741 0.01443799 0.5572832 -12.19504 3.893863 14.85989
0.5526885 0.01834424 0.544832 -12.19504 4.260275 14.81409
0.5443877 0.01370557 0.5567949 -12.40114 4.596153 14.9286
0.543167 0.008334473 0.5528886 -12.82099 4.71829 14.79119
0.5392608 0.01004346 0.5480058 -12.87443 5.115237 15.02783
0.5365752 0.0102876 0.5543535 -12.80573 5.527451 14.89806
0.5377959 0.0115083 0.5577714 -12.34008 5.649588 15.18814
0.5334014 0.009066895 0.5592363 -12.1416 5.741191 15.56982
0.5236358 0.01297314 0.5558183 -11.57672 5.741191 15.60798
0.5280303 0.01419385 0.5636308 -11.56908 6.130504 16.16524
0.5280303 0.01126416 0.5521562 -11.43168 6.367145 16.0889
0.5270537 0.02200635 0.5624101 -11.15687 6.328977 16.46295
0.5268096 0.01712353 0.5533769 -11.34008 6.649588 16.67669
0.5336455 0.01468213 0.5616777 -11.72939 6.962565 17.00493
0.5241241 0.02420361 0.563875 -12.01947 7.016 17.70722
0.5304717 0.01883252 0.5626543 -12.74466 7.061801 17.89806
0.5402373 0.02762158 0.5511796 -13.22557 7.39768 18.38661
0.543167 0.03006299 0.5367754 -13.54618 7.474016 18.61562
0.5478057 0.03323682 0.5255449 -13.13397 7.71829 18.87516
0.5485381 0.03421338 0.532625 -12.88969 8.09997 18.90569
0.5514678 0.0361665 0.5243242 -12.27137 8.306076 19.0889
