1.287907 1.765565 0.7225752 131.5745 -258.1255 251.8109
1.298405 1.802186 0.8265791 130.2997 -263.3774 251.8109
1.365543 1.847108 0.9327803 135.9715 -265.385 251.8109
1.398991 1.839539 0.9777021 135.6203 -269.1713 251.8109
1.42194 1.875428 1.058024 140.5134 -269.1713 251.8109
1.458317 1.935486 1.134929 144.6127 -269.1713 251.8109
1.542301 1.964295 1.187907 148.9257 -269.1713 251.6659
1.500797 1.839783 1.262614 163.7348 -269.1713 250.8109
1.583317 2.21869 1.367351 160.002 -269.1713 235.6048
1.648258 2.116639 1.406169 166.4677 -269.1713 226.9941
1.560124 2.224976 1.590495 177.0707 -269.1713 215.0934
1.606022 2.224976 1.657146 186.5745 -269.1713 207.2155
1.661686 2.224976 1.739177 203.9715 -269.1713 197.4063
1.749333 2.224976 1.886638 217.0096 -260.4995 184.9101
1.780583 2.224976 2.00944 236.2997 -250.9423 171.7346
1.949528 2.224976 2.081218 258.8112 -246.8125 161.2079
2.135807 2.224976 2.341716 269.6508 -222.3011 139.6353
2.289799 2.224976 2.450358 269.6508 -187.9346 118.0475
2.289799 2.224976 2.578044 269.6508 -155.1255 106.6277
2.289799 2.224976 2.612956 269.6508 -118.9805 93.36052
2.158512 2.224976 2.650065 269.6508 -104.5301 96.22311
1.827458 2.224976 2.731853 268.628 -83.24763 90.27655
2.2215 2.224976 2.959147 184.3226 -11.04153 44.6964
2.047428 2.224976 3.100017 122.3455 25.14168 13.02464
1.941227 2.224976 3.167399 62.49055 69.21802 -18.06696
2.028873 2.224976 2.908854 -5.020901 102.1264 -50.31124
2.047672 2.224976 2.772868 -48.55525 138.8592 -88.97536
2.076725 2.224976 2.672771 -104.227 177.1722 -129.0975
2.077702 2.224976 2.391276 -165.3873 211.8211 -171.815
2.094791 2.224976 2.215251 -210.7766 231.0959 -212.2273
2.107731 2.224976 1.97111 -195.2804 231.0959 -248.4563
2.289799 2.224976 1.573894 -217.2041 231.0959 -248.4563
2.289799 2.224976 1.362956 -180.1354 231.0959 -248.4563
2.289799 2.224976 0.9318037 -184.9827 231.0959 -248.4563
2.289799 2.224976 0.5665693 -179.769 231.0959 -248.4563
2.289799 2.224976 0.2252607 -186.0209 231.0959 -248.4563
2.289799 2.224976 -0.02937794 -191.1583 231.0959 -248.4563
2.289799 2.224976 -0.01570606 -191.5858 231.0959 -248.4563
2.289799 1.996766 -0.2605791 -184.0133 231.0959 -248.4563
2.289799 1.728455 -0.2605791 -188.8835 231.0959 -248.4563
2.289799 1.466981 -0.2605791 -192.9446 231.0959 -248.4563
2.289799 1.286805 -0.2605791 -197.8759 231.0959 -248.4563
2.289799 1.077332 -0.2605791 -206.8759 231.0959 -248.4563
2.289799 0.9389044 -0.2605791 -219.0591 231.0959 -248.4563
2.289799 0.7763067 -0.2605791 -230.6163 231.0959 -248.4563
2.289799 0.5646368 -0.2605791 -230.6163 231.0959 -248.4563
2.289799 0.5421759 -0.2605791 -230.6163 231.0959 -248.4563
2.289799 0.3058478 -0.2605791 -230.6163 231.0959 -248.4563
2.289799 0.183045 -0.2605791 -230.6163 231.0959 -248.4563
2.289799 -0.3218378 -0.2605791 -230.6163 231.0959 -248.4563
2.289799 -0.6116327 -0.2605791 -230.6163 231.0959 -248.4563
2.289799 -0.9255976 -0.2605791 -230.6163 231.0959 -248.4563
2.289799 -1.22467 -0.2605791 -230.6163 231.0959 -248.4563
2.289799 -1.457336 -0.2605791 -230.6163 231.0959 -248.4563
2.289799 -1.774963 -0.2605791 -230.6163 231.0959 -248.4563
1.837467 -1.774963 -0.2605791 -230.6163 231.0959 -248.4563
2.289799 -1.774963 -0.2605791 -230.6163 231.0959 -248.4563
-0.6066245 -1.774963 -0.2605791 -230.6163 231.0959 -248.4563
-0.1810874 -1.774963 -0.2605791 -230.6163 229.8745 -236.5555
-0.5177573 -1.774963 -0.2605791 -125.9522 117.447 -211.0135
-1.180599 -1.774963 -0.2605791 -65.95219 14.98137 -133.128
-1.71014 -1.774963 -0.2605791 -61.78426 -47.60641 -69.29597
-1.71014 -1.774963 -0.2605791 -66.77663 -95.04153 -18.46391
-1.71014 -1.774963 -0.2605791 -87.47891 -141.4614 28.20021
-1.577328 -1.774963 -0.2605791 -60.9751 -187.1713 52.72693
-1.137142 -1.774963 -0.2605791 -37.03617 -218.2171 73.00938
-0.8112144 -1.774963 -0.2605791 12.26154 -252.5453 87.7422
-0.3641929 -1.774963 -0.2605791 63.9104 -269.1713 101.3453
-0.1823081 -1.774963 -0.2605791 103.9104 -269.1713 118.1697
0.2290689 -1.774963 -0.2605791 153.0096 -269.1713 127.933
0.2808267 -1.774963 -0.2605791 178.2081 -269.1713 151.1315
0.3277017 -1.774963 0.05289745 207.7501 -269.1713 161.0628
0.4629556 -1.631164 0.4713545 228.8493 -269.1713 170.9483
0.6011392 -1.536682 0.5709639 252.8188 -269.1713 195.7422
0.6506997 -1.363342 0.6151533 269.6508 -269.1713 187.101
0.7366372 -1.050598 0.7208662 269.6508 -265.3392 200.475
0.8284341 -0.8267206 0.7765303 269.6508 -253.4766 216.8491
0.7695962 -0.5425409 0.7965498 269.6508 -237.5759 240.2231
0.7239419 -0.539123 0.7921553 269.6508 -228.9652 251.8109
0.6345864 -0.5144648 0.7677412 269.6508 -224.0568 234.2308
0.7393228 -0.2817987 0.7335615 269.6508 -216.0568 251.8109
1.155094 0.7169806 0.5165205 225.6738 -60.3316 251.8109
1.506168 2.224976 1.100993 131.8264 -85.4232 187.9178
1.376774 2.224976 1.225017 110.5745 -75.45374 146.5132
1.290104 2.224976 1.310222 81.61269 -64.41557 99.26128
1.220768 2.224976 1.272136 44.9791 -54.27817 53.95594
1.206364 2.224976 1.37321 4.238641 -46.42321 2.360519
1.24152 2.224976 1.438884 -26.54762 -36.14076 -52.88375
1.325504 2.224976 1.418132 -41.22701 -23.09496 -115.9983
1.418034 2.224976 1.3903 -49.89113 -11.84305 -179.128
1.577946 2.224976 1.3903 -49.94457 -2.957558 -244.1204
1.697086 2.224976 1.37028 -69.48656 5.485189 -248.4563
1.810368 2.224976 1.304851 -97.08197 12.8974 -248.4563
2.104557 2.224976 1.243083 -119.6316 20.09588 -248.4563
2.289799 2.224976 1.016765 -103.8682 34.6913 -248.4563
2.289799 2.224976 0.7721357 -123.1049 38.58443 -248.4563
2.289799 2.224976 0.7125654 -124.6316 43.84397 -248.4563
2.289799 2.224976 0.6439619 -130.1278 51.15695 -248.4563
2.289799 2.224976 0.5619307 -127.9522 56.77526 -248.4563
2.289799 2.224976 0.4698896 -125.7614 58.68367 -248.4563
2.289799 2.221619 0.4156904 -125.3339 65.58443 -248.4563
2.289799 1.89032 0.3158369 -133.2499 69.79053 -248.4563
2.289799 1.579529 0.2555342 -140.9751 68.03481 -248.4563
2.289799 1.273865 0.1112471 -157.0896 67.38596 -248.4563
2.289799 1.092225 0.0880537 -171.3568 66.54626 -248.4563
2.289799 1.043152 0.1483564 -190.0743 67.6913 -248.4563
2.289799 0.9686895 0.1437178 -222.9064 69.66077 -248.4563
2.289799 0.7655645 0.1136885 -230.6163 72.36305 -248.4563
2.289799 0.6039434 0.1200361 -230.6163 82.72183 -248.4563
2.289799 0.4215704 0.09488964 -230.6163 91.83633 -248.4563
2.289799 0.3075567 0.07413769 -230.6163 102.7447 -248.4563
2.289799 0.1537482 0.0001630783 -230.6163 109.615 -248.4563
2.289799 -0.02398621 -0.1062822 -230.6163 129.905 -248.4563
2.289799 -0.3142694 -0.2605791 -230.6163 149.5539 -248.4563
2.289799 -0.4539179 -0.2605791 -230.6163 159.3631 -248.4563
2.289799 -0.5823359 -0.2605791 -230.6163 169.7753 -248.4563
2.289799 -0.7346796 -0.2605791 -230.6163 181.7142 -248.4563
2.289799 -1.021301 -0.2605791 -230.6163 167.9127 -248.4563
2.289799 -1.087951 -0.2605791 -230.6163 180.5844 -248.4563
2.289799 -1.439269 -0.2605791 -230.6163 186.9966 -248.4563
2.289799 -1.598205 -0.2605791 -230.6163 200.0424 -248.4563
2.289799 -1.774963 -0.2605791 -230.6163 217.0882 -248.4563
2.289799 -1.774963 -0.2605791 -230.6163 215.76 -248.4563
2.289799 -1.774963 -0.2605791 -230.6163 163.4318 -248.4563
2.289799 -1.774963 -0.2605791 -230.6163 198.3478 -248.4563
2.074039 -1.774963 -0.2605791 -152.2117 114.7066 -248.4563
1.366764 -1.774963 -0.2605791 -230.6163 21.12641 -248.4563
1.501774 -1.774963 -0.2605791 -19.68502 -26.42321 -248.4563
0.9868814 -1.774963 -0.2605791 -82.29572 -62.32397 -248.4563
0.2420083 -1.774963 -0.2605791 -38.37968 -106.3927 -248.4563
-0.1227378 -1.774963 -0.2605791 -22.40258 -126.1942 -248.4563
-0.4225425 -1.774963 -0.2605791 -56.78426 -144.7285 -204.3418
-0.3197593 -1.774963 -0.2605791 -93.40259 -167.5224 -153.7234
-0.2345542 -1.774963 -0.2605791 -159.2575 -172.553 -88.70055
0.06940088 -1.774963 -0.2605791 -199.9904 -176.1942 -40.69292
0.3245278 -1.774963 -0.2605791 -215.7461 -178.2095 1.726931
0.4170571 -1.774963 -0.2451982 -230.6163 -179.4461 46.45975
0.4456216 -1.774963 -0.04402637 -214.1507 -182.4232 75.36052
0.5618325 -1.774963 0.06437206 -174.0743 -182.1484 99.53609
0.6011392 -1.774963 0.1798506 -156.9675 -183.5224 130.3224
0.6716958 -1.774963 0.3534346 -160.8682 -187.095 163.7575
0.6470376 -1.774963 0.510417 -96.75372 -186.1713 185.3911
0.9588052 -1.774963 0.2889814 -65.78426 -184.9881 202.162
0.8318521 -1.774963 0.7792158 -34.03617 -182.2476 223.8262
0.8792153 -1.774963 0.7906904 -41.76899 -176.4766 246.2231
0.8228189 -1.774963 0.9530439 -20.62395 -170.3011 251.8109
0.8584634 -1.774963 0.9708662 3.536351 -170.1255 251.8109
0.8162271 -1.774963 1.02238 20.10887 -163.843 251.8109
0.8696939 -1.749084 1.016276 24.08597 -154.3316 251.8109
0.8770181 -1.596252 0.9908857 33.31498 -152.7591 251.8109
