0.1940459 -0.1806304 0.2494218 -91.72939 5.970198 -48.73553
0.2140654 -0.2887847 0.3107011 -107.5996 5.397679 -46.7737
0.2577666 -0.4040191 0.3844316 -118.0805 6.565618 -44.36148
0.3007354 -0.494107 0.4498613 -119.6836 8.962564 -42.66682
0.3566436 -0.5138824 0.4872148 -119.8744 10.95493 -40.35384
0.4586944 -0.5524566 0.4808671 -121.2256 13.35951 -37.57522
0.4416045 -0.5881011 0.5340898 -107.5538 13.44348 -38.50652
0.425003 -0.5541656 0.603914 -81.44695 16.91676 -43.7966
0.3944854 -0.5922515 0.621248 -65.89733 18.86333 -47.04851
0.3949736 -0.5700347 0.6512773 -45.58435 23.35951 -51.65156
0.3688506 -0.6391265 0.67325 -31.63779 29.09233 -52.14011
0.3773955 -0.6325347 0.6720293 -28.76756 34.28318 -49.65919
0.4401397 -0.6442534 0.6937578 -22.27901 43.40532 -46.62103
0.4491729 -0.617398 0.6004961 -10.50038 50.19157 -46.13248
0.4403838 -0.5663726 0.5111406 1.400382 52.11524 -46.49889
0.4418487 -0.5036284 0.4327714 8.950001 53.64959 -47.10194
0.4069366 -0.4633452 0.352205 16.13321 53.58852 -46.85767
0.3529814 -0.4008452 0.2823808 19.09504 52.26791 -47.33858
0.3329619 -0.3124663 0.2379472 19.40802 50.83279 -49.934
0.2704619 -0.2731597 0.2074296 12.64466 46.35188 -49.90347
0.9308623 -1.40646 0.05044723 167.1485 -196.839 85.85226
1.175735 -0.6430327 0.4071367 148.1179 -226.297 167.8065
1.209915 -0.6449859 0.3544023 135.7515 -225.0145 171.7149
1.22554 -0.650357 0.3370683 128.7821 -224.5107 172.6232
1.209915 -0.6515777 0.3470781 119.4004 -225.1977 175.2797
1.181351 -0.6535308 0.3688066 114.034 -225.5718 176.3026
1.128372 -0.6571929 0.4066484 107.7363 -225.358 177.2492
1.079788 -0.6801421 0.4532793 103.9347 -224.7397 177.3942
1.009476 -0.7943999 0.5765703 99.86604 -221.4649 179.15
0.9901885 -0.8239409 0.6034257 102.7973 -219.6405 178.8675
0.9596709 -0.8744781 0.6327226 106.5989 -218.9 180.0431
0.9425811 -0.8981597 0.6554277 111.0645 -216.0832 181.3026
0.9252471 -0.9203765 0.6593339 114.9347 -213.6176 182.5164
0.9054717 -0.9333159 0.6661699 116.9653 -211.61 185.4706
0.8874053 -0.9338042 0.6798418 119.5683 -209.7168 187.8675
0.8703155 -0.9342925 0.683748 121.6141 -208.1519 190.5775
0.8595733 -0.9279449 0.7062089 123.5378 -205.7245 192.4858
0.8461455 -0.9179351 0.7171953 125.0798 -203.4725 194.6003
0.8288116 -0.9172027 0.716707 126.9118 -200.2741 196.4019
0.798294 -0.9057281 0.7191484 129.4156 -198.7321 198.1881
0.7777862 -0.8857085 0.7174394 131.8813 -197.1443 199.6691
0.7724151 -0.8886382 0.7228105 133.95 -195.4115 201.5164
0.7655791 -0.8752105 0.7337968 135.8355 -194.5031 203.4019
0.7611846 -0.8786284 0.7455156 137.6523 -194.4573 206.2568
0.767044 -0.8603179 0.7594316 138.9271 -192.8466 207.7149
0.7851104 -0.8971831 0.7474687 142.095 -189.7703 206.4553
0.7536162 -0.820523 0.7967851 138.0034 -193.3046 211.0278
0.7550811 -0.7804839 0.8627031 135.2172 -189.7016 215.0889
0.7663116 -0.7087066 0.8863848 132.7286 -186.1596 215.9439
0.7563018 -0.6855132 0.9178789 130.4996 -184.381 216.2797
0.7252959 -0.6567046 0.9703691 127.8889 -182.1977 215.3713
0.654251 -0.6359527 1.004549 126.8202 -176.5489 213.44
0.6127471 -0.6134917 1.033846 134.1561 -177.8542 211.1194
0.6510772 -0.579312 1.095613 135.637 -170.671 210.0736
0.6627959 -0.5981109 1.085603 139.5531 -164.3886 208.692
0.6605987 -0.5934722 1.072908 149.3164 -161.7092 204.2492
0.6408233 -0.5910308 1.084139 155.4309 -159.3962 201.211
0.62471 -0.6032378 1.088777 162.5759 -154.7245 197.7454
0.5954131 -0.6076324 1.098299 168.1408 -150.9535 195.3179
0.5634307 -0.6078765 1.095369 172.2172 -147.5794 193.5775
0.5436553 -0.6208159 1.12491 175.6065 -144.5641 191.9515
0.5180205 -0.6264312 1.145174 176.5072 -140.3886 191.5469
0.4975127 -0.6415679 1.161775 177.9424 -136.6939 190.8752
0.4755401 -0.6479156 1.181307 180.0721 -132.8619 190.8828
0.4596709 -0.6537749 1.211336 183.7592 -128.9 190.3332
0.4499053 -0.6593902 1.237459 189.3317 -124.9153 189.6003
0.4413604 -0.6615874 1.250887 195.2782 -120.1901 188.0889
0.4137725 -0.6491363 1.263094 200.6752 -115.2817 187.9057
0.3783721 -0.6432769 1.26993 202.9882 -110.0603 187.44
0.3510283 -0.643521 1.276033 205.3164 -105.984 187.1652
0.3376006 -0.6374175 1.279451 208.2019 -101.4802 187.2416
0.3441924 -0.6195952 1.27408 209.2477 -97.83133 187.6614
0.3461455 -0.5766265 1.279695 207.4462 -93.77026 189.0736
0.34346 -0.5385406 1.308992 203.6141 -89.55652 189.9973
0.3241729 -0.4909331 1.316805 200.4691 -85.10614 190.7225
0.3114775 -0.4777495 1.3295 199.7744 -81.06034 190.5393
0.2968291 -0.4311187 1.340486 199.4462 -77.11378 189.6538
0.2697295 -0.4057281 1.361727 200.3775 -72.83897 187.2416
0.2558135 -0.3715484 1.387605 201.0416 -67.52599 184.8141
0.227249 -0.3412749 1.400789 202.3775 -62.1214 182.0278
0.2226104 -0.322232 1.403475 205.1103 -57.31988 178.6232
0.199417 -0.306607 1.408602 209.263 -52.17484 174.2034
0.1608428 -0.2804839 1.415193 212.7515 -46.82369 169.5698
0.1420439 -0.2572906 1.412996 212.2019 -41.30461 165.9668
0.1144561 -0.252896 1.391023 208.5531 -35.78553 163.7301
0.1044463 -0.2458159 1.381502 202.9271 -30.8695 161.379
0.0768584 -0.2392241 1.367098 196.7515 -26.70919 159.6538
0.05805957 -0.2516753 1.368807 189.5988 -23.0527 157.0813
0.04609668 -0.2787749 1.364656 183.3317 -20.0069 155.5775
0.04170215 -0.2970855 1.363924 178.637 -17.0985 154.6232
0.03388965 -0.3097808 1.38785 174.4156 -14.34278 153.3332
0.03291309 -0.3249175 1.409334 171.0798 -11.92293 152.3637
0.02387989 -0.3268706 1.453035 168.6294 -9.228275 151.524
0.03047168 -0.3183257 1.494783 167.492 -6.037435 150.3484
0.04096973 -0.3053863 1.530916 167.1332 -3.014534 148.4095
0.05781543 -0.3107574 1.579744 167.408 0.1610382 147.1042
0.0600127 -0.289273 1.639803 168.3011 4.359511 145.6767
0.03999317 -0.258023 1.703279 170.0798 9.29081 143.3866
0.02949512 -0.2035796 1.752107 172.6447 14.32134 140.6004
0.01118457 -0.2023589 1.792879 176.6217 20.8786 134.6156
0.00605762 -0.1684233 1.827303 180.7973 28.25264 130.9515
0.01582325 -0.1269194 1.857576 186.5912 35.74883 125.9668
0.02436817 -0.08590382 1.87784 190.8584 44.39005 118.8217
0.0299834 -0.08028858 1.87198 196.6065 52.29844 110.9515
0.009719729 -0.07906787 1.863191 201.324 60.61906 103.4477
0.000198245 -0.09933155 1.836092 206.95 68.55035 96.33318
0.1840361 0.009311035 0.5121171 81.56069 -83.67103 -7.109573
0.18721 0.01175244 0.5145586 84.7668 -83.44202 -12.08667
0.1925811 -0.0004545897 0.5360429 91.06451 -84.04507 -18.17827
0.2111357 0.002719238 0.5609453 93.7668 -83.18247 -23.65919
0.2243193 -0.03023975 0.5753496 96.27061 -81.77789 -28.94163
0.2172393 -0.06930225 0.5963457 99.27061 -81.60995 -34.08667
0.2035674 -0.100064 0.6278398 103.2935 -80.12904 -39.17064
0.1442412 -0.1166655 0.6512773 105.3164 -77.37331 -44.9798
0.1640166 -0.2370269 0.6810625 111.8202 -76.38858 -48.08667
0.1769561 -0.2170073 0.6981523 115.7057 -73.10614 -50.8882
0.1671904 -0.2814605 0.7208574 119.2706 -68.42675 -54.53706
0.1364287 -0.3459136 0.7435625 119.1027 -65.10614 -55.69736
0.1217803 -0.3193023 0.7879961 110.9729 -61.44965 -54.76606
0.09492481 -0.4379546 0.8458574 96.58359 -54.48782 -52.01797
0.07246387 -0.5014312 0.8871172 81.40038 -48.54125 -45.21645
0.09468067 -0.5412261 0.9764727 68.91946 -39.71682 -40.26225
0.1398467 -0.6152007 0.9964922 51.75916 -31.38095 -32.75843
0.1359404 -0.6303374 1.038484 31.9271 -24.41912 -22.90347
0.1850127 -0.7458159 1.122957 20.36985 -13.27408 -15.22408
0.2243193 -0.7194488 1.145662 12.72099 -3.861863 -9.094305
0.2296904 -0.7919585 1.151277 15.56832 5.626687 -6.246977
0.2267607 -0.8439605 1.174715 18.18664 14.79463 -2.002703
0.2296904 -0.846646 1.174227 18.72099 25.82516 3.607985
0.1906279 -0.8417632 1.130037 18.82023 35.12287 8.378977
0.1691436 -0.8229644 1.035311 12.56069 41.84043 14.75302
0.1691436 -0.8305327 0.9767168 12.17138 48.27554 19.32554
0.1503447 -0.8339507 0.8758867 9.247711 53.93967 25.55455
0.1129912 -0.7995269 0.7962968 3.484351 57.30608 32.50111
0.1239775 -0.7560699 0.7638261 -4.614885 60.64196 38.59272
0.1193389 -0.7922027 0.6839921 -3.469847 64.18394 42.34844
0.1032256 -0.7387359 0.5924394 -5.126336 66.245 47.19577
0.0810088 -0.7179839 0.515291 -7.042367 65.83279 52.23394
0.06416309 -0.664273 0.4620683 -12.79809 65.09233 58.25684
0.06294239 -0.6232574 0.4574296 -15.34771 63.8786 61.77592
0.01631153 -0.6056792 0.4327714 -12.06527 61.84806 61.96677
0.03730762 -0.5961577 0.4852617 -13.19504 64.35951 63.56982
0.03852832 -0.587857 0.4881914 -12.22557 65.9473 66.78355
0.03266895 -0.5443999 0.4676836 -8.927863 66.74883 68.53165
0.0221709 -0.5458648 0.4693925 -0.920229 66.36714 68.25684
0.04658496 -0.4262359 0.414705 -0.8438931 68.63432 68.14997
-0.01713574 -0.3600738 0.4230058 -1.782825 64.79462 69.79119
0.04927051 -0.3715484 0.3233964 9.179008 72.32134 63.64616
0.0209502 -0.3432281 0.2069414 9.575954 60.71829 61.73013
0.03681934 -0.3522613 0.2218339 5.812595 59.32135 60.64616
