1.43195 1.096131 0.3761396 233.3837 -104.9041 251.8109
1.375553 0.8976446 0.493083 236.3837 -103.8202 251.8109
1.33112 0.8536993 0.4327803 251.5516 -106.3927 251.8109
1.415104 1.010682 0.3876143 240.5898 -108.0034 251.8109
1.334293 1.092225 0.3727217 249.1699 -111.2782 251.8109
1.314274 1.25824 0.3478193 222.2157 -111.7514 251.8109
1.263004 1.298768 0.3009443 212.9638 -118.7514 251.8109
1.277653 1.36493 0.2816572 201.147 -126.385 251.8109
1.331852 1.45575 0.256999 186.0096 -131.6828 251.8109
1.395573 1.477967 0.2455244 180.4982 -141.3698 251.8109
1.39484 1.632508 0.3595381 162.3684 -153.2553 251.8109
1.470768 1.657166 0.3146162 154.2386 -156.843 251.8109
1.496159 1.701111 0.3209639 144.0936 -168.8965 251.8109
1.543034 1.747742 0.4081221 137.9409 -183.2553 251.8109
1.60236 1.800477 0.494792 129.0783 -198.385 251.8109
1.649479 1.907654 0.5629072 125.2997 -207.6522 251.8109
1.641178 2.033875 0.6385908 121.3989 -220.4461 251.8109
1.83942 2.111756 0.7589521 115.3531 -222.927 251.8109
1.855778 2.218446 0.9681807 122.3761 -229.2171 251.8109
1.949284 2.224976 1.098063 133.3989 -240.5606 251.8109
2.101383 2.224976 1.197185 140.2692 -233.5759 251.8109
2.15485 2.224976 1.367106 166.4371 -239.1713 251.8109
2.289799 2.224976 1.423015 194.2539 -250.4232 251.8109
2.289799 2.224976 1.73112 212.1928 -219.5682 251.8109
2.289799 2.224976 2.001872 244.4066 -193.8125 251.8109
2.289799 2.224976 2.125651 269.6508 -167.782 251.8109
2.289799 2.224976 2.15153 269.6508 -144.4461 245.5361
2.289799 2.224976 2.12321 269.6508 -131.1331 240.3453
2.289799 2.224976 2.385661 269.6508 -87.17892 227.3529
2.289799 2.224976 2.385417 260.0936 -54.17893 215.414
2.230534 2.224976 2.457683 190.0402 10.03481 160.0246
2.161198 2.224976 2.228435 106.0936 32.11115 136.9407
1.923893 2.224976 2.013835 41.39131 50.05008 111.788
1.955875 2.224976 1.82194 5.421847 76.97374 78.28418
1.770573 2.224976 1.736003 5.574519 102.0806 18.35288
1.732243 2.224976 1.795573 8.460015 128.3096 -53.0975
1.64777 2.224976 1.865397 -12.02853 149.9966 -120.1509
1.763737 2.224976 1.664714 -44.47128 169.8058 -190.8074
1.727116 2.224976 1.608317 -61.28807 191.0882 -248.4563
2.006413 2.224976 1.408366 -135.7308 212.3707 -248.4563
2.140202 2.224976 0.9940596 -168.8453 227.1035 -248.4563
2.289799 2.224976 0.6879072 -137.4942 231.0959 -248.4563
2.289799 2.224976 0.1913252 -131.5553 231.0959 -248.4563
2.289799 2.224976 -0.1722002 -128.5934 231.0959 -248.4563
2.289799 2.224976 -0.2605791 -123.1201 230.2104 -248.4563
2.289799 2.224976 -0.2605791 -119.685 217.6302 -248.4563
2.289799 2.224976 -0.2605791 -108.8224 213.5539 -248.4563
2.289799 2.224976 -0.2605791 -111.1278 208.0424 -248.4563
2.289799 1.92157 -0.2605791 -114.2728 196.1417 -248.4563
2.289799 1.601746 -0.2605791 -124.1812 181.8745 -248.4563
2.289799 1.409119 -0.2605791 -135.456 173.4776 -248.4563
2.289799 1.17035 -0.2605791 -149.8911 172.5539 -248.4563
2.289799 0.9559942 -0.2605791 -160.4484 167.5768 -248.4563
2.289799 0.8038946 -0.2605791 -170.3339 172.7447 -248.4563
2.289799 0.750672 -0.2605791 -195.0438 171.9279 -248.4563
2.289799 0.6310431 -0.2605791 -201.5629 180.0654 -248.4563
2.289799 0.4874884 -0.2605791 -203.1659 193.2867 -248.4563
0.8657876 -0.6848749 1.562907 182.0096 -180.0721 251.8109
1.114811 0.4701544 0.4154463 269.6508 -48.64458 251.8109
0.9649087 0.3764044 0.3885908 269.6508 -55.51481 251.8109
0.8858071 0.6154181 0.4142256 262.5363 -51.33924 251.8109
0.9487954 0.8695684 0.05973339 232.3913 -77.53008 251.8109
1.031559 1.048768 0.07413769 218.689 -87.43848 251.8109
1.134342 1.104432 0.1188154 206.857 -92.1026 251.8109
1.202702 1.183045 0.1112471 204.4447 -96.95757 251.8109
1.246159 1.308289 0.1820478 198.5364 -112.843 251.8109
1.647282 1.332947 -0.03767872 196.1852 -92.14076 251.8109
1.13361 1.801941 0.02262402 171.8722 -136.095 251.8109
1.303532 1.842957 0.2560225 164.1318 -135.5148 251.8109
1.300846 1.924744 0.2948408 147.6356 -135.5377 251.8109
1.278385 1.924012 0.3768721 140.3379 -133.4614 251.8109
1.285709 1.985779 0.402751 132.1547 -143.7973 251.8109
1.314518 1.91327 0.5026045 125.9257 -149.156 251.8109
1.343815 2.009949 0.572917 119.315 -152.1637 251.8109
1.239811 2.074403 0.7194014 109.3761 -165.7209 251.8109
1.370182 2.051453 0.7963057 104.7883 -165.6751 251.8109
1.440983 1.995545 0.8544111 103.3379 -162.5759 251.8109
1.439518 1.988953 0.8986006 100.7272 -164.3087 251.8109
1.451725 2.018983 0.9664717 101.3379 -168.9728 251.8109
1.424137 1.996522 1.075114 110.0325 -176.8889 251.8109
1.571598 1.922547 0.9703779 140.4906 -188.4308 251.8109
1.667301 2.189393 1.074382 151.918 -171.0492 251.8109
1.606266 2.204041 1.290446 181.0249 -172.5682 251.8109
1.919987 2.224976 1.311931 218.6509 -170.1713 243.5514
2.184879 2.224976 1.327556 255.4447 -152.4385 232.9025
2.053043 2.224976 1.28947 269.6508 -144.4308 229.101
2.110905 2.224976 1.223552 269.6508 -134.9118 228.5743
1.962467 2.224976 1.133708 269.6508 -133.0263 228.2155
1.825504 2.224976 1.107097 269.6508 -121.4003 210.9483
1.85944 2.224976 1.038249 249.0478 -113.2095 198.1163
1.814274 2.224976 1.018962 216.4142 -106.4537 188.6888
1.865299 2.224976 0.9615889 170.4371 -102.1026 180.6735
1.877995 2.224976 0.994792 127.0096 -101.927 165.4445
1.732731 2.224976 1.054851 97.2081 -85.58351 115.4598
1.680485 2.224976 1.325114 36.30734 -68.41557 85.71166
1.521061 2.224976 1.447917 -40.07434 -50.11786 53.14678
1.494938 2.224976 1.490153 -64.56288 -38.3316 8.604794
1.557194 2.224976 1.651774 -88.92929 -23.62168 -37.46391
1.591862 2.224976 1.811442 -106.0285 -4.545344 -90.79979
1.666813 2.224976 1.889079 -116.9751 18.68366 -142.8914
1.700504 2.224976 1.876384 -126.5476 39.00427 -194.6318
1.733708 2.224976 1.740886 -137.3568 56.74473 -245.5402
1.845768 2.224976 1.728923 -141.5171 70.68367 -248.4563
1.95734 2.224976 1.648356 -151.7156 89.43939 -248.4563
2.092106 2.224976 1.46989 -162.685 102.4699 -248.4563
2.242496 2.224976 1.367595 -190.7843 112.0119 -248.4563
2.289799 2.224976 1.21403 -176.3186 136.5768 -248.4563
2.289799 2.224976 0.960124 -169.2575 150.3096 -248.4563
2.289799 2.224976 0.678874 -167.601 158.3478 -248.4563
2.289799 2.224976 0.5370283 -173.7461 163.676 -248.4563
2.289799 2.224976 0.4530439 -178.1812 174.7447 -248.4563
2.289799 2.102479 0.3649092 -182.4026 185.0195 -248.4563
2.289799 1.826844 0.2772627 -185.6163 192.0577 -248.4563
2.289799 1.563416 0.06949902 -196.8606 197.7905 -248.4563
2.289799 1.370789 0.05216503 -216.914 203.5005 -248.4563
2.289799 1.082947 -0.02425098 -230.6163 215.4928 -248.4563
2.289799 1.153748 -0.08650684 -230.6163 216.7371 -248.4563
2.289799 0.978211 -0.08845997 -230.6163 225.2256 -248.4563
2.289799 0.8471075 -0.1448565 -230.6163 231.0959 -248.4563
2.289799 0.6991583 -0.1951494 -230.6163 231.0959 -248.4563
2.289799 0.5922247 -0.2605791 -230.6163 231.0959 -248.4563
2.289799 0.4432989 -0.2605791 -230.6163 231.0959 -248.4563
2.289799 0.3212286 -0.2605791 -230.6163 231.0959 -248.4563
2.289799 0.1173712 -0.2605791 -230.6163 231.0959 -248.4563
2.289799 -0.1843866 -0.2605791 -230.6163 231.0959 -248.4563
2.289799 -0.7158808 -0.2605791 -230.6163 231.0959 -248.4563
2.289799 -0.7703241 -0.2605791 -230.6163 231.0959 -248.4563
2.289799 -0.924621 -0.2605791 -230.6163 231.0959 -248.4563
2.289799 -1.315246 -0.2605791 -230.6163 231.0959 -248.4563
2.289799 -1.440734 -0.2605791 -230.6163 231.0959 -248.4563
2.289799 -1.774963 -0.2605791 -230.6163 231.0959 -248.4563
2.289799 -1.774963 -0.2605791 -230.6163 231.0959 -248.4563
2.289799 -1.774963 -0.2605791 -230.6163 231.0959 -248.4563
1.774479 -1.774963 -0.2605791 -230.6163 231.0959 -248.4563
2.289799 -1.774963 -0.2605791 -230.6163 231.0959 -248.4563
1.435368 -1.774963 -0.2605791 -230.6163 231.0959 -248.4563
0.748356 -1.774963 -0.2605791 -50.29571 75.85161 -248.4563
-0.007259279 -1.774963 -0.2605791 55.68902 -43.08733 -241.5479
-1.225521 -1.774963 -0.2605791 160.086 -123.7362 -190.8685
-1.71014 -1.774963 -0.2605791 146.8188 -170.4461 -109.3647
-1.71014 -1.774963 -0.2605791 84.82643 -213.1255 -49.02879
-1.53973 -1.774963 -0.2605791 46.48292 -260.5912 -5.349404
-0.7675132 -1.774963 -0.2605791 12.0249 -269.1713 32.36052
-0.2655601 -1.774963 -0.2605791 21.43711 -269.1713 67.65823
0.02154932 -1.774963 -0.2605791 19.20811 -269.1713 107.2231
0.592106 -1.774963 -0.2605791 30.36841 -269.1713 140.1086
0.8084146 -1.774963 -0.2605791 48.12414 -269.1713 168.0552
0.7537271 -1.774963 0.1717939 53.66612 -269.1713 199.8872
0.8833657 -1.774963 0.8387861 79.56689 -269.1713 200.0018
1.365543 -1.774963 1.132976 83.9104 -269.1713 251.8109
