2.289799 -1.774963 -0.2605791 -230.6163 231.0959 -248.4563
2.289799 -1.774963 -0.2605791 -230.6163 231.0959 -248.4563
1.330387 -1.774963 -0.2605791 -230.6163 231.0959 -248.4563
0.2056314 -1.774963 -0.2605791 -194.6621 198.7371 -248.4563
-0.2025718 -1.774963 -0.2605791 -98.92166 36.65313 -248.4563
-0.41473 -1.774963 -0.2605791 -16.18121 -84.36214 -232.4105
-0.7887534 -1.774963 -0.2605791 8.368412 -156.2629 -161.7082
-1.003597 -1.774963 -0.2605791 7.437115 -196.5301 -113.8761
-1.077572 -1.774963 -0.2605791 31.18521 -225.5148 -82.95246
-0.9972495 -1.774963 -0.2605791 58.76536 -243.8965 -62.31887
-0.5773276 -1.774963 -0.2605791 90.26154 -264.2171 -56.36467
-0.4108237 -1.774963 -0.2605791 96.95619 -269.1713 -40.70818
-0.05804053 -1.774963 -0.2605791 123.1089 -269.1713 -23.57841
0.3496743 -1.774963 -0.2605791 147.46 -269.1713 -4.028794
0.3858071 -1.774963 0.07316113 148.5974 -269.1713 15.47502
0.5698892 -1.774963 0.8121748 143.8875 -269.1713 41.31472
0.3967935 -1.774963 0.9535322 166.1012 -269.1713 59.87197
0.5271646 -1.774963 1.220134 163.4906 -269.1713 107.8872
0.9534341 -1.774963 1.333415 154.1852 -263.8812 125.5361
0.7908364 -1.629943 1.533122 171.6356 -252.4079 130.0094
0.8035317 -1.445129 1.482341 167.3837 -233.1102 145.2308
0.7437173 -1.251037 1.50529 180.5974 -217.9805 152.4292
0.6953774 -1.10675 1.437663 185.2463 -208.7972 160.2384
0.7117349 -0.9734491 1.418132 191.9028 -197.0339 166.3605
0.6646157 -0.8994745 1.343425 189.7959 -189.7209 173.4521
0.6399575 -0.7940058 1.358073 181.8112 -180.1637 185.0246
0.6382485 -0.7568964 1.354899 178.6738 -171.8278 193.246
0.5916177 -0.6421503 1.349772 170.6509 -160.4003 201.8414
0.58527 -0.566955 1.339519 167.544 -153.0568 206.0552
0.5449868 -0.4900507 1.332194 163.0554 -149.095 209.2918
0.5242349 -0.4502558 1.328044 154.9409 -141.8354 214.6888
0.5056802 -0.3999628 1.327312 148.2234 -135.4003 219.6353
0.4964028 -0.3860468 1.353679 144.1623 -129.5911 223.4521
0.4631997 -0.3306268 1.361979 140.1089 -123.9041 227.9559
0.4314614 -0.3120722 1.364665 138.3608 -122.24 230.2842
0.4026528 -0.2764276 1.373454 131.7883 -116.3927 234.3758
0.369938 -0.2820429 1.392497 127.773 -112.3621 238.6811
0.3823892 -0.2651972 1.415935 124.7577 -109.2858 242.7269
0.4031411 -0.2620233 1.454753 118.4906 -104.3545 248.1239
0.3948403 -0.2940058 1.45695 117.2463 -99.23236 251.8109
0.3875161 -0.3735956 1.402263 118.8341 -93.82016 251.8109
0.3523599 -0.3623651 1.371745 117.8188 -97.3087 251.8109
0.3613931 -0.4053339 1.423259 128.4066 -92.41557 251.8109
0.39777 -0.4290155 1.360026 138.1623 -90.36214 251.8109
0.4507485 -0.3923944 1.367595 154.5287 -85.9881 251.8109
0.4976235 -0.4185175 1.272136 166.6127 -87.20947 251.8109
0.5125161 -0.4292597 1.267009 180.4753 -86.50717 251.8109
0.5860024 -0.4387812 1.224772 195.4066 -85.24763 251.8109
0.6743814 -0.4192499 1.131755 201.231 -84.01863 251.8109
0.6756021 -0.499328 1.059489 222.0936 -85.27054 251.8109
0.6311685 -0.4253534 1.104167 235.7272 -88.51482 251.8109
0.7537271 -0.4978632 0.9969893 254.9028 -81.3774 251.8109
0.8054849 -0.2503046 1.026774 253.2768 -88.59114 251.8109
0.8867837 -0.282287 1.063884 269.1318 -77.60641 251.8109
0.9295083 -0.4295038 0.90446 269.6508 -76.08733 251.8109
1.042301 -0.4429316 0.7521162 269.6508 -75.20183 251.8109
1.152409 -0.4028925 0.6341963 269.6508 -78.27054 251.8109
1.273014 -0.391662 0.5773115 269.6508 -77.61404 251.8109
1.373844 -0.2385858 0.5777998 269.6508 -75.59114 251.8109
1.503727 -0.1345819 0.4994307 269.6508 -72.66748 251.8109
1.610905 -0.02642761 0.4501143 269.6508 -75.51481 251.8109
1.3382 1.40741 0.550456 193.9867 -82.45374 251.8109
2.044743 0.8226934 0.6866865 182.7883 -110.8202 251.8109
2.221745 0.7665411 0.4523115 259.5058 -71.46901 251.8109
2.181217 1.328797 0.06901073 229.9867 -72.02626 251.8109
1.863346 1.318055 0.2255049 221.1699 -84.83542 251.8109
1.811833 1.115662 0.3358564 183.1394 -86.24763 251.8109
1.826969 1.315858 0.3688154 163.5745 -92.61404 251.8109
1.7486 1.379334 0.4432783 128.9333 -98.96519 251.8109
2.053288 1.688904 0.6271162 85.75772 -115.011 251.8109
2.196354 1.793641 0.6708174 82.84169 -117.698 251.8109
2.275944 1.915711 0.743083 76.42184 -122.9652 251.8109
2.202702 2.016785 0.835124 72.60506 -132.1255 251.8109
2.240788 2.084901 0.9828291 82.84169 -135.5377 251.8109
2.211979 2.224976 1.07487 87.54399 -135.1789 251.8109
2.277409 2.224976 1.163493 81.57452 -129.4461 251.8109
2.289799 2.224976 1.127849 124.5287 -115.4995 251.8109
2.289799 2.224976 0.5089521 -149.0896 120.8974 -248.4563
-1.24847 -1.774963 -0.2605791 97.71956 -232.8507 -78.1662
-0.6068686 -1.774963 -0.2605791 105.6661 -264.637 -59.40284
-0.4198569 -1.774963 -0.2605791 101.8951 -269.1713 -46.74635
0.06964502 -1.774963 -0.2605791 154.9791 -269.1713 -54.00589
0.1214028 -1.774963 -0.2605791 148.6967 -269.1713 -13.73872
0.06158838 -1.774963 0.08146191 163.0478 -269.1713 5.925405
0.185856 -1.774963 0.2789717 176.9791 -269.1713 24.03991
0.2964517 -1.774963 0.559001 190.8799 -269.1713 46.49029
0.4444009 -1.774963 0.8031416 209.9409 -269.1713 70.68113
0.5466958 -1.774963 1.007731 220.5287 -256.9423 91.44449
0.5725747 -1.774963 1.252604 235.8493 -252.2095 104.414
0.621647 -1.774963 1.325603 250.2616 -221.3011 132.0018
0.6062661 -1.617248 1.316813 254.7883 -202.5835 144.6811
0.5442544 -1.471008 1.366374 252.2921 -190.4003 159.6201
0.5183755 -1.321594 1.320476 249.5898 -173.4232 175.0246
0.5252114 -1.232482 1.304362 245.5822 -162.0797 187.1086
0.4756509 -1.13385 1.287028 239.3608 -148.782 199.3529
0.4624673 -1.03717 1.217204 236.2234 -136.2247 210.4903
0.474186 -0.9790644 1.074138 233.3226 -125.3927 219.7651
0.474186 -1.038635 0.9984541 227.9257 -121.5911 235.3529
0.5125161 -0.9231562 0.9139814 224.5516 -114.5148 246.8262
0.451481 -0.9136347 0.7711592 225.2157 -113.4919 251.8109
0.4610024 -0.7969355 0.7272139 222.231 -114.5224 251.8109
0.4570962 -0.7984003 0.7137861 215.4677 -115.782 251.8109
0.4666177 -0.7954706 0.7179365 218.5364 -116.782 251.8109
0.4856606 -0.8242792 0.7662764 217.5287 -118.1408 251.8109
0.5332681 -0.7871698 0.8019209 221.8112 -117.9499 251.8109
0.5657388 -0.7849726 0.8436689 226.4066 -119.1255 251.8109
0.6257974 -0.7117304 0.8527021 232.7348 -119.5911 251.8109
0.7388345 -0.7656855 0.800456 240.0173 -116.7362 251.8109
0.8018228 -0.6773066 0.9054365 248.8875 -123.156 251.8109
0.8530923 -0.6726679 1.026042 269.6508 -113.553 251.8109
0.9055825 -0.6577753 1.02653 269.6508 -108.7896 251.8109
0.9441567 -0.7039179 0.9359541 269.6508 -104.3469 251.8109
1.053532 -0.6289667 0.8046064 269.6508 -103.9118 251.8109
1.121159 -0.6218866 0.8231611 269.6508 -101.1331 251.8109
1.204655 -0.5400995 0.8111982 269.6508 -93.78198 251.8109
1.250553 -0.4375605 0.7665205 269.6508 -88.47664 251.8109
1.273014 -0.3372186 0.7049971 269.6508 -82.46138 251.8109
1.321598 -0.1917108 0.6361494 269.6508 -76.85832 251.8109
1.367497 -0.1050409 0.5441084 269.6508 -71.06442 251.8109
1.410709 0.02117981 0.4603682 269.6508 -64.99573 251.8109
1.488346 0.06756653 0.3832197 269.6508 -57.95756 251.8109
1.492741 0.2186896 0.2872725 269.6508 -58.29343 251.8109
1.513737 0.2152716 0.2267256 269.6508 -58.1484 251.8109
1.58942 0.3241583 0.1481123 269.6508 -54.31634 251.8109
1.656315 0.4948126 0.02360058 269.6508 -51.3087 251.8109
1.635075 0.217713 -0.2605791 269.6508 -89.69801 251.8109
1.766422 0.6622931 -0.03523731 269.6508 -70.00336 251.8109
1.748356 0.6434942 0.01407909 269.6508 -62.3316 251.8109
1.745182 0.558045 -0.2261553 269.6508 -65.07206 251.8109
1.987858 1.522156 -0.2605791 269.6508 -60.14076 251.8109
1.288151 2.157166 -0.2605791 269.6508 -129.7744 251.8109
2.289799 1.636658 -0.2605791 269.6508 -93.04916 251.8109
2.153873 1.406922 -0.005208015 269.6508 -90.98045 251.8109
2.117252 1.591981 -0.1097002 269.6508 -97.20947 251.8109
2.156315 1.840027 -0.07771778 268.4371 -104.6904 251.8109
2.11237 2.081483 0.05753613 226.1852 -107.2934 251.8109
2.044254 2.091981 0.1793623 213.0783 -118.5301 251.8109
2.289799 2.224976 0.03165722 178.9791 -120.5377 251.8109
2.289799 2.224976 0.4374189 171.46 -124.324 251.8109
2.289799 2.224976 0.4012861 154.773 -111.2934 251.8109
2.289799 2.224976 0.569499 154.9715 -106.4766 251.8109
2.289799 2.224976 0.6859541 149.0478 -99.71329 251.8109
2.289799 2.224976 0.7872725 142.9867 -99.30107 251.8109
2.289799 2.224976 0.9423018 135.7272 -85.50717 251.8109
2.289799 2.224976 1.115153 131.2005 -70.40031 251.8109
2.289799 2.224976 1.162517 121.8417 -47.71328 251.8109
2.289799 2.224976 1.202067 100.0631 -17.04153 251.8109
2.289799 2.224976 1.053874 82.40659 -3.461374 251.8109
2.287907 2.224976 0.9493818 70.29208 16.32489 251.8109
2.209538 2.224976 0.8290205 44.24628 32.11878 226.933
