0.7541045 -0.1447417 0.7411211 -15.50801 -47.77789 -2.483618
0.7172393 -0.1335112 0.7474687 -16.10344 -42.80079 -3.12484
0.6676787 -0.1640288 0.714998 -14.75992 -39.83896 -4.025602
0.6491241 -0.202603 0.6656816 -12.12634 -38.24354 -5.178274
0.6613311 -0.2030913 0.6327226 -11.95076 -37.87713 -5.44545
0.6505889 -0.2148101 0.6210039 -13.40878 -37.90766 -5.338581
0.636917 -0.2294585 0.6170976 -19.96603 -35.77026 -3.155375
0.6432647 -0.2785308 0.5987871 -20.64542 -35.67102 -0.002702713
0.6083526 -0.2963531 0.6114824 -18.92023 -35.35804 1.661419
0.5980987 -0.2948882 0.6173418 -18.05763 -34.22064 3.058367
0.5805205 -0.3007476 0.6078203 -18.05763 -32.96873 4.638519
0.5563506 -0.3149077 0.6136796 -17.94313 -32.53362 6.85226
0.5282744 -0.3393218 0.61783 -17.50801 -31.76263 8.928596
0.5287627 -0.336148 0.6129472 -16.58435 -32.11377 11.84463
0.5182647 -0.3085601 0.6000078 -15.10344 -32.06797 13.24157
0.5160674 -0.2880523 0.5997636 -14.85916 -31.93056 14.57745
0.5082549 -0.2631499 0.5958574 -14.24084 -31.78553 16.01257
0.4887237 -0.2314116 0.5902421 -14.1645 -32.35041 17.0431
0.4816436 -0.2133452 0.5856035 -14.42405 -32.12904 17.38661
0.4628448 -0.1940581 0.5846269 -14.49275 -31.97637 17.80646
0.4540557 -0.1894194 0.5770586 -14.43168 -31.51835 18.10417
0.4428252 -0.1813628 0.5475175 -14.34771 -31.44202 18.28737
0.435501 -0.1679351 0.5265214 -14.30191 -31.97637 18.53165
0.4386748 -0.159146 0.4923418 -14.51565 -33.03743 18.76829
0.4418487 -0.1559722 0.4872148 -15.34771 -34.66339 18.83699
0.4496612 -0.164273 0.4664629 -16.75992 -36.39621 19.54692
0.4599151 -0.1786772 0.4601152 -19.43168 -37.44201 20.19577
0.4721221 -0.1999175 0.4828203 -23.1187 -38.93056 21.67669
0.4738311 -0.2316558 0.4911211 -27.40114 -39.73972 23.21104
0.4726104 -0.2204253 0.5082109 -32.92023 -40.11377 25.9744
0.4774932 -0.275357 0.5450761 -30.75992 -41.23591 26.24157
0.4706573 -0.3078277 0.5765703 -31.79809 -41.15194 29.03547
0.5001983 -0.2577788 0.607332 -30.42405 -39.36568 28.90569
0.4967803 -0.2882964 0.6144121 -26.27901 -38.75499 28.55455
0.4987334 -0.299771 0.6275957 -24.70649 -38.41148 30.66905
0.5028838 -0.2751128 0.6463945 -22.15687 -37.41148 31.60798
0.4972686 -0.2536284 0.6700761 -22.15687 -35.08324 33.1576
0.4943389 -0.2348296 0.6637285 -21.27137 -32.83133 33.67669
0.494583 -0.2189605 0.6517656 -21.25611 -30.74736 34.68432
0.4940948 -0.2101714 0.6468828 -21.1187 -29.38858 35.49348
0.4911651 -0.1896636 0.6415117 -21.27137 -27.66339 36.21104
0.4882354 -0.1686675 0.6185625 -21.28664 -26.54125 36.47058
0.4779815 -0.1569487 0.6012285 -20.88206 -26.18247 36.88279
0.4804229 -0.1501128 0.5758379 -21.24084 -24.70919 36.74539
0.4484405 -0.1447417 0.5563066 -21.55382 -24.20537 36.51638
0.4369658 -0.1447417 0.5128496 -22.17214 -23.54889 37.1805
0.4518584 -0.1510894 0.4662187 -22.83626 -24.0069 37.20341
0.4196319 -0.1286284 0.4571855 -21.79046 -25.99163 36.98966
0.4088897 -0.1437651 0.4281328 -26.80573 -25.22828 39.73012
0.4010772 -0.1291167 0.4027421 -28.35534 -27.41148 40.80646
0.4098662 -0.1134917 0.3766191 -29.67595 -29.38858 40.98203
0.419876 -0.1164214 0.3802812 -31.12634 -30.90767 40.73012
0.423294 -0.1217925 0.3858964 -32.88969 -32.72446 41.41714
0.4230498 -0.115689 0.4005449 -32.62252 -34.25117 41.52402
0.1483916 -0.4882476 1.687898 169.2095 2.214473 185.4935
0.1149443 0.4123872 0.6283281 106.1256 211.6954 -29.60576
0.1618193 0.4543794 0.6407793 97.48435 208.3671 -33.55232
0.1972197 0.4912446 0.727205 88.60649 207.5198 -38.21645
0.2440947 0.5095551 0.7745683 83.56832 209.9931 -44.33858
0.2589873 0.552768 0.7950761 79.65993 211.2145 -51.87293
0.2692412 0.5820649 0.8319414 75.93474 215.9549 -59.41492
0.2526397 0.5910981 0.8207109 66.85077 224.4053 -66.49889
0.2216338 0.576938 0.765291 54.24007 231.8175 -71.7966
0.1911162 0.5412934 0.7040117 39.62939 237.8557 -76.16301
0.1906279 0.4839204 0.6315019 23.54542 245.2068 -79.8653
0.1320342 0.4695161 0.5909746 8.469084 247.9397 -83.7966
0.1469268 0.370395 0.4725664 -9.187405 247.9397 -85.11721
0.1557158 0.3081391 0.3929765 -18.40115 247.9397 -89.91873
0.1676787 0.2202485 0.3578203 -32.1187 247.9397 -91.54469
0.1391143 0.120395 0.3072832 -36.79046 247.9397 -94.0027
0.1349639 0.04251416 0.2591875 -31.69122 247.9397 -97.36148
0.1398467 -0.008999512 0.2386796 -22.98893 247.9397 -102.2851
0.1313018 -0.06686084 0.1852129 -15.21794 247.9397 -104.8958
0.1413115 -0.1647612 0.1092851 -0.2255726 246.3671 -107.7355
0.1261748 -0.2721831 0.06509566 10.51488 238.0694 -108.7432
0.1396025 -0.2914702 0.05850387 19.53015 230.4359 -108.2164
0.1776885 -0.3368804 0.04458785 21.68283 223.4359 -106.3539
0.2082061 -0.3478667 0.07583785 23.69809 214.5045 -105.0027
0.2448272 -0.3373687 0.1595781 22.40038 207.4435 -102.7813
0.3109893 -0.299771 0.2579668 21.74389 202.558 -101.9416
0.3449248 -0.23898 0.3338945 20.31641 200.558 -102.2775
0.4291533 -0.1264312 0.3924882 20.72863 198.3366 -104.4913
0.4928741 -0.07149951 0.4496171 23.36221 198.4816 -108.2317
0.5353545 -0.04073779 0.4903886 26.9729 201.5504 -112.3233
0.5771026 0.06228955 0.4732988 28.62939 205.0618 -117.3386
0.5819854 0.09451611 0.4784257 29.09504 210.5351 -125.1706
0.5373076 0.08743603 0.4745195 29.96527 217.6954 -132.2851
0.4918975 0.05227978 0.4247148 27.55305 226.9778 -138.2623
0.4669951 -0.005337402 0.3233964 23.24008 233.4435 -142.9035
0.4674834 -0.065396 0.2303789 15.14847 239.5809 -145.9493
0.4621123 -0.09298389 0.1529863 5.171374 245.2145 -148.2699
0.4872588 -0.1657378 0.02578902 -6.179771 247.9397 -147.9645
0.4872588 -0.2148101 -0.06649613 -11.63779 247.9397 -147.163
0.5089873 -0.3110015 -0.2615645 -14.06527 247.9397 -149.705
0.4311065 -0.4208648 -0.4241621 -15.37061 242.8557 -150.5905
0.3461455 -0.4958159 -0.4842207 -9.561451 232.9091 -149.2012
0.3075713 -0.5602691 -0.5745528 -11.0729 227.8023 -143.0485
0.274124 -0.5468413 -0.5752852 -10.80573 214.9626 -142.9264
0.2274932 -0.6293609 -0.5752852 -8.935496 201.2374 -140.3386
0.2126006 -0.6149566 -0.5752852 -16.08817 185.5656 -135.6516
0.2047881 -0.5895659 -0.5752852 -23.05 172.9702 -131.5065
0.209915 -0.5871245 -0.5752852 -31.15687 158.8862 -126.8042
0.2194365 -0.5673491 -0.5752852 -37.19504 145.7336 -123.85
0.2353057 -0.5448882 -0.5752852 -40.9584 135.6343 -121.6668
0.2572783 -0.5124175 -0.4595625 -41.54618 126.6114 -121.4607
0.2755889 -0.4965484 -0.3641036 -41.0271 119.1 -121.0485
0.3166045 -0.4721343 -0.2588789 -39.23321 115.2297 -122.1554
0.3578643 -0.4674956 -0.1665938 -32.99657 107.8481 -123.9493
0.416458 -0.4447906 -0.03646684 -26.56145 104.016 -126.3462
0.4782256 -0.4267241 0.03848433 -19.85916 102.8939 -129.2851
0.5172881 -0.4062163 0.08535933 -14.17214 101.5122 -132.3768
0.544876 -0.3883941 0.138582 -9.912596 101.6954 -136.0638
0.5678252 -0.3937652 0.1771562 -6.851527 102.8404 -139.3233
0.5668487 -0.4067046 0.1910722 -5.370611 104.7641 -141.7813
0.5424346 -0.4711577 0.1949785 -2.225573 106.2984 -144.4454
0.4359893 -0.6300933 0.009675741 -0.721756 111.6496 -147.5523
0.3927764 -0.706021 -0.08358598 -2.416412 109.4206 -146.3539
0.3549346 -0.7931792 -0.1678145 -1.263741 106.8633 -144.5523
0.326126 -0.8400542 -0.2835371 -2.286641 102.0007 -139.9951
0.3161162 -0.8669097 -0.436125 -7.164504 96.34424 -135.7203
0.2863311 -0.9621245 -0.5357344 -11.83626 83.84042 -130.2393
0.2787627 -0.987271 -0.5752852 -20.71412 73.51218 -122.1554
0.2787627 -1.009732 -0.5608809 -26.34771 57.32135 -111.7203
0.3339385 -1.04855 -0.5376875 -18.89733 63.60379 -116.8195
0.2751006 -1.098599 -0.5752852 -43.14161 36.05417 -97.85003
0.353958 -1.005826 -0.5215743 -43.56145 22.61142 -93.8424
0.3651885 -1.025357 -0.3975508 -49.66069 18.39005 -86.75843
0.3676299 -0.9447906 -0.3038008 -52.14924 12.90913 -83.36148
0.3842315 -0.8800933 -0.2388594 -68.24084 4.527451 -76.42255
0.3883818 -0.9670074 -0.1109297 -55.9584 -0.6175878 -74.06377
0.43721 -0.7492339 -0.03060746 -62.9355 -5.098504 -69.51415
0.4569854 -0.8236968 0.08584762 -57.83626 -6.785527 -70.0714
0.4279326 -0.790982 0.138582 -52.9355 -6.472549 -67.17828
0.4174346 -0.7978179 0.1637285 -38.71412 -15.06797 -66.62103
0.5148467 -0.6320464 0.2418535 -48.59962 -4.060336 -64.34621
0.541458 -0.6066558 0.21158 -38.68359 -7.274076 -68.44545
0.5514678 -0.5295074 0.183748 -40.50802 -9.907664 -68.74316
0.5485381 -0.5348784 0.1908281 -47.9584 -10.50308 -67.7966
0.5817412 -0.5175445 0.2008379 -55.87443 -11.14431 -66.20881
0.5839385 -0.5309722 0.2164629 -65.76756 -11.984 -64.9798
0.5841826 -0.5285308 0.2335527 -77.75992 -12.62522 -63.04851
0.188919 -0.1386382 0.6512773 19.0187 5.275542 11.85989
0.2587432 -0.1393706 0.7062089 21.63702 22.17631 -0.2011757
0.2477568 -0.1364409 0.7093828 19.74389 25.016 -1.42255
0.241165 -0.1454741 0.7269609 19.0416 27.50455 -2.216442
0.2384795 -0.1396147 0.7408769 18.19427 30.38241 -3.42255
0.2377471 -0.1498687 0.7420976 17.54542 33.04654 -4.529419
0.2401885 -0.1481597 0.7315996 17.17901 36.42822 -5.872931
0.2421416 -0.1496245 0.7294023 16.82786 39.21447 -6.697359
0.2399443 -0.1471831 0.7345293 16.53779 42.12287 -8.101938
