0.9103545 -0.2204253 0.7352617 27.78969 1.588519 4.821726
0.918167 -0.2353179 0.7193925 27.75153 2.351878 4.676687
0.9223174 -0.242398 0.7301347 29.47672 2.557985 3.890427
0.9340362 -0.2387358 0.7237871 30.30878 3.817527 3.25684
0.9411162 -0.2487456 0.7157304 29.9729 3.741191 3.295008
0.9413604 -0.251187 0.7074296 28.33168 4.031267 3.401878
0.9359893 -0.2485015 0.6954668 26.23244 4.61142 3.630886
0.9315948 -0.2458159 0.7013261 23.79733 4.916763 4.058367
0.925003 -0.2445952 0.6949785 20.60649 5.489283 4.38661
0.9276885 -0.2421538 0.6922929 17.27824 5.458748 4.87516
0.9381866 -0.2316558 0.7035234 12.9042 5.93203 5.424779
0.9516143 -0.2194487 0.6839921 6.377481 7.061801 5.959129
0.9638213 -0.2113921 0.6717851 -1.225573 7.825161 7.012565
0.9608916 -0.2104155 0.6610429 -9.653053 8.161037 7.821725
0.9442901 -0.2033355 0.6415117 -16.82099 7.901496 8.699588
0.9220733 -0.2131011 0.6449296 -21.0042 7.428214 9.134703
0.6815948 -0.7318999 0.6061113 -16.21031 -7.999267 -2.704992
0.7213897 -0.4447906 0.5477617 -36.54618 -3.525985 23.43241
0.7240752 -0.4306304 0.5519121 -38.34008 -4.266443 22.82936
0.7299346 -0.4045074 0.5440996 -40.70649 -5.060336 21.98966
0.732376 -0.3957183 0.5475175 -41.9355 -6.464916 21.17287
0.7277373 -0.3776519 0.5626543 -44.08817 -6.907664 20.066
0.7360381 -0.3678863 0.5685136 -44.0958 -7.548885 18.43241
0.7223662 -0.3522613 0.5758379 -43.53855 -8.220641 16.60035
0.7255401 -0.3437163 0.5831621 -42.63779 -8.327511 14.49348
0.7230987 -0.3407866 0.593416 -40.47748 -8.739725 12.40188
0.7179717 -0.329312 0.5992754 -38.34008 -8.922932 9.913328
0.7147979 -0.3258941 0.5992754 -35.36298 -8.945832 7.333176
0.7316436 -0.33273 0.6051347 -32.53855 -9.121405 4.569817
0.7316436 -0.3315093 0.6012285 -29.43168 -8.991633 1.829359
0.7321319 -0.3298003 0.6034257 -25.88969 -9.373313 -0.9034653
0.7516631 -0.3258941 0.5921953 -23.34771 -9.754992 -3.384382
0.761917 -0.3268706 0.595125 -21.05763 -9.869496 -5.918734
0.7729033 -0.3388335 0.589998 -19.72176 -10.27408 -8.094305
0.7794951 -0.3432281 0.5843828 -19.0958 -10.34278 -10.08667
0.7980498 -0.3451812 0.589998 -19.05 -10.41148 -11.76606
0.8144073 -0.3717925 0.5807207 -19.33244 -10.78553 -13.34621
0.8285674 -0.3881499 0.5804765 -18.31717 -11.24354 -14.31568
0.8456573 -0.4084136 0.5868242 -17.1416 -11.17484 -15.60576
0.8686065 -0.4215972 0.5790117 -15.45458 -11.33515 -16.78896
0.8834991 -0.4340484 0.5914629 -13.59198 -10.8695 -17.83476
0.8983916 -0.4401519 0.5919511 -11.67595 -10.75499 -18.58285
0.9086455 -0.4521148 0.5802324 -10.04237 -10.09087 -19.01034
0.9252471 -0.459439 0.5890214 -7.767557 -9.693924 -19.75843
0.9284209 -0.4687163 0.5890214 -5.515649 -9.182473 -20.01034
0.9425811 -0.4723784 0.6080644 -3.53855 -8.70919 -20.38438
0.9481963 -0.4711577 0.6180742 -2.141603 -7.922931 -20.36912
0.9611358 -0.4762847 0.6251543 -1.668321 -6.564153 -20.06377
0.9691924 -0.4738433 0.6354082 -1.088168 -5.350412 -19.99507
0.963333 -0.4711577 0.6380937 -1.202672 -4.205374 -19.58285
0.963333 -0.4635894 0.6517656 -1.362977 -2.961099 -19.30805
0.9481963 -0.4552886 0.6639726 -1.851527 -2.09087 -18.8882
0.935501 -0.4482085 0.6771562 -2.782825 -0.06796956 -18.54469
0.9167022 -0.4377105 0.6852129 -3.34771 2.046535 -18.34621
0.9074248 -0.4320952 0.6979082 -3.576718 3.565619 -18.0485
0.893753 -0.4196441 0.7054765 -4.172137 5.069435 -17.92637
0.8698272 -0.4164702 0.7008379 -3.889695 6.596153 -18.07141
0.8459014 -0.4198882 0.7015703 -4.607252 8.428213 -17.62866
0.8251494 -0.4294097 0.7005937 -4.172137 9.626686 -17.36912
0.8153838 -0.4284331 0.6905839 -4.195038 10.84043 -17.24698
0.7904815 -0.442105 0.6927812 -3.24084 11.9244 -16.87293
0.7748565 -0.438687 0.6744707 -2.057634 12.95493 -16.40728
0.7548369 -0.4496734 0.6683671 -1.034733 13.41295 -15.49888
0.7448272 -0.4631011 0.6515214 2.064504 13.19921 -14.76606
0.7387237 -0.4572417 0.6461504 3.743893 13.80989 -14.20881
0.7213897 -0.4526031 0.6227129 5.316412 13.45111 -12.7508
0.7099151 -0.445523 0.6000078 6.171374 12.58852 -11.54469
0.7050323 -0.4555327 0.5868242 6.988168 11.52745 -10.0027
0.699417 -0.447232 0.5677812 7.629389 10.40531 -8.55232
0.6986846 -0.4384429 0.5533769 7.606489 9.382412 -7.033237
0.6859893 -0.423062 0.5367754 7.171374 7.367145 -5.12484
0.7006377 -0.4015777 0.5235918 5.606489 5.779359 -3.308046
0.7069854 -0.3744781 0.5113847 1.850763 4.260275 -1.292778
0.7069854 -0.3612945 0.5018632 -3.095802 2.802259 0.867527
0.713333 -0.3385894 0.477205 -8.561451 0.4663818 3.058367
0.7172393 -0.315396 0.4762285 -13.80573 -1.556519 4.93623
0.7196807 -0.3005034 0.4601152 -19.0729 -3.380947 6.44768
0.702835 -0.2961089 0.4640214 -22.86679 -6.587053 7.737756
0.7172393 -0.2626616 0.4535234 -27.55382 -7.716825 9.333176
0.7309112 -0.2526519 0.4464433 -29.08053 -12.15957 9.814092
0.7333526 -0.2348296 0.4584062 -32.34008 -13.70919 9.638519
0.7389678 -0.2206694 0.4579179 -33.86679 -16.44965 8.85226
0.7584991 -0.2214019 0.4640214 -34.59198 -19.30461 8.325542
0.7660674 -0.2221343 0.4693925 -34.97366 -22.18247 7.47058
0.7780303 -0.2113921 0.4791582 -34.78283 -24.35805 6.546916
0.7882842 -0.2155425 0.4952714 -34.11107 -26.60995 5.36371
0.8036651 -0.2131011 0.5091875 -33.14161 -28.78553 4.027832
0.8190459 -0.2157866 0.5375078 -31.92023 -31.1214 2.775923
0.8288116 -0.2238433 0.55533 -30.9126 -32.46492 1.310274
0.8380889 -0.2416655 0.5643632 -29.88206 -33.66339 0.4476795
0.8542022 -0.2502105 0.5912187 -28.66832 -35.20537 -0.7584267
0.8671416 -0.2631499 0.6149004 -27.26374 -35.87713 -1.903465
0.8791045 -0.2714507 0.6324785 -26.03473 -36.46492 -2.63629
0.9084014 -0.2773101 0.6515214 -25.12634 -36.44201 -3.376747
0.9127959 -0.2680327 0.6722734 -25.74466 -36.76262 -3.727894
0.9132842 -0.3044097 0.7037675 -26.41641 -36.59468 -3.773695
0.9186553 -0.3217437 0.7181718 -27.55382 -35.11377 -3.834763
0.9286651 -0.3200347 0.7391679 -27.28664 -34.06797 -3.330946
0.935501 -0.3368804 0.7604082 -26.89733 -32.83896 -2.949266
0.9418487 -0.3473784 0.7723711 -26.0271 -31.11377 -2.361481
0.9376983 -0.3503081 0.7889726 -24.50038 -29.94583 -1.697359
0.9396514 -0.3537261 0.7960527 -22.51565 -28.52599 -1.025602
0.9438018 -0.3586089 0.8026445 -20.35534 -27.09087 -0.3691139
0.9403838 -0.3503081 0.8221758 -18.27137 -25.18247 0.3408089
0.8900908 -0.1525542 0.7940996 -16.55382 31.77173 -5.277512
0.9020537 -0.1515776 0.7811601 -15.04237 33.9931 -8.239344
0.9052276 -0.1369292 0.7679765 -13.44695 36.39005 -11.13247
0.9123076 -0.1215483 0.7399004 -15.0271 38.28318 -13.63629
0.9052276 -0.1068999 0.7174394 -18.21794 40.14577 -15.56759
0.9022979 -0.1176421 0.7091386 -20.55382 40.8557 -17.01034
0.9101104 -0.1264312 0.6942461 -30.17977 45.80226 -19.51415
0.9074248 -0.1305815 0.6852129 -33.25611 46.64196 -19.8424
0.9018096 -0.1459624 0.6810625 -34.94313 47.44348 -20.17064
0.8917998 -0.1662261 0.6849687 -33.77519 48.47402 -20.25461
0.8798369 -0.188687 0.6747148 -33.21794 48.55035 -19.9569
0.8366241 -0.1681792 0.7176836 -37.05763 47.91676 -17.31568
0.8217315 -0.1818511 0.7843339 -52.50802 53.00837 -15.33095
0.8432158 -0.2641265 0.7608964 -48.11107 59.30608 -15.03324
0.9052276 -0.36398 0.6551836 -45.69122 59.19921 -10.21644
0.8141631 -0.4848296 0.6012285 -26.35534 55.32898 -11.9111
0.8913116 -0.5551421 0.4855058 -16.95076 53.67249 -5.346214
0.6938018 -0.5002105 0.4454668 -5.660687 47.20684 -2.224077
0.8256377 -0.5443999 0.3448808 5.957633 35.63432 5.378977
0.8346709 -0.5422027 0.3270586 4.430916 29.72592 12.77592
0.8124541 -0.4884917 0.3509843 4.346946 22.53508 18.29501
0.7868194 -0.4828765 0.3705156 -0.4164124 18.23737 24.47821
0.8820342 -0.4631011 0.3749101 -5.83626 14.71829 29.50875
0.7648467 -0.5422027 0.4708574 -7.05 16.00073 33.9973
0.7794951 -0.4723784 0.4000566 -14.0729 6.481649 37.20341
0.8063506 -0.4433257 0.4264238 -16.9813 6.191573 41.65379
0.8212432 -0.4640777 0.4691484 -18.08817 2.580885 45.60799
0.8297881 -0.454312 0.4957597 -17.59199 2.038901 48.37135
0.8371123 -0.4296538 0.5213945 -18.54618 0.9549313 51.58508
0.8544463 -0.424771 0.5633867 -20.9584 -0.2893435 55.53165
0.8664092 -0.3927886 0.6063554 -26.59962 0.1763053 58.79883
0.8673858 -0.3652007 0.6390703 -33.04237 0.977832 62.73013
0.8502959 -0.369107 0.6639726 -39.40115 1.893863 65.86752
0.8522491 -0.3642241 0.6908281 -43.64542 4.328977 68.24157
0.8522491 -0.3505523 0.7110918 -45.86679 5.580885 70.60799
0.8493194 -0.3366363 0.7220781 -45.90496 7.771725 71.81409
0.8529815 -0.3246734 0.7140214 -45.15687 8.794626 72.93623
0.8734893 -0.3085601 0.7174394 -45.19504 10.16104 74.05074
0.8856963 -0.3002593 0.7294023 -45.32481 12.00073 74.98203
0.8798369 -0.2922027 0.7254961 -45.84389 14.22974 75.64616
0.869583 -0.2958648 0.7157304 -45.66832 15.52745 76.40951
0.8627471 -0.2943999 0.6915605 -43.63015 16.80989 77.25684
0.860794 -0.2953765 0.6708086 -38.53092 17.35951 76.31027
0.8561553 -0.360562 0.6295488 -18.65305 23.9702 72.1347
0.8290557 -0.2978179 0.5516679 -20.47748 17.83279 74.1118
0.8297881 -0.3163726 0.5187089 -12.40878 26.36714 73.51638
