0.4943389 0.2160981 0.6036699 5.858397 -32.77026 -1.330946
0.4982451 0.1692231 0.607332 9.194275 -31.06797 -6.972168
0.4999541 0.148227 0.6061113 16.64466 -29.26644 -12.94927
0.4828643 0.1179536 0.5968339 24.95763 -27.77026 -17.92637
0.4767608 0.1472505 0.5768144 26.72863 -25.80843 -21.94927
0.5026397 0.1384614 0.5340898 40.56832 -24.60232 -28.78896
0.5111846 0.1094087 0.5238359 47.30114 -24.1214 -33.14774
0.511917 0.1274751 0.5226152 49.94236 -23.86186 -37.69736
0.4967803 0.1294282 0.5423906 44.91183 -21.71683 -41.05614
0.4877471 0.07889111 0.5238359 45.22481 -20.72446 -45.30042
0.4828643 0.1177095 0.4847734 43.30878 -17.54889 -50.68209
0.4828643 0.0842622 0.4689043 42.85076 -16.18247 -54.81187
0.480667 0.1062349 0.4222734 32.33168 -19.47255 -56.47599
0.4699248 0.08352978 0.4654863 20.89656 -18.69392 -58.15537
0.4955596 0.06717236 0.4847734 2.278244 -17.01453 -58.75079
0.4855498 0.05325634 0.4825761 -3.088168 -16.50308 -61.36912
0.4752959 0.08206493 0.5284746 -38.55382 -18.8924 -57.24698
0.527542 -0.1005522 0.5753496 -35.75993 -8.228275 -61.0256
0.518753 -0.1391265 0.5138261 -18.47748 -10.49545 -68.28515
0.4450225 -0.08004444 0.4896562 -23.01183 -14.67866 -69.15537
0.4486846 -0.2204253 0.54825 -20.87443 -5.487817 -69.10194
0.4435576 -0.1144683 0.5462968 -41.17977 -14.0298 -63.96454
0.4914092 -0.2978179 0.5499589 -23.98893 -4.037435 -68.30804
0.5080108 -0.3122222 0.5104082 -14.35534 -5.640489 -71.16301
0.4999541 -0.3739898 0.4955156 -13.1874 -7.243542 -68.8882
0.4999541 -0.3451812 0.5245683 -32.06527 -7.258809 -60.7279
0.5255889 -0.3964507 0.5323808 -44.49275 -4.274076 -54.8653
0.5006866 -0.4496734 0.452791 -36.96603 -2.205374 -54.56759
0.4911651 -0.4621245 0.3812578 -40.9584 -5.396214 -51.42255
0.4521026 -0.4970366 0.3944414 -48.46985 -7.709191 -46.14774
0.4457549 -0.6410796 0.3749101 -49.11871 -6.800794 -40.21645
0.4340362 -0.6354644 0.3285234 -40.29428 -9.442015 -36.15537
0.4196319 -0.6943023 0.3006914 -37.19504 -11.79316 -30.8653
0.4079131 -0.6684234 0.2687089 -39.76756 -11.60995 -24.60576
0.4264678 -0.7318999 0.2081621 -31.1187 -16.54125 -18.59049
0.4108428 -0.8332183 0.155916 -25.66069 -12.06034 -12.31568
0.3610381 -0.7914702 0.1749589 -21.80573 -21.70919 -6.262245
0.4289092 -0.7336089 0.1156328 -17.27137 -24.35041 2.76829
0.3444365 -0.7148101 0.07657027 -15.53855 -33.9382 9.149969
0.3725127 -0.6703765 0.0653398 -14.20267 -42.0069 16.03547
0.3720244 -0.634732 0.09317183 -15.0271 -48.30461 23.27211
0.3925322 -0.6444976 0.1280839 -17.79046 -55.64049 31.39425
0.4289092 -0.6142241 0.1844804 -14.26374 -58.83133 36.58508
0.4335479 -0.6098296 0.246248 -12.9126 -63.67102 41.75302
0.4440459 -0.5768706 0.3043535 -10.34771 -66.18247 46.76066
0.3771514 -0.5746734 0.3419511 -15.25611 -68.22064 52.34081
0.4369658 -0.5468413 0.3685625 -14.59198 -68.99164 56.9973
0.3700713 -0.5026519 0.3959062 -20.34771 -70.51072 62.79883
0.3810576 -0.4291656 0.4386308 -20.82099 -71.58706 65.16524
0.202835 -0.4396636 0.4220293 -18.17214 -72.48019 70.89043
0.3197783 -0.3402984 0.4427812 -26.34771 -79.03744 75.58508
0.3798369 -0.3564116 0.6117265 -23.86679 -77.0069 79.65379
0.4936065 -0.2970855 0.6686113 -39.53855 -66.60233 81.2263
0.548294 -0.2558257 0.4127519 -2.080534 18.59615 15.98203
0.5338897 -0.2787749 0.4518144 6.820229 5.771725 25.34844
0.5399932 -0.2570464 0.445955 6.507252 4.298443 26.0202
0.5453643 -0.2301909 0.4596269 6.003435 2.748825 26.42478
0.5436553 -0.2121245 0.4562089 5.308778 1.191572 26.53165
0.5407256 -0.1803862 0.4671953 4.324046 -0.3427787 26.37898
0.5390166 -0.169644 0.4737871 2.67519 -1.915298 26.34081
0.5438994 -0.155728 0.4872148 1.415649 -3.365679 25.75302
0.5424346 -0.1496245 0.4942949 0.8125954 -4.358046 25.00493
0.5424346 -0.1374175 0.5089433 0.5301523 -5.235909 24.01257
0.5451201 -0.1332671 0.5301836 0.339313 -5.938199 22.85989
0.5451201 -0.1320464 0.5582597 0.7438931 -5.79316 21.34844
0.5546416 -0.122769 0.5646074 1.491985 -5.083237 19.45531
0.5573272 -0.1298491 0.5812089 2.35458 -4.648122 17.76829
0.5663604 -0.1164214 0.6036699 2.850763 -3.587053 16.1347
0.5661162 -0.1149565 0.6180742 3.240077 -2.106138 14.30264
0.5758819 -0.11398 0.6349199 3.522519 -0.1748397 12.75302
0.5817412 -0.1090972 0.636873 3.644657 1.542717 10.88279
0.5863799 -0.1130034 0.640291 3.54542 3.764091 9.806458
0.5902862 -0.1152007 0.6393144 3.102671 5.428214 8.111801
0.5858916 -0.1076323 0.6354082 2.812595 7.191573 7.035465
0.5810088 -0.1220366 0.6310136 2.026336 9.016001 5.745389
0.572708 -0.1235015 0.607332 0.9576335 10.97783 4.669054
0.5741729 -0.1264312 0.5826738 -0.05000019 11.84043 3.607985
0.5712432 -0.131314 0.5585039 -1.85916 12.69539 3.211039
0.5729522 -0.1430327 0.5340898 -4.065268 12.80226 2.760656
0.560501 -0.1488921 0.5123613 -5.698855 12.9244 2.165237
0.5636748 -0.1586577 0.4728105 -7.095802 12.0618 1.928595
0.5502471 -0.1823394 0.449373 -8.530916 11.05417 2.088902
0.5412139 -0.2035796 0.4293535 -9.477481 9.405313 2.317909
0.5453643 -0.2311675 0.4310625 -11.17977 7.90913 2.920961
0.5446319 -0.2631499 0.4557207 -12.11107 7.458748 4.027832
0.5714873 -0.3022124 0.4535234 -11.05763 7.107603 5.058367
0.5714873 -0.3471343 0.4479082 -9.0271 6.580885 6.539283
0.5714873 -0.3630034 0.4671953 -7.782825 6.130504 7.615619
0.5832061 -0.4347808 0.4877031 -3.820992 6.619053 9.714855
0.5963897 -0.4469878 0.4925859 -1.004199 7.214473 12.50875
0.6049346 -0.4511382 0.5033281 2.980534 7.80226 14.48585
0.6215362 -0.4538238 0.5194414 5.331679 8.596153 16.85989
0.6208037 -0.4474761 0.5255449 7.278244 9.603786 19.1805
0.6147002 -0.4340484 0.54825 10.47672 10.82516 20.66142
0.6220244 -0.4179351 0.5607011 11.72099 12.32134 23.09653
0.6198272 -0.3730132 0.5631425 13.11794 14.07707 24.37134
0.6239776 -0.3283355 0.5528886 13.68283 15.41295 25.76066
0.6283721 -0.2856109 0.5460527 13.01107 16.22974 26.74539
0.628128 -0.258023 0.5340898 12.23244 17.16104 27.44768
0.6251983 -0.2348296 0.5267656 12.24771 18.00837 27.48585
0.6161651 -0.2172515 0.5204179 11.61412 19.13814 27.52402
0.6076201 -0.171353 0.5065019 5.888931 19.51982 28.2034
0.5780791 -0.1369292 0.4620683 -0.362977 17.45111 29.19577
0.5863799 -0.1481597 0.4803789 -5.546184 16.90913 29.60035
0.5844268 -0.1264312 0.4850175 -7.805725 16.9702 28.85989
0.5849151 -0.1269194 0.4911211 -2.950764 18.24501 26.24157
0.5878448 -0.08810108 0.4586504 2.728626 17.54272 23.35608
0.5861358 -0.065396 0.4386308 0.4309158 16.05417 22.31027
0.5841826 -0.05538623 0.4396074 -6.256107 14.25264 22.46295
0.5985869 -0.06197803 0.4566972 -13.14924 14.19921 21.69195
0.6002959 -0.08736866 0.4564531 -9.462214 13.1076 19.82173
0.6115264 -0.08443897 0.4635332 -7.378244 14.04653 17.1805
0.6137237 -0.08663624 0.4505937 -6.43168 13.39768 15.69195
0.6171416 -0.1064116 0.4706132 -4.973664 13.70302 13.9515
0.6244658 -0.1181304 0.4908769 -3.065267 13.70302 11.88279
0.6244658 -0.1430327 0.5086992 -0.2713742 14.27554 10.30264
0.6266631 -0.1628081 0.5057695 0.797328 14.67249 9.25684
0.6190948 -0.1850249 0.5167558 1.301145 15.18394 9.149969
0.6164092 -0.2065093 0.5316484 1.125573 15.57325 9.111801
0.6088408 -0.2211577 0.5489824 0.9652667 16.09997 9.356076
0.6051787 -0.2419097 0.5741289 0.8278623 16.77172 9.554549
0.5949248 -0.2463042 0.5787675 1.209542 17.65722 9.85226
0.5963897 -0.2616851 0.572664 1.453817 18.07707 10.85989
0.5966338 -0.2502105 0.5650957 1.637022 18.51982 11.37134
0.5927276 -0.2436187 0.5526445 2.606489 18.39768 11.47058
0.5961455 -0.237271 0.532625 3.186641 18.1076 11.66905
0.5966338 -0.2348296 0.5243242 3.522519 17.43585 11.9973
0.5888213 -0.2228667 0.4969804 3.469084 16.07707 12.0431
0.5890655 -0.2116362 0.4906328 3.05687 14.50455 11.89043
0.5897979 -0.2030913 0.4820879 2.369847 12.9473 11.56982
0.595169 -0.2050444 0.4850175 1.408015 11.1534 11.16524
0.5895537 -0.202603 0.4901445 0.4614501 9.176306 10.85226
0.5927276 -0.2062651 0.5018632 -0.3248091 7.176305 10.37134
0.5966338 -0.206021 0.5089433 -1.721756 6.61142 9.867527
0.5976104 -0.2333647 0.5052812 -2.653054 4.328977 9.814092
0.6024932 -0.2367827 0.508455 -4.94313 2.939664 10.30264
0.6061553 -0.2582671 0.5245683 -5.94313 2.573252 9.638519
0.6046905 -0.2714507 0.5167558 -6.904962 1.626687 9.607985
0.6049346 -0.2895171 0.5067461 -7.500382 0.1763053 10.19577
0.5998076 -0.3129546 0.4969804 -8.202672 -1.220641 10.70722
0.5959014 -0.3324859 0.4779375 -8.790459 -2.47255 11.68432
0.6007842 -0.3493316 0.4637773 -8.675955 -4.449649 12.66905
0.7848662 -0.1889312 0.6007402 -9.45458 2.962565 20.56982
0.7401885 -0.2340972 0.5387285 -1.324809 0.9930992 15.75302
0.7326201 -0.2340972 0.5504472 -1.897328 0.3900459 16.50111
0.7431182 -0.2399565 0.5426347 -2.080534 0.1992061 16.63852
0.7443389 -0.2443511 0.5399492 -2.004199 -0.3504122 17.02783
0.7465362 -0.2387358 0.5440996 -1.668321 -0.68629 17.43241
0.7382354 -0.2460601 0.5506914 -1.530916 -0.984 17.76066
0.7355498 -0.2455718 0.5548418 -1.362977 -1.274076 18.24921
