0.7746123 -0.06881397 0.595125 37.35458 17.19157 0.05836678
0.7689971 -0.07833545 0.5848711 35.30114 17.40531 -1.224077
0.7658233 -0.08590382 0.5829179 32.57595 17.43585 -1.697359
0.7663116 -0.108853 0.574373 29.98817 17.26027 -1.880566
0.7567901 -0.1210601 0.5809648 26.9729 17.26791 -1.621023
0.7570342 -0.1318022 0.5858476 24.38511 17.0847 -1.193542
0.7458037 -0.1527983 0.5780351 21.33168 17.74882 -0.5446873
0.7409209 -0.1657378 0.5956132 19.27061 17.62669 0.004930496
0.6464385 -0.1513335 0.3199785 -33.53092 24.68776 33.2034
0.7550811 -0.05440967 0.3805254 -38.98893 5.489283 17.38661
0.779251 -0.06564014 0.3910234 -40.23321 3.680122 14.64615
0.7934112 -0.08395069 0.4020097 -41.24084 2.084702 12.05073
0.7987823 -0.09615772 0.4217851 -41.31718 -0.09087014 9.966763
0.8026885 -0.1127593 0.4461992 -40.30954 -0.9992672 7.378977
0.8107451 -0.1298491 0.4759843 -40.19504 -1.625221 5.44768
0.8170928 -0.1545073 0.5045488 -39.94313 -2.57942 3.722488
0.8207549 -0.1796538 0.5255449 -39.9813 -3.274076 2.096535
0.8268584 -0.2033355 0.5426347 -39.85916 -3.808427 1.279741
0.8527373 -0.2692534 0.6300371 -37.19504 -1.991634 -0.4454498
0.8549346 -0.2746245 0.64908 -36.14161 -0.4801832 -0.7813282
0.878128 -0.2868316 0.657625 -35.63015 0.9091299 -0.6515579
0.8917998 -0.2907378 0.683748 -35.63015 2.695389 -0.4301834
0.909378 -0.2948882 0.6786211 -35.72176 4.428214 0.1118011
0.9176787 -0.3024566 0.6766679 -36.12634 6.237374 0.6003513
0.9340362 -0.2958648 0.687166 -36.80573 8.077068 1.249207
0.9313506 -0.3044097 0.685457 -38.1187 9.863329 2.157602
0.9303741 -0.3134429 0.68033 -38.73702 11.32134 2.87516
0.9154815 -0.3073394 0.6859453 -39.28664 12.66485 3.55455
0.9125518 -0.3053863 0.6791093 -40.27901 14.37478 4.455313
0.8947295 -0.3075835 0.6849687 -40.12634 15.18394 5.325542
0.8805694 -0.3009917 0.6793535 -40.80573 16.63432 5.966763
0.8739776 -0.3166167 0.6749589 -40.41641 17.74882 6.745389
0.8659209 -0.3236968 0.6742265 -40.68359 18.81753 7.531649
0.8639678 -0.3307769 0.6661699 -40.56145 19.77936 8.646152
0.8676299 -0.3439605 0.6471269 -40.30191 20.04653 10.1576
0.8615264 -0.3476226 0.6537187 -40.03473 20.80226 11.38661
0.8551787 -0.365689 0.6244218 -39.67596 21.25264 13.17287
0.8493194 -0.376187 0.6253984 -39.90496 21.91676 14.98966
0.8459014 -0.3893706 0.6127031 -39.03473 22.27554 17.09653
0.8505401 -0.3981597 0.6036699 -38.77519 22.67249 19.54692
0.8588408 -0.4110991 0.5834062 -37.9126 22.26791 22.066
0.8683623 -0.4098784 0.5567949 -37.97366 22.02363 25.01257
0.8627471 -0.4054839 0.5484941 -38.71412 21.41295 27.71486
0.8756866 -0.4008452 0.5248125 -38.85916 20.52745 30.65379
0.8813018 -0.3932769 0.5113847 -38.97366 19.49692 33.1347
0.8881377 -0.3805816 0.48575 -39.16451 18.26027 35.85989
0.8917998 -0.3600738 0.4747636 -40.34008 16.36714 38.1576
0.8832549 -0.3415191 0.4581621 -41.66069 13.91676 40.31791
0.8847198 -0.3239409 0.4671953 -43.9813 11.24501 43.2263
0.8666533 -0.3114898 0.4864824 -45.53855 9.306076 45.066
0.8568877 -0.3000152 0.4911211 -46.54618 7.038901 46.45531
0.84346 -0.2821929 0.5238359 -47.05 4.733557 47.55455
0.838333 -0.2707183 0.5519121 -47.05 2.840427 48.56218
0.8444366 -0.2604644 0.5741289 -47.14161 1.512183 49.31027
0.8441924 -0.2519195 0.5897539 -46.66832 0.2221069 49.83699
0.8432158 -0.2465483 0.6161211 -45.86679 -0.5259848 50.08127
0.8446807 -0.2358062 0.6363847 -44.74466 -1.243542 50.37897
0.8390655 -0.2299468 0.6654375 -43.08054 -1.632855 50.11943
0.8422393 -0.223355 0.6861894 -40.67596 -2.098504 50.02783
0.8517608 -0.2206694 0.6988847 -38.21794 -2.014534 49.49348
0.8578643 -0.2091948 0.7157304 -35.56908 -1.396214 49.32554
0.8603057 -0.1991851 0.7374589 -32.53855 -1.083237 48.53165
0.8686065 -0.1989409 0.7506425 -29.63779 -0.113771 47.77592
0.8942412 -0.1972319 0.7565019 -26.22557 0.8556948 47.25684
0.9110869 -0.2235991 0.7899492 -21.94313 1.61142 47.53928
0.9301299 -0.2343413 0.8336504 -17.89733 6.161038 47.78356
0.9557647 -0.2284819 0.8544024 -13.14924 10.31371 47.54692
0.970169 -0.2118804 0.8431719 -10.29428 14.016 47.55455
0.9828643 -0.1986968 0.8109453 -8.798092 16.36714 47.55455
0.9887237 -0.1855132 0.8009356 -7.233206 18.48165 47.21104
0.9882354 -0.179898 0.7975175 -6.111069 20.93966 46.96676
0.9711455 -0.1652495 0.7762773 -5.370611 22.98547 46.51638
0.9501494 -0.1545073 0.7543046 -5.714122 24.14577 46.27211
0.9384307 -0.1447417 0.7372148 -6.668321 25.43585 45.87516
0.9242705 -0.1405913 0.7294023 -7.973664 26.0389 45.31791
0.9154815 -0.1386382 0.7208574 -9.912596 26.75646 44.95913
0.900833 -0.1303374 0.6961992 -12.26374 26.73356 44.61562
0.8957061 -0.1298491 0.6754472 -14.92786 26.87096 44.69958
0.8979033 -0.1320464 0.6568925 -17.71412 26.32898 44.85226
0.8927764 -0.1371733 0.6461504 -20.68359 25.98547 45.05074
0.8834991 -0.1466948 0.6222246 -23.46985 24.9244 45.29501
0.8769073 -0.1432769 0.6136796 -25.97366 23.65722 45.85989
0.87471 -0.1530425 0.5943925 -28.66832 22.41295 47.00493
0.862503 -0.1606108 0.5970781 -31.24847 21.1076 47.95913
0.8605498 -0.1689116 0.5953691 -32.34771 19.50455 48.88279
0.8637237 -0.1681792 0.5887773 -32.33244 18.09997 49.53165
0.8698272 -0.159146 0.5797441 -32.96603 16.64959 50.62325
0.8839873 -0.1549956 0.58658 -32.73702 15.37478 51.60035
0.9054717 -0.1442534 0.5836504 -32.46985 13.89386 52.00493
0.9032744 -0.1364409 0.58658 -31.87443 13.04653 52.51638
0.9127959 -0.1171538 0.5880449 -30.82862 11.87096 52.92096
0.9069366 -0.1083647 0.6041582 -29.47748 11.32898 52.78356
0.9127959 -0.09981983 0.6271074 -27.14924 10.63432 52.32554
0.907669 -0.07857959 0.6554277 -24.71412 10.53508 51.71486
0.9037627 -0.07467334 0.6659257 -21.53855 10.85569 50.9286
0.8974151 -0.07540576 0.6822832 -18.48512 11.61142 49.65379
0.8961944 -0.05660694 0.6969316 -15.17214 11.8786 48.29501
0.8900908 -0.05563037 0.7142656 -12.53855 12.45111 47.066
0.760208 -0.3515288 0.6295488 15.24008 17.06944 -41.03323
0.7492217 -0.4291656 0.5965898 -20.99656 18.0847 -27.9569
0.7545928 -0.4616363 0.5536211 -24.75992 15.79463 -24.43782
0.7548369 -0.508023 0.5077226 -23.27901 12.22974 -21.48362
0.7665557 -0.5465972 0.49283 -17.08817 8.603786 -18.40728
0.7584991 -0.55148 0.4911211 -10.82099 5.641954 -16.26988
0.763626 -0.5524566 0.4776933 -1.668321 2.023633 -14.31568
0.7658233 -0.5470855 0.4901445 4.965267 -0.7473588 -12.17827
0.7624053 -0.5307281 0.4967363 10.19427 -2.953466 -10.38438
0.7563018 -0.5072906 0.4967363 12.45382 -5.28171 -7.827129
0.7448272 -0.4723784 0.5179765 12.44618 -6.976367 -5.582855
0.7416533 -0.4474761 0.5223711 10.35458 -8.632854 -3.140106
0.7401885 -0.4335601 0.5196855 7.858397 -10.15957 -0.8500309
0.7475127 -0.4135406 0.5367754 4.408015 -11.62522 1.356077
0.7475127 -0.3910796 0.5370195 0.7133589 -12.97637 3.539282
0.7604522 -0.3730132 0.5467851 -2.179771 -14.51835 5.394244
0.7626494 -0.360562 0.5597246 -5.248473 -15.44965 6.516381
0.7641143 -0.3654449 0.5714433 -7.75229 -16.52598 8.012565
0.7648467 -0.3573882 0.5812089 -9.217939 -17.06797 8.462947
0.7746123 -0.3568999 0.5980546 -9.843893 -17.68629 9.218672
0.7643584 -0.3522613 0.6063554 -9.897328 -17.83896 9.485847
0.7731475 -0.3573882 0.6144121 -9.500381 -18.44202 9.85226
0.7780303 -0.3549468 0.6239336 -8.820992 -18.64049 10.12707
0.7697295 -0.3603179 0.6290605 -8.263741 -18.99163 10.47821
0.7768096 -0.3564116 0.6285722 -7.469848 -19.30461 10.68432
0.7733916 -0.3544585 0.6283281 -6.874428 -19.67866 11.27974
0.7816924 -0.3432281 0.6434648 -6.569084 -20.0069 11.44005
0.7765655 -0.3412749 0.6441972 -5.981298 -20.52599 11.81409
0.7851104 -0.3434722 0.6493242 -5.737023 -20.94583 11.9973
0.7838897 -0.3393218 0.6561601 -5.591985 -21.24354 12.42478
0.7863311 -0.3354156 0.6693437 -5.920229 -21.34278 12.49348
0.7870635 -0.3234527 0.669832 -5.866794 -22.08324 12.78356
0.7865752 -0.3158843 0.6800859 -5.660687 -22.29698 12.81409
0.7858428 -0.3117339 0.6893632 -4.927863 -22.82369 12.82172
0.7924346 -0.303189 0.7103593 -4.256107 -22.8924 11.9744
0.7953643 -0.2929351 0.7157304 -3.271374 -23.73209 11.79119
0.7917022 -0.2934234 0.7223222 -2.294275 -23.54889 11.24157
0.8022002 -0.3000152 0.760164 -1.057634 -23.37331 10.47058
0.7951201 -0.2812163 0.7796953 0.2019081 -22.90003 9.943863
0.7960967 -0.2787749 0.8124102 1.873664 -22.19774 8.707221
0.7943877 -0.2682769 0.8304766 3.331679 -21.04507 7.814092
0.7887725 -0.258023 0.8431719 4.659923 -19.23591 6.669053
0.7782744 -0.2489897 0.8595293 6.446183 -16.984 5.111801
0.7716826 -0.2404448 0.8548906 7.827862 -14.40385 4.119434
0.7606963 -0.186978 0.7980058 8.453817 -11.64812 0.4553127
0.7572783 -0.2116362 0.777498 9.812595 -12.87713 -0.4454498
0.7438506 -0.2143218 0.7853105 8.9729 -11.22064 -1.895832
0.7309112 -0.2038237 0.7887285 10.28588 -8.449649 -4.086672
0.716751 -0.2006499 0.7713945 9.056871 -6.846595 -5.437817
0.713333 -0.1999175 0.7508867 9.377481 -5.304611 -7.491251
0.7106475 -0.211148 0.7538164 8.621756 -3.754992 -8.972168
0.7187041 -0.2221343 0.7472246 9.690458 -1.548886 -11.41492
